cost_init,cost_final,confilct_init,conflict_final
583.7 163.19999999999993 172 30
gapx, gapy = 20,8
minX, maxX = -20,500
minY, maxY = -20,500
4.0126 182.807 4
286.587 180.321 3
8.0252 164.764 4
283.42 47.537 2
369.364 202.036 1
384.595 436.541 3
1.29659 415.988 1
205.339 54.7569 1
133.521 17.7974 3
138.312 423.22 3
126.086 381.879 4
321.158 267.358 4
431.012 82.1764 4
332.158 298.12 4
263.876 300.551 4
148.029 125.291 1
286.328 239.871 1
146.883 351.071 3
284.882 239.728 4
324.324 157.503 1
288.334 36.9753 3
322.329 280.336 4
219.273 444.568 1
57.5139 414.007 2
67.8184 97.3806 1
225.049 158.934 1
351.716 282.29 1
380.801 367.455 1
208.114 151.798 3
184.247 407.049 4
20.8682 334.262 1
277.748 420.602 4
194.211 119.247 3
193.151 263.073 3
269.131 441.538 4
145.692 362.212 4
223.791 95.8929 1
164.287 87.1171 3
89.3827 427.451 3
158.162 314.268 2
236.375 320.312 1
302.078 165.57 4
170.918 198.953 3
309.027 394.081 1
418.184 161.816 4
214.536 12.6751 2
131.714 328.967 3
385.697 129.088 3
296.366 140.887 3
364.24 378.278 2
301.245 83.0772 1
136.101 386.724 2
149.858 180.294 3
106.182 263.605 4
143.194 287.638 3
418.235 387.898 1
378.808 410.541 1
188.087 392.088 3
101.647 121.854 1
290.599 28.6362 4
281.729 75.052 2
237.18 422.797 3
91.4016 335.093 3
354.087 318.499 3
146.869 301.097 3
236.839 144.836 4
378.13 323.41 2
270.25 241.834 3
160.913 211.196 3
348.25 220.982 3
169.894 221.501 1
192.932 408.016 1
162.863 154.635 3
320.598 19.8194 1
314.656 218.73 3
81.8845 210.648 1
251.123 367.673 4
186.065 53.4898 4
158.962 67.832 2
301.243 155.524 4
154.496 58.6058 1
118.112 166.782 3
251.306 336.935 1
192.331 253.751 4
397.362 93.9412 2
432.329 236.648 2
288.402 201.558 1
171.377 361.075 4
315.837 116.502 4
345.479 58.4147 1
174.082 241.823 2
144.732 263.619 4
33.452 225.756 3
110.019 304.919 2
118.07 404.319 1
60.2572 123.244 4
311.006 168.434 2
119.103 245.137 3
145.125 135.346 3
70.8346 286.631 4
8.53018 153.313 4
325.117 103.249 3
56.9543 34.7349 3
440.657 72.147 3
20.1585 135.528 1
366.711 227.49 4
311.582 357.217 1
250.064 384.486 4
182.082 170.235 1
195.097 276.148 3
253.363 48.2761 3
328.555 346.553 2
424.809 20.2562 4
164.535 445.455 3
65.2934 305.872 3
420.233 130.423 4
353.477 78.7937 2
417.661 258.918 4
230.329 272.283 1
313.747 408.373 1
348.332 56.4378 3
65.5779 78.1911 3
369.255 42.3328 3
74.2058 19.0667 1
19.5989 351.089 4
422.247 120.585 4
198.119 250.039 1
93.4226 195.773 1
435.177 140.673 4
71.1402 245.016 4
418.55 213.186 3
80.5659 80.8682 1
65.6336 187.732 3
246.722 181.263 3
133.453 323.153 4
25.9727 377.02 3
94.7191 31.9916 1
290.75 74.2194 1
223.659 372.462 3
244.618 261.162 2
400.741 377.691 2
57.7921 311.838 2
1.71968 100.028 1
166.864 25.5654 4
3.45302 396.165 3
327.463 432.817 3
254.542 309.586 3
249.507 309.98 1
351.689 354.557 2
282.969 37.221 2
328.528 176.414 4
308.342 140.618 4
60.99 375.289 1
277.32 1.00997 3
153.584 78.0819 4
404.863 101.134 1
413.789 307.128 4
101.266 0.3958 2
14.0714 285.181 4
61.2693 44.2614 2
91.7974 158.716 4
363.703 199.984 3
156.027 362.308 1
110.415 404.508 2
443.753 386.181 1
317.227 389.21 4
384.036 359.293 1
51.6063 76.9785 2
207.781 328.269 2
282.561 220.638 3
418.661 292.342 3
391.283 148.848 2
327.071 102.413 4
210.21 37.5213 4
381.099 317.857 3
51.6451 197.491 2
135.869 109.366 4
11.5192 294.708 4
54.6026 43.895 4
407.254 157.938 2
265.131 95.3627 1
321.419 328.023 2
280.022 308.576 3
44.0724 272.788 4
230.561 114.266 3
57.4593 175.708 4
156.237 341.005 3
178.67 199.456 4
333.81 237.617 4
346.301 347.704 4
257.393 262.73 4
198.555 424.366 1
239.555 71.9286 4
76.9648 255.564 3
229.523 156.71 3
264.054 410.939 4
22.6425 88.8367 2
263.849 15.6 4
38.0325 202.35 4
16.0367 398.899 1
71.9811 352.565 2
124.177 224.83 3
301.668 69.0289 4
397.588 1.6378 3
357.212 109.732 4
147.893 385.662 4
403.484 51.0877 3
400.837 120.705 3
396.319 300.537 3
403.116 321.854 3
48.6478 214.947 1
291.05 277.185 3
98.6499 314.322 3
81.305 436.379 4
261.111 5.47297 4
111.393 166.823 2
428.166 224.828 4
34.443 324.572 2
423.149 190.53 4
405.163 266.922 1
388.362 20.3087 3
54.4892 14.5491 3
142.024 225.634 1
89.7323 156.807 2
96.2677 317.036 2
72.5953 405.75 3
124.773 135.691 1
374.852 421.469 3
140.478 372.162 3
286.641 199.267 2
386.3 20.8 2
357.334 129.563 1
174.903 107.974 4
427.449 208.876 4
36.3265 439.573 3
380.337 407.499 4
400.659 180.731 3
86.5218 266.292 1
331.449 432.869 1
306.594 38.9386 2
185.615 55.3165 3
13.7438 31.4751 4
391.228 311.62 1
183.39 287.149 3
245.044 390.889 3
49.7501 418.307 2
207.672 115.983 3
371.966 397.399 3
173.579 434.876 3
43.1034 126.956 1
330.289 200.862 3
234.191 349.737 1
415.55 53.3512 1
233.292 359.334 3
213.596 291.05 4
259.859 221.689 3
376.446 369.516 2
128.07 163.126 4
362.886 254.502 4
29.1507 242.84 3
286.517 182.096 2
173.907 320.093 1
178.897 419.551 3
8.7895 88.4294 1
133.235 219.726 2
121.827 244.539 4
415.126 91.8121 1
299.82 313.037 4
77.3449 297.178 3
62.359 56.001 1
2.32021 165.69 2
100.165 264.436 3
11.1507 350.231 2
359.3 99.3071 3
232.021 372.776 2
221.919 269.54 4
