cost_init,cost_final,confilct_init,conflict_final
958.9000000000001 222.79999999999984 278 36
gapx, gapy = 20,8
minX, maxX = -20,500
minY, maxY = -20,500
51.7862 457.12 2
429.789 163.446 3
357.859 52.8109 3
58.1557 182.197 3
404.566 22.332 1
271.423 218.649 1
537.771 149.298 3
88.6716 371.324 2
625.799 163.146 4
377.636 606.746 1
509.736 432.944 3
68.1926 441.487 1
62.1705 515.256 3
403.359 125.817 1
142.842 348.278 1
187.843 33.2567 1
332.953 302.832 4
174.988 199.057 1
354.562 474.269 1
289.515 336.581 4
468.094 358.933 2
153.834 568.587 3
405.37 289.159 3
591.647 339.264 2
78.5382 215.425 1
359.967 102.983 4
568.258 614.418 3
322.089 24.8991 4
456.872 184.407 1
162.326 345.962 3
59.4012 418.285 3
43.4205 316.247 2
260.07 212.018 3
94.6642 585.128 4
615.506 73.2973 1
7.02578 512.4 1
136.929 312.223 3
572.02 323.977 1
487.751 99.4225 3
127.584 94.2883 1
474.993 400.942 1
80.2794 367.743 4
311.711 589.634 4
119.438 557.411 4
544.451 83.2285 1
245.396 155.553 3
76.477 156.652 3
195.371 491.824 3
117.015 536.642 2
334.287 11.1848 3
375.899 437.962 1
81.7031 40.1859 1
498.618 435.386 1
630.681 392.044 3
117.961 116.958 3
415.265 587.637 2
547.197 613.231 2
488.273 379.459 2
551.796 34.2695 1
84.0585 420.659 3
197.871 547.934 2
115.672 91.0934 4
369.24 443.705 2
252.697 535.368 1
198.034 365.669 1
196.731 70.5758 1
97.1942 603.889 4
231.465 168.908 1
525.278 553.154 1
312.01 527.314 3
30.083 487.471 2
374.761 329.024 3
124.09 535.504 3
247.64 12.7005 1
524.385 218.033 3
222.104 9.67924 1
624.665 33.5093 4
485.404 492.528 3
351.847 69.4858 2
150.572 193.006 1
153.645 367.801 3
103.109 271.091 1
181.725 251.219 3
20.8843 294.957 2
161.328 475.398 2
403.892 274.188 1
258.024 439.826 2
3.5708 210.609 4
82.7876 57.1906 4
246.962 277.132 2
307.675 161.844 2
334.806 549.217 3
279.815 559.65 4
26.0765 304.183 1
511.338 526.233 1
517.653 185.478 3
31.2686 405.104 4
242.351 558.964 3
341.233 356.906 1
596.527 559.119 4
279.12 412.572 2
186.029 465.081 2
429.033 213.099 1
414.603 117.097 2
558.753 118.116 2
412.456 72.5161 1
498.194 542.905 2
574.294 501.147 2
278.402 276.555 2
507.15 465.197 4
150.448 613.761 3
623.696 479.49 1
589.628 172.981 3
164.788 23.0461 2
0.308826 241.781 3
405.063 370.822 1
124.422 499.515 3
352.177 474.298 3
311.856 224.13 3
476.353 350.43 3
474.655 262.811 2
450.461 557.778 1
230.054 173.395 1
527.339 130.228 2
225.139 194.782 2
487.846 445.558 2
429.383 313.506 4
9.6894 325.097 1
377.134 57.0362 1
35.2813 628.566 2
247.145 119.22 3
451.522 281.426 3
470.622 612.024 1
151.833 133.335 2
371.002 378.485 3
129.108 507.815 4
192.07 536.96 1
589.14 622.535 1
43.1106 579.115 4
501.74 225.848 2
329.092 244.493 4
407.09 253.276 1
561.001 435.434 2
414.097 408.113 2
303.96 57.6346 4
271.031 73.6549 3
555.228 607.604 3
206.913 356.819 1
525.409 582.387 3
589.076 368.911 4
198.768 127.458 1
329.015 202.753 4
403.646 407.495 1
91.3057 195.043 3
625.13 581.827 1
60.4109 90.8526 1
582.561 364.539 2
16.3678 571.086 1
550.154 267.047 1
325.432 305.409 3
95.1762 333.637 1
454.733 471.673 1
418.343 114.458 1
15.808 29.0001 3
385.567 501.233 1
62.9212 276.852 1
229.621 342.458 1
299.334 439.584 2
251.731 145.959 4
545.888 51.4479 2
95.8954 150.118 1
301.07 47.1152 2
215.28 310.958 3
587.538 210.291 2
176.552 227.18 2
539.806 391.515 3
390.452 530.968 2
355.285 253.063 3
519.155 299.657 1
371.971 422.705 1
407.187 47.5876 2
299.87 386.862 4
230.944 315.272 1
560.444 126.415 2
630.657 311.759 4
197.552 571.626 3
203.783 416.722 2
208.178 399.526 1
222.837 510.401 3
471.121 573.47 4
537.897 191.723 3
100.203 416.596 2
482.347 1.54413 1
530.839 20.5001 2
531.073 42.56 2
504.039 324.604 2
528.463 343.655 1
412.338 464.59 2
115.819 184.427 2
501.633 194.531 3
501.447 352.505 1
268.369 621.482 1
144.685 444.612 3
275.656 599.401 1
313.127 608.318 2
90.9908 507.525 3
249.18 522.658 3
260.05 535.243 1
154.463 238.124 3
300.463 144.223 4
295.426 490.101 2
148.381 160.097 2
456.464 140.988 3
463.298 398.424 3
64.7376 245.941 1
407.486 605.944 1
438.485 145.669 2
303.663 194.589 3
1.42832 72.6025 2
20.5948 31.6546 4
622.335 453.983 1
281.359 377.124 2
458.731 241.019 4
363.618 185.285 1
201.431 218.001 3
402.303 426.343 1
163.05 407.987 1
3.53219 357.494 3
105.927 286.822 2
305.368 91.8848 3
327.683 492.914 3
356.443 453.993 1
435.123 95.3903 3
225.365 242.797 3
41.3633 128.481 4
420.794 287.227 1
606.164 95.1081 1
490.782 248.942 1
530.582 393.174 1
609.443 455.498 3
51.3423 205.89 4
428.476 592.25 2
37.8504 624.705 4
517.807 72.3129 1
19.5525 552.933 3
47.617 73.5584 1
613.763 238.307 2
201.161 431.603 1
324.039 505.412 1
413.584 351.009 1
383.867 395.837 2
509.987 491.71 3
398.192 499.39 3
129.549 574.917 3
377.655 338.706 1
619.327 292.679 2
49.4507 262.202 4
89.4243 57.9048 2
384.806 144.675 1
183.172 587.994 1
602.081 61.9673 4
259.952 396.436 3
272.5 72.4968 4
390.606 383.89 2
599.72 411.77 3
339.087 258.082 1
237.352 454.668 3
389.227 193.681 2
597.442 496.997 1
368.934 149.993 3
203.883 613.395 4
140.58 347.67 2
464.01 469.531 3
621.96 2.08457 3
562.68 114.111 4
482.482 260.07 3
550.003 356.076 1
455.092 544.17 3
21.5599 17.3079 3
532.55 407.341 2
574.947 310.331 1
336.852 222.865 1
526.371 207.25 4
416.895 33.5553 2
251.357 195.274 3
314.288 573.991 3
180.899 582.638 2
282.735 264.441 2
232.628 430.029 1
174.641 56.9296 1
254.334 376.574 3
346.101 334.806 1
107.413 527.146 4
322.549 354.985 3
108.707 209.161 3
233.95 628.701 3
151.151 264.094 3
48.1961 444.574 3
581.517 276.119 4
190.478 110.907 3
157.974 594.335 2
385.971 301.442 4
506.458 468.112 1
556.716 426.111 1
137.408 498.261 4
204.49 312.802 2
362.175 158.601 3
211.626 408.576 1
12.2758 183.365 4
178.339 175.162 3
260.447 294.552 4
613.529 11.1949 2
92.2921 264.278 2
624.056 539.431 2
332.991 435.405 3
307.938 500.963 2
489.306 520.468 4
365.65 242.997 1
595.474 602.663 3
383.931 374.19 4
389.239 135.101 3
264.512 467.408 3
8.51201 382.924 3
187.554 27.2244 2
297.062 420.736 4
404.553 319.354 2
502.035 218.629 1
497.668 624.117 2
380.975 9.47709 4
279.487 126.194 3
218.304 164.034 3
539.561 229.708 4
295.306 396.194 1
26.1151 166.804 2
173.474 151.044 3
439.169 621.25 4
118.512 533.853 1
593.08 179.003 1
109.286 257.541 1
138.429 411.336 1
22.8917 138.161 1
154.789 388.917 3
56.1291 359.617 3
44.3358 323.804 1
590.838 73.7514 1
622.13 201.663 3
542.935 581.026 1
336.195 501.861 4
243.316 575.595 3
322.463 359.81 2
195.644 14.6517 3
44.1529 44.3744 1
520.08 325.502 1
260.494 254.983 2
327.714 107.384 2
197.706 334.429 1
551.408 105.878 4
394.718 196.201 1
352.389 554.786 2
385.441 539.848 2
329.572 109.208 4
484.466 102.82 1
375.153 15.9063 3
86.1298 484.065 2
392.07 565.44 3
46.8815 376.197 1
410.298 75.4205 3
514.06 169.188 2
144.123 53.5518 1
162.396 463.498 4
87.3011 309.645 3
4.7868 478.843 1
206.566 59.9894 4
455.439 322.983 3
439.285 591.854 1
188.588 362.021 3
359.415 622.033 2
181.612 173.492 4
581.403 477.897 3
32.3992 286.483 3
30.4112 267.887 1
623.737 141.056 1
512.295 78.5768 2
127.005 32.6004 3
540.732 591.305 2
379.354 175.104 3
486.149 568.046 2
309.937 36.7116 4
111.031 594.373 3
120.288 222.991 2
336.283 223.232 2
323.936 623.866 2
149.924 626.481 1
166.322 137.379 4
249.394 85.9114 4
76.5857 228.019 3
447.353 60.9443 1
469.83 296.55 2
505.744 96.9611 3
597.906 130.295 4
123.895 103.562 1
589.702 604.314 1
441.194 272.095 3
35.6115 278.097 2
574.188 572.224 3
393.444 132.911 1
230.246 490.733 4
121.542 465.863 1
223.184 177.555 2
159.528 591.112 1
137.431 591.487 3
482.834 327.567 3
258.448 525.042 1
317.839 232.893 2
352.026 550.192 1
185.952 298.103 4
584.916 33.9708 3
543.321 276.38 1
569.259 467.697 4
465.516 412.253 4
166.245 607.692 4
248.898 544.971 3
201.794 286.534 3
496.603 412.552 2
364.341 313.004 3
569.436 549.313 1
140.912 546.756 1
564.881 250.515 2
122.72 248.006 2
540.001 230.412 1
106.583 76.2505 2
406.878 169.033 1
275.92 38.5067 1
506.609 312.995 3
453.086 120.22 1
104.036 452.912 4
630.246 326.834 4
237.054 257.773 2
154.996 127.516 3
0.559746 429.885 4
318.65 176.233 4
150.958 219.063 3
35.6287 611.803 3
1.50552 245.478 1
630.787 506.416 4
124.013 510.218 1
38.9486 455.73 3
631.303 164.99 2
595.146 336.35 1
438.262 182.12 4
496.532 539.257 3
217.51 452.593 1
234.437 613.579 1
336.195 67.5068 3
255.076 244.513 4
365.379 47.8578 4
63.0776 474.539 3
469.55 249.242 4
471.437 9.29321 2
279.642 599.092 3
463.374 512.168 1
558.914 72.9499 1
179.548 86.2202 1
115.872 236.994 2
298.214 404.156 2
167.017 380.975 1
534.176 526.432 1
341.939 610.77 3
561.368 437.297 1
4.7675 120.417 1
506.051 132.669 3
127.433 173.376 1
332.219 212.693 3
597.307 393.367 3
365.668 39.1261 4
184.137 539.248 2
438.803 429.663 1
491.785 344.302 1
283.873 331.514 2
400.431 572.031 1
520.289 610.569 3
414.911 302.632 2
631.753 51.5058 3
456.551 215.58 1
550.046 493.137 2
450.736 206.276 1
295.643 482.723 3
254.067 524.067 2
1.1581 262.55 2
34.561 130.141 1
31.2604 581.673 1
37.5721 163.783 1
323.128 419.259 1
596.501 491.978 4
482.54 590.001 1
365.985 16.0975 2
441.582 162.953 4
20.4404 546.38 1
315.681 195.12 3
582.831 568.364 1
173.869 265.725 4
495.009 446.156 1
52.4617 379.266 3
