cost_init,cost_final,confilct_init,conflict_final
966.4 231.09999999999962 278 36
gapx, gapy = 20,8
minX, maxX = -20,500
minY, maxY = -20,500
22.6601 265.966 1
81.4335 487.578 1
458.239 332.875 3
179.277 120.644 2
442.358 268.582 4
335.52 208.206 2
224.632 567.476 4
197.491 426.729 1
263.602 472.522 1
177.514 43.6501 1
623.613 397.787 3
275.627 236.659 3
506.741 462.486 1
5.11492 389.39 4
211.808 308.652 3
161.701 459.648 2
421.041 558.744 1
224.197 378.968 3
554.323 540.705 1
175.066 486.043 3
170.848 1.1581 4
127.344 276.129 2
327.436 184.571 1
117.286 504.109 1
404.793 265.186 1
514.503 264.992 3
123.717 93.883 3
592.328 204.027 1
44.6832 407.013 4
68.2698 241.83 1
495.005 429.894 1
20.3825 314.52 1
545.502 198.671 1
263.69 518.45 1
340.982 307.359 4
614.194 47.9066 3
201.933 528.459 2
208.65 142.948 1
330.164 493.91 1
271.342 20.3825 3
624.609 409.387 1
17.7189 325.232 3
518.218 66.9186 2
139.098 537.436 2
371.694 576.713 3
334.728 102.327 4
114.555 260.61 4
153.39 497.72 3
245.264 219.364 1
10.6545 371.343 3
550.979 497.604 1
353.47 516.771 3
271.438 261.99 1
161.632 389.97 1
495.202 96.9418 4
575.937 403.509 1
130.151 546.244 1
158.681 612.7 3
502.099 315.402 3
251.279 35.2658 3
473.488 622.621 3
86.2461 533.033 1
180.005 327.355 2
336.173 4.51657 4
571.443 490.849 1
460.498 288.308 4
429.808 517.341 4
546.699 16.7345 1
179.003 586.565 4
122.855 395.934 4
518.19 470.621 1
473.471 28.3927 1
352.507 571.8 3
339.206 164.353 1
271.265 20.5267 1
557.855 224.66 3
464.362 98.3224 4
448.125 548.397 1
351.706 138.209 2
297.997 252.609 2
561.348 566.695 3
272.288 73.3461 3
591.054 92.8793 1
518.287 451.184 3
428.176 364.52 3
128.028 160.116 4
454.756 595.919 3
514.264 35.389 1
140.646 447.818 2
108.842 596.981 1
287.032 379.759 1
439.382 448.327 4
398.285 455.248 1
490.357 146.528 4
144.279 81.6651 3
532.277 342.651 4
486.836 579.578 4
105.464 130.314 3
301.734 440.954 1
453.954 535.378 1
25.0342 174.264 2
321.642 393.598 1
110.324 296.771 4
120.099 36.287 4
112.044 189.918 4
178.289 75.3626 3
278.31 314.577 1
257.532 441.37 2
364.742 418.41 4
57.2201 620.382 3
18.626 577.716 4
410.97 464.57 1
33.7006 360.284 2
427.588 36.7309 3
628.84 603.117 3
167.383 378.687 2
603.961 591.247 2
405.547 541.149 3
421.384 488.757 3
549.324 163.021 3
195.081 172.267 1
588.87 560.817 2
349.957 598.465 1
567.354 10.239 1
108.503 546.988 1
498.309 115.356 1
59.5261 461.561 1
149.279 98.747 2
556.214 373.9 4
15.4992 111.032 4
506.377 574.705 4
624.089 430.223 1
428.476 398.896 1
2.58641 64.6309 3
422.411 147.324 4
80.3992 596.651 2
198.36 200.138 3
511.898 228.029 4
164.932 238.731 2
130.489 477.543 3
94.6743 430.995 2
185.845 252.706 3
545.528 564.547 3
207.04 288.472 4
97.7219 85.3903 4
584.675 246.964 4
110.035 479.066 3
519.039 77.1678 1
53.7265 17.8733 2
434.826 147.677 1
62.335 237.178 2
245.671 428.35 3
424.685 25.5645 4
214.827 346.927 1
112.741 193.634 1
308.941 112.653 4
65.2973 30.8531 4
251.931 132.814 1
459.309 295.903 1
151.653 58.4452 4
411.54 430.937 4
395.683 348.782 2
463.798 196.664 1
175.113 302.388 3
496.669 355.806 1
89.6732 80.96 3
325.28 31.2107 2
33.5655 126.908 2
168.329 192.128 3
299.715 116.176 3
433.36 55.9957 2
283.441 339.621 3
388.126 187.959 4
269.605 463.354 2
355.728 506.032 1
196.941 46.8257 2
463.219 614.398 4
377.308 337.305 4
461.482 453.066 4
31.423 428.418 1
334.533 166.476 2
86.9059 233.172 4
66.9156 255.64 2
613.673 286.648 2
337.45 621.319 1
185.641 141.481 3
332.12 51.7953 3
276.68 169.149 3
415.274 316.546 2
553.014 383.581 1
284.527 595.589 3
423.904 179.119 3
599.29 513.953 2
246.134 572.91 1
510.682 316.517 1
256.135 614.43 3
586.148 331.505 4
375.177 443.223 4
334.231 70.2477 4
479.011 146.54 3
628.842 177.596 4
118.859 416.789 3
409.696 381.477 2
283.811 207.579 4
298.336 121.447 1
92.7635 20.2179 4
423.79 65.4517 2
378.488 264.788 3
532.917 327.963 4
461.183 228.241 4
597.533 130.905 4
73.0982 509.176 2
334.211 284.737 3
129.456 162.616 2
401.55 573.759 1
613.203 614.93 3
183.581 173.946 3
35.9975 352.235 4
349.031 317.338 4
60.0087 44.3165 1
340.712 307.264 2
261.578 89.2018 4
261.556 397.594 3
489.276 194.241 3
265.436 612.034 4
168.348 349.233 3
294.076 279.805 3
474.539 495.916 4
178.231 570.815 2
296.511 374.49 4
505.49 418.227 4
95.7745 630.245 3
429.075 220.704 3
291.361 581.075 4
458.976 4.13054 3
166.65 471.798 4
98.5178 566.156 4
450.229 368.931 1
541.005 530.448 3
299.078 153.853 3
486.786 512.728 1
193.904 498.155 2
408.451 127.651 1
280.362 56.3817 1
213.891 460.7 3
182.519 219.478 3
49.3318 154.548 1
84.0503 153.718 1
49.9444 473.603 1
602.11 286.155 4
57.6732 389.882 1
221.891 222.046 1
547.307 345.75 2
437.963 612.266 3
324.258 370.368 1
454.389 462.939 4
225.192 246.838 4
28.2575 216.178 3
309.405 282.778 2
510.679 488.533 1
504.126 536.044 1
322.565 302.234 3
266.385 432.124 3
92.03 216.805 3
432.624 47.3275 1
48.0528 65.8571 3
7.66274 201.682 4
283.978 2.432 3
194.251 290.045 1
311.489 549.757 3
212.99 439.304 1
182.539 408.585 2
77.6117 526.711 2
5.23073 184.253 1
425.518 160.572 2
417.899 124.2 4
526.22 245.873 3
198.86 525.982 1
357.871 473.342 4
212.047 359.299 1
368.735 607.981 1
106.954 398.819 1
105.387 512.447 1
142.032 456.743 4
617.186 32.0407 4
511.079 287.449 3
617.944 107.742 1
481.98 416.074 1
357.446 246.471 2
143.449 319.489 3
98.9207 573.769 1
490.117 251.212 2
457.95 479.229 1
238.51 621.685 2
536.102 73.5988 3
43.0141 286.522 1
393.91 50.1842 3
562.005 269.084 1
498.541 453.819 1
606.48 156.555 1
24.8219 112.606 1
362.793 29.9947 4
252.263 263.746 2
567.033 549.487 4
534.674 150.214 3
252.774 93.0337 1
252.812 549.459 3
584.785 302.263 3
424.787 81.4721 4
551.215 360.305 4
459.629 183.22 2
542.006 438.522 3
401.724 446.446 1
382.716 66.4066 4
184.658 614.891 3
448.96 484.016 3
586.788 186.839 4
296.781 141.017 3
288.713 522.774 1
157.019 553.705 4
623.7 377.848 1
347.641 352.553 3
44.8284 472.01 2
492.233 26.3172 4
249.612 527.966 3
568.358 472.812 4
96.122 363.933 2
429.394 521.549 3
47.3377 416.818 4
505.294 602.031 3
139.242 613.752 1
475.977 85.7082 3
426.141 94.927 2
152.127 375.348 4
67.7486 131.888 1
11.3686 142.523 3
305.95 414.791 1
73.8316 268.157 1
304.423 416.673 3
254.175 547.634 1
180.798 279.836 3
321.738 334.101 2
269.679 419.51 3
462.968 13.6747 3
128.877 97.8876 1
307.031 17.7575 4
246.176 307.426 3
185.99 319.094 4
198.128 122.083 4
431.584 200.524 4
414.011 377.857 1
581.19 223.379 1
53.6391 110.251 1
484.335 155.097 3
572.736 312.145 4
303.112 61.9287 1
37.2114 412.755 3
292.242 153.978 1
212.662 597.374 1
455.248 276.659 2
600.145 575.439 1
392.193 10.5092 1
433.888 434.865 2
28.6436 622.091 3
192.688 180.605 1
500.382 570.835 3
340.394 335.558 4
374.314 597.876 1
544.595 36.1803 4
518.827 300.508 1
623.104 349.986 1
516.762 98.6505 4
243.751 428.987 3
333.821 374.209 4
83.9071 449.845 2
217.915 122.932 1
460.895 504.988 4
226.524 487.404 1
336.631 590.185 2
616.845 133.451 2
581.075 536.739 3
81.7128 577.127 2
9.47709 497.576 1
328.494 80.1687 4
256.328 402.052 1
326.004 81.5686 3
43.5159 224.806 1
539.653 566.309 2
453.482 610.943 3
169.642 98.5438 3
606.705 481.217 2
437.683 352.138 3
477.29 388.319 4
129.644 302.939 1
275.646 505.798 3
414.241 224.796 1
345.846 285.355 1
575.11 440.414 2
320.252 531.517 4
254.638 386.697 4
267.829 262.116 3
528.578 325.859 2
206.602 352.611 2
314.669 219.326 3
514.644 248.585 2
249.628 292.892 3
249.184 56.959 1
592.328 372.53 1
260.327 46.2677 1
487.829 58.1171 3
314.936 496.881 3
226.968 194.155 1
273.817 378.147 3
412.42 246.945 3
394.621 197.175 3
280.143 303.518 3
1.94946 350.893 2
355.063 483.804 4
543.861 256.885 4
191.083 23.8375 1
345.805 414.723 3
560.847 374.239 1
380.512 105.889 3
6.65905 174.313 1
578.461 86.9923 3
483.293 334.158 4
232.372 111.36 3
411.394 628.778 4
129.788 558.474 1
192.649 339.273 1
112.084 71.2615 3
127.44 93.8149 4
248.159 464.898 3
117.943 217.066 1
571.559 3.84102 3
570.343 491.921 3
252.06 131.714 3
266.932 395.846 4
336.639 38.0821 3
426.28 305.322 4
478.641 110.028 3
368.193 563.331 4
61.5822 40.3881 3
467.118 624.04 1
97.6752 596.158 3
500.471 374.132 3
52.5948 455.865 3
218.977 315.899 4
473.166 409.879 2
303.863 81.723 1
484.567 400.517 4
458.88 64.9204 3
626.143 309.04 3
9.53499 44.22 2
178.115 430.213 3
47.8101 276.573 1
516.8 207.849 1
445.558 360.554 1
468.817 233.964 2
251.691 457.94 1
169.524 291.637 3
197.706 245.902 4
552.596 374.548 2
351.579 198.71 1
58.9308 333.319 3
39.4443 379.778 1
191.811 183.442 3
124.526 180.749 3
422.782 545.232 1
624.783 624.04 3
41.2262 495.057 4
514.503 280.008 1
27.9873 524.289 3
594.663 156.159 2
126.966 583.574 4
67.71 256.576 1
141.844 231.716 2
613.32 322.26 4
292.535 629.396 3
388.437 19.2721 1
585.765 245.294 1
266.343 537.357 3
44.0696 296.337 2
319.577 504.544 2
214.267 568.239 1
9.36128 75.2569 1
249.33 170.249 3
570.747 394.611 1
50.5702 418.034 2
509.813 591.121 1
624.025 389.545 1
477.271 505.788 3
471.574 128.085 1
173.892 310.765 3
5.15353 553.077 4
304.83 599.257 3
209.491 221.621 4
221.008 412.051 1
598.548 579.511 3
352.703 490.859 1
272.268 323.418 2
4.03403 427.955 1
397.399 576.297 3
629.114 454.282 1
596.555 254.153 1
169.736 489.17 1
21.7387 140.892 1
504.883 581.113 2
176.659 435.434 1
20.8686 485.765 2
361.626 431.014 2
