cost_init,cost_final,confilct_init,conflict_final
1188.5 237.0999999999995 352 40
gapx, gapy = 20,8
minX, maxX = -20,500
minY, maxY = -20,500
119.747 500.162 1
436.645 461.231 1
284.946 544.826 1
417.395 106.805 4
65.4436 499.641 3
163.777 71.8497 3
313.149 306.287 4
189.559 471.538 2
239.012 55.0959 3
113.3 252.716 4
556.167 488.292 1
423.506 193.962 2
454.051 437.548 1
400.952 177.449 4
476.634 229.901 1
359.045 92.5126 4
109.382 545.656 3
245.069 411.78 4
261.216 321.258 3
522.185 434.295 2
47.7694 531.296 1
285.479 293.983 1
374.412 167.108 3
486.352 104.933 1
121.291 340.772 3
353.74 537.414 3
357.002 258.12 2
464.241 518.327 3
413.805 588.95 2
152.209 199.038 1
524.126 182.699 1
590.599 172.518 1
153.1 444.304 1
53.3283 195.332 3
414.164 559.109 3
487.829 226.055 3
281.109 26.752 2
427.752 178.115 4
455.552 109.903 1
544.247 560.248 2
499.503 561.744 2
56.6766 315.216 3
287.945 261.14 1
140.591 32.2144 2
561.966 346.946 1
283.612 93.3636 4
192.726 629.396 2
377.481 410.844 2
294.021 411.442 3
397.797 486.979 3
16.3485 457.544 4
316.879 342.458 2
25.2272 392.14 1
180.566 493.31 4
435.869 272.046 3
337.026 217.046 3
559.033 403.481 2
427.125 40.6878 1
127.986 415.109 1
60.8 185.18 1
493.349 591.067 1
179.393 415.997 4
278.649 74.0501 2
470.705 291.676 4
108.803 573.431 3
506.38 250.795 1
269.064 352.177 4
296.627 462.055 1
542.489 292.776 2
174.757 553.328 4
63.8222 76.5501 4
128.356 313.168 3
312.512 16.9082 1
361.057 364.646 1
388.078 412.301 4
243.202 461.066 4
380.247 619.788 4
80.3505 354.474 1
326.523 84.7239 3
289.095 118.377 2
207.801 284.438 3
179.891 594.373 2
231.445 241.888 1
600.045 232.912 2
50.2807 426.044 3
44.0767 264.75 4
585.533 578.227 3
472.366 62.4498 3
57.1693 221.988 4
273.79 477.367 3
303.875 6.0607 3
252.155 12.8566 1
443.763 315.803 1
101.567 579.974 1
471.381 337.045 3
492.172 540.543 2
151.664 562.391 1
425.281 440.144 1
488.967 496.881 3
238.857 618.664 3
7.37321 160.628 1
90.1771 83.2478 1
150.344 12.1793 4
29.377 412.504 2
417.064 597.269 2
134.395 460.256 3
568.068 145.669 4
286.745 499.429 3
301.736 466.79 2
333.619 151.768 1
106.448 106.11 3
121.832 536.536 3
112.084 387.423 4
330.366 139.965 3
615.6 271.293 2
523.479 25.41 1
372.733 49.0454 1
532.57 70.5372 3
587.551 94.4041 1
450.379 82.0704 1
561.619 292.612 4
86.7221 146.064 1
577.89 83.9444 1
298.034 580.949 3
72.6898 518.383 1
120.191 392.228 1
221.621 428.601 2
606.472 459.88 2
60.7451 615.035 3
60.7076 350.507 3
88.0376 49.5563 1
157.049 628.199 4
164.351 218.34 1
477.753 458.943 3
515.703 402.004 1
348.352 577.774 1
29.2612 15.7887 2
322.433 466.114 4
182.025 304.195 4
521.471 52.3477 2
529.098 469.443 3
625.69 191.279 1
494.565 624.435 3
274.053 208.042 4
553.551 525.712 4
443.964 396.792 1
606.896 112.383 1
531.924 347.062 4
440.52 122.951 1
457.844 228.0 2
13.2795 447.276 3
300.947 147.203 3
237.266 24.0305 1
464.223 295.662 1
564.545 81.2983 3
239.788 179.611 3
110.386 255.794 1
8.68572 322.317 4
230.075 539.991 3
598.597 329.43 2
408.943 618.887 1
549.61 14.0414 3
545.528 606.516 2
118.898 238.562 4
112.835 564.302 4
354.567 428.206 1
323.958 623.036 2
433.996 499.12 4
542.058 473.565 1
315.115 395.22 4
294.504 174.11 1
181.281 196.77 3
330.829 59.4682 2
586.344 628.566 2
382.881 116.687 2
630.2 140.535 1
160.454 249.319 3
462.496 528.169 1
240.44 558.974 3
210.218 510.122 4
35.6501 476.778 4
366.904 354.493 1
587.56 167.393 2
603.062 595.281 4
223.522 264.181 3
384.769 576.123 4
362.677 226.012 3
38.0435 128.221 4
428.807 377.541 2
372.248 548.648 3
10.2491 286.715 3
213.649 252.716 3
211.518 620.787 3
277.663 441.968 3
423.458 29.5792 4
356.597 35.0324 1
596.601 247.659 1
150.955 52.2687 2
556.716 189.493 4
344.807 285.878 4
424.04 208.689 2
170.838 130.72 1
421.315 319.152 1
604.051 485.165 3
418.246 474.298 3
178.216 31.423 1
204.829 135.015 1
490.859 280.732 3
77.885 24.6674 1
505.354 559.949 3
129.88 72.188 1
243.692 569.513 3
75.9513 298.443 3
32.4825 468.952 3
271.284 182.169 3
184.388 103.902 1
168.329 118.289 2
351.653 595.946 1
195.917 179.456 3
548.899 367.956 1
539.403 114.98 3
505.161 80.6632 2
50.9024 207.878 3
179.869 218.079 3
11.9284 597.037 1
568.76 214.634 3
562.024 38.9019 1
277.421 331.698 3
339.283 200.679 1
589.452 533.342 4
189.156 42.1445 1
223.444 149.51 2
520.024 388.831 4
494.372 385.833 3
607.258 484.568 4
290.064 446.59 1
75.9487 552.779 1
386.206 587.453 2
466.312 72.7863 2
16.8889 375.862 3
522.205 345.701 3
557.755 448.859 3
414.104 5.79048 2
252.504 521.685 2
140.554 343.53 1
329.972 287.825 3
69.2114 57.0169 3
415.313 281.581 1
218.012 166.35 2
348.741 142.253 2
90.9298 117.527 1
550.906 606.495 3
95.0502 485.232 2
316.894 309.906 1
82.9776 291.907 4
308.15 239.938 1
432.259 359.907 1
314.713 126.029 3
346.494 318.264 4
279.777 229.438 3
139.473 596.362 1
62.592 523.526 3
202.454 74.3112 3
205.601 23.7694 1
331.563 345.441 1
261.363 240.015 3
296.125 535.532 1
140.168 488.205 3
599.43 350.044 1
560.438 311.498 1
291.619 380.956 2
375.01 425.1 1
497.109 540.812 1
532.665 527.341 4
268.261 371.845 2
102.95 437.451 4
111.252 242.36 3
182.226 403.818 1
3.30057 578.179 2
506.472 134.243 3
155.871 278.138 3
482.637 424.972 4
185.043 371.094 1
443.233 420.659 2
204.114 590.978 1
414.067 342.844 1
228.087 274.683 4
138.836 51.7567 3
189.024 326.237 3
194.865 437.156 1
535.565 360.863 3
282.116 504.9 1
82.3579 156.603 3
432.163 153.052 3
100.23 382.046 3
560.885 415.959 1
205.06 65.5188 3
424.79 578.046 1
164.758 26.1435 4
570.941 583.893 1
448.338 614.997 1
116.773 31.2005 4
64.6604 308.748 1
381.417 273.542 3
383.542 256.211 1
175.587 554.805 4
336.118 236.338 1
335.575 495.751 3
234.785 531.401 1
564.63 436.313 1
425.253 219.546 1
286.283 432.51 3
18.9349 93.7956 1
492.944 324.479 1
94.0181 161.332 4
412.842 310.157 2
444.439 184.909 1
89.8977 425.243 2
486.183 13.841 1
281.209 486.497 3
560.701 61.9866 1
161.902 160.647 3
82.2024 117.826 2
96.1027 0.868572 4
528.246 417.05 2
463.178 454.427 1
413.573 324.209 2
345.676 390.287 1
239.439 210.831 2
275.202 99.8665 1
370.147 449.032 3
188.152 395.325 1
561.9 534.5 1
9.82451 246.869 1
353.378 568.248 4
350.79 255.534 3
96.2296 106.438 1
108.009 616.532 3
394.388 21.8779 4
121.021 191.327 1
247.755 330.665 3
339.071 288.655 1
117.064 590.947 1
120.481 462.235 1
212.047 360.235 4
504.856 39.5967 2
93.4035 268.138 1
487.636 426.314 2
567.988 397.178 3
62.9283 105.184 4
116.956 488.562 1
237.738 181.146 2
450.317 38.9405 3
105.918 300.14 2
36.9544 104.238 2
52.6517 615.161 2
593.277 129.224 1
61.1668 608.058 1
117.254 333.976 3
104.072 544.314 1
482.916 199.675 2
566.042 319.682 2
159.822 124.65 3
614.175 308.738 1
576.346 125.913 4
5.05702 392.382 3
600.169 511.405 3
293.651 455.595 1
278.058 179.68 3
161.502 111.949 2
359.685 24.1077 2
84.4171 212.52 3
496.07 516.809 4
615.673 231.706 4
82.2827 125.692 1
164.295 277.364 3
99.6125 392.286 2
331.544 89.2404 1
396.918 557.208 3
399.739 477.425 1
279.796 623.866 1
153.143 251.837 1
123.907 326.399 1
550.675 289.263 3
431.893 368.535 1
442.702 336.764 3
34.0094 9.40902 3
67.1228 136.868 1
457.439 299.233 2
169.661 239.938 1
547.546 27.9294 4
52.4526 563.703 1
88.3241 162.674 1
317.321 350.758 2
104.876 231.918 3
594.605 553.116 1
417.108 233.569 2
576.767 79.9757 4
373.728 81.0373 3
593.586 205.852 3
586.914 158.312 1
453.064 407.824 2
580.65 61.0215 3
76.225 174.467 2
195.671 313.699 3
455.518 380.463 2
66.88 552.363 2
381.766 387.122 1
624.862 427.088 3
626.776 38.9699 1
404.373 310.157 1
413.672 129.214 1
467.321 597.702 2
63.9848 458.973 4
107.894 513.2 1
631.7 15.2767 3
37.2907 68.54 3
319.326 264.258 4
304.579 151.218 1
437.024 68.5014 2
138.158 349.899 3
274.256 598.292 3
468.739 516.616 4
423.678 506.252 3
294.986 58.3101 2
262.425 209.017 3
558.299 452.979 1
37.8738 269.547 1
621.29 329.633 1
310.277 303.556 2
167.052 490.801 3
470.114 598.292 1
289.289 138.653 3
397.038 509.06 1
369.27 154.606 4
231.021 239.195 3
107.173 256.402 2
526.014 122.644 1
383.739 178.008 3
429.924 482.868 1
316.789 547.393 1
161.11 54.527 1
197.029 146.836 3
213.958 74.2238 1
402.437 111.776 1
420.469 448.733 3
215.012 126.754 3
382.266 577.118 3
236.166 284.583 2
155.177 84.4831 2
236.367 285.606 1
357.273 245.757 1
441.593 609.332 3
29.5233 84.5428 3
360.276 361.605 3
39.8425 120.152 4
51.1878 363.854 1
116.524 440.424 2
535.079 145.524 3
454.977 254.299 3
304.927 535.735 3
507.07 22.081 2
190.627 527.252 2
630.903 171.379 1
362.99 402.293 1
254.405 362.561 1
100.523 480.224 3
87.0888 212.105 1
415.563 567.631 3
526.841 103.611 3
39.0512 362.493 3
81.7423 504.611 1
52.2108 245.622 4
45.89 436.496 1
101.855 471.268 1
500.645 209.875 1
219.683 528.41 3
30.7007 138.933 1
392.363 576.895 1
127.627 43.0233 3
347.101 333.514 3
55.3986 542.742 1
0.945778 11.1076 2
469.343 425.967 1
610.143 52.9057 1
280.605 156.391 1
166.609 537.26 2
265.278 310.167 3
504.027 481.623 3
620.049 427.588 2
191.491 118.319 2
366.576 121.04 3
54.9171 624.214 4
329.745 68.5979 1
58.0013 202.251 1
49.1591 159.846 1
6.60115 342.381 3
202.246 199.984 4
353.402 374.219 3
438.301 460.922 3
310.071 18.6453 2
314.047 46.6418 2
223.493 117.305 1
630.228 244.262 1
12.5846 299.763 4
628.162 502.652 3
175.95 416.567 3
369.27 44.1235 2
1.33181 415.409 2
491.206 484.412 1
191.588 316.604 1
175.606 461.308 3
408.425 527.29 2
99.8309 596.873 3
353.41 568.837 2
491.912 389.708 1
612.553 92.9077 1
506.672 319.007 3
88.9783 457.785 4
625.472 320.474 2
568.282 551.417 3
258.217 156.729 2
455.691 415.718 1
