cost_init,cost_final,confilct_init,conflict_final
900.3999999999999 212.59999999999968 260 34
gapx, gapy = 20,8
minX, maxX = -20,500
minY, maxY = -20,500
34.8008 454.369 3
169.175 571.356 3
338.087 75.4307 1
450.712 34.9166 3
291.223 227.228 4
307.039 178.838 3
500.062 607.392 2
229.554 30.0333 3
535.025 348.287 3
443.724 545.144 4
62.4386 575.216 4
310.254 182.641 4
607.61 520.52 3
476.151 113.148 1
544.094 69.63 3
203.704 28.4523 3
358.315 457.158 1
119.081 399.784 3
266.536 453.124 1
596.853 497.093 2
136.203 122.025 1
449.809 250.361 2
510.025 153.351 3
75.9111 176.725 1
386.302 510.392 2
255.901 142.725 3
212.197 265.918 1
252.137 500.859 4
347.319 124.311 4
268.447 156.198 2
631.542 38.8541 1
489.74 475.427 3
392.495 385.009 1
103.321 497.122 3
201.181 554.11 1
586.355 568.78 2
83.4128 304.041 1
541.487 254.202 1
502.594 550.443 3
291.049 435.734 1
117.08 604.362 2
102.265 168.416 1
249.182 69.563 2
238.089 349.185 1
82.2248 81.0667 4
286.067 599.546 4
291.047 413.121 3
366.116 433.041 2
502.768 51.4581 1
132.262 181.642 1
37.7925 57.982 1
543.823 587.318 2
500.162 176.185 1
355.114 408.315 3
546.872 110.386 1
265.073 587.917 3
307.762 18.3558 2
447.604 222.605 1
227.682 265.706 4
179.0 510.276 1
232.816 345.5 4
203.982 251.809 2
531.711 123.173 3
272.577 209.702 2
455.506 47.9838 4
458.027 4.38146 4
294.81 617.023 3
423.188 118.572 1
48.9296 204.906 2
328.092 508.346 3
382.114 23.934 3
462.505 423.149 3
382.287 158.292 1
476.031 490.212 3
434.611 373.486 2
244.174 107.616 3
579.685 13.8677 3
227.411 543.098 1
65.9434 203.332 1
250.604 192.707 1
24.706 467.861 2
589.913 290.508 4
59.6805 224.95 1
456.86 295.517 4
394.732 557.256 1
394.373 614.08 3
311.346 315.216 2
301.201 613.414 1
40.1666 373.081 3
239.807 223.387 3
53.3882 542.191 3
175.796 156.757 2
527.318 390.761 3
442.779 129.687 4
604.981 444.286 4
130.348 528.776 1
558.911 184.407 1
497.769 312.628 1
63.7532 346.318 2
325.827 366.866 2
180.933 410.747 1
73.7128 190.777 4
189.098 425.311 2
363.932 306.278 1
441.538 446.88 1
573.721 426.006 2
66.7937 145.225 4
436.818 227.189 3
624.641 393.811 1
105.455 362.754 1
244.695 455.392 3
225.825 41.1988 3
55.103 368.616 1
464.068 270.338 1
485.435 572.428 2
189.291 55.8294 3
73.6122 490.145 3
598.482 354.946 4
360.107 251.268 2
553.319 459.87 1
105.56 617.941 1
430.822 540.775 3
345.135 197.998 3
419.385 499.978 1
43.6216 274.972 2
464.493 528.304 1
354.319 345.257 1
132.66 291.193 2
364.607 168.599 1
131.483 319.557 1
307.761 626.539 1
101.234 583.854 4
172.875 356.887 4
614.373 203.574 3
459.571 257.927 1
69.4665 575.612 1
579.873 227.027 3
400.277 617.602 3
451.533 199.24 1
361.21 585.244 1
550.795 592.714 1
159.663 474.974 1
521.713 369.973 1
317.087 12.7198 1
461.096 436.737 1
35.1482 331.283 3
357.311 499.989 4
426.334 180.258 3
197.359 519.91 2
564.073 418.383 3
478.993 408.045 1
388.503 64.7762 3
219.754 575.602 4
278.831 92.155 4
288.829 395.151 1
605.932 311.846 3
125.528 11.774 3
237.834 161.863 3
19.5718 75.6521 3
492.085 346.966 1
480.668 515.864 1
48.3891 47.8964 3
204.854 175.452 3
557.247 428.254 2
231.258 239.571 1
339.19 518.094 3
148.202 585.784 3
71.8213 146.991 1
94.3269 444.95 3
441.698 549.98 3
535.504 238.568 3
416.205 203.197 3
472.059 13.7041 4
166.496 310.668 1
22.274 107.008 1
551.447 130.016 4
201.613 218.88 3
418.845 320.6 3
505.818 170.346 3
102.957 518.469 4
208.284 431.052 1
328.224 354.107 1
278.483 3.16546 4
226.385 9.18756 3
237.545 317.183 1
442.493 521.336 2
210.716 290.837 3
297.785 234.843 1
2.3548 36.5664 1
158.244 109.286 2
252.504 198.082 4
317.092 72.574 1
431.584 170.317 1
366.973 150.34 3
613.633 487.394 1
530.485 11.2427 1
235.499 487.375 3
452.565 622.303 3
244.204 219.642 1
531.373 537.095 3
147.15 228.106 4
64.9275 550.491 3
79.4748 87.2524 3
476.469 418.275 1
358.875 126.956 1
456.637 241.163 3
348.375 574.27 3
461.27 300.902 1
336.262 56.1677 3
153.658 304.946 2
350.189 519.097 1
216.507 67.9416 3
190.784 57.6732 4
342.507 127.294 3
302.004 413.807 1
297.221 276.225 4
9.92102 250.67 3
336.777 104.151 1
471.817 477.125 1
417.541 106.429 1
585.924 618.143 4
172.031 467.911 3
258.922 25.4872 2
353.354 487.481 3
343.27 461.964 2
8.10667 409.447 1
615.885 338.782 2
267.13 96.9344 2
106.506 300.11 1
418.101 141.925 2
64.3708 438.32 2
515.43 363.053 3
329.285 34.5692 1
580.966 16.2712 4
156.315 375.049 4
489.083 216.72 1
444.709 568.364 1
484.354 99.7331 1
154.543 497.962 1
43.9497 616.772 3
126.58 413.112 3
130.419 323.079 3
526.914 365.302 4
227.538 377.732 3
322.803 43.8146 4
147.831 539.759 1
344.341 554.699 1
404.677 605.056 3
178.27 461.424 1
99.4133 129.207 3
166.129 228.377 2
239.697 391.61 4
562.198 282.305 1
202.242 144.011 4
264.768 440.935 1
170.452 201.084 2
36.9427 204.597 3
124.409 30.7861 2
230.847 225.752 2
92.284 470.341 2
542.553 488.262 3
277.48 292.535 3
627.06 380.772 3
585.476 334.602 4
538.669 273.774 2
582.546 393.8 1
620.979 60.0666 1
453.665 140.033 3
435.721 436.411 2
320.445 307.436 3
116.968 373.765 1
441.019 268.215 2
259.043 552.73 1
560.348 612.005 2
58.2715 529.201 4
452.025 102.443 3
555.191 620.894 2
255.969 147.271 1
12.353 17.1802 4
435.486 372.298 3
420.678 316.034 3
107.143 499.159 1
418.381 339.737 2
162.655 601.226 4
38.8155 435.106 3
307.312 337.102 3
595.547 465.053 3
222.948 349.148 3
473.449 382.017 2
615.624 274.779 3
129.935 182.612 2
283.3 396.069 2
92.477 291.154 1
533.166 220.27 1
299.313 567.371 4
467.064 394.013 1
99.9314 137.745 1
143.119 0.0193016 4
238.964 373.526 1
393.525 325.762 3
319.694 365.504 3
539.657 206.353 1
277.302 56.38 1
77.5497 164.122 1
6.0221 414.849 3
293.639 564.156 3
372.038 209.808 1
197.571 531.247 1
154.493 607.421 1
294.714 64.5639 4
375.32 393.54 1
157.462 99.5668 2
343.495 385.964 3
520.374 452.68 2
302.649 544.179 2
531.525 621.115 2
485.606 250.023 1
365.746 482.414 4
495.607 571.838 3
271.298 599.517 3
402.005 239.716 2
186.931 582.157 3
357.987 410.236 1
581.326 557.278 3
412.164 276.746 1
277.748 17.1104 4
158.014 481.333 2
560.982 75.643 2
408.309 624.31 1
569.474 412.031 1
175.76 301.5 3
229.604 329.584 2
218.917 509.359 3
607.457 152.974 3
50.9917 631.905 2
121.793 158.601 1
477.633 83.8268 1
624.609 192.823 1
290.643 210.6 1
116.77 258.412 1
65.5482 101.671 2
131.984 444.904 3
503.019 588.94 2
90.1964 554.506 4
93.3821 565.951 3
113.104 414.511 1
315.832 315.986 1
365.747 100.918 4
125.464 359.154 3
52.0472 349.812 1
535.714 251.77 3
566.734 363.681 1
570.575 520.526 1
475.839 278.677 1
513.944 538.659 1
401.755 258.68 3
454.647 26.8191 3
137.485 117.74 3
580.929 539.924 3
496.727 129.456 1
340.206 576.442 1
57.8509 27.7841 4
552.217 294.369 3
434.354 295.604 1
411.317 585.851 1
434.749 151.112 4
6.92927 48.0315 1
25.15 315.002 4
317.869 35.3991 3
405.932 351.684 1
587.213 577.88 1
331.825 283.222 4
118.142 149.665 1
234.514 247.794 2
465.825 52.7513 2
586.981 59.4002 3
1.54413 177.111 2
551.947 303.749 2
112.713 22.274 2
346.938 346.106 3
607.439 318.322 1
479.733 159.682 3
175.953 422.811 3
543.514 228.396 1
126.31 348.587 3
595.516 102.105 3
34.9745 239.88 4
160.647 487.867 1
498.662 170.742 2
339.583 328.031 4
103.254 462.379 1
374.451 456.067 3
190.169 550.838 4
357.157 242.563 3
571.308 182.255 3
333.551 72.2164 4
573.721 566.299 3
532.097 287.699 2
301.974 132.795 2
231.476 117.498 3
248.798 236.29 4
128.652 43.1391 1
94.3106 478.834 2
457.911 365.08 2
17.4486 218.282 3
420.736 129.002 3
464.747 595.483 3
555.693 589.413 4
197.6 135.777 3
538.525 523.932 1
490.647 204.008 3
63.9939 436.39 3
560.85 398.829 2
497.499 431.719 1
628.784 21.5792 3
550.266 37.7438 1
0.0193016 595.802 2
564.417 496.466 3
119.187 399.601 1
192.128 279.854 2
425.851 8.69486 4
11.2914 98.94 1
228.126 124.65 1
350.517 377.896 4
204.829 78.1715 1
197.134 189.021 3
538.165 630.148 2
174.853 550.906 1
485.686 243.277 4
28.3845 75.7588 2
497.226 581.905 4
374.622 25.6711 1
215.29 187.447 1
310.907 356.934 4
359.225 585.07 2
363.739 182.091 3
383.88 268.331 2
67.1147 154.818 2
319.789 423.062 1
407.399 542.858 3
96.1636 390.982 2
118.106 596.574 1
409.03 575.014 2
44.4038 341.088 4
69.5244 415.255 2
566.714 72.5161 1
408.592 336.61 3
534.24 499.978 1
587.618 221.283 4
442.66 75.4886 1
349.035 507.255 3
441.855 352.1 1
85.5355 57.9525 4
454.075 217.789 4
128.568 139.859 1
48.6695 95.803 4
568.741 402.593 1
480.671 34.8485 1
25.8499 387.605 3
591.719 120.172 2
183.433 448.511 3
9.01385 531.45 2
20.3043 462.408 3
94.3462 568.692 4
210.754 203.246 3
231.793 385.983 2
206.778 248.759 3
12.4881 194.048 3
323.254 548.088 1
628.741 120.21 2
299.966 567.911 1
238.838 0.386032 1
599.237 87.1467 1
405.507 47.4911 4
604.067 598.485 1
54.7393 627.709 1
438.822 568.934 3
331.051 444.033 1
341.561 284.939 1
157.655 388.31 1
42.8414 391.321 2
41.857 591.082 1
598.967 499.989 1
436.988 373.244 1
125.016 194.097 3
101.237 283.183 3
493.822 527.657 1
626.167 608.039 1
629.571 245.902 4
248.732 496.958 2
367.425 158.089 2
502.17 443.416 1
552.34 273.571 1
