cost_init,cost_final,confilct_init,conflict_final
4345.7 1456.1999999999975 1272 300
gapx, gapy = 20,8
minX, maxX = -20,500
minY, maxY = -20,500
426.61 107.789 3
932.885 634.096 1
1246.72 265.097 4
801.494 1144.09 3
1060.47 338.521 3
173.367 1021.9 1
229.38 130.295 4
1096.82 1238.78 4
458.799 142.253 1
556.823 581.219 4
763.919 1217.74 2
973.804 241.658 3
661.89 98.2157 1
30.5351 682.815 3
1174.81 183.597 4
1210.38 836.849 2
852.938 829.892 4
321.912 461.656 1
323.263 1229.9 3
668.616 988.444 2
290.886 1029.97 1
952.505 607.923 3
165.09 282.847 3
1261.03 242.158 2
1136.29 291.416 2
830.857 381.284 1
1031.87 154.306 1
207.222 997.593 2
408.062 875.646 3
901.655 1208.68 1
348.008 854.791 4
952.026 1128.65 3
264.162 513.461 3
1090.58 244.676 3
290.18 17.7189 2
958.402 412.137 4
609.87 412.591 3
719.718 302.774 3
759.965 841.588 4
780.0 143.536 3
1200.06 684.791 2
1082.28 1237.13 3
1177.9 225.134 1
508.983 256.788 1
1077.69 20.0828 4
1055.28 563.153 3
1030.74 529.134 4
314.297 749.104 3
356.346 65.6732 3
910.194 294.667 3
125.391 788.904 2
369.351 361.026 2
357.234 136.153 2
1077.84 402.139 1
31.1142 96.5852 2
705.242 1116.25 1
882.894 572.919 3
353.49 965.043 2
835.989 198.459 2
1170.72 1249.05 2
170.51 879.158 2
1099.5 873.831 4
1230.8 1073.18 1
627.605 192.214 3
574.863 303.701 3
496.293 951.069 2
287.131 675.179 2
223.165 882.51 2
625.41 1187.28 4
1192.02 732.032 2
707.952 905.833 2
367.116 618.385 2
1249.22 801.412 4
560.155 1111.97 2
964.385 575.46 3
637.046 1238.39 2
844.684 116.466 3
203.28 581.557 2
775.114 671.85 1
296.225 183.442 2
635.177 960.604 2
207.834 292.419 4
450.384 866.535 4
1195.31 485.777 2
686.263 851.827 4
1078.23 568.934 2
877.564 147.889 4
494.97 129.214 3
1024.34 860.513 3
894.359 429.306 3
306.423 1176.4 1
110.984 229.891 3
1150.25 264.055 3
1056.72 207.531 2
1191.56 510.922 3
688.752 1055.68 3
68.5369 171.282 2
1057.65 652.558 4
679.363 269.836 3
144.0 1026.03 4
165.182 869.46 3
111.023 1006.05 2
985.913 593.293 2
515.507 997.554 2
66.1659 1005.54 2
220.965 792.06 2
1111.15 800.051 2
72.6796 170.867 4
832.092 1095.68 3
573.605 1094.95 4
1148.57 853.362 1
136.153 920.078 2
163.064 1045.54 1
340.326 497.788 1
746.007 352.1 1
588.081 812.684 2
840.936 345.16 4
205.639 106.352 1
328.204 1053.17 4
582.484 1116.68 2
154.143 514.002 1
819.893 298.441 4
1238.26 1045.26 4
671.094 504.196 2
789.195 83.2303 2
336.002 431.275 4
474.685 816.235 2
898.876 937.749 1
403.867 356.162 1
1139.72 505.132 4
680.459 626.23 4
968.091 1155.05 3
990.428 203.873 2
630.39 579.087 3
606.495 440.896 4
32.8899 42.8587 1
1068.95 605.761 4
6.52394 1054.1 3
244.397 962.959 4
287.941 1143.82 3
1229.56 1240.62 3
915.672 240.314 2
944.5 766.77 2
528.864 677.804 2
513.528 633.333 3
579.202 804.654 3
892.593 128.008 2
702.964 552.064 4
243.605 336.62 3
187.65 552.18 4
432.587 1228.48 3
953.653 1017.58 2
339.558 1125.55 3
954.688 551.031 4
522.32 1157.29 3
611.631 1041.83 4
709.72 190.67 2
237.564 290.335 4
236.583 1048.04 3
550.37 398.308 1
426.137 421.981 4
1094.48 488.417 4
804.993 952.65 4
82.2614 206.305 3
265.768 721.72 3
543.851 468.836 3
1125.94 1159.72 1
974.499 872.087 2
522.919 490.724 1
417.156 342.921 3
612.054 737.06 3
346.464 717.797 4
525.428 914.172 1
1248.66 136.085 3
743.768 468.411 1
324.267 822.991 4
908.591 97.4749 3
906.326 350.982 2
1237.53 497.132 4
346.387 1131.61 3
950.99 1164.77 4
1017.19 175.066 4
431.97 769.555 4
92.8407 1176.25 2
675.479 415.525 2
1171.49 59.4967 4
894.436 1246.97 3
110.328 555.075 1
451.481 734.271 3
1148.19 918.032 1
16.4836 1092.24 4
226.27 259.491 4
940.339 1018.35 4
69.3313 1140.22 4
624.996 261.652 3
237.851 566.618 3
376.932 982.075 2
564.832 647.26 4
344.341 726.637 4
528.037 657.914 4
594.451 737.398 1
715.472 1193.89 2
247.404 242.158 4
843.326 358.508 3
603.212 1255.92 2
1111.12 1215.5 1
1210.06 990.876 4
745.497 1156.06 2
314.08 1053.64 3
195.718 1110.58 4
178.209 826.842 2
852.877 1030.09 2
880.324 922.741 1
775.323 823.686 1
727.709 259.693 4
74.7347 598.583 2
749.646 535.388 1
888.229 1001.99 1
560.441 901.432 4
577.002 1055.69 4
825.135 31.3844 4
384.935 155.146 2
849.857 143.413 4
872.548 191.202 2
112.252 460.42 4
1228.46 80.7193 1
394.051 928.493 2
799.009 977.635 1
197.764 91.7212 1
957.514 1181.76 3
935.083 1103.28 1
641.238 282.305 2
646.604 1115.52 1
611.204 157.541 4
483.119 888.877 2
1002.22 1076.06 4
289.292 369.24 2
595.146 1105.22 3
854.917 64.4379 3
553.029 31.2704 3
354.339 411.519 4
1125.4 585.418 3
457.407 200.814 2
543.71 357.774 3
1007.39 667.613 3
698.657 150.128 1
341.5 79.1457 2
518.857 549.448 2
1181.57 922.115 4
604.14 1219.78 3
338.936 284.12 3
806.344 647.539 4
1218.66 206.025 1
1144.27 455.836 4
567.467 447.411 4
102.641 256.79 3
802.29 450.924 1
250.226 907.532 1
1002.91 589.789 3
622.017 343.23 1
731.22 391.677 4
682.698 588.438 4
414.481 768.435 3
640.388 1094.87 1
949.88 582.908 2
408.113 752.917 4
304.827 603.638 4
339.632 1193.11 1
626.569 1044.06 2
468.064 680.892 3
1011.64 961.422 2
93.3039 715.819 1
148.12 849.072 4
1104.75 119.361 1
140.824 1232.21 1
635.934 322.061 3
567.969 573.344 3
1119.14 900.004 4
385.376 248.691 1
731.646 1074.92 2
939.766 168.812 3
415.949 147.04 4
328.359 577.274 2
1025.22 1137.48 2
303.344 244.437 3
494.816 755.851 4
74.62 811.401 1
48.0224 335.973 3
894.899 951.607 1
1153.35 719.641 2
195.101 511.656 4
18.2207 449.582 1
92.4547 1056.35 4
1016.76 698.525 2
478.71 997.236 3
403.558 1174.93 1
1124.32 356.037 4
780.158 745.737 1
1184.58 453.665 3
419.849 998.891 3
1180.89 943.927 1
109.03 629.966 1
740.718 779.524 1
980.792 928.725 3
486.555 2.77943 2
486.4 1033.21 4
473.314 444.679 1
1224.66 176.532 4
708.369 904.444 1
781.174 912.967 4
181.666 969.714 4
649.237 225.52 4
503.499 305.351 2
436.045 190.207 3
119.322 134.03 3
228.921 69.6493 4
446.322 394.804 2
894.127 678.027 2
507.439 197.533 3
57.7118 391.253 4
669.457 199.501 4
679.262 216.68 3
501.031 28.6453 2
539.835 1239.67 4
1089.69 1093.6 3
735.623 951.269 4
1098.99 471.54 2
1052.55 362.291 2
591.746 405.574 3
749.52 608.897 4
334.159 251.191 2
524.703 1092.75 4
616.068 1178.86 3
627.881 409.58 1
587.789 930.144 2
1020.48 206.025 4
858.681 655.019 1
175.527 10.2685 2
1246.61 1038.62 2
1112.67 1056.03 1
118.92 402.177 4
1104.48 422.666 4
416.179 1255.57 3
1041.78 779.639 4
897.37 1166.71 2
634.907 928.054 4
274.198 948.683 3
154.567 748.516 2
984.701 747.097 2
802.114 682.35 2
345.846 327.162 1
284.766 552.035 3
20.7685 606.958 2
1177.78 1185.47 4
1095.2 53.4746 3
143.951 636.76 1
1258.13 859.587 2
1109.07 638.458 3
994.264 305.669 3
21.1546 1161.66 4
1154.93 674.4 1
801.171 888.993 1
1025.61 547.518 3
966.575 1221.61 3
1110.34 58.4066 1
252.43 372.791 2
963.961 945.402 4
703.736 643.409 1
458.236 409.473 4
851.278 228.733 4
481.343 697.019 4
828.825 408.113 4
1018.08 623.103 4
1067.65 1012.91 1
614.496 532.347 1
458.49 571.761 3
14.8622 124.196 4
490.2 200.514 2
933.566 1046.77 2
1216.56 743.961 4
112.837 1145.97 4
570.671 820.357 4
802.886 325.975 2
641.276 942.468 4
158.891 1101.08 1
196.567 861.98 4
370.639 1019.06 4
594.682 660.201 2
726.281 1091.58 2
793.434 658.764 3
870.155 882.015 1
859.074 9.35111 1
125.267 798.623 1
517.515 595.107 4
505.161 729.718 2
448.106 160.676 3
81.3267 831.899 2
985.887 122.565 2
921.127 645.416 3
468.334 1140.66 2
829.969 273.812 4
114.822 69.6493 3
936.61 276.169 3
696.083 470.775 3
435.019 369.317 1
1143.93 108.986 3
944.295 65.596 3
610.432 378.234 4
1252.22 1253.1 4
1195.62 113.416 1
702.308 168.117 4
624.565 1023.65 2
922.113 1156.29 2
570.517 135.304 3
246.388 1129.95 3
355.999 590.706 3
928.793 624.021 3
833.675 522.658 4
159.84 601.168 2
817.114 316.237 4
89.531 573.074 1
368.923 799.897 4
202.902 412.552 1
688.951 1040.33 3
1171.11 1081.16 3
451.0 39.4542 2
1023.95 713.078 2
430.233 833.143 2
257.097 1260.13 4
387.653 303.932 2
962.091 828.849 1
571.673 1172.62 4
535.983 1246.92 1
509.956 489.103 2
669.225 57.0941 3
1006.25 54.7779 4
756.736 1209.28 2
123.514 364.069 2
197.764 322.182 3
261.913 173.376 2
284.552 1069.5 3
425.986 923.35 3
232.044 479.143 4
145.457 924.469 1
433.305 896.298 2
888.101 1254.26 1
504.312 113.387 3
338.357 1217.39 1
673.52 631.973 2
87.166 440.771 4
574.261 115.819 3
423.516 690.389 2
326.506 768.097 1
403.231 384.681 4
968.191 497.064 2
816.767 839.118 1
1121.63 849.434 4
512.325 416.492 1
255.901 41.3826 4
959.483 467.648 4
144.089 211.161 2
851.316 502.112 3
766.123 596.66 4
976.622 1223.57 4
966.47 984.692 1
666.578 587.193 2
1031.98 525.476 1
1257.09 162.977 3
323.147 23.5866 1
819.353 1139.68 4
1099.36 1163.62 3
601.785 488.485 4
453.588 221.012 3
121.33 1076.88 3
404.692 262.733 1
186.651 366.537 4
849.772 590.098 4
202.126 1058.89 2
363.333 943.356 2
686.316 304.125 1
609.092 688.104 1
1050.31 1190.52 2
717.926 1173.7 1
98.2065 1220.53 1
350.749 120.374 4
441.659 708.678 3
707.981 27.5241 3
1144.8 1226.35 4
1073.75 255.253 4
191.659 619.002 4
249.413 641.547 1
293.269 698.836 3
257.252 649.315 2
244.281 1017.39 4
81.2597 1201.15 1
396.908 578.43 1
597.22 877.451 3
68.608 1220.4 4
560.364 77.2155 4
1250.42 300.873 4
172.247 319.721 3
467.337 290.414 3
1248.81 486.4 3
255.978 757.24 1
958.17 804.568 3
1056.99 322.067 1
828.849 1245.49 1
547.834 835.46 4
465.646 42.6179 1
1210.48 1157.25 1
258.719 499.843 3
724.389 271.535 1
637.377 1019.75 3
282.96 1242.75 1
706.014 4.70959 3
603.321 961.769 2
1229.88 699.106 4
865.248 1193.38 1
61.8037 264.982 4
549.456 736.24 1
133.951 1243.87 1
236.957 361.683 2
55.7816 1103.24 2
492.422 85.5152 2
957.678 840.276 3
12.1214 389.863 2
1089.5 338.357 1
518.049 319.094 2
405.411 609.862 1
854.051 432.018 2
777.468 105.117 1
72.4805 1139.61 2
511.917 1064.06 1
383.793 1173.55 4
128.317 1135.13 3
1008.66 996.001 4
55.2026 314.927 4
985.887 457.79 1
2.12318 406.916 3
544.691 815.888 2
807.171 1176.05 2
444.387 886.794 4
434.942 552.875 2
786.502 1056.18 3
819.778 853.44 2
150.668 302.997 2
808.94 59.2945 4
592.984 1083.79 4
654.787 710.067 4
630.197 5.01842 4
913.197 443.126 4
494.893 787.428 1
808.814 273.551 4
316.17 450.354 2
443.319 973.187 4
569.127 334.583 2
1031.98 632.629 2
486.089 984.768 3
1021.45 1039.93 3
96.9326 935.433 1
689.746 317.048 1
28.2189 712.655 4
803.989 433.514 1
619.52 515.276 4
246.768 1216.89 4
970.677 73.0373 3
1082.26 860.543 4
834.837 1122.05 3
889.958 784.494 3
1002.64 253.7 4
72.4419 803.149 2
521.375 212.935 2
1060.75 930.878 1
733.522 671.85 4
713.745 805.581 3
450.268 745.891 1
322.73 306.548 2
150.019 56.8955 1
40.8808 981.187 2
448.431 1025.35 3
518.366 464.985 3
437.925 83.5373 2
82.1476 580.052 3
941.961 54.7099 3
175.141 329.256 3
1086.56 175.529 3
1002.75 894.059 3
391.243 1248.43 2
1136.94 90.2157 4
2.70222 728.097 4
232.003 1082.01 4
669.627 1163.47 1
984.729 1111.85 1
678.803 337.045 4
926.67 374.142 2
374.952 475.977 2
878.375 487.954 3
1178.75 957.745 3
995.727 776.117 3
985.926 1.31251 3
243.548 784.465 2
1054.67 390.558 1
513.884 777.439 3
199.022 985.154 1
1075.02 414.067 2
457.724 79.7633 3
1136.25 612.98 4
216.491 1147.03 1
426.218 65.4416 3
725.358 1197.2 2
894.977 1068.11 1
1206.46 915.059 4
54.5077 559.601 4
312.609 9.46692 3
524.957 642.173 2
191.703 1188.37 3
613.636 1135.48 1
964.793 117.392 2
591.076 854.028 1
441.389 139.212 4
1096.53 148.429 3
820.472 727.477 2
1156.15 302.379 2
1001.48 140.679 4
466.782 1217.36 2
1064.02 700.04 2
1176.78 580.245 1
646.372 182.979 1
683.37 680.574 2
397.806 227.15 1
533.072 68.4452 4
1025.53 843.45 3
758.596 919.567 3
1063.02 794.994 3
1140.3 700.532 3
798.979 1041.32 4
766.798 204.143 3
1074.44 1067.22 4
468.952 511.726 4
815.84 1028.55 4
255.09 458.645 4
37.0205 846.8 4
81.534 288.405 1
80.827 751.411 3
626.376 1218.48 2
440.11 979.481 3
660.694 529.799 1
199.377 383.223 1
1220.4 840.324 4
1143.62 1056.14 1
419.154 540.91 3
130.71 161.872 3
86.5484 688.681 2
1010.8 680.815 4
816.334 289.215 4
833.752 1234.57 3
957.251 525.776 1
1176.66 407.225 4
869.73 1080.81 4
8.91734 951.26 4
663.242 400.517 4
984.855 1062.72 2
1024.1 754.963 1
552.103 1020.29 1
1107.41 956.356 2
679.207 887.96 4
903.778 727.525 2
1041.31 916.403 3
1175.38 826.542 4
48.061 366.113 2
1068.19 668.539 4
107.973 1253.41 3
1130.81 205.494 1
674.552 1103.2 1
563.269 784.378 2
769.188 878.84 4
1218.13 1209.37 1
356.98 1102.17 2
969.133 89.8388 3
109.391 1005.16 3
764.614 524.54 1
470.577 114.69 2
276.36 893.094 2
1187.36 767.865 3
672.313 1196.28 1
803.922 507.362 3
151.264 545.588 2
713.659 44.3937 4
682.466 968.863 1
108.398 853.131 1
936.938 487.529 3
1113.35 560.18 3
912.332 396.03 4
489.141 915.822 3
374.577 832.131 1
299.268 701.536 2
632.099 89.7616 2
131.241 670.431 2
539.982 133.297 3
772.257 524.086 3
16.0975 10.7794 2
1166.13 524.0 3
1090.0 113.618 3
4.43937 759.165 2
10.1526 1232.06 2
33.855 222.856 2
247.772 600.396 3
161.979 590.204 2
291.184 1102.74 3
94.4132 265.59 4
962.865 1153.7 4
720.253 357.66 2
219.343 214.364 3
1075.67 18.4909 3
1189.67 938.414 3
119.977 1210.45 4
998.896 1093.32 1
565.193 1218.93 2
1014.3 502.382 3
386.727 380.173 3
427.569 506.753 4
1057.92 1065.19 2
835.517 623.335 3
226.331 203.68 3
322.822 631.635 2
423.855 924.44 2
640.929 118.907 3
758.785 389.67 4
1049.87 222.827 4
564.533 540.831 2
607.885 947.602 1
1176.66 242.969 4
1029.85 408.345 3
800.09 185.575 4
642.01 1234.53 1
466.465 1153.39 2
165.955 821.292 4
278.715 977.665 4
930.329 20.4597 4
725.624 721.031 4
267.807 819.632 3
1020.44 276.794 4
491.886 429.933 2
1098.92 978.437 4
609.243 1005.07 3
972.878 611.745 4
306.534 396.618 3
581.161 557.825 1
595.786 107.319 2
385.916 676.984 3
428.534 593.14 2
93.69 754.238 2
541.967 291.502 4
1150.68 259.963 4
881.778 206.064 2
209.867 488.841 3
1241.75 574.309 3
992.797 1251.99 4
771.02 870.0 4
45.2409 1114.64 1
502.073 604.449 3
117.933 1158.52 4
164.064 547.827 1
135.459 79.7928 3
96.2601 536.353 1
128.703 1183.43 4
28.5846 1183.16 4
892.492 546.167 3
127.594 124.573 4
832.504 983.03 1
984.688 10.3071 4
170.202 907.648 3
234.299 974.508 4
411.642 657.258 2
1134.15 1003.42 4
737.205 498.902 2
1205.5 366.431 1
623.094 479.799 4
1030.57 737.987 2
339.273 170.935 4
58.1587 180.663 2
74.0795 740.488 3
525.304 194.222 1
727.786 153.187 1
917.043 508.877 2
611.822 138.517 1
889.148 1235.89 4
778.173 398.394 3
1258.41 778.549 1
1060.51 1183.84 1
1184.5 126.657 3
953.422 973.543 1
480.184 1100.27 3
692.58 323.465 4
152.395 653.977 4
224.532 950.797 2
87.7532 829.013 3
29.0296 658.069 1
1045.24 824.14 2
250.955 212.751 4
998.819 689.222 4
222.586 59.4195 4
217.606 145.65 3
675.942 637.773 3
834.709 1161.97 3
1070.93 820.906 3
462.158 245.864 1
709.935 1255.96 2
407.587 840.894 2
809.818 943.617 3
768.976 1028.27 4
905.911 137.08 4
667.451 246.722 4
1094.52 488.987 3
89.0179 920.109 4
548.535 1000.71 2
1195.85 655.298 1
1156.36 309.212 1
164.807 816.921 2
654.363 360.94 2
761.332 21.3862 1
140.979 21.3862 1
914.471 475.253 3
556.504 177.345 2
1085.17 1201.26 1
1134.53 618.114 1
662.699 213.707 4
1217.03 719.1 4
347.004 462.737 4
853.633 707.22 4
432.858 835.836 4
742.447 324.846 3
354.956 13.1342 2
530.965 799.511 2
50.6474 773.347 2
1083.48 1114.01 2
83.5739 1203.45 2
297.013 718.453 3
516.58 1198.2 4
686.265 870.395 3
1234.86 449.852 3
592.837 385.878 3
867.954 1029.55 4
970.909 1213.49 4
809.625 793.768 2
748.591 439.468 1
329.996 1087.58 1
151.402 56.447 3
1202.65 10.8952 4
158.387 168.001 4
227.257 737.871 1
149.665 400.547 1
828.524 871.004 1
1156.55 299.985 4
936.78 458.181 3
908.102 1178.71 3
988.474 1254.72 2
980.895 311.721 2
250.417 987.672 3
718.528 145.69 4
1162.11 1111.08 4
342.372 644.026 2
178.849 532.27 4
177.443 1097.38 3
535.769 53.1584 3
88.2469 907.563 3
1089.45 1081.43 4
1100.01 187.033 3
837.458 1068.11 1
423.516 1039.47 4
693.137 759.518 2
567.197 45.0885 3
560.44 857.647 4
1229.31 36.0168 2
283.408 659.999 4
314.964 908.333 4
271.873 436.179 4
551.609 1016.74 2
523.266 970.764 4
640.311 171.214 4
924.801 1139.61 4
274.209 40.9671 2
92.9138 504.428 1
1159.3 762.036 3
949.978 82.0409 1
1084.25 743.808 4
1071.07 433.939 2
73.7321 534.316 3
666.214 452.014 3
109.903 189.01 1
182.66 498.376 3
345.702 1040.32 4
860.813 750.108 1
545.463 627.842 2
521.877 4.864 4
374.142 1214.35 3
418.264 649.229 3
1025.44 1134.94 3
730.759 798.584 1
812.443 28.0737 2
1092.13 1217.31 2
31.809 217.615 4
963.034 104.469 2
1224.01 384.497 4
950.124 13.7905 2
297.592 1249.86 2
712.345 1055.14 3
93.9602 246.182 2
1066.8 381.216 4
701.999 1067.22 2
139.979 1077.76 4
601.923 365.195 3
364.181 1079.86 1
757.125 1189.67 1
906.706 1047.66 3
777.043 467.178 3
1052.04 259.307 3
730.96 662.122 4
1133.85 945.933 2
1102.82 1107.92 1
977.626 620.894 3
482.656 273.002 1
172.422 99.8756 3
823.951 1237.7 2
637.662 281.726 3
311.026 280.809 3
169.568 451.117 3
848.228 629.898 4
1192.41 386.302 2
828.004 165.762 3
793.525 58.686 3
1181.26 471.74 2
634.086 865.647 4
814.751 377.124 2
548.088 772.952 1
850.014 709.179 3
492.345 164.951 3
415.021 1193.15 3
912.695 37.8697 1
359.438 555.857 2
203.246 634.916 4
1058.72 1073.22 1
200.235 269.026 3
745.582 578.932 4
8.02947 877.769 1
992.415 560.991 2
8.06807 144.964 3
39.6069 491.033 1
964.586 823.068 3
1091.35 1029.83 4
959.395 657.451 2
623.751 18.6839 3
82.3792 845.882 4
1166.74 199.819 3
438.028 231.967 3
802.847 766.321 3
847.842 1167.48 2
315.118 1163.23 1
668.067 610.75 3
304.756 567.592 3
1028.62 676.251 1
125.19 69.756 3
1163.81 23.6729 2
164.08 671.503 3
746.415 832.324 4
306.745 1184.5 1
1201.49 64.8148 2
476.062 331.37 4
149.939 1119.66 2
945.894 512.457 2
13.8199 83.6163 4
818.914 327.934 4
874.7 1208.68 2
1233.34 635.263 4
1023.68 880.934 1
1058.58 284.737 4
1070.24 1148.6 2
508.53 67.324 2
467.446 186.192 2
61.2633 52.5004 1
1143.5 527.358 1
343.877 394.332 4
183.176 102.221 1
1091.1 1252.25 2
731.906 235.209 4
666.6 1209.98 3
1257.18 176.957 4
863.399 985.078 4
1099.11 272.963 4
53.3719 1021.8 3
1107.82 42.9359 4
1185.39 97.1734 1
380.319 1065.02 4
619.736 95.5043 4
111.508 26.2116 4
727.63 764.266 1
105.58 251.268 4
826.34 1015.54 4
1076.49 609.785 1
188.615 1134.67 3
506.087 1197.01 3
184.071 357.815 4
10.0754 351.916 4
774.949 991.793 4
40.7243 303.228 4
10.2298 363.411 3
193.17 922.24 3
96.8219 1240.94 3
29.1454 1166.51 1
301.221 769.516 1
273.928 1214.12 2
145.764 152.569 4
612.994 1156.68 4
441.303 306.664 3
185.064 655.868 1
893.973 851.278 4
909.183 155.108 4
287.096 908.372 1
918.988 927.065 4
1216.5 824.728 4
399.013 534.461 2
729.523 690.727 4
462.415 635.524 4
1071.32 1036.15 1
472.619 231.079 3
831.777 1077.49 1
1170.11 391.863 3
440.385 528.448 4
263.969 621.443 1
199.115 450.345 4
146.962 133.567 4
408.962 441.968 4
1083.51 130.247 2
900.35 564.188 3
1185.2 265.358 4
18.7226 524.154 4
812.049 708.609 3
140.709 131.8 3
308.826 960.573 3
208.959 180.123 3
955.986 407.688 3
753.457 227.411 1
530.447 1185.4 1
389.214 1191.0 2
193.219 444.332 2
247.186 228.492 2
844.185 741.683 3
569.474 649.971 2
58.3843 1043.76 4
1102.24 522.233 4
905.993 784.45 4
891.502 249.733 3
972.878 1241.6 4
418.292 532.424 3
692.596 559.901 2
734.889 247.61 4
146.576 1216.08 4
136.963 10.0368 2
973.725 1107.84 4
424.095 1120.54 4
388.58 1033.64 2
26.1201 933.387 2
1060.2 90.9491 1
1158.37 290.568 4
768.667 859.886 1
963.146 387.306 4
854.791 899.223 3
314.848 565.353 4
1160.37 164.064 3
87.166 983.764 3
1246.89 405.565 1
1021.82 429.586 2
1172.65 1004.7 2
1182.07 138.508 4
43.0426 477.531 1
730.99 361.056 1
733.648 313.158 4
583.256 617.188 4
202.041 985.086 3
389.159 204.645 3
377.054 753.235 4
783.027 212.742 4
1024.14 1011.29 2
12.2372 284.746 1
1027.42 759.295 1
370.127 320.6 4
865.543 923.157 3
420.791 210.503 3
643.014 529.868 4
166.496 1064.49 3
92.7635 805.774 3
692.271 1001.25 1
433.707 1059.66 1
1250.23 1097.61 2
674.183 428.273 2
1112.54 688.227 4
331.368 64.5151 3
1196.0 983.001 2
947.172 89.8296 3
1115.84 166.273 1
37.7925 96.0465 3
1091.08 218.61 2
318.554 1119.35 2
941.262 775.933 1
613.482 719.757 1
967.927 418.652 1
468.19 386.697 2
421.933 662.749 4
838.157 148.622 1
746.895 1169.18 4
678.762 889.341 1
968.757 1085.75 1
901.234 1210.83 2
28.7208 1190.11 2
1136.25 1079.66 4
847.716 255.485 1
741.838 1134.83 3
534.23 1209.02 3
1048.15 593.109 4
517.128 382.181 3
351.564 208.264 1
323.048 408.074 3
203.169 162.837 1
724.968 157.694 4
1005.46 741.066 2
626.24 663.126 3
485.397 1038.73 1
1062.86 287.324 4
942.311 195.836 2
616.005 431.863 3
726.358 1218.09 3
778.704 189.735 4
282.112 938.762 3
725.068 17.2942 1
728.838 776.581 2
0.0772064 817.277 2
605.926 1128.19 4
786.268 976.747 4
626.122 470.38 4
255.935 670.885 3
87.9767 880.964 2
1221.3 813.178 3
818.565 740.727 3
721.918 576.702 4
576.961 82.302 3
727.725 400.701 4
898.296 936.137 2
138.97 438.997 3
920.934 727.786 1
109.903 760.637 1
92.608 859.384 3
1186.01 335.085 2
911.292 457.496 3
927.635 299.454 2
712.422 43.3991 3
1225.2 1015.88 3
1123.12 234.285 4
1209.48 1123.47 4
838.384 175.808 3
794.019 963.815 4
1146.95 925.589 2
1177.82 966.701 3
148.931 645.523 2
645.677 758.06 4
861.408 468.527 2
641.152 396.889 4
1203.88 709.295 3
52.6324 431.168 4
1051.78 492.432 4
1177.78 823.029 1
881.388 691.576 1
1119.11 1166.82 2
398.722 728.597 3
1049.66 709.025 1
1200.58 1122.09 1
111.39 112.769 4
639.192 1200.48 3
1128.68 763.031 1
109.667 924.238 4
486.951 727.556 3
607.46 767.702 3
1095.13 443.977 4
1237.43 605.839 3
250.986 393.144 1
59.5484 699.492 3
1034.63 318.862 1
927.398 1067.57 4
519.88 897.138 4
1034.55 349.938 3
207.492 689.424 3
1074.95 118.019 1
455.248 293.693 1
326.284 943.153 3
1078.46 70.335 4
942.359 360.679 2
47.9045 908.883 4
1203.92 13.6361 3
2.31619 962.648 4
477.895 692.734 3
735.661 1020.17 3
1253.98 674.398 2
90.2502 1044.06 4
234.157 474.944 2
911.625 815.0 2
165.849 897.07 4
312.114 1114.78 3
1002.91 270.608 2
1007.33 1017.31 4
971.681 186.376 4
568.046 158.157 4
546.977 1112.16 2
819.503 99.9528 3
700.408 643.438 3
1128.49 1014.62 4
762.954 836.0 2
62.0353 1014.92 1
1169.64 875.057 2
346.078 1083.75 3
261.425 1146.67 2
382.08 829.129 2
381.593 906.405 3
980.017 175.259 3
1072.86 908.574 3
901.771 1191.22 3
683.933 249.145 1
307.243 898.151 2
974.58 36.1803 4
1221.17 655.444 1
1219.09 957.33 2
429.383 112.8 4
233.868 1112.74 4
260.919 525.698 4
382.133 816.458 2
1166.05 1139.81 1
682.234 912.309 2
1099.97 1173.0 2
1050.71 400.44 2
568.333 593.881 1
904.357 108.677 4
1177.28 101.604 2
884.94 521.299 1
1102.25 81.4141 3
758.785 787.63 4
951.821 648.534 1
194.645 9.77575 4
30.0333 154.104 4
684.396 1152.39 2
303.832 87.0502 3
987.708 328.05 1
631.78 989.747 2
1100.11 877.644 2
321.195 434.45 3
1081.16 338.289 3
1147.44 852.059 1
1231.91 703.475 3
809.972 235.634 3
257.365 802.097 3
558.257 708.021 1
997.777 1056.57 3
995.654 902.899 3
1078.26 528.941 2
505.944 203.825 1
252.504 834.803 2
761.95 849.386 2
951.406 901.348 3
846.341 19.3493 3
964.318 371.681 3
958.595 476.797 1
1130.97 365.032 2
615.063 308.101 2
43.2742 887.999 4
595.229 353.421 4
314.651 594.219 3
542.552 332.914 4
437.565 10.046 4
168.005 501.108 4
895.237 664.245 2
1115.75 784.696 3
457.255 844.175 1
334.212 580.631 4
425.186 491.119 2
313.998 791.752 4
930.106 310.61 2
180.817 697.801 2
337.932 608.164 4
378.89 25.6803 3
863.127 543.079 3
930.914 870.164 1
1129.57 50.2228 4
680.018 967.782 4
702.347 524.434 3
664.83 129.407 3
306.471 789.63 3
158.891 201.942 1
860.096 69.6788 4
481.591 368.824 3
515.515 1074.29 2
779.26 704.624 4
854.057 271.042 2
841.688 599.015 2
732.457 512.158 1
562.536 455.102 3
454.195 130.835 3
995.117 1116.87 4
189.619 745.08 4
914.008 994.891 3
277.982 343.337 1
1001.55 27.0608 4
1242.13 592.25 4
701.497 381.1 2
485.864 1026.11 3
426.836 541.371 1
754.538 1198.13 3
76.3185 1034.14 3
713.875 594.373 2
239.582 310.997 4
1153.72 1136.14 4
233.511 1091.47 1
202.397 1262.68 1
1174.27 534.732 4
880.947 109.411 2
350.44 281.619 4
330.482 1146.52 1
742.147 1229.28 1
93.4421 196.731 3
1202.45 1173.66 4
447.025 604.796 4
12.1986 246.143 2
723.733 936.446 4
599.673 33.7778 2
885.905 617.072 3
5.52026 1088.84 1
833.382 1068.69 2
560.909 534.77 4
348.741 609.081 1
991.948 809.162 2
152.751 200.669 4
806.691 1136.6 2
217.447 784.11 4
477.792 53.9287 1
1080.88 526.094 3
1047.44 10.3071 2
600.01 711.536 4
574.292 343.346 2
289.412 235.064 3
888.115 1048.12 1
1001.17 1212.34 1
95.0025 703.929 1
973.689 986.929 4
792.176 356.385 3
416.837 612.363 3
171.244 50.9948 4
717.516 273.204 2
1010.98 790.487 4
972.155 914.133 4
31.3844 489.112 2
992.72 538.91 4
23.4707 450.615 4
712.383 346.318 1
1124.05 395.297 2
683.783 818.397 3
867.22 797.542 4
455.68 666.523 4
1080.72 970.995 3
260.98 1155.2 2
760.83 407.736 4
1188.04 365.611 3
722.778 498.869 4
63.7059 1191.06 1
884.537 415.38 4
739.02 1263.8 2
379.161 154.19 4
386.302 507.786 4
432.587 223.126 3
350.198 123.308 3
27.5241 897.302 2
99.0558 283.386 4
133.203 87.3682 2
862.188 28.4506 4
971.064 501.612 1
218.222 761.834 3
1048.04 236.647 3
958.656 578.748 1
781.174 40.4948 2
532.222 1148.14 3
405.218 441.391 3
571.52 1237.82 4
429.138 251.423 4
1017.04 566.386 1
132.448 120.992 3
636.104 548.792 2
613.405 44.1712 4
129.191 571.868 3
1023.51 245.246 3
730.409 885.21 3
1204.03 355.344 3
178.184 1246.61 4
406.419 796.075 1
13.3953 615.181 2
51.1878 9.62133 3
966.586 1050.01 3
790.98 822.991 4
266.74 1176.7 4
279.217 1222.15 4
536.198 1217.05 3
531.095 34.2024 3
234.332 1019.02 3
1186.59 874.796 2
676.421 576.162 2
403.828 1134.55 4
388.32 1130.31 3
846.028 370.127 2
761.04 788.47 2
52.3236 361.374 3
1006.96 60.3754 1
418.266 450.924 3
17.6031 989.602 1
118.898 950.411 4
887.951 711.187 2
955.12 906.089 2
392.324 1013.11 4
931.958 868.611 4
461.501 616.841 4
817.941 623.519 2
996.217 46.015 4
396.569 558.289 3
328.954 503.965 2
1196.63 801.875 2
1016.77 1154.08 3
234.9 24.3292 1
158.31 263.274 1
820.453 545.851 3
225.404 937.295 3
490.376 852.754 2
469.615 269.142 3
82.3711 1123.05 4
184.716 492.538 4
627.765 262.279 4
299.23 925.637 4
846.7 165.54 4
484.779 1207.55 4
998.12 1073.33 2
294.504 971.69 2
2.20038 743.507 2
1028.15 106.969 3
654.17 700.108 4
1059.93 2.58641 3
639.655 87.0594 3
808.355 316.285 2
1219.4 1139.99 2
1075.14 547.509 3
572.309 956.095 2
1219.4 999.446 2
75.2986 514.503 3
427.831 558.327 4
333.973 546.36 1
1098.45 706.709 1
456.444 885.451 3
174.787 144.839 1
1139.91 575.884 2
882.894 496.678 2
261.112 279.605 4
632.473 842.061 4
806.372 1152.77 2
1246.84 553.888 1
232.82 862.202 1
116.927 1163.05 1
127.228 609.699 2
486.508 1256.74 4
869.527 769.718 3
490.492 817.393 4
383.098 1062.99 2
344.379 176.889 2
1254.56 887.719 4
905.979 221.823 3
446.407 646.681 1
1072.2 830.123 2
191.966 220.0 2
758.398 1250.37 3
168.387 286.831 4
1192.36 1041.48 1
55.4057 51.39 4
86.656 441.505 3
295.083 295.739 1
798.491 476.441 4
89.0962 517.476 1
879.304 77.3222 2
13.2795 559.987 4
572.756 1024.88 4
544.449 519.483 3
337.589 128.857 4
1174.93 698.804 2
1215.04 1216.23 2
316.546 180.277 2
631.847 368.082 3
1133.79 174.766 2
775.715 620.085 4
707.645 1029.75 3
588.697 438.571 3
353.335 1043.29 1
930.106 997.738 4
1163.65 674.368 4
439.15 88.5943 4
1089.96 539.21 4
287.525 424.567 4
247.833 572.022 4
514.967 1093.05 2
894.32 803.489 4
618.573 1200.75 2
105.756 653.947 1
600.936 757.897 4
904.396 1260.52 3
816.313 840.507 3
310.022 1246.39 4
95.1569 593.138 4
283.467 797.204 3
555.346 280.847 4
348.855 86.1237 4
914.355 117.324 1
1092.22 466.22 3
44.4709 937.363 4
861.739 443.599 1
100.059 366.344 3
515.005 772.884 4
483.058 480.648 4
579.666 948.606 1
40.4948 1220.26 1
672.892 818.542 2
924.654 1002.68 1
220.66 609.738 1
924.622 905.37 4
862.82 1097.92 4
266.563 1207.97 3
1100.88 419.308 2
258.989 362.069 3
1090.31 272.779 4
887.37 1156.94 2
919.374 141.212 4
149.008 853.054 1
9.03315 784.696 3
224.786 773.656 4
317.82 496.639 4
697.212 1174.73 4
676.791 920.802 2
604.144 1247.42 1
926.091 235.604 1
876.506 934.429 3
845.642 36.673 2
140.245 338.328 4
277.75 293.495 4
1196.27 609.747 3
162.79 39.8385 2
35.8624 1025.26 1
789.374 132.843 1
488.678 875.684 1
800.76 656.99 1
439.073 257.522 2
552.721 700.503 4
397.304 1129.11 4
1013.82 849.125 4
588.739 1136.91 4
589.046 757.829 3
733.53 978.321 4
988.593 592.645 4
440.261 803.535 1
376.597 144.762 4
686.735 369.548 1
37.3984 657.105 3
327.124 899.841 4
1204.42 738.643 1
801.943 1213.18 1
317.634 407.497 4
84.4252 219.237 3
320.622 1158.25 3
1006.62 205.069 4
1240.12 909.153 4
7.33461 849.695 4
1122.5 216.062 3
34.7429 928.291 4
651.173 604.033 4
69.0611 318.862 3
889.92 210.466 4
759.595 700.194 3
437.004 777.623 3
645.523 191.163 1
525.278 1055.99 1
439.115 593.254 3
157.038 1119.23 4
895.247 74.5519 1
547.692 681.617 4
133.142 241.233 3
1254.06 55.0868 3
1145.4 283.116 3
60.2596 1073.52 1
361.09 999.977 3
848.158 552.952 3
294.967 222.625 3
1070.39 349.87 1
198.032 671.58 1
405.681 1153.24 3
869.19 54.7871 4
1110.88 33.7097 4
305.39 660.232 4
1188.63 345.192 4
1197.82 1199.64 4
114.938 428.698 4
734.564 119.168 1
317.55 416.336 4
1259.46 225.104 2
853.478 674.243 4
213.283 75.2376 1
660.848 172.788 2
848.85 835.846 3
1078.38 321.342 4
880.655 151.247 1
248.72 317.28 1
1176.53 1176.59 2
1198.32 843.403 2
105.194 36.1326 4
759.514 858.072 2
1239.15 166.804 4
1233.64 194.569 2
1153.46 270.029 3
320.25 168.396 3
506.273 398.51 4
469.947 593.601 3
845.256 346.01 1
1171.49 1141.84 2
1198.9 555.77 2
1072.03 1025.61 2
282.458 254.588 1
197.996 1057.97 4
250.265 153.611 3
483.312 579.202 4
216.298 830.518 3
32.1869 1141.19 2
799.966 454.292 3
214.865 436.757 4
320.431 877.76 4
932.731 929.256 1
1175.28 138.933 1
531.18 666.339 2
1122.86 1119.57 1
395.152 634.646 2
46.2121 250.651 2
263.136 1251.37 3
1068.38 54.6235 3
918.332 814.305 3
529.209 480.803 2
235.827 968.13 2
478.548 1197.9 2
802.686 1097.92 3
274.507 1232.3 2
746.344 680.652 3
653.64 273.465 1
82.9583 415.403 4
1098.61 593.254 3
1101.35 653.909 4
602.811 470.158 4
738.402 292.428 1
511.811 1174.46 4
949.501 559.052 4
945.732 1038.71 2
597.269 222.672 4
1028.08 770.297 2
536.975 162.404 1
891.783 349.552 4
994.945 669.697 2
1157.98 987.856 3
1151.11 118.328 4
295.276 675.903 4
509.02 448.299 1
364.65 885.219 3
699.181 867.491 1
74.0836 580.167 3
268.833 818.388 4
880.068 696.334 3
445.627 572.417 1
855.563 110.714 2
162.111 545.656 1
667.988 804.384 3
306.469 804.954 1
435.135 439.275 1
779.474 634.289 2
857.377 532.579 3
959.623 1236.16 3
1066.72 501.185 4
463.964 181.242 4
992.797 315.899 1
686.131 1000.83 1
249.647 60.8386 1
406.547 431.245 3
598.234 939.032 2
189.796 580.949 3
214.672 585.533 4
427.077 743.691 3
388.889 368.592 1
535.002 875.723 2
1072.13 753.196 4
1216.43 1104.24 2
382.491 1020.24 1
1065.64 509.562 1
983.055 689.733 2
692.04 1264.46 3
1141.76 1060.25 4
1064.48 754.075 3
212.889 21.0865 2
1142.35 383.291 3
420.389 1253.72 4
1077.11 1215.62 3
566.734 540.57 1
1143.84 1236.47 4
132.949 1209.95 2
47.4535 1077.89 3
733.384 207.685 2
464.035 310.061 2
0.270222 1130.85 1
397.379 231.397 3
476.451 916.604 2
668.067 476.672 4
1236.85 1066.15 3
1013.64 483.514 2
373.988 1081.67 2
248.917 458.374 3
545.069 1081.05 4
689.071 512.805 1
418.729 581.258 4
958.142 285.943 1
126.387 1014.62 4
191.458 1187.74 2
923.63 477.29 4
158.85 1183.96 3
734.926 1226.85 1
63.8659 14.6692 2
55.8507 71.5409 2
377.917 693.429 2
1037.77 351.984 4
991.59 510.305 2
654.109 1165.78 2
1019.7 1051.32 3
183.01 687.957 2
281.19 651.854 2
761.464 915.368 4
496.486 1120.42 2
882.894 1139.8 3
1223.45 725.363 2
638.442 786.695 4
1186.12 34.945 3
526.101 937.218 3
599.613 490.386 3
481.498 230.972 4
698.718 508.057 3
255.112 280.105 3
1020.32 890.739 1
1119.07 753.235 3
467.369 39.4616 3
1144.74 629.164 1
927.55 674.909 4
130.56 919.113 4
707.357 497.45 3
571.212 582.03 4
1226.54 815.618 4
90.9491 173.183 1
3.70591 294.706 2
342.1 632.938 1
1162.61 977.087 3
416.185 944.659 4
984.451 720.838 2
761.178 894.359 2
56.2997 401.482 4
164.409 1017.7 4
643.19 549.555 4
1262.95 1215.39 3
880.009 332.537 4
847.572 865.531 4
1193.11 432.935 4
29.3303 770.49 4
896.917 250.342 2
1173.47 773.231 2
1030.36 849.695 1
633.787 1256.53 4
1084.66 623.326 2
1049.96 948.104 4
791.518 271.467 2
272.285 534.423 4
162.162 563.568 2
545.681 905.447 1
668.624 1114.29 3
756.314 434.788 3
839.735 186.299 2
369.65 124.959 1
792.373 114.227 2
513.886 826.195 3
627.645 927.953 2
900.572 600.666 4
798.507 78.7891 3
200.582 524.048 3
1221.22 421.942 4
266.856 316.934 4
142.07 679.687 4
1017.56 1198.95 2
79.9188 127.468 3
1230.94 759.055 3
1237.01 299.917 3
990.983 370.977 1
1038.31 992.806 4
843.441 591.015 3
1011.27 876.64 3
345.383 257.956 1
370.282 356.432 3
685.707 795.891 4
350.61 39.7704 4
318.383 1055.99 2
369.78 1102.67 4
1194.07 508.559 1
615.296 1042.52 4
1038.97 1139.0 1
708.038 333.734 4
670.162 831.059 2
694.163 100.214 4
805.88 405.574 4
140.554 706.448 3
1213.84 1224.27 2
540.175 806.546 1
695.668 940.799 3
849.744 727.255 1
1026.9 971.42 4
1160.53 584.655 3
1238.81 635.872 1
160.008 418.613 4
1232.99 393.832 4
720.606 743.661 2
255.901 475.562 4
195.722 167.817 4
547.934 1243.03 2
1020.09 700.416 1
297.023 244.522 2
1183.39 869.508 4
1087.93 107.094 2
769.862 316.903 4
234.023 251.191 3
183.022 788.895 2
293.616 1075.8 4
1092.13 920.418 3
224.585 39.1142 1
788.436 1009.37 2
144.511 382.751 3
531.519 1264.88 1
627.997 204.018 3
479.476 26.4523 4
1036.42 415.332 2
1120.69 637.85 4
845.642 1245.12 3
563.993 703.505 3
571.405 594.537 3
504.274 561.638 2
885.692 175.915 2
248.062 999.244 4
1225.54 377.433 2
885.44 581.798 3
1264.43 1250.68 2
1208.13 1000.94 4
1262.14 665.451 2
49.8083 993.994 1
649.458 604.101 2
1135.58 91.962 1
581.104 616.455 2
162.607 339.206 4
253.653 624.377 2
1261.51 404.107 4
81.916 374.49 2
1243.59 708.716 1
320.6 449.968 3
491.033 1149.06 2
1226.44 255.408 2
754.886 174.486 1
1253.68 46.6327 3
388.194 292.274 2
2.74083 542.568 4
201.822 1079.16 4
971.951 552.768 4
516.279 1185.97 3
827.923 826.272 4
328.105 721.532 3
455.201 507.825 2
72.2042 440.819 3
37.3598 317.125 3
1003.95 1168.6 3
386.731 1040.98 4
660.665 409.473 3
205.485 700.378 2
420.852 866.642 1
601.243 153.495 3
690.627 879.699 3
1168.36 593.1 3
391.745 1183.23 3
446.771 634.684 2
533.921 153.293 1
189.542 1121.81 1
42.4168 542.423 4
173.637 1178.53 4
339.978 191.781 1
1232.83 1025.85 2
383.754 181.058 4
176.691 709.45 1
699.644 224.748 4
117.126 501.31 1
618.539 165.917 1
593.987 562.526 3
2.93384 207.917 3
81.8388 282.855 3
516.665 415.302 3
732.998 624.986 1
1161.42 1122.77 4
141.635 767.2 4
253.893 503.849 1
960.949 212.713 3
914.894 909.607 1
706.207 857.849 2
961.567 361.605 3
716.63 1252.41 4
675.406 77.563 3
206.952 362.291 4
64.892 180.084 1
1150.18 601.756 4
361.558 1110.34 2
702.617 525.081 1
533.269 264.934 1
249.214 898.76 3
103.804 1244.34 4
1172.04 1090.0 2
129.321 61.3405 3
894.389 0.656254 1
225.481 1138.18 3
550.25 1091.24 4
843.594 682.775 4
813.022 229.042 1
468.064 732.38 2
343.014 9.80521 4
721.146 54.401 3
893.733 73.9343 4
461.926 79.484 4
1046.22 500.924 4
1201.38 897.486 4
648.65 109.14 3
276.051 872.094 1
605.8 58.107 1
681.891 557.671 4
226.92 1098.31 3
1263.94 979.411 3
50.5742 1010.41 4
1052.75 731.338 3
95.3092 1255.96 1
948.288 1033.73 3
698.988 468.643 1
549.616 373.92 4
441.582 6.71696 2
1157.36 1079.73 4
149.549 1087.65 3
794.856 334.583 1
116.504 981.179 2
790.825 1004.46 3
952.727 756.507 1
1176.03 1184.89 2
860.002 865.715 1
96.122 509.176 2
1035.14 1142.69 4
1130.61 944.311 4
662.693 453.674 1
1016.31 1181.53 4
825.877 630.699 1
1176.47 75.3552 3
393.637 1223.73 2
802.869 656.061 4
10.8861 201.749 1
492.229 971.111 4
879.265 702.964 1
647.762 1147.4 4
1224.84 965.861 4
852.976 711.573 2
660.424 839.513 1
341.636 700.339 3
179.497 1155.36 3
182.701 241.386 2
309.988 640.899 2
1260.39 727.863 3
82.8425 78.6053 2
37.9449 1211.53 1
1111.69 564.388 1
1180.33 450.461 1
92.1316 236.059 1
1027.89 260.147 2
594.577 840.787 4
901.608 1201.02 4
731.608 1024.1 2
156.843 1064.42 4
583.024 6.21512 3
309.364 1008.21 2
384.524 649.036 2
3.08826 474.704 1
805.71 1144.43 1
428.981 832.864 3
667.685 479.036 3
1216.7 15.7115 1
1101.85 149.896 4
816.072 307.359 4
842.86 347.467 1
303.846 859.316 2
726.319 814.614 4
407.727 1087.8 4
1208.62 1248.98 1
1176.17 1041.68 2
1032.86 1145.9 2
869.74 879.728 4
711.959 1164.36 3
821.206 494.43 3
921.15 727.67 4
1210.56 921.468 1
1051.63 829.553 4
9.57359 327.162 4
225.945 764.005 3
589.186 650.232 4
138.563 1231.18 4
1243.49 758.292 4
558.318 985.626 2
818.195 1172.22 3
25.0392 713.551 1
866.063 22.0902 1
264.771 1128.69 4
960.754 688.15 3
105.464 325.473 1
281.704 1088.62 3
344.148 1202.0 4
1152.3 1247.32 3
564.302 235.943 1
1077.3 1094.21 1
702.964 964.085 1
218.525 732.582 4
317.765 388.203 1
91.5668 492.2 1
1264.26 454.475 2
991.592 536.709 4
858.011 753.341 3
649.576 851.857 3
374.065 908.024 2
563.83 1253.88 4
131.251 460.768 2
706.747 764.159 1
315.309 757.134 3
786.857 543.687 2
858.302 817.007 3
2.50921 972.376 3
76.1255 879.506 3
1163.91 172.17 2
838.929 477.676 3
800.322 1055.92 4
368.583 96.8646 4
1158.4 1025.03 4
1083.91 457.604 3
594.566 712.538 4
325.271 340.326 2
83.8462 140.602 2
1129.87 192.909 2
799.279 288.259 3
702.692 1120.93 4
420.968 816.458 1
530.946 424.606 2
97.5726 153.727 4
1005.08 660.819 4
532.107 221.235 2
296.747 98.2837 2
1189.69 478.873 1
1120.97 987.315 2
1110.52 381.332 3
1232.18 41.1215 3
248.564 834.417 4
648.52 139.358 4
279.723 1036.11 2
1263.78 1235.04 2
925.821 177.729 3
620.817 27.6399 4
1034.76 64.3129 4
183.375 358.16 3
455.213 854.182 3
