cost_init,cost_final,confilct_init,conflict_final
604.6 140.49999999999994 180 24
gapx, gapy = 20,8
minX, maxX = -20,500
minY, maxY = -20,500
324.734 68.6331 3
274.691 278.739 2
104.955 290.19 3
356.466 25.6199 4
187.448 157.62 3
324.596 218.184 2
83.5685 326.604 3
334.329 219.601 1
12.611 84.906 1
433.121 429.295 3
420.635 49.4373 1
391.761 69.0194 2
129.772 364.901 1
42.5963 56.0294 2
214.622 60.5869 3
19.1349 349.283 2
145.245 210.786 1
231.898 425.799 2
302.514 188.635 2
124.785 142.75 2
381.97 152.406 3
165.031 343.598 1
130.778 66.863 1
363.012 291.748 1
347.158 370.703 4
93.2378 143.225 1
158.823 53.5171 4
349.665 244.607 3
162.401 302.323 2
228.936 296.182 2
299.998 183.23 4
80.4021 252.261 4
207.236 192.484 1
169.976 281.921 1
107.398 405.869 3
169.812 253.86 3
88.6184 179.04 4
107.194 240.92 4
237.33 224.856 4
295.494 322.62 3
283.816 47.1549 1
283.025 90.0262 4
368.654 271.587 4
322.714 404.549 2
138.98 200.714 1
265.517 163.147 1
325.293 200.671 3
257.025 117.007 1
310.649 258.951 1
234.614 348.441 1
160.709 162.974 2
203.979 221.268 3
249.97 31.5003 4
64.2142 128.924 3
284.062 125.168 2
154.608 129.374 2
205.245 415.32 3
259.236 394.847 1
68.2142 378.003 4
306.377 316.008 4
185.099 230.276 4
366.73 111.07 1
435.984 439.695 1
92.0976 162.949 3
321.18 78.9648 3
161.76 382.059 4
297.737 342.34 3
202.614 347.447 1
387.451 104.589 4
110.415 414.813 1
342.297 268.216 2
197.979 86.3349 2
264.395 333.237 4
382.671 371.329 2
354.387 191.254 4
74.8556 425.788 2
272.788 363.893 4
312.299 103.836 4
9.88136 324.993 3
350.174 13.2 2
263.805 181.914 4
101.684 446.724 2
163.234 299.541 1
127.143 316.52 3
171.394 34.3391 2
208.014 42.105 4
82.4903 427.737 1
286.355 2.96168 3
70.9365 102.198 2
338.957 22.0031 1
59.4268 261.558 4
107.886 18.6982 2
196.044 255.537 2
33.957 204.233 4
51.3449 233.222 1
344.701 297.847 2
171.518 108.138 3
361.194 28.3612 1
36.7549 287.559 4
83.3795 227.478 3
436.128 227.117 4
425.867 330.111 3
279.599 101.464 1
121.574 64.2971 4
416.927 288.579 4
186.41 14.7633 3
341.129 165.46 3
240.396 119.425 3
41.9412 14.7559 3
327.682 378.522 3
164.175 391.244 4
295.09 141.385 4
413.871 287.565 3
147.838 319.686 4
137.78 355.565 1
226.261 254.447 3
265.091 423.748 2
395.118 165.883 4
425.985 230.547 3
108.081 86.5848 3
411.11 316.054 4
60.6415 301.9 2
337.945 49.8026 4
133.63 317.964 1
344.783 162.633 4
355.975 180.091 4
315.217 45.601 4
93.0131 124.106 3
221.691 238.465 3
427.218 358.161 3
179.311 138.735 4
331.269 394.872 3
0.573228 67.0016 3
186.763 416.873 1
78.1155 249.971 3
200.739 23.2451 4
215.431 171.231 2
280.864 194.311 2
380.446 66.2646 3
22.8609 409.394 2
261.998 108.902 1
208.586 446.834 4
179.543 129.604 3
162.183 261.802 2
381.688 348.812 4
328.158 305.724 1
177.93 28.0294 3
362.758 391.538 4
85.494 402.395 3
42.6236 361.559 2
152.915 334.126 1
27.1192 323.862 1
3.83517 132.58 1
15.6819 173.388 2
113.521 83.2703 4
13.894 275.22 3
112.107 230.438 3
425.651 156.93 3
129.995 206.485 2
256.615 275.678 2
19.3533 390.505 2
120.136 110.492 2
201.686 371.904 3
412.642 2.19738 2
287.715 445.783 2
10.8231 293.52 3
270.047 82.5722 2
24.3486 32.1554 3
87.1507 192.061 2
260.71 376.539 4
228.8 288.102 3
216.257 209.419 4
420.862 127.079 2
66.1533 412.317 4
207.14 0.696063 3
135.369 125.223 2
402.761 94.7737 3
379.3 183.87 4
387.407 249.684 4
245.587 139.761 3
294.499 242.887 1
61.0299 377.921 2
146.751 393.059 1
358.336 260.164 4
393.753 79.242 4
353.013 396.374 1
223.777 63.6441 2
250.501 411.116 1
44.4388 172.435 3
404.044 169.102 3
89.8467 262.689 1
228.882 324.611 4
8.17533 239.434 1
381.483 37.221 2
364.953 423.672 4
2.34751 26.043 2
284.862 16.61 3
132.268 191.761 2
254.604 120.296 2
44.0021 110.428 2
151.701 189.399 3
274.508 156.862 3
328.569 438.41 1
248.162 377.528 1
354.602 113.16 2
381.101 208.942 1
134.941 145.766 4
4.4357 427.082 3
93.1496 158.634 1
269.021 346.899 1
166.261 55.18 1
2.25197 155.703 1
263.003 193.549 3
32.59 353.573 4
353.336 259.618 2
225.874 221.744 3
355.907 69.6609 2
445.413 288.702 2
91.5664 300.372 3
26.2866 195.771 4
366.776 351.798 1
314.626 279.694 3
253.287 163.179 3
134.976 355.445 3
267.648 304.807 3
383.08 139.759 1
67.6955 90.884 1
147.378 384.024 3
147.44 104.794 3
203.252 42.7601 3
303.848 376.788 2
226.002 346.914 4
379.054 413.284 4
40.3255 426.593 3
277.866 59.8887 3
307.931 166.359 3
331.394 218.307 4
223.177 408.739 3
46.7234 399.786 3
151.633 202.659 4
285.658 148.386 1
344.563 338.637 4
135.555 406.323 1
219.505 100.03 4
38.8483 220.038 3
163.004 280.595 3
166.087 237.357 3
190.066 265.678 1
387.216 192.113 4
437.887 57.6934 1
386.475 40.9858 4
278.057 288.02 1
358.022 248.196 4
145.355 84.294 2
35.1727 46.5407 3
226.246 74.9974 1
272.599 356.452 2
366.151 122.605 2
8.31181 172.994 3
326.407 221.225 1
58.4556 262.62 2
445.7 386.683 2
2.38845 15.8341 3
101.019 292.346 1
27.1748 206.867 3
147.072 446.861 2
127.147 310.733 2
290.859 209.694 1
330.166 133.346 1
