cost_init,cost_final,confilct_init,conflict_final
523.4 140.4999999999999 152 22
gapx, gapy = 20,8
minX, maxX = -20,500
minY, maxY = -20,500
135.323 249.343 4
167.725 65.2252 4
400.168 411.908 4
221.007 364.957 1
371.11 184.063 4
82.9953 130.573 3
383.176 186.19 2
349.491 323.235 1
342.454 138.667 1
9.17165 401.587 1
148.357 421.186 3
226.234 295.445 3
247.654 148.031 3
254.964 171.177 2
39.4845 106.416 4
192.509 433.729 4
357.297 235.174 4
232.907 231.532 4
392.017 265.882 3
319.693 99.2934 4
353.109 108.977 2
239.997 80.6908 3
142.873 358.814 2
350.242 211.821 4
98.7926 384.775 2
239.778 258.473 4
321.813 308.29 4
427.732 292.171 3
147.999 302.16 2
66.2614 5.43202 4
314.672 348.468 1
407.097 250.678 3
375.857 338.519 3
179.243 42.6373 3
157.883 33.1108 4
122.739 342.941 3
326.535 204.576 4
133.944 321.69 3
153.95 404.176 1
385.295 211.496 1
132.713 252.33 2
53.285 372.273 4
84.169 375.999 2
52.2866 274.863 1
349.342 397.925 4
192.905 56.7223 1
203.567 412.151 2
413.614 371.973 4
212.451 178.793 2
302.992 19.5307 2
373.335 61.5811 1
101.925 157.552 4
138.789 407.292 3
348.887 253.792 3
332.549 110.742 3
386.902 427.86 2
445.768 225.69 2
329.698 286.248 3
254.718 75.8866 1
433.089 21.1024 1
61.7312 238.042 3
231.898 332.431 3
236.989 392.663 1
256.37 1.00997 3
353.433 155.429 3
207.471 20.5701 3
295.622 43.4152 4
48.1375 147.731 4
264.64 100.26 2
250.487 328.709 4
189.73 388.665 1
379.75 48.2625 3
186.968 272.666 4
137.554 272.147 2
381.429 328.325 4
309.747 418.295 4
143.089 379.097 1
304.316 124.363 3
322.086 73.9895 3
48.1648 212.138 2
359.1 77.9884 4
142.124 179.393 2
145.081 106.554 4
131.024 174.782 4
170.795 287.119 1
94.1659 334.793 1
266.183 438.194 1
247.389 237.876 1
63.6136 435.833 3
168.443 51.2105 3
444.289 205.27 3
34.716 46.106 1
353.45 348.591 1
18.4252 95.9905 3
92.927 318.922 4
350.797 166.429 1
194.256 316.245 4
11.7785 395.011 3
48.1512 18.3979 3
219.705 197.698 3
173.23 229.648 3
6.67401 172.938 1
394.804 311.072 3
430.317 92.4903 3
267.793 307.032 2
91.0362 36.9459 3
19.9265 64.5018 3
339.692 4.12178 4
191.786 354.407 4
236.376 232.376 2
155.682 438.752 3
36.8777 162.087 1
82.5722 202.925 4
333.663 217.731 3
78.6887 287.965 1
79.0058 357.308 3
301.409 85.0173 3
221.712 117.459 4
364.846 150.554 4
152.174 310.813 3
72.7045 84.4304 3
37.8331 152.915 3
308.806 330.316 3
65.2525 244.113 1
354.951 285.961 4
168.898 210.936 1
324.981 184.798 4
104.833 29.7123 4
136.483 89.0278 4
109.2 109.869 4
174.439 403.992 1
133.057 269.146 3
76.4703 136.935 2
187.023 107.96 3
135.785 101.83 3
377.171 237.687 2
367.644 58.8063 2
260.214 133.168 3
253.558 216.212 1
100.955 64.3202 3
347.717 358.472 1
243.378 369.446 1
357.558 23.1297 2
98.0462 183.065 2
396.144 404.044 2
348.195 224.173 4
79.2283 229.007 1
203.196 166.901 4
143.143 126.056 1
444.642 169.658 4
236.361 203.662 2
404.972 385.88 1
163.165 429.009 4
389.442 40.1963 4
57.8688 319.22 4
300.412 91.0089 2
424.127 301.547 2
330.339 406.776 1
291.844 251.524 4
278.469 30.9837 3
148.731 340.459 4
181.017 337.945 4
387.133 110.36 3
16.5827 304.359 4
250.196 95.1307 4
233.943 3.13911 3
300.163 112.476 1
313.418 261.406 1
122.99 437.662 2
399.745 424.885 3
350.379 446.329 3
311.902 419.316 2
300.385 189.836 4
54.4042 272.886 4
164.377 296.73 1
347.504 394.001 2
433.637 138.557 3
156.098 59.3039 2
328.738 31.5549 1
277.565 292.21 4
409.778 10.443 3
222.863 20.3244 4
380.991 376.079 3
326.208 194.531 4
266.81 378.995 4
168.573 200.858 3
34.2887 239.987 3
417.761 240.415 1
310.894 54.1155 4
164.491 288.718 2
49.6651 120.201 3
89.3827 130.111 4
262.97 435.039 4
259.591 236.412 4
271.123 147.022 3
36.1113 103.618 2
72.1585 100.222 4
12.4472 212.245 4
148.098 145.916 1
122.906 6.10079 4
419.479 174.425 3
82.8724 345.056 1
33.6409 314.484 2
91.4278 68.2005 2
306.034 201.601 1
26.0955 249.998 4
54.3843 409.954 4
272.37 285.04 3
142.188 221.227 3
407.593 414.731 1
34.2824 437.796 2
438.296 271.412 4
151.946 355.006 3
31.937 87.6588 3
444.659 65.5255 3
266.161 393.89 4
315.453 427.344 1
52.4367 128.037 2
78.0472 418.525 4
135.446 29.578 4
174.93 75.5296 4
225.902 315.36 1
442.911 124.745 3
396.947 24.1848 4
1.22835 199.458 4
113.15 45.2168 1
440.337 196.754 4
302.233 131.285 1
190.975 251.279 3
347.251 294.819 3
1.36483 168.436 3
163.82 305.082 1
401.642 112.585 2
278.848 162.005 1
374.414 221.566 4
392.584 426.197 3
78.5984 396.237 3
101.147 378.399 1
382.835 238.75 4
145.254 146.926 3
38.9974 24.2761 1
249.971 204.82 1
108.996 396.183 4
195.089 148.398 3
146.078 158.375 1
445.563 177.919 2
7.9706 322.509 3
89.515 437.96 2
261.924 54.7318 3
29.1947 209.217 3
446.394 310.132 1
228.691 294.792 1
200.098 168.256 1
445.509 396.198 1
30.8567 287.108 3
446.591 274.672 3
286.232 278.127 4
131.023 178.617 3
164.583 437.553 1
258.798 412.262 3
150.431 270.4 4
222.134 389.593 3
437.699 158.909 3
211.574 30.6425 4
356.425 314.254 2
54.3622 229.962 4
60.189 263.317 3
381.292 347.133 1
328.828 375.549 3
440.101 102.717 1
100.988 150.964 3
31.2525 373.95 4
74.1375 212.477 1
192.04 56.6131 3
349.667 346.667 4
5.40472 26.0819 3
