cost_init,cost_final,confilct_init,conflict_final
497.49999999999994 150.3999999999999 144 26
gapx, gapy = 20,8
minX, maxX = -20,500
minY, maxY = -20,500
442.237 89.5758 4
429.865 258.808 3
156.622 71.4992 3
347.417 186.681 3
378.658 339.297 1
17.6472 156.029 1
394.354 24.758 4
78.505 26.357 2
387.636 83.5024 3
190.762 305.246 4
194.188 143.143 1
312.325 409.082 3
5.67769 195.089 3
332.663 317.925 2
335.871 64.3244 4
226.657 127.75 1
170.044 310.976 3
378.503 123.121 3
431.411 163.943 4
166.7 67.559 4
372.716 319.165 3
232.103 102.43 4
78.7412 344.629 3
273.21 411.444 2
284.559 257.816 3
180.552 361.079 3
342.694 342.11 4
72.0903 312.328 4
353.117 343.937 1
233.29 357.26 2
175.162 188.294 1
217.73 123.56 2
329.06 54.8546 4
167.928 141.467 4
261.474 280.051 4
57.473 54.6499 3
323.579 291.257 3
170.954 375.492 2
114.509 83.9097 2
263.289 144.654 2
91.3711 207.468 2
260.112 332.1 1
191.093 55.4625 4
0.16378 306.213 3
220.716 340.197 3
211.262 46.0787 3
369.778 85.8341 1
98.0357 230.383 4
89.7512 32.0462 1
159.472 397.411 1
290.026 30.6152 4
343.446 415.988 2
82.5459 404.181 3
112.039 218.182 3
310.13 40.2919 3
144.385 405.859 1
346.167 246.188 1
34.5029 392.677 1
360.806 279.694 2
404.206 89.0415 4
319.343 372.216 1
347.581 426.809 4
228.418 81.6168 3
30.2719 224.121 3
364.368 242.216 4
84.0871 139.772 2
53.1601 130.164 4
299.825 369.664 2
263.753 177.935 3
359.989 267.534 2
60.7485 434.725 2
54.8798 289.276 1
99.2598 425.608 2
89.0845 85.031 3
15.1087 364.903 3
384.145 154.091 2
80.211 13.6304 3
304.862 17.4583 3
171.887 178.303 4
6.8105 129.183 3
187.063 441.715 3
213.514 67.1381 4
441.142 73.3753 1
94.9102 270.932 4
353.013 132.197 1
146.735 101.612 3
372.448 293.466 4
35.8268 268.914 4
301.887 215.945 1
57.748 69.7722 2
169.143 331.995 4
330.139 225.752 4
334.765 362.978 3
253.42 269.991 4
228.33 105.231 3
19.0257 446.752 4
239.309 333.51 4
255.112 129.004 1
22.4924 248.101 2
290.75 420.367 2
375.644 401.289 3
225.483 33.5706 4
1.62415 107.128 1
92.9995 257.068 4
52.2184 184.991 4
231.931 266.417 1
133.357 286.957 4
249.793 246.611 3
274.87 242.464 3
435.584 209.476 3
375.751 396.224 4
322.371 432.76 2
55.7816 380.749 1
191.144 424.667 3
214.926 197.247 1
99.5506 202.8 3
267.826 101.45 4
431.062 323.888 2
192.282 235.679 2
294.517 207.006 3
237.344 367.94 4
260.195 392.895 4
143.743 115.437 3
101.154 166.973 4
237.439 192.361 4
396.478 53.5034 3
157.761 18.2089 1
361.924 162.581 3
276.514 237.876 4
50.8861 270.755 1
245.724 14.4829 3
430.128 364.589 3
15.368 36.5533 3
178.638 438.126 4
282.083 154.255 4
417.846 121.349 2
142.166 422.485 2
338.955 28.1039 4
229.823 204.847 4
87.4037 359.537 3
50.6929 36.673 1
141.846 307.839 3
151.504 354.899 3
173.265 86.273 1
106.961 392.948 3
149.913 322.086 3
389.318 121.961 3
78.6803 232.337 1
169.627 161.568 3
435.745 446.554 1
329.304 65.2115 3
227.572 220.406 4
326.085 178.506 4
78.6845 17.8131 3
396.679 55.7396 4
147.32 160.206 2
261.051 231.013 3
306.102 99.3344 3
326.228 298.911 2
56.1764 346.83 4
0.464042 145.261 1
299.648 417.981 3
411.332 163.399 3
273.89 165.351 3
29.9717 288.745 3
324.57 236.145 4
226.439 313.967 4
369.432 18.1207 4
251.183 206.473 4
109.058 321.322 3
415.918 306.993 1
4.95433 416.819 3
253.503 110.961 3
307.348 246.72 4
260.723 400.948 3
229.796 70.084 3
209.049 64.1081 2
185.781 366.199 1
45.706 189.686 1
35.1318 302.926 3
78.8052 266.512 4
348.564 258.785 1
133.38 185.264 3
35.4803 77.9748 2
315.247 316.724 4
169.157 9.02362 3
22.7517 98.5291 1
408.761 416.259 4
336.444 215.659 4
392.801 106.254 3
226.462 140.648 3
208.476 401.972 3
146.675 199.05 2
289.18 122.903 3
73.8971 321.376 2
225.402 415.563 3
233.623 369.145 3
260.329 149.299 3
38.4388 168.982 4
395.372 267.138 4
302.751 47.4415 2
237.235 443.967 3
319.452 392.663 4
385.087 181.088 4
4.89974 393.671 3
140.618 207.565 2
355.196 55.3575 2
375.151 33.7795 2
150.582 299.962 4
8.68031 211.207 3
143.282 150.841 4
157.351 106.047 4
315.071 1.37848 4
91.1349 301.382 4
377.894 316.861 4
206.945 424.164 4
229.63 356.509 3
445.834 131.488 4
254.336 36.5092 1
363.236 155.481 2
12.9795 340.075 1
94.1428 108.654 1
403.771 42.7601 3
218.454 36.6341 1
280.745 162.731 4
211.685 15.5318 3
21.4961 9.46037 3
269.786 210.948 1
174.315 396.649 3
54.3076 404.795 2
432.441 222.701 1
327.04 107.808 1
326.535 438.902 1
2.56588 239.011 4
329.62 305.014 4
170.822 295.297 4
1.82887 326.931 4
268.73 216.628 3
433.236 96.3842 1
107.057 446.561 2
287.037 178.315 4
281.319 380.542 1
41.8509 49.6798 2
152.997 267.848 4
104.614 79.5443 4
221.676 321.979 2
27.5968 257.423 2
251.866 423.754 2
418.279 42.2026 1
2.41575 385.375 4
402.092 233.741 3
445.795 115.535 3
437.747 393.892 4
405.463 407.074 3
101.202 124.036 2
359.651 246.163 3
308.122 81.2346 1
168.967 127.504 3
360.642 172.039 1
400.1 275.438 2
395.24 330.684 3
397.807 59.1811 2
