cost_init,cost_final,confilct_init,conflict_final
555.3 139.3999999999999 164 24
gapx, gapy = 20,8
minX, maxX = -20,500
minY, maxY = -20,500
83.769 166.687 3
406.76 176.268 2
336.894 383.039 4
364.227 25.1223 1
25.4268 67.4908 1
302.882 445.496 3
185.303 270.509 4
267.882 95.7585 3
195.564 308.875 1
248.645 349.478 4
395.758 406.585 1
354.733 185.837 3
427.405 235.105 2
231.243 219.669 2
110.591 434.821 4
302.678 313.832 1
114.386 284.458 4
437.965 132.02 3
122.107 46.0084 1
239.373 259.545 4
120.446 367.712 3
175.636 202.925 2
274.479 128.828 3
292.123 36.7821 4
174.425 306.147 3
223.196 9.2126 3
291.377 404.726 4
433.982 61.9653 1
367.588 268.271 3
166.194 211.439 2
342.405 47.7963 1
225.511 137.807 1
47.4824 292.062 3
325.04 380.419 3
210.746 436.855 2
385.441 412.547 3
426.245 226.223 3
274.404 243.706 3
78.358 310.963 4
206.122 405.177 1
41.6136 151.744 4
321.767 205.614 3
268.082 181.495 3
179.066 380.692 4
2.52493 358.404 3
127.131 103.088 1
417.189 116.334 2
442.363 31.2819 1
384.609 195.446 3
69.7837 110.456 1
85.3008 89.6987 3
186.013 121.866 1
221.995 141.398 2
45.8037 119.709 1
220.515 280.391 1
109.918 430.046 3
328.419 127.434 1
421.648 196.194 3
6.14173 26.0703 3
247.321 370.772 1
283.107 424.273 4
32.1669 189.195 1
248.494 331.014 3
185.153 318.592 3
211.521 209.776 4
177.756 155.988 3
223.687 233.986 2
281.768 109.528 3
83.4047 257.423 2
432.146 344.083 2
75.2766 220.34 2
183.938 155.552 1
146.82 400.566 3
149.711 114.211 1
362.081 212.629 1
264.326 85.3995 4
159.528 245.671 1
181.418 171.204 2
239.324 161.227 1
92.6856 345.659 4
236.443 407.483 4
421.008 72.7863 1
86.2436 359.291 2
419.981 30.9018 2
19.2441 66.8378 3
219.233 428.638 2
283.931 244.427 2
338.246 442.296 4
246.379 322.948 3
339.488 298.163 4
116.068 180.076 1
372.716 194.463 4
356.646 95.3879 1
141.028 412.943 2
396.741 254.186 3
237.781 304.359 2
172.132 404.824 1
136.346 364.343 4
212.668 382.4 2
334.543 296.047 2
348.136 172.473 4
179.811 318.838 2
402.558 306.745 3
174.766 341.112 4
347.679 166.143 3
222.126 99.032 1
77.0173 282.358 4
299.171 38.4745 2
347.945 105.788 1
441.687 357.26 4
190.197 77.095 1
301.858 8.3958 2
37.9286 326.972 3
279.359 175.847 1
368.668 160.165 4
138.025 82.968 2
420.8 39.6756 4
85.0835 236.022 2
94.5312 142.245 2
187.213 103.224 1
14.6992 246.579 1
296.796 284.514 3
438.822 21.894 4
328.496 399.57 4
232.191 32.8399 2
295.212 59.5748 4
246.733 193.738 3
59.9297 197.641 1
160.865 401.451 3
121.729 36.2908 1
21.8509 224.624 4
7.80682 380.83 3
213.987 111.452 1
195.553 68.7213 1
425.427 290.586 4
91.4026 314.691 1
13.5118 163.631 3
144.44 259.809 3
332.334 229.319 3
15.8593 40.5449 4
420.449 309.188 2
10.127 280.796 3
141.738 193.55 4
84.3286 268.478 2
129.509 29.9601 3
420.723 326.865 4
80.4777 390.589 1
66.6215 193.679 4
49.6241 3.23465 3
413.747 100.904 3
293.156 155.495 4
372.749 10.7433 4
261.774 273.35 4
91.9066 345.834 3
298.543 115.997 4
167.328 206.308 3
92.5627 258.389 1
263.384 340.595 3
337.795 223.384 1
51.9171 398.899 4
333.633 144.851 1
190.097 63.8761 2
389.973 169.145 4
64.2835 410.256 1
298.515 146.678 4
397.657 267.056 1
318.224 33.3176 4
388.305 168.911 3
442.399 116.365 1
319.692 251.991 3
336.163 76.842 1
301.873 12.9071 4
137.712 12.4777 4
434.554 376.927 3
268.435 218.115 3
125.223 304.291 1
189.113 329.565 4
57.7459 255.717 3
147.271 158.498 1
282.847 197.056 3
179.652 420.558 3
205.38 48.9428 4
342.438 334.752 4
15.3816 43.9475 1
111.706 214.005 1
288.19 24.1869 2
153.9 392.371 4
123.626 347.349 2
221.558 363.973 1
191.862 278.671 4
416.65 285.565 2
188.619 232.959 3
348.154 70.0724 4
287.242 369.282 3
377.408 416.3 2
21.4415 420.533 4
87.0488 69.115 1
72.126 336.239 3
321.409 127.052 4
150.307 437.239 4
95.3333 25.9591 3
338.491 235.053 1
354.826 95.2945 3
321.581 245.983 4
155.255 219.519 2
373.009 324.408 4
15.9276 258.064 2
263.317 141.983 1
378.967 204.413 3
247.252 26.3139 1
446.468 379.218 4
399.622 390.341 3
19.053 300.549 2
238.861 77.1538 3
149.203 45.2987 4
54.8661 16.2845 4
2.59318 433.752 3
409.326 403.089 4
441.848 86.2572 2
125.058 306.324 3
244.386 264.138 2
145.773 13.7165 2
43.7617 208.084 3
438.951 422.374 3
192.004 178.959 4
317.413 33.8362 1
249.887 68.4052 4
115.956 428.968 4
310.319 227.151 3
351.252 367.699 4
3.84882 152.358 4
216.74 354.542 4
232.007 265.459 3
439.368 205.625 1
402.079 142.857 3
401.806 359.987 3
11.9696 103.081 1
396.879 264.765 4
245.914 0.532283 3
32.0546 340.691 1
299.739 313.735 3
205.907 214.66 3
325.165 137.329 3
86.421 168.72 4
37.2714 351.814 2
396.87 82.0262 4
61.7575 300.483 2
114.632 438.192 1
110.218 331.874 4
438.405 63.9422 3
255.018 348.921 1
252.067 146.078 2
365.61 116.788 4
235.269 289.398 2
241.37 129.413 3
375.697 31.4866 3
243.248 382.916 1
207.167 211.589 1
171.818 37.2735 1
163.692 257.518 1
