cost_init,cost_final,confilct_init,conflict_final
1289.0999999999997 288.9999999999994 370 42
gapx, gapy = 20,8
minX, maxX = -20,500
minY, maxY = -20,500
215.025 434.566 1
403.054 70.1956 3
540.778 646.707 1
330.906 250.83 4
106.727 262.162 4
287.504 679.401 2
264.744 321.673 4
72.0979 388.478 1
157.274 592.478 1
121.46 758.295 3
530.038 427.98 4
699.63 43.1047 3
593.092 97.1112 4
12.6472 202.473 4
613.422 707.626 2
335.803 380.677 1
60.4699 537.105 4
224.776 47.412 1
506.049 618.103 1
130.25 639.993 1
231.244 693.759 1
59.2051 581.769 1
495.089 554.205 3
619.569 179.765 1
350.882 705.721 1
673.632 765.647 1
84.7714 101.305 4
186.303 308.34 3
119.07 323.096 3
209.683 145.667 2
55.7184 608.245 1
608.677 410.983 3
313.439 596.152 2
373.334 455.085 1
616.826 52.7634 4
644.777 480.71 3
414.639 56.3192 3
490.048 149.53 4
421.777 214.316 4
320.458 401.376 4
377.571 628.231 1
31.2278 422.567 1
430.901 528.708 4
177.391 479.386 2
657.699 54.8063 1
52.5034 736.679 1
554.134 440.381 2
619.59 107.914 3
586.0 395.381 2
4.75155 124.959 1
220.179 500.165 3
162.498 189.268 4
510.827 256.57 3
455.818 312.16 1
205.168 764.489 3
344.712 731.431 1
734.766 330.741 3
568.734 696.667 4
671.778 627.653 2
6.66635 597.442 1
702.662 16.6659 4
652.829 513.319 2
450.123 43.6248 1
450.522 544.868 1
618.015 87.0742 4
275.968 343.932 4
494.397 189.741 4
269.766 742.612 3
544.229 365.656 4
647.345 68.6354 3
242.778 17.5977 2
485.544 288.781 3
660.311 244.858 1
539.885 176.801 1
93.3998 362.796 1
668.124 219.668 2
589.145 270.659 4
124.06 0.756465 3
597.561 548.65 2
431.114 442.944 1
656.505 580.668 4
297.245 318.884 2
242.542 532.906 2
187.698 450.38 4
149.414 598.6 2
491.395 513.201 2
134.644 200.52 1
120.234 729.067 3
141.324 686.691 1
600.941 620.689 1
149.426 401.078 1
624.984 534.056 1
288.331 568.943 2
532.672 399.366 1
166.519 72.796 1
629.526 237.247 3
367.672 32.859 3
460.995 712.59 2
5.55529 567.231 1
441.587 662.191 3
74.2754 240.934 3
310.434 271.486 2
676.28 124.377 1
566.454 88.4119 1
721.725 343.175 4
134.485 269.302 4
497.403 731.833 3
533.227 351.015 3
460.903 418.373 3
397.289 7.13914 1
263.392 161.515 1
629.131 193.641 2
252.399 580.848 3
548.373 40.8826 1
533.024 720.259 1
463.95 613.243 1
141.373 138.197 3
189.559 351.033 1
97.9595 625.266 1
275.496 667.094 1
426.055 91.7312 1
667.675 26.4999 1
739.56 241.478 1
317.719 88.3882 1
380.198 271.855 3
173.372 23.1667 1
498.738 648.891 2
722.686 617.64 3
112.028 123.905 2
370.107 590.208 4
260.437 258.508 1
499.246 118.292 2
531.977 544.05 4
757.313 756.428 3
110.775 624.202 3
442.13 141.351 3
237.509 408.255 1
341.547 599.239 4
241.353 714.278 3
418.493 303.484 1
633.254 583.826 4
587.085 63.9686 3
19.148 472.635 2
80.3508 567.95 3
11.867 312.43 1
376.618 752.007 3
384.946 313.602 3
83.5185 323.152 1
326.067 302.667 3
221.337 51.5105 3
96.8317 24.8456 4
221.195 78.3749 2
309.181 74.5827 2
654.933 100.383 4
198.808 682.2 1
548.626 13.8862 1
341.787 696.336 1
628.137 339.379 1
643.296 319.512 1
611.46 135.866 2
0.0236395 88.8945 3
482.577 476.006 1
629.923 525.318 2
334.949 154.673 3
447.81 373.174 3
447.642 390.369 1
326.722 118.113 3
503.401 460.059 4
156.496 48.0828 1
732.97 546.168 3
695.901 11.3568 3
669.085 551.629 1
466.55 754.844 4
616.04 166.361 3
119.971 28.3536 1
464.966 1.20562 3
127.787 280.587 3
307.574 358.754 2
105.692 729.091 1
313.791 577.467 3
157.027 509.432 3
172.332 648.977 1
89.0048 181.15 1
536.223 673.159 1
298.355 687.731 1
421.093 580.209 1
649.91 419.824 3
655.004 769.075 2
618.008 749.633 1
178.031 222.826 3
681.457 592.572 1
616.389 754.844 3
49.1111 678.89 1
147.773 225.578 1
129.757 108.35 1
458.54 154.603 1
237.416 668.03 3
638.6 738.145 3
629.426 207.163 2
636.74 682.341 2
150.655 420.132 3
357.761 606.803 1
439.769 21.0155 2
769.54 677.202 1
149.994 243.072 2
271.787 724.174 1
29.7162 624.637 2
538.863 548.201 1
469.907 367.68 3
754.542 120.524 3
534.351 301.64 3
237.127 517.03 1
411.101 233.001 3
617.29 448.395 4
242.613 77.4431 2
379.345 467.826 1
769.388 467.046 4
341.899 66.1769 2
628.242 280.838 1
206.261 213.9 3
370.856 644.106 3
104.108 764.229 1
752.862 428.585 1
452.941 705.853 4
331.261 303.815 1
468.419 497.424 3
201.657 291.381 2
307.763 635.772 1
382.017 318.874 3
574.3 728.57 1
451.61 275.921 3
106.094 215.271 1
544.03 69.9967 3
173.36 770.801 3
683.49 266.985 4
490.512 47.8563 3
326.391 722.944 4
536.9 392.19 3
318.59 486.667 1
22.8358 334.358 1
616.495 609.759 3
769.489 627.781 3
630.165 290.908 2
251.572 721.488 1
80.3389 107.04 2
547.586 308.709 1
382.163 508.77 3
357.312 342.854 4
501.351 106.165 3
145.761 696.563 2
302.373 212.317 1
555.27 710.331 3
752.836 407.64 1
348.993 187.532 1
656.94 471.902 4
99.9243 501.324 1
105.22 402.487 1
678.857 723.498 1
720.864 652.357 1
466.585 404.364 1
630.1 208.808 4
104.629 79.8071 1
392.309 90.2892 1
568.767 131.753 3
471.774 48.2483 4
125.691 363.704 2
220.691 171.552 1
394.449 451.231 4
106.338 644.65 1
413.987 174.47 3
68.7779 545.766 4
26.689 215.262 1
177.927 140.996 4
119.359 702.946 3
647.676 689.353 4
267.148 389.046 3
197.234 565.576 1
559.394 623.55 4
709.99 302.927 3
722.734 206.846 3
761.001 306.888 2
65.907 379.495 3
644.579 358.291 1
315.505 494.1 3
95.4958 85.845 3
563.503 417.839 3
770.818 353.482 3
262.401 562.82 3
510.874 667.312 1
451.527 632.665 1
746.374 538.627 4
518.557 22.3492 1
42.2439 484.455 1
154.106 378.233 3
247.607 96.7803 2
240.438 142.036 3
574.89 670.403 3
237.53 279.869 1
428.065 542.466 1
248.62 349.463 3
280.839 637.355 1
162.096 376.422 4
653.848 660.617 2
280.712 525.729 1
188.194 626.268 1
147.014 559.014 2
27.7765 432.022 3
616.165 660.843 3
481.419 500.742 1
248.215 397.972 1
663.825 706.563 3
689.383 313.659 1
38.099 71.2121 2
433.806 722.495 3
467.037 194.847 3
515.72 202.558 1
705.619 142.854 2
152.667 440.546 2
371.498 405.04 2
662.096 399.329 1
64.3297 498.085 2
388.823 135.171 1
455.966 764.631 4
400.666 429.942 4
404.354 659.671 3
40.6127 167.26 3
675.228 450.178 3
419.52 203.3 3
236.301 458.772 1
250.638 610.018 3
202.522 747.317 3
203.536 86.6487 2
3.35681 716.95 1
118.346 715.72 4
731.8 488.724 4
624.627 382.039 3
673.136 377.415 1
112.843 747.553 3
370.76 617.252 1
380.526 686.502 4
39.3362 451.776 1
528.864 363.515 3
526.998 766.489 3
274.408 98.6478 1
660.347 166.068 1
393.201 549.251 3
300.372 224.528 1
610.55 557.728 4
505.849 87.7362 2
274.968 133.715 4
280.79 423.961 3
655.477 15.4366 3
750.18 648.22 3
399.508 596.955 1
346.751 173.774 1
129.495 280.956 2
605.473 536.499 3
68.9683 514.241 2
30.5659 325.847 1
162.28 464.091 2
29.7149 244.858 1
236.679 121.541 4
32.9772 352.3 4
496.883 704.941 2
707.153 79.3343 3
132.476 530.457 3
236.915 619.119 3
194.225 590.147 4
738.904 524.689 2
513.784 227.27 1
440.931 745.709 2
63.6822 287.277 3
600.279 70.6349 1
484.504 257.127 3
490.379 159.293 4
193.324 248.154 2
294.739 215.522 2
291.428 507.953 1
90.8978 25.9798 3
170.166 260.092 3
331.078 734.008 3
761.596 125.833 1
611.484 562.739 2
719.989 100.35 2
281.175 467.59 1
476.077 570.257 3
427.329 499.787 3
680.981 273.117 3
182.237 439.033 2
143.378 36.2394 1
386.719 80.6207 3
408.423 561.415 2
640.065 369.283 3
273.699 700.369 1
346.248 675.746 2
309.054 334.476 4
453.832 720.675 2
92.4856 167.628 1
272.378 652.594 1
627.842 160.759 1
412.486 235.663 1
684.224 280.176 1
739.374 283.604 4
76.403 158.04 4
286.204 772.763 4
489.055 335.658 2
384.972 772.195 3
415.134 254.787 1
417.241 517.162 3
122.124 671.018 1
376.102 295.163 1
432.837 274.1 1
305.218 426.552 4
300.929 453.676 1
664.415 636.187 2
315.47 550.588 1
417.805 478.37 4
380.925 706.728 1
360.172 754.03 1
300.436 324.665 4
211.529 719.848 3
80.1144 380.006 4
37.2323 624.992 4
222.637 1.2529 1
611.862 341.544 2
157.037 546.972 4
646.638 733.143 1
23.6868 232.755 1
463.288 202.307 1
78.8312 10.4349 3
561.108 225.295 1
122.618 311.508 1
540.116 637.369 1
225.264 499.159 1
746.165 762.635 1
567.158 275.623 4
621.767 451.373 2
225.853 225.143 1
244.057 599.262 1
211.66 251.43 1
385.726 552.03 1
142.523 329.866 3
235.255 162.144 2
563.968 157.449 3
670.323 304.076 2
143.131 540.518 3
448.82 16.2876 1
400.477 616.529 1
638.74 125.252 2
559.713 698.194 3
367.001 437.331 3
752.227 407.343 2
705.546 219.716 1
125.928 719.006 1
180.984 61.581 1
478.039 626.708 1
19.2189 402.284 3
670.643 381.056 2
182.424 612.973 2
474.209 372.795 2
136.92 197.366 3
288.513 68.9329 2
633.776 4.56243 3
283.698 522.231 3
594.18 693.57 4
177.817 521.701 4
580.516 43.8513 1
693.182 573.259 4
233.04 118.846 2
372.252 106.128 1
50.1276 410.889 1
531.054 643.114 2
333.932 252.518 1
336.391 425.275 4
529.055 429.98 2
63.5299 261.889 1
562.316 567.018 1
428.824 352.594 3
215.9 588.776 3
91.8053 350.49 3
401.282 184.327 3
432.083 580.115 4
33.8991 684.152 3
547.777 119.224 3
675.665 472.862 1
389.288 270.257 1
111.295 493.911 3
715.098 702.0 2
718.996 601.825 4
226.089 186.351 1
389.279 529.998 3
168.824 453.997 2
682.993 187.036 1
63.413 464.579 1
336.627 132.769 1
297.052 370.891 1
622.145 403.149 1
710.088 232.401 1
144.001 129.19 4
237.246 280.27 3
117.515 298.341 1
514.574 61.4628 2
165.477 358.163 3
74.2202 154.731 3
578.911 278.025 1
726.041 699.943 1
244.283 572.819 3
383.852 663.619 3
567.538 492.766 2
429.649 303.035 3
715.558 340.916 3
433.313 501.891 1
223.417 212.519 1
327.691 17.3278 3
131.735 430.831 3
635.029 103.305 1
748.467 276.782 1
342.88 7.96652 3
743.098 466.512 3
41.0855 123.479 1
376.2 444.67 2
196.563 774.55 1
254.621 294.336 2
761.994 231.289 1
492.317 225.876 1
515.649 102.17 1
225.409 428.406 3
678.754 144.39 3
375.913 284.927 1
722.663 736.632 2
727.932 46.6408 1
10.9924 667.014 3
30.9442 562.503 1
720.959 72.8196 1
254.929 168.219 1
3.23862 371.353 3
377.476 372.971 1
719.091 377.533 3
561.773 215.522 3
92.835 58.0685 3
610.705 34.6418 3
286.39 144.863 3
241.549 196.785 2
734.87 279.561 3
340.743 475.533 3
575.456 258.144 2
472.16 265.992 4
249.409 627.37 4
614.703 596.496 3
27.1618 515.011 1
526.051 747.279 1
642.003 428.453 1
576.356 138.764 2
450.168 104.686 1
561.557 343.081 1
290.506 146.873 4
708.365 557.538 4
378.894 216.325 1
53.8745 206.68 3
723.346 63.3165 4
204.127 260.744 1
2.19848 556.414 1
774.079 453.289 3
719.848 381.164 1
10.5905 38.2251 1
83.8967 585.102 4
306.416 233.913 2
537.658 606.945 4
93.4536 64.0159 1
765.568 220.131 1
724.552 690.923 1
435.674 490.341 3
5.0825 321.096 2
418.325 361.671 2
728.901 612.061 1
483.846 335.431 4
528.698 627.961 2
2.8131 157.024 2
136.345 747.326 1
86.9699 227.672 1
598.234 474.432 1
733.062 210.307 1
45.2657 93.2343 1
175.952 243.605 3
189.511 657.213 1
102.091 571.911 3
82.7384 551.534 1
127.724 150.466 2
316.699 714.883 3
142.854 287.49 1
490.523 178.289 2
329.754 123.729 1
584.986 239.894 4
244.336 589.806 4
105.552 298.851 2
733.535 156.314 1
611.605 177.462 4
659.895 547.312 3
563.404 32.4196 3
246.245 20.3773 1
527.02 121.247 1
228.814 96.5301 4
5.05886 531.7 2
612.264 32.2778 1
678.914 516.051 4
34.892 487.636 2
21.2992 300.435 2
199.004 58.4468 3
343.285 339.119 2
561.247 88.3271 2
768.144 338.386 3
756.817 569.983 4
52.179 740.887 2
631.437 557.596 1
631.551 420.5 2
178.668 5.12978 3
425.062 511.229 1
262.141 549.511 3
502.506 513.309 1
576.239 338.022 3
767.733 184.091 2
482.152 462.437 2
96.4558 598.624 1
210.371 508.804 3
521.543 236.75 1
687.13 745.719 1
436.953 165.179 1
41.465 628.102 1
329.772 445.534 1
44.1823 764.479 3
772.712 420.453 1
4.9643 215.545 1
385.774 397.83 1
446.033 8.88847 2
26.7612 699.281 1
440.948 25.6962 1
768.041 498.804 3
743.928 143.596 3
633.817 521.64 1
416.923 481.76 1
245.615 247.185 1
218.11 468.853 1
269.963 387.357 1
153.881 191.797 4
75.8986 278.649 3
179.282 469.339 1
175.474 429.554 2
108.222 573.59 1
268.734 560.456 4
82.3062 371.198 3
712.732 627.795 1
579.123 384.473 2
12.7417 437.0 1
540.633 774.536 3
262.06 323.602 3
744.883 43.5066 4
658.645 234.622 1
59.7607 410.487 3
287.079 471.926 3
416.11 285.4 2
735.048 730.343 1
772.154 482.719 1
367.086 47.6573 1
176.162 73.0462 3
773.194 159.756 1
56.5221 215.238 1
647.865 332.855 4
273.699 359.747 2
397.05 606.671 1
576.852 368.99 4
304.95 752.139 1
769.091 499.693 1
706.29 677.803 4
657.841 586.365 1
746.466 137.488 1
534.062 484.232 1
642.05 252.896 1
39.8563 441.265 1
472.152 198.96 4
371.162 102.038 3
397.404 131.257 4
458.297 686.87 2
293.629 20.4718 1
665.926 690.274 1
566.595 376.01 3
264.668 692.837 3
649.993 598.185 3
469.578 61.1653 1
187.917 239.478 1
1.89116 192.057 3
410.795 699.007 1
274.479 746.418 3
682.158 746.192 2
465.888 416.042 1
529.125 613.574 3
128.355 331.663 2
160.244 696.478 1
771.903 7.21006 3
390.383 194.861 3
118.529 374.167 2
117.654 171.349 1
694.98 82.6438 1
238.024 134.58 1
568.271 34.6792 4
3.73505 134.934 2
168.713 171.552 4
174.906 429.398 3
621.821 279.145 3
658.811 297.244 3
426.937 295.423 2
668.173 182.639 4
50.2313 730.013 4
343.341 371.046 3
532.008 165.227 3
122.256 3.9478 2
699.187 129.909 1
667.699 657.851 1
496.422 443.336 3
317.865 59.6662 3
347.195 532.538 3
434.116 683.949 3
193.392 676.493 4
382.334 503.532 4
145.233 388.87 2
630.047 96.3409 4
28.8888 92.667 2
0.685547 55.1274 1
599.097 503.309 4
449.553 428.902 3
692.205 576.956 1
278.002 425.947 2
177.462 130.713 4
544.891 582.37 1
436.269 543.969 4
129.593 110.241 3
38.099 647.402 1
193.033 14.7274 3
715.711 585.646 2
392.818 773.377 1
470.018 580.232 1
739.351 397.532 1
749.019 581.958 3
463.336 71.0368 2
171.388 648.088 2
358.884 165.099 1
