cost_init,cost_final,confilct_init,conflict_final
544.9 148.89999999999998 160 26
gapx, gapy = 20,8
minX, maxX = -20,500
minY, maxY = -20,500
231.53 236.295 3
46.0577 67.5454 3
284.989 30.7517 1
315.203 33.2882 1
396.682 445.1 1
67.5318 8.70761 3
60.8441 289.114 4
356.162 351.077 1
296.045 143.869 2
264.271 343.336 4
79.5213 109.664 4
357.742 56.2583 2
325.193 382.029 4
116.816 293.602 2
382.885 374.812 3
138.833 33.3449 2
172.91 375.174 1
396.827 31.9391 1
195.326 203.751 3
127.777 144.538 3
93.7743 349.439 2
50.3496 174.139 4
186.691 222.783 4
370.183 227.831 2
188.815 163.953 4
258.376 310.801 1
90.9029 130.344 2
71.0394 236.812 1
230.504 75.9076 4
378.647 189.206 3
133.712 24.61 3
88.5113 308.206 3
91.6483 152.89 4
232.42 428.106 4
409.588 148.889 2
53.4551 201.055 2
121.807 395.68 3
393.562 391.911 2
364.859 308.822 3
291.133 103.031 3
382.986 95.5947 3
171.276 186.002 1
392.497 283.559 4
261.108 269.254 1
254.554 406.105 3
291.405 289.699 4
132.211 399.399 3
90.8735 37.7102 1
234.351 377.334 4
146.596 146.967 4
30.5312 267.002 3
316.187 215.407 4
256.849 159.453 3
434.978 126.165 3
89.958 228.172 3
266.266 213.025 2
377.992 42.2961 3
400.127 344.688 2
393.669 31.9643 3
156.614 48.6583 4
431.287 222.92 4
174.78 362.869 1
311.113 103.894 4
424.184 390.33 4
359.005 347.513 2
85.9664 85.5748 2
147.443 444.677 4
206.84 151.226 4
394.052 255.032 1
370.974 63.4667 1
57.7186 366.527 1
212.135 331.094 1
151.942 87.8425 3
188.578 248.058 1
232.772 111.097 2
187.172 306.145 4
56.231 258.931 2
61.9769 431.828 4
329.183 180.972 1
50.6331 395.816 3
430.514 301.629 3
380.992 336.308 1
19.5717 160.531 1
396.81 320.983 4
433.096 12.2583 3
237.696 288.757 2
300.674 179.778 4
344.114 112.612 2
303.347 159.849 2
404.492 210.595 3
137.22 0.764304 3
152.525 97.7081 3
332.177 123.505 2
168.415 62.3139 4
395.504 107.149 3
434.204 80.3338 1
234.696 235.324 1
204.67 38.4609 3
276.665 254.829 2
333.721 224.203 3
264.554 324.49 1
439.436 34.0934 2
259.705 11.8877 3
165.868 86.1501 1
158.566 212.956 1
315.767 2.32021 3
119.764 415.961 4
319.261 78.7874 4
385.631 247.541 4
335.107 429.295 3
59.2157 8.98268 1
309.586 183.105 2
7.64304 226.244 3
203.073 215.971 2
113.363 349.071 3
121.887 397.425 2
303.933 89.2598 3
330.13 21.0751 4
11.3144 426.564 3
377.666 321.651 3
158.045 293.575 3
112.026 387.539 4
299.299 71.5443 3
172.233 128.255 1
320.006 336.883 3
273.06 393.958 4
332.691 332.964 4
92.4441 367.753 4
265.255 434.182 2
161.744 291.652 1
224.881 99.4299 4
391.521 379.122 1
207.357 272.202 2
428.067 408.398 2
95.2588 59.8163 3
256.488 135.025 3
100.899 214.84 1
332.899 267.083 2
30.2583 339.565 4
191.535 324.447 3
277.933 362.678 1
413.243 438.058 4
84.19 37.5076 2
218.828 181.318 2
81.937 149.287 3
401.069 111.208 4
429.914 304.193 2
306.377 412.451 2
68.1302 83.6388 4
147.579 269.051 3
311.44 79.5286 1
397.384 18.0294 3
165.895 40.1417 3
327.599 50.0777 3
83.0625 418.008 3
111.221 25.0604 2
120.214 327.848 1
382.608 321.731 3
263.455 60.9008 3
319.739 394.354 3
156.08 380.774 3
356.521 264.518 3
289.835 352.726 3
298.616 437.905 4
302.678 204.044 3
188.305 125.02 3
209.842 418.88 4
442.254 150.268 1
289.83 225.483 2
340.689 1.1874 2
261.529 162.458 2
395.441 9.34908 3
284.599 287.897 2
386.629 177.837 3
247.774 300.89 2
392.702 372.366 4
438.018 356.002 3
444.582 194.149 2
328.525 256.697 2
83.5548 433.047 4
444.125 242.421 1
47.5937 151.387 1
404.001 430.879 3
171.278 424.478 3
264.872 135.639 1
443.555 161.364 1
100.042 173.909 2
167.125 355.715 4
380.815 47.1821 1
91.3071 122.302 2
256.069 415.782 3
309.607 279.217 3
267.955 389.743 3
266.909 10.7297 1
171.435 371.643 3
200.316 206.378 1
207.466 58.5123 4
272.188 366.689 3
380.665 147.881 4
93.4362 259.631 4
201.038 349.944 3
6.42835 282.642 3
264.572 334.683 1
280.077 394.654 1
42.0283 95.5107 4
29.9286 291.719 1
134.463 399.663 2
172.953 89.6283 4
13.5664 443.189 4
98.1995 33.5339 1
133.276 237.644 2
164.056 107.808 3
414.226 288.5 4
140.569 162.171 3
341.847 234.985 2
294.926 21.6325 1
104.15 280.707 4
251.608 277.62 3
354.355 211.476 4
114.292 416.616 3
5.11811 183.433 3
305.213 81.1254 3
375.023 147.922 3
310.758 153.395 4
3.68504 246.477 3
383.285 329.895 4
337.918 162.374 3
23.1349 256.588 4
260.396 69.7585 4
420.449 399.706 4
55.0121 318.592 1
104.094 183.271 1
49.7344 350.324 4
377.796 189.072 4
87.811 68.4756 3
261.722 193.385 1
294.815 119.163 4
100.178 236.759 4
199.44 425.802 1
292.005 244.88 3
3.82152 130.764 1
356.247 435.449 4
272.289 259.113 3
349.694 365.64 3
199.926 137.672 2
439.556 177.594 1
5.52756 362.214 3
443.552 408.332 1
32.8525 414.935 4
186.908 105.899 3
146.393 332.527 4
104.409 212.342 4
446.409 232.321 4
389.852 291.571 4
413.107 212.752 2
198.61 29.5486 3
116.528 326.456 3
84.6877 117.964 4
282.944 19.3417 2
74.1102 0.272966 1
151.619 323.03 3
295.538 1.33753 3
183.01 240.005 4
431.819 322.618 2
176.882 8.13438 3
292.865 104.205 2
