cost_init,cost_final,confilct_init,conflict_final
383.5 111.19999999999993 108 16
gapx, gapy = 20,8
minX, maxX = -20,500
minY, maxY = -20,500
426.063 348.388 4
294.499 191.499 1
243.511 155.754 1
116.06 437.164 1
196.358 207.741 3
123.328 42.7192 1
317.058 399.486 4
334.03 121.784 4
197.282 19.4079 3
234.628 62.7821 4
241.878 343.473 4
77.4677 91.8824 1
118.936 392.841 3
147.661 75.1611 4
149.133 190.38 1
97.0394 191.924 1
391.943 64.2583 3
38.843 2.30656 4
322.063 134.954 4
320.762 433.415 4
370.838 275.928 4
135.336 308.233 3
288.856 226.575 3
105.897 148.987 3
394.714 227.819 4
22.8063 90.9795 3
75.3764 190.655 3
408.206 108.724 4
283.333 128.703 4
21.0457 196.576 3
385.742 46.1879 4
223.013 46.2814 4
194.925 418.077 2
234.565 106.868 3
54.1428 281.894 4
306.939 28.3087 3
276.665 167.642 2
387.193 316.013 2
114.113 289.098 4
342.11 86.189 3
136.578 371.384 2
288.361 74.4924 3
298.84 329.397 4
107.553 254.131 3
378.657 377.266 4
130.309 111.384 4
228.077 17.5202 4
362.419 40.4945 4
429.555 20.022 1
425.426 428.388 2
61.01 247.76 3
363.809 391.065 3
302.187 356.427 2
333.063 188.642 3
158.676 294.969 1
104.946 82.315 1
407.267 202.868 1
216.38 267.971 3
116.096 396.237 1
68.9102 331.831 3
159.688 131.879 3
230.616 216.121 2
304.331 423.861 4
424.858 403.321 2
141.342 432.105 1
353.231 10.0472 2
251.137 20.9501 4
166.036 155.208 2
304.657 146.228 2
308.907 279.667 3
134.083 22.6562 1
405.42 436.529 2
163.655 169.826 1
164.01 91.9233 3
346.764 277.472 4
389.453 261.228 4
120.888 226.946 3
126.315 61.9632 4
205.502 176.755 3
110.565 263.428 4
75.5706 409.108 1
247.355 36.3863 3
217.103 297.246 1
272.543 366.172 3
364.419 250.981 2
282.124 306.25 3
154.881 427.194 4
177.141 254.909 2
22.4787 306.158 2
291.214 260.123 3
63.6829 331.628 4
304.676 375.74 3
154.535 230.329 3
186.122 284.021 1
166.768 125.537 1
443.637 89.601 4
377.798 84.4514 3
382.707 30.6425 3
424.919 166.141 1
250.973 333.512 4
175.954 113.185 3
254.379 323.508 3
397.166 115.437 2
387.533 338.491 3
139.566 21.7575 3
335.898 361.762 4
43.1013 353.245 3
298.904 235.119 2
92.4483 342.9 3
302.097 412.001 3
217.308 378.14 4
9.54016 137.097 3
359.461 108.094 4
409.267 161.939 3
5.44567 415.374 1
422.379 136.565 3
97.3732 235.176 3
180.222 388.185 3
134.559 8.90079 3
370.169 294.519 2
174.302 343.705 3
89.137 140.361 4
243.185 435.94 1
409.584 238.233 1
433.707 186.384 4
51.9759 128.918 2
441.31 337.797 3
101.299 215.399 4
156.587 246.176 4
393.549 152.631 4
236.753 178.356 3
94.2824 70.7559 1
418.704 11.9832 1
205.202 154.528 4
165.267 330.043 4
26.6278 389.429 3
72.8546 322.702 4
438.379 255.355 3
89.1612 26.3412 3
439.471 446.41 4
246.857 350.108 2
292.332 97.9947 4
359.701 372.259 3
200.767 367.851 2
95.9202 9.55591 3
85.9569 298.038 3
354.803 290.956 4
229.058 199.458 3
327.898 230.847 4
106.293 280.447 2
251.374 259.129 2
0.737008 266.442 2
352.477 398.123 1
215.099 154.567 2
347.458 260.084 3
262.982 418.309 1
289.546 395.298 4
336.777 198.912 2
138.283 418.975 3
307.36 230.672 4
85.8467 13.389 2
242.047 366.88 3
274.61 313.258 1
79.5916 379.493 2
51.937 424.805 3
295.382 331.681 3
306.882 217.529 3
124.863 101.15 3
297.065 189.399 3
416.314 165.419 4
84.7538 144.058 3
98.2131 378.633 3
436.067 133.046 1
24.1848 109.623 1
273.498 200.098 1
2.18373 297.195 4
431.701 198.366 3
169.061 49.1748 3
211.438 36.1018 3
273.587 91.8005 3
259.638 353.573 4
84.2068 67.1108 2
9.41732 262.732 3
394.599 328.435 4
58.3013 179.3 4
311.44 73.4845 4
184.473 202.923 1
253.613 148.002 4
392.375 386.153 4
342.949 422.005 1
145.279 238.886 3
187.446 146.339 3
160.654 408.509 1
277.634 64.8157 3
305.886 333.375 2
240.947 54.6205 3
18.0294 52.6709 1
171.313 237.592 4
205.77 277.758 3
80.989 445.455 4
332.42 307.441 4
248.89 213.132 3
243.39 79.5443 4
344.723 419.032 4
2.89344 0.614173 2
39.8614 327.341 3
358.759 201.137 4
378.219 429.58 3
393.435 315.373 3
61.8761 297.574 3
408.971 69.0215 4
345.119 8.29816 4
288.598 36.4409 1
43.2829 151.824 1
330.698 40.1417 2
348.864 138.762 1
441.258 263.357 4
92.9449 31.2682 1
345.697 163.345 2
209.783 254.256 3
271.205 296.197 3
446.446 359.601 3
2.18373 401.194 4
56.2173 135.639 2
124.541 224.271 3
220.14 10.0588 2
