cost_init,cost_final,confilct_init,conflict_final
642.5999999999999 210.29999999999973 174 30
gapx, gapy = 20,8
minX, maxX = -20,500
minY, maxY = -20,500
68.2474 346.792 4
579.473 92.9372 1
217.385 472.802 1
425.774 375.309 4
406.801 568.722 3
246.327 366.296 4
358.477 51.4865 2
315.885 569.976 2
326.713 86.78 2
109.273 244.474 4
148.934 552.131 1
397.478 490.366 4
274.196 467.899 3
361.92 326.776 2
37.4065 454.62 2
509.91 370.045 3
17.3328 517.206 3
6.62045 560.084 1
521.127 390.126 3
186.782 235.18 1
531.911 625.748 4
320.324 108.784 3
531.354 590.233 4
237.651 319.817 4
209.073 249.444 4
346.183 536.034 4
332.065 145.003 2
318.824 586.983 3
126.145 380.849 3
376.671 399.282 3
518.229 0.559746 3
63.3387 578.565 2
521.887 343.512 3
377.404 608.26 1
497.02 148.438 1
533.863 535.89 4
221.66 546.314 3
434.687 426.065 4
143.221 293.606 3
286.938 293.76 1
249.164 147.657 2
36.9433 611.291 3
417.8 197.754 3
489.151 233.505 2
316.566 85.7128 4
450.684 364.346 3
167.194 527.367 2
465.489 613.665 3
81.3146 157.742 1
283.714 21.3476 3
384.727 174.93 1
284.18 458.731 3
95.9483 22.5267 1
560.268 152.376 1
439.401 590.85 4
285.821 117.373 1
216.85 489.952 3
271.476 225.773 3
262.378 157.675 2
379.759 589.885 1
467.666 345.151 3
206.615 371.15 3
18.8577 194.246 1
141.963 610.085 2
63.7146 148.786 1
621.833 375.32 2
201.454 355.999 4
485.292 432.433 1
538.878 177.71 4
517.128 316.739 1
626.752 354.397 2
76.0198 213.109 3
450.48 470.322 4
0.84927 97.3204 3
103.688 200.409 3
624.933 161.805 4
137.733 98.0613 3
293.326 501.108 3
85.0377 32.718 1
401.898 460.063 3
222.547 371.498 1
258.603 72.2936 4
290.605 351.318 2
282.189 4.16915 2
544.923 604.256 3
31.9828 261.421 4
599.337 20.2758 4
134.342 111.707 3
221.297 396.696 3
156.001 498.039 4
474.108 174.062 3
154.777 589.866 4
263.224 346.888 2
53.5589 364.723 3
91.8543 495.095 3
430.157 320.794 3
167.441 127.931 4
534.017 246.829 4
66.0501 399.312 3
393.287 212.288 2
557.291 466.587 1
185.892 567.65 2
526.494 440.993 3
205.173 336.581 1
182.651 307.445 1
563.739 572.359 4
252.291 32.8899 1
230.442 82.8902 2
327.185 104.103 4
411.549 96.1027 4
141.635 127.554 1
502.054 523.344 3
275.043 106.025 4
281.707 473.738 2
478.263 32.9092 3
361.036 527.264 3
150.842 89.9262 4
224.095 11.2914 4
81.3369 33.7971 2
170.588 528.892 4
281.668 185.334 2
114.611 463.035 3
193.113 388.396 3
131.907 570.198 3
441.177 515.864 1
65.3552 174.071 2
560.772 500.287 3
39.105 497.016 3
40.126 409.908 1
442.2 109.401 2
125.866 206.71 3
165.939 141.539 2
445.558 326.901 3
110.038 482.173 3
494.72 260.06 1
333.285 24.445 2
443.165 154.818 4
79.3682 274.276 1
621.732 118.309 1
481.803 311.383 1
499.506 77.37 2
205.148 250.728 2
355.034 613.347 4
217.992 45.7834 4
370.842 376.439 1
253.932 600.936 4
400.199 94.7607 3
178.752 64.7376 4
384.276 411.403 1
235.67 528.072 1
199.463 575.844 1
552.609 307.822 3
604.324 622.042 3
455.574 195.168 3
359.938 453.751 1
513.343 356.259 1
494.536 524.637 2
82.8201 424.461 3
331.447 284.901 1
102.067 227.083 3
451.156 301.79 1
74.8902 311.277 1
575.481 51.7567 1
5.42375 537.694 2
476.904 289.938 3
464.031 557.951 3
139.785 341.928 3
251.114 240.835 3
132.081 325.309 3
30.4 535.667 3
272.619 129.996 3
305.274 457.467 3
269.412 411.607 1
127.68 468.748 4
632.395 220.665 1
519.687 200.012 1
30.6123 623.779 1
226.543 271.834 4
401.763 269.277 1
184.523 596.169 1
347.32 161.844 3
575.436 60.5105 2
169.603 457.071 2
150.572 211.16 4
99.6958 294.6 3
426.797 491.496 4
389.082 72.2459 1
629.898 572.273 1
352.38 622.785 2
505.641 8.0579 1
147.678 62.46 2
597.71 140.756 3
396.783 125.904 4
20.2667 79.2717 1
349.784 428.727 2
340.005 500.982 1
370.42 186.434 3
628.582 535.909 1
202.734 434.276 3
611.551 501.88 3
504.531 59.835 2
237.701 444.39 3
631.951 560.759 3
95.3306 432.905 2
608.796 444.053 2
173.097 35.2925 1
256.684 286.262 4
394.737 107.877 4
505.011 97.4629 1
345.263 616.695 1
148.742 41.8266 3
54.6072 543.552 3
22.2933 341.061 1
8.72432 274.43 3
618.509 325.715 3
360.94 461.81 1
39.356 294.436 2
218.629 547.953 1
234.037 70.4793 3
559.14 187.052 4
592.597 130.5 3
247.041 411.133 4
375.474 553.444 3
532.724 343.665 4
267.523 622.428 4
216.44 115.115 1
232.562 283.395 4
181.319 175.608 2
393.019 439.41 1
121.616 605.067 3
476.84 600.25 3
348.196 299.985 2
519.211 49.5472 4
396.659 103.311 3
400.856 511.492 1
572.877 222.354 2
611.543 427.28 4
582.166 209.48 2
405.569 334.362 1
412.919 18.24 3
290.442 506.59 2
286.053 391.214 3
234.938 406.945 3
135.362 531.296 3
138.991 575.795 2
57.789 134.638 4
264.295 481.826 1
470.863 409.213 4
121.79 125.354 3
7.46972 448.617 4
109.421 58.1649 2
536.739 476.035 3
424.24 165.28 1
373.119 374.73 4
179.426 628.778 3
591.612 77.7468 3
328.726 127.603 1
359.333 477.851 3
507.516 422.135 3
401.056 457.315 3
81.4751 381.535 3
51.5546 518.113 2
625.615 624.252 3
602.534 435.425 2
233.028 333.348 1
163.199 435.734 2
257.318 2.25829 3
129.263 155.745 1
471.152 451.898 2
146.924 510.238 4
367.119 414.772 1
42.56 236.878 2
502.17 33.855 4
360.612 154.113 1
380.155 364.308 3
551.14 401.126 3
9.18756 632.272 1
326.263 200.235 4
343.704 235.074 3
29.89 54.1115 1
360.708 1.85295 1
411.221 239.07 3
353.908 392.324 3
345.865 203.294 1
333.705 404.369 3
101.951 135.198 2
222.705 284.911 1
611.095 258.14 1
312.824 280.346 2
333.493 374.528 1
409.045 529.887 1
224.458 631.808 2
313.65 225.481 4
566.483 533.698 1
48.5994 325.936 1
156.283 601.64 2
563.916 310.931 4
373.602 58.0877 1
209.6 84.9021 2
361.993 263.063 3
571.189 293.992 4
396.532 285.664 1
377.479 500.48 4
108.64 588.178 1
571.559 406.88 2
176.996 547.181 1
170.201 477.55 3
318.38 556.291 3
233.552 593.089 1
518.703 217.48 4
179.608 376.75 3
291.111 430.31 1
529.017 16.5415 4
496.765 296.588 1
94.7596 3.86032 4
572.447 466.934 1
300.468 588.525 2
616.22 180.142 3
572.979 91.007 4
553.319 271.303 1
624.699 235.383 1
506.261 612.545 3
145.777 365.215 3
136.434 263.766 4
359.645 91.258 3
337.325 599.662 3
328.447 379.17 3
305.282 519.059 2
560.121 391.861 1
213.321 513.475 2
299.654 261.893 3
28.991 204.481 2
411.423 24.8503 1
623.317 601.601 1
306.316 64.2642 3
331.659 273.891 1
489.42 204.567 3
437.828 501.359 4
462.29 448.733 2
605.001 515.719 4
10.2105 116.852 4
272.442 225.348 4
451.398 268.514 3
550.16 545.425 3
470.033 489.363 4
564.453 515.13 4
70.5686 113.927 3
93.9764 55.7522 3
301.237 180.749 3
104.722 531.315 1
130.747 391.446 1
621.103 563.935 1
501.571 599.845 4
342.507 103.495 1
169.318 454.388 3
532.763 30.6601 4
195.873 198.613 4
138.914 386.562 1
77.3521 33.7585 3
578.257 414.425 4
381.653 481.768 4
427.831 205.601 2
578.006 254.867 1
335.832 544.141 3
511.666 423.11 1
441.76 470.419 1
153.189 236.522 4
3.93753 440.568 2
139.084 273.764 1
10.2105 230.046 2
628.096 497.72 1
525.158 235.711 3
57.6107 517.034 1
339.226 36.2382 4
201.012 610.008 1
447.497 41.3826 3
81.6265 366.238 1
385.125 310.553 3
354.824 145.38 3
628.465 200.852 3
241.659 140.882 3
123.309 209.866 2
245.806 586.441 3
336.89 441.082 1
314.016 139.039 3
137.543 175.801 3
105.136 33.0921 1
292.358 322.949 4
60.8295 478.457 4
554.921 153.621 2
155.725 63.6272 1
540.889 198.266 4
527.86 333.995 4
285.667 253.856 3
249.265 566.569 3
589.702 223.435 1
510.814 277.721 1
545.557 107.182 1
437.818 615.875 2
386.814 298.914 1
221.971 114.062 3
625.04 345.402 1
390.27 84.7147 1
48.8493 136.752 1
492.362 88.3912 2
294.156 554.209 3
584.433 372.704 3
63.0583 515.323 4
64.381 169.767 3
110.941 419.348 1
334.925 249.424 3
446.099 205.35 2
59.1741 390.954 4
340.615 119.361 3
259.868 345.855 4
155.624 297.341 1
611.409 584.53 3
191.028 43.3026 2
422.821 412.658 4
213.746 91.4601 1
444.998 80.3424 3
265.551 299.117 1
481.363 369.693 3
84.1133 253.121 1
46.3726 305.178 4
451.97 7.33461 4
14.7271 493.853 3
513.172 564.079 1
410.561 630.361 3
30.6123 204.452 1
44.3744 461.405 4
413.73 461.733 1
525.744 125.875 3
131.154 390.645 3
423.303 135.304 4
188.191 263.081 1
631.404 395.209 3
80.446 364.23 4
323.862 565.575 1
610.617 285.818 4
112.799 8.34743 1
235.557 20.9514 2
157.493 225.327 3
439.44 430.3 2
505.046 141.2 4
539.171 580.891 2
524.923 169.565 3
54.7393 540.966 1
329.227 204.23 3
207.357 184.938 3
128.865 627.632 2
311.415 86.268 3
597.114 475.002 2
356.887 566.579 1
280.712 61.9866 3
501.108 105.57 1
379.026 321.777 3
151.633 272.413 4
273.509 446.86 4
528.406 260.707 4
548.301 630.708 2
66.7256 586.508 1
288.733 189.522 1
223.016 519.406 4
306.591 569.889 3
17.5452 20.6232 2
611.53 196.712 3
48.6979 552.933 2
461.608 378.08 1
44.3723 592.964 2
197.185 157.626 3
32.3992 421.663 3
629.282 65.6925 2
190.256 335.413 3
360.93 383.214 2
125.786 163.074 3
298.001 334.458 1
553.542 444.304 3
557.518 143.99 3
65.918 570.517 2
34.4727 174.158 2
292.612 517.987 4
627.738 57.6051 2
426.48 500.77 2
92.4547 578.343 1
468.585 565.16 4
508.308 616.121 1
336.663 43.264 2
