cost_init,cost_final,confilct_init,conflict_final
471.79999999999995 125.39999999999993 136 20
gapx, gapy = 20,8
minX, maxX = -20,500
minY, maxY = -20,500
0.586877 308.413 3
133.786 77.4425 3
310.337 99.4551 2
137.334 260.671 4
382.242 145.384 3
100.192 23.9003 2
307.484 175.909 1
225.017 425.597 3
445.356 419.849 3
77.432 234.833 2
375.75 157.583 2
380.443 365.872 4
230.439 200.414 1
120.241 280.979 3
312.314 80.7045 2
214.497 352.51 1
108.845 142.9 2
264.394 391.653 3
158.128 207.552 3
364.0 2.12913 4
101.543 384.106 2
57.0236 34.2845 1
327.341 333.824 3
135.705 236.636 4
214.038 78.4388 3
222.003 227.585 3
439.336 308.249 1
16.337 123.922 4
201.667 25.8362 4
274.221 209.542 3
169.075 357.79 1
409.544 23.621 3
399.105 417.804 3
268.312 431.739 2
431.865 58.2667 4
316.477 43.1832 4
143.018 440.767 4
110.961 223.685 1
343.993 109.773 4
330.33 123.708 3
169.525 408.987 2
79.3785 370.704 3
326.653 31.6871 4
376.868 307.307 3
50.1984 326.563 2
310.661 129.045 1
19.8037 100.492 1
375.227 194.054 3
442.698 340.309 4
401.64 408.4 4
105.273 251.772 3
158.521 45.9674 2
157.261 117.225 2
22.3696 156.082 1
262.784 264.231 1
377.698 35.0352 3
58.4147 317.578 4
375.56 146.965 2
85.4919 74.1669 3
224.223 54.6614 4
374.523 134.779 3
34.5438 215.547 2
246.753 85.8205 3
218.345 42.9239 3
94.1596 327.575 3
382.998 314.199 1
257.884 42.3328 3
218.618 399.665 1
163.138 351.118 2
254.841 263.633 2
300.372 376.816 4
388.963 35.5129 2
286.295 119.75 1
400.7 324.381 1
343.951 327.411 1
399.956 82.968 1
211.915 328.801 4
358.663 372.012 4
31.2955 171.45 1
179.298 263.018 3
92.3307 198.571 2
378.302 245.151 2
80.6205 30.5039 2
346.175 214.415 2
227.258 5.50026 4
220.174 334.604 1
276.005 334.779 1
401.956 273.282 3
48.2331 55.0572 4
407.319 445.209 1
33.9108 364.669 3
198.446 115.89 4
73.0184 2.4294 4
382.581 169.826 4
107.453 336.226 1
209.57 314.704 2
147.677 157.747 4
222.454 380.851 2
358.922 289.387 3
391.201 244.102 3
308.648 75.2294 4
203.793 196.319 3
127.229 288.648 1
47.9055 297.685 3
104.723 112.86 3
189.378 436.786 3
181.727 325.951 3
9.47191 53.79 3
93.4719 263.439 1
135.173 168.707 4
426.856 179.652 1
345.504 421.537 1
181.084 2.68871 3
244.932 143.362 3
441.281 400.491 1
148.261 144.822 3
261.761 184.8 4
310.403 9.59475 3
445.639 162.483 4
213.792 289.619 3
154.35 388.171 3
398.385 25.6609 2
94.801 408.673 3
10.4136 200.152 1
121.743 237.671 1
226.634 222.054 4
62.9522 406.694 2
1.06457 421.405 3
74.4913 93.9979 4
305.053 71.431 3
106.206 349.985 3
242.738 431.013 4
240.77 277.947 2
361.543 213.188 4
359.141 99.1412 4
374.782 66.7832 3
221.048 292.933 1
65.1654 6.34646 3
102.824 173.977 4
336.965 144.167 4
178.547 156.573 1
193.661 179.475 4
166.626 96.6982 1
197.436 34.2982 1
98.7013 17.2787 3
284.772 411.465 1
164.103 65.7732 1
290.91 361.9 4
15.832 85.6588 3
183.924 241.179 3
86.2047 260.616 2
442.422 359.387 1
326.891 435.176 1
83.0908 229.319 3
393.594 282.561 4
296.029 374.823 2
250.078 226.291 1
270.487 195.894 4
281.893 88.4682 3
288.238 345.452 1
58.5239 282.726 1
34.1753 149.355 4
176.896 271.835 1
302.787 199.429 4
282.11 315.796 2
298.788 387.025 2
1.50131 186.013 2
77.5496 147.456 3
244.825 98.3223 1
188.142 177.225 3
272.051 324.488 2
81.2073 123.178 4
388.008 419.221 1
219.656 138.478 3
154.108 272.054 2
65.0341 125.441 3
334.956 244.197 4
422.823 34.4094 4
193.798 33.1129 3
126.637 410.554 3
314.211 264.049 4
23.789 396.301 3
370.51 122.946 1
210.472 15.2042 4
309.487 236.566 4
408.971 113.704 1
188.768 41.8068 3
302.274 54.9071 3
373.917 289.958 4
164.394 119.3 4
54.9753 201.178 3
116.051 354.557 1
3.26194 153.272 2
139.131 77.6882 4
134.703 336.009 3
254.763 68.2688 2
395.937 289.865 1
168.556 211.523 2
56.0399 180.758 2
93.095 298.106 4
216.753 303.636 2
433.355 222.36 2
427.667 345.834 3
370.21 196.604 1
87.98 377.075 4
336.258 324.163 4
191.077 114.757 3
396.442 437.048 4
51.2199 138.587 3
292.232 291.118 1
28.4157 25.7953 3
334.549 85.0971 4
350.521 93.2724 2
203.03 43.9475 1
387.339 225.756 1
424.583 70.2478 4
282.137 366.279 3
51.7144 350.788 3
132.459 185.291 3
73.9318 224.965 3
195.879 299.471 2
428.759 251.279 3
119.136 133.482 4
324.693 53.3102 3
158.525 366.579 1
173.333 398.6 4
117.582 87.7585 3
270.127 119.234 3
1.89711 316.872 4
279.871 409.56 3
402.707 2.64777 3
341.208 174.577 3
257.829 188.389 2
10.127 331.817 3
318.076 164.614 3
2.08819 255.387 3
412.424 147.09 3
87.0541 307.143 3
234.35 144.044 1
406.378 152.956 1
16.5963 284.719 3
0.969029 308.683 4
302.023 297.467 2
378.726 299.828 1
408.439 111.134 2
373.911 307.946 2
367.058 118.196 2
35.5108 62.1428 3
283.775 1.17375 3
254.328 13.7848 2
36.3265 287.215 1
