cost_init,cost_final,confilct_init,conflict_final
574.3 159.79999999999995 168 28
gapx, gapy = 20,8
minX, maxX = -20,500
minY, maxY = -20,500
91.0205 82.0693 3
69.8793 8.53018 3
374.401 62.1701 4
298.311 116.297 1
333.293 172.555 1
108.42 260.93 1
101.331 282.697 3
290.135 292.483 1
353.37 424.011 4
82.3066 152.482 4
0.64147 250.674 4
244.028 336.228 3
174.959 196.795 4
39.6871 190.448 4
251.47 30.4787 3
81.2609 231.202 3
134.791 389.113 1
148.564 40.7559 3
394.717 147.84 1
330.949 106.184 4
83.7186 268.148 3
443.418 260.928 3
348.523 51.5517 3
279.217 387.734 1
127.939 356.794 1
113.492 340.266 2
354.064 259.988 4
255.366 153.516 1
61.3512 386.863 2
274.863 283.257 1
106.375 135.858 3
196.044 425.649 4
267.561 211.849 4
419.564 70.6026 3
344.155 378.399 4
72.9501 337.019 4
215.451 21.032 4
230.138 267.959 1
340.498 211.699 4
135.469 309.095 3
381.749 290.547 3
309.093 311.047 3
306.718 281.812 1
229.651 437.332 3
102.065 213.282 3
17.347 328.257 2
150.584 44.2614 2
168.884 61.2283 4
281.369 32.7286 2
304.753 354.173 3
215.012 187.898 2
4.57218 344.553 1
229.273 85.5611 2
348.426 70.673 3
217.526 63.9926 4
60.7213 183.456 4
271.165 342.094 1
167.069 415.606 3
302.992 168.449 3
248.003 445.646 4
405.018 33.3585 2
72.9911 110.538 3
401.102 6.72861 1
251.633 299.609 4
56.5176 52.0819 1
380.132 280.12 4
86.2982 392.279 4
140.461 107.81 1
247.607 302.869 2
342.556 399.95 1
172.31 129.741 2
201.312 279.749 2
57.4646 253.381 4
32.0735 360.492 4
157.135 220.572 1
400.236 325.662 3
136.183 426.689 3
192.55 379.978 4
185.93 244.182 2
73.537 430.457 1
337.221 17.7449 3
219.847 44.8619 4
157.665 156.478 4
145.913 148.7 3
234.15 81.5758 3
75.5664 311.477 2
45.8446 84.7695 1
53.7627 271.535 3
328.487 230.533 4
173.702 98.7181 4
253.528 204.972 2
360.52 340.075 1
389.741 129.033 3
78.1228 378.278 2
274.722 2.07454 3
267.41 71.7627 1
255.469 399.963 4
156.407 71.1234 3
345.804 337.713 3
212.281 120.148 1
6.96063 403.726 3
302.671 421.557 3
278.371 154.631 4
402.662 422.54 3
268.218 360.181 3
391.365 387.04 4
234.682 92.0441 4
391.124 109.159 1
423.02 179.641 4
201.884 266.649 3
386.26 428.365 1
342.736 368.545 3
5.1727 0.382152 4
123.53 409.353 3
286.368 329.349 3
205.034 311.197 4
249.3 320.177 4
277.019 373.529 4
304.458 235.952 4
206.021 210.498 4
317.158 183.324 1
14.4672 39.0478 2
63.9171 311.891 4
308.11 29.578 4
89.2682 21.6189 2
18.4934 425.351 4
370.374 225.579 1
155.45 231.512 3
408.439 18.9575 2
330.821 92.2509 4
232.567 14.4672 2
95.7428 192.17 4
6.37375 101.598 3
358.623 153.161 3
52.9144 407.743 1
153.12 175.97 4
169.578 87.7449 4
289.48 277.322 3
307.246 258.378 2
124.689 155.809 2
262.581 145.204 3
321.103 269.597 4
360.003 132.839 1
116.584 61.6105 2
116.299 438.997 2
332.472 209.995 2
2.21102 438.276 3
98.2793 138.0 3
9.73123 370.374 1
4.76325 292.756 1
417.842 103.074 3
194.251 220.654 1
214.524 104.833 1
257.066 134.82 3
145.6 316.627 4
416.694 387.461 4
213.719 399.499 2
266.464 235.462 2
144.641 320.708 1
423.912 314.552 4
7.6294 201.367 1
43.663 406.46 3
95.1832 379.109 4
207.719 33.0016 3
130.901 283.12 4
439.417 41.8341 4
278.412 377.075 2
260.546 196.358 3
431.702 170.155 4
319.302 298.9 4
28.4157 100.999 3
337.877 248.483 3
302.23 162.101 4
30.7507 83.2 4
171.838 10.5774 3
312.86 396.403 4
433.277 292.67 3
56.042 24.7738 3
51.5213 117.02 3
83.2819 361.491 3
419.462 401.942 2
173.995 291.76 1
183.378 9.49921 4
216.38 188.169 1
433.829 103.44 4
162.698 341.03 3
447.011 360.12 2
208.11 258.364 1
348.659 15.0404 4
383.94 137.536 4
291.489 113.458 4
55.5181 59.1108 2
61.3354 240.087 3
297.765 42.5281 2
197.197 398.203 3
369.446 197.875 4
319.124 80.5816 3
157.911 427.465 3
54.6835 347.049 4
246.133 328.119 3
307.551 30.2037 1
98.8409 232.062 1
341.74 188.676 4
66.842 222.767 3
3.42572 366.199 3
37.4961 58.0966 3
112.259 320.505 1
82.7465 82.9974 1
312.873 103.402 3
391.31 69.895 2
417.911 146.528 4
407.021 437.469 1
179.38 0.259318 4
10.1816 16.4892 1
241.179 391.558 2
266.248 175.572 1
285.154 221.976 2
344.06 179.668 3
417.938 196.756 4
356.682 197.725 3
303.654 135.364 2
445.847 60.5869 1
90.8294 29.5097 4
3.02992 37.1055 4
353.45 63.2735 4
19.8856 271.806 3
33.6567 177.673 2
192.258 279.628 4
399.977 336.185 4
176.855 75.4089 3
377.989 368.247 4
447.028 438.697 1
167.585 102.157 3
169.798 366.074 1
194.188 388.31 3
149.367 188.783 2
240.705 299.962 3
327.998 207.947 2
214.469 256.358 3
435.816 307.484 3
292.019 0.259318 1
205.429 120.746 2
141.957 89.3827 4
396.551 223.534 4
304.01 346.682 3
288.088 311.918 1
57.1811 167.11 3
154.647 377.596 2
403.102 180.335 3
110.988 253.64 3
277.975 96.1386 3
152.547 43.811 4
50.4304 438.836 4
210.825 315.439 2
286.136 126.097 3
78.9281 8.19108 4
279.872 355.661 1
376.257 425.868 4
206.854 167.505 1
269.926 369.571 3
233.776 417.297 3
388.848 337.92 3
345.597 329.511 3
360.275 437.496 2
411.714 0.709711 4
277.524 65.0751 4
425.253 423.208 4
0.573228 220.299 3
126.808 400.673 4
184.307 243.802 4
327.929 423.236 3
51.1674 200.577 1
315.862 250.064 2
66.5764 379.395 4
