cost_init,cost_final,confilct_init,conflict_final
500.2000000000001 163.29999999999987 144 30
gapx, gapy = 20,8
minX, maxX = -20,500
minY, maxY = -20,500
401.661 84.8945 3
162.028 96.2772 1
230.506 305.421 1
167.273 60.9564 4
192.023 279.353 2
305.708 262.459 1
317.854 336.637 1
253.149 364.419 3
322.359 49.095 3
166.263 129.468 1
298.2 239.555 1
103.815 317.175 2
127.175 400.839 4
58.0052 197.15 3
17.7018 95.9475 2
214.128 285.579 3
173.197 166.634 4
308.124 372.066 3
335.707 404.237 1
7.61575 371.138 3
26.1774 222.481 2
422.37 22.652 1
54.211 347.624 4
179.675 250.528 4
107.865 360.492 3
446.11 325.159 1
267.261 100.943 3
92.1396 123.273 4
117.869 5.50026 2
83.7627 417.979 3
103.543 318.947 3
357.342 288.211 1
248.959 423.836 3
162.374 98.6635 4
357.613 183.692 1
44.2205 65.4982 3
240.97 9.62205 2
134.681 422.417 1
111.248 241.495 4
71.6126 153.184 4
279.34 177.523 1
253.18 211.726 2
84.8882 428.297 4
299.514 176.1 1
280.328 126.181 4
376.72 362.59 2
223.255 84.7422 1
378.235 38.6541 1
365.831 140.375 4
70.1386 46.5407 4
202.323 245.26 4
415.915 195.676 4
215.739 71.8467 3
333.018 158.375 4
98.1774 124.5 3
254.923 198.938 2
114.809 369.775 3
137.739 226.139 4
64.6793 253.462 2
139.272 349.369 2
404.284 252.714 3
164.875 156.505 3
285.399 392.336 4
341.773 445.728 2
309.242 403.785 3
394.272 401.929 3
437.179 268.325 2
230.793 84.5879 4
439.798 377.921 4
184.798 264.886 1
208.517 357.913 3
284.561 42.8577 3
211.262 325.293 3
402.476 227.281 2
188.51 25.0992 4
207.672 371.042 4
445.922 128.938 2
86.4714 445.168 4
226.772 436.898 3
288.402 317.803 2
401.65 136.401 4
369.746 153.095 1
185.426 195.746 1
46.7863 283.709 1
79.685 293.413 4
140.373 185.128 4
165.813 123.642 4
249.039 303.704 4
30.2446 30.1449 4
281.851 279.942 1
152.342 206.897 1
438.119 419.398 2
264.859 222.426 4
349.855 331.121 1
358.586 35.6315 3
329.094 145.668 3
14.3171 30.231 2
274.017 400.634 3
433.933 314.472 3
50.4357 48.547 1
176.641 186.763 1
308.151 339.692 4
371.438 50.2961 3
92.126 383.899 4
317.936 70.0178 3
235.426 338.082 4
435.555 88.2089 4
313.842 406.2 2
225.008 396.032 3
99.0877 169.348 2
161.195 63.1643 3
438.006 12.3402 2
117.059 210.252 3
374.768 103.44 3
195.354 37.0142 1
161.865 371.234 3
193.642 228.541 2
135.094 106.129 4
404.167 293.277 4
118.413 319.208 4
386.119 76.2142 3
242.735 353.828 4
356.384 232.444 3
195.648 383.79 4
252.084 128.198 3
348.522 420.149 2
417.999 68.0252 4
213.434 71.4625 3
341.944 305.901 3
96.8325 74.8609 3
77.6997 303.725 4
273.539 14.8493 1
7.41102 132.443 4
69.5129 160.913 3
280.595 263.016 1
2.29291 259.702 3
369.091 171.627 1
318.441 89.4919 1
30.463 245.014 2
384.09 349.467 3
15.3543 394.395 1
211.685 116.094 2
118.067 392.102 4
301.766 374.509 2
349.693 245.378 3
267.516 137.861 1
123.694 36.5795 1
5.21365 153.682 4
218.001 176.202 3
41.5727 179.994 3
289.549 216.164 4
258.499 4.53123 4
197.368 261.667 3
99.6325 133.89 3
152.288 356.878 4
263.607 183.46 3
169.165 9.41942 3
253.23 291.719 4
336.662 370.799 2
70.0252 303.936 2
352.317 329.308 3
439.964 235.872 4
79.2829 222.344 4
14.9039 57.1181 3
105.843 327.343 4
102.605 406.31 3
125.755 328.596 4
391.16 329.907 4
392.73 389.045 4
91.8142 87.8541 3
347.229 119.777 3
433.722 112.271 3
148.797 27.5171 1
167.186 244.648 3
144.619 132.391 3
375.917 359.075 4
119.573 279.192 3
409.763 78.0546 4
355.301 58.9879 4
198.029 114.743 3
343.609 434.152 1
90.2373 142.286 4
220.708 446.943 1
405.095 159.931 4
86.9669 283.734 3
217.914 315.673 1
232.417 427.656 1
109.007 31.6504 4
68.7507 112.298 2
155.522 298.229 1
47.2147 347.337 3
66.336 104.014 1
66.631 266.292 1
247.511 208.166 4
44.9732 281.034 2
87.2262 243.349 2
277.42 265.268 2
377.167 284.535 4
220.788 129.181 1
258.818 148.425 1
431.183 372.123 3
268.093 260.098 3
279.667 319.07 4
117.88 406.146 1
232.787 404.099 4
339.564 70.9029 2
124.35 74.4924 3
152.305 260.901 4
231.661 119.341 4
6.42835 207.641 1
407.333 240.305 4
157.015 97.1758 3
111.378 157.515 1
305.871 281.073 3
108.601 422.66 4
263.317 365.61 2
110.019 391.694 3
79.2399 32.6604 3
6.52388 17.8541 4
316.326 197.52 3
446.846 303.731 3
330.289 24.4871 4
80.0693 197.083 3
401.665 207.823 4
217.691 295.201 1
328.22 156.3 3
361.216 35.6514 4
98.9774 188.046 3
4.17638 192.252 4
264.294 229.005 3
341.48 318.089 4
31.389 47.621 3
129.782 50.8672 2
423.648 51.0583 1
278.445 314.429 3
4.8315 272.722 3
420.076 446.997 1
420.094 358.597 3
419.467 261.585 3
49.5727 362.662 3
125.373 336.621 2
232.99 438.506 2
411.428 137.604 1
286.3 35.6766 4
390.595 292.608 4
244.255 184.554 2
119.37 104.384 3
393.562 76.8829 1
330.314 166.646 2
441.858 180.785 3
364.445 145.736 3
265.582 195.855 3
246.78 240.619 1
351.826 131.422 3
7.30184 124.611 2
167.192 376.777 2
82.4903 54.9207 4
321.404 58.4577 3
368.734 104.723 2
151.712 203.332 3
324.732 25.7953 3
67.5129 380.476 3
197.836 328.05 3
168.531 17.9906 2
36.9869 254.336 2
190.645 289.317 2
121.63 331.176 2
205.68 8.21837 3
336.084 428.802 2
