cost_init,cost_final,confilct_init,conflict_final
929.4999999999999 229.59999999999974 268 36
gapx, gapy = 20,8
minX, maxX = -20,500
minY, maxY = -20,500
127.024 233.723 2
218.163 388.203 1
419.964 358.15 3
397.864 248.856 4
80.2337 139.598 3
266.101 400.807 3
462.636 151.836 3
458.587 625.806 3
80.0 610.222 3
175.336 553.608 3
192.784 346.967 1
208.075 312.039 4
112.046 67.8065 3
275.434 287.922 3
374.132 503.926 1
607.754 275.983 3
340.017 394.814 3
327.181 198.401 1
343.861 182.226 3
405.999 368.592 2
135.536 515.353 3
479.741 155.166 1
547.963 62.5077 3
537.028 617.487 3
135.601 225.192 3
10.0947 3.26197 3
592.982 191.395 1
117.991 373.447 3
329.169 618.78 4
142.41 148.631 3
474.993 198.131 1
34.0206 352.765 3
313.342 278.531 4
359.975 409.117 1
143.507 615.856 1
257.31 67.1696 1
275.955 514.446 1
582.252 435.0 4
263.251 476.141 3
408.171 564.996 3
270.898 13.4918 3
266.246 246.085 1
595.45 393.83 3
460.804 440.578 3
333.3 134.069 1
83.2376 405.787 3
364.089 375.416 4
112.934 244.937 1
564.475 131.791 2
387.19 293.876 4
524.772 313.834 3
110.386 322.453 4
116.659 263.486 1
88.8021 352.854 3
501.359 548.406 4
267.055 317.839 3
407.36 141.772 1
279.371 297.225 4
363.129 35.6978 3
470.518 427.029 1
363.951 263.36 2
342.893 541.429 4
264.625 488.948 3
598.536 276.65 1
628.958 538.92 2
60.0859 61.6879 3
180.217 127.912 3
359.648 107.408 2
360.226 107.184 4
454.041 591.517 2
82.8618 293.393 3
378.618 627.678 4
535.06 381.071 1
92.832 312.377 2
116.968 488.764 1
624.282 359.203 3
14.6499 543.021 3
412.001 339.293 2
152.116 192.263 1
295.334 36.673 4
604.851 516.443 4
213.514 109.942 3
257.232 574.396 1
157.733 219.961 1
484.199 525.486 3
19.1472 435.174 2
596.302 588.525 4
601.19 88.8453 3
205.724 183.616 1
543.552 478.399 1
401.049 325.743 3
51.7577 408.306 3
203.4 441.167 2
336.311 454.302 2
483.177 501.156 1
231.368 547.19 3
529.703 116.929 1
150.359 263.621 1
461.25 594.18 4
489.017 577.108 1
538.553 111.795 3
518.052 365.099 3
413.402 472.58 4
605.276 402.573 3
141.133 58.049 3
14.013 186.366 1
107.245 50.5702 3
218.325 8.51201 3
248.228 242.206 2
224.014 207.743 3
117.275 529.676 2
459.303 171.495 3
601.702 351.742 3
118.361 33.1307 3
402.187 525.148 4
391.263 220.202 3
456.348 246.703 4
86.5788 462.842 3
168.494 32.446 2
87.3367 279.149 3
158.708 434.421 3
312.377 1.13879 4
484.991 23.5673 3
456.667 394.611 2
518.615 432.867 1
236.557 158.109 2
357.047 229.66 2
18.9542 270.116 4
63.4058 167.133 4
119.174 566.849 2
81.212 613.038 2
405.599 525.795 3
72.4582 387.257 3
211.777 38.5839 3
450.055 256.113 3
309.801 352.321 2
147.85 356.115 4
350.228 73.9462 4
573.779 35.0324 3
238.494 163.504 1
577.911 561.696 3
452.275 247.601 1
42.1547 219.893 3
391.775 109.865 4
516.159 448.127 2
549.212 456.155 1
62.494 140.033 1
543.861 23.3163 4
171.977 404.677 3
208.284 89.8489 3
167.478 343.616 4
99.6349 15.7501 1
24.764 491.206 1
456.159 307.976 2
600.664 629.068 3
351.926 600.434 1
58.5804 312.077 2
71.1243 334.757 1
186.666 591.189 4
7.79785 477.985 3
129.78 162.321 3
85.1587 426.671 4
346.962 309.752 4
354.184 191.867 4
180.566 26.6839 3
284.02 55.4728 2
442.2 471.673 1
436.313 545.251 1
158.716 409.387 1
319.998 86.1522 3
631.323 342.347 1
272.896 289.159 2
455.112 1.1967 3
443.399 632.445 1
454.668 492.354 3
569.745 202.242 1
492.056 46.4396 2
264.393 458.973 3
433.9 46.459 1
132.409 462.659 4
135.871 624.988 3
282.286 326.071 2
426.971 449.11 1
179.177 505.297 3
534.458 411.607 3
619.218 457.93 1
504.988 529.81 1
276.036 534.065 3
219.714 300.361 3
165.878 492.345 4
547.751 620.141 4
503.579 225.172 1
406.299 380.185 4
425.7 38.6702 3
612.508 15.3732 3
161.422 511.212 1
322.849 408.808 4
543.28 75.71 3
97.6849 553.591 4
492.828 560.528 4
179.003 451.01 3
4.07264 558.26 2
620.009 445.616 4
49.8174 128.461 3
85.5853 590.387 2
425.275 92.4564 2
546.969 298.663 1
225.423 362.184 1
541.534 580.997 2
478.073 269.219 2
365.904 132.592 3
414.846 497.836 1
507.339 403.22 3
458.328 88.4978 3
324.055 566.844 3
533.32 289.08 2
224.939 582.782 3
294.6 168.782 1
110.519 444.544 4
290.296 394.621 1
469.528 343.318 1
116.852 598.929 3
476.297 498.425 4
333.937 432.859 1
573.768 183.664 3
41.8438 174.129 3
570.094 333.193 1
319.326 424.925 4
280.717 192.34 1
141.925 168.744 1
511.33 502.17 1
479.592 35.3412 3
310.811 12.8833 3
413.566 235.75 3
436.448 191.703 3
343.798 441.119 2
277.789 250.38 1
234.746 136.733 3
534.395 114.673 1
143.579 362.445 1
93.1688 302.958 2
173.638 400.614 4
247.425 611.908 3
94.5941 562.554 4
93.5742 115.366 1
217.606 181.251 4
143.469 571.754 3
149.78 41.151 1
277.383 45.7255 1
331.234 364.549 4
508.578 516.569 1
417.069 614.302 3
596.207 165.897 2
427.192 582.387 1
222.509 446.871 1
424.123 445.027 1
485.648 333.821 1
582.599 582.454 3
21.0001 49.2577 4
46.6707 198.961 1
377.041 49.4984 3
16.2133 36.6151 4
277.18 304.676 1
53.4268 418.511 1
318.669 121.619 2
227.147 254.492 2
92.0879 575.439 2
188.905 334.409 1
531.255 185.102 4
292.091 62.2761 1
397.999 11.2528 3
398.546 581.887 1
25.3044 342.806 3
59.1431 103.071 2
421.142 181.821 3
87.0451 13.0479 3
100.619 460.673 1
322.97 546.93 1
588.594 43.7181 2
214.016 517.36 2
474.318 220.831 1
216.767 28.6629 3
189.205 534.644 3
205.166 182.429 2
390.799 49.7806 4
206.73 118.956 3
147.406 116.572 3
588.197 560.383 1
536.681 238.471 1
87.6455 254.048 2
133.934 78.1329 4
125.184 463.953 1
72.8147 387.692 1
473.901 417.339 2
215.937 426.883 1
532.859 445.123 1
356.626 283.405 3
566.811 527.822 4
451.947 231.204 4
316.371 611.069 1
524.849 150.291 1
562.653 366.595 3
582.121 412.881 1
522.687 494.091 3
127.255 12.2583 1
7.45042 506.493 1
441.022 69.0418 4
201.354 374.704 2
4.47797 514.832 2
531.045 503.163 4
151.17 147.589 1
76.1031 77.7753 3
259.823 414.608 4
215.097 182.246 3
189.738 578.334 3
433.613 131.561 3
605.124 247.253 4
120.288 558.243 4
506.067 169.796 1
167.971 219.623 3
391.919 404.127 1
369.452 269.682 1
131.502 205.571 4
437.228 8.11581 1
185.941 480.542 4
540.087 91.2864 2
17.6803 426.141 3
220.386 264.258 1
338.407 348.326 1
46.8937 89.53 1
321.487 153.611 2
12.5846 279.391 1
600.067 46.7871 2
467.244 153.66 4
431.89 202.339 3
548.706 223.706 3
255.881 506.927 4
426.643 107.259 4
22.5829 453.346 1
516.41 307.638 2
615.614 68.2017 3
306.769 623.287 3
99.2102 112.923 3
359.175 490.647 3
274.467 172.971 1
542.085 84.3378 1
22.3706 25.729 3
632.027 434.044 3
463.781 467.371 3
483.695 341.126 3
241.635 481.15 3
142.523 355.718 3
588.575 547.915 1
593.968 103.572 4
556.639 265.754 4
435.326 62.8551 3
440.231 203.516 1
198.942 464.985 3
94.9253 566.608 1
575.94 189.84 4
32.6776 249.0 2
577.244 577.938 4
123.72 302.735 1
296.299 130.788 2
16.6766 356.501 2
403.227 489.575 3
66.5046 187.245 3
362.619 307.436 3
126.075 80.1402 1
369.372 238.066 1
572.717 321.207 3
304.852 378.196 4
314.5 394.264 3
424.961 115.722 4
86.1623 194.058 1
362.629 582.31 2
566.097 487.664 1
8.76293 152.405 2
137.136 360.988 3
585.611 33.0342 4
421.836 232.565 2
219.575 566.155 1
617.604 527.399 1
294.678 108.88 4
333.721 335.162 3
411.124 502.459 3
512.377 152.781 3
522.126 610.973 4
544.788 212.781 3
369.24 381.93 2
15.615 123.453 4
270.029 573.305 3
205.18 312.165 1
297.379 481.577 1
326.89 218.465 2
505.779 18.558 3
420.825 260.089 2
131.506 343.018 3
3.03035 301.442 2
88.382 502.584 1
469.785 366.334 3
491.843 91.3545 3
606.769 165.868 4
27.2975 226.427 1
222.963 64.5446 3
1.06159 621.84 1
558.399 324.353 1
199.81 252.223 3
377.308 160.107 2
225.867 296.164 3
631.919 422.54 3
286.339 556.755 4
272.797 21.6757 1
175.529 614.881 3
629.077 210.966 3
422.145 615.335 4
68.5176 377.115 3
321.904 203.004 3
1.2546 462.089 4
618.285 306.943 4
136.26 319.045 1
400.605 546.023 1
29.6777 532.675 4
469.541 536.063 4
568.104 370.089 4
136.64 588.544 3
325.599 92.7919 4
371.614 226.331 1
550.377 354.609 4
216.004 498.183 1
525.625 381.245 2
395.764 19.4265 4
539.729 598.069 3
8.04877 553.425 3
358.508 598.88 4
457.294 96.8747 3
94.1146 0.347429 1
359.581 417.541 3
314.267 152.743 4
508.771 607.99 3
220.068 216.921 1
536.623 341.454 2
305.619 335.327 2
75.4966 120.355 3
556.945 275.732 4
180.719 590.32 2
492.5 411.481 3
334.4 208.863 1
21.0194 376.854 2
543.853 402.323 4
197.582 439.275 3
33.6792 325.02 1
304.822 536.034 4
451.925 480.88 3
145.532 531.045 3
80.4684 129.919 3
236.831 16.2032 1
561.287 41.6813 2
408.962 306.473 3
348.761 319.422 4
16.4064 304.077 4
425.098 414.067 1
505.126 64.0518 3
279.352 277.19 3
410.815 22.6022 1
57.4995 454.6 1
487.255 458.306 3
408.118 82.0216 4
192.969 10.7408 1
426.546 44.287 4
50.493 540.84 3
269.296 229.901 3
516.039 420.62 3
192.931 369.915 3
57.6732 591.343 3
551.794 106.38 1
38.2415 620.247 3
10.2878 60.2789 1
103.12 262.116 4
334.694 76.1926 3
488.601 310.505 2
7.16089 591.266 2
595.628 608.55 1
508.501 8.84927 4
354.165 62.8744 3
123.824 36.9626 1
209.484 623.924 1
342.711 318.805 3
374.123 348.963 1
220.096 94.3554 4
91.7984 179.312 1
564.519 212.365 1
