cost_init,cost_final,confilct_init,conflict_final
873.4 220.9999999999997 250 34
gapx, gapy = 20,8
minX, maxX = -20,500
minY, maxY = -20,500
134.301 607.739 2
632.156 299.156 1
432.315 163.474 4
463.666 398.887 2
555.693 158.147 4
445.365 447.258 2
146.036 41.2861 3
175.14 139.598 2
473.444 528.892 3
237.352 222.026 3
488.562 193.643 4
495.83 330.54 3
216.601 406.395 2
309.402 213.755 2
397.45 205.545 2
407.576 110.472 1
566.055 13.5782 4
520.159 37.0398 1
353.393 400.296 1
392.459 615.17 1
312.898 39.0278 3
289.505 595.57 4
555.867 477.176 1
515.628 341.214 4
301.386 381.979 2
79.359 493.918 4
325.116 355.603 3
489.629 104.73 2
272.265 358.064 1
312.725 286.185 1
377.366 488.35 4
58.5804 591.169 4
308.353 411.905 1
159.122 207.705 1
622.435 554.438 1
313.468 377.664 3
237.611 67.4296 3
80.2845 201.885 3
298.781 569.745 1
430.657 246.713 3
234.186 606.9 4
547.202 158.552 1
173.003 448.646 4
15.5571 40.4 3
290.486 477.908 3
466.186 501.957 3
181.319 518.778 1
455.19 271.143 4
213.971 503.8 2
85.6219 12.8935 3
344.418 138.624 2
417.204 382.104 4
606.421 245.275 4
418.707 183.327 2
76.1641 290.595 1
34.6271 333.56 2
212.606 332.839 4
484.721 361.442 3
139.358 292.516 4
432.993 286.108 4
15.1325 602.268 2
543.726 82.8039 4
340.619 557.044 4
108.089 24.8412 3
19.8806 182.226 2
136.681 83.8553 4
556.542 336.176 4
553.363 597.404 3
340.29 73.018 3
510.875 496.601 4
309.675 215.618 4
243.992 90.6108 4
538.113 209.519 1
137.665 364.467 3
542.317 351.366 3
245.39 307.706 2
184.62 101.507 2
306.645 239.88 4
135.594 478.023 4
283.019 185.585 4
218.436 8.46324 4
145.49 253.883 1
201.296 549.941 4
460.346 447.45 2
202.892 231.079 1
254.646 231.002 3
531.682 286.155 2
342.912 381.235 1
209.452 599.652 2
117.836 392.469 4
413.981 477.125 1
409.117 198.131 1
590.086 73.597 2
332.953 248.45 3
237.473 420.524 3
358.083 539.016 1
243.219 202.483 3
319.094 577.88 3
159.783 544.7 2
247.118 128.722 4
127.542 422.666 4
81.1784 379.324 3
50.8668 344.69 4
211.243 120.268 2
284.255 430.203 1
539.039 553.733 3
260.081 407.013 3
387.885 123.916 3
631.366 452.207 3
60.5877 316.894 3
228.664 446.455 2
502.903 106.236 1
612.15 318.37 1
527.957 504.563 1
4.40076 259.172 1
211.897 389.371 3
164.43 340.229 1
126.966 98.4382 1
239.922 90.3701 3
485.725 121.697 3
496.9 240.835 4
141.5 197.947 4
383.909 557.276 3
278.078 104.055 2
363.383 493.319 3
595.176 64.1778 4
535.674 468.44 1
200.679 455.73 1
473.488 71.7247 4
478.12 420.719 4
432.896 346.232 4
157.216 585.167 1
307.632 511.193 2
48.1189 267.945 4
503.898 433.311 3
100.021 619.157 2
3.78311 278.136 2
425.793 417.146 1
107.992 186.282 2
212.819 604.033 1
220.308 500.152 3
417.976 45.8504 3
67.1995 426.739 3
380.766 160.686 2
260.494 262.0 2
324.846 298.461 1
75.0619 294.214 2
148.351 410.12 1
540.393 574.763 2
425.153 295.565 3
224.616 110.193 2
70.3543 524.503 2
467.272 172.392 4
410.41 136.134 3
304.113 45.0398 1
314.51 529.983 4
254.605 186.26 1
161.97 557.825 1
426.121 306.355 2
459.282 591.526 3
496.514 93.4197 1
136.983 349.426 4
574.385 379.971 1
124.8 86.4905 2
285.278 148.873 1
43.6023 180.858 4
263.949 273.832 1
16.9661 215.001 3
195.605 477.647 4
466.288 324.797 2
58.4066 118.058 4
419.462 121.088 1
546.312 223.734 2
133.046 92.3094 4
159.335 526.22 1
96.1839 567.12 1
434.035 627.292 3
304.741 514.735 3
456.0 541.689 1
353.335 524.742 1
384.28 63.2798 4
116.261 169.2 1
59.4489 239.735 1
579.087 201.479 1
210.947 25.4202 3
566.155 177.294 4
105.461 302.495 4
43.4591 64.2642 1
106.526 154.762 1
563.394 629.724 4
589.308 271.949 3
608.111 397.15 3
450.664 69.8139 3
346.023 312.416 2
458.539 368.74 2
355.999 27.5452 3
425.277 271.756 2
121.459 202.03 4
392.468 457.351 2
351.328 75.8258 4
15.1325 508.104 4
371.923 36.6436 1
504.081 130.633 3
397.439 273.504 3
203.223 83.7395 2
437.355 612.372 1
585.475 229.505 1
56.8239 385.086 1
183.732 379.855 3
269.064 165.299 4
27.775 556.813 3
256.904 430.947 1
307.185 5.17283 2
70.045 153.006 1
190.46 245.497 2
461.511 239.083 3
75.7395 578.527 1
294.156 334.68 3
397.806 586.565 4
5.42375 12.8549 3
353.34 442.412 1
345.711 474.318 2
360.276 112.837 3
359.203 93.6514 4
203.883 199.115 1
571.289 32.957 1
288.168 254.308 3
424.577 54.3533 3
396.793 450.624 1
232.996 274.353 1
425.256 341.059 3
22.7952 412.542 3
208.198 4.55518 3
158.136 212.221 3
179.293 591.538 2
600.764 563.665 1
13.6848 548.802 4
547.972 459.464 1
586.078 447.459 1
351.694 602.663 4
233.144 24.6499 1
117.102 195.283 2
244.646 616.493 1
535.774 531.027 3
111.312 47.7613 1
587.174 1.10019 3
70.6825 219.343 2
343.26 63.9553 3
466.848 140.072 4
185.855 143.469 2
203.767 154.104 1
385.607 631.77 1
229.629 562.95 3
81.4751 346.367 2
289.775 347.38 4
481.181 466.625 2
425.718 529.752 4
360.728 313.921 1
160.161 65.9922 3
189.87 129.437 3
373.563 294.474 1
481.614 511.868 4
170.746 521.519 3
620.569 10.0754 1
358.1 440.877 3
120.538 267.124 4
595.088 542.095 1
542.124 538.804 1
535.349 426.372 3
106.043 371.498 2
11.7547 467.081 3
434.03 440.619 3
404.735 545.502 3
192.379 187.592 4
367.455 604.14 2
592.517 245.709 2
17.9505 469.203 1
253.237 138.026 1
269.577 538.311 2
266.15 184.976 3
334.327 274.739 1
525.754 230.181 3
434.132 556.851 4
384.256 91.5493 1
470.959 477.715 2
26.5834 598.88 1
156.189 173.164 1
213.07 538.727 4
539.055 326.178 4
132.381 343.781 4
425.793 4.99911 4
516.875 458.326 3
550.145 605.877 3
337.315 332.904 3
274.188 296.443 1
0.752762 238.626 3
584.723 99.3159 1
498.869 23.9165 3
554.323 600.415 1
30.2649 369.249 1
328.957 382.789 2
514.986 199.173 2
140.631 22.9394 3
504.787 44.0463 3
190.835 379.104 4
262.88 520.95 1
142.87 573.219 1
517.931 476.566 3
100.333 530.331 4
69.9683 403.695 4
470.36 490.019 1
24.4551 135.055 2
348.127 360.284 3
620.692 127.738 3
626.077 114.69 1
23.5673 267.703 1
45.0601 589.924 3
321.044 504.486 4
484.528 92.0006 4
220.461 352.756 1
165.997 49.4893 4
267.173 91.5089 1
155.008 441.437 3
251.037 474.848 3
214.576 128.415 2
282.239 591.391 2
53.1667 307.687 4
625.967 99.4225 2
573.933 586.305 1
452.101 63.4444 1
178.019 455.064 2
63.2229 164.324 1
565.095 181.521 1
616.923 184.002 4
494.256 267.076 3
164.334 228.772 3
367.869 240.401 3
377.344 265.416 4
508.539 64.2687 1
186.771 459.706 1
62.6916 44.1712 3
555.114 379.421 2
582.699 388.329 2
39.6262 612.864 1
623.182 574.802 1
355.795 546.573 3
3.08826 478.545 1
451.58 594.605 1
264.76 628.713 2
44.2108 51.9497 2
295.836 72.1006 4
331.774 403.0 3
87.3011 469.087 2
20.3632 445.123 2
508.636 254.299 1
460.092 202.734 3
493.156 308.951 3
586.73 498.222 3
106.136 53.243 3
226.466 255.766 2
574.47 287.632 1
126.718 143.941 2
421.122 520.573 2
121.944 342.207 2
406.106 211.854 1
614.239 215.801 1
629.738 368.11 1
520.89 26.8099 4
551.08 425.513 1
89.5208 3.04965 3
268.522 334.969 2
252.349 348.973 1
52.2921 117.479 3
116.173 502.584 3
316.044 521.693 4
38.7424 237.303 2
182.758 96.6624 3
343.916 206.431 4
451.542 172.788 3
53.0093 517.63 3
235.962 390.538 3
491.419 245.362 3
114.767 310.649 2
8.53131 423.351 3
605.26 519.29 3
298.982 193.692 1
110.184 538.708 2
137.29 119.698 3
309.501 90.1283 3
623.943 78.5961 1
445.46 592.781 2
176.014 610.22 3
77.7509 96.382 4
196.479 486.748 3
554.54 337.971 1
392.266 330.202 4
306.992 474.472 4
563.279 63.0141 3
591.343 276.119 4
118.493 534.084 1
44.8376 448.82 1
616.182 416.113 1
20.0737 570.189 1
610.578 478.371 3
345.714 36.5085 3
7.04508 178.368 3
397.314 399.436 3
513.094 77.563 1
207.618 535.446 3
187.92 75.5749 3
348.129 595.551 3
489.913 518.634 1
395.324 421.131 3
55.5855 395.19 3
141.172 311.045 1
35.8817 21.6757 3
411.993 179.051 1
104.309 146.596 3
447.087 145.264 1
163.755 551.861 4
513.819 388.792 4
288.748 344.987 3
370.282 422.165 3
526.22 167.972 3
368.525 178.993 3
243.577 182.004 3
428.457 261.054 1
424.408 57.7697 4
344.321 127.429 2
630.608 622.264 1
578.331 232.555 3
630.394 148.584 1
234.789 482.607 4
228.164 108.61 3
295.036 558.009 3
596.246 286.571 1
302.456 257.029 1
91.8482 71.6567 4
73.0677 10.6545 2
619.257 140.13 1
370.858 617.188 2
219.228 324.141 3
309.096 13.8392 1
442.277 498.145 2
222.605 46.8836 4
293.846 0.868572 3
464.309 54.3045 1
330.443 302.36 1
605.182 347.41 1
266.444 100.6 3
507.174 277.769 4
598.176 464.34 3
69.949 513.991 1
540.423 627.33 2
277.229 47.7715 1
162.597 630.419 1
489.276 487.346 4
429.055 297.766 1
170.952 504.003 3
337.373 265.271 4
88.5334 8.46324 1
395.243 160.579 3
519.792 369.954 1
630.458 285.171 1
5.86769 547.19 3
196.353 438.764 3
326.142 555.586 2
118.15 490.231 1
406.608 478.274 3
265.725 456.56 3
184.926 156.883 2
608.397 611.764 2
276.622 417.281 4
526.316 554.245 1
614.187 255.283 1
58.9826 75.1117 1
36.8848 620.392 3
348.934 367.048 1
594.991 41.8845 1
517.746 436.602 4
43.4519 536.536 3
117.326 590.571 4
248.288 466.018 4
368.684 494.912 1
631.134 388.415 1
409.368 417.078 4
552.624 192.137 3
68.4932 395.47 2
212.258 603.214 4
203.767 241.955 1
278.329 128.288 4
570.643 37.0296 3
