cost_init,cost_final,confilct_init,conflict_final
959.9999999999999 222.39999999999975 278 34
gapx, gapy = 20,8
minX, maxX = -20,500
minY, maxY = -20,500
343.626 158.217 3
77.4024 466.192 3
395.616 452.719 3
96.5466 90.5143 3
400.122 69.2945 1
56.2449 158.466 4
278.85 159.112 2
123.174 69.8332 3
115.038 17.661 1
48.2154 612.131 1
375.918 169.412 3
331.339 245.12 1
599.401 225.645 3
518.47 160.435 1
196.236 194.927 4
92.3561 537.357 1
146.883 177.796 4
539.837 601.399 1
130.437 100.253 3
139.749 250.265 3
402.902 107.77 3
424.661 476.211 4
510.045 420.456 1
196.477 143.343 3
620.203 601.92 3
385.316 319.354 3
74.3995 58.2347 4
503.849 270.888 1
395.702 189.647 1
467.794 14.3025 1
168.023 333.223 1
625.216 286.515 3
248.949 68.6751 1
349.607 98.7947 4
333.894 434.112 4
393.721 596.564 3
178.54 446.35 1
267.164 489.18 3
251.365 562.082 1
376.964 259.085 1
391.892 185.604 3
249.801 37.4837 1
408.885 597.143 1
553.184 548.088 3
146.673 285.21 1
323.418 130.846 1
493.542 100.059 3
37.4258 582.87 1
387.113 250.708 1
316.762 64.3993 3
195.594 381.741 3
451.754 631.762 3
130.421 561.484 2
163.812 168.138 3
515.758 301.655 2
77.0327 560.229 3
586.656 307.783 3
229.019 165.096 4
514.002 389.573 4
430.561 376.332 3
513.577 459.522 4
316.996 200.756 3
119.299 439.905 1
458.242 180.73 1
192.762 585.34 3
266.208 268.35 4
551.797 68.1926 1
432.279 444.265 1
175.181 536.025 4
190.565 113.753 2
203.207 474.414 1
419.25 397.827 1
160.523 364.848 1
472.61 459.436 1
628.954 362.098 1
409.121 418.401 3
500.375 208.747 3
597.743 519.599 4
82.493 483.717 1
34.2989 202.869 1
570.594 146.624 3
48.9296 344.456 2
293.732 620.527 2
278.927 168.078 2
454.26 33.4202 3
450.839 41.9708 2
242.155 170.317 2
240.015 218.629 1
210.262 232.777 3
573.755 186.492 3
166.119 57.3837 1
168.075 8.4348 3
576.092 14.8622 3
298.152 497.711 2
244.066 83.4408 3
570.218 594.035 1
104.154 40.832 3
294.465 67.8644 1
350.536 447.382 3
389.564 551.263 1
76.0676 507.922 1
199.675 433.803 1
109.884 317.434 4
223.149 53.5325 4
329.682 315.6 2
465.265 506.628 1
598.701 364.308 3
574.934 56.2347 3
438.874 602.847 4
452.987 127.912 2
411.472 576.018 3
264.078 260.079 3
10.4036 167.701 1
441.601 524.935 3
302.977 264.499 1
148.719 421.914 2
22.0231 563.577 1
574.493 86.5961 3
463.624 56.4958 3
583.588 27.9101 1
91.9335 424.934 2
583.236 295.613 4
67.3433 88.2561 3
287.575 479.152 3
625.387 355.769 3
86.5382 327.499 1
252.676 533.266 3
180.059 399.031 2
261.421 296.146 1
327.371 336.523 4
264.455 347.796 1
309.924 375.811 4
259.614 546.274 1
374.014 60.5509 3
377.037 227.662 1
253.623 326.313 3
265.976 228.666 2
493.194 323.765 4
381.541 47.9203 3
304.695 525.274 1
257.947 90.6688 2
313.574 367.311 4
285.49 453.395 3
337.981 178.443 1
261.561 27.2732 4
223.821 384.642 1
445.407 353.132 1
104.711 610.384 4
337.383 480.32 3
568.107 169.719 1
562.603 116.796 2
466.317 113.551 2
446.678 313.728 1
272.351 592.173 1
212.588 626.114 4
604.497 13.6747 3
14.2639 570.246 3
283.462 430.273 4
267.52 12.6232 3
313.596 285.576 3
444.127 93.4096 3
256.48 464.946 3
247.157 510.556 3
437.651 509.775 1
54.1633 376.255 3
245.233 290.084 3
367.194 269.894 2
356.694 207.772 4
406.122 490.038 1
108.562 15.8944 3
112.536 16.8696 3
162.584 272.548 3
63.6374 179.35 4
449.148 533.891 1
382.944 336.629 1
588.583 269.247 1
93.4776 505.183 4
417.604 567.766 1
553.881 94.4133 2
272.577 611.32 4
261.498 119.254 4
51.1492 300.168 3
381.418 395.432 2
114.04 129.303 3
216.162 115.269 1
381.758 437.827 2
492.911 412.832 2
523.038 260.87 3
185.541 482.501 1
111.67 352.833 1
411.182 430.445 1
550.578 129.63 1
204.076 310.649 3
498.946 440.568 1
525.911 580.099 4
529.288 439.642 1
329.034 224.197 1
462.621 349.147 3
270.203 406.578 1
498.121 111.428 3
519.483 230.017 2
165.299 351.405 1
234.576 220.511 3
482.395 218.716 3
474.125 179.205 3
223.028 62.8165 1
381.29 391.697 3
345.533 356.683 1
341.233 343.404 2
383.537 413.442 2
131.888 295.015 2
118.013 546.814 3
622.371 178.173 1
72.9824 624.194 1
15.9238 93.5833 1
229.996 199.607 2
170.559 451.561 3
576.172 566.62 1
550.887 466.655 4
541.68 510.006 2
278.696 192.572 4
418.2 59.1685 4
566.861 323.07 1
400.776 617.091 3
152.579 408.827 2
299.51 572.659 2
488.581 547.967 4
5.63607 542.703 2
4.69029 132.428 1
570.189 479.529 4
410.292 308.294 3
29.8403 430.426 3
126.078 36.7695 3
61.9672 318.891 1
66.3558 244.638 3
410.452 537.667 3
502.865 487.172 1
204.597 21.8392 2
460.555 605.279 1
102.057 453.163 3
206.411 366.576 4
172.73 445.509 1
180.754 303.46 2
56.9041 502.903 3
205.62 136.134 1
497.73 340.586 3
235.488 222.258 2
137.871 154.75 2
224.979 410.178 3
485.107 577.32 1
168.445 618.79 3
130.308 590.349 3
623.738 490.106 2
209.868 521.384 1
454.145 13.2602 3
571.868 498.232 3
466.269 36.5664 4
355.169 499.322 3
465.111 413.556 3
502.305 609.66 3
569.118 150.06 2
348.471 22.8338 1
116.118 616.976 2
500.012 45.3293 2
465.091 468.913 3
217.066 153.495 2
507.9 186.067 1
246.25 296.183 2
501.147 208.254 4
21.8494 402.467 3
429.461 151.797 4
154.587 605.976 4
0.559746 453.018 4
209.272 179.428 3
353.991 14.273 2
77.5152 409.84 2
588.613 128.461 1
33.7199 210.976 2
98.9196 235.037 3
29.6198 110.009 2
584.921 95.4942 1
74.1374 581.366 3
468.527 290.788 2
128.212 109.286 3
191.784 545.733 4
584.452 433.224 3
624.468 337.818 4
89.5594 463.123 1
46.0536 152.974 2
261.131 551.852 1
227.155 462.679 3
434.595 249.984 1
129.745 181.686 3
500.297 393.309 1
396.415 583.045 1
196.61 274.604 3
319.191 214.643 3
345.499 327.712 4
609.145 46.0628 1
317.321 10.2895 3
379.466 140.091 2
341.237 597.192 1
132.448 74.0602 1
228.082 346.832 2
290.5 36.7401 4
440.459 353.528 3
258.452 358.218 3
534.307 244.107 2
250.275 312.802 3
52.6913 185.362 2
99.5191 218.445 1
315.311 101.237 3
201.875 583.758 1
169.008 53.8606 3
318.506 511.956 3
524.965 150.823 1
557.06 450.122 2
89.8876 525.235 1
605.792 395.702 4
569.243 625.42 2
399.176 73.2689 2
472.332 561.387 2
21.0966 501.368 2
187.383 107.008 3
576.034 404.098 1
38.3949 8.62782 2
503.637 471.866 1
262.711 272.316 3
212.391 97.2415 1
8.4927 521.075 4
538.697 467.571 1
204.895 135.255 3
585.823 529.868 4
618.052 428.891 3
419.791 11.5515 2
76.8976 91.8756 2
12.0249 610.229 3
451.078 311.691 4
38.0028 340.191 1
524.929 340.963 3
84.9463 516.067 1
410.602 317.192 1
589.992 508.327 3
473.468 85.0713 4
129.588 195.931 1
512.982 125.248 1
230.026 35.6887 3
145.872 593.466 2
53.5792 425.687 3
526.142 298.586 1
316.263 125.248 2
171.9 8.96508 4
564.743 489.478 4
593.968 127.255 3
366.157 428.915 1
405.514 377.09 3
479.143 392.932 4
614.759 76.2891 3
247.617 407.196 1
600.412 199.772 2
463.538 198.179 4
478.426 54.9222 1
31.3763 59.4103 1
504.888 151.99 4
317.773 452.091 3
401.877 172.556 1
504.158 117.015 2
482.366 14.0147 4
50.9948 442.721 1
60.3094 255.495 1
54.8775 300.236 1
436.004 77.3801 1
366.962 246.722 4
232.179 609.669 4
627.228 452.198 3
37.4451 381.786 2
237.082 184.697 3
158.289 542.326 3
1.13879 593.466 1
421.45 542.268 1
583.796 581.21 1
512.747 356.983 1
121.368 481.874 1
460.579 489.034 3
227.131 609.757 1
626.788 297.071 2
450.709 542.375 1
630.696 579.154 3
389.774 353.151 1
419.906 419.655 4
70.335 250.254 4
508.126 55.0959 1
97.6884 338.996 1
71.9218 98.5926 3
210.619 520.824 3
387.248 402.525 4
410.273 450.007 4
12.99 530.687 3
626.913 546.467 1
430.545 519.29 1
1.27391 414.878 2
44.5521 76.8295 2
422.605 221.09 2
43.8705 289.958 3
613.776 327.577 4
238.452 155.436 4
453.359 280.761 4
499.081 431.207 1
452.893 106.071 3
212.318 375.069 4
49.1195 38.5544 1
129.184 195.612 2
315.929 12.3916 2
454.958 135.324 1
415.409 385.404 1
327.281 245.594 3
254.663 450.451 3
50.686 67.7578 2
489.886 588.708 1
497.361 219.131 1
565.633 442.952 4
277.337 315.185 2
10.4422 43.5444 1
65.3775 216.236 4
196.873 251.972 3
323.051 284.36 1
580.38 27.7648 3
619.476 159.701 3
341.947 166.534 3
541.391 262.299 4
289.929 533.516 1
319.963 129.272 4
461.366 232.314 3
170.144 334.988 4
471.287 496.128 1
596.4 126.145 4
631.011 68.0785 3
529.506 497.055 1
523.421 619.523 3
20.1895 265.146 2
579.76 375.908 4
499.292 264.799 2
5.38515 151.855 1
266.347 338.647 4
488.857 492.47 3
350.231 469.559 3
436.255 501.668 1
168.905 437.22 4
226.195 5.42375 3
629.249 37.9947 3
529.983 351.144 4
225.795 599.826 3
251.828 107.28 4
373.293 14.7464 1
320.764 138.412 2
544.316 127.72 1
413.187 125.692 3
521.799 563.337 2
520.613 242.119 4
289.059 443.377 3
320.391 305.679 3
327.308 488.871 4
287.706 54.6134 3
156.881 347.062 3
443.929 303.498 3
312.879 30.0038 4
608.866 105.821 2
578.083 49.6437 1
419.306 51.1198 1
465.883 366.199 4
582.368 186.511 2
248.141 217.731 4
36.3642 176.947 1
56.3139 107.896 3
393.397 86.1136 1
425.52 507.68 2
497.248 281.986 1
377.269 291.193 3
96.1992 382.481 3
122.739 399.505 3
258.815 533.471 2
201.412 286.85 4
263.814 358.778 3
541.468 609.65 1
384.176 247.369 4
109.575 231.358 1
290.783 72.4968 2
190.801 162.037 1
6.09931 541.072 3
457.942 472.407 1
220.328 512.71 3
609.485 592.54 1
33.5655 253.69 4
529.3 317.405 4
240.489 243.972 3
406.26 623.026 2
9.82451 493.204 1
454.958 281.407 2
390.869 60.6842 1
389.699 559.485 2
278.577 466.211 3
108.724 48.5821 1
396.05 145.35 4
67.3047 600.55 3
10.558 456.85 1
351.158 372.579 1
605.684 372.212 1
14.1095 77.0713 2
611.261 170.047 4
300.601 589.827 3
485.262 559.804 3
301.626 578.69 1
