cost_init,cost_final,confilct_init,conflict_final
1042.7 224.9999999999996 306 36
gapx, gapy = 20,8
minX, maxX = -20,500
minY, maxY = -20,500
132.302 298.257 2
433.484 552.798 2
562.912 91.2387 1
95.5815 624.31 1
252.571 130.575 1
420.234 470.544 2
52.732 203.641 4
362.831 528.352 1
471.458 440.656 2
290.384 232.661 2
202.512 178.482 1
57.7118 247.35 3
403.837 388.348 2
342.603 159.877 2
618.685 460.179 1
355.709 546.102 1
287.45 504.081 4
389.358 578.758 3
305.175 278.261 2
134.108 414.154 4
467.232 305.062 2
65.6833 10.818 4
18.8191 175.885 1
524.156 79.1173 3
143.004 549.555 4
523.719 265.648 1
130.286 480.436 3
509.736 17.535 2
58.6769 506.174 1
175.355 117.961 1
549.944 423.583 2
14.013 461.675 1
520.371 366.151 1
517.708 166.785 2
422.57 589.239 3
320.15 357.159 3
422.816 80.3038 2
420.234 363.275 1
284.927 99.8086 2
261.228 229.003 3
575.998 149.608 2
28.1031 129.573 4
536.218 393.627 1
256.287 503.31 4
128.008 506.628 1
128.14 607.199 3
261.351 395.683 3
610.102 375.513 1
470.467 223.088 4
185.411 378.718 3
256.919 544.056 1
167.339 163.6 1
328.899 248.701 1
216.42 48.8808 3
69.0418 177.691 2
530.813 34.1537 1
20.9808 134.108 1
341.257 124.573 2
167.422 269.387 1
459.764 353.219 1
322.549 616.744 4
218.73 395.876 1
34.4142 32.8531 2
494.704 144.569 1
162.963 37.628 1
615.917 131.202 1
417.262 27.649 3
422.203 450.577 1
285.065 89.2018 2
110.772 195.738 4
575.284 371.063 2
281.98 11.5901 2
469.376 132.92 3
270.782 35.9294 3
553.222 342.97 3
382.085 13.376 4
487.407 56.7274 1
229.612 98.4087 3
54.402 586.884 3
218.684 477.724 2
473.523 382.577 2
291.338 469.385 4
101.044 406.115 4
192.343 74.5133 4
455.112 249.724 4
514.349 622.659 1
158.786 362.735 4
352.25 177.189 2
584.228 221.081 2
580.743 297.582 3
249.242 439.999 1
383.291 94.076 3
406.299 143.343 4
372.135 365.678 4
263.023 48.7751 4
8.62782 627.697 2
591.868 565.063 3
362.909 90.6302 2
546.486 611.445 4
422.979 219.217 3
181.956 415.978 1
584.442 454.591 1
229.264 601.554 3
183.269 17.5838 1
290.026 312.109 3
426.874 534.972 3
188.133 391.593 1
66.7947 602.673 4
148.101 602.519 4
315.176 265.039 1
75.9711 94.6642 2
315.485 236.29 1
441.94 408.017 1
230.191 70.3442 4
78.4031 149.983 3
559.882 248.703 3
54.4498 62.2182 1
499.371 106.786 3
536.005 62.6916 4
155.565 390.23 2
247.678 210.214 1
28.3541 472.889 1
485.03 41.5177 1
6.09931 106.477 1
168.426 159.219 4
275.415 365.939 4
182.13 573.819 3
423.593 355.159 2
65.6041 461.105 3
215.213 341.505 3
560.924 418.931 1
565.355 505.297 1
506.107 567.167 3
383.002 298.769 3
523.189 278.503 3
212.537 431.96 4
239.336 143.546 2
229.294 323.012 2
245.333 487.037 2
317.666 480.359 1
485.42 426.334 3
108.475 110.444 2
182.635 343.993 3
412.244 618.761 3
433.726 208.833 4
123.765 32.5811 3
488.62 437.451 4
234.32 216.448 3
393.105 339.756 3
125.132 575.033 3
6.29232 85.1292 3
588.328 535.189 3
462.852 181.946 4
204.192 83.5465 3
546.478 314.676 3
145.804 297.727 3
100.39 288.51 4
206.557 206.913 3
14.0902 539.913 4
426.45 212.993 1
128.317 252.242 1
565.616 462.91 3
402.458 168.64 3
435.367 327.645 3
16.7731 220.588 3
340.461 521.027 3
52.7706 341.493 4
126.02 279.991 3
109.686 310.101 3
175.509 504.939 1
304.423 376.69 2
29.9479 491.477 3
335.327 194.589 4
17.41 316.064 2
161.835 43.9304 3
315.021 566.502 2
204.564 540.561 1
561.699 406.424 2
207.096 52.4038 2
49.9525 227.855 3
500.877 336.601 3
321.314 299.582 3
4.92191 552.122 1
429.448 585.94 1
49.1419 399.562 4
27.1767 444.1 1
374.11 69.4802 3
275.299 564.04 2
63.1071 13.8098 3
365.534 177.256 1
554.077 189.754 2
405.53 517.601 1
9.16826 510.894 1
541.796 485.425 4
141.597 451.319 1
422.029 268.022 2
368.787 432.365 3
431.777 183.925 1
72.7193 420.301 2
117.624 205.427 2
442.668 315.851 1
532.357 122.265 4
396.744 507.101 1
194.927 453.761 3
115.771 567.476 1
86.8572 100.561 1
233.599 247.803 2
46.8815 305.689 3
554.535 569.436 3
592.385 206.073 4
232.063 198.256 4
472.387 628.392 4
609.111 47.549 1
489.469 540.097 4
498.779 10.5018 3
429.661 479.596 2
261.286 108.475 3
354.049 141.404 1
175.625 515.295 2
341.417 597.771 3
131.019 230.365 2
282.865 393.714 3
194.811 282.044 4
109.552 585.658 4
359.994 446.976 1
429.847 477.753 1
59.835 528.815 1
464.242 281.051 3
386.626 267.81 3
219.842 168.426 3
369.78 132.449 1
419.154 337.643 1
17.2942 152.214 3
398.149 423.491 3
214.499 435.936 2
330.727 25.5645 1
59.5424 381.612 3
268.624 613.0 3
326.583 198.594 1
176.883 380.83 1
101.14 588.641 1
133.057 452.644 2
558.318 299.156 1
166.752 262.472 2
279.564 129.823 4
538.862 219.507 3
506.395 143.671 3
364.502 220.81 2
142.186 16.2611 3
622.745 230.152 1
220.27 621.743 1
395.545 105.946 3
559.341 256.152 2
335.483 450.789 1
208.785 599.826 3
353.258 596.053 1
441.335 291.753 4
192.862 321.509 4
337.353 310.756 3
13.0865 423.651 4
27.8908 355.332 3
26.0186 155.088 2
565.672 317.975 2
77.3222 423.506 1
98.361 75.1025 3
160.223 562.458 3
464.483 43.1482 1
3.16546 259.106 3
435.637 513.307 4
88.257 322.279 2
506.59 427.144 3
302.475 218.921 3
140.535 124.167 3
319.75 281.533 4
71.6302 50.3863 3
490.905 507.306 1
591.778 548.985 2
74.0409 207.222 2
460.694 561.368 1
225.578 294.822 3
568.297 446.88 3
34.2217 367.85 3
454.186 559.389 4
570.439 406.069 1
408.625 397.497 2
77.1972 29.0194 4
423.844 231.098 4
554.438 195.469 4
51.6079 519.696 3
148.279 29.4248 3
200.914 355.535 2
259.913 110.154 1
624.095 501.059 1
629.638 581.634 3
304.521 606.456 3
155.385 322.377 3
316.006 383.378 4
103.719 565.189 3
417.253 435.125 1
616.606 392.256 1
211.105 1.93016 2
173.673 532.087 2
566.155 332.489 4
553.586 162.818 3
308.663 8.87874 1
446.186 251.461 1
536.7 76.7625 2
428.274 543.291 3
441.08 301.249 2
573.972 182.757 3
401.377 486.96 3
612.128 593.93 1
586.923 276.497 4
521.356 243.576 2
123.376 442.383 1
345.116 510.72 1
424.867 416.142 2
491.766 580.215 2
387.928 616.464 3
444.786 98.8912 3
608.925 423.496 2
385.742 196.529 2
159.075 183.452 2
334.767 55.9452 4
569.011 106.989 1
157.096 332.393 3
290.315 330.124 2
361.027 160.107 1
280.766 78.7983 3
544.575 493.194 1
413.314 241.56 1
175.008 206.498 3
1.87226 109.286 3
454.221 47.3082 1
437.749 552.131 3
315.906 477.608 3
607.662 521.596 1
117.329 487.192 1
312.182 425.108 1
119.863 620.633 4
603.542 543.514 1
103.862 453.105 3
567.374 60.1143 1
92.2321 363.941 4
500.241 606.292 3
247.466 588.004 3
399.154 35.4083 4
214.248 299.464 2
257.58 121.04 3
340.982 340.287 3
122.425 74.5905 3
621.096 624.349 1
498.305 112.576 2
489.334 326.429 3
203.632 130.469 2
614.213 158.331 3
150.911 160.155 2
279.497 417.802 3
423.011 354.946 3
408.673 182.081 3
571.813 142.05 4
26.3274 539.982 2
285.326 151.083 1
446.562 78.5667 2
286.629 536.411 1
623.033 612.71 2
278.942 317.589 1
470.67 494.806 1
626.81 5.75188 1
314.983 357.273 1
589.683 277.982 2
567.872 53.1952 3
413.479 395.799 4
270.226 366.855 1
400.166 239.33 3
150.34 290.105 4
582.368 487.124 1
215.609 288.289 1
591.671 217.384 3
507.997 413.314 3
422.406 382.779 3
395.379 621.512 1
41.7341 315.513 1
143.72 90.7175 2
0.733461 264.162 1
187.92 587.523 1
247.273 483.544 3
355.227 459.214 2
253.025 46.9313 3
537.337 364.481 3
378.91 71.7725 3
13.4532 53.6005 2
72.6167 296.868 1
246.458 441.177 3
631.417 352.698 1
312.057 261.575 2
266.495 471.258 4
571.69 142.928 3
55.3539 177.343 4
124.988 265.85 3
4.47797 576.519 2
224.635 620.741 4
338.106 565.044 4
535.192 385.974 3
117.217 428.92 4
46.9608 574.077 3
406.646 632.426 2
627.281 561.358 2
342.932 594.865 4
4.96051 227.701 2
306.995 552.923 1
363.698 12.0919 2
47.106 401.579 2
579.701 275.597 3
276.997 357.234 4
510.422 24.0884 1
171.736 140.448 1
41.0017 336.494 3
555.15 325.955 3
552.305 383.783 1
10.4036 66.0308 1
5.38515 610.838 3
434.788 575.091 1
306.983 199.714 3
173.502 187.341 1
479.317 233.983 1
124.935 225.232 3
362.218 299.812 3
127.582 331.707 3
66.626 187.496 2
65.7768 246.201 1
396.802 160.456 4
58.0785 279.11 3
525.726 200.379 1
322.354 622.361 3
393.618 190.381 1
353.172 168.291 1
127.091 509.446 3
311.713 415.225 1
280.791 394.013 1
119.235 155.455 3
470.92 481.565 3
576.249 308.073 1
254.322 49.663 1
492.307 184.33 4
593.042 349.658 1
469.28 20.5267 1
356.539 575.382 3
266.244 168.657 1
0.193016 575.042 3
364.897 322.395 1
625.975 150.186 3
617.18 531.624 1
48.6014 96.6136 3
328.648 36.1519 1
164.499 493.793 3
588.059 200.872 1
416.147 468.42 1
123.205 138.846 2
103.196 530.35 4
591.459 477.782 2
554.976 90.1578 4
375.523 95.1955 1
440.829 374.47 1
383.137 220.308 3
505.326 570.333 2
183.442 528.845 1
367.249 356.857 4
125.074 33.7199 1
476.065 249.212 1
440.289 623.075 4
441.464 10.6545 2
163.928 325.936 1
298.615 339.737 4
583.179 294.281 1
41.7341 208.814 3
180.933 609.168 4
361.558 366.557 2
598.929 510.305 1
321.312 438.735 2
84.4485 390.703 3
508.481 612.931 4
471.208 540.734 2
319.626 71.2229 4
479.295 319.094 1
585.861 139.579 4
402.728 152.357 3
491.901 580.824 1
247.625 552.682 1
630.387 18.1435 1
512.477 0.887874 4
92.4719 619.591 3
291.879 393.163 1
280.221 565.962 4
319.326 137.273 1
454.63 373.592 4
530.541 62.846 1
315.662 278.773 2
418.941 440.645 4
103.517 312.454 1
118.608 362.331 1
