cost_init,cost_final,confilct_init,conflict_final
1133.8999999999999 236.39999999999964 334 38
gapx, gapy = 20,8
minX, maxX = -20,500
minY, maxY = -20,500
176.009 244.474 4
521.443 620.768 3
298.403 325.531 1
5.32724 400.117 2
115.684 127.989 3
278.983 61.7357 4
441.679 326.216 3
349.685 326.622 3
74.7551 423.1 1
205.247 623.21 1
39.6069 194.695 1
561.136 560.905 1
394.787 48.3698 3
288.134 65.0169 1
391.398 378.332 4
355.053 485.07 1
517.495 236.647 1
547.868 586.083 1
502.167 580.119 3
11.4265 36.0361 3
65.2587 577.369 4
104.361 26.4137 4
422.35 206.965 4
497.344 189.098 2
367.799 23.8273 3
598.179 331.514 3
177.681 104.016 2
63.5023 498.06 3
243.706 275.424 1
86.9679 332.142 1
102.607 256.595 1
480.745 135.15 4
143.253 401.647 1
477.576 291.584 3
197.985 33.1988 3
247.09 160.251 1
471.073 55.3854 4
259.491 469.338 2
260.125 245.439 1
14.3604 168.898 1
35.6115 305.602 2
247.234 448.724 3
185.393 337.759 1
628.405 305.978 3
480.996 301.828 4
381.459 357.774 1
400.787 556.513 1
274.407 189.705 4
179.218 187.052 2
525.665 125.011 2
110.0 600.127 1
137.058 244.339 1
535.703 411.184 3
302.031 257.369 2
288.09 218.185 1
390.807 81.9371 1
352.563 575.209 4
429.924 249.956 4
224.497 101.218 3
64.5872 547.016 3
376.883 390.896 1
56.3607 471.075 3
37.8697 241.993 3
305.115 542.433 2
456.918 352.9 3
422.416 439.092 1
439.095 215.82 3
514.696 343.723 2
206.739 133.769 2
63.8111 75.3727 1
468.971 248.122 1
504.003 518.964 1
185.604 470.882 4
130.112 103.678 1
507.883 468.817 2
399.505 609.708 2
358.585 437.55 3
146.075 519.936 3
161.728 434.334 4
527.725 611.301 1
24.4165 445.907 4
103.669 154.027 4
542.828 272.181 3
75.5373 210.677 1
540.561 122.681 1
347.603 220.077 1
614.141 519.194 3
171.346 137.099 3
104.113 349.455 3
592.452 180.247 4
370.514 472.956 3
194.329 198.594 1
503.81 314.288 1
312.396 607.817 4
65.3786 513.867 1
306.537 443.849 3
98.2644 271.535 2
527.648 391.243 1
333.418 45.3974 3
256.46 500.751 2
9.47709 422.589 4
627.518 187.071 2
319.21 1.10019 3
181.203 535.629 1
245.092 415.553 3
470.013 337.285 4
190.446 174.573 1
431.893 449.534 1
52.8671 356.829 1
204.983 9.84382 2
472.136 541.642 3
262.029 141.133 2
583.873 605.307 3
335.307 35.5342 4
250.747 169.655 2
619.257 40.2631 1
361.613 618.838 2
180.489 395.897 1
38.333 290.877 3
16.9082 270.164 1
284.95 126.415 3
361.985 450.596 3
250.496 599.251 4
606.27 493.003 1
421.158 432.047 3
219.845 74.7358 1
385.723 90.1476 1
609.899 279.526 1
387.48 537.911 4
225.209 406.732 4
195.351 351.993 1
15.2869 529.095 2
407.881 176.841 1
469.685 59.4489 1
463.489 297.611 2
269.354 381.544 2
6.65905 111.119 2
180.585 83.6163 3
570.499 592.019 4
390.803 417.667 3
202.068 313.568 3
159.63 49.856 1
272.478 236.56 4
550.673 214.035 3
475.649 383.667 4
473.137 162.953 3
206.546 334.294 1
522.417 2.68292 3
191.993 60.5969 2
327.78 631.538 1
593.733 418.642 1
515.449 102.163 1
586.206 247.794 2
383.484 139.926 3
21.2125 190.381 2
141.712 22.0231 4
241.005 486.632 1
630.896 196.954 1
4.61308 86.3168 2
394.737 426.864 2
338.707 178.221 2
259.027 527.36 2
231.639 263.862 3
315.226 153.739 2
514.334 22.3706 1
211.681 510.838 1
190.449 90.2157 2
157.512 60.4526 3
98.9745 605.009 2
56.4998 328.638 3
542.278 427.859 1
138.847 393.067 4
582.809 49.2963 2
570.594 548.223 3
219.035 25.8641 1
73.018 123.088 1
113.841 145.553 3
294.311 475.041 4
429.974 260.436 4
4.49727 143.874 1
572.419 354.03 1
382.674 326.139 3
201.533 332.055 4
179.444 196.587 2
403.326 28.9036 1
295.834 426.246 1
84.4059 217.49 1
298.337 584.326 3
328.706 282.616 4
298.258 344.727 3
384.989 143.256 4
282.691 508.481 3
492.075 539.759 1
83.0131 381.216 2
224.156 437.992 4
429.259 242.797 3
472.845 590.02 3
136.385 455.537 4
347.023 343.955 1
221.023 541.38 1
560.244 77.052 3
202.38 128.994 3
569.301 161.381 3
534.228 450.566 3
386.283 620.682 1
179.08 373.148 3
96.8168 8.64712 4
24.2042 296.299 2
626.63 21.0672 1
323.552 566.813 1
612.041 459.303 3
629.879 140.177 3
336.929 412.33 3
262.757 71.8304 4
572.254 264.818 2
55.9523 456.608 3
557.488 210.995 1
438.604 494.912 4
416.43 115.057 1
499.989 503.175 4
190.81 581.103 1
122.159 528.999 2
381.699 104.692 2
384.314 111.449 4
298.451 191.819 4
151.609 336.853 1
488.624 207.772 2
182.574 376.632 1
486.362 429.455 1
361.02 192.041 4
303.705 44.1133 3
578.512 13.7234 1
15.3255 182.004 2
621.143 10.9724 1
488.56 516.8 3
192.633 609.882 4
195.341 544.179 1
486.204 416.779 3
305.081 425.667 3
180.972 610.046 3
426.57 453.839 2
43.197 630.67 4
631.808 461.521 2
179.726 481.044 1
497.87 97.4924 3
575.508 68.7228 4
24.3779 348.703 2
440.038 30.7474 1
121.52 203.028 4
507.635 552.431 3
35.9584 487.348 3
452.873 622.805 1
502.865 154.376 4
484.567 164.169 1
1.1967 254.781 1
252.0 462.138 3
498.985 57.1226 4
313.938 112.866 3
499.059 366.18 3
455.807 497.971 1
300.584 295.632 2
208.468 414.154 2
279.119 427.839 2
350.52 384.507 3
222.898 280.433 4
458.162 609.322 3
87.5926 504.138 1
503.059 133.653 1
99.5759 558.897 1
630.515 340.721 1
376.307 93.3425 2
631.18 631.442 1
277.573 552.817 2
449.653 525.572 2
67.4398 548.869 1
93.1302 382.374 4
554.69 245.834 2
204.578 572.321 2
60.5105 103.302 4
192.958 323.562 4
533.689 363.295 1
389.583 62.5372 1
336.562 309.482 1
92.3003 444.998 2
270.261 491.138 4
597.504 100.175 1
235.808 12.8566 1
453.482 12.3622 2
443.995 219.866 1
91.6826 621.829 2
593.775 617.699 4
458.764 268.524 1
567.371 528.401 3
499.58 146.055 3
233.734 586.305 2
217.091 235.074 2
479.83 317.338 1
173.502 265.811 3
183.748 563.153 3
112.526 166.225 2
305.023 538.717 3
42.622 107.809 3
453.437 558.115 1
551.408 383.725 4
242.902 123.925 1
348.915 597.205 1
595.647 91.9813 1
271.205 93.1008 2
105.425 360.959 1
137.447 211.372 1
430.735 571.973 4
462.685 389.284 2
298.064 568.123 1
590.05 424.404 3
15.229 595.714 4
119.863 86.6642 1
2.68292 488.33 3
321.736 619.32 3
378.289 138.46 3
613.281 215.502 1
255.379 235.199 3
119.282 183.645 3
297.496 268.022 1
225.848 283.463 1
125.267 523.845 3
172.495 185.555 3
556.6 409.937 3
585.787 192.89 1
377.84 540.232 3
507.246 306.085 1
299.696 306.548 1
400.392 165.106 1
193.385 507.718 2
277.097 608.801 3
148.178 298.152 2
460.864 236.743 4
243.316 132.969 1
518.827 561.763 3
88.4297 1.33181 2
541.796 445.162 4
627.351 229.573 1
452.796 480.966 3
412.717 517.246 3
95.9462 264.557 3
523.554 458.201 2
306.297 25.4588 1
66.4391 461.366 1
542.915 539.055 4
453.916 19.3686 4
145.911 325.453 2
523.652 96.3627 3
187.476 557.401 1
257.738 620.527 3
363.835 445.23 2
356.972 306.113 1
193.132 516.028 2
449.552 336.176 4
402.224 12.3916 3
519.947 531.652 1
438.899 621.463 3
124.051 49.5949 3
92.0986 403.249 1
314.611 341.544 4
315.272 450.528 2
438.474 88.2754 3
545.212 113.493 4
276.592 624.021 4
176.482 283.328 1
478.989 438.155 3
135.736 549.227 1
389.305 380.83 1
265.192 180.665 4
238.269 215.569 3
378.852 194.685 1
91.0843 216.604 3
554.226 482.272 4
565.807 586.025 3
354.377 171.437 3
321.195 88.7874 2
33.6041 242.081 2
473.507 390.008 1
631.166 313.979 3
497.304 501.031 3
581.712 346.367 3
385.356 99.9335 3
69.949 519.387 1
522.359 34.8292 1
340.799 216.399 4
582.911 620.469 1
371.168 82.2634 3
372.888 287.101 4
475.581 136.79 3
465.786 481.749 4
365.556 401.174 3
163.369 353.354 4
174.579 401.444 3
70.7881 233.481 3
458.135 80.188 3
196.317 160.57 3
97.4304 160.0 3
62.5372 330.298 1
221.023 576.23 3
376.688 58.4452 2
169.722 233.771 3
394.872 539.557 1
411.193 352.756 3
604.104 264.248 1
280.366 397.767 3
612.308 288.81 2
75.5658 294.195 4
5.96419 18.1821 1
395.606 61.1373 1
293.77 244.85 1
59.1787 601.852 2
160.041 429.866 1
334.535 530.263 1
402.687 251.374 3
619.322 61.3496 4
334.806 342.96 2
362.97 584.963 3
327.527 224.632 1
562.255 45.5728 2
222.372 69.8809 4
76.666 40.6878 1
631.423 441.061 1
435.888 188.943 1
1.02298 136.8 2
541.217 333.474 1
585.36 73.0271 2
588.641 32.7447 4
564.495 245.796 4
391.973 564.62 3
6.0028 210.986 2
359.936 494.902 1
37.2907 17.4578 1
7.89435 58.1649 2
31.936 280.356 3
8.18388 84.5501 1
397.72 271.293 1
541.14 577.494 3
498.557 448.443 2
403.519 591.034 2
463.933 339.65 1
53.2693 580.389 1
69.4858 425.813 3
502.998 303.73 4
57.6701 414.367 3
625.781 74.7744 1
48.7467 35.7943 3
175.365 472.03 2
411.521 251.577 2
8.08737 614.023 2
119.546 36.1224 3
141.423 581.326 1
112.905 453.684 3
488.987 38.8541 1
72.2459 225.887 1
38.5951 624.021 3
5.77118 210.841 4
278.733 150.813 2
177.199 316.575 2
278.445 603.175 4
282.22 132.457 1
215.204 137.331 1
209.389 450.229 3
434.17 397.873 1
210.272 198.449 4
3.80242 604.091 3
227.712 342.863 2
1.40902 200.881 2
459.262 374.557 3
202.975 196.075 3
395.167 325.917 1
360.276 228.898 1
501.518 448.646 1
106.215 585.495 3
264.413 280.712 1
449.526 414.086 3
624.938 586.769 1
126.012 103.775 2
313.323 547.808 4
226.62 609.795 4
326.651 257.85 4
0.694858 14.2537 2
450.761 325.202 4
89.0769 441.977 3
461.964 228.0 1
101.005 603.831 3
98.8475 354.946 2
498.734 76.2624 3
48.3485 370.002 1
594.316 367.261 1
184.987 469.25 1
598.987 332.112 1
252.793 457.757 4
529.916 185.806 1
260.07 206.102 3
200.535 507.98 4
515.428 293.413 3
529.153 198.266 2
151.981 554.448 4
431.777 230.133 3
248.635 486.294 3
535.502 351.887 3
304.232 567.235 3
262.687 434.546 1
582.211 610.963 2
219.285 461.279 3
392.459 147.233 1
464.098 438.619 2
422.473 220.115 4
521.244 10.0846 1
32.0193 564.263 3
123.238 463.007 3
524.521 459.552 1
146.287 375.706 1
276.823 123.725 3
209.268 226.697 3
629.005 389.468 3
258.549 355.285 3
79.4261 536.999 1
139.066 508.983 3
295.43 413.527 3
237.641 364.839 4
517.551 590.58 1
382.382 125.913 3
327.669 141.046 1
212.56 70.7404 4
14.2832 382.374 3
