cost_init,cost_final,confilct_init,conflict_final
1808.2 336.49999999999915 534 52
gapx, gapy = 20,8
minX, maxX = -20,500
minY, maxY = -20,500
277.552 127.583 1
65.3422 426.089 3
562.716 188.984 1
264.739 661.174 4
611.933 670.025 4
160.453 579.226 2
336.982 720.699 1
444.652 648.537 1
176.044 544.405 2
521.843 557.808 1
186.54 202.033 1
685.95 341.436 4
656.919 738.806 1
663.294 19.5263 1
60.3162 226.656 4
454.068 386.493 2
132.003 621.588 3
329.961 387.239 1
569.453 370.053 1
441.256 59.9597 1
611.798 755.047 2
300.458 747.932 3
395.442 508.132 3
178.029 765.884 3
140.718 216.775 1
206.184 552.432 1
549.808 248.641 4
487.416 278.815 1
269.94 77.6894 3
106.537 744.23 3
33.4515 406.884 1
528.579 344.428 4
514.471 191.669 1
651.65 226.821 2
175.653 684.577 1
724.889 588.884 2
327.504 760.697 2
541.873 726.041 3
690.251 218.108 1
350.882 296.615 2
387.878 376.105 1
115.553 254.088 3
721.881 52.1725 2
676.327 535.979 2
420.701 223.394 2
626.802 597.726 3
31.2515 688.832 2
513.616 217.139 1
585.936 14.231 1
587.865 532.207 1
750.782 296.473 2
472.176 307.905 2
560.228 108.586 1
12.458 55.3638 3
230.06 9.99952 1
551.287 319.309 1
162.498 176.999 1
102.856 326.013 1
544.823 245.757 2
644.225 156.078 2
504.447 228.004 1
238.753 711.914 3
430.999 493.83 3
660.512 226.477 3
216.916 571.827 1
127.737 202.033 4
653.255 136.542 3
443.419 132.831 1
79.1452 514.17 3
296.749 231.952 2
37.1061 669.566 1
35.743 298.0 4
232.188 308.425 2
525.415 761.855 4
270.625 255.827 3
126.0 429.412 1
386.932 460.475 1
607.77 431.337 3
46.013 524.396 2
339.227 279.017 3
175.766 525.412 1
575.104 337.842 2
580.809 583.258 1
583.329 353.861 1
684.175 30.2212 1
312.68 353.846 3
530.721 567.633 2
139.781 724.41 1
161.009 670.876 1
639.426 568.082 1
37.4607 452.626 1
87.5554 387.84 3
230.734 302.501 3
138.816 167.132 4
133.162 349.936 1
421.589 549.038 1
157.802 129.72 4
359.108 17.6449 4
357.653 325.02 3
356.839 213.569 1
440.238 236.963 1
112.3 441.445 2
237.531 211.418 4
207.832 275.741 3
196.279 444.173 4
447.252 765.33 1
283.052 602.974 1
599.073 697.272 1
617.512 500.071 1
413.031 18.2734 4
134.722 161.208 2
673.041 100.241 1
59.8762 242.282 1
74.9254 610.727 2
165.217 478.441 2
373.386 163.099 4
680.795 585.041 4
318.685 611.224 2
37.6827 480.001 1
627.427 486.937 2
505.496 23.6021 2
571.379 35.2327 3
259.869 699.764 2
637.298 278.153 4
507.115 695.901 1
12.2216 542.504 3
105.692 492.033 1
305.872 383.207 1
511.32 510.496 1
578.696 78.8477 1
672.899 627.545 2
149.851 676.02 2
622.843 723.521 3
607.788 742.669 2
7.70649 309.499 1
539.407 450.12 1
145.005 635.904 3
280.391 164.683 3
76.8875 310.978 1
420.143 313.224 1
293.086 296.0 2
475.627 49.3692 1
558.087 616.52 2
16.5004 632.415 2
366.509 641.28 2
210.061 745.577 4
180.842 507.919 4
95.5274 644.437 1
476.526 487.211 3
665.713 243.852 4
654.91 476.478 2
463.359 676.162 1
607.914 308.874 4
767.611 350.882 2
5.53165 346.093 2
153.231 91.4948 2
487.069 124.084 2
481.348 617.394 1
230.84 367.217 3
687.176 77.9868 2
648.105 147.889 1
482.457 427.082 3
647.953 772.172 1
227.608 722.6 1
419.956 435.426 1
555.385 275.424 2
80.0907 724.703 3
415.749 711.196 2
756.281 397.712 1
32.9784 633.847 4
147.393 497.565 1
516.261 497.99 3
369.049 514.798 3
651.966 651.458 1
426.393 723.876 4
155.867 467.685 2
706.657 174.588 3
511.628 475.06 4
176.966 626.481 3
750.186 253.449 3
640.584 709.385 3
116.425 595.149 3
705.756 699.74 1
23.1195 27.4219 1
599.432 150.158 4
586.016 688.478 2
200.352 42.4428 1
501.392 712.023 2
549.787 74.3936 1
495.248 759.974 1
546.321 549.156 2
156.115 253.794 4
518.654 653.586 2
274.597 642.239 1
577.916 627.015 4
177.834 129.923 4
421.375 85.8115 4
597.458 106.861 4
363.129 666.659 2
632.83 627.937 1
698.477 515.541 3
558.98 36.925 1
232.424 272.871 4
59.4771 758.073 4
347.927 629.507 2
460.829 79.8548 1
321.687 156.054 3
671.032 677.509 1
313.339 191.679 2
287.558 527.445 1
642.972 65.1368 4
137.984 746.948 3
396.151 253.898 1
334.499 172.838 3
8.3684 287.041 2
758.992 335.02 1
371.566 472.294 1
355.223 747.979 3
116.011 240.117 1
147.834 545.671 3
755.106 72.4315 1
621.017 644.518 4
213.951 375.987 4
511.155 368.54 2
182.19 46.2626 3
342.064 174.412 1
444.943 537.975 1
489.267 179.377 1
572.006 402.723 3
21.5224 567.751 3
647.416 754.82 4
359.451 51.3451 1
193.989 312.207 2
388.232 58.0587 1
170.323 426.065 1
270.788 716.136 3
377.498 508.359 1
305.505 331.483 2
709.249 563.293 3
320.081 678.526 1
622.242 25.0579 4
527.185 706.231 1
306.983 414.709 4
299.728 513.569 1
766.647 495.069 3
144.414 102.265 1
482.294 326.32 3
234.481 92.6906 1
492.381 401.055 2
369.037 451.69 3
644.364 163.917 1
557.977 739.137 3
455.602 600.042 2
109.609 138.244 3
119.418 659.756 4
702.898 640.641 1
80.1629 212.837 3
536.216 231.843 1
168.064 516.179 4
225.096 733.757 3
549.477 402.534 3
580.273 175.912 1
318.386 456.338 3
725.899 428.216 3
354.538 195.924 1
345.186 333.814 1
726.017 616.529 2
60.9427 667.793 1
246.907 641.398 1
582.573 357.548 3
681.903 495.707 4
273.368 580.313 3
116.567 366.295 1
582.324 688.18 3
331.379 535.507 1
367.808 631.838 4
580.617 388.279 1
82.8329 85.0412 1
343.837 419.105 1
338.825 594.062 1
719.062 205.839 1
523.291 439.506 4
427.971 597.499 2
289.865 407.035 2
261.288 106.212 2
506.713 466.361 2
724.872 45.2323 3
121.531 422.117 3
130.762 208.288 2
468.159 50.3148 2
568.31 265.756 3
617.961 472.493 3
704.86 260.626 3
132.644 403.858 4
681.739 432.627 3
312.244 581.627 3
305.376 251.312 3
149.733 460.957 4
443.201 733.686 3
299.123 367.132 2
232.497 607.3 1
770.154 753.378 1
675.263 123.385 2
348.066 221.843 3
635.182 512.316 1
19.2189 720.273 3
619.521 264.323 4
414.779 375.217 4
187.863 55.1038 1
576.166 548.92 2
358.966 263.26 1
258.203 151.232 3
165.989 286.937 2
751.698 137.275 4
117.136 154.981 1
438.175 665.605 4
394.307 686.208 3
720.438 70.8812 3
347.564 227.034 1
745.78 368.729 1
349.764 554.3 3
420.287 452.447 3
421.729 273.037 2
134.485 234.906 3
664.413 190.686 1
474.523 461.467 3
63.354 747.411 4
760.225 297.149 1
469.142 540.187 1
318.124 495.495 3
551.392 85.0314 2
198.404 219.905 3
143.637 339.227 1
100.681 631.8 1
466.189 304.572 4
256.347 177.921 4
754.506 382.369 1
186.256 393.23 1
312.231 89.5702 3
453.666 165.818 1
631.046 733.899 3
537.664 600.005 3
419.166 270.554 3
341.237 683.868 1
71.3678 265.056 4
475.038 329.677 1
317.66 211.324 2
183.632 336.154 4
510.049 670.593 4
748.443 535.705 1
695.685 388.658 2
523.568 449.379 3
412.868 99.6879 2
240.343 65.2688 4
665.571 104.345 2
522.032 653.349 1
741.525 318.103 3
201.078 766.536 1
292.847 9.74933 1
437.781 270.422 1
446.563 562.087 4
438.076 401.683 1
415.701 128.34 1
229.445 446.882 4
636.991 463.085 1
447.05 737.743 2
322.112 574.488 1
125.259 487.481 3
481.986 418.997 3
290.593 81.0836 3
564.985 607.725 1
2.88402 399.707 3
25.1288 551.25 1
171.599 82.37 1
740.772 730.817 3
590.711 12.5531 4
734.173 230.202 1
603.987 673.453 2
642.763 118.481 3
273.031 132.429 3
477.922 742.622 3
496.584 168.479 3
651.192 688.039 3
18.037 586.98 1
161.316 13.2716 1
28.8402 469.775 1
60.7536 633.327 1
677.195 521.417 3
639.097 280.956 1
354.085 707.744 1
303.676 386.223 1
283.676 217.201 2
699.146 168.479 2
516.747 640.972 2
8.2502 192.709 4
105.122 226.831 2
243.477 230.472 3
162.782 413.631 3
675.571 497.163 3
518.181 357.17 1
65.6262 49.2653 2
45.317 568.895 2
107.27 267.292 1
343.719 650.759 1
105.481 536.948 1
639.234 212.638 3
478.299 708.794 3
432.68 75.8218 3
670.252 671.16 4
634.887 611.177 1
317.124 440.107 1
670.394 650.796 3
200.463 624.945 1
230.698 749.444 1
280.365 118.269 1
149.355 25.0579 3
516.477 109.262 3
110.622 361.803 3
372.11 757.434 2
562.834 479.018 3
202.165 244.693 3
98.1041 562.654 1
57.9234 752.267 3
401.163 361.293 3
583.053 205.442 1
143.114 650.04 3
188.289 153.373 4
657.66 689.211 1
64.3468 684.374 2
666.271 380.242 2
494.307 217.602 3
236.183 472.564 1
721.916 0.141837 2
35.4829 645.028 1
282.098 9.27653 3
583.566 325.516 1
654.39 331.885 4
138.109 587.405 3
287.48 42.0173 4
381.802 426.16 4
609.197 413.172 1
30.2586 502.246 3
107.229 707.352 4
196.978 21.6873 2
519.779 257.704 3
433.943 204.965 4
404.118 189.093 1
248.286 656.22 2
207.344 405.291 1
266.793 37.1003 4
219.328 345.468 3
360.483 297.622 3
302.176 435.072 3
184.743 93.4944 2
65.0796 102.227 1
358.659 749.066 1
544.82 575.231 1
201.519 191.466 2
724.373 286.521 4
588.695 595.079 3
81.597 607.262 3
390.785 525.673 1
72.1452 152.877 1
549.764 285.022 1
114.037 93.6362 2
109.971 722.883 3
297.338 453.298 3
202.403 115.172 1
60.399 325.398 2
652.309 207.957 1
224.578 594.392 1
583.376 583.528 3
212.919 371.103 2
356.626 396.742 1
267.294 232.211 2
572.869 513.342 1
471.916 35.1855 1
387.804 699.187 2
553.047 246.003 1
276.204 722.519 4
229.741 584.511 1
107.421 528.992 4
415.087 435.866 3
672.427 443.88 3
479.126 135.1 1
68.397 150.523 3
296.224 202.837 1
433.637 564.701 1
763.649 559.179 4
110.271 93.1023 4
570.759 68.1626 1
725.71 477.647 3
7.16278 137.332 1
615.077 532.102 1
459.531 754.669 2
147.953 41.6529 2
427.146 26.5472 1
63.8621 520.671 1
368.783 78.696 2
692.189 382.285 4
587.892 290.743 1
619.829 401.612 1
127.535 142.806 1
377.295 369.472 3
51.7771 79.1215 2
94.9376 698.619 2
241.655 426.457 3
770.095 567.514 3
242.085 325.966 4
294.785 320.326 4
153.243 604.557 1
116.029 27.3371 3
114.146 105.03 1
40.5483 760.46 2
378.067 331.261 1
392.889 98.3409 3
661.715 3.45137 3
770.508 102.629 3
277.02 594.109 1
277.309 375.869 1
118.647 309.38 3
154.319 564.617 1
673.869 454.777 1
64.8221 498.639 2
774.348 692.922 1
544.326 539.1 1
416.115 680.379 3
216.893 503.508 1
370.977 489.112 1
3.47501 175.793 1
159.641 191.575 3
66.6844 726.325 1
703.191 411.612 2
232.518 306.544 1
361.438 542.976 1
32.0079 371.519 4
408.349 156.173 1
93.0925 460.744 1
471.372 68.8245 1
400.215 152.178 3
298.569 336.816 1
576.244 54.9481 3
129.639 764.172 4
632.298 390.785 1
44.5342 226.595 2
29.5021 185.178 1
713.955 298.969 2
182.078 59.4869 3
603.873 566.626 1
747.701 125.124 3
407.096 10.7185 3
265.141 730.58 1
418.207 576.19 1
204.577 105.503 4
153.692 65.8597 3
211.55 525.99 4
276.173 680.795 3
179.613 470.626 3
749.021 701.669 1
544.278 26.0512 4
11.4179 66.9472 3
423.171 648.574 1
50.3522 590.303 1
275.424 141.01 3
114.488 32.3389 2
579.121 55.2082 4
479.114 287.764 1
49.6075 358.456 3
245.875 417.38 4
386.178 468.394 3
314.146 156.706 2
515.816 549.548 3
614.321 761.865 1
539.738 355.61 1
289.655 476.053 3
653.616 96.8748 4
695.853 764.881 3
712.779 434.637 2
189.199 253.142 1
62.5518 448.655 1
574.039 271.486 1
706.555 48.4138 3
316.628 657.203 1
326.06 593.126 4
61.2973 400.795 3
50.1276 100.785 4
535.081 376.011 1
370.171 330.68 4
246.439 655.747 3
440.605 531.464 4
737.223 220.982 1
768.911 656.882 1
735.958 19.4415 2
704.836 606.742 3
496.598 410.629 1
557.255 605.631 4
435.196 44.8442 2
655.551 172.876 2
700.257 636.424 4
592.903 189.116 1
366.413 438.594 4
442.16 610.893 2
310.056 243.804 1
4.91702 258.674 4
737.054 524.217 2
215.829 581.377 1
241.659 169.046 3
635.289 545.175 1
751.229 318.566 2
437.497 178.384 2
571.557 753.733 2
682.712 377.902 3
215.262 117.985 3
373.812 350.891 2
357.69 728.783 2
331.442 289.608 3
641.742 709.801 4
386.362 49.0855 3
26.7363 429.436 1
582.201 338.211 1
700.579 352.641 3
771.805 198.204 2
175.563 276.062 3
648.645 69.7839 1
196.551 547.326 4
392.654 653.019 4
586.639 488.369 4
731.201 90.0765 2
165.666 693.324 1
755.914 444.731 3
280.625 24.2069 3
293.028 706.184 4
693.68 564.347 2
183.062 447.814 1
338.589 187.154 3
163.089 325.185 2
544.324 641.776 1
361.862 563.141 4
729.847 687.495 4
649.662 262.905 4
7.82469 26.7225 2
149.591 714.018 1
402.369 76.9467 2
98.7896 392.426 1
676.043 765.779 1
0.638267 18.3305 3
445.747 592.535 3
416.576 113.361 4
471.346 315.446 3
264.231 267.42 1
542.173 731.795 2
400.494 773.992 1
214.6 187.353 4
308.921 18.6142 1
345.019 313.706 3
3.52229 277.633 1
643.244 107.442 3
602.241 342.31 1
52.8356 214.255 2
503.937 461.406 3
441.019 694.705 4
243.96 677.283 3
773.889 208.312 1
93.3406 113.848 2
164.287 118.775 2
311.687 603.186 1
1.77297 124.874 1
632.671 210.378 2
76.7588 343.398 3
178.668 359.354 1
55.2929 360.395 1
530.164 380.242 2
214.086 573.127 4
726.892 420.878 1
102.573 423.479 1
741.501 725.119 1
574.677 301.617 3
340.212 267.67 3
99.7457 578.54 2
731.289 44.1587 1
741.809 181.268 2
210.179 663.855 2
362.91 316.297 4
298.914 436.528 2
625.003 272.044 2
483.468 229.989 1
641.338 63.5293 2
60.7772 450.073 3
327.934 404.317 3
339.889 8.92194 3
656.353 237.837 2
714.602 164.825 3
259.403 697.14 3
218.406 417.271 2
574.275 95.9627 1
471.539 618.245 2
658.944 679.457 3
423.1 639.128 1
86.1661 303.413 3
154.224 67.5716 1
92.7143 320.207 1
774.523 773.164 2
203.962 279.585 1
711.337 418.193 4
771.526 741.417 1
201.756 574.937 2
351.591 415.002 3
686.555 137.511 2
740.698 505.295 1
415.239 695.333 2
712.283 710.439 1
670.488 507.399 4
404.617 126.165 2
613.032 532.906 2
265.023 42.4093 1
314.814 601.494 4
615.116 507.196 3
168.471 208.841 3
172.923 756.877 4
398.304 671.184 4
533.237 500.946 1
648.79 137.819 2
736.915 586.568 3
595.598 255.53 4
520.732 642.263 1
276.56 116.756 4
58.7679 193.452 1
723.819 3.09678 1
713.701 360.101 1
736.435 750.801 1
8.32112 8.16548 3
741.005 277.656 3
563.597 424.519 1
7.04458 320.363 2
341.976 655.156 3
47.1345 708.77 3
602.075 156.693 1
194.518 489.433 1
664.192 726.183 1
499.976 272.281 3
684.696 486.984 3
19.6445 479.325 3
132.037 669.093 4
186.634 5.34254 1
720.857 235.034 2
643.232 446.764 1
482.824 558.848 2
512.137 283.306 1
456.55 594.085 1
382.275 287.703 2
420.878 667.32 1
399.817 86.5069 1
222.384 527.776 3
1.37109 329.322 2
451.919 26.4531 1
374.474 298.591 2
114.888 275.529 1
597.041 653.562 2
258.522 522.704 4
139.237 179.765 4
472.736 494.35 1
721.1 153.572 4
657.489 557.869 2
69.2507 258.687 3
28.3687 153.231 1
683.969 287.112 1
558.311 665.098 2
725.828 157.297 1
453.832 519.833 3
292.681 531.332 3
443.478 39.5351 1
619.948 24.6329 2
557.054 44.8777 3
188.762 735.365 2
75.456 533.639 2
130.845 534.443 4
71.2653 403.054 1
64.8432 470.498 4
581.17 481.514 2
350.527 602.312 1
478.89 121.91 4
73.3062 488.96 1
555.269 470.72 3
744.834 524.382 4
297.314 760.659 2
95.4104 727.128 1
545.116 404.742 1
770.121 466.394 1
481.348 147.251 1
150.915 434.363 3
28.2505 599.154 1
533.774 334.429 3
329.393 757.647 1
734.315 622.193 1
151.923 78.8851 3
549.011 483.013 2
605.85 322.808 1
655.43 118.174 1
340.543 419.271 2
160.891 635.393 1
571.96 329.569 2
772.816 82.6202 1
533.38 684.932 2
516.729 559.548 2
446.472 156.423 1
615.361 296.842 4
116.377 28.9584 3
305.21 67.7371 1
3.21498 650.83 3
767.062 31.3697 3
534.514 140.665 1
401.528 601.768 2
37.4082 679.755 2
773.852 115.763 1
661.6 764.985 3
402.861 44.6551 4
40.9673 8.75647 3
536.113 518.604 4
537.82 51.3451 2
196.634 309.796 3
587.241 705.083 3
479.307 753.0 3
207.39 396.411 1
551.156 523.531 1
587.993 774.559 1
219.351 28.1172 1
279.088 106.08 4
