cost_init,cost_final,confilct_init,conflict_final
1205.3 253.5999999999995 356 44
gapx, gapy = 20,8
minX, maxX = -20,500
minY, maxY = -20,500
61.44 158.389 3
598.397 25.1784 4
460.227 578.45 2
405.742 64.9499 3
290.84 8.22248 1
286.296 516.049 2
97.3766 132.081 1
222.577 126.194 1
5.44305 66.3396 1
359.685 488.294 4
75.0639 369.172 4
230.384 280.742 1
198.845 110.388 3
268.29 613.067 1
93.4807 596.323 3
567.706 152.676 1
35.071 257.685 3
115.038 233.742 3
218.745 362.098 1
485.474 307.05 1
152.676 204.404 1
102.927 499.892 1
567.911 599.305 4
288.868 357.996 3
73.6742 161.853 1
477.895 607.809 2
406.826 341.609 3
359.245 423.709 3
22.1968 1.40902 4
403.961 512.226 2
337.546 164.883 4
466.867 80.0529 1
596.188 309.665 4
488.193 556.021 3
597.608 560.229 3
553.681 455.441 3
474.392 106.612 3
175.843 307.243 1
321.333 307.996 3
537.704 497.788 1
48.1575 551.603 4
84.0747 578.797 2
579.743 418.622 3
69.2927 173.656 2
492.422 28.7208 1
562.491 207.54 3
165.608 415.399 4
69.6828 17.7575 1
55.1254 398.155 1
289.725 264.383 2
121.327 69.244 2
563.24 290.363 1
467.562 3.82172 1
109.151 96.7396 4
472.252 163.021 1
423.033 51.4598 1
527.03 262.675 3
542.642 291.714 3
463.489 188.566 3
459.61 151.604 1
324.479 206.034 1
187.94 178.752 1
412.683 264.325 2
629.036 424.519 4
323.186 17.6996 2
179.1 303.769 4
443.223 259.924 2
502.98 57.3065 2
462.061 235.527 4
507.436 553.367 4
187.766 24.6674 1
363.2 281.726 1
127.009 557.199 2
21.1353 337.064 3
404.958 368.573 4
544.018 217.5 2
87.0278 616.058 2
558.936 375.136 1
218.031 411.935 1
500.78 600.55 1
315.079 432.607 4
406.897 283.772 4
163.309 303.218 3
347.39 130.537 1
420.505 372.137 1
104.819 101.121 1
121.765 535.86 4
454.63 329.082 3
258.12 492.287 1
118.377 122.787 2
168.291 357.764 1
119.892 328.291 4
282.493 44.8513 3
578.179 388.059 1
586.518 538.38 3
398.312 76.8011 3
421.161 219.314 3
227.117 570.692 3
121.774 553.34 3
274.684 163.158 1
457.39 629.137 2
461.833 320.223 1
546.979 218.282 4
40.2245 469.559 4
545.133 252.156 4
130.922 300.759 1
505.68 435.985 2
447.158 81.7423 3
391.389 385.115 1
61.0703 130.054 3
582.707 541.526 1
178.435 392.942 3
171.038 625.593 2
297.309 393.328 4
584.645 114.42 1
567.575 130.903 2
295.549 555.953 4
502.65 491.168 3
317.631 296.955 3
507.668 433.774 4
114.767 11.3971 1
44.1884 460.055 3
571.327 177.266 3
580.23 219.16 2
414.135 564.437 2
286.631 234.862 3
297.474 218.803 2
96.7396 580.071 1
292.089 210.484 2
490.104 296.009 3
37.1342 323.862 3
578.083 341.735 1
357.138 196.692 1
352.177 52.0371 1
593.698 214.962 4
217.954 426.836 1
324.576 442.895 2
462.582 391.707 2
462.477 90.5052 1
134.003 397.883 1
417.783 618.124 1
33.6345 276.466 2
472.214 52.8671 2
364.75 576.963 3
571.269 56.1098 3
509.504 49.1896 2
406.492 379.682 3
103.675 517.341 2
554.783 81.5107 3
18.8963 406.916 3
116.193 481.498 3
251.596 96.0392 1
384.14 100.088 3
81.4141 94.1623 1
69.7174 370.649 1
134.494 497.634 3
585.36 578.806 2
590.627 341.532 3
387.283 606.109 2
359.782 223.695 1
350.285 272.365 4
427.353 529.105 3
405.961 108.861 1
165.666 570.787 1
281.794 65.3644 1
381.492 547.702 1
394.834 425.177 1
396.262 543.958 3
581.933 187.92 3
432.112 462.331 1
277.287 530.041 2
263.979 481.874 3
138.018 231.744 1
488.369 334.13 1
51.8796 353.595 4
61.9622 37.8697 1
387.391 187.428 4
104.518 47.2015 4
223.165 449.466 4
296.801 233.414 1
465.574 475.06 1
469.529 246.22 3
38.1247 191.414 1
141.252 33.8641 1
365.437 582.975 1
257.507 228.038 3
186.28 134.88 1
13.1637 242.179 4
245.555 579.617 3
311.219 33.2374 1
3.5708 37.8596 3
370.089 173.029 2
425.851 339.148 4
90.5438 211.102 1
265.494 191.385 3
220.463 623.712 1
270.187 70.7597 3
351.097 113.976 3
430.233 454.195 4
267.929 596.651 2
11.3686 293.326 4
171.398 98.1964 3
25.2465 229.196 4
232.468 125.209 4
558.322 534.258 3
578.43 364.684 1
79.5612 251.528 4
523.348 374.074 2
323.879 461.675 1
466.674 107.935 1
247.747 328.522 3
308.961 329.075 1
105.425 410.005 3
447.913 507.564 3
565.556 148.94 4
277.306 562.468 1
475.147 523.633 4
182.879 83.1264 4
18.047 533.091 1
556.311 492.219 4
195.195 358.141 1
418.816 406.578 2
462.766 21.1353 3
304.193 99.5401 3
347.525 147.87 1
543.105 295.141 1
250.091 331.591 2
560.673 467.378 3
129.417 600.463 1
93.9795 152.395 3
504.486 566.483 2
64.573 480.629 2
226.476 529.413 3
235.036 275.636 3
71.0664 573.054 3
213.109 243.297 1
171.398 377.655 3
42.8109 118.849 4
21.6371 442.865 1
386.804 594.865 2
120.056 332.084 1
242.891 521.761 1
539.229 379.605 3
132.467 193.692 3
450.171 123.26 1
46.0577 79.1945 2
515.24 404.755 1
570.15 138.228 1
310.293 619.311 3
106.873 269.412 4
394.891 599.662 1
193.962 454.591 3
617.191 234.09 2
584.98 105.96 1
65.1459 173.213 2
317.28 257.106 3
169.873 16.1168 4
62.267 201.807 1
204.446 606.418 3
245.32 497.441 2
34.8587 269.933 3
351.949 77.2064 1
180.093 473.169 1
450.31 72.3708 1
133.115 357.34 3
406.167 532.338 3
145.954 163.658 3
291.749 608.271 3
55.9167 406.289 1
146.769 282.904 3
111.967 432.655 2
110.424 47.4626 2
234.437 586.421 1
327.934 199.27 3
502.421 1.29321 3
599.003 320.001 3
348.698 405.449 3
390.288 393.299 3
454.352 29.2805 3
540.583 270.937 2
441.157 142.146 4
327.587 566.955 4
166.978 57.3644 4
254.778 340.296 4
421.254 296.26 2
308.936 55.2043 1
319.331 514.851 1
101.025 575.795 3
582.834 620.566 1
557.951 36.0452 1
46.5362 280.008 1
89.1927 262.916 2
428.801 236.811 4
302.309 144.376 1
264.665 615.702 2
303.243 490.752 1
369.647 3.97613 4
82.1775 306.548 3
540.869 273.156 4
550.173 254.134 1
522.321 525.399 3
359.171 482.482 3
161.612 0.829969 2
616.459 160.763 3
243.721 306.085 1
167.152 171.311 2
228.208 13.9165 1
333.208 374.953 4
84.0778 183.327 4
624.063 483.36 2
298.689 440.347 2
240.861 292.767 1
311.914 413.865 4
597.037 609.429 2
300.835 152.676 1
201.401 424.365 2
96.5273 384.855 2
522.568 208.215 1
440.269 199.163 1
428.322 361.432 1
438.532 516.771 4
199.193 533.419 1
127.931 210.319 1
319.461 526.383 1
218.438 479.104 1
266.999 424.142 3
349.986 64.6025 3
585.842 195.892 4
118.258 79.0878 1
397.739 130.256 1
137.601 349.58 4
334.384 132.437 3
324.344 383.098 1
560.171 458.21 4
193.463 531.894 1
267.983 26.9928 1
284.216 597.578 4
26.2502 498.917 2
520.541 534.732 1
448.608 260.243 4
561.792 15.8751 1
487.922 589.548 3
287.883 478.863 2
366.074 147.107 3
522.263 397.371 3
290.701 178.619 2
247.273 456.637 1
358.749 460.68 4
557.488 92.3792 3
289.292 55.8395 3
584.645 72.4582 3
552.064 292.921 3
291.068 133.027 3
60.4912 452.912 1
631.075 410.284 4
278.908 437.808 4
588.387 438.667 1
38.5453 326.332 1
629.616 160.695 1
225.948 579.743 2
410.137 351.26 1
14.8236 121.253 1
38.4142 556.551 2
406.181 254.752 3
565.335 423.4 1
218.041 231.049 2
45.8291 388.618 4
218.185 79.0594 4
619.348 44.9341 1
150.054 19.7354 1
372.0 17.2648 1
397.845 628.257 2
424.505 448.868 3
365.823 234.775 1
193.881 323.804 3
407.92 151.923 1
623.085 578.894 1
319.596 360.419 3
395.2 452.41 1
419.347 227.064 3
146.962 487.713 1
341.417 500.5 1
462.643 108.378 2
399.755 491.554 1
520.035 486.255 1
581.383 530.022 3
527.648 172.114 1
566.114 364.115 4
476.672 239.533 1
310.756 393.579 1
423.149 62.0831 1
33.7006 59.4195 1
433.109 480.726 4
175.092 520.68 3
393.249 452.642 3
5.59746 372.665 2
89.9444 348.857 4
38.5758 258.97 1
386.051 330.221 3
47.9792 143.721 3
135.999 514.86 2
527.918 468.025 3
69.696 426.98 3
54.6621 469.878 1
513.982 412.765 3
332.875 307.001 1
311.972 503.019 2
146.161 441.205 1
327.386 549.922 4
40.0772 515.038 1
197.282 188.557 2
340.5 51.1391 4
400.836 8.32813 1
421.045 401.338 3
227.141 164.179 3
382.691 99.1523 1
213.164 367.966 2
0.791366 55.1345 3
489.373 28.6527 2
597.944 379.161 1
507.478 245.255 1
400.045 187.524 2
612.127 559.563 4
301.684 257.85 1
108.378 604.101 1
153.795 158.499 4
491.535 556.349 2
631.347 252.879 4
268.794 621.029 1
226.894 465.786 2
537.727 380.666 1
490.647 91.7405 1
541.884 591.536 2
143.488 38.593 1
123.183 370.842 3
450.314 428.071 3
119.223 508.481 1
607.245 319.316 1
275.955 366.499 4
517.476 182.988 2
450.152 499.95 1
62.0927 364.512 3
305.197 225.385 1
243.297 357.448 3
170.182 222.981 3
418.304 169.507 1
317.594 217.384 1
471.425 168.242 3
10.0754 144.202 3
422.112 397.622 2
425.735 42.0196 3
41.5797 109.691 4
474.558 200.544 4
444.226 270.029 1
576.685 125.006 2
58.4645 218.426 1
44.9341 387.219 2
583.758 526.788 4
442.275 150.349 3
69.0205 99.3931 3
337.353 245.603 1
618.614 626.346 1
564.176 516.694 3
548.441 412.021 1
128.24 562.342 4
450.021 531.47 1
588.255 214.944 3
629.68 352.158 1
279.691 473.13 3
223.377 112.007 3
627.532 446.253 4
81.0962 560.257 4
95.7532 443.705 1
615.702 107.317 1
91.3738 469.366 3
528.881 345.383 3
546.563 347.931 1
81.086 120.365 2
279.603 253.767 3
587.425 104.557 3
151.826 18.4137 4
626.592 224.786 3
205.388 281.282 1
517.3 453.79 3
223.389 70.5372 3
353.161 207.55 1
502.625 89.8002 4
37.6574 9.5929 1
174.988 246.655 1
368.583 351.694 1
273.772 297.978 1
10.114 624.821 2
275.202 521.761 3
136.018 450.422 1
465.668 521.935 2
630.865 16.0782 1
104.786 272.702 1
560.085 455.43 3
6.15721 587.83 1
5.19213 470.747 1
102.947 47.2595 3
156.961 432.491 1
0.308826 293.258 3
136.636 570.68 1
350.778 341.87 2
253.7 8.0386 3
268.813 340.933 1
210.272 92.1072 1
428.071 400.228 1
54.8551 317.299 1
260.707 322.423 1
537.926 142.484 1
240.575 562.256 4
315.157 538.515 3
465.584 330.675 1
598.496 607.836 3
558.974 232.092 1
304.29 196.557 1
310.293 142.446 4
469.569 420.803 1
363.932 286.088 4
141.519 123.241 3
593.447 501.977 3
632.388 92.474 4
600.067 337.227 1
208.719 605.153 1
334.941 588.1 3
409.271 81.1338 2
201.095 278.406 3
216.95 208.978 1
416.529 262.888 1
501.724 20.4688 1
35.005 462.621 2
19.07 109.469 3
608.899 195.226 4
344.63 376.738 1
12.4495 382.76 2
19.2823 213.148 4
455.213 560.914 2
195.139 175.036 3
602.461 518.257 3
488.419 40.6776 1
625.653 134.792 1
545.367 115.162 2
163.851 415.66 1
238.912 496.987 3
