cost_init,cost_final,confilct_init,conflict_final
1095.8 226.4999999999996 322 36
gapx, gapy = 20,8
minX, maxX = -20,500
minY, maxY = -20,500
154.152 131.376 1
383.847 309.694 1
175.49 147.666 3
132.988 441.968 2
100.556 238.819 1
349.127 624.455 1
228.357 178.534 3
179.543 593.418 3
117.354 514.677 1
434.901 157.433 1
237.875 467.494 3
587.982 202.232 4
282.82 196.181 1
176.085 539.084 3
109.71 191.126 2
381.744 230.191 4
505.432 245.458 2
20.093 76.0097 3
456.367 600.328 3
436.313 101.883 1
10.3071 13.501 3
373.126 85.3517 1
227.72 309.858 4
78.8561 14.5534 3
595.135 427.694 1
468.665 611.108 2
388.754 185.932 1
344.032 420.861 3
59.2914 615.084 3
458.536 497.45 1
99.8279 621.183 1
89.0027 66.5418 1
93.0052 90.6596 3
343.453 68.4049 4
567.785 95.7258 1
539.156 375.899 3
86.8597 602.442 2
576.153 130.777 3
213.669 486.66 3
259.51 412.986 4
472.425 236.639 3
158.756 616.83 1
146.657 358.478 3
332.041 272.558 1
341.647 214.306 1
225.134 584.269 3
84.348 423.033 4
495.858 631.866 4
581.634 390.684 1
489.276 216.506 4
461.27 380.28 3
136.405 295.527 4
154.451 509.263 4
88.6136 555.404 1
113.231 439.497 3
15.9817 370.921 1
291.126 506.406 2
512.203 584.809 2
180.396 381.679 4
242.274 616.637 1
440.038 156.555 3
206.855 110.695 1
619.908 151.712 3
534.51 140.709 1
163.732 273.262 4
453.8 87.9086 1
83.4601 328.899 3
181.744 451.782 3
285.702 390.828 1
237.796 545.472 1
546.832 61.4177 2
120.348 30.3807 3
472.329 445.336 3
510.743 349.387 3
253.218 78.6347 1
113.935 283.241 4
253.874 126.541 2
498.455 47.8873 3
457.838 218.6 3
195.95 394.708 1
109.131 361.519 2
409.792 509.06 1
190.989 287.883 1
363.874 502.343 4
336.755 107.287 3
326.834 451.396 3
407.525 11.6003 3
559.824 555.133 1
570.509 171.427 2
74.1994 380.396 1
347.591 467.215 1
392.961 288.52 3
97.5147 569.706 2
368.3 204.52 3
490.123 3.41638 3
147.045 41.1988 3
568.583 206.508 1
469.145 194.396 1
555.259 132.216 1
433.996 131.598 4
534.288 606.34 3
231.561 47.3946 2
34.432 116.485 2
343.8 161.255 2
560.094 52.2301 1
190.545 338.849 3
124.523 491.119 1
265.115 327.441 1
531.577 399.243 3
391.833 462.623 3
12.8935 409.022 2
153.39 358.652 4
182.825 403.123 1
530.565 536.092 1
581.248 363.593 1
318.904 323.755 1
263.062 239.764 4
416.365 532.089 2
501.629 288.348 3
463.319 106.294 1
273.995 599.478 3
373.216 407.362 4
591.663 344.688 1
46.401 195.805 4
384.977 430.445 2
310.949 571.433 1
283.714 18.9054 1
435.714 549.053 1
619.442 321.333 1
212.704 33.4009 4
24.706 517.688 2
223.381 540.956 4
306.92 10.6057 1
513.977 34.173 4
517.63 411.917 2
284.93 615.219 2
474.877 177.633 2
306.471 57.6539 2
612.624 235.19 3
203.014 350.198 3
225.594 276.119 1
83.6724 72.0143 3
558.26 371.826 4
247.558 210.542 1
281.215 233.443 1
312.609 342.682 1
44.7644 483.939 4
429.271 267.675 3
309.511 142.427 1
46.8257 166.573 4
344.958 365.002 1
199.54 362.214 1
479.201 463.567 3
561.02 23.1619 1
165.83 109.401 3
147.495 14.2832 4
541.719 470.536 3
204.462 10.9265 3
618.414 570.208 2
297.534 608.485 1
617.004 487.317 1
333.001 225.192 1
439.864 549.016 3
18.9928 505.219 4
308.739 370.822 1
617.571 107.22 3
306.162 262.832 1
103.534 503.173 1
508.867 484.26 1
115.366 105.898 2
57.3613 280.124 4
497.19 128.249 3
573.142 434.479 3
373.969 172.45 2
347.665 76.8011 4
398.964 569.136 2
312.589 519.763 4
83.5779 559.563 3
69.4065 536.767 1
61.9195 397.574 3
123.472 66.5151 4
557.073 516.095 1
359.328 161.419 1
19.0507 314.973 1
74.6972 260.04 4
73.2496 218.417 1
266.652 457.225 4
68.929 539.46 3
127.101 554.46 1
315.716 115.327 4
225.211 556.339 3
121.311 206.894 1
616.406 450.924 2
570.883 100.3 4
400.47 602.654 3
566.371 193.006 1
123.781 158.533 4
392.517 52.925 4
340.326 544.305 4
24.9184 583.449 1
222.86 305.804 1
181.787 87.996 3
562.711 399.417 3
596.579 36.9433 1
217.895 232.468 3
231.656 411.78 1
288.226 166.517 2
572.794 529.838 1
429.285 578.575 3
402.668 369.51 3
630.292 517.852 3
111.776 336.33 1
485.617 305.911 3
476.614 487.548 2
324.769 43.9883 2
393.574 604.661 1
421.2 443.396 3
617.842 264.171 1
206.878 559.109 1
237.197 56.1382 1
183.182 417.754 2
383.542 197.764 1
607.515 500.992 3
174.967 48.5049 4
63.6739 410.487 1
273.807 502.884 4
592.521 342.314 3
333.068 347.448 4
333.223 492.509 1
447.467 590.87 4
49.7981 109.459 1
585.235 274.748 2
89.4822 307.996 1
477.034 272.289 3
478.12 492.789 4
71.2828 227.836 1
99.77 569.532 1
94.1146 592.192 2
317.82 33.1812 1
572.099 610.587 2
631.54 209.798 3
64.6695 198.922 1
186.07 309.617 3
121.774 287.931 2
512.901 308.806 1
5.25004 452.97 2
598.057 77.3506 1
206.812 254.988 1
576.704 360.284 2
62.7688 146.74 1
49.8946 466.153 1
255.688 367.273 3
376.864 534.191 3
408.554 466.037 2
127.255 588.179 3
202.435 66.8028 3
509.678 86.6154 1
494.957 451.58 3
196.239 14.013 1
56.5344 135.931 2
491.79 175.017 3
137.64 137.389 2
578.191 162.934 1
364.8 322.568 2
68.0798 52.2126 3
562.855 108.205 2
400.036 286.766 4
493.523 349.571 1
614.309 3.24267 3
279.691 92.8986 2
387.402 424.712 1
486.13 244.869 4
31.3458 349.407 2
566.494 337.729 2
583.198 597.143 3
501.108 562.979 1
473.239 373.418 4
458.648 245.632 3
93.1729 325.936 4
279.584 61.0215 3
285.016 427.848 4
101.074 395.036 4
584.939 225.346 2
441.573 192.62 1
228.434 266.632 1
103.553 328.793 2
397.624 383.542 1
13.2795 324.885 1
76.7858 162.973 4
243.903 492.268 2
201.21 632.368 3
596.256 181.985 3
413.73 411.415 2
310.016 574.753 2
366.456 35.6887 1
424.762 255.572 3
26.9064 258.535 2
577.099 222.634 4
487.229 129.342 1
200.659 184.504 3
330.807 287.034 1
259.8 608.164 2
279.391 345.962 2
163.579 401.174 1
158.045 390.075 1
494.333 612.796 3
91.5668 491.554 1
562.873 552.549 4
555.881 50.4369 3
119.945 613.433 3
186.357 160.058 3
420.626 558.076 1
218.648 611.089 2
320.333 623.384 1
569.599 576.644 4
51.5261 33.8641 3
540.22 24.4376 1
308.208 422.791 1
224.903 478.226 1
165.675 459.224 2
276.222 287.506 1
212.586 36.8082 1
381.245 183.413 2
71.4707 262.888 3
191.24 83.9904 1
292.13 295.72 1
224.246 265.978 3
177.176 299.233 1
453.337 34.5692 1
533.4 622.602 3
235.981 631.828 1
11.6968 431.689 1
327.046 239.166 1
48.6979 109.314 4
517.589 408.904 3
89.3664 458.364 1
542.618 162.722 3
577.129 293.037 4
127.024 199.665 3
366.267 141.618 4
627.961 85.6117 2
88.9966 503.82 2
532.55 525.206 2
229.846 220.752 1
239.742 428.862 3
481.611 147.608 1
358.218 58.6962 4
199.595 24.4744 2
511.184 454.369 2
380.166 588.255 4
443.686 619.446 3
306.992 529.896 4
401.415 382.693 4
365.688 482.433 1
435.888 363.535 3
133.007 2.95314 3
77.3801 512.515 1
323.22 487.365 3
150.163 241.704 1
188.055 95.3499 1
462.775 333.377 2
397.208 83.3921 3
432.877 530.659 1
235.557 58.619 2
401.433 444.535 2
591.0 312.609 2
211.806 607.18 3
95.9452 175.78 1
49.8946 146.924 1
328.899 175.857 1
424.035 41.4111 3
81.0281 52.5095 1
468.1 476.16 3
628.387 301.809 1
387.171 2.83734 2
168.078 171.697 2
392.575 622.148 1
374.969 580.187 3
216.467 254.037 3
449.178 321.979 1
120.96 213.755 3
627.808 533.786 1
53.823 631.307 1
417.446 218.194 1
7.46972 580.524 3
626.431 13.3567 3
617.127 500.249 1
407.92 352.302 2
279.209 439.815 3
89.3227 360.467 3
424.404 14.4183 1
306.432 406.906 4
434.325 526.924 4
213.157 482.289 2
554.998 21.1444 4
225.462 411.442 3
56.1291 371.826 4
54.6204 135.246 3
311.74 152.897 1
500.22 98.7856 3
143.507 180.267 1
477.464 400.788 2
443.454 148.005 1
228.801 534.876 4
456.734 284.167 1
37.7966 227.343 3
154.432 431.026 3
145.553 256.248 3
300.221 109.43 3
534.539 530.775 4
183.307 137.892 1
514.704 195.718 1
277.461 332.112 2
260.279 384.999 2
580.496 191.249 3
534.365 588.554 2
20.3053 591.922 2
410.391 508.896 3
61.6107 283.734 2
51.584 218.542 3
494.777 266.767 4
573.848 388.763 3
177.999 287.256 4
514.622 207.782 3
608.569 311.228 1
127.961 408.21 2
619.142 233.25 1
291.763 133.181 1
119.233 158.564 1
86.1075 567.766 3
395.413 95.3783 1
84.3866 521.105 1
13.2023 105.755 1
304.386 152.927 3
15.4027 388.792 1
504.351 484.432 3
272.307 25.4974 3
77.8921 271.342 3
550.041 5.84838 3
146.48 361.21 1
357.774 564.6 4
297.018 44.0463 3
409.445 236.715 4
192.726 554.795 3
315.755 542.23 3
138.545 91.6338 1
448.012 591.44 1
598.906 623.307 1
478.564 328.966 4
568.471 605.5 4
120.549 537.665 1
406.631 117.401 1
546.986 182.757 3
285.16 448.134 4
584.742 157.462 3
580.246 265.657 1
227.628 85.2745 1
624.075 132.486 1
111.833 482.897 1
140.188 216.834 1
232.813 55.675 4
44.3815 143.932 2
509.273 50.9948 4
454.319 277.287 2
370.138 1.58273 3
573.508 333.339 3
435.116 261.835 1
315.292 194.251 3
406.347 301.588 1
279.642 66.2238 1
242.023 457.544 3
84.2322 546.37 1
2.29689 315.35 3
7.48902 170.317 3
385.406 127.149 3
311.771 203.351 1
43.1848 188.849 3
194.41 20.7584 3
622.552 276.891 2
334.497 323.379 3
349.52 376.788 1
585.611 413.951 2
300.531 516.916 2
50.3487 134.927 3
308.457 586.402 1
360.603 483.321 2
157.636 127.689 3
632.254 376.622 2
254.734 318.254 2
494.99 453.384 4
0.308826 291.049 1
282.774 614.949 3
119.906 20.1702 3
185.185 382.326 1
70.9334 622.399 4
166.457 79.2138 3
366.232 263.428 3
224.238 584.577 1
546.741 436.939 3
343.656 123.472 1
610.548 625.458 4
492.461 526.866 4
78.1308 474.954 1
32.6563 167.663 3
255.808 236.889 3
249.859 565.527 2
48.1915 84.3866 1
449.361 389.294 3
505.818 172.701 1
556.47 492.982 3
304.985 98.8049 3
452.758 602.461 1
517.186 331.977 1
350.768 422.184 1
70.779 408.48 3
337.827 364.732 3
35.3026 67.8258 4
379.776 228.154 2
403.674 218.61 3
297.559 183.713 3
594.528 381.805 3
474.433 375.283 4
129.63 441.244 2
24.2865 371.787 3
