cost_init,cost_final,confilct_init,conflict_final
1005.0999999999999 227.39999999999964 292 36
gapx, gapy = 20,8
minX, maxX = -20,500
minY, maxY = -20,500
37.2328 357.543 1
255.611 333.502 4
154.49 432.182 4
102.551 514.59 3
536.124 379.807 3
590.329 477.715 1
405.202 362.397 3
185.738 78.7891 2
418.034 321.825 3
253.565 12.9605 1
456.386 219.333 4
113.725 622.264 1
558.376 521.345 2
560.576 394.572 2
69.5995 272.046 1
371.73 237.197 3
507.285 108.832 2
99.8654 196.55 3
534.963 142.455 2
471.154 186.473 1
96.4501 356.365 3
148.468 370.398 1
40.9773 492.345 4
241.656 559.543 4
155.664 187.987 2
141.255 482.675 4
25.2851 598.525 4
235.288 620.143 1
540.097 420.099 3
442.093 386.283 1
353.644 491.129 1
477.946 33.7199 1
430.333 507.448 4
476.772 333.927 4
550.327 621.559 4
61.4177 218.089 1
284.332 266.555 1
453.05 92.7919 1
351.27 372.376 2
346.56 350.488 3
40.0508 8.02947 4
159.952 583.14 1
483.042 451.484 4
156.652 203.091 1
238.328 514.416 2
417.281 17.1012 4
629.346 554.814 1
481.073 527.686 1
458.529 474.337 1
374.171 168.715 3
516.993 402.853 1
326.95 111.37 1
28.3154 545.521 3
314.674 583.747 1
290.426 428.748 3
193.906 298.547 3
478.432 366.286 4
473.298 334.111 2
84.1387 118.743 3
171.711 278.445 3
178.192 322.067 4
177.768 189.86 2
441.929 426.49 1
333.571 540.059 2
577.929 192.639 3
425.465 119.284 3
213.379 388.717 4
72.8442 409.059 1
420.389 241.328 1
446.475 75.5851 3
429.654 158.576 4
388.561 332.769 4
330.675 217.905 1
349.517 40.2245 2
74.0206 332.142 3
520.603 120.075 4
30.5402 418.294 3
123.853 293.712 2
469.434 240.025 3
242.081 128.626 4
540.522 531.045 1
338.84 147.001 1
406.318 201.567 4
535.192 338.589 4
33.7778 34.9643 2
109.961 60.095 3
340.538 453.635 4
48.2733 453.259 1
315.197 307.59 2
579.842 74.9288 2
115.868 606.786 4
69.6016 128.356 4
579.955 21.6178 1
302.842 588.892 3
572.725 245.188 1
230.271 533.747 2
559.36 433.881 1
369.703 305.216 2
242.602 469.25 2
591.613 458.036 3
278.503 250.235 4
459.247 1.56343 1
75.4114 559.129 3
548.571 159.412 1
297.92 529.047 1
572.717 607.257 4
175.526 7.85575 1
429.171 97.2222 4
447.602 277.924 2
523.848 594.682 3
410.082 442.074 3
128.394 176.611 2
132.718 321.419 4
329.456 180.817 3
203.611 554.544 2
474.588 305.65 3
463.296 443.599 3
195.538 302.939 1
590.305 261.556 1
167.761 339.891 1
240.961 608.06 4
465.863 182.325 2
249.242 354.792 1
244.551 147.029 3
620.371 500.538 2
624.59 151.305 1
37.6767 515.044 3
176.552 458.992 4
189.793 405.72 1
113.783 221.872 1
361.361 288.424 3
9.72801 422.28 2
540.483 340.354 2
126.947 98.8719 1
372.255 562.507 4
232.517 56.8432 3
131.74 274.314 3
462.553 181.772 3
458.413 629.569 1
468.488 86.78 3
43.7547 249.637 4
198.647 512.245 2
9.99823 611.05 1
450.844 61.4949 3
163.526 475.388 4
284.023 497.827 3
490.194 506.252 4
380.049 407.92 4
383.437 30.274 2
113.006 200.138 4
6.36953 398.22 1
406.404 271.67 1
67.3819 179.109 3
80.827 379.566 3
534.045 57.6244 3
215.3 235.257 4
588.776 417.773 1
507.082 354.966 4
586.457 269.914 3
47.2696 114.159 1
258.873 441.437 3
374.836 94.6182 1
88.1311 242.785 1
380.531 56.0803 1
123.511 423.197 3
609.78 236.28 2
379.828 3.89892 3
433.61 403.828 1
186.762 139.917 4
231.509 163.571 3
222.77 342.024 2
589.22 47.1345 3
337.582 364.944 3
146.303 120.288 2
229.612 576.027 4
113.682 619.378 3
63.4637 65.4131 1
211.121 122.42 2
147.645 580.42 3
176.745 53.4746 1
457.93 553.222 3
285.209 44.6923 4
235.808 284.544 4
263.659 28.7998 2
291.744 385.52 4
385.742 544.982 4
408.827 578.411 1
499.733 77.0924 1
553.863 408.017 1
290.007 75.6135 2
200.327 190.7 2
422.84 158.601 3
476.95 294.918 3
589.242 305.785 4
578.604 385.732 4
48.0031 53.6971 4
632.138 359.396 1
280.915 451.705 4
617.535 224.904 1
102.981 469.801 4
300.912 470.438 2
222.48 568.055 3
583.729 467.099 2
81.148 570.671 1
280.24 18.3172 1
536.758 1.96876 4
250.988 244.242 1
400.937 463.479 1
365.59 241.009 1
81.6072 33.0829 1
224.632 110.221 1
108.935 535.079 3
395.451 29.184 4
86.5818 317.859 3
307.124 179.089 2
313.246 550.25 1
269.048 479.442 1
19.7455 628.45 4
437.208 134.397 1
545.478 565.691 3
12.8356 88.7102 2
482.366 278.628 3
383.482 442.074 1
358.351 393.695 3
114.341 524.598 4
363.542 335.027 1
517.92 358.297 4
167.866 382.056 1
526.481 383.89 1
626.464 99.4317 4
438.45 534.142 3
288.446 345.655 1
336.849 611.889 3
363.248 630.284 3
626.243 521.394 3
358.183 325.434 3
201.186 212.047 2
283.174 58.4544 1
567.564 398.539 1
597.006 586.769 1
415.177 626.906 1
379.489 117.768 1
144.029 128.645 2
547.432 314.944 1
518.136 321.111 2
267.508 229.382 4
141.847 402.865 4
425.832 617.545 3
354.89 254.183 1
121.561 258.342 4
390.667 94.7323 1
404.63 586.518 3
117.257 451.435 4
539.576 554.247 4
81.1408 156.478 1
51.2411 250.593 2
422.735 523.307 3
409.541 489.875 1
623.13 306.548 1
262.94 369.442 1
76.6853 41.5177 1
323.804 316.478 4
554.651 290.638 1
324.129 230.21 3
237.432 603.84 2
243.2 88.2855 1
382.596 607.411 2
48.1575 607.817 1
445.77 261.334 1
394.362 44.7695 4
469.413 222.412 2
503.405 183.269 1
21.6178 442.479 2
582.283 209.32 2
50.3579 356.355 4
366.283 226.262 1
161.632 489.575 1
285.336 140.728 1
314.826 366.846 3
229.863 631.114 1
9.7087 106.168 3
493.33 512.901 1
106.506 502.112 3
118.25 16.5608 1
446.078 565.404 4
196.374 85.631 1
501.774 146.547 3
570.389 222.026 1
109.807 366.402 1
463.104 568.22 1
179.003 578.304 4
405.581 425.523 4
455.641 469.936 4
544.545 108.842 4
268.833 209.895 3
122.314 239.321 4
135.208 272.278 4
306.919 416.499 1
323.251 297.476 2
107.549 454.109 3
551.379 287.333 3
372.984 343.279 1
356.616 608.657 4
215.274 505.047 4
272.809 126.169 1
583.024 582.254 2
198.903 178.742 3
505.938 402.312 2
168.735 71.1162 3
11.3879 368.815 3
550.297 591.835 3
119.747 586.749 1
139.61 399.601 2
269.627 231.117 2
323.872 399.099 2
426.427 262.984 3
285.705 488.427 1
291.233 591.159 1
120.426 97.7626 3
327.876 133.152 3
263.698 148.931 4
17.7961 170.954 1
433.461 487.22 4
139.84 110.639 2
377.346 251.867 1
55.4504 229.515 1
31.6739 302.939 1
545.661 64.448 1
529.787 604.449 4
576.157 487.095 1
73.1114 42.6179 3
345.939 484.547 2
411.954 346.618 4
223.523 341.397 3
565.636 11.7547 2
202.242 262.511 4
577.445 370.226 1
283.154 518.624 1
483.968 412.398 1
234.958 54.3919 1
291.126 416.741 3
225.233 272.83 3
178.578 97.9841 1
182.651 532.791 2
464.541 451.85 2
290.914 624.387 1
189.989 41.469 1
140.551 331.283 4
35.1787 299.28 4
524.559 429.383 3
444.128 220.819 3
385.483 375.879 1
538.032 90.7561 1
170.237 30.8145 2
43.7608 456.048 3
1.93016 474.954 1
379.055 196.287 1
440.443 525.341 3
306.374 158.852 1
589.838 322.202 3
112.448 445.018 3
68.1153 143.932 1
530.022 496.225 1
583.642 63.9746 3
208.901 273.291 1
22.4864 135.517 1
331.698 499.352 1
121.793 532.695 1
366.544 73.0759 3
224.932 123.492 1
55.6191 75.4114 2
209.712 433.591 4
524.705 543.938 3
217.989 361.065 1
510.759 148.449 2
243.586 166.601 2
232.99 528.12 1
258.253 175.75 2
123.932 97.7138 4
140.487 439.063 1
562.871 240.777 2
408.21 305.052 3
607.289 441.949 1
465.05 377.674 3
370.957 225.018 3
551.041 566.434 4
120.654 545.849 2
97.5421 263.611 2
63.6181 83.6816 2
265.799 452.265 1
409.31 589.297 1
234.611 198.314 3
231.674 8.07721 2
58.495 65.3745 3
113.773 291.309 3
284.37 99.3453 3
247.003 511.203 1
621.348 376.545 1
394.844 155.397 2
30.5351 570.256 2
0.84927 75.2955 1
326.523 66.8506 4
564.61 172.112 3
337.932 543.561 1
242.389 539.566 1
526.374 449.099 2
369.925 67.7192 1
475.147 119.11 1
515.53 161.94 1
612.412 629.782 1
319.673 7.45042 4
48.4663 630.535 4
361.345 404.107 3
590.042 72.7955 3
158.097 388.068 3
76.2768 579.781 3
547.355 116.996 1
494.563 14.8135 2
268.881 504.727 1
279.236 289.977 4
55.3031 338.608 1
581.557 84.7432 2
610.355 138.798 1
10.0175 328.533 3
250.091 613.829 1
64.2077 213.111 4
222.605 73.2973 3
619.702 268.552 1
360.824 296.781 4
132.718 50.2705 1
148.429 116.485 1
132.329 338.087 3
486.417 262.232 1
96.9509 632.137 2
605.182 68.4435 1
113.706 210.021 4
531.971 253.198 2
49.2678 389.651 1
93.7093 395.422 3
530.863 332.749 3
455.694 553.039 3
67.7069 406.424 3
229.744 631.808 3
406.164 460.536 3
558.098 429.422 4
363.411 314.076 1
627.956 9.03315 1
45.3496 143.604 1
532.991 129.166 3
40.5699 277.943 2
289.913 315.986 2
586.244 323.476 1
452.7 66.9278 4
626.028 488.68 1
83.4987 567.313 3
487.421 507.169 3
353.876 416.413 1
533.168 512.582 3
594.817 253.034 1
7.54693 217.568 3
482.135 288.713 1
108.359 261.054 3
349.691 244.03 2
294.369 433.291 1
229.494 315.648 4
249.862 10.3843 4
446.253 529.848 1
370.475 626.153 4
284.062 218.61 4
399.598 489.961 3
3.86032 25.8062 1
369.054 405.971 2
253.488 460.7 1
347.989 187.177 4
589.173 55.7908 3
337.396 529.732 1
345.297 372.993 4
115.639 255.138 1
323.698 398.568 3
195.988 294.764 4
330.366 270.56 3
566.384 605.086 2
491.146 97.2222 1
470.68 47.3946 1
417.067 373.302 3
632.086 204.838 2
589.104 19.0121 4
542.549 142.504 1
316.525 262.511 3
400.055 201.779 1
576.853 218.966 3
500.452 9.35111 1
311.815 557.98 3
17.217 13.9165 1
410.545 451.3 1
422.454 356.674 4
242.37 52.992 4
602.033 466.278 4
118.233 374.798 2
577.137 505.2 4
163.405 355.101 3
401.724 394.525 4
421.075 165.704 1
630.581 114.12 3
294.581 460.738 1
192.159 251.365 2
531.133 308.256 4
229.843 487.625 2
359.574 279.699 3
114.574 119.293 3
615.088 609.39 2
277.24 400.277 1
477.282 356.906 3
202.62 277.654 2
35.5144 350.671 3
