cost_init,cost_final,confilct_init,conflict_final
5373.0 1964.6999999999966 1566 424
gapx, gapy = 20,8
minX, maxX = -20,500
minY, maxY = -20,500
923.568 1439.51 4
882.737 404.001 4
192.844 810.447 2
1209.2 1233.55 4
885.091 1071.26 4
210.035 194.135 2
121.089 169.251 1
494.075 522.904 1
1277.82 560.034 4
1192.59 857.026 4
498.834 371.817 2
1168.55 76.2737 1
413.462 287.655 2
1211.53 561.244 3
1159.4 1467.61 4
737.738 632.041 4
844.044 159.654 1
388.385 183.283 2
764.321 1367.99 4
384.99 176.3 4
117.421 1146.91 1
826.906 382.759 2
583.346 1413.39 1
837.987 53.55 4
397.8 813.801 4
803.024 1288.69 3
570.2 182.32 1
924.88 323.563 3
1109.42 536.936 4
970.918 951.044 2
1235.36 732.676 1
285.302 1019.22 4
1093.58 942.036 2
577.842 1008.52 1
1477.24 63.3154 3
748.866 517.789 4
781.296 195.369 2
503.949 569.676 3
448.05 782.777 1
1395.59 1240.75 1
1266.46 1222.49 3
496.978 549.714 3
1207.65 521.06 4
413.824 656.485 4
273.335 1135.99 2
1178.61 450.313 1
687.051 685.739 3
239.956 1358.03 1
105.369 1475.18 4
1148.41 67.8994 1
1096.76 682.15 3
936.992 561.969 1
1037.1 242.977 2
541.971 266.89 4
244.727 481.316 4
1403.05 752.235 2
771.289 885.363 4
906.231 273.499 1
1241.44 237.014 3
381.168 845.664 2
1457.86 1082.76 3
233.008 34.8059 2
1334.0 641.061 1
759.704 320.337 3
228.64 935.246 3
372.802 573.478 3
1030.23 789.25 1
1094.41 620.736 1
108.82 1067.64 4
842.192 1169.49 3
558.812 854.808 4
311.839 594.165 1
1454.61 832.628 4
579.77 708.631 1
1211.55 1368.4 2
367.295 1335.84 3
906.819 1124.23 4
511.596 101.746 3
1049.32 1266.4 2
915.872 101.339 3
1084.49 78.5822 4
266.335 1257.67 2
250.594 1308.42 4
627.099 417.433 4
87.6808 417.351 3
645.416 1442.32 1
238.233 686.27 2
950.003 192.653 2
1249.76 622.235 3
482.448 829.097 3
567.503 1204.89 4
560.668 820.858 2
1208.25 1202.18 2
1247.08 953.892 1
979.679 1153.21 2
583.359 269.063 2
703.616 1142.25 2
1240.11 1347.8 3
1292.75 116.376 3
393.183 387.693 4
248.258 623.214 3
60.3577 934.872 1
787.905 311.51 1
1379.2 744.223 1
776.226 845.71 2
1215.46 681.245 3
630.242 441.12 3
1007.17 8.99586 4
843.255 709.627 2
1344.34 72.3808 3
486.477 229.726 4
599.959 668.616 2
146.98 935.098 2
1436.54 114.693 1
1250.3 1429.99 4
293.219 504.266 1
1046.87 261.232 2
53.5015 1136.08 3
1470.46 771.745 2
1222.49 985.344 4
625.308 903.243 2
1161.86 1134.19 1
884.492 1005.64 3
629.49 360.398 2
622.185 306.486 3
579.785 1256.58 3
55.1973 854.343 3
682.615 1357.99 3
542.633 784.645 4
496.345 41.2376 4
534.801 444.288 2
1318.92 64.5828 2
565.647 100.162 4
1300.36 1155.24 4
1101.21 992.541 2
1186.43 1470.25 4
1132.2 1316.15 2
1318.68 1336.79 3
472.155 1118.98 1
1220.15 1414.74 1
251.53 216.904 4
988.932 201.661 4
1363.87 1117.67 4
503.27 1318.47 3
68.8953 395.977 2
1091.26 920.942 4
331.032 445.634 3
996.629 898.716 3
235.045 89.7961 2
604.212 1353.72 1
526.356 698.862 4
145.305 504.752 4
701.192 786.806 2
1142.94 1268.53 3
1162.05 896.532 1
54.6461 1252.02 2
899.305 778.082 1
1412.66 1352.24 1
254.665 1290.54 4
682.963 228.187 4
256.569 1069.77 2
642.283 1121.69 4
723.479 1011.7 2
963.628 1242.06 4
924.02 1464.86 4
330.851 767.658 3
618.111 580.408 4
1163.71 1031.62 4
676.024 1432.62 2
909.354 1318.6 3
175.1 1238.85 3
850.417 25.168 3
1073.2 568.586 3
471.128 744.935 3
886.042 207.138 3
154.791 755.301 3
163.77 182.966 4
856.554 260.178 3
1304.16 199.522 1
193.966 470.0 2
650.38 309.078 2
928.647 74.7225 1
10.6376 1030.97 2
1097.57 661.464 1
518.793 609.058 1
1148.99 543.603 4
1197.2 1335.49 3
1318.85 964.62 1
514.315 932.711 3
1138.76 1080.23 4
1181.19 806.814 1
791.86 347.641 3
318.177 484.427 1
1458.85 728.244 3
1198.29 754.395 1
404.273 403.817 3
1165.79 976.426 2
592.445 129.495 3
1198.51 457.14 4
1063.4 1408.49 4
429.884 607.609 3
722.948 662.517 2
517.177 1470.07 3
732.951 429.927 3
540.476 416.721 1
666.365 526.435 3
351.91 425.129 4
1064.16 492.09 4
1193.67 317.452 2
252.201 175.757 3
384.584 1242.83 3
1112.51 1292.2 3
1419.34 950.896 3
899.758 826.924 3
266.437 1057.23 1
786.437 1004.55 4
1166.6 819.805 2
1040.8 1347.34 1
477.992 1376.46 4
710.897 401.014 3
77.0884 1412.71 2
623.48 542.504 3
56.4195 225.64 2
328.18 350.632 1
265.155 656.18 4
587.015 108.82 1
495.62 1410.98 1
855.752 753.955 1
335.468 769.889 2
747.306 591.585 4
217.317 4.79822 2
529.027 806.916 1
138.932 776.0 1
788.618 397.257 3
509.186 675.735 3
1309.87 905.778 3
247.29 862.368 1
1192.31 878.528 1
302.421 588.865 3
1289.0 969.784 4
1372.65 963.941 1
871.692 501.324 1
873.775 421.055 4
92.9251 1320.18 3
1285.74 796.596 1
1198.47 1424.89 3
512.459 486.567 4
237.648 564.368 4
485.304 600.988 4
1203.4 682.57 1
1339.7 809.27 3
857.27 984.348 4
553.335 502.67 2
527.895 968.019 4
1451.98 1217.93 4
1231.15 1171.22 4
647.306 1085.11 3
123.034 322.872 1
190.118 587.466 3
577.235 463.56 3
790.29 979.426 3
659.167 243.351 4
1409.64 1190.32 4
3.57603 18.4686 2
1183.4 494.624 1
1047.96 1397.72 3
182.74 156.938 2
339.09 227.731 4
872.192 1369.12 3
344.838 938.324 4
996.082 1292.49 4
1137.53 1322.73 1
399.611 1159.04 1
113.014 1157.32 3
818.387 683.418 1
864.699 1411.67 4
1281.53 997.665 4
1379.22 1416.97 1
1306.51 893.951 4
443.202 346.789 4
461.49 965.665 4
148.473 333.646 1
446.162 1420.17 4
1255.83 929.724 4
1078.24 759.93 1
57.0904 458.23 4
888.536 946.008 2
893.963 11.4402 1
884.186 38.4763 3
650.25 213.34 4
1164.11 1201.31 1
317.409 1339.52 1
1332.14 1023.42 4
1162.3 531.064 4
1063.64 1287.32 3
40.1512 433.91 3
1299.82 1192.77 3
1463.68 379.377 1
263.404 386.257 3
1333.77 1293.88 2
394.998 1348.61 1
971.052 35.1266 4
1128.4 951.756 4
1237.08 366.011 2
758.594 1204.4 4
883.326 389.652 4
1320.42 488.818 4
646.469 509.291 2
327.773 1007.71 4
346.151 1298.72 4
834.846 228.368 3
432.519 1116.5 2
807.007 362.525 4
1075.25 1172.07 2
48.8269 503.402 2
124.426 445.552 1
368.416 1089.41 2
406.279 982.55 2
619.559 203.324 2
1193.9 158.025 4
923.006 1095.4 2
752.823 48.0319 2
236.607 518.842 3
729.873 1076.46 1
987.755 1203.57 4
195.453 54.6243 3
1302.61 1114.62 1
808.869 1428.15 3
364.484 429.169 2
517.393 77.2242 1
1204.98 394.212 4
1369.23 350.937 4
1212.55 760.564 4
1156.1 184.403 3
857.434 1137.36 2
893.965 909.626 2
374.488 475.103 1
469.371 23.3905 4
855.406 934.748 3
864.903 691.397 3
1088.56 88.9029 1
357.966 1070.35 3
1257.41 435.857 3
718.937 126.519 2
636.082 1223.59 1
92.1621 218.081 2
1128.24 993.368 2
779.666 1322.5 3
417.665 312.732 1
652.547 1060.18 3
109.114 885.091 2
185.626 265.158 1
1049.0 719.236 4
346.313 1212.32 1
1168.49 266.66 4
325.137 38.929 1
767.49 505.443 4
416.089 1212.54 3
1428.68 92.4669 3
502.596 1217.97 3
1215.27 574.338 2
1371.12 354.106 4
261.982 67.6731 2
105.425 1092.4 4
314.917 750.832 1
315.548 662.098 1
1334.54 1050.03 2
1183.62 1148.54 1
665.057 137.778 2
356.136 792.962 4
162.811 549.203 2
329.176 303.317 3
130.611 513.217 2
725.573 801.801 3
979.897 857.105 3
1303.49 931.387 1
497.014 1015.37 1
968.789 1376.44 1
1321.96 254.215 3
732.179 91.1663 2
627.562 1044.37 4
1048.86 806.056 2
1323.18 548.706 1
896.652 1035.06 2
170.413 1276.87 2
808.708 835.842 2
1118.71 1476.57 2
663.106 326.493 1
1458.83 1165.32 1
1013.87 387.747 3
621.777 1289.99 3
273.554 258.775 4
609.554 1135.1 2
81.4437 484.744 2
462.033 1449.5 4
356.341 261.536 2
126.809 695.097 3
820.949 459.498 1
1312.18 125.976 1
1421.5 228.73 4
1034.2 786.037 3
758.934 1.72012 1
418.622 625.127 1
378.612 501.958 3
467.853 582.203 1
1253.53 1026.08 1
228.368 1126.94 4
341.806 392.944 3
1109.91 129.145 1
306.769 326.189 1
185.184 1189.91 2
375.076 1038.82 4
1084.64 204.196 4
1375.6 82.9609 1
947.151 308.568 3
1327.83 1292.62 4
210.307 839.372 1
942.308 685.648 3
31.8675 346.468 1
365.814 460.765 2
315.619 1029.72 1
559.599 583.799 2
148.438 334.382 1
418.965 1019.26 1
1363.09 53.7189 3
580.076 898.84 1
516.018 1081.77 1
1470.43 313.284 4
269.515 912.07 2
671.423 22.4521 4
979.609 111.943 2
1321.43 515.616 4
205.237 888.655 3
962.946 1009.57 1
991.558 459.811 1
323.79 1136.73 4
312.066 380.496 2
1276.24 33.4396 4
638.798 8.01213 1
1183.83 304.539 2
214.942 1306.52 3
433.57 673.969 1
768.531 1057.63 4
647.398 547.224 1
459.498 1302.43 1
920.715 795.192 3
1303.92 1323.36 4
1124.7 283.635 3
1478.17 128.145 2
1326.24 1459.29 1
401.919 125.388 2
1257.5 1375.45 4
1444.96 578.989 3
1128.63 694.973 1
919.901 496.74 3
112.487 731.725 4
953.851 341.612 1
1042.84 478.045 3
32.5917 1247.25 2
223.486 1131.07 3
534.278 905.868 4
1377.87 1161.75 3
488.241 874.137 3
1109.48 1147.45 4
820.27 640.201 2
1255.96 1069.19 1
641.931 1371.02 4
400.833 145.609 3
841.563 261.775 2
145.35 880.655 4
219.258 1037.05 1
706.279 768.44 4
816.545 1175.97 2
1079.24 1118.43 2
1443.93 1267.41 1
870.153 1130.69 1
1404.61 757.803 4
1006.18 1361.19 1
1277.28 90.2609 1
342.801 122.034 1
362.284 977.966 1
845.323 548.718 1
634.984 153.362 4
184.369 554.557 3
1348.35 812.303 1
1198.64 219.085 4
1394.83 1191.17 3
412.647 1353.36 4
1047.73 963.583 3
391.01 1466.94 4
595.432 1164.29 2
726.134 117.194 4
1152.07 374.352 4
771.5 370.764 3
25.2586 455.14 1
1407.69 335.818 3
463.436 840.051 3
635.375 1215.12 1
1394.83 738.519 3
625.169 437.396 3
148.564 1424.8 4
105.199 1004.36 4
416.857 528.257 3
1329.41 1412.34 3
1064.5 852.545 1
49.4938 86.0512 2
1357.63 534.13 4
1317.75 18.6828 1
766.448 1289.64 2
1010.71 118.914 1
775.683 1453.73 1
202.729 927.004 2
100.22 1345.58 2
1236.14 831.076 3
234.977 1318.74 2
565.401 685.048 1
746.549 315.856 1
1355.2 242.22 2
1454.54 792.691 3
275.355 1336.02 4
90.5212 965.892 2
965.23 993.866 1
653.21 284.951 4
1287.33 702.216 1
136.161 432.425 2
1300.74 401.101 2
1400.31 415.759 1
156.621 757.663 2
85.7391 727.688 2
166.968 1037.9 4
1337.35 1446.44 2
1323.95 894.597 2
1394.92 432.519 3
1103.95 386.426 2
162.913 995.031 3
879.669 1433.16 3
1389.59 1396.28 1
770.296 504.299 3
1426.41 1344.0 2
1050.89 169.839 4
311.658 1388.5 1
1150.53 1067.92 1
57.9408 878.199 3
367.219 889.026 4
1355.23 512.414 4
16.2053 792.374 3
1399.59 978.566 4
681.619 162.325 4
1360.79 140.494 3
723.381 1094.49 4
100.126 246.335 3
1101.33 180.386 2
99.5874 262.985 3
221.94 1115.8 4
465.754 951.983 3
49.2497 1295.52 4
257.156 1394.47 4
471.285 914.424 4
1213.72 1406.05 3
1407.15 606.161 1
525.386 901.058 3
280.153 685.06 4
417.083 1099.79 3
1330.92 427.935 3
1218.48 908.074 4
405.377 826.562 1
1019.76 835.015 2
412.521 1362.47 1
899.211 247.866 1
75.6043 1218.56 4
1155.65 501.583 4
631.442 264.026 1
1144.59 1429.81 3
485.662 1228.57 4
1332.36 317.814 1
799.556 872.948 4
261.254 389.195 1
476.948 733.12 3
992.266 585.787 3
518.612 113.528 1
297.761 449.992 3
1173.02 1369.43 3
306.407 391.632 3
205.418 1185.2 3
1142.79 873.096 2
1473.22 484.802 1
618.9 1285.19 1
964.35 446.14 1
1079.49 1418.27 1
461.58 210.533 4
249.283 98.8615 1
708.339 1009.29 4
1064.82 275.4 3
52.9009 613.267 1
98.5899 803.6 2
710.304 1297.83 1
623.035 728.289 3
1085.8 15.5716 3
643.143 437.758 1
53.4142 1191.26 3
1308.87 461.387 3
410.222 558.45 2
433.696 1218.48 3
403.639 1144.65 3
500.056 58.3935 3
1135.01 841.171 3
140.857 578.277 3
964.941 429.293 2
274.459 1202.26 4
608.107 488.094 3
255.847 367.414 3
1059.68 669.122 4
219.094 413.088 3
643.198 1332.59 2
175.124 608.695 4
1424.53 654.629 4
152.96 1371.79 3
1179.19 663.953 2
152.371 532.545 4
694.493 964.929 2
229.817 311.827 1
753.68 656.168 4
1200.11 35.8961 1
491.655 1053.62 4
577.602 596.971 1
1183.26 1051.85 4
247.561 544.191 1
881.515 1406.69 2
1276.93 11.6334 2
464.005 1268.68 1
874.59 304.235 4
769.21 178.575 3
1256.14 1277.18 3
1147.07 410.339 2
1314.35 776.769 3
651.517 892.289 3
1020.41 1227.71 1
1296.39 1106.07 1
908.313 1193.76 1
1122.36 639.057 4
871.136 733.902 4
252.628 330.205 2
649.028 172.283 1
762.058 959.328 2
822.892 891.507 1
832.967 771.959 1
418.441 1189.78 4
1197.47 641.185 1
110.721 1343.26 1
640.56 984.99 2
807.437 458.309 2
1046.16 389.064 3
1382.07 991.591 3
143.539 1123.63 3
279.269 1455.17 4
809.374 1314.44 2
442.342 985.673 1
1318.24 781.88 3
1109.93 337.46 3
894.738 1090.28 4
333.703 689.982 4
1008.03 231.796 3
249.97 123.882 4
548.039 949.221 2
694.52 79.1254 2
109.701 1100.74 3
736.047 633.32 1
960.23 1059.81 3
263.225 288.708 1
187.399 301.111 4
1355.21 217.311 4
1344.02 296.63 3
729.221 735.219 1
1150.88 1434.94 4
188.806 975.431 3
77.0609 601.169 3
1365.28 190.468 3
822.895 922.255 4
721.59 541.599 3
836.238 320.757 1
626.165 18.0944 2
1145.33 757.157 2
569.83 340.402 4
585.736 653.147 2
1434.5 590.544 2
832.854 612.95 2
635.81 68.2041 4
636.898 391.632 4
503.556 1386.14 3
37.4805 652.094 4
739.421 1140.85 3
1230.81 599.099 2
419.394 1420.18 1
294.05 1457.29 1
517.494 240.183 1
353.874 248.454 1
94.8344 1369.52 3
61.1191 214.686 3
834.346 1401.07 2
634.033 281.725 3
956.014 872.507 4
1114.47 322.79 4
537.172 525.167 2
615.978 1455.76 1
674.555 1316.25 2
689.353 1401.04 2
400.018 542.471 2
672.657 765.132 2
1260.23 1195.3 3
12.6293 157.831 2
129.733 389.549 3
978.618 1363.32 3
180.703 1438.47 3
721.821 73.237 2
203.494 1172.71 3
755.087 1478.52 4
690.401 116.73 3
647.77 920.987 3
431.75 1258.9 1
453.93 260.178 4
990.833 1184.48 3
395.6 163.535 3
959.056 650.974 1
612.09 647.793 4
1263.47 1380.35 2
1038.18 595.116 1
825.43 831.632 3
1279.04 1174.52 1
893.647 1482.32 2
553.561 621.539 4
1037.14 442.33 1
729.058 1447.21 3
1041.03 114.614 3
1070.09 616.333 1
161.762 103.479 2
63.5538 625.975 2
332.363 19.2713 3
604.486 1473.05 4
288.799 1278.31 3
286.083 336.826 3
892.243 981.735 4
1323.99 84.2405 4
381.414 293.268 2
922.252 710.08 2
564.747 27.1476 4
1196.34 1276.68 2
105.833 1263.51 4
104.475 133.704 3
355.93 1124.19 3
961.111 248.24 1
208.723 1281.75 3
821.655 602.634 1
712.871 34.674 2
483.942 931.251 3
1340.56 862.096 3
1458.05 279.429 1
1342.56 407.804 3
618.038 1316.57 4
298.667 178.938 1
454.574 73.2408 1
1194.2 990.245 2
634.885 1182.63 3
149.492 1039.95 3
472.218 21.0488 3
1153.48 109.454 3
1096.21 494.67 2
559.174 1374.45 4
237.991 543.195 2
481.441 1020.26 3
1298.11 226.06 2
673.562 923.601 4
377.888 1464.82 3
907.453 229.681 4
1419.8 327.716 4
716.701 320.44 3
253.285 823.439 1
1180.45 472.399 2
79.8044 1013.36 3
276.376 1236.07 3
1063.45 837.833 4
125.451 759.115 2
160.424 1160.85 1
424.607 250.322 3
1429.07 1408.04 4
522.347 316.547 1
742.367 245.376 1
1026.98 1474.45 1
1070.37 1220.55 4
1199.87 1233.54 2
565.591 1033.64 2
1096.3 1187.15 4
1174.16 1435.62 2
961.824 724.075 4
1013.69 374.159 3
1150.3 1403.84 2
301.611 797.09 3
71.8262 40.2748 3
979.109 1064.8 3
1176.29 222.71 4
279.338 804.427 3
810.357 298.111 1
265.438 808.546 1
371.835 103.977 1
645.527 1390.35 4
444.927 1217.21 4
1446.18 666.138 1
883.381 1258.8 4
441.98 374.702 4
1056.02 685.377 3
714.935 1428.06 3
1094.22 958.242 4
100.084 58.6651 1
59.0078 1070.86 2
958.83 766.798 4
305.466 439.614 3
935.778 1374.32 3
841.455 1479.92 1
1073.9 1134.83 2
1369.48 1321.81 2
473.128 404.409 2
1262.7 466.276 2
824.661 409.882 2
1380.56 1026.37 3
210.714 1078.32 2
47.3032 375.665 2
942.536 342.801 2
505.851 1014.64 3
939.292 591.264 3
1090.65 569.483 4
83.8784 989.155 2
79.216 912.556 1
492.406 1190.23 4
1067.24 402.541 4
1057.87 140.009 3
1438.04 910.169 3
322.567 1444.13 4
660.661 829.006 1
614.717 1100.46 3
466.013 884.367 3
1022.75 1451.96 4
246.294 726.602 1
376.416 78.2532 2
839.39 825.373 1
461.648 1002.91 3
510.06 1061.07 2
429.763 890.931 2
1421.81 247.685 3
725.845 1270.04 4
1245.88 713.981 4
310.363 359.278 3
15.2095 288.482 4
1116.04 775.86 4
1317.66 576.59 3
1110.56 1344.67 1
1097.39 518.966 4
338.592 29.6041 2
807.958 753.4 3
4.61716 106.059 3
1108.58 352.114 4
861.236 1173.08 3
232.822 247.784 1
1393.08 474.061 2
416.619 505.986 2
919.536 1251.02 4
520.407 849.014 3
1135.69 1227.76 2
1125.91 1031.06 2
956.205 1105.81 1
876.536 1154.56 3
1096.22 539.891 3
1142.38 1294.16 4
909.716 603.671 4
253.407 644.036 4
954.484 639.386 3
1290.54 1257.23 2
522.896 153.169 4
1244.1 77.9032 4
975.918 819.715 1
366.159 365.797 4
442.85 343.921 3
904.533 1329.92 2
329.312 662.834 3
993.413 1000.87 4
318.38 1427.97 1
929.905 475.567 1
1340.99 591.77 4
871.846 865.796 2
617.885 858.927 1
296.911 1409.41 1
54.0932 551.603 1
1392.52 1467.22 3
13.8967 532.467 2
562.931 1428.01 1
364.393 59.2083 3
330.44 1181.63 2
5.47722 310.786 2
1430.03 469.592 3
487.608 1412.17 2
1447.33 1165.92 3
512.259 1356.49 4
1077.2 929.135 2
1071.41 1114.32 4
1109.34 787.452 1
638.616 382.089 3
1173.5 1051.03 2
1475.59 999.874 1
130.751 191.657 4
553.063 361.768 2
980.139 1027.8 1
921.078 1438.01 1
40.6459 798.361 1
727.5 609.42 2
53.1846 671.797 1
693.633 1210.41 1
121.857 894.959 4
1455.81 1197.51 1
631.781 1261.29 1
30.3284 1198.02 2
1114.24 817.237 3
800.036 147.161 3
748.568 138.107 2
1267.41 360.949 3
9.82278 1358.97 2
126.788 1268.59 2
790.029 821.933 3
770.91 297.749 1
1071.64 1163.57 2
1396.01 1098.25 4
1063.44 1110.23 3
1389.7 1075.12 3
147.607 1334.3 1
717.986 340.571 2
158.206 665.414 2
1482.23 400.594 3
828.77 477.966 1
1441.79 1115.59 4
967.403 124.12 1
32.4527 334.835 3
1271.0 44.1677 1
94.3802 41.5959 3
450.399 441.243 4
4.20976 190.48 4
1249.12 280.606 1
276.677 415.668 1
630.921 598.733 1
768.87 577.462 4
989.611 970.089 1
468.75 1130.98 3
63.5991 948.695 2
1441.14 136.601 1
922.873 968.517 3
184.759 745.478 4
1287.38 1036.23 2
447.91 314.778 4
1106.39 581.264 2
137.537 1126.86 1
905.461 384.525 4
746.169 1338.65 3
143.313 1222.54 1
127.85 287.667 4
472.897 762.103 3
596.174 201.344 3
676.595 1061.0 3
379.558 236.957 4
979.924 91.2077 3
308.281 112.668 4
861.218 1410.85 2
1478.85 1126.94 2
1260.04 254.17 3
583.993 4.43609 3
945.054 1250.15 1
469.511 745.762 2
1262.93 517.608 3
1040.94 246.067 1
361.089 646.571 3
481.271 135.289 4
7.83106 45.6284 2
305.411 268.022 4
1136.5 1397.54 3
1401.85 39.921 2
1377.14 622.547 3
33.4518 1442.99 3
1135.3 1461.05 3
1344.18 160.519 2
1252.24 897.63 1
224.521 454.383 1
1071.02 54.8959 3
262.779 1475.78 1
931.308 947.501 4
135.754 555.327 3
1436.21 1070.54 2
935.434 667.357 4
1051.09 577.902 4
957.427 46.9411 1
1473.45 1002.69 2
1039.22 423.738 4
813.299 522.78 1
984.028 1411.31 4
1314.08 334.246 1
102.632 360.591 2
410.636 8.78166 2
1414.07 1473.19 3
1210.1 1313.16 1
508.114 706.108 1
953.93 592.671 4
43.5009 1112.9 4
1339.61 264.841 4
158.857 618.111 4
401.376 246.101 2
346.649 692.845 2
84.2001 1378.04 3
246.756 280.56 3
364.283 825.056 2
1265.2 690.808 2
1221.15 862.944 1
1040.04 1389.3 4
1170.09 916.325 4
986.332 101.623 1
762.465 72.3234 3
895.59 179.921 1
612.498 1141.47 4
726.524 1245.32 3
1196.68 1126.76 3
318.222 592.206 4
333.612 1260.29 1
965.79 220.673 2
205.567 527.476 3
128.42 154.132 4
1395.03 718.907 1
1374.33 549.492 4
7.01627 772.592 1
904.963 1036.1 4
1260.25 539.981 3
574.608 796.324 2
229.862 1272.24 1
84.5266 273.804 3
157.979 694.57 3
944.338 848.187 3
34.4929 332.65 2
784.193 130.638 1
430.482 151.914 3
1414.57 1336.84 4
528.801 349.048 2
122.465 236.323 4
475.548 51.7725 2
1182.17 419.89 3
586.384 66.7556 1
238.768 1354.4 4
1182.31 133.309 1
1176.06 153.531 2
1092.05 1236.49 1
593.758 993.401 4
398.822 1194.94 2
925.242 1276.86 2
734.988 468.008 4
1437.85 375.788 3
1113.01 940.802 4
376.525 786.184 4
1429.14 890.873 1
168.968 234.887 2
209.588 247.878 4
1114.27 1060.03 2
1294.9 851.175 1
1109.09 1039.94 2
78.7277 16.3743 2
890.965 1113.69 3
405.015 493.526 1
1469.05 871.919 3
905.823 284.996 3
1055.56 97.5035 2
1329.68 1007.9 3
277.89 312.473 3
5.65828 1378.44 3
1280.06 578.684 2
792.321 104.1 1
643.007 930.584 4
1029.75 874.623 3
604.759 449.256 4
654.777 1332.01 1
744.585 621.596 4
778.942 577.548 1
6.78994 1084.49 2
60.909 122.626 3
983.835 734.659 4
217.233 576.507 4
874.184 127.692 1
110.833 1311.59 1
290.779 778.263 3
1133.56 267.524 2
728.439 717.248 3
508.838 286.116 2
695.933 1468.52 2
959.7 523.233 3
545.53 1343.22 3
1357.97 675.414 3
1085.36 875.437 1
325.351 231.344 2
63.237 840.673 4
1224.51 1015.73 1
881.151 1270.61 4
478.419 503.814 1
320.013 958.365 3
788.176 116.141 2
1172.77 304.687 1
726.071 51.8751 3
428.146 350.678 1
780.922 273.318 1
85.3414 571.487 1
783.423 783.921 2
1420.77 196.275 1
527.035 301.021 3
588.524 244.89 4
1087.11 63.1343 4
803.567 1208.96 2
152.594 592.173 3
1374.87 47.1222 2
789.896 538.216 2
1456.02 355.748 1
1154.59 1011.02 4
1474.23 937.135 2
226.467 714.652 2
1394.82 855.611 4
749.939 780.288 3
678.016 1460.41 3
833.726 1121.11 2
100.355 69.71 2
811.624 190.242 2
236.888 36.1225 4
913.926 1341.59 1
658.986 790.983 4
299.252 745.762 2
648.643 214.245 3
16.658 808.637 3
1266.82 530.146 4
1269.56 325.181 1
1238.76 498.188 2
1272.07 871.149 1
1324.94 686.632 4
1291.38 731.717 2
762.193 1032.3 1
42.0976 68.8831 4
298.305 735.021 1
492.769 383.36 2
173.549 957.291 4
805.061 1238.66 3
574.245 484.111 3
837.678 217.233 1
1261.44 208.348 1
88.6313 91.6642 1
551.207 510.953 2
160.514 858.961 4
899.758 749.326 4
1374.79 914.831 4
881.052 1312.54 3
622.094 151.675 2
358.325 1180.03 4
902.818 1340.65 2
1432.13 1347.49 1
375.222 1097.75 1
455.107 63.4633 3
1027.68 55.9038 1
920.869 1424.88 3
1318.33 787.859 2
307.992 928.987 4
556.311 466.819 1
1040.72 718.952 2
449.941 88.1787 1
177.786 1461.36 1
908.376 442.116 3
1166.19 89.084 2
464.07 1176.74 2
1397.91 863.092 2
169.386 23.8432 2
172.552 569.269 3
1393.8 1455.67 1
755.992 1354.96 3
1048.37 203.686 4
1450.66 719.915 4
870.289 564.199 2
201.888 134.803 3
178.892 349.625 2
286.671 1161.67 1
75.6852 1455.12 3
1440.48 589.046 3
775.059 946.02 1
831.757 1226.17 1
1251.4 308.127 3
1203.9 271.812 2
289.903 20.3698 4
1461.12 1302.4 2
412.919 483.839 4
1018.18 1395.06 2
715.147 694.611 2
825.637 1384.24 3
112.973 541.463 1
1400.23 771.099 3
281.737 161.193 2
271.869 65.587 1
1417.75 228.364 3
828.415 1077.97 3
1433.23 1136.59 2
27.5219 737.387 2
448.951 1422.31 1
351.025 892.696 1
766.775 254.713 4
262.499 615.609 1
714.974 1418.27 1
1192.01 1351.23 3
993.776 1220.52 1
896.278 134.214 1
1380.39 702.261 3
982.504 1163.43 2
60.1637 110.133 3
959.373 1323.5 1
1258.36 556.627 2
1015.89 66.2245 3
404.59 723.804 4
985.658 164.452 2
935.717 358.599 2
289.659 949.176 3
1473.37 852.895 3
782.02 90.3393 4
1321.96 169.691 3
298.128 321.662 3
1421.08 1384.86 3
873.277 75.8663 3
380.689 103.75 4
444.424 502.443 2
1238.84 1211.19 2
926.329 156.617 3
1164.34 1272.66 4
64.6208 1128.02 3
653.826 204.875 4
537.941 1394.2 2
125.232 1429.5 1
1399.13 275.026 3
602.675 86.6275 1
595.84 782.596 2
276.305 205.011 3
871.692 895.19 4
941.403 557.487 3
73.1147 97.9109 3
505.534 163.588 1
471.358 1159.86 3
948.509 463.605 4
1349.08 231.446 1
1333.75 651.698 2
323.84 1196.12 2
1015.96 1373.14 1
71.2491 1403.6 4
996.374 711.936 3
509.291 724.52 3
308.716 499.196 2
317.588 1062.3 3
326.004 90.7589 3
1482.55 1026.41 3
1176.56 563.656 1
152.23 403.853 2
849.657 420.059 1
237.868 184.81 3
507.819 480.23 3
1125.78 1247.18 2
1358.17 786.275 2
452.572 701.22 2
336.283 194.509 4
1474.37 592.124 1
824.831 1037.46 3
993.006 158.477 2
795.011 1305.96 3
726.407 1223.64 1
381.64 1288.85 3
1294.96 916.766 3
85.1911 784.736 2
1322.71 684.019 2
611.709 583.256 3
675.871 34.1639 2
871.376 526.175 1
198.085 1052.71 4
1423.63 1093.44 4
1014.96 1123.41 3
634.955 713.034 1
56.447 278.885 2
964.091 1353.68 4
1181.59 1377.05 1
1015.01 1025.77 1
401.738 956.431 4
1084.77 794.016 1
606.93 804.732 2
553.648 407.701 2
339.18 529.467 2
387.751 38.3737 3
985.401 1095.44 4
1416.6 1198.88 4
1224.86 766.494 1
113.373 153.815 3
1361.75 973.801 2
1121.95 983.624 2
862.413 675.735 3
1052.62 1315.56 3
206.605 125.478 3
634.769 525.043 1
764.185 644.724 4
711.721 1311.27 1
860.809 386.212 2
1130.56 483.625 2
518.189 473.609 3
289.116 287.803 1
1266.23 376.706 4
493.312 952.9 1
670.484 1277.95 1
361.378 1348.17 2
526.356 633.592 1
150.578 148.786 1
1236.67 144.568 4
16.9296 904.272 4
1294.21 276.758 4
1275.29 1127.45 2
303.9 1088.87 4
1336.46 271.223 2
527.307 1150.08 1
746.984 1100.92 1
1432.9 1415.79 2
1134.92 386.529 1
1431.62 1001.61 1
327.773 1235.27 1
1050.56 739.605 1
373.291 1070.77 2
215.942 77.7183 2
397.211 27.2464 1
885.492 1462.42 4
1289.0 1249.48 3
1298.06 48.5586 4
1172.01 1163.78 1
719.055 1164.38 3
1030.4 299.922 3
109.978 1123.13 3
1042.2 142.848 1
301.79 1365.64 3
573.504 440.248 4
134.124 1272.78 4
1339.75 179.695 3
1167.23 155.263 4
720.277 1158.4 1
1317.29 848.549 3
854.094 901.025 3
1.85592 837.2 2
707.916 811.748 2
867.89 1205.35 3
664.7 1364.36 1
1083.68 738.416 2
648.303 1048.28 4
667.315 1377.45 1
883.011 1279.76 3
989.747 331.971 3
689.641 877.701 2
832.242 612.947 1
536.357 559.4 4
1011.41 675.994 2
876.083 605.885 1
192.97 586.639 4
1155.25 634.53 4
768.738 1340.52 3
634.568 428.75 1
176.674 1008.94 4
935.919 1229.07 2
986.374 973.99 3
761.56 875.178 2
467.51 298.428 4
435.733 697.595 3
1015.27 622.683 1
1013.47 695.549 4
147.84 454.19 4
144.133 467.601 1
923.749 1328.19 4
1349.25 1426.25 4
1440.33 184.855 2
1171.79 292.363 3
900.98 642.09 1
246.99 430.198 4
760.337 915.51 1
1036.96 901.568 2
132.087 1205.71 3
776.095 127.096 2
593.577 1154.23 1
1238.76 731.865 3
174.054 1010.25 3
1183.53 746.202 1
1362.6 726.297 4
683.44 619.827 2
1428.38 11.0328 1
318.634 1001.24 3
740.239 194.011 1
234.389 1154.14 3
569.676 52.3775 1
973.451 497.703 1
722.269 990.018 3
1323.94 741.178 1
426.615 900.98 2
1260.48 306.576 1
1251.25 597.593 2
242.039 1383.02 4
812.348 631.736 2
247.044 434.466 2
653.234 886.754 2
1021.12 899.745 4
433.22 204.377 1
1205.53 1292.9 2
1157.78 1253.92 3
131.767 845.981 3
812.901 525.665 2
945.522 1256.64 4
181.337 722.223 1
526.148 751.194 2
1244.32 246.372 3
252.007 350.089 2
1345.18 1231.88 2
509.534 1127.94 4
149.586 676.147 2
1113.84 1090.5 4
790.174 1242.46 2
1331.36 606.601 3
585.519 1247.93 1
736.282 871.149 4
1309.34 151.177 4
994.27 1340.55 1
674.694 754.033 1
206.459 947.559 3
1318.67 1277.32 4
296.041 832.537 1
916.948 325.464 2
493.357 942.172 3
241.133 1165.74 2
910.368 501.131 4
828.463 116.475 1
923.718 1226.48 4
567.775 1479.15 4
427.223 452.753 2
345.288 673.517 1
305.565 1303.43 1
1445.24 1131.83 3
680.556 1021.65 3
731.32 828.677 1
1087.7 229.002 3
249.191 203.188 2
595.03 794.049 4
350.316 28.5509 3
467.927 1322.59 1
214.995 907.226 2
1451.58 1439.92 1
173.687 1321.1 1
1284.21 805.645 3
734.626 895.276 2
619.462 1328.73 4
553.471 1295.69 3
146.708 705.146 3
1395.84 1342.63 3
25.4396 522.327 1
789.136 450.214 1
240.587 268.1 3
1249.92 220.352 2
1336.04 185.444 2
63.0559 313.004 4
384.13 604.564 1
541.912 880.116 2
1307.74 637.88 4
939.659 553.693 1
102.302 1100.64 2
1328.94 1230.7 4
727.746 931.67 1
361.831 1029.16 3
769.708 261.31 4
734.167 43.3198 4
684.782 109.849 1
85.2784 485.933 4
1296.01 2.39911 4
1398.73 1322.72 3
656.542 849.784 3
548.291 327.728 4
712.155 1086.3 3
973.774 927.144 2
24.2627 696.421 4
1426.04 830.76 2
600.64 192.46 1
725.924 10.0944 2
97.0509 1226.31 1
1074.41 69.3479 2
280.198 1281.08 1
1323.93 1091.19 4
1182.26 1105.03 1
935.971 923.247 4
525.008 1304.44 2
15.3453 1337.74 2
1367.0 465.053 2
1365.55 664.678 3
761.65 1067.32 3
292.381 276.248 2
96.5828 1142.38 4
1368.16 19.7814 2
99.3595 1386.31 4
859.715 436.445 3
280.922 408.697 1
1472.12 216.101 4
1026.91 1132.87 2
1204.54 478.6 1
1242.79 792.917 1
1441.73 468.494 1
1034.7 1180.63 4
733.178 1041.52 3
1230.25 642.962 1
170.473 758.482 1
582.228 298.247 2
1186.16 1317.57 4
1424.53 960.131 2
725.242 969.377 2
1303.42 1043.89 1
92.1168 977.105 1
1094.9 526.714 3
1385.56 1387.77 1
582.984 627.436 1
398.705 419.606 1
997.168 610.053 1
1316.03 110.166 2
433.29 1460.23 1
298.576 543.455 2
971.595 22.6331 4
780.979 661.295 1
1071.59 176.67 1
476.927 1199.01 1
83.471 13.7488 4
622.194 1117.49 2
1225.49 991.047 1
985.447 300.885 1
435.562 1311.64 2
1013.1 979.2 1
51.4855 986.94 3
290.273 758.029 1
1247.9 815.007 3
1292.4 722.981 2
617.17 1257.0 2
1290.9 294.717 2
1224.49 13.5799 2
1147.92 194.056 1
71.566 1072.81 1
1016.07 1073.94 2
743.755 800.53 1
70.596 1226.17 1
1203.95 1269.04 1
158.477 1345.86 1
1023.88 535.669 2
312.083 682.295 1
918.95 869.417 3
896.224 89.8535 4
473.247 562.298 3
1476.28 443.338 4
804.289 1128.94 2
1116.76 370.369 1
1240.76 1182.35 3
1413.95 1062.7 4
32.5464 400.38 2
851.323 227.089 1
655.498 953.341 3
1128.31 835.249 3
552.067 849.01 2
134.898 497.114 3
724.622 494.431 4
977.661 825.056 3
331.313 137.145 3
670.247 749.379 4
815.106 715.116 4
875.64 1184.21 4
610.008 1269.13 1
40.8722 944.106 3
1112.6 539.879 4
587.647 761.638 1
122.822 1179.76 1
98.9819 861.096 3
187.005 487.201 4
127.832 163.547 4
381.866 1175.69 1
477.622 1338.87 4
1208.75 335.275 2
911.753 185.58 3
578.593 339.95 3
1263.65 309.078 1
1229.57 1457.15 3
711.262 545.899 2
610.742 393.817 1
652.465 264.536 1
142.396 1306.64 4
480.191 871.372 3
173.668 718.96 2
1289.86 1053.3 1
273.227 277.618 4
1.22219 424.088 3
942.308 1457.56 1
1063.21 1355.4 4
651.789 1396.23 3
1477.0 187.448 4
1182.26 171.275 3
357.621 740.239 3
82.1841 1349.92 3
1481.94 1400.57 2
207.727 44.9494 3
455.194 834.562 1
763.697 270.771 4
1426.5 131.034 2
1371.61 1395.95 2
113.953 561.347 4
708.081 493.855 4
645.995 1155.01 3
148.722 17.6991 4
595.36 244.199 2
1374.4 830.406 1
561.845 1400.16 4
104.429 626.757 4
167.802 1369.03 1
1218.75 1282.94 1
45.1725 557.182 3
1372.52 302.276 4
43.7611 874.725 4
1412.49 1293.12 3
846.524 276.157 1
436.005 192.336 4
588.688 110.585 3
580.495 1034.82 1
678.134 1319.87 3
228.428 1393.15 4
1230.79 1005.26 2
1264.2 467.543 4
703.328 285.89 4
837.924 281.104 3
656.361 672.657 2
453.025 1365.05 1
1217.36 846.66 1
1003.69 361.13 3
981.536 1281.26 2
971.278 775.082 4
1317.2 523.99 1
860.707 1150.17 2
1403.12 11.6787 3
1049.28 1101.65 1
412.566 1264.97 2
657.176 355.88 2
958.51 750.832 3
1219.9 1412.35 4
490.188 746.7 4
411.923 333.781 4
222.587 802.39 3
959.452 685.545 1
986.918 140.313 2
202.702 745.478 2
1467.39 50.324 3
724.166 1075.07 3
1153.67 219.756 4
1010.07 1433.22 1
697.236 1428.05 1
1122.13 463.387 3
1113.36 888.021 1
612.787 555.327 2
512.132 1063.26 4
897.421 957.279 4
19.4645 245.059 2
1040.66 398.162 1
1050.41 312.926 2
189.638 860.15 1
91.981 458.988 1
797.053 1339.38 4
976.065 1386.55 1
741.778 824.978 4
62.6659 1052.8 3
306.886 933.967 1
912.71 1018.63 2
1167.77 1020.44 4
474.597 364.562 3
909.574 1441.1 3
551.068 1080.96 4
706.912 395.977 3
249.915 624.21 1
351.716 1150.22 1
109.68 1058.45 3
639.658 1441.18 3
633.071 182.6 2
647.398 411.063 4
825.201 234.693 2
500.102 7.96686 4
1162.97 851.673 1
852.545 169.88 1
820.28 773.284 2
463.877 814.521 3
923.251 366.747 1
429.984 179.74 3
585.718 752.823 1
1188.69 623.86 4
137.881 1077.01 3
206.123 413.326 3
600.326 650.464 1
807.233 20.0408 2
728.379 83.7305 4
841.183 821.027 3
1159.59 119.412 3
881.742 21.4893 3
1126.99 258.639 2
1427.43 545.22 4
1115.39 1222.51 2
1418.39 60.4305 3
1440.46 612.362 1
469.321 1274.37 1
951.633 273.26 4
981.78 58.0275 2
1220.92 1135.49 2
79.0074 1386.23 2
771.442 156.527 1
1117.34 1205.93 3
238.417 961.501 1
826.517 1363.09 1
584.011 35.703 4
192.336 333.567 3
328.543 142.453 1
170.563 1019.58 1
728.767 1034.37 1
1059.73 1091.51 3
432.836 913.008 1
1390.3 1375.0 2
650.793 452.663 1
1135.19 12.934 2
0.36213 690.072 1
1305.21 1172.07 3
899.214 312.292 2
1001.64 342.847 2
1204.08 250.504 1
957.622 1404.92 1
331.259 171.728 3
515.447 229.443 1
395.537 592.206 2
994.435 695.652 1
1225.33 46.9411 1
827.448 580.766 4
700.682 1343.86 4
465.382 635.086 2
475.703 362.344 4
1105.45 911.334 4
260.96 597.424 1
1432.86 1258.58 1
1007.99 246.837 2
42.3692 756.523 4
1077.35 300.477 2
973.044 509.834 1
98.8163 1365.58 4
1170.33 1223.35 3
985.447 729.598 2
248.197 194.6 4
370.481 625.67 3
865.129 1389.8 3
114.271 188.658 3
458.909 528.348 4
712.536 959.418 3
1205.1 698.808 1
500.189 1147.71 1
1147.55 1448.66 1
1434.22 860.952 2
838.558 780.979 4
582.784 929.44 3
617.202 686.36 1
1254.83 1310.72 4
976.574 1300.55 3
1033.51 1320.5 2
149.65 376.875 4
731.05 1214.3 4
187.973 276.799 3
1095.67 418.532 4
761.333 204.785 1
1474.62 1092.18 2
1328.32 838.41 1
1432.27 428.931 2
1370.61 935.427 2
782.589 1427.1 2
1186.89 645.765 2
1218.43 385.171 3
517.62 1135.08 1
158.206 466.276 4
398.678 1089.51 4
1345.99 1413.74 2
360.048 919.617 4
1376.86 684.381 1
9.05325 319.568 4
835.406 998.027 2
560.55 1177.15 2
163.977 113.347 2
534.999 1214.66 4
859.606 14.2589 1
210.714 529.57 1
1329.52 60.8831 3
795.045 1084.22 1
130.928 614.749 3
451.594 160.288 3
1137.06 672.78 2
292.33 861.812 3
94.3656 1275.68 3
154.041 946.74 2
1120.79 138.47 2
1029.3 1183.98 3
1216.3 405.8 4
1269.02 1005.64 3
1401.76 601.045 3
1255.82 521.694 4
958.83 884.445 2
49.518 950.954 1
408.121 981.315 4
383.496 452.346 3
1386.53 402.64 4
385.669 1395.77 4
994.319 497.645 4
585.899 1265.87 3
75.024 1405.11 3
921.59 64.1837 1
833.892 1440.69 3
1156.33 206.809 2
1167.62 607.235 4
1431.41 1384.91 4
1340.24 1433.31 1
1221.54 1060.27 3
573.611 1383.19 4
23.9911 139.861 4
696.625 465.971 1
788.823 384.809 3
218.908 1095.49 2
658.687 788.267 3
881.331 1065.57 3
1425.14 906.988 3
1262.48 620.461 4
154.992 98.3062 3
1106.53 1167.69 3
138.198 1111.55 3
1381.45 452.515 3
301.326 821.13 2
1195.44 743.939 3
450.66 1449.55 1
1344.18 111.808 3
316.909 1377.59 2
430.641 842.665 2
560.668 472.341 3
1285.72 478.588 2
1234.73 284.861 3
137.112 974.842 1
1415.14 1001.55 2
839.734 1045.42 4
267.821 1418.01 3
696.316 1451.64 1
1371.88 105.549 1
1268.48 1190.63 2
1382.93 921.304 2
387.841 1245.26 2
1238.71 1248.11 4
598.148 691.669 4
781.024 271.552 2
66.5867 89.5698 3
576.755 1310.08 3
1058.14 352.307 1
59.905 374.974 3
1212.68 1472.29 1
575.923 330.938 4
161.618 770.428 1
213.295 632.901 2
927.46 512.99 2
289.795 78.718 2
1082.41 642.509 3
281.249 769.572 3
264.775 683.192 3
1171.08 437.577 2
179.073 1357.08 4
728.352 432.791 2
559.328 213.249 4
909.467 198.583 3
537.944 89.6272 2
1187.29 298.033 4
119.458 356.46 1
184.279 1203.95 2
1414.8 229.817 3
502.913 975.443 4
1181.75 715.388 2
841.771 491.444 2
1124.37 1342.59 4
1381.39 496.843 1
783.061 80.7429 4
1464.42 919.403 4
884.928 1192.9 1
12.3577 1394.65 3
859.48 347.822 2
763.977 788.526 3
1042.39 222.29 3
477.182 800.575 4
524.545 1365.17 4
361.428 1012.52 4
935.835 540.739 3
432.564 607.066 4
1019.37 233.031 1
257.706 921.531 2
1273.37 973.994 3
761.524 1261.8 3
839.191 762.51 2
1081.86 1077.01 3
672.928 1038.95 1
1391.05 1262.24 3
92.9898 504.571 4
330.531 25.8923 1
1068.46 1420.55 3
354.769 1327.83 4
164.679 1301.53 4
967.295 520.29 1
509.427 674.138 1
1333.87 754.045 1
262.363 350.768 1
1133.56 255.742 1
769.527 1198.06 3
857.204 81.434 2
1407.4 1208.56 3
942.712 192.653 3
399.431 38.3858 2
105.653 736.832 1
1143.66 34.674 2
342.502 1398.73 1
194.826 647.443 2
626.032 657.39 1
330.667 1267.17 2
513.365 623.498 1
1123.42 294.004 4
622.77 138.82 2
38.6461 756.025 3
1178.69 1148.17 2
69.3249 1015.54 2
244.845 1185.75 4
1403.44 634.452 3
835.485 697.965 2
1165.97 67.6157 4
720.956 842.858 1
1386.23 218.217 4
1278.82 539.516 1
1212.47 186.633 2
136.251 507.254 3
1439.51 89.5328 1
593.893 952.719 2
371.862 266.968 4
1338.52 560.973 2
1431.52 479.098 3
119.865 949.234 3
832.374 494.386 3
742.068 1283.43 2
1413.53 1362.11 2
444.104 296.222 1
1341.52 999.117 4
543.24 881.503 4
349.148 1478.52 1
991.908 1457.57 3
905.642 1140.83 4
1219.4 1164.69 2
1106.79 1285.06 4
764.909 468.325 4
1285.43 365.842 4
543.599 977.027 4
1132.48 328.452 2
1189.43 454.337 2
1051.58 1010.06 4
8.14793 827.048 2
206.741 225.698 2
592.862 139.42 2
305.187 151.506 2
1162.52 818.221 3
905.034 577.416 2
1260.21 498.517 4
580.178 1180.58 1
79.1432 978.838 2
1166.42 898.976 3
61.9339 399.561 4
986.216 410.61 2
981.526 783.378 2
248.357 988.525 2
1412.58 1041.4 1
1337.98 1.08639 3
413.118 647.081 2
322.029 671.196 1
733.313 723.445 2
5.43195 635.357 2
262.816 1444.84 3
579.997 1060.86 1
511.961 108.672 4
102.176 246.52 2
752.631 211.064 3
602.63 204.468 1
882.99 518.287 3
916.458 510.558 4
1456.31 827.422 3
577.96 668.764 2
654.371 1004.36 3
173.958 1416.29 3
95.3243 1058.6 2
99.1755 1278.68 4
389.204 1194.16 4
1011.25 1297.73 3
1003.07 1103.53 2
1366.63 956.431 4
1159.09 783.954 3
1165.56 655.715 1
699.816 744.12 1
519.012 190.468 3
537.312 166.082 1
311.121 1247.48 3
659.122 300.33 2
1378.01 1276.73 4
1053.94 87.4092 3
1310.68 315.267 3
871.466 752.461 4
1166.11 728.017 2
1041.64 619.737 1
463.696 233.335 2
1461.7 250.989 4
1062.22 1068.59 4
144.716 653.102 3
180.902 255.697 2
4.3003 467.736 3
322.33 1232.68 3
1315.8 881.515 1
3.12337 1144.14 2
699.952 559.853 4
1480.3 972.715 4
389.833 848.607 4
523.267 259.816 3
180.839 145.622 3
132.009 1215.34 4
1402.94 684.233 4
251.318 486.884 1
1071.57 702.351 3
1172.07 1244.69 3
813.435 1093.71 2
996.443 1173.7 4
677.183 1316.96 1
745.915 358.995 2
545.053 1103.04 1
115.08 528.924 1
1169.86 672.056 1
642.057 1136.18 4
1387.16 622.535 4
1035.46 1035.45 2
289.614 239.99 1
561.437 745.252 1
776.995 959.143 1
132.675 192.925 1
302.877 1417.23 2
577.496 1447.24 2
1219.07 418.429 4
870.727 968.2 2
1241.2 757.35 4
986.884 291.334 4
5.16035 707.331 1
1034.2 342.246 1
83.0765 208.723 1
732.327 892.058 3
789.308 558.491 3
0.181065 968.11 2
1040.73 472.432 3
860.146 508.6 2
199.534 1411.25 2
1281.06 822.307 3
44.9494 662.958 1
397.072 424.359 3
934.836 1460.29 3
646.538 1200.68 1
425.907 735.848 1
1376.18 1421.89 3
129.733 300.148 4
159.066 841.817 1
1239.98 62.0932 1
348.46 720.865 3
1451.19 1179.64 3
1231.9 366.023 2
112.965 1039.53 2
1473.65 459.848 3
629.699 676.414 1
188.81 446.177 4
983.138 118.269 4
0.0452663 1110.37 4
890.75 263.042 2
715.43 947.003 1
448.463 113.754 4
390.919 1133.01 3
1184.31 234.072 3
1430.91 1461.87 4
625.761 1102.45 4
1285.14 84.0473 4
826.484 1331.78 1
1401.35 854.977 3
308.399 724.565 3
737.252 177.115 3
1470.04 441.523 3
840.871 21.0941 3
406.401 8.5432 4
455.922 663.377 3
24.1269 835.286 4
182.902 1203.75 1
1210.87 338.501 4
173.675 357.106 1
180.7 984.801 1
393.954 957.641 2
1133.15 353.575 4
652.875 184.822 1
1014.53 827.377 4
1388.79 1322.09 1
243.023 865.084 3
370.55 1233.09 3
403.503 928.818 1
1296.7 38.6905 4
307.109 377.237 4
1022.43 9.41538 1
171.197 1258.44 1
1187.83 941.707 3
955.815 84.3311 2
1207.37 792.962 4
1160.58 1359.88 4
1422.0 806.09 4
1134.85 64.8666 3
353.303 1299.19 2
1214.45 100.66 4
1462.57 1112.81 1
918.553 896.861 3
1048.82 1079.32 3
884.593 850.825 1
57.4606 1426.61 1
902.425 1309.45 3
497.522 605.033 2
1107.08 765.169 4
1341.69 691.533 4
1392.95 283.05 4
615.759 545.775 1
445.108 1297.69 3
1064.98 388.644 4
261.747 686.327 2
1050.22 1301.39 4
334.382 557.714 3
624.346 614.161 3
415.635 1411.53 1
1431.36 1060.62 3
159.79 142.803 4
294.095 516.748 1
990.879 1058.09 1
1121.56 596.824 4
406.879 972.908 4
942.67 392.911 3
915.046 432.235 1
165.4 1306.66 1
1164.02 828.361 2
206.794 536.801 3
1246.5 87.6355 3
1037.38 1151.47 1
1090.67 777.617 3
1166.77 1380.25 3
589.092 82.9157 2
994.319 1005.82 1
1352.21 1114.71 3
182.966 978.792 1
723.491 745.083 3
93.7917 51.863 2
941.312 668.356 2
60.9623 509.472 3
1149.9 1421.9 1
226.331 312.79 3
1320.2 1038.94 4
948.147 796.867 2
1285.79 1431.95 2
753.598 1373.15 3
609.265 1403.93 3
246.525 405.755 1
928.49 1259.81 3
624.493 87.1828 4
838.064 41.2828 3
1331.01 881.421 4
686.282 486.374 2
981.963 474.65 1
210.262 1372.84 1
1116.74 368.875 4
1210.92 1113.41 1
202.702 1341.78 3
774.234 31.3574 1
504.538 1239.25 3
1236.86 376.286 1
234.135 967.237 4
1076.35 953.67 1
520.407 408.018 3
867.483 480.444 1
978.838 938.683 4
911.532 125.738 3
1150.26 690.298 1
588.552 525.903 2
14.0325 995.45 3
613.403 888.758 2
668.356 421.022 3
480.066 1231.29 3
947.061 208.134 1
1166.62 555.553 1
447.05 33.7234 3
361.729 1119.11 1
756.133 1404.07 4
1029.85 1258.16 3
1016.23 675.101 4
447.203 277.478 2
279.429 1178.81 4
285.315 1163.33 3
1043.5 589.445 3
299.285 900.568 3
36.3003 263.845 4
787.651 236.685 1
990.109 910.259 4
1340.38 1297.69 1
1347.28 218.998 1
1450.69 1450.74 3
175.905 1018.71 4
872.055 259.454 4
1482.65 799.945 3
921.214 421.61 1
665.839 370.492 2
832.673 378.776 4
202.567 1060.86 2
631.86 971.945 1
391.731 1376.32 2
77.6769 321.255 3
1401.14 163.275 4
871.01 308.115 3
322.132 844.669 2
505.851 649.604 3
179.617 1152.06 2
732.363 430.165 1
1233.96 117.556 2
757.166 341.024 3
610.071 1221.1 1
850.272 1140.8 3
1123.72 1444.22 4
305.774 1305.48 3
1420.41 1293.76 3
444.17 672.871 4
1337.83 763.053 2
649.39 1102.73 1
753.91 459.362 3
841.699 1247.89 2
657.321 244.755 3
953.786 1121.78 2
587.466 163.864 4
1107.21 570.038 3
112.668 1296.11 3
701.446 1463.78 1
1443.0 341.172 4
961.32 1123.42 3
2.98757 1312.17 4
305.864 1426.51 2
993.368 812.608 3
558.678 818.731 4
435.833 1296.96 1
264.805 1217.21 3
498.744 428.672 4
1293.2 280.141 1
856.155 674.422 4
1222.35 10.5885 3
1430.86 1258.07 2
504.02 326.325 3
1458.12 77.2574 2
74.0281 1461.68 1
45.6284 914.424 4
70.8417 1022.69 4
179.571 613.708 1
1470.0 251.092 2
195.188 1228.02 4
1346.64 953.839 3
515.13 784.0 1
1268.68 441.935 4
1473.8 425.952 1
1393.54 199.443 1
559.443 1215.85 1
363.061 1344.98 3
1168.28 34.526 4
35.8509 906.231 3
957.967 1079.92 3
1441.85 145.745 1
993.312 1213.0 4
486.612 1383.37 1
961.489 1376.68 3
362.221 324.51 4
204.332 1451.73 2
717.38 186.44 1
654.007 847.101 1
805.675 1286.32 4
464.341 202.476 3
668.945 254.215 3
1311.0 194.271 1
1129.94 915.737 1
387.25 409.874 3
1314.46 700.981 3
287.994 8.63373 2
463.119 143.527 1
847.629 873.944 3
1082.08 759.465 3
344.984 1467.75 1
301.869 1399.77 2
710.726 409.886 3
1081.14 86.7754 2
1029.61 257.475 2
315.17 111.298 2
637.894 1047.69 3
612.31 514.496 2
520.472 289.93 4
221.759 133.659 4
229.681 903.65 3
1301.63 1347.7 2
290.79 867.8 1
1200.96 438.585 4
413.743 746.124 2
82.4299 427.166 3
333.358 784.732 3
474.707 1050.48 2
1393.16 569.256 2
1020.41 593.622 3
397.619 159.506 4
274.047 78.2201 1
790.077 437.453 4
738.755 226.693 3
830.319 881.956 2
351.266 58.9245 2
1299.96 1204.49 3
1358.9 281.239 4
1148.76 974.344 3
749.157 1226.22 4
863.924 1136.76 4
1068.74 436.638 4
90.8995 466.65 2
58.72 783.502 4
1186.97 427.211 4
331.44 1454.57 3
800.901 566.767 1
498.925 998.166 1
693.649 947.876 4
855.487 986.85 3
816.288 1160.58 4
1415.91 256.104 3
575.64 1214.62 4
241.993 978.928 4
1135.87 502.772 2
1254.55 925.638 3
165.81 1093.41 1
56.3565 589.219 2
1271.46 221.895 2
417.471 631.498 3
1451.96 1136.32 3
509.766 1454.5 4
607.745 339.938 4
1339.07 1136.32 4
474.038 473.292 3
292.737 693.524 2
470.543 814.373 4
751.692 542.743 2
836.837 317.045 3
53.9299 541.792 1
157.68 459.226 2
1288.78 718.635 4
731.907 350.349 2
1068.92 911.391 3
988.525 146.436 1
96.2167 81.5124 2
293.733 960.505 3
989.113 375.619 2
117.755 1249.16 4
343.48 125.84 3
373.773 1045.96 3
679.085 507.887 2
334.427 903.334 2
128.466 877.067 3
874.771 149.107 2
575.47 373.401 2
1397.39 1071.76 4
165.626 219.393 4
813.575 373.842 2
223.298 230.801 1
280.289 992.912 3
399.698 1109.07 2
1473.29 1279.85 4
491.905 83.6973 4
42.8025 726.24 3
1053.07 1151.02 3
896.498 1010.57 2
56.156 158.613 3
1032.98 504.176 4
38.1142 1338.51 3
373.085 581.161 4
655.139 887.388 1
359.143 1398.46 3
1006.91 122.128 2
599.28 1103.14 3
347.373 738.371 1
1263.43 675.69 4
1442.7 397.302 3
956.366 656.847 3
580.495 1248.81 3
1400.5 1173.79 2
697.463 146.062 1
639.974 1232.92 2
1274.25 1399.35 4
1014.59 865.796 4
1084.38 1232.01 3
37.5144 444.367 2
1027.86 1413.98 2
864.13 216.134 4
712.129 396.158 1
1041.89 162.728 2
745.128 1391.88 2
775.009 308.531 1
1050.63 1363.63 3
834.755 733.12 4
311.885 705.475 2
249.821 1301.86 2
708.887 608.502 3
1417.83 1416.2 3
360.682 1176.52 1
1239.48 358.237 3
710.047 286.206 2
157.704 1170.57 1
658.564 1005.45 2
278.459 1017.03 2
947.761 791.481 1
135.1 928.456 4
80.1439 364.472 4
175.358 404.861 3
524.859 1149.27 4
17.2012 79.2038 4
794.332 94.697 1
1148.73 1058.28 3
22.2387 656.225 1
588.145 303.091 1
1344.14 269.877 3
627.959 36.0198 1
1306.45 943.382 2
714.709 1086.21 2
1162.75 409.076 4
435.235 431.556 2
382.59 495.077 3
1088.16 1380.02 3
1251.39 1366.26 3
701.97 275.705 4
319.26 1148.99 4
478.009 1251.65 4
593.232 991.093 2
11.226 1152.96 4
796.641 1250.16 1
1151.08 328.769 4
1477.08 468.596 4
306.779 448.848 1
589.001 419.347 1
951.909 1091.19 1
184.926 1407.37 3
762.691 969.196 4
289.581 232.216 3
744.084 868.602 3
1284.05 1144.41 3
1480.32 1199.51 4
1217.53 554.964 4
485.284 1350.65 1
80.3476 111.343 1
588.235 18.5592 3
262.154 8.82692 2
1174.25 105.232 1
1200.42 1327.03 3
558.631 1126.86 3
1114.23 228.447 4
1356.53 1482.47 2
55.2669 1166.68 3
325.186 1071.0 2
1274.53 1125.55 3
579.295 74.813 2
374.216 705.475 4
1053.54 108.944 1
1371.93 1455.52 3
1017.78 897.889 3
855.532 451.44 1
55.6322 1254.28 4
640.852 1155.1 2
934.519 915.058 4
39.789 602.132 1
137.7 483.703 4
17.4728 584.704 4
1023.24 1334.44 1
963.316 13.2056 3
834.8 64.9571 4
117.29 357.274 1
259.518 57.2166 1
1037.47 213.747 3
223.045 1290.12 4
91.7095 1224.21 3
1170.85 1212.9 2
1370.21 1218.75 3
1476.87 755.753 3
161.238 1060.72 2
1177.15 1252.37 1
566.131 408.075 4
1452.15 938.913 3
1364.05 737.964 3
866.396 1055.11 3
957.608 667.665 1
1036.45 1260.76 2
1133.15 821.854 2
653.192 669.159 4
156.626 985.99 1
1177.08 54.6695 4
773.997 754.996 3
1280.63 1052.71 3
476.563 362.628 4
1270.68 864.812 2
596.111 1.53905 1
1302.13 640.925 1
461.351 514.62 3
804.251 23.2547 3
778.041 82.3725 3
955.905 570.795 2
652.74 1076.25 4
707.788 867.787 2
552.339 992.372 1
1338.75 771.778 4
317.257 259.647 3
383.677 1049.86 4
962.922 768.485 2
539.858 1168.41 4
1396.38 415.034 3
871.149 1164.61 3
334.136 638.752 3
801.362 1188.74 2
430.236 1253.74 4
383.365 1150.22 1
763.959 351.266 3
670.819 920.07 3
932.304 56.4923 3
616.153 1300.76 3
1156.19 754.803 4
351.493 960.55 3
1394.48 1444.71 2
766.041 659.608 4
1311.12 216.768 1
1033.42 940.724 3
355.023 283.412 3
733.43 234.706 3
258.986 901.844 1
140.144 1008.97 1
372.365 520.097 3
838.15 1296.74 1
577.549 1066.84 3
834.225 450.218 1
839.01 1005.53 4
322.881 139.918 2
356.152 1372.28 2
108.73 201.752 3
602.224 863.771 3
1320.29 825.826 4
132.359 1193.85 1
932.412 1182.31 4
490.321 63.2331 2
223.741 772.65 3
780.235 136.511 4
184.324 312.699 4
691.94 108.22 3
1248.81 427.618 4
748.07 717.73 3
1464.95 1218.24 2
1439.92 914.412 2
38.6748 55.6322 2
1027.8 1391.34 3
890.84 1320.55 1
401.24 200.744 2
785.008 826.29 1
459.0 1037.54 2
1021.07 664.192 3
1263.52 749.19 1
183.288 588.507 2
1409.82 169.329 1
1067.92 789.613 4
1127.13 519.385 4
530.566 55.587 2
193.736 621.913 1
607.111 867.256 1
1365.46 1003.33 1
1302.39 896.227 3
1364.56 600.638 3
1084.58 552.067 3
309.985 1046.86 4
1469.57 976.076 2
1153.33 121.495 2
951.452 835.842 4
908.384 433.651 3
1232.51 1368.9 1
605.688 1354.64 3
1304.44 1321.36 4
16.8391 634.893 3
12.7651 894.449 3
1069.6 1275.82 3
1167.92 1092.46 3
428.672 600.309 3
1149.36 427.993 4
15.3453 1328.19 4
680.122 1189.36 3
310.979 794.197 4
853.817 1180.22 1
106.919 364.484 2
1438.25 1146.69 3
170.038 173.506 4
801.937 170.292 4
553.233 1264.86 2
63.6896 861.915 4
257.565 171.288 1
1274.83 1190.76 3
124.03 635.131 1
448.524 222.788 4
761.511 1017.45 3
744.721 914.502 4
60.9833 1444.49 3
83.2447 660.921 4
807.334 864.302 3
1.44852 959.554 2
397.302 1437.28 2
718.466 499.785 1
738.836 160.831 1
398.875 1008.71 4
1003.33 1443.35 3
446.325 443.066 2
288.668 91.3926 1
523.522 737.248 3
273.602 694.43 3
452.31 1036.59 3
1482.87 886.404 2
687.093 1000.92 1
1023.06 1061.58 4
984.722 1405.06 1
1135.9 549.249 3
162.189 674.015 1
374.126 1073.4 1
867.245 596.914 1
1144.8 193.826 4
1362.61 639.691 4
256.207 635.176 4
753.565 576.092 3
1157.56 1010.38 2
559.355 484.485 2
136.433 1416.25 3
103.648 123.758 4
1436.75 1229.48 1
1471.15 610.494 1
534.312 865.298 1
79.0979 0.0452663 3
944.888 549.113 3
722.087 73.5456 2
1153.84 1400.76 3
1151.18 1184.88 4
610.42 1237.43 2
1265.46 926.917 1
1185.7 475.782 4
543.892 1286.06 3
1276.19 1179.45 3
373.628 824.513 4
191.835 644.637 3
321.119 317.317 2
682.57 820.122 1
1434.38 337.551 3
66.3037 671.332 4
1086.03 737.569 3
1450.47 573.433 1
594.346 917.128 3
1072.13 890.704 2
934.341 455.366 2
482.312 922.967 4
973.954 1156.06 4
761.585 1044.34 2
787.741 105.425 2
48.4802 717.594 3
1294.39 628.782 2
206.637 928.094 4
1091.82 647.839 4
829.776 888.396 4
657.176 162.313 3
177.625 715.919 3
65.822 345.369 3
30.4642 140.099 1
269.063 486.148 4
169.684 1018.76 2
1139.53 785.991 1
702.713 9.62959 3
810.855 428.297 3
702.694 1248.93 1
460.901 829.685 3
811.443 1058.19 1
973.994 1350.69 4
289.478 625.296 4
1372.21 499.106 3
661.476 309.202 1
276.816 807.357 4
1038.95 479.913 2
941.584 34.9334 4
37.5015 1297.91 1
768.503 26.0695 2
958.106 318.901 3
879.89 45.0852 1
1472.92 1135.13 2
48.1439 1424.25 3
197.814 1425.07 1
564.513 1470.57 4
1333.62 1222.55 3
706.978 580.495 4
1310.22 328.452 3
759.466 254.248 2
1358.07 1240.3 1
1373.96 320.214 2
1170.32 1143.61 2
878.093 1459.82 2
301.923 1251.02 2
413.915 559.615 4
1137.91 463.979 2
1003.51 221.85 3
848.516 44.4393 4
1234.29 834.982 1
62.6938 795.69 3
1041.49 415.261 4
55.1068 863.545 3
377.496 862.096 2
49.4113 1041.11 3
1351.11 372.167 4
1428.47 325.461 3
252.269 418.306 2
1419.87 215.863 4
775.355 95.2281 3
1363.87 302.696 2
1238.14 348.505 3
1255.91 68.0352 4
295.713 1136.77 4
742.965 1473.37 3
247.788 744.437 4
204.201 1122.86 3
1180.68 1317.47 3
1284.93 842.484 2
923.165 471.358 1
349.737 11.1234 3
