cost_init,cost_final,confilct_init,conflict_final
1507.7 298.79999999999916 440 44
gapx, gapy = 20,8
minX, maxX = -20,500
minY, maxY = -20,500
206.113 768.886 2
731.703 161.434 3
483.402 118.515 3
358.302 63.0565 4
92.1469 476.195 1
503.051 53.4254 3
284.265 505.329 1
678.53 222.543 1
665.004 192.483 3
128.835 442.414 1
223.157 653.468 4
259.709 369.732 1
345.634 357.241 2
240.934 142.026 3
269.373 97.0167 1
244.764 288.544 3
733.558 635.052 2
404.023 578.044 3
616.782 605.584 2
650.648 11.6168 1
128.835 98.7995 4
286.679 228.571 2
95.5102 742.055 3
521.055 657.851 4
683.705 571.392 3
107.137 69.0984 2
249.61 524.23 1
353.13 741.454 3
703.016 684.601 1
766.159 533.568 1
2.71855 346.816 3
529.505 276.062 1
715.172 307.858 1
470.344 234.504 3
280.105 405.016 2
371.38 365.396 3
347.241 69.1929 1
297.128 245.449 1
496.907 447.284 1
771.79 663.491 1
82.6911 119.592 2
716.999 348.352 2
115.524 135.407 3
129.58 683.797 3
248.275 323.673 4
397.05 222.424 3
316.158 109.404 3
577.381 156.433 3
120.961 361.709 1
156.376 552.419 1
454.302 754.418 3
320.1 762.351 3
70.8122 628.396 1
546.452 352.263 4
212.971 111.744 4
700.25 630.193 4
103.741 764.904 1
176.92 668.016 3
109.388 26.8407 3
698.903 415.654 1
620.443 535.138 1
59.9603 594.071 3
565.542 392.96 3
462.058 522.41 3
555.86 555.468 2
705.144 644.225 2
43.4967 728.155 1
597.806 430.027 3
655.832 741.913 3
478.93 95.9154 2
188.454 434.741 1
377.949 388.313 4
77.1831 451.373 1
133.28 134.817 1
45.6544 474.138 1
283.179 593.447 2
578.861 290.658 1
437.19 357.794 1
330.623 637.322 2
569.264 631.814 1
410.621 620.68 4
584.741 751.676 3
379.036 288.412 4
370.131 709.21 2
312.823 209.716 3
174.32 625.337 3
59.7371 430.452 2
415.013 589.178 3
659.934 201.206 1
346.556 418.42 1
282.646 196.833 3
43.6386 512.184 2
326.374 265.86 3
523.321 317.134 3
683.466 373.859 1
727.249 368.456 2
501.56 454.125 4
760.096 245.677 3
520.519 731.431 2
115.597 238.476 3
229.162 570.834 4
322.961 167.297 1
480.74 15.0446 3
377.077 598.033 1
442.367 20.3536 3
168.81 336.353 4
25.6253 661.812 4
494.353 558.602 3
579.715 332.135 3
657.178 128.278 2
234.811 218.406 2
558.46 61.2737 1
764.949 16.2876 3
637.842 95.0782 3
155.548 38.958 1
141.033 18.3206 1
714.408 710.392 4
672.143 222.34 4
692.071 536.438 3
663.113 10.4112 2
196.437 560.044 1
700.031 295.599 1
419.747 523.427 3
372.463 338.812 2
618.213 108.505 1
685.904 684.422 2
772.632 326.131 1
179.353 23.9094 1
567.372 685.83 1
140.93 544.712 2
593.92 273.769 1
518.557 41.5583 1
57.0422 405.452 1
129.855 603.48 2
613.753 134.462 3
342.034 349.7 3
559.356 668.087 3
125.212 169.34 1
666.5 402.449 1
522.839 134.864 1
264.29 1.30017 3
663.563 654.721 1
481.23 81.06 1
132.027 462.673 2
504.397 156.541 3
335.357 34.4664 1
649.945 263.983 2
528.152 22.3866 1
199.778 319.735 1
454.987 651.127 3
160.548 711.513 3
238.499 340.858 3
227.341 452.484 3
680.67 44.0641 1
148.645 293.769 3
540.168 473.453 3
242.781 631.601 1
98.9051 182.105 1
267.552 298.284 3
293.178 670.498 3
718.784 599.097 3
233.703 489.078 2
682.456 87.3579 3
45.6479 213.428 1
154.279 52.527 2
52.7398 305.021 2
174.2 10.6003 4
306.915 488.204 2
436.364 562.574 4
240.231 517.574 3
334.523 324.628 3
762.529 709.281 4
450.499 377.226 1
13.6637 221.432 1
272.966 86.0479 4
59.0752 153.336 1
674.863 588.398 1
429.98 736.348 1
417.287 306.274 3
563.117 419.224 4
451.35 408.572 1
162.765 161.954 4
748.464 407.404 2
142.349 722.292 2
337.703 512.08 1
231.972 164.98 1
616.56 330.018 2
287.882 616.33 1
190.523 304.052 3
498.868 332.466 1
226.869 441.776 3
721.904 205.981 1
17.4696 292.809 2
482.895 221.158 3
324.166 11.0397 3
533.426 708.855 3
479.095 610.396 4
328.802 112.524 1
747.057 445.392 3
477.873 232.306 4
65.4342 282.739 2
86.5916 265.283 1
187.887 678.394 3
470.008 773.448 3
494.043 187.32 3
510.276 721.441 1
221.55 749.123 1
396.579 145.998 1
95.0546 628.433 1
352.652 439.351 1
577.195 249.62 3
434.261 210.321 4
733.13 580.209 2
435.771 253.567 1
686.539 397.428 1
737.271 97.1117 3
229.753 273.817 1
474.392 460.805 3
236.923 759.926 1
50.6359 420.618 1
291.331 61.2835 4
4.13692 375.68 3
325.28 384.46 3
166.424 768.356 4
723.391 670.262 4
263.139 470.271 2
516.314 260.744 3
645.903 589.759 3
432.651 40.9678 2
400.953 740.178 1
574.722 408.964 3
568.602 496.511 3
464.416 317.148 2
408.976 394.426 2
246.597 583.315 3
434.952 353.468 3
195.026 537.124 1
407.215 727.318 3
378.351 129.757 3
644.721 118.066 2
643.259 555.6 2
183.017 422.117 4
514.798 106.638 1
205.451 518.25 1
341.712 80.1006 2
516.264 578.933 1
522.954 768.72 4
398.232 507.929 3
458.962 687.91 1
453.98 50.5512 2
698.937 452.248 4
570.871 24.4906 1
710.155 135.488 3
591.508 157.449 4
47.2318 188.643 4
623.422 536.263 4
521.819 609.214 2
643.555 745.118 1
500.03 598.256 3
588.174 267.529 2
411.99 597.797 1
126.264 96.0238 3
590.397 666.739 2
212.07 45.5534 1
654.463 332.963 4
96.1656 397.249 1
443.596 189.778 1
372.11 264.087 1
624.982 325.243 3
477.733 440.864 4
114.48 585.419 1
266.607 399.14 4
560.352 683.278 3
443.499 678.583 4
271.049 81.8026 3
425.28 206.185 3
603.756 134.864 1
207.768 644.154 3
138.733 744.868 4
717.317 547.35 3
167.323 439.128 3
516.193 123.8 1
354.688 184.152 2
309.82 29.3465 1
354.543 541.133 4
345.603 285.575 1
41.5602 151.27 3
438.39 163.704 1
571.063 115.006 1
228.736 699.976 2
266.276 586.436 4
730.223 555.671 1
120.916 273.793 2
79.5404 59.2978 3
64.7696 331.899 3
104.159 242.14 2
616.261 414.865 4
666.245 385.311 3
341.662 229.705 1
457.898 286.109 2
1.84388 708.831 1
464.233 173.548 3
447.047 681.349 2
683.372 492.989 3
603.848 470.342 1
609.805 488.369 1
402.059 442.178 2
129.239 517.872 3
457.638 304.974 1
341.0 417.933 2
3.66413 463.76 1
368.99 688.336 2
342.374 682.923 3
400.952 475.25 2
392.926 245.307 2
68.4365 648.409 2
20.4955 642.31 1
298.52 454.376 1
572.833 707.782 1
658.861 713.299 2
210.51 361.269 2
247.01 381.599 3
424.875 687.282 3
661.6 763.236 4
564.991 702.79 3
458.049 536.405 4
518.462 266.687 1
577.112 501.986 1
487.146 619.309 1
535.744 19.8813 3
622.547 184.27 1
235.345 370.077 3
62.7458 28.5329 3
623.351 169.495 3
254.009 174.531 1
98.0121 572.819 4
253.605 542.466 1
194.813 591.745 3
452.426 268.451 1
244.22 550.612 1
712.779 438.254 3
553.685 372.512 1
673.23 156.825 4
621.708 646.518 3
325.401 701.196 1
495.968 659.472 1
236.846 204.033 2
523.616 290.884 1
346.44 124.864 2
560.093 206.667 2
731.516 440.499 1
707.72 58.9097 1
23.805 183.334 2
293.166 319.475 3
190.848 701.442 3
596.402 261.132 4
101.701 560.99 4
486.617 211.986 1
347.383 756.134 1
627.866 14.4201 2
596.905 354.097 1
224.971 199.007 4
617.302 171.704 1
238.948 736.287 4
58.2715 115.158 3
391.096 562.148 4
721.128 503.38 3
125.786 642.381 1
397.408 183.476 3
635.194 428.703 3
672.571 645.771 2
471.514 482.365 2
573.27 740.802 3
309.755 568.966 2
633.188 75.3865 3
424.176 337.606 3
373.103 14.7515 2
760.851 72.4552 1
140.773 65.3397 1
675.429 472.72 1
686.87 335.516 4
515.035 593.551 3
323.273 267.15 1
164.815 409.919 3
554.844 457.908 3
275.897 607.323 1
257.368 392.819 2
238.209 342.324 2
252.08 611.224 3
559.406 610.326 3
250.718 39.4406 1
476.661 430.722 3
136.923 497.74 3
133.634 151.563 1
124.415 346.296 3
604.936 60.659 3
71.545 748.971 3
40.7801 359.226 3
297.456 286.18 4
485.964 697.863 1
742.255 675.24 1
543.03 229.219 3
109.924 30.2586 1
405.028 87.6652 3
722.471 317.432 2
761.195 108.033 3
679.589 385.892 1
424.005 64.7487 1
624.301 104.511 3
177.819 728.358 2
223.831 9.39473 3
492.367 512.387 3
726.112 454.919 1
628.315 479.221 1
264.645 42.6694 1
459.735 629.072 3
699.542 629.814 3
15.3421 40.4945 1
385.348 29.9138 2
300.829 449.539 3
647.485 773.094 1
12.3635 672.663 2
401.801 419.697 3
348.21 208.572 4
339.39 414.614 3
743.881 762.919 3
477.353 493.806 3
198.599 614.416 2
654.531 743.794 1
54.4628 690.109 1
545.742 301.664 2
753.597 304.298 3
348.447 676.242 1
551.579 60.9526 4
638.669 78.9895 2
417.876 490.034 1
410.882 107.797 2
245.946 256.087 3
402.919 655.156 3
354.253 155.123 1
135.195 109.144 3
592.03 259.95 3
535.625 218.95 3
35.5551 544.948 1
574.323 559.122 4
72.132 521.181 3
720.344 486.525 1
717.131 275.307 3
602.312 537.35 3
658.172 36.2729 1
93.5435 93.8022 3
236.301 217.224 1
771.734 525.729 3
41.9522 717.224 1
513.419 412.912 1
352.182 221.006 1
565.081 321.366 3
503.877 629.875 2
11.0633 735.521 4
486.076 359.676 4
624.249 654.565 2
167.468 585.693 3
57.0343 459.279 3
348.124 213.489 2
285.637 139.308 1
639.423 91.5658 4
510.188 39.0387 4
736.278 620.973 1
279.75 468.843 1
128.883 532.372 3
754.206 736.655 4
471.573 399.476 3
499.33 537.09 1
584.582 392.227 1
559.124 608.893 1
0.756465 77.122 3
418.136 77.7032 1
406.219 666.196 2
200.768 238.084 3
228.37 721.512 3
100.728 505.825 2
769.72 43.8277 4
569.37 558.129 1
624.663 363.978 1
741.501 110.751 1
82.0501 406.624 1
771.643 654.887 3
661.576 132.5 1
277.221 330.694 4
78.8615 209.456 1
416.753 440.864 1
657.915 250.792 1
457.73 670.214 4
261.099 671.67 1
429.92 725.791 4
521.843 512.316 1
756.864 252.045 1
631.908 362.087 4
329.062 486.785 2
737.272 124.401 1
176.966 479.079 1
504.211 99.5461 4
7.51737 11.0731 3
518.858 66.9472 3
233.133 122.145 1
68.6019 717.824 1
428.515 150.82 1
293.461 235.71 1
74.2045 515.744 1
130.942 670.569 3
143.873 420.004 4
525.731 385.783 3
690.796 698.879 1
104.379 533.058 2
249.773 331.686 1
210.203 264.55 2
383.693 708.146 3
95.4052 614.52 1
735.899 706.123 1
154.464 382.252 3
371.992 63.2929 1
403.763 369.59 3
1.08742 175.226 1
600.562 756.56 4
135.575 219.716 1
191.149 96.7665 1
306.534 338.967 3
494.371 645.653 1
159.953 753.473 3
177.752 284.549 1
505.529 581.911 3
138.601 325.361 3
727.719 733.356 1
158.267 58.234 4
558.571 620.656 2
579.381 440.948 3
603.804 465.983 3
40.9449 575.94 1
385.372 614.52 2
359.608 560.73 4
57.1853 139.507 3
768.76 180.994 4
703.56 183.041 4
374.096 741.005 2
224.176 691.466 4
325.426 630.726 4
49.8558 302.88 3
274.812 12.8363 3
231.951 426.112 3
407.924 757.245 3
682.131 572.266 2
591.057 760.943 2
548.177 23.5312 1
374.498 506.865 3
417.049 590.407 4
654.224 694.752 2
265.606 441.431 3
68.5388 274.181 2
664.909 493.759 2
292.587 192.814 1
157.329 337.383 1
19.8572 123.209 1
661.529 538.012 2
376.081 377.817 2
118.765 562.81 1
430.783 503.829 2
684.412 319.867 3
47.7728 485.816 1
322.963 307.007 2
182.089 428.878 1
711.834 25.6962 4
57.6568 468.971 4
183.537 736.405 2
413.671 484.195 4
218.949 297.598 1
219.203 745.317 3
703.323 579.982 3
269.577 216.288 3
62.7038 245.284 1
117.513 695.381 2
196.942 645.998 1
364.617 500.804 3
767.062 269.146 4
478.191 156.953 1
79.4918 678.654 1
615.069 33.5445 1
412.214 52.8915 3
289.227 62.4084 1
30.2586 619.238 1
399.26 765.755 1
195.43 83.7081 1
413.054 125.313 3
198.422 244.315 2
127.669 620.477 1
620.916 518.037 3
176.66 459.468 2
703.796 464.233 1
722.436 527.692 1
65.2332 605.442 1
415.559 187.367 2
305.683 646.825 1
75.2275 768.744 1
547.633 390.96 1
664.003 296.558 4
517.345 340.74 1
500.905 723.89 3
184.584 508.496 3
472.271 756.191 2
549.241 485.495 3
56.1912 397.31 1
188.265 121.791 3
415.519 240.92 1
548.391 67.9637 3
193.891 261.345 3
424.732 386.351 2
487.305 617.299 1
402.999 34.7974 4
458.623 72.6069 4
170.891 716.703 4
273.344 489.197 2
21.9848 274.62 1
590.823 741.644 1
33.8912 408.217 3
691.456 284.37 1
551.605 536.982 3
748.38 226.075 2
512.505 167.935 2
333.128 254.763 4
541.773 8.99286 4
668.854 631.895 2
8.69935 493.854 4
157.201 682.578 3
644.411 261.619 3
203.087 130.963 2
90.0213 231.408 2
479.363 744.041 1
136.14 595.716 1
743.723 390.052 1
54.3498 166.716 2
724.575 506.723 2
771.019 127.238 1
717.683 206.454 2
3.90052 315.47 1
279.488 690.19 2
734.244 565.16 1
216.824 478.734 1
526.642 683.75 2
772.656 369.85 1
451.522 534.476 3
262.855 661.6 3
614.204 172.19 2
8.10836 660.806 2
769.422 760.461 1
155.569 549.927 4
251.501 752.494 1
27.347 419.943 3
465.602 502.09 2
48.1774 687.802 3
27.3522 202.766 1
267.576 641.648 2
644.748 591.982 2
239.658 29.7957 1
669.733 217.754 2
109.995 294.275 2
548.555 229.942 1
130.549 762.172 1
475.462 607.9 2
47.3709 423.951 3
690.877 424.789 2
703.158 708.558 2
344.664 143.455 1
256.276 138.23 1
396.603 453.643 1
744.598 287.977 3
666.958 722.022 2
206.255 155.761 2
621.105 600.161 1
258.687 381.66 1
132.436 246.584 1
722.9 730.211 3
309.353 719.587 4
205.759 243.913 1
575.104 498.581 4
594.889 576.011 1
319.299 587.49 3
660.372 411.811 3
573.235 21.0254 3
575.386 623.209 1
587.537 486.701 3
645.668 24.9397 2
485.272 762.328 1
372.182 14.7043 3
101.26 440.617 1
306.888 700.307 3
623.611 157.865 1
10.6851 212.401 2
15.4603 77.8214 2
4.04236 107.418 2
204.175 610.43 3
412.888 59.2742 4
506.408 45.8848 1
223.995 393.386 2
739.445 555.633 3
772.026 2.10392 1
665.737 60.9526 3
201.245 617.725 1
22.1739 191.632 1
244.977 506.855 3
305.257 454.22 4
396.695 314.888 3
551.522 465.496 1
225.332 629.318 4
86.8778 60.5172 2
273.675 24.3487 1
128.505 575.575 2
670.547 458.901 1
144.225 541.852 4
737.199 168.04 1
534.316 249.823 1
150.803 229.918 1
745.638 582.644 1
770.159 193.168 3
343.222 684.894 2
87.591 709.172 1
12.1744 27.4317 1
206.137 58.6497 1
52.3917 399.258 3
112.997 81.5426 4
576.531 10.7185 4
1.86752 255.851 3
498.96 328.694 3
619.693 189.41 3
50.406 440.996 1
717.294 353.326 1
411.42 589.783 2
362.701 128.94 1
577.762 190.086 4
0.49643 643.799 2
564.504 649.922 1
337.053 97.0974 1
383.031 486.052 1
561.557 219.682 4
683.372 643.932 1
369.331 273.141 2
704.734 771.935 2
370.958 720.084 2
563.151 286.426 4
697.533 617.569 3
194.631 512.103 4
354.782 610.491 3
677.435 385.443 2
495.037 329.994 2
441.513 142.665 3
145.683 38.958 4
395.3 246.797 1
