Process Time: 126.30265593528748
cost_init,cost_final,confilct_init,conflict_final
20895.0 8229.400000000001 3442 1324
gapx, gapy = 5,0.2
minX, maxX = 60,180
minY, maxY = 16,72
98.43 45.45 4
99.68 32.42 1
176.65 51.88 4
99.98 42.58 4
122.32 37.78 4
105.87 37.45 4
84.18 31.53 2
73.8 42.75 4
93.37 43.68 3
106.6 35.05 2
92.3 31.38 3
95.38 45.87 4
98.03 27.73 4
75.43 40.65 2
102.8 42.05 2
83.57 45.07 4
90.05 38.88 1
78.32 40.3 1
120.53 41.48 3
99.27 34.67 4
101.7 35.23 4
157.85 67.1 4
74.37 40.75 4
149.85 61.22 4
82.72 34.5 3
134.97 57.83 4
159.53 61.58 4
83.75 42.22 2
131.57 55.03 3
85.85 33.58 3
85.03 29.73 2
88.52 44.25 3
124.1 40.98 4
97.02 34.3 2
82.55 35.43 3
106.87 39.22 2
81.57 29.12 2
123.88 46.15 4
83.32 33.95 4
82.23 39.21 4
84.42 33.65 3
84.3 33.88 3
84.52 33.78 4
74.57 39.45 3
173.3 53.5 4
85.44 32.67 4
69.8 44.32 2
88.32 41.77 1
122.75 45.25 4
117.08 39.5 4
97.7 30.3 1
81.55 28.08 3
86.5 39.38 3
117.82 44.83 4
119.05 35.43 1
68.82 44.8 2
158.12 21.53 4
160.3 22.05 2
93.67 32.5 1
74.28 40.28 2
156.78 71.3 4
143.63 70.13 3
96.0 36.75 1
91.15 30.53 4
85.23 42.3 1
116.87 40.62 4
121.45 39.13 4
96.75 40.32 1
80.72 32.48 3
116.95 33.93 2
80.33 40.75 4
81.12 37.78 4
71.28 42.47 4
122.53 48.8 4
94.93 47.5 1
97.68 30.2 1
71.18 44.58 3
161.8 60.78 3
151.52 66.92 4
70.92 42.58 2
116.62 35.28 2
116.68 34.27 2
145.73 64.0 3
101.48 32.39 4
101.45 32.3 3
108.53 45.8 4
86.75 33.57 4
118.6 37.6 3
100.75 46.77 3
90.15 38.57 2
79.09 40.27 4
109.78 38.03 4
71.58 41.17 3
88.93 40.48 2
120.7 39.28 3
81.22 37.3 4
114.72 33.62 2
89.95 35.97 1
116.22 43.57 2
89.67 29.55 3
71.03 42.37 3
86.43 36.97 1
111.15 45.78 3
89.6 41.16 2
78.63 41.8 1
94.13 46.4 3
73.13 41.17 3
82.4 36.48 2
105.12 39.9 2
105.67 45.67 3
99.65 41.43 1
124.47 42.08 4
96.8 44.3 4
97.43 25.9 4
81.38 31.15 3
69.93 43.88 3
110.7 37.5 2
118.37 34.2 1
113.77 42.53 3
91.12 40.78 3
73.15 44.47 1
122.33 48.5 3
118.95 43.6 4
112.5 45.95 2
114.52 37.62 1
92.4 33.52 1
117.35 33.3 4
116.47 32.62 3
103.32 34.38 3
148.95 63.38 3
124.95 43.38 4
80.55 28.47 2
70.5 41.78 2
134.22 56.0 4
147.08 60.38 2
137.05 58.33 1
145.0 60.33 3
89.25 37.78 1
68.02 46.87 1
117.28 33.13 4
104.27 32.33 4
97.43 32.78 1
121.88 45.68 1
106.47 42.92 4
120.57 37.38 2
81.88 30.22 4
113.1 37.7 3
91.7 41.88 3
89.09 38.51 4
87.25 32.9 2
103.08 42.83 3
114.22 44.52 4
99.32 43.8 1
88.28 40.03 3
148.48 67.5 3
95.48 37.67 1
80.03 32.9 2
81.6 38.37 1
80.93 35.22 3
78.45 38.13 1
97.67 28.37 2
69.97 41.67 2
85.2 35.03 4
76.2 37.5 2
87.65 41.9 4
87.75 41.78 2
87.9 41.98 1
121.85 39.78 4
117.63 33.97 1
149.83 62.88 3
84.43 39.1 4
144.07 65.83 4
92.95 31.22 2
80.23 39.28 3
87.42 36.62 3
103.15 36.45 4
81.48 41.57 4
99.2 35.35 1
116.82 47.77 2
97.22 37.75 3
162.72 55.2 4
96.37 30.58 1
104.72 38.82 1
84.93 32.52 2
97.35 41.45 2
82.88 40.0 3
88.45 33.65 3
83.07 40.08 2
118.47 48.88 3
122.05 37.98 1
71.5 43.2 2
97.65 39.55 1
85.95 43.07 4
145.5 60.5 4
105.68 34.1 3
97.5 27.77 3
108.63 37.3 2
99.22 28.45 1
100.0 40.87 4
89.58 37.23 1
133.25 55.8 4
124.23 41.78 2
86.52 30.78 3
83.1 29.62 3
85.08 35.95 4
106.95 36.02 4
103.6 43.77 4
112.37 48.6 2
95.55 30.07 4
116.78 34.87 3
102.55 36.02 1
96.83 32.97 3
97.03 32.9 1
96.85 32.85 2
96.87 32.68 4
96.97 32.73 2
73.48 41.37 4
78.2 42.97 3
87.6 40.2 1
79.33 36.57 3
76.5 36.13 2
110.88 32.17 4
84.2 39.9 1
81.05 29.18 4
88.72 41.93 1
88.87 39.83 2
112.08 33.68 1
100.92 29.37 4
112.58 39.33 2
104.87 39.75 3
93.65 41.53 1
83.02 42.42 3
95.88 46.82 4
98.87 48.1 4
75.5 35.25 3
102.8 46.78 4
158.52 59.05 2
112.55 45.25 3
84.52 33.92 4
85.45 31.32 2
109.6 31.45 4
105.38 42.75 2
75.47 39.13 3
113.15 46.67 4
78.9 41.18 2
90.7 42.4 4
143.92 62.73 3
112.93 40.2 1
86.52 30.65 2
92.18 46.83 3
107.75 37.15 4
166.53 53.88 3
89.4 36.02 2
99.85 32.43 1
106.92 39.65 1
141.15 64.77 4
91.48 44.87 4
117.88 34.9 3
86.53 30.48 3
82.77 27.6 4
115.68 32.82 4
92.8 33.22 3
118.03 34.08 4
106.4 31.8 4
117.73 33.67 3
135.37 59.62 3
136.35 58.2 4
76.18 36.27 4
115.43 45.82 2
86.0 41.72 3
101.88 37.0 4
79.85 38.88 4
115.78 40.83 3
95.17 29.62 4
103.1 44.15 1
76.9 42.17 3
91.82 47.9 3
114.85 39.28 4
96.2 38.33 4
92.55 31.33 2
104.83 39.57 1
97.8 36.38 1
119.52 47.32 3
80.18 42.08 4
94.75 43.4 4
123.22 44.12 4
91.78 28.47 2
124.28 41.33 4
115.97 39.5 4
111.0 41.33 3
87.53 38.05 4
122.28 47.92 3
117.65 47.62 3
74.28 40.87 1
94.42 43.65 4
111.73 33.47 4
154.47 62.85 4
96.8 46.9 2
108.23 36.75 2
78.88 35.0 3
96.07 46.3 1
83.67 41.02 4
134.03 57.45 4
149.83 65.93 1
111.67 35.13 3
83.75 42.97 1
77.18 38.72 2
85.0 32.33 4
78.93 35.13 4
104.77 38.68 3
71.6 42.57 2
94.18 42.55 1
75.73 44.05 3
76.62 37.13 3
110.35 31.6 2
121.32 36.0 4
80.13 26.13 4
122.58 47.08 1
81.87 26.58 4
121.77 36.68 2
93.2 31.05 4
85.72 31.28 2
98.4 34.65 4
85.2 41.0 4
166.47 24.45 3
79.87 41.38 1
105.5 39.57 1
87.5 36.67 3
105.08 40.58 1
97.72 31.15 1
85.97 37.9 3
94.92 39.37 3
92.13 37.75 3
81.87 26.65 4
96.77 39.05 4
94.37 35.33 4
81.57 31.88 1
117.97 33.87 4
134.9 58.25 2
86.09 33.97 2
99.77 36.3 2
82.27 29.68 3
149.48 68.48 4
90.43 40.93 1
108.78 35.52 1
94.87 29.27 4
100.72 37.93 4
87.42 41.62 4
113.17 33.55 3
105.53 44.35 4
106.62 48.22 2
104.8 47.13 2
73.62 43.35 3
88.58 33.45 4
115.17 43.0 4
112.38 33.42 4
97.18 47.95 3
90.07 29.18 3
108.53 39.12 1
85.52 42.88 3
93.52 47.22 1
116.13 45.92 4
107.9 35.17 1
97.83 31.07 4
104.63 40.43 4
110.15 39.0 4
79.95 36.08 2
90.98 33.48 3
82.35 34.85 4
96.07 33.07 1
90.08 33.5 1
86.15 40.65 4
72.05 41.33 3
104.8 31.83 1
145.45 62.15 3
106.93 38.55 3
135.73 58.42 2
77.72 39.7 4
135.43 59.23 4
119.6 46.57 4
110.72 38.37 4
82.53 43.83 4
97.67 26.23 3
109.83 46.43 3
77.42 40.37 3
93.15 36.27 2
72.65 41.73 1
98.43 40.6 2
89.33 31.47 1
118.33 33.92 4
152.08 61.98 2
99.27 38.85 4
122.12 37.65 4
149.0 63.83 4
112.0 46.6 4
81.38 35.75 3
93.75 28.22 3
94.4 28.13 1
111.97 41.12 4
99.83 39.38 2
122.95 45.53 4
155.07 19.72 4
99.05 35.0 2
103.2 32.68 1
106.1 32.85 4
151.5 59.63 3
80.38 25.48 3
99.17 29.35 3
157.93 21.35 2
135.45 58.1 3
123.97 46.97 4
93.1 34.48 4
82.82 35.9 3
79.82 37.95 3
84.68 44.37 2
67.78 46.13 4
90.65 29.57 3
95.35 29.97 4
95.28 29.65 2
82.55 38.37 2
86.77 34.65 4
98.22 44.38 1
70.28 41.67 2
112.07 43.52 4
154.92 59.75 4
115.57 32.83 1
117.12 32.57 4
115.57 36.53 3
86.27 39.73 4
92.12 29.73 4
90.13 46.53 2
73.1 40.78 3
76.47 42.48 1
83.32 37.6 2
84.47 42.27 1
90.08 32.32 4
88.92 35.6 3
110.73 43.6 3
81.68 30.23 2
77.62 34.82 3
72.0 42.8 2
98.68 46.92 1
79.25 42.15 4
89.03 42.62 2
92.17 38.6 4
94.88 38.82 3
78.83 40.32 1
90.65 35.83 3
94.5 37.17 3
106.93 47.33 4
99.77 30.5 1
156.43 20.9 3
133.95 56.97 1
85.55 42.23 4
114.27 48.3 4
158.28 21.75 4
87.85 41.07 2
99.0 40.73 4
72.27 42.9 2
88.92 30.42 4
98.58 29.38 1
151.25 60.57 4
99.08 29.98 2
131.7 55.35 4
81.75 24.55 4
81.68 24.57 3
159.67 22.38 2
97.68 31.08 3
156.65 58.68 4
113.95 35.27 4
97.82 27.5 3
92.55 40.1 4
83.98 35.82 4
152.5 57.75 4
162.63 66.87 4
91.25 43.87 4
85.07 33.01 4
103.52 38.05 4
117.78 34.1 3
71.43 43.57 1
92.0 30.2 3
93.22 30.12 3
120.35 42.18 2
81.95 28.03 1
93.93 40.62 1
156.95 20.8 4
118.22 34.73 4
76.3 40.13 3
108.73 42.82 1
84.6 42.77 4
105.68 41.32 3
106.77 32.3 4
105.15 35.65 4
115.17 36.08 4
79.4 40.28 4
100.78 29.37 4
89.17 31.67 1
71.12 42.72 4
98.42 34.57 4
149.03 61.63 3
72.3 43.63 4
102.17 45.93 1
119.95 36.33 4
80.4 37.87 2
117.02 46.38 3
109.45 47.05 3
85.0 38.05 1
100.97 37.05 2
97.15 46.1 4
159.35 21.98 4
103.7 39.18 4
96.75 40.85 3
94.52 45.13 2
92.38 35.22 1
121.82 37.7 1
91.1 29.7 2
111.85 41.78 4
84.07 37.08 3
94.72 32.38 4
67.88 46.95 3
106.28 35.88 3
118.4 33.93 1
85.67 38.23 3
118.92 40.1 4
101.82 33.65 1
94.75 31.23 1
112.38 33.53 3
79.2 37.33 2
82.52 27.85 3
90.66 40.52 4
83.65 32.7 3
89.33 43.13 4
112.32 42.17 4
111.18 47.5 2
113.37 42.3 3
118.92 37.63 2
96.67 39.15 1
86.25 44.27 1
87.67 44.13 3
93.92 44.22 3
150.65 65.0 2
82.52 40.82 1
75.68 35.92 3
117.27 33.88 3
104.02 30.37 4
85.18 30.84 3
89.0 37.75 4
87.95 46.88 2
70.62 41.4 2
77.98 39.4 1
121.57 39.1 4
93.33 43.15 4
74.85 44.93 2
121.3 38.57 3
88.28 39.48 4
156.83 20.97 2
86.37 32.38 3
81.42 30.4 3
95.78 34.88 4
98.23 26.18 4
142.92 61.43 4
121.4 38.67 3
90.47 31.18 3
100.58 40.22 4
155.62 62.97 2
74.6 40.02 3
118.4 45.5 3
122.87 42.37 4
98.58 37.3 1
166.27 60.37 4
80.63 28.1 3
90.0 35.05 2
89.87 35.35 3
87.63 45.12 2
120.52 37.28 3
116.02 36.62 4
88.57 32.55 4
80.43 25.65 4
80.28 25.82 3
146.33 59.43 4
102.18 31.95 3
105.87 46.43 4
113.03 38.72 3
75.07 39.37 4
87.9 42.95 2
152.27 63.9 2
98.07 32.78 1
93.22 44.88 4
101.35 48.42 4
101.28 48.27 2
117.15 32.87 2
89.05 28.78 2
114.08 46.92 4
98.03 43.77 1
109.75 38.77 4
88.25 30.68 4
88.07 30.63 1
100.43 45.53 2
120.95 37.63 2
122.05 37.42 4
118.15 35.05 2
90.52 41.45 1
157.1 21.15 4
112.32 44.57 1
92.05 32.52 2
122.53 41.73 4
85.51 35.15 1
121.85 36.58 4
86.4 32.3 3
74.8 41.7 4
72.57 44.2 4
107.88 38.5 4
83.2 30.97 1
79.92 39.65 4
106.05 34.98 3
74.42 40.8 4
119.32 47.2 3
89.67 44.78 3
122.32 41.32 4
88.86 38.32 4
118.07 34.23 2
115.87 43.05 2
71.3 44.27 3
76.57 40.43 3
115.8 47.47 4
101.05 42.05 1
85.38 40.23 1
87.62 34.75 1
86.25 43.17 1
95.36 35.66 1
78.93 33.68 3
70.07 41.25 3
81.8 26.13 3
80.68 28.62 2
71.52 42.78 3
86.68 36.12 2
91.25 31.62 2
114.62 34.77 3
88.53 44.22 4
115.03 36.23 3
149.08 64.55 3
77.05 35.08 2
72.67 41.22 3
91.88 30.03 2
77.43 34.7 3
73.78 40.65 2
73.9 40.77 3
74.17 40.7 4
74.1 41.5 1
124.05 44.63 4
72.33 45.55 4
76.5 37.13 3
78.95 43.1 4
169.42 53.58 3
165.43 64.5 3
97.43 41.98 4
76.28 36.93 2
76.2 36.9 3
124.25 43.42 1
117.2 32.7 4
96.02 41.37 3
100.68 41.13 1
106.4 32.9 1
141.93 62.97 3
117.23 34.1 3
71.18 42.18 2
71.42 41.6 3
78.72 33.82 3
75.02 40.08 3
98.68 42.47 4
122.68 48.25 4
122.22 37.73 1
75.13 38.55 3
95.92 41.12 4
75.4 44.68 1
97.6 35.4 1
94.9 38.85 2
149.88 70.5 4
122.9 46.97 4
95.9 41.3 3
119.53 48.42 2
75.12 42.87 1
117.02 44.02 4
117.62 34.05 2
98.95 41.62 4
81.33 28.55 1
88.57 44.0 1
70.52 41.65 3
92.45 41.1 4
87.17 37.75 4
116.17 42.58 1
119.2 34.2 1
88.77 37.07 4
111.45 36.93 4
94.62 34.68 1
96.25 28.72 2
116.5 33.83 2
118.13 35.05 2
149.08 61.6 4
122.12 37.47 4
85.68 30.2 3
95.45 33.63 4
95.07 46.9 2
81.43 39.35 4
119.12 46.27 4
120.63 35.67 2
80.6 28.23 2
76.4 38.28 3
145.5 63.03 4
111.33 34.23 3
70.82 43.08 3
84.8 45.57 3
118.85 45.68 3
87.2 30.47 3
89.68 40.67 3
94.32 46.6 3
132.97 56.82 4
75.25 39.88 3
101.6 44.05 2
78.13 41.47 2
76.17 39.47 2
112.02 33.43 4
100.28 44.38 1
82.52 37.48 4
91.93 34.17 4
80.22 40.5 4
73.18 42.26 1
101.71 34.17 4
73.47 44.65 4
112.6 42.92 3
162.92 69.82 4
119.12 34.12 4
97.1 36.73 3
83.42 42.67 3
79.02 35.17 4
90.47 36.77 4
134.65 56.25 4
123.5 48.12 1
94.02 30.58 1
166.87 65.25 4
158.62 56.95 4
70.32 43.65 3
122.6 45.6 4
73.88 41.63 4
112.43 34.65 4
68.05 46.68 4
71.43 41.73 1
111.72 40.22 3
148.33 70.25 4
154.3 60.2 4
121.12 34.95 4
121.28 35.67 2
104.52 38.28 4
153.25 62.17 4
77.3 38.5 3
124.55 47.95 4
91.2 39.93 1
71.25 41.36 2
78.78 35.87 4
98.28 29.53 3
104.5 36.74 4
107.2 41.8 1
75.97 40.38 3
122.25 40.15 3
122.3 40.5 4
103.32 45.16 3
121.15 44.27 3
95.08 44.55 4
102.05 33.6 4
119.78 39.5 3
122.22 47.5 4
91.72 45.48 4
94.55 38.85 2
77.33 37.5 2
82.93 39.82 4
107.8 39.53 4
117.45 33.95 1
108.45 43.05 2
79.97 37.32 1
83.6 32.63 2
92.5 43.92 4
77.67 43.12 1
109.07 41.6 3
89.1 42.2 2
69.12 44.07 2
97.03 28.08 4
77.88 35.85 2
85.17 34.35 1
123.37 43.23 3
70.88 44.88 4
82.6 27.97 4
98.82 38.87 1
73.95 43.53 4
91.98 28.3 3
70.93 42.15 3
121.6 38.7 2
109.68 32.82 4
84.08 43.53 3
93.05 44.93 1
82.68 27.92 4
88.96 38.63 2
123.0 44.92 4
97.65 38.8 4
75.5 38.33 3
113.9 45.18 4
100.5 31.37 1
122.25 37.52 4
117.62 33.42 4
116.97 32.82 4
122.38 37.62 1
121.92 37.37 3
121.82 37.33 3
120.65 35.23 4
117.58 33.38 4
160.5 55.33 3
118.73 34.75 1
102.42 30.17 4
81.25 28.78 1
117.88 33.67 3
119.83 34.43 1
106.08 35.62 4
122.82 38.52 1
74.2 44.38 4
82.55 27.4 4
84.37 46.47 2
81.2 32.13 3
87.4 46.35 3
73.93 42.85 1
89.85 38.55 3
103.6 41.87 4
111.92 33.62 2
122.3 47.45 1
122.3 47.53 1
82.83 42.62 1
86.99 32.34 4
85.92 45.92 3
149.75 60.18 4
123.37 42.62 4
77.97 35.33 2
80.47 33.97 2
124.07 40.03 4
123.15 47.25 4
174.13 53.2 3
106.97 44.77 1
96.67 33.72 2
166.03 66.27 4
110.0 34.27 2
93.75 32.52 1
104.18 47.72 3
102.98 41.1 4
108.17 32.63 3
96.38 42.4 3
122.47 41.78 3
77.43 39.73 1
154.2 56.88 3
135.53 59.75 4
151.2 61.97 4
89.82 30.35 1
86.5 36.0 2
146.67 62.03 2
106.9 34.07 1
111.58 42.65 3
79.39 35.24 1
81.96 34.92 4
95.15 43.17 4
93.72 40.25 4
117.53 47.63 2
89.67 39.85 4
93.38 37.23 2
94.07 45.55 2
72.02 44.42 4
95.53 40.28 1
90.37 38.75 4
170.22 57.15 4
121.33 47.28 4
77.83 40.85 1
78.85 38.27 3
106.82 40.48 4
98.18 32.22 4
89.67 41.74 1
97.09 36.16 4
121.25 37.9 2
117.1 35.33 1
120.95 40.63 3
76.12 43.12 1
122.58 47.27 4
147.3 61.9 3
150.1 62.3 2
152.1 65.17 4
105.57 36.42 1
89.33 39.53 1
97.42 31.15 1
87.3 39.45 4
74.05 40.85 3
94.0 33.45 4
121.15 45.62 1
116.17 33.63 4
115.37 47.6 4
97.38 35.42 2
80.8 28.52 4
90.83 47.58 3
122.8 46.48 1
117.08 38.07 3
112.2 40.17 4
95.62 39.07 1
118.33 33.8 4
85.58 44.73 4
121.93 38.27 1
74.82 40.28 2
104.33 37.25 3
122.4 45.55 4
107.27 33.23 2
103.6 35.18 4
95.9 36.2 4
88.77 34.27 3
87.62 33.23 4
117.83 33.7 4
116.15 34.28 2
114.48 42.48 1
95.4 32.37 3
85.58 30.07 3
123.2 39.13 4
152.13 69.37 4
160.8 63.88 4
75.38 43.15 2
146.35 61.13 3
146.25 61.13 3
83.28 30.78 3
100.55 42.87 4
118.48 34.22 1
97.92 36.33 1
89.17 38.99 3
120.95 35.2 4
109.52 40.45 2
119.4 36.32 4
78.98 36.95 4
90.27 43.93 3
86.93 40.42 4
80.12 26.68 3
111.12 44.68 4
156.12 20.0 4
159.85 70.62 4
168.08 66.03 4
118.28 46.1 2
75.48 37.85 1
90.93 36.13 4
95.35 48.93 2
77.46 38.95 4
77.04 38.85 3
92.4 42.55 1
76.02 44.0 4
97.15 44.92 4
89.62 44.92 1
82.4 31.25 3
120.2 47.4 2
114.05 41.22 4
72.72 42.17 4
72.63 40.85 3
72.53 42.2 4
122.65 48.35 1
73.72 41.07 4
106.4 32.63 4
80.2 37.46 3
93.55 38.73 4
87.02 30.72 1
148.72 60.78 4
97.43 37.65 4
98.5 33.98 2
116.25 41.33 2
75.73 41.33 4
111.67 33.3 3
76.92 41.25 2
103.63 48.18 3
81.4 41.63 4
150.05 61.75 4
75.15 40.2 3
75.6 39.67 3
77.92 34.27 3
72.68 41.93 4
117.8 40.9 4
110.73 35.02 4
80.23 36.13 2
105.87 40.0 4
105.58 48.1 4
71.38 44.0 4
71.87 42.27 1
95.58 43.65 4
132.37 56.48 4
84.05 39.83 1
83.4 44.45 4
120.53 46.57 4
97.38 42.92 3
110.42 44.55 2
80.67 41.27 4
83.53 42.23 2
116.08 37.58 4
115.0 33.1 3
114.62 32.65 2
114.4 32.85 3
81.9 39.95 3
