Process Time: 12.04912781715393
cost_init,cost_final,confilct_init,conflict_final
239.10000000000002 36.89999999999994 36 0
gapx, gapy = 5,0.2
minX, maxX = 60,180
minY, maxY = 16,72
176.65 51.88 4
83.57 45.07 4
78.32 40.3 2
85.85 33.58 4
82.23 39.21 4
84.42 33.65 3
81.97 33.37 4
93.67 32.5 4
74.28 40.28 4
121.45 39.13 4
116.95 33.93 3
116.68 34.27 3
120.7 39.28 3
71.03 42.37 4
78.63 41.8 4
94.13 46.4 3
81.38 31.15 3
89.22 37.07 4
120.57 37.38 3
87.25 32.9 4
117.63 33.97 1
162.72 55.2 4
116.78 34.87 3
148.47 70.2 4
98.87 48.1 4
158.52 59.05 4
79.85 38.88 4
124.28 41.33 4
147.87 64.82 4
96.07 46.3 4
149.83 65.93 4
87.5 36.67 4
105.02 40.45 4
112.38 33.42 4
79.95 36.08 2
145.45 62.15 4
72.65 41.73 4
109.77 48.55 4
122.95 45.53 4
82.82 35.9 4
86.77 34.65 4
73.1 40.78 3
110.73 43.6 4
77.62 34.82 4
92.17 38.6 4
88.92 30.42 4
98.58 29.38 4
151.25 60.57 4
93.22 30.12 4
93.93 40.62 4
80.4 37.87 4
153.23 70.92 4
118.05 33.78 4
85.67 38.23 4
79.2 37.33 3
82.52 27.85 4
118.92 37.63 3
75.68 35.92 4
81.42 30.4 4
155.62 62.97 4
88.75 32.33 3
80.28 25.82 4
100.43 45.53 4
83.2 30.97 4
85.38 40.23 2
73.98 40.77 4
124.05 44.63 4
76.2 36.9 4
106.4 32.9 4
75.13 38.55 4
111.33 34.23 3
89.68 40.67 3
132.97 56.82 4
75.25 39.88 4
112.43 34.65 4
150.65 66.82 4
148.33 70.25 3
107.2 41.8 4
122.3 40.5 4
119.78 39.5 4
77.33 37.5 2
92.5 43.92 4
69.12 44.07 4
85.17 34.35 4
88.96 38.63 3
122.25 37.52 4
120.65 35.23 4
118.73 34.75 4
149.75 60.18 4
77.97 35.33 4
96.38 42.4 4
121.25 37.9 4
76.12 43.12 4
87.3 39.45 4
118.48 34.22 1
80.65 40.18 4
73.72 41.07 3
80.2 37.46 4
76.92 41.25 4
72.88 42.88 4
