Process Time: 148.89819025993347
cost_init,cost_final,confilct_init,conflict_final
5432.3 1041.4000000000005 884 148
gapx, gapy = 5,0.2
minX, maxX = 60,180
minY, maxY = 16,72
99.68 32.42 2
176.65 51.88 4
99.98 42.58 1
105.35 39.52 2
106.6 35.05 4
98.03 27.73 4
102.8 42.05 4
82.52 31.53 3
78.32 40.3 1
120.53 41.48 1
101.7 35.23 3
157.85 67.1 4
149.85 61.22 4
82.72 34.5 4
76.87 38.82 4
159.53 61.58 4
85.85 33.58 3
88.52 44.25 4
124.1 40.98 4
82.55 35.43 2
106.87 39.22 3
83.32 33.95 3
85.44 32.67 3
81.97 33.37 3
88.32 41.77 4
117.08 39.5 4
158.12 21.53 4
93.67 32.5 3
96.0 36.75 4
91.15 30.53 4
116.87 40.62 4
121.45 39.13 4
80.33 40.75 4
71.28 42.47 4
94.93 47.5 1
86.43 42.13 2
161.8 60.78 4
70.92 42.58 2
116.62 35.28 2
116.68 34.27 2
101.45 32.3 4
86.75 33.57 4
100.75 46.77 4
88.93 40.48 4
89.95 35.97 4
116.22 43.57 4
71.03 42.37 2
122.77 47.48 1
82.4 36.48 4
105.67 45.67 4
97.43 25.9 4
98.96 31.79 2
81.38 31.15 3
91.12 40.78 2
118.95 43.6 2
89.22 37.07 4
92.4 33.52 4
116.47 32.62 1
81.43 40.92 2
80.55 28.47 3
147.08 60.38 3
137.05 58.33 2
68.02 46.87 4
117.28 33.13 4
97.43 32.78 1
120.57 37.38 2
81.88 30.22 3
88.28 40.03 2
81.6 38.37 2
80.93 35.22 4
78.45 38.13 4
76.88 34.9 2
76.2 37.5 2
87.65 41.9 2
87.62 41.87 2
87.75 41.78 3
87.9 41.98 4
121.85 39.78 4
117.63 33.97 3
84.47 46.25 4
149.83 62.88 3
84.43 39.1 1
80.23 39.28 2
103.15 36.45 4
81.48 41.57 4
99.2 35.35 2
97.22 37.75 3
92.22 38.82 4
97.35 41.45 4
82.88 40.0 4
88.45 33.65 2
83.07 40.08 1
122.05 37.98 4
71.5 43.2 3
97.65 39.55 3
108.63 37.3 2
100.0 40.87 4
107.53 40.5 1
86.52 30.78 1
85.08 35.95 2
106.95 36.02 4
103.6 43.77 4
96.83 32.97 3
97.03 32.9 4
96.97 32.73 2
78.2 42.97 2
79.33 36.57 3
81.05 29.18 4
148.47 70.2 4
100.92 29.37 4
112.58 39.33 3
107.7 32.25 1
104.87 39.75 2
93.65 41.53 1
83.02 42.42 2
95.88 46.82 1
98.87 48.1 4
112.55 45.25 3
84.52 33.92 1
99.97 37.77 4
88.25 41.92 4
143.92 62.73 2
92.18 46.83 3
107.75 37.15 4
166.53 53.88 4
89.4 36.02 4
106.92 39.65 1
117.88 34.9 4
82.77 27.6 4
115.68 32.82 4
106.4 31.8 4
117.73 33.67 3
135.37 59.62 3
136.35 58.2 4
76.18 36.27 3
115.43 45.82 4
79.85 38.88 1
91.82 47.9 3
114.85 39.28 4
92.55 31.33 4
111.0 41.33 1
87.53 38.05 4
111.73 33.47 1
118.7 39.42 2
95.58 40.07 2
154.47 62.85 4
73.43 40.73 2
108.23 36.75 3
83.67 41.02 4
111.67 35.13 4
83.75 42.97 4
79.72 34.18 3
77.18 38.72 2
85.0 32.33 4
104.77 38.68 4
75.73 44.05 3
76.62 37.13 2
122.58 47.08 3
85.72 31.28 4
97.35 32.82 1
145.27 66.57 4
79.87 41.38 3
105.5 39.57 4
87.5 36.67 2
105.02 40.45 4
92.13 37.75 4
81.87 26.65 4
117.97 33.87 1
108.78 35.52 1
171.73 63.77 4
87.42 41.62 2
117.38 34.58 2
90.07 29.18 3
85.52 42.88 4
93.52 47.22 1
107.9 35.17 2
97.83 31.07 4
104.63 40.43 3
88.13 44.48 1
110.15 39.0 4
90.98 33.48 3
82.35 34.85 4
96.07 33.07 2
75.4 43.23 2
86.15 40.65 4
145.45 62.15 4
77.72 39.7 4
135.43 59.23 4
88.5 47.17 3
110.72 38.37 4
82.53 43.83 4
109.83 46.43 3
77.42 40.37 2
72.65 41.73 2
98.43 40.6 3
89.33 31.47 2
109.77 48.55 4
99.27 38.85 4
122.12 37.65 4
149.0 63.83 4
92.85 47.38 3
81.38 35.75 2
111.97 41.12 3
99.83 39.38 3
155.07 19.72 4
151.5 59.63 4
135.45 58.1 3
123.97 46.97 4
82.82 35.9 4
84.68 44.37 3
95.35 29.97 4
95.28 29.65 4
81.15 32.02 3
86.68 30.43 2
97.87 38.07 4
70.28 41.67 3
154.92 59.75 2
115.57 32.83 3
117.12 32.57 4
86.27 39.73 4
92.12 29.73 2
93.38 48.57 4
83.32 37.6 2
88.92 35.6 3
81.68 30.23 2
77.62 34.82 3
89.03 42.62 3
92.17 38.6 4
78.83 40.32 1
94.5 37.17 4
106.93 47.33 4
156.43 20.9 3
133.95 56.97 2
114.27 48.3 4
87.85 41.07 2
99.0 40.73 4
72.27 42.9 1
88.92 30.42 3
151.25 60.57 4
131.7 55.35 4
97.68 31.08 3
97.82 27.5 3
77.63 35.32 3
83.98 35.82 4
118.0 45.28 2
85.07 33.01 4
120.0 38.9 4
120.35 42.18 3
74.35 40.03 3
102.6 38.12 2
156.95 20.8 4
76.3 40.13 4
76.37 37.08 3
84.6 42.77 2
105.68 41.32 4
99.47 27.53 4
106.77 32.3 3
115.17 36.08 4
71.12 42.72 4
106.3 39.25 2
72.3 43.63 4
102.17 45.93 4
117.02 46.38 3
85.0 38.05 4
97.15 46.1 4
96.75 40.85 3
94.52 45.13 2
92.38 35.22 3
121.82 37.7 4
91.1 29.7 3
67.88 46.95 3
118.05 33.78 4
85.67 38.23 1
118.92 40.1 4
101.82 33.65 2
79.2 37.33 1
79.5 35.03 1
90.66 40.52 2
111.18 47.5 1
118.92 37.63 2
71.43 42.93 2
96.67 39.15 4
86.25 44.27 1
87.67 44.13 3
75.68 35.92 3
85.18 30.84 3
88.68 41.37 2
95.82 44.45 4
121.3 38.57 3
156.83 20.97 2
86.37 32.38 3
95.78 34.88 4
98.23 26.18 4
116.1 44.88 4
142.92 61.43 3
121.4 38.67 4
100.58 40.22 3
118.4 45.5 4
122.87 42.37 4
98.58 37.3 1
80.63 28.1 3
87.63 45.12 2
116.02 36.62 4
88.75 32.33 4
102.18 31.95 4
113.03 38.72 4
93.22 44.88 1
117.15 32.87 2
109.75 38.77 2
90.52 41.45 4
92.05 32.52 2
121.85 36.58 4
74.8 41.7 4
104.81 44.35 4
91.2 29.7 3
106.05 34.98 3
119.32 47.2 2
122.32 41.32 4
115.87 43.05 2
76.57 40.43 2
115.8 47.47 2
101.05 42.05 2
95.36 35.66 1
78.93 33.68 3
81.8 26.13 4
71.52 42.78 3
88.53 44.22 4
163.3 62.07 4
77.05 35.08 3
72.67 41.22 3
73.78 40.65 1
124.05 44.63 4
72.33 45.55 4
76.5 37.13 2
78.95 43.1 1
165.43 64.5 4
97.43 41.98 4
97.47 35.23 4
124.25 43.42 1
96.02 41.37 4
100.68 41.13 4
106.4 32.9 1
71.18 42.18 3
98.68 42.47 4
122.68 48.25 4
122.22 37.73 4
76.03 36.82 4
112.02 41.18 4
149.88 70.5 4
95.9 41.3 2
117.62 34.05 2
88.57 44.0 4
92.45 41.1 4
89.54 34.39 4
119.2 34.2 1
111.45 36.93 4
96.25 28.72 4
118.13 35.05 2
149.08 61.6 3
122.12 37.47 4
85.68 30.2 4
95.45 33.63 2
95.07 46.9 2
119.12 46.27 4
120.63 35.67 4
76.4 38.28 3
111.33 34.23 2
132.97 56.82 4
101.6 44.05 4
78.13 41.47 3
122.83 37.83 1
91.93 34.17 4
73.47 44.65 3
112.6 42.92 4
83.42 42.67 4
79.02 35.17 2
90.47 36.77 4
134.65 56.25 4
94.02 30.58 2
70.32 43.65 3
122.6 45.6 1
150.65 66.82 4
111.72 40.22 4
154.3 60.2 4
121.12 34.95 1
121.28 35.67 4
104.52 38.28 4
91.2 39.93 4
71.25 41.36 3
122.25 40.15 2
122.3 40.5 4
121.15 44.27 4
95.08 44.55 1
102.05 33.6 4
109.07 41.6 3
89.1 42.2 4
69.12 44.07 3
77.88 35.85 4
123.37 43.23 4
104.53 33.3 3
70.88 44.88 4
84.08 43.53 4
93.05 44.93 2
88.96 38.63 3
75.5 38.33 2
113.9 45.18 4
98.47 29.33 3
117.62 33.42 4
116.97 32.82 4
121.92 37.37 4
121.82 37.33 3
120.65 35.23 1
160.5 55.33 4
117.88 33.67 3
119.83 34.43 1
106.08 35.62 3
120.45 34.9 4
122.82 38.52 4
74.2 44.38 4
81.2 32.13 2
73.93 42.85 4
122.3 47.45 4
122.3 47.53 2
123.37 42.62 4
124.07 40.03 4
123.15 47.25 4
93.75 32.52 2
104.18 47.72 4
108.17 32.63 2
96.38 42.4 2
122.47 41.78 1
77.43 39.73 3
135.53 59.75 4
151.2 61.97 4
89.82 30.35 1
106.9 34.07 4
81.96 34.92 4
89.67 39.85 1
93.38 37.23 1
94.07 45.55 4
90.37 38.75 2
170.22 57.15 4
77.83 40.85 4
78.85 38.27 4
121.25 37.9 2
82.53 27.97 4
97.42 31.15 2
74.05 40.85 4
121.15 45.62 2
97.38 35.42 2
80.8 28.52 4
95.62 39.07 3
95.67 38.95 2
118.33 33.8 4
121.93 38.27 4
74.82 40.28 3
86.02 31.87 4
110.93 32.12 4
87.62 33.23 3
117.83 33.7 2
114.48 42.48 4
95.4 32.37 4
152.13 69.37 4
160.8 63.88 4
156.47 20.42 4
100.55 42.87 2
78.98 36.95 1
111.12 44.68 4
97.22 31.62 4
156.12 20.0 4
159.85 70.62 4
168.08 66.03 4
90.93 36.13 1
92.4 42.55 4
76.02 44.0 4
89.62 44.92 3
120.2 47.4 3
92.42 37.22 2
72.72 42.17 4
72.63 40.85 4
80.65 40.18 3
106.4 32.63 3
148.72 60.78 4
116.25 41.33 2
81.4 41.63 2
150.05 61.75 4
75.15 40.2 4
77.92 34.27 2
72.68 41.93 3
117.8 40.9 4
105.87 40.0 2
71.87 42.27 1
95.58 43.65 4
132.37 56.48 4
83.4 44.45 2
120.53 46.57 4
116.08 37.58 4
115.0 33.1 2
114.4 32.85 3
81.9 39.95 4
