Process Time: 63.32698392868042
cost_init,cost_final,confilct_init,conflict_final
4662.0 1099.4000000000005 756 158
gapx, gapy = 5,0.2
minX, maxX = 60,180
minY, maxY = 16,72
98.43 45.45 4
99.98 42.58 4
122.32 37.78 1
84.18 31.53 2
73.8 42.75 4
92.3 31.38 2
75.43 40.65 2
102.8 42.05 3
83.57 45.07 2
101.7 35.23 3
82.72 34.5 3
134.97 57.83 4
85.03 29.73 3
124.1 40.98 4
82.55 35.43 1
106.87 39.22 4
84.42 33.65 3
84.3 33.88 3
74.57 39.45 2
173.3 53.5 4
85.44 32.67 1
122.75 45.25 4
86.5 39.38 2
117.82 44.83 1
76.67 39.18 2
68.82 44.8 2
68.37 44.45 2
158.12 21.53 4
160.3 22.05 2
143.63 70.13 3
96.0 36.75 3
91.15 30.53 1
116.87 40.62 4
121.45 39.13 3
116.95 33.93 3
80.33 40.75 4
81.12 37.78 4
94.93 47.5 4
97.68 30.2 1
161.8 60.78 4
151.52 66.92 4
101.45 32.3 4
79.09 40.27 2
109.78 38.03 4
86.62 39.13 2
114.72 33.62 4
116.22 43.57 1
111.15 45.78 4
78.63 41.8 2
94.13 46.4 4
122.77 47.48 4
73.13 41.17 3
105.67 45.67 4
97.43 25.9 4
78.73 42.93 2
91.12 40.78 3
73.15 44.47 4
99.15 41.78 4
92.4 33.52 4
93.3 29.78 3
117.35 33.3 4
81.43 40.92 2
124.95 43.38 4
147.08 60.38 4
145.0 60.33 3
89.25 37.78 4
68.02 46.87 4
97.43 32.78 4
106.47 42.92 2
113.1 37.7 3
91.7 41.88 4
89.09 38.51 2
87.25 32.9 2
103.08 42.83 3
114.22 44.52 4
95.48 37.67 4
80.03 32.9 2
80.93 35.22 1
85.2 35.03 3
87.9 41.98 1
100.28 34.43 3
117.63 33.97 2
149.83 62.88 3
84.43 39.1 4
92.95 31.22 3
81.48 41.57 2
99.2 35.35 1
109.02 44.52 4
116.82 47.77 2
162.72 55.2 4
81.12 33.95 1
84.93 32.52 4
97.35 41.45 4
71.5 43.2 3
85.95 43.07 4
97.5 27.77 3
108.63 37.3 4
123.28 44.5 4
99.22 28.45 4
107.53 40.5 4
86.52 30.78 3
85.08 35.95 2
112.37 48.6 4
95.55 30.07 4
102.55 36.02 1
96.83 32.97 3
96.85 32.85 1
73.48 41.37 4
87.6 40.2 4
110.88 32.17 4
148.47 70.2 4
100.92 29.37 4
112.58 39.33 2
83.02 42.42 3
95.88 46.82 4
112.55 45.25 2
84.52 33.92 4
99.97 37.77 2
85.45 31.32 2
109.6 31.45 4
75.47 39.13 3
78.9 41.18 1
112.93 40.2 4
86.52 30.65 3
89.4 36.02 4
141.15 64.77 4
113.07 41.05 1
91.48 44.87 4
117.88 34.9 2
82.77 27.6 4
115.68 32.82 4
118.03 34.08 1
106.4 31.8 4
135.37 59.62 3
86.0 41.72 1
91.82 47.9 3
104.83 39.57 3
119.52 47.32 3
87.08 45.73 3
94.75 43.4 2
123.22 44.12 4
124.28 41.33 4
115.97 39.5 1
87.53 38.05 4
147.87 64.82 4
117.65 47.62 3
74.28 40.87 2
118.7 39.42 4
95.58 40.07 1
154.47 62.85 4
94.17 36.0 3
83.75 42.97 2
79.72 34.18 3
77.18 38.72 4
78.93 35.13 3
71.6 42.57 4
94.18 42.55 4
76.62 37.13 2
122.58 47.08 3
76.77 39.08 4
93.2 31.05 4
98.4 34.65 4
85.2 41.0 4
79.87 41.38 4
119.72 36.77 3
105.02 40.45 2
105.08 40.58 1
85.97 37.9 2
94.92 39.37 1
81.87 26.65 4
134.9 58.25 3
149.48 68.48 4
94.87 29.27 4
100.72 37.93 4
87.42 41.62 4
113.17 33.55 3
105.53 44.35 3
106.62 48.22 4
73.62 43.35 2
115.17 43.0 2
112.15 35.95 4
97.18 47.95 3
98.32 40.97 4
93.52 47.22 4
116.13 45.92 2
107.9 35.17 1
69.63 45.78 4
82.35 34.85 4
96.07 33.07 2
90.08 33.5 3
75.4 43.23 2
89.07 30.4 4
77.72 39.7 2
135.43 59.23 4
88.5 47.17 4
110.72 38.37 4
97.67 26.23 4
72.65 41.73 2
89.33 31.47 4
122.12 37.65 4
92.85 47.38 3
81.38 35.75 3
93.75 28.22 3
111.97 41.12 3
123.97 46.97 4
93.1 34.48 1
82.82 35.9 4
79.82 37.95 2
84.68 44.37 2
95.35 29.97 4
95.28 29.65 4
81.15 32.02 4
82.55 38.37 4
86.77 34.65 4
98.22 44.38 2
112.07 43.52 3
101.39 40.33 4
115.57 36.53 4
73.1 40.78 3
110.73 43.6 1
72.0 42.8 2
98.68 46.92 1
79.25 42.15 4
89.03 42.62 1
94.88 38.82 3
99.77 30.5 1
134.58 58.37 2
133.95 56.97 3
85.55 42.23 1
158.28 21.75 4
87.85 41.07 4
94.72 39.32 3
156.05 19.75 4
99.0 40.73 4
72.27 42.9 1
88.92 30.42 4
98.58 29.38 3
99.08 29.98 2
131.7 55.35 3
159.67 22.38 2
97.68 31.08 4
113.95 35.27 1
97.82 27.5 4
77.63 35.32 2
92.55 40.1 3
121.73 42.15 4
85.07 33.01 3
71.43 43.57 2
92.0 30.2 3
118.22 34.73 4
76.3 40.13 3
108.73 42.82 3
84.6 42.77 4
99.47 27.53 1
115.17 36.08 2
71.12 42.72 3
102.17 45.93 4
80.4 37.87 3
100.97 37.05 4
159.35 21.98 4
96.75 40.85 3
84.07 37.08 4
118.15 33.82 1
94.72 32.38 4
106.28 35.88 4
85.67 38.23 2
118.92 40.1 4
94.75 31.23 1
79.2 37.33 1
83.65 32.7 3
89.33 43.13 2
112.32 42.17 4
111.18 47.5 2
118.92 37.63 3
71.43 42.93 3
96.67 39.15 1
86.25 44.27 3
93.92 44.22 3
82.52 40.82 1
117.27 33.88 3
85.18 30.84 2
87.95 46.88 4
88.68 41.37 4
121.57 39.1 4
93.33 43.15 1
74.85 44.93 3
121.3 38.57 3
81.42 30.4 2
116.1 44.88 2
142.92 61.43 4
100.58 40.22 3
80.8 33.92 4
122.87 42.37 4
98.58 37.3 4
80.63 28.1 2
89.87 35.35 4
87.63 45.12 4
120.52 37.28 3
88.75 32.33 4
80.28 25.92 3
80.43 25.65 4
80.28 25.82 3
146.33 59.43 4
105.87 46.43 4
113.03 38.72 3
75.07 39.37 3
87.9 42.95 3
93.22 44.88 1
89.05 28.78 4
88.25 30.68 4
100.43 45.53 2
120.95 37.63 3
118.15 35.05 1
157.1 21.15 4
112.32 44.57 1
92.05 32.52 1
122.53 41.73 4
85.51 35.15 4
86.4 32.3 3
72.57 44.2 2
104.81 44.35 3
79.92 39.65 3
76.57 40.43 3
115.8 47.47 4
85.38 40.23 3
95.36 35.66 1
70.07 41.25 2
122.28 38.22 4
81.8 26.13 4
80.68 28.62 3
86.68 36.12 3
114.62 34.77 3
74.1 41.5 2
124.05 44.63 1
72.33 45.55 4
76.5 37.13 2
78.95 43.1 3
169.42 53.58 3
165.43 64.5 4
97.47 35.23 4
96.02 41.37 3
78.72 33.82 3
122.22 37.73 2
95.92 41.12 4
112.02 41.18 2
75.4 44.68 3
97.6 35.4 2
149.88 70.5 4
122.9 46.97 4
75.12 42.87 4
117.02 44.02 4
116.17 42.58 4
89.54 34.39 4
111.45 36.93 3
94.62 34.68 2
118.13 35.05 1
122.12 37.47 1
85.68 30.2 4
95.45 33.63 2
119.12 46.27 4
76.4 38.28 2
145.5 63.03 2
111.33 34.23 1
89.68 40.67 4
101.6 44.05 4
78.13 41.47 3
76.17 39.47 1
112.02 33.43 2
91.93 34.17 4
80.22 40.5 4
73.18 42.26 3
112.6 42.92 4
162.92 69.82 4
90.47 36.77 3
134.65 56.25 4
166.87 65.25 4
158.62 56.95 4
122.6 45.6 3
73.88 41.63 1
150.65 66.82 3
154.3 60.2 4
124.22 39.58 4
121.28 35.67 4
104.52 38.28 4
91.2 39.93 4
71.25 41.36 3
103.07 44.05 4
122.25 40.15 2
122.3 40.5 4
121.15 44.27 3
102.05 33.6 2
122.22 47.5 1
89.45 45.63 1
94.55 38.85 2
107.8 39.53 4
79.97 37.32 4
83.6 32.63 3
92.5 43.92 4
77.67 43.12 1
69.12 44.07 4
97.03 28.08 4
77.88 35.85 2
85.17 34.35 2
110.63 40.5 1
82.6 27.97 3
98.82 38.87 1
121.6 38.7 4
109.68 32.82 4
113.6 37.08 4
82.68 27.92 4
106.05 38.53 3
97.65 38.8 4
121.6 36.67 4
111.97 40.78 2
117.62 33.42 1
121.82 37.33 4
120.4 34.03 1
118.73 34.75 1
102.42 30.17 4
81.25 28.78 4
119.83 34.43 3
106.08 35.62 4
118.45 34.02 4
122.82 38.52 4
74.2 44.38 4
84.37 46.47 3
87.4 46.35 4
73.93 42.85 4
89.85 38.55 4
122.3 47.45 4
85.92 45.92 2
123.37 42.62 4
124.07 40.03 4
110.0 34.27 3
104.18 47.72 3
122.47 41.78 3
135.35 57.07 4
135.53 59.75 4
151.2 61.97 4
106.9 34.07 4
79.39 35.24 4
93.72 40.25 2
117.53 47.63 2
94.13 36.18 2
93.38 37.23 4
90.63 38.65 1
94.07 45.55 3
95.53 40.28 1
170.22 57.15 4
106.82 40.48 4
89.67 41.74 2
121.25 37.9 3
114.3 43.5 4
147.3 61.9 3
84.37 30.38 3
152.1 65.17 4
105.57 36.42 2
89.33 39.53 4
74.05 40.85 4
83.8 41.6 4
117.08 38.07 1
112.2 40.17 3
85.58 44.73 4
121.93 38.27 3
95.9 36.2 4
114.48 42.48 3
152.13 69.37 4
160.8 63.88 4
156.47 20.42 4
83.28 30.78 2
91.77 38.13 1
96.92 28.85 4
78.98 36.95 4
90.27 43.93 3
80.12 26.68 3
159.85 70.62 4
92.4 42.55 4
76.02 44.0 4
89.62 44.92 2
82.4 31.25 4
80.65 40.18 4
122.65 48.35 4
98.5 33.98 1
76.92 41.25 2
81.4 41.63 4
75.15 40.2 4
72.68 41.93 3
103.2 31.78 3
117.8 40.9 4
110.73 35.02 3
107.97 43.97 3
95.58 43.65 4
84.05 39.83 4
139.67 59.52 4
97.38 42.92 2
110.42 44.55 2
83.53 42.23 1
115.0 33.1 2
114.4 32.85 2
81.9 39.95 4
