Process Time: 179.2826497554779
cost_init,cost_final,confilct_init,conflict_final
7193.0 2017.1000000000008 1174 306
gapx, gapy = 5,0.2
minX, maxX = 60,180
minY, maxY = 16,72
99.68 32.42 2
99.98 42.58 4
73.8 42.75 4
93.37 43.68 4
92.3 31.38 4
98.03 27.73 4
75.43 40.65 4
78.32 40.3 4
99.27 34.67 4
101.7 35.23 3
74.37 40.75 4
149.85 61.22 2
134.97 57.83 4
159.53 61.58 4
83.75 42.22 3
131.57 55.03 3
85.03 29.73 4
88.52 44.25 1
82.55 35.43 4
123.88 46.15 4
83.32 33.95 2
82.23 39.21 1
84.42 33.65 4
84.3 33.88 3
69.8 44.32 3
81.97 33.37 3
122.75 45.25 4
81.55 28.08 2
86.5 39.38 3
117.82 44.83 4
68.37 44.45 1
160.3 22.05 4
93.67 32.5 2
74.28 40.28 2
96.0 36.75 4
85.23 42.3 1
116.87 40.62 4
121.45 39.13 1
80.72 32.48 3
116.95 33.93 2
71.28 42.47 4
122.53 48.8 4
86.43 42.13 1
97.68 30.2 1
71.18 44.58 3
161.8 60.78 4
151.52 66.92 4
116.68 34.27 2
145.73 64.0 4
152.3 60.82 4
101.48 32.39 4
101.45 32.3 4
108.53 45.8 4
75.98 42.22 4
86.75 33.57 3
118.6 37.6 3
100.75 46.77 4
79.09 40.27 4
86.62 39.13 3
120.7 39.28 3
81.22 37.3 4
89.67 29.55 3
71.03 42.37 2
86.43 36.97 1
89.6 41.16 4
78.63 41.8 2
122.77 47.48 4
73.13 41.17 2
105.12 39.9 1
105.67 45.67 3
99.65 41.43 1
81.38 31.15 3
104.75 39.72 2
78.73 42.93 1
110.7 37.5 3
118.37 34.2 4
122.33 48.5 4
118.95 43.6 4
117.35 33.3 3
116.47 32.62 3
103.32 34.38 3
148.95 63.38 4
134.22 56.0 4
75.55 35.27 4
89.25 37.78 2
68.02 46.87 1
117.28 33.13 2
121.88 45.68 2
106.47 42.92 2
81.88 30.22 2
113.1 37.7 2
91.7 41.88 1
103.08 42.83 3
81.6 38.37 4
78.45 38.13 4
76.2 37.5 2
104.82 41.15 2
87.65 41.9 3
87.75 41.78 2
87.9 41.98 4
121.85 39.78 4
117.68 35.68 2
84.47 46.25 4
149.83 62.88 4
84.43 39.1 4
144.07 65.83 4
80.23 39.28 3
87.42 36.62 3
103.15 36.45 4
99.2 35.35 2
109.02 44.52 3
97.22 37.75 3
104.72 38.82 3
92.22 38.82 4
81.12 33.95 2
97.35 41.45 3
88.45 33.65 4
122.05 37.98 2
71.5 43.2 3
97.65 39.55 4
85.95 43.07 4
87.85 47.47 4
97.5 27.77 3
99.22 28.45 1
133.25 55.8 4
83.1 29.62 3
85.08 35.95 2
106.95 36.02 1
112.37 48.6 2
116.78 34.87 3
102.55 36.02 1
96.83 32.97 3
97.03 32.9 1
78.2 42.97 1
87.6 40.2 4
79.33 36.57 3
84.2 39.9 4
81.05 29.18 4
88.72 41.93 4
88.87 39.83 3
112.08 33.68 2
107.7 32.25 4
104.87 39.75 2
83.02 42.42 3
75.5 35.25 3
112.55 45.25 2
84.52 33.92 4
85.45 31.32 4
109.6 31.45 4
113.15 46.67 3
78.9 41.18 3
166.53 53.88 4
106.92 39.65 1
141.15 64.77 4
91.48 44.87 4
117.88 34.9 4
82.77 27.6 4
92.8 33.22 2
118.03 34.08 3
106.4 31.8 4
136.35 58.2 4
76.18 36.27 3
115.43 45.82 2
86.0 41.72 2
79.85 38.88 4
115.78 40.83 4
103.1 44.15 4
91.82 47.9 4
114.85 39.28 4
92.55 31.33 1
97.8 36.38 4
87.08 45.73 4
123.22 44.12 4
91.78 28.47 3
111.0 41.33 3
87.53 38.05 1
117.65 47.62 2
94.42 43.65 4
96.8 46.9 3
73.43 40.73 3
94.17 36.0 2
78.88 35.0 3
83.67 41.02 1
85.0 32.33 4
104.77 38.68 4
71.6 42.57 3
75.73 44.05 3
76.62 37.13 2
121.32 36.0 4
80.13 26.13 2
81.87 26.58 4
85.72 31.28 4
85.2 41.0 3
79.87 41.38 3
105.5 39.57 4
87.5 36.67 3
105.02 40.45 1
97.72 31.15 4
80.15 26.07 3
94.92 39.37 2
96.77 39.05 1
117.97 33.87 3
134.9 58.25 3
86.09 33.97 1
82.27 29.68 2
90.43 40.93 3
108.78 35.52 4
100.72 37.93 2
87.42 41.62 3
117.38 34.58 4
113.17 33.55 3
73.62 43.35 1
112.38 33.42 1
108.53 39.12 2
116.13 45.92 1
107.9 35.17 2
104.63 40.43 4
110.15 39.0 4
69.63 45.78 4
82.35 34.85 4
96.07 33.07 3
90.08 33.5 1
89.07 30.4 3
145.45 62.15 3
135.73 58.42 4
77.72 39.7 4
119.6 46.57 3
110.72 38.37 4
97.67 26.23 3
77.42 40.37 1
93.15 36.27 2
72.65 41.73 2
98.43 40.6 4
89.33 31.47 2
109.77 48.55 3
118.33 33.92 4
118.63 38.55 2
152.08 61.98 4
122.12 37.65 1
92.85 47.38 4
81.38 35.75 3
93.75 28.22 3
99.83 39.38 1
122.95 45.53 4
99.05 35.0 4
103.2 32.68 2
106.1 32.85 1
151.5 59.63 4
80.38 25.48 3
99.17 29.35 4
123.97 46.97 4
93.1 34.48 4
82.82 35.9 4
84.68 44.37 3
95.28 29.65 3
81.15 32.02 3
82.55 38.37 3
86.77 34.65 3
86.68 30.43 2
70.28 41.67 3
101.39 40.33 4
117.12 32.57 4
93.38 48.57 3
90.13 46.53 4
73.1 40.78 3
76.47 42.48 4
84.47 42.27 4
90.08 32.32 4
110.73 43.6 4
72.0 42.8 2
92.17 38.6 4
94.88 38.82 2
90.65 35.83 4
156.43 20.9 4
158.28 21.75 4
156.05 19.75 4
72.27 42.9 1
98.58 29.38 3
131.7 55.35 4
81.68 24.57 4
159.67 22.38 4
113.95 35.27 4
92.55 40.1 4
83.98 35.82 4
91.25 43.87 3
118.0 45.28 4
85.07 33.01 4
92.0 30.2 3
93.22 30.12 4
120.35 42.18 4
74.35 40.03 2
102.6 38.12 4
118.22 34.73 1
108.73 42.82 3
76.37 37.08 4
99.47 27.53 4
105.15 35.65 2
79.4 40.28 4
100.78 29.37 4
72.3 43.63 3
102.17 45.93 4
100.97 37.05 4
159.35 21.98 3
103.7 39.18 4
96.75 40.85 4
121.82 37.7 1
91.1 29.7 1
111.85 41.78 4
67.88 46.95 3
106.28 35.88 4
118.4 33.93 4
79.2 37.33 1
79.5 35.03 4
90.66 40.52 1
83.65 32.7 4
89.33 43.13 2
118.92 37.63 2
96.67 39.15 2
87.67 44.13 4
93.92 44.22 4
150.65 65.0 4
117.27 33.88 3
104.02 30.37 4
89.0 37.75 4
88.68 41.37 3
77.98 39.4 3
121.57 39.1 4
93.33 43.15 4
121.3 38.57 1
86.37 32.38 3
95.78 34.88 4
98.23 26.18 4
116.1 44.88 3
122.48 47.15 4
90.47 31.18 4
97.27 37.62 4
100.58 40.22 3
155.62 62.97 4
74.6 40.02 3
118.4 45.5 3
122.87 42.37 1
98.58 37.3 4
166.27 60.37 4
90.0 35.05 4
89.87 35.35 4
87.63 45.12 3
80.28 25.92 4
80.43 25.65 4
105.87 46.43 4
75.07 39.37 3
87.9 42.95 4
152.27 63.9 4
93.22 44.88 4
101.35 48.42 2
101.28 48.27 3
117.15 32.87 2
89.05 28.78 4
114.08 46.92 3
109.75 38.77 2
88.25 30.68 4
122.05 37.42 2
118.15 35.05 2
90.52 41.45 4
157.1 21.15 4
94.35 37.33 2
112.32 44.57 4
122.53 41.73 4
85.51 35.15 4
121.85 36.58 4
74.8 41.7 1
72.57 44.2 4
107.88 38.5 1
83.2 30.97 4
106.05 34.98 4
119.32 47.2 3
122.32 41.32 4
118.07 34.23 1
115.87 43.05 2
71.3 44.27 3
101.05 42.05 1
85.38 40.23 1
87.62 34.75 4
86.25 43.17 2
95.36 35.66 2
78.93 33.68 3
122.28 38.22 4
80.68 28.62 3
71.52 42.78 3
86.68 36.12 3
91.25 31.62 1
115.03 36.23 4
149.08 64.55 4
163.3 62.07 4
70.97 41.68 3
77.05 35.08 1
72.67 41.22 2
90.25 29.98 3
73.98 40.77 1
73.9 40.77 1
74.17 40.7 3
72.33 45.55 4
76.5 37.13 2
169.42 53.58 4
165.43 64.5 4
97.43 41.98 4
76.28 36.93 2
124.25 43.42 4
117.2 32.7 1
100.68 41.13 4
71.18 42.18 3
71.42 41.6 4
98.68 42.47 3
75.13 38.55 2
76.03 36.82 3
112.02 41.18 4
94.9 38.85 2
95.9 41.3 2
119.53 48.42 3
75.12 42.87 4
98.95 41.62 4
81.33 28.55 4
70.52 41.65 3
92.45 41.1 4
87.17 37.75 4
116.17 42.58 4
119.2 34.2 4
116.5 33.83 3
85.68 30.2 3
95.07 46.9 4
81.43 39.35 4
120.63 35.67 4
111.33 34.23 3
118.85 45.68 1
87.2 30.47 2
89.68 40.67 3
132.97 56.82 4
75.25 39.88 3
76.17 39.47 2
101.71 34.17 3
73.47 44.65 1
90.47 36.77 4
94.02 30.58 1
166.87 65.25 4
158.62 56.95 4
73.88 41.63 4
112.43 34.65 1
68.05 46.68 4
150.65 66.82 3
71.43 41.73 2
148.33 70.25 4
154.3 60.2 4
124.22 39.58 4
121.12 34.95 1
104.52 38.28 2
117.12 46.75 1
77.3 38.5 3
124.55 47.95 4
91.2 39.93 2
71.25 41.36 3
98.28 29.53 1
104.5 36.74 4
107.2 41.8 1
75.97 40.38 3
122.3 40.5 4
103.32 45.16 4
95.08 44.55 4
119.78 39.5 3
122.22 47.5 3
77.33 37.5 2
107.8 39.53 4
117.45 33.95 2
79.97 37.32 4
92.5 43.92 4
77.67 43.12 2
89.1 42.2 3
69.12 44.07 3
97.03 28.08 1
77.88 35.85 2
70.88 44.88 3
91.98 28.3 1
70.93 42.15 3
109.68 32.82 4
93.05 44.93 2
82.68 27.92 4
88.96 38.63 3
123.0 44.92 4
97.65 38.8 1
121.6 36.67 2
113.9 45.18 3
122.25 37.52 4
117.62 33.42 4
122.38 37.62 4
121.92 37.37 4
121.82 37.33 3
119.45 33.25 4
160.5 55.33 4
102.42 30.17 4
81.25 28.78 4
106.08 35.62 3
120.45 34.9 4
122.82 38.52 4
74.2 44.38 1
111.92 33.62 3
122.3 47.45 3
122.3 47.53 1
82.83 42.62 1
85.92 45.92 3
77.97 35.33 2
96.67 33.72 4
166.03 66.27 4
110.0 34.27 2
93.75 32.52 2
104.18 47.72 4
102.98 41.1 4
108.17 32.63 3
122.47 41.78 3
77.43 39.73 4
135.35 57.07 4
154.2 56.88 3
89.82 30.35 4
86.5 36.0 1
111.58 42.65 1
86.32 41.7 2
95.87 28.03 4
95.15 43.17 2
93.72 40.25 1
94.13 36.18 1
89.67 39.85 4
93.38 37.23 4
72.02 44.42 4
90.37 38.75 3
89.67 41.74 4
97.09 36.16 4
121.25 37.9 3
117.1 35.33 2
120.95 40.63 1
122.58 47.27 4
147.3 61.9 3
150.1 62.3 4
82.53 27.97 3
97.42 31.15 4
121.15 45.62 4
83.8 41.6 4
122.8 46.48 4
95.62 39.07 2
118.33 33.8 1
85.58 44.73 4
121.93 38.27 2
104.33 37.25 4
86.02 31.87 4
103.6 35.18 1
95.9 36.2 3
87.62 33.23 3
117.83 33.7 4
116.15 34.28 2
114.48 42.48 3
95.4 32.37 4
123.2 39.13 1
152.13 69.37 4
156.47 20.42 4
146.25 61.13 4
83.28 30.78 1
120.95 35.2 1
91.77 38.13 4
119.4 36.32 2
78.98 36.95 4
90.27 43.93 2
86.93 40.42 4
97.22 31.62 2
156.12 20.0 4
159.85 70.62 4
168.08 66.03 4
75.48 37.85 2
92.4 42.55 1
76.02 44.0 4
97.15 44.92 1
89.62 44.92 1
82.4 31.25 2
72.63 40.85 2
72.53 42.2 4
73.72 41.07 3
80.2 37.46 1
93.55 38.73 4
148.72 60.78 3
116.25 41.33 2
111.67 33.3 3
76.92 41.25 4
103.63 48.18 4
81.4 41.63 3
150.05 61.75 4
77.92 34.27 2
103.2 31.78 3
110.73 35.02 3
80.23 36.13 1
132.37 56.48 4
120.53 46.57 3
110.42 44.55 2
116.08 37.58 3
114.62 32.65 2
81.9 39.95 3
