Process Time: 245.10301733016968
cost_init,cost_final,confilct_init,conflict_final
12940.0 4217.4000000000015 2124 664
gapx, gapy = 5,0.2
minX, maxX = 60,180
minY, maxY = 16,72
176.65 51.88 4
105.35 39.52 3
103.22 40.17 4
122.32 37.78 1
105.87 37.45 4
84.18 31.53 3
73.8 42.75 4
93.37 43.68 1
106.6 35.05 4
92.3 31.38 4
95.38 45.87 3
98.03 27.73 4
75.43 40.65 1
102.8 42.05 1
82.52 31.53 3
83.57 45.07 3
90.05 38.88 2
120.53 41.48 4
99.27 34.67 4
101.7 35.23 3
157.85 67.1 4
74.37 40.75 4
149.85 61.22 2
76.87 38.82 3
159.53 61.58 4
83.75 42.22 3
131.57 55.03 4
85.03 29.73 2
88.52 44.25 4
124.1 40.98 2
82.55 35.43 4
106.87 39.22 4
81.57 29.12 4
83.32 33.95 2
84.42 33.65 3
84.3 33.88 3
84.52 33.78 1
74.57 39.45 2
173.3 53.5 4
69.8 44.32 3
81.97 33.37 3
97.7 30.3 1
81.55 28.08 3
86.5 39.38 2
68.82 44.8 2
68.37 44.45 2
158.12 21.53 4
74.28 40.28 3
156.78 71.3 4
143.63 70.13 3
91.15 30.53 1
85.23 42.3 3
116.87 40.62 4
96.75 40.32 2
80.72 32.48 2
116.95 33.93 3
81.12 37.78 4
71.28 42.47 2
122.53 48.8 4
86.43 42.13 4
71.18 44.58 3
70.92 42.58 3
116.62 35.28 4
116.68 34.27 3
145.73 64.0 4
101.48 32.39 4
101.45 32.3 4
75.98 42.22 2
118.6 37.6 3
90.15 38.57 4
109.78 38.03 4
88.93 40.48 4
86.62 39.13 2
81.22 37.3 1
114.72 33.62 2
89.95 35.97 4
116.22 43.57 4
89.67 29.55 4
71.03 42.37 3
111.15 45.78 4
89.6 41.16 2
78.63 41.8 1
122.77 47.48 1
73.13 41.17 1
82.4 36.48 2
105.12 39.9 4
105.67 45.67 3
99.65 41.43 4
96.8 44.3 2
97.43 25.9 4
98.96 31.79 2
81.38 31.15 3
69.93 43.88 3
110.7 37.5 2
118.37 34.2 1
113.77 42.53 3
91.12 40.78 4
73.15 44.47 4
122.33 48.5 3
118.95 43.6 2
99.15 41.78 3
112.5 45.95 2
89.22 37.07 4
92.4 33.52 1
93.3 29.78 3
117.35 33.3 3
81.43 40.92 4
148.95 63.38 4
124.95 43.38 1
80.55 28.47 3
70.5 41.78 2
134.22 56.0 4
75.55 35.27 2
137.05 58.33 4
89.25 37.78 3
117.28 33.13 4
104.27 32.33 2
97.43 32.78 4
121.88 45.68 2
106.47 42.92 2
120.57 37.38 4
81.88 30.22 3
113.1 37.7 3
89.09 38.51 3
87.25 32.9 3
103.08 42.83 3
99.32 43.8 4
95.48 37.67 2
81.6 38.37 3
80.93 35.22 4
78.45 38.13 4
69.97 41.67 3
85.2 35.03 2
104.82 41.15 3
121.85 39.78 4
100.28 34.43 3
117.68 35.68 1
117.63 33.97 2
84.47 46.25 2
149.83 62.88 1
144.07 65.83 4
87.42 36.62 2
103.15 36.45 2
81.48 41.57 4
99.2 35.35 2
109.02 44.52 4
116.82 47.77 2
96.37 30.58 1
104.72 38.82 3
92.22 38.82 4
81.12 33.95 2
97.35 41.45 3
82.88 40.0 2
88.45 33.65 3
118.47 48.88 3
122.05 37.98 2
71.5 43.2 2
85.95 43.07 1
87.85 47.47 4
145.5 60.5 3
97.5 27.77 3
108.63 37.3 2
123.28 44.5 3
99.22 28.45 4
100.0 40.87 4
86.52 30.78 2
83.1 29.62 4
85.08 35.95 3
103.6 43.77 3
95.55 30.07 1
102.55 36.02 4
96.83 32.97 2
97.03 32.9 1
96.85 32.85 3
96.87 32.68 2
96.97 32.73 4
78.2 42.97 1
87.6 40.2 4
79.33 36.57 4
76.5 36.13 1
110.88 32.17 1
84.2 39.9 1
88.72 41.93 1
148.47 70.2 4
88.87 39.83 4
100.92 29.37 1
104.87 39.75 2
83.02 42.42 1
95.88 46.82 3
98.87 48.1 2
75.5 35.25 2
102.8 46.78 3
158.52 59.05 4
112.55 45.25 2
84.52 33.92 4
99.97 37.77 4
105.38 42.75 4
113.15 46.67 4
90.7 42.4 3
143.92 62.73 4
112.93 40.2 4
86.52 30.65 2
92.18 46.83 4
107.75 37.15 4
166.53 53.88 4
89.4 36.02 4
141.15 64.77 4
113.07 41.05 4
91.48 44.87 4
82.77 27.6 4
115.68 32.82 4
92.8 33.22 3
135.37 59.62 3
136.35 58.2 4
76.18 36.27 2
115.43 45.82 3
101.88 37.0 3
115.78 40.83 4
95.17 29.62 4
103.1 44.15 1
91.82 47.9 2
96.2 38.33 3
92.55 31.33 4
104.83 39.57 3
97.8 36.38 2
119.52 47.32 3
87.08 45.73 3
94.75 43.4 4
123.22 44.12 4
91.78 28.47 2
124.28 41.33 4
115.97 39.5 1
111.0 41.33 2
122.28 47.92 3
74.28 40.87 1
94.42 43.65 3
95.58 40.07 1
154.47 62.85 4
96.8 46.9 2
73.43 40.73 3
94.17 36.0 3
96.07 46.3 3
83.67 41.02 4
134.03 57.45 4
149.83 65.93 4
83.75 42.97 2
77.18 38.72 1
85.0 32.33 4
78.93 35.13 3
104.77 38.68 1
94.18 42.55 4
75.73 44.05 1
76.62 37.13 4
110.35 31.6 4
121.32 36.0 1
80.13 26.13 1
122.58 47.08 4
81.87 26.58 4
85.72 31.28 4
98.4 34.65 3
85.2 41.0 2
145.27 66.57 4
105.5 39.57 4
119.72 36.77 3
87.5 36.67 4
105.08 40.58 1
80.15 26.07 3
94.92 39.37 1
96.77 39.05 2
94.37 35.33 3
81.57 31.88 1
117.97 33.87 4
134.9 58.25 2
99.77 36.3 4
82.27 29.68 3
149.48 68.48 4
90.43 40.93 1
94.87 29.27 3
171.73 63.77 4
100.72 37.93 3
87.42 41.62 1
117.38 34.58 2
113.17 33.55 3
105.53 44.35 3
106.62 48.22 2
104.8 47.13 2
87.82 42.08 4
88.58 33.45 4
115.17 43.0 3
101.7 39.37 1
112.15 35.95 4
97.18 47.95 4
98.32 40.97 1
108.53 39.12 1
85.52 42.88 4
93.52 47.22 1
116.13 45.92 2
107.9 35.17 2
111.37 47.48 3
110.15 39.0 4
79.95 36.08 3
90.98 33.48 1
82.35 34.85 4
90.08 33.5 2
75.4 43.23 1
86.15 40.65 3
72.05 41.33 4
104.8 31.83 4
89.07 30.4 4
145.45 62.15 1
135.73 58.42 1
119.6 46.57 1
110.72 38.37 4
82.53 43.83 2
97.67 26.23 3
109.83 46.43 3
77.42 40.37 2
93.15 36.27 3
72.65 41.73 1
98.43 40.6 4
89.33 31.47 2
118.63 38.55 2
99.27 38.85 1
122.12 37.65 4
112.0 46.6 2
81.38 35.75 4
93.75 28.22 2
94.4 28.13 3
111.97 41.12 3
99.83 39.38 2
122.95 45.53 4
99.05 35.0 4
106.1 32.85 4
99.17 29.35 4
135.45 58.1 3
93.1 34.48 2
79.82 37.95 1
95.28 29.65 4
81.15 32.02 3
82.55 38.37 3
86.77 34.65 2
86.68 30.43 2
98.22 44.38 1
97.87 38.07 4
70.28 41.67 3
112.07 43.52 3
154.92 59.75 4
101.39 40.33 1
93.38 48.57 4
83.32 37.6 2
84.47 42.27 3
90.08 32.32 1
88.92 35.6 4
110.73 43.6 3
72.0 42.8 4
89.03 42.62 4
92.17 38.6 4
94.88 38.82 4
78.83 40.32 2
106.93 47.33 4
99.77 30.5 4
134.58 58.37 3
133.95 56.97 3
114.27 48.3 2
156.05 19.75 3
88.92 30.42 3
98.58 29.38 4
151.25 60.57 2
99.08 29.98 4
131.7 55.35 4
81.75 24.55 4
81.68 24.57 3
97.68 31.08 4
113.95 35.27 3
77.63 35.32 1
92.55 40.1 3
121.73 42.15 4
162.63 66.87 4
91.25 43.87 3
118.0 45.28 4
85.07 33.01 4
103.52 38.05 4
117.78 34.1 4
92.0 30.2 2
93.22 30.12 4
120.0 38.9 1
120.35 42.18 3
81.95 28.03 2
102.6 38.12 2
93.93 40.62 2
156.95 20.8 4
118.22 34.73 4
108.73 42.82 3
76.37 37.08 2
84.6 42.77 1
105.68 41.32 4
99.47 27.53 4
106.77 32.3 3
115.17 36.08 1
79.4 40.28 3
100.78 29.37 1
89.17 31.67 2
71.12 42.72 2
98.42 34.57 1
72.3 43.63 4
102.17 45.93 3
119.95 36.33 2
80.4 37.87 3
117.02 46.38 3
109.45 47.05 3
85.0 38.05 4
97.15 46.1 1
103.7 39.18 3
94.52 45.13 4
110.43 45.7 2
111.85 41.78 4
84.07 37.08 4
90.18 43.2 3
153.23 70.92 4
118.15 33.82 4
118.4 33.93 1
85.67 38.23 4
118.92 40.1 4
112.38 33.53 4
79.2 37.33 2
82.52 27.85 3
90.66 40.52 4
83.65 32.7 2
112.32 42.17 4
111.18 47.5 2
113.37 42.3 3
118.92 37.63 2
71.43 42.93 2
86.25 44.27 2
87.67 44.13 3
93.92 44.22 4
150.65 65.0 4
82.52 40.82 1
117.27 33.88 4
104.02 30.37 4
89.0 37.75 3
87.95 46.88 3
88.68 41.37 2
70.62 41.4 3
77.98 39.4 3
121.57 39.1 4
93.33 43.15 1
121.3 38.57 1
88.28 39.48 4
86.37 32.38 2
81.42 30.4 2
95.78 34.88 3
98.23 26.18 4
116.1 44.88 3
122.48 47.15 4
97.27 37.62 3
100.58 40.22 3
80.8 33.92 3
155.62 62.97 1
74.6 40.02 3
122.87 42.37 4
98.58 37.3 1
166.27 60.37 4
90.0 35.05 4
89.87 35.35 4
120.52 37.28 3
88.75 32.33 3
88.57 32.55 3
80.28 25.92 4
80.28 25.82 4
146.33 59.43 4
105.87 46.43 4
113.03 38.72 4
152.27 63.9 4
93.22 44.88 3
101.35 48.42 4
101.28 48.27 3
117.15 32.87 2
109.75 38.77 3
88.25 30.68 4
88.07 30.63 3
100.43 45.53 3
120.95 37.63 2
118.15 35.05 3
90.52 41.45 4
94.35 37.33 3
112.32 44.57 4
92.05 32.52 4
122.53 41.73 4
85.51 35.15 3
74.8 41.7 4
72.57 44.2 3
107.88 38.5 4
91.2 29.7 1
79.92 39.65 3
106.05 34.98 4
74.42 40.8 4
119.32 47.2 3
89.67 44.78 4
88.86 38.32 2
118.07 34.23 2
115.87 43.05 2
71.3 44.27 1
76.57 40.43 4
115.8 47.47 1
101.05 42.05 3
85.38 40.23 2
87.62 34.75 3
78.93 33.68 3
70.07 41.25 2
80.68 28.62 4
91.25 31.62 4
114.62 34.77 3
115.03 36.23 3
149.08 64.55 4
163.3 62.07 4
70.97 41.68 2
72.67 41.22 1
91.88 30.03 4
72.08 41.3 4
90.25 29.98 3
77.43 34.7 3
73.98 40.77 3
73.9 40.77 3
74.1 41.5 1
124.05 44.63 4
72.33 45.55 4
76.5 37.13 4
169.42 53.58 3
97.43 41.98 1
76.28 36.93 4
76.2 36.9 4
97.47 35.23 4
117.2 32.7 4
106.4 32.9 2
117.23 34.1 2
71.18 42.18 4
71.42 41.6 3
75.02 40.08 2
122.68 48.25 3
122.22 37.73 1
75.13 38.55 3
76.03 36.82 3
112.02 41.18 4
97.6 35.4 1
149.88 70.5 4
117.02 44.02 4
88.57 44.0 1
92.45 41.1 4
116.17 42.58 4
89.54 34.39 4
119.2 34.2 1
88.77 37.07 4
111.45 36.93 3
94.62 34.68 3
96.25 28.72 4
116.5 33.83 2
149.08 61.6 2
122.12 37.47 1
85.68 30.2 4
81.43 39.35 4
119.12 46.27 4
76.4 38.28 3
145.5 63.03 3
70.82 43.08 3
87.2 30.47 2
75.25 39.88 4
78.13 41.47 4
76.17 39.47 1
112.02 33.43 3
100.28 44.38 1
82.52 37.48 4
91.93 34.17 4
80.22 40.5 1
73.18 42.26 1
73.47 44.65 1
162.92 69.82 4
119.12 34.12 4
83.42 42.67 2
79.02 35.17 3
134.65 56.25 4
123.5 48.12 1
94.02 30.58 1
166.87 65.25 4
158.62 56.95 4
70.32 43.65 3
122.6 45.6 1
112.43 34.65 4
68.05 46.68 4
150.65 66.82 4
71.43 41.73 1
111.72 40.22 2
154.3 60.2 2
124.22 39.58 4
121.28 35.67 4
104.52 38.28 4
117.12 46.75 2
153.25 62.17 4
77.3 38.5 1
124.55 47.95 4
71.25 41.36 3
78.78 35.87 3
103.07 44.05 4
107.2 41.8 3
122.3 40.5 4
103.32 45.16 4
121.15 44.27 3
95.08 44.55 3
119.78 39.5 3
94.55 38.85 2
77.33 37.5 3
82.93 39.82 4
107.8 39.53 4
117.45 33.95 3
108.45 43.05 1
79.97 37.32 2
92.5 43.92 4
77.67 43.12 3
109.07 41.6 1
89.1 42.2 1
77.88 35.85 3
110.63 40.5 1
123.37 43.23 4
101.83 47.75 3
104.53 33.3 2
82.6 27.97 1
98.82 38.87 1
73.95 43.53 1
70.93 42.15 3
121.6 38.7 4
84.08 43.53 4
113.6 37.08 4
93.05 44.93 1
82.68 27.92 4
123.0 44.92 4
106.05 38.53 3
97.65 38.8 4
121.6 36.67 4
75.5 38.33 3
113.9 45.18 3
111.97 40.78 2
98.47 29.33 3
122.25 37.52 1
117.62 33.42 4
116.97 32.82 4
122.38 37.62 4
121.82 37.33 4
120.65 35.23 4
119.45 33.25 4
118.73 34.75 1
102.42 30.17 4
81.25 28.78 2
117.88 33.67 4
119.83 34.43 1
106.08 35.62 4
118.45 34.02 4
122.82 38.52 4
82.55 27.4 4
81.2 32.13 2
89.85 38.55 2
103.6 41.87 4
122.3 47.45 4
122.3 47.53 4
82.83 42.62 4
85.92 45.92 2
149.75 60.18 4
123.37 42.62 2
77.97 35.33 1
80.47 33.97 2
123.15 47.25 1
174.13 53.2 4
166.03 66.27 4
110.0 34.27 3
93.75 32.52 4
102.98 41.1 3
108.17 32.63 4
96.38 42.4 4
96.73 43.58 4
77.43 39.73 1
135.35 57.07 4
154.2 56.88 3
151.2 61.97 4
89.82 30.35 4
86.5 36.0 3
111.58 42.65 1
86.32 41.7 2
95.87 28.03 4
93.72 40.25 4
117.53 47.63 1
94.13 36.18 1
89.67 39.85 4
93.38 37.23 2
90.63 38.65 2
94.07 45.55 3
90.37 38.75 3
170.22 57.15 4
121.33 47.28 3
77.83 40.85 2
98.18 32.22 3
97.09 36.16 4
114.3 43.5 4
117.1 35.33 2
120.95 40.63 1
76.12 43.12 3
122.58 47.27 4
147.3 61.9 2
84.37 30.38 3
82.53 27.97 1
152.1 65.17 2
105.57 36.42 1
87.3 39.45 4
74.05 40.85 2
94.0 33.45 4
121.15 45.62 3
116.17 33.63 4
96.18 48.07 4
115.37 47.6 4
97.38 35.42 2
90.83 47.58 2
83.8 41.6 4
122.8 46.48 4
117.08 38.07 4
112.2 40.17 3
85.58 44.73 3
121.93 38.27 2
74.82 40.28 3
104.33 37.25 3
122.4 45.55 4
120.13 39.32 4
107.27 33.23 3
110.93 32.12 4
88.77 34.27 3
87.62 33.23 3
116.15 34.28 2
114.48 42.48 4
85.58 30.07 4
75.38 43.15 2
146.35 61.13 4
146.25 61.13 4
100.55 42.87 2
118.48 34.22 1
89.17 38.99 3
80.42 27.65 3
91.77 38.13 4
96.92 28.85 2
78.98 36.95 1
90.27 43.93 3
86.93 40.42 3
80.12 26.68 3
111.12 44.68 2
97.22 31.62 4
156.12 20.0 4
159.85 70.62 4
118.28 46.1 4
90.93 36.13 2
95.35 48.93 4
77.46 38.95 2
92.4 42.55 1
76.02 44.0 3
97.15 44.92 4
89.62 44.92 2
120.2 47.4 2
114.05 41.22 1
72.72 42.17 4
72.63 40.85 2
72.53 42.2 4
80.65 40.18 4
122.65 48.35 1
73.72 41.07 4
106.4 32.63 4
80.2 37.46 4
93.55 38.73 1
87.02 30.72 1
97.43 37.65 3
116.25 41.33 2
111.67 33.3 4
76.92 41.25 2
103.63 48.18 4
150.05 61.75 4
75.15 40.2 4
75.6 39.67 4
77.92 34.27 2
72.88 42.88 4
72.68 41.93 4
110.73 35.02 3
80.23 36.13 1
105.87 40.0 2
105.58 48.1 4
71.38 44.0 4
71.87 42.27 1
107.97 43.97 4
95.58 43.65 3
84.05 39.83 4
83.4 44.45 4
120.53 46.57 1
139.67 59.52 4
97.38 42.92 2
116.08 37.58 4
114.62 32.65 2
114.4 32.85 3
