Process Time: 101.2380108833313
cost_init,cost_final,confilct_init,conflict_final
12537.6 4635.1 2056 734
gapx, gapy = 5,0.2
minX, maxX = 60,180
minY, maxY = 16,72
99.68 32.42 4
176.65 51.88 4
99.98 42.58 2
105.35 39.52 4
122.32 37.78 1
105.87 37.45 3
84.18 31.53 2
73.8 42.75 1
106.6 35.05 1
92.3 31.38 2
95.38 45.87 4
75.43 40.65 4
102.8 42.05 4
82.52 31.53 2
90.05 38.88 2
78.32 40.3 2
101.7 35.23 4
74.37 40.75 1
149.85 61.22 4
82.72 34.5 4
76.87 38.82 2
134.97 57.83 4
159.53 61.58 4
83.75 42.22 4
131.57 55.03 4
85.03 29.73 2
88.52 44.25 1
97.02 34.3 4
82.55 35.43 2
106.87 39.22 3
81.57 29.12 3
123.88 46.15 4
82.23 39.21 1
84.3 33.88 3
74.57 39.45 2
173.3 53.5 4
69.8 44.32 3
81.97 33.37 2
88.32 41.77 1
117.08 39.5 1
81.55 28.08 3
86.5 39.38 3
117.82 44.83 4
119.05 35.43 1
68.82 44.8 2
68.37 44.45 2
158.12 21.53 4
93.67 32.5 4
156.78 71.3 4
85.23 42.3 1
116.87 40.62 4
96.75 40.32 1
80.72 32.48 3
80.33 40.75 2
81.12 37.78 1
71.28 42.47 4
97.68 30.2 4
71.18 44.58 3
161.8 60.78 4
70.92 42.58 3
116.62 35.28 2
110.1 42.57 1
152.3 60.82 4
101.45 32.3 4
108.53 45.8 4
75.98 42.22 2
86.75 33.57 3
118.6 37.6 3
100.75 46.77 4
90.15 38.57 3
79.09 40.27 4
109.78 38.03 3
71.58 41.17 2
88.93 40.48 4
86.62 39.13 2
120.7 39.28 2
81.22 37.3 4
114.72 33.62 2
89.67 29.55 3
111.15 45.78 4
78.63 41.8 1
94.13 46.4 4
73.13 41.17 2
82.4 36.48 4
105.12 39.9 1
105.67 45.67 2
96.8 44.3 4
97.43 25.9 4
98.96 31.79 1
81.38 31.15 2
104.75 39.72 2
78.73 42.93 3
118.37 34.2 4
113.77 42.53 4
91.12 40.78 1
73.15 44.47 1
122.33 48.5 4
118.95 43.6 4
99.15 41.78 4
112.5 45.95 2
89.22 37.07 4
114.52 37.62 2
92.4 33.52 4
117.35 33.3 4
116.47 32.62 3
103.32 34.38 4
148.95 63.38 2
124.95 43.38 4
147.08 60.38 4
137.05 58.33 1
145.0 60.33 3
68.02 46.87 3
117.28 33.13 4
97.43 32.78 4
121.88 45.68 2
106.47 42.92 2
120.57 37.38 4
81.88 30.22 3
87.25 32.9 4
99.32 43.8 4
88.28 40.03 3
148.48 67.5 4
80.03 32.9 2
78.45 38.13 1
69.97 41.67 3
76.88 34.9 2
76.2 37.5 2
104.82 41.15 3
87.65 41.9 4
87.75 41.78 3
100.28 34.43 3
149.83 62.88 3
84.43 39.1 4
92.95 31.22 3
80.23 39.28 3
103.15 36.45 4
81.48 41.57 4
99.2 35.35 3
109.02 44.52 2
162.72 55.2 4
96.37 30.58 1
92.22 38.82 4
81.12 33.95 1
82.88 40.0 3
83.07 40.08 3
118.47 48.88 4
85.95 43.07 3
87.85 47.47 3
145.5 60.5 2
105.68 34.1 4
97.5 27.77 4
108.63 37.3 4
100.0 40.87 4
89.58 37.23 1
107.53 40.5 1
86.52 30.78 1
106.95 36.02 2
103.6 43.77 3
112.37 48.6 2
95.55 30.07 2
116.78 34.87 3
102.55 36.02 1
96.83 32.97 2
97.03 32.9 1
96.85 32.85 1
73.48 41.37 4
78.2 42.97 3
79.33 36.57 3
76.5 36.13 2
110.88 32.17 3
84.2 39.9 1
81.05 29.18 2
148.47 70.2 4
88.87 39.83 2
112.58 39.33 2
107.7 32.25 4
104.87 39.75 4
95.88 46.82 3
98.87 48.1 4
102.8 46.78 3
84.52 33.92 4
85.45 31.32 2
109.6 31.45 3
105.38 42.75 3
113.15 46.67 4
88.25 41.92 4
90.7 42.4 4
143.92 62.73 3
112.93 40.2 1
86.52 30.65 1
92.18 46.83 3
107.75 37.15 4
166.53 53.88 4
106.92 39.65 2
141.15 64.77 3
113.07 41.05 4
91.48 44.87 4
117.88 34.9 2
82.77 27.6 4
118.03 34.08 2
106.4 31.8 4
136.35 58.2 4
115.43 45.82 2
86.0 41.72 2
101.88 37.0 4
95.17 29.62 3
91.82 47.9 3
96.2 38.33 3
92.55 31.33 2
104.83 39.57 3
80.18 42.08 1
87.08 45.73 2
94.75 43.4 2
123.22 44.12 4
91.78 28.47 2
115.97 39.5 1
111.0 41.33 3
87.53 38.05 4
122.28 47.92 2
147.87 64.82 3
117.65 47.62 2
74.28 40.87 4
94.42 43.65 2
118.7 39.42 4
95.58 40.07 3
96.8 46.9 2
73.43 40.73 3
108.23 36.75 4
94.17 36.0 4
78.88 35.0 4
83.67 41.02 1
149.83 65.93 3
111.67 35.13 1
79.72 34.18 3
85.0 32.33 4
78.93 35.13 4
104.77 38.68 1
71.6 42.57 2
75.73 44.05 3
76.62 37.13 2
110.35 31.6 4
121.32 36.0 4
80.13 26.13 2
122.58 47.08 1
93.2 31.05 2
85.72 31.28 3
85.2 41.0 4
97.35 32.82 3
166.47 24.45 4
119.72 36.77 3
87.5 36.67 2
105.08 40.58 1
97.72 31.15 1
85.97 37.9 3
80.15 26.07 3
92.13 37.75 4
81.87 26.65 4
96.77 39.05 1
94.37 35.33 4
81.57 31.88 1
134.9 58.25 3
86.09 33.97 2
99.77 36.3 3
82.27 29.68 3
108.78 35.52 3
94.87 29.27 3
171.73 63.77 3
117.38 34.58 3
113.17 33.55 2
105.53 44.35 4
106.62 48.22 2
104.8 47.13 2
73.62 43.35 2
87.82 42.08 2
115.17 43.0 4
101.7 39.37 2
112.38 33.42 4
112.15 35.95 3
97.18 47.95 3
98.32 40.97 3
90.07 29.18 4
108.53 39.12 3
93.52 47.22 1
116.13 45.92 1
97.83 31.07 4
104.63 40.43 4
110.15 39.0 4
79.95 36.08 4
69.63 45.78 4
90.98 33.48 4
82.35 34.85 4
96.07 33.07 2
75.4 43.23 2
86.15 40.65 3
145.45 62.15 3
77.72 39.7 4
135.43 59.23 4
88.5 47.17 3
119.6 46.57 4
82.53 43.83 4
97.67 26.23 3
77.42 40.37 4
93.15 36.27 2
72.65 41.73 1
89.33 31.47 4
109.77 48.55 4
118.33 33.92 4
118.63 38.55 3
152.08 61.98 2
99.27 38.85 4
112.0 46.6 2
92.85 47.38 3
93.75 28.22 2
94.4 28.13 3
111.97 41.12 3
155.07 19.72 3
103.2 32.68 1
99.17 29.35 4
135.45 58.1 4
123.97 46.97 4
93.1 34.48 2
79.82 37.95 3
84.68 44.37 3
67.78 46.13 4
95.35 29.97 4
95.28 29.65 3
81.15 32.02 3
82.55 38.37 2
86.77 34.65 3
86.68 30.43 2
98.22 44.38 1
97.87 38.07 3
70.28 41.67 3
112.07 43.52 1
117.12 32.57 4
86.27 39.73 4
92.12 29.73 2
93.38 48.57 3
73.1 40.78 2
76.47 42.48 2
83.32 37.6 4
84.47 42.27 2
90.08 32.32 1
88.92 35.6 3
81.68 30.23 3
77.62 34.82 3
98.68 46.92 1
79.25 42.15 3
92.17 38.6 4
94.88 38.82 3
78.83 40.32 4
90.65 35.83 4
94.5 37.17 4
99.77 30.5 3
134.58 58.37 2
156.43 20.9 3
85.55 42.23 1
114.27 48.3 3
156.05 19.75 4
99.0 40.73 4
151.25 60.57 2
99.08 29.98 3
131.7 55.35 4
81.75 24.55 4
81.68 24.57 3
97.68 31.08 4
156.65 58.68 4
97.82 27.5 3
77.63 35.32 3
92.55 40.1 2
121.73 42.15 4
83.98 35.82 3
152.5 57.75 4
118.0 45.28 4
85.07 33.01 2
103.52 38.05 2
117.78 34.1 2
71.43 43.57 2
92.0 30.2 4
93.93 40.62 3
118.22 34.73 4
108.73 42.82 1
76.37 37.08 4
84.6 42.77 2
99.47 27.53 4
105.15 35.65 2
79.4 40.28 4
100.78 29.37 2
98.42 34.57 1
106.3 39.25 4
119.95 36.33 2
117.02 46.38 3
109.45 47.05 3
100.97 37.05 1
97.15 46.1 4
159.35 21.98 4
103.7 39.18 4
96.75 40.85 2
94.52 45.13 2
92.38 35.22 3
121.82 37.7 4
111.85 41.78 4
84.07 37.08 4
90.18 43.2 4
118.15 33.82 2
118.4 33.93 4
85.67 38.23 4
118.92 40.1 4
101.82 33.65 1
94.75 31.23 1
112.38 33.53 3
82.52 27.85 4
79.5 35.03 1
90.66 40.52 1
83.65 32.7 1
89.33 43.13 2
112.32 42.17 2
118.92 37.63 2
96.67 39.15 1
86.25 44.27 3
87.67 44.13 4
93.92 44.22 2
150.65 65.0 2
82.52 40.82 1
75.68 35.92 2
104.02 30.37 4
85.18 30.84 3
70.62 41.4 1
77.98 39.4 3
121.57 39.1 3
74.85 44.93 3
121.3 38.57 2
88.28 39.48 4
156.83 20.97 4
86.37 32.38 2
81.42 30.4 2
98.23 26.18 4
116.1 44.88 4
122.48 47.15 3
90.47 31.18 4
97.27 37.62 2
100.58 40.22 4
80.8 33.92 4
155.62 62.97 4
74.6 40.02 2
166.27 60.37 4
80.63 28.1 2
90.0 35.05 4
89.87 35.35 1
88.75 32.33 3
80.28 25.92 4
80.43 25.65 4
80.28 25.82 3
146.33 59.43 4
76.77 40.2 3
105.87 46.43 4
113.03 38.72 3
75.07 39.37 3
87.9 42.95 4
152.27 63.9 4
98.07 32.78 4
93.22 44.88 1
101.28 48.27 2
117.15 32.87 4
89.05 28.78 2
114.08 46.92 4
98.03 43.77 4
109.75 38.77 4
88.25 30.68 4
88.07 30.63 3
100.43 45.53 4
120.95 37.63 2
122.05 37.42 2
118.15 35.05 1
157.1 21.15 2
94.35 37.33 1
92.05 32.52 4
122.53 41.73 3
85.51 35.15 1
86.4 32.3 4
74.8 41.7 2
72.57 44.2 4
107.88 38.5 4
83.2 30.97 3
104.81 44.35 4
91.2 29.7 2
106.05 34.98 4
74.42 40.8 1
89.67 44.78 4
122.32 41.32 4
88.86 38.32 3
118.07 34.23 1
115.87 43.05 2
76.57 40.43 3
101.05 42.05 4
87.62 34.75 1
78.93 33.68 2
70.07 41.25 2
81.8 26.13 4
80.68 28.62 2
71.52 42.78 2
86.68 36.12 4
91.25 31.62 1
114.62 34.77 1
88.53 44.22 1
115.03 36.23 3
149.08 64.55 4
163.3 62.07 4
77.05 35.08 3
72.67 41.22 4
72.08 41.3 3
73.78 40.65 2
73.9 40.77 3
74.17 40.7 4
124.05 44.63 4
72.33 45.55 4
76.5 37.13 2
169.42 53.58 3
165.43 64.5 4
97.43 41.98 2
76.28 36.93 2
97.47 35.23 4
124.25 43.42 1
117.2 32.7 1
96.02 41.37 1
100.68 41.13 4
141.93 62.97 2
117.23 34.1 2
71.18 42.18 3
71.42 41.6 4
78.72 33.82 3
75.02 40.08 3
98.68 42.47 4
122.68 48.25 4
122.22 37.73 1
75.13 38.55 2
76.03 36.82 4
95.92 41.12 2
112.02 41.18 4
75.4 44.68 1
97.6 35.4 1
149.88 70.5 4
122.9 46.97 4
95.9 41.3 3
117.02 44.02 4
98.95 41.62 2
81.33 28.55 1
70.52 41.65 4
92.45 41.1 1
87.17 37.75 4
116.17 42.58 1
89.54 34.39 4
119.2 34.2 4
94.62 34.68 3
96.25 28.72 2
116.5 33.83 2
85.68 30.2 1
95.45 33.63 2
95.07 46.9 2
76.4 38.28 2
145.5 63.03 1
118.85 45.68 1
89.68 40.67 2
94.32 46.6 3
132.97 56.82 4
75.25 39.88 3
101.6 44.05 4
76.17 39.47 4
112.02 33.43 4
82.52 37.48 2
122.83 37.83 1
91.93 34.17 3
80.22 40.5 2
73.47 44.65 4
112.6 42.92 3
162.92 69.82 4
119.12 34.12 1
83.42 42.67 3
79.02 35.17 1
90.47 36.77 4
134.65 56.25 3
94.02 30.58 4
166.87 65.25 4
158.62 56.95 4
73.88 41.63 4
112.43 34.65 4
68.05 46.68 4
110.75 39.62 1
71.43 41.73 1
148.33 70.25 3
154.3 60.2 4
124.22 39.58 4
121.28 35.67 2
117.12 46.75 2
153.25 62.17 4
124.55 47.95 4
91.2 39.93 4
78.78 35.87 3
98.28 29.53 4
103.07 44.05 3
107.2 41.8 3
122.25 40.15 4
122.3 40.5 4
103.32 45.16 3
121.15 44.27 3
95.08 44.55 4
102.05 33.6 4
122.22 47.5 4
91.72 45.48 2
94.55 38.85 2
77.33 37.5 2
82.93 39.82 4
107.8 39.53 4
117.45 33.95 3
108.45 43.05 1
83.6 32.63 2
92.5 43.92 4
77.67 43.12 1
109.07 41.6 1
89.1 42.2 4
69.12 44.07 3
85.17 34.35 2
110.63 40.5 1
123.37 43.23 3
104.53 33.3 4
98.82 38.87 4
73.95 43.53 1
121.6 38.7 1
109.68 32.82 4
84.08 43.53 3
93.05 44.93 2
88.96 38.63 2
123.0 44.92 4
106.05 38.53 3
97.65 38.8 4
121.6 36.67 4
75.5 38.33 3
113.9 45.18 3
111.97 40.78 2
98.47 29.33 4
122.25 37.52 1
117.62 33.42 4
116.97 32.82 3
122.38 37.62 4
121.92 37.37 4
121.82 37.33 3
119.45 33.25 4
160.5 55.33 3
118.73 34.75 4
102.42 30.17 4
117.88 33.67 4
119.83 34.43 4
106.08 35.62 4
120.45 34.9 1
118.45 34.02 1
122.82 38.52 4
74.2 44.38 4
84.37 46.47 2
87.4 46.35 3
73.93 42.85 1
89.85 38.55 3
122.3 47.53 1
86.99 32.34 1
77.97 35.33 3
80.47 33.97 2
174.13 53.2 4
106.97 44.77 1
96.67 33.72 1
166.03 66.27 4
110.0 34.27 2
104.18 47.72 4
108.17 32.63 3
96.38 42.4 4
96.73 43.58 3
77.43 39.73 4
135.35 57.07 3
154.2 56.88 3
135.53 59.75 4
151.2 61.97 4
89.82 30.35 3
146.67 62.03 3
106.9 34.07 3
86.32 41.7 2
95.87 28.03 4
81.96 34.92 4
95.15 43.17 3
93.72 40.25 4
94.13 36.18 3
89.67 39.85 4
93.38 37.23 2
72.02 44.42 4
95.53 40.28 4
90.37 38.75 1
170.22 57.15 4
121.33 47.28 3
78.85 38.27 4
106.82 40.48 4
98.18 32.22 3
89.67 41.74 4
121.25 37.9 2
114.3 43.5 3
117.1 35.33 1
120.95 40.63 1
76.12 43.12 2
122.58 47.27 4
150.1 62.3 2
84.37 30.38 4
82.53 27.97 1
152.1 65.17 4
105.57 36.42 2
97.42 31.15 4
87.3 39.45 4
121.15 45.62 3
116.17 33.63 4
96.18 48.07 2
115.37 47.6 4
97.38 35.42 1
80.8 28.52 4
90.83 47.58 2
83.8 41.6 4
122.8 46.48 4
117.08 38.07 4
112.2 40.17 4
95.67 38.95 2
118.33 33.8 1
85.58 44.73 2
121.93 38.27 4
122.4 45.55 4
120.13 39.32 3
110.93 32.12 4
95.9 36.2 4
87.62 33.23 3
117.83 33.7 4
116.15 34.28 3
114.48 42.48 4
85.58 30.07 4
123.2 39.13 4
152.13 69.37 2
160.8 63.88 4
156.47 20.42 4
146.35 61.13 2
83.28 30.78 2
100.55 42.87 2
118.48 34.22 4
97.92 36.33 2
89.17 38.99 3
109.52 40.45 3
80.42 27.65 3
91.77 38.13 1
96.92 28.85 4
78.98 36.95 1
90.27 43.93 2
86.93 40.42 2
80.12 26.68 3
156.12 20.0 4
159.85 70.62 4
168.08 66.03 4
118.28 46.1 4
75.48 37.85 2
90.93 36.13 3
95.35 48.93 4
77.46 38.95 4
92.4 42.55 2
76.02 44.0 4
89.62 44.92 3
82.4 31.25 4
114.05 41.22 1
72.72 42.17 4
72.63 40.85 2
72.53 42.2 3
80.65 40.18 1
106.4 32.63 4
93.55 38.73 4
148.72 60.78 2
97.43 37.65 1
75.73 41.33 4
76.92 41.25 4
103.63 48.18 1
81.4 41.63 3
150.05 61.75 4
75.15 40.2 3
75.6 39.67 3
77.92 34.27 2
72.88 42.88 2
103.2 31.78 3
110.73 35.02 3
80.23 36.13 2
105.58 48.1 3
71.38 44.0 4
107.97 43.97 4
95.58 43.65 2
132.37 56.48 4
84.05 39.83 2
83.4 44.45 1
139.67 59.52 4
80.67 41.27 4
83.53 42.23 4
116.08 37.58 3
115.0 33.1 3
114.4 32.85 2
