Process Time: 743.8747808933258
cost_init,cost_final,confilct_init,conflict_final
10142.7 4229.799999999999 3298 1336
gapx, gapy = 5,0.2
minX, maxX = 60,180
minY, maxY = 16,72
98.43 45.45 1
99.68 32.42 1
176.65 51.88 1
99.98 42.58 1
103.22 40.17 3
122.32 37.78 4
105.87 37.45 1
84.18 31.53 2
106.6 35.05 1
92.3 31.38 1
98.03 27.73 4
75.43 40.65 1
102.8 42.05 1
82.52 31.53 1
90.05 38.88 2
78.32 40.3 1
120.53 41.48 2
99.27 34.67 4
101.7 35.23 3
157.85 67.1 1
74.37 40.75 3
149.85 61.22 1
82.72 34.5 1
76.87 38.82 3
134.97 57.83 3
159.53 61.58 1
83.75 42.22 3
131.57 55.03 1
85.85 33.58 1
124.1 40.98 4
97.02 34.3 3
82.55 35.43 1
106.87 39.22 1
81.57 29.12 1
123.88 46.15 1
83.32 33.95 2
82.23 39.21 3
84.42 33.65 1
84.3 33.88 3
74.57 39.45 2
173.3 53.5 3
85.44 32.67 1
69.8 44.32 3
81.97 33.37 3
88.32 41.77 1
122.75 45.25 4
117.08 39.5 1
97.7 30.3 1
81.55 28.08 3
86.5 39.38 1
119.05 35.43 1
76.67 39.18 3
68.82 44.8 2
68.37 44.45 2
158.12 21.53 1
160.3 22.05 1
93.67 32.5 1
74.28 40.28 2
156.78 71.3 1
143.63 70.13 3
96.0 36.75 3
91.15 30.53 1
85.23 42.3 1
116.87 40.62 4
121.45 39.13 3
80.72 32.48 3
116.95 33.93 2
80.33 40.75 3
81.12 37.78 1
71.28 42.47 3
122.53 48.8 1
94.93 47.5 1
86.43 42.13 3
97.68 30.2 4
71.18 44.58 3
161.8 60.78 1
151.52 66.92 1
70.92 42.58 2
116.62 35.28 2
145.73 64.0 1
110.1 42.57 1
152.3 60.82 1
101.48 32.39 3
101.45 32.3 3
108.53 45.8 3
75.98 42.22 3
100.75 46.77 4
90.15 38.57 4
79.09 40.27 4
109.78 38.03 1
71.58 41.17 3
88.93 40.48 3
86.62 39.13 1
120.7 39.28 1
81.22 37.3 2
114.72 33.62 3
89.95 35.97 3
116.22 43.57 1
89.67 29.55 3
71.03 42.37 2
86.43 36.97 3
111.15 45.78 4
89.6 41.16 1
78.63 41.8 2
94.13 46.4 1
122.77 47.48 4
73.13 41.17 1
82.4 36.48 2
105.12 39.9 1
105.67 45.67 2
99.65 41.43 1
124.47 42.08 1
96.8 44.3 1
97.43 25.9 3
81.38 31.15 3
118.37 34.2 2
91.12 40.78 3
73.15 44.47 1
122.33 48.5 1
118.95 43.6 1
99.15 41.78 1
112.5 45.95 2
89.22 37.07 2
114.52 37.62 3
93.3 29.78 1
117.35 33.3 3
116.47 32.62 1
103.32 34.38 3
81.43 40.92 1
148.95 63.38 1
124.95 43.38 1
80.55 28.47 3
70.5 41.78 2
134.22 56.0 1
75.55 35.27 2
147.08 60.38 3
89.25 37.78 2
68.02 46.87 1
117.28 33.13 2
97.43 32.78 1
121.88 45.68 1
106.47 42.92 2
120.57 37.38 3
81.88 30.22 3
113.1 37.7 2
91.7 41.88 4
89.09 38.51 3
103.08 42.83 1
114.22 44.52 4
99.32 43.8 1
88.28 40.03 1
148.48 67.5 3
95.48 37.67 3
80.03 32.9 2
81.6 38.37 2
80.93 35.22 1
78.45 38.13 2
97.67 28.37 3
69.97 41.67 3
85.2 35.03 3
76.2 37.5 3
104.82 41.15 2
87.65 41.9 3
87.62 41.87 3
87.75 41.78 2
87.9 41.98 1
121.85 39.78 1
100.28 34.43 1
117.68 35.68 2
117.63 33.97 2
84.47 46.25 3
149.83 62.88 1
84.43 39.1 1
144.07 65.83 1
92.95 31.22 3
80.23 39.28 1
87.42 36.62 3
103.15 36.45 2
81.48 41.57 4
99.2 35.35 3
109.02 44.52 2
97.22 37.75 2
162.72 55.2 1
96.37 30.58 1
104.72 38.82 1
92.22 38.82 4
81.12 33.95 2
84.93 32.52 2
97.35 41.45 2
82.88 40.0 3
88.45 33.65 1
83.07 40.08 2
118.47 48.88 2
122.05 37.98 1
71.5 43.2 2
97.65 39.55 1
85.95 43.07 3
87.85 47.47 3
145.5 60.5 1
97.5 27.77 3
108.63 37.3 2
99.22 28.45 1
100.0 40.87 4
89.58 37.23 3
133.25 55.8 3
107.53 40.5 1
124.23 41.78 1
86.52 30.78 1
83.1 29.62 3
85.08 35.95 4
103.6 43.77 3
112.37 48.6 1
95.55 30.07 1
116.78 34.87 3
102.55 36.02 3
96.83 32.97 3
96.85 32.85 2
96.87 32.68 3
96.97 32.73 1
73.48 41.37 4
78.2 42.97 3
87.6 40.2 4
76.5 36.13 1
84.2 39.9 4
81.05 29.18 2
88.72 41.93 4
148.47 70.2 4
88.87 39.83 3
112.08 33.68 2
100.92 29.37 1
112.58 39.33 2
107.7 32.25 4
93.65 41.53 1
83.02 42.42 2
95.88 46.82 3
98.87 48.1 4
102.8 46.78 1
158.52 59.05 1
112.55 45.25 2
99.97 37.77 1
85.45 31.32 2
109.6 31.45 3
113.15 46.67 3
88.25 41.92 3
78.9 41.18 1
90.7 42.4 1
143.92 62.73 1
112.93 40.2 1
86.52 30.65 3
92.18 46.83 1
107.75 37.15 1
166.53 53.88 1
89.4 36.02 2
99.85 32.43 1
141.15 64.77 3
113.07 41.05 3
91.48 44.87 2
86.53 30.48 2
82.77 27.6 4
115.68 32.82 4
92.8 33.22 1
118.03 34.08 1
106.4 31.8 4
117.73 33.67 4
135.37 59.62 2
136.35 58.2 4
76.18 36.27 2
115.43 45.82 3
86.0 41.72 2
101.88 37.0 3
79.85 38.88 4
115.78 40.83 4
95.17 29.62 4
103.1 44.15 1
76.9 42.17 1
114.85 39.28 1
96.2 38.33 4
92.55 31.33 2
97.8 36.38 1
119.52 47.32 1
80.18 42.08 1
87.08 45.73 3
94.75 43.4 2
123.22 44.12 1
124.28 41.33 1
115.97 39.5 1
111.0 41.33 2
122.28 47.92 2
147.87 64.82 1
117.65 47.62 1
74.28 40.87 1
94.42 43.65 2
111.73 33.47 3
118.7 39.42 3
95.58 40.07 4
154.47 62.85 3
108.23 36.75 3
94.17 36.0 2
78.88 35.0 2
96.07 46.3 3
83.67 41.02 1
134.03 57.45 3
111.67 35.13 3
79.72 34.18 2
77.18 38.72 1
85.0 32.33 1
71.6 42.57 1
94.18 42.55 1
75.73 44.05 4
110.35 31.6 1
121.32 36.0 1
80.13 26.13 1
122.58 47.08 1
81.87 26.58 1
93.2 31.05 4
85.72 31.28 1
98.4 34.65 3
85.2 41.0 4
145.27 66.57 3
166.47 24.45 1
79.87 41.38 1
105.5 39.57 2
119.72 36.77 2
87.5 36.67 3
105.02 40.45 2
105.08 40.58 1
97.72 31.15 1
85.97 37.9 3
80.15 26.07 3
92.13 37.75 1
81.87 26.65 1
96.77 39.05 4
94.37 35.33 2
81.57 31.88 1
134.9 58.25 1
86.09 33.97 1
82.27 29.68 3
90.43 40.93 1
108.78 35.52 3
94.87 29.27 2
171.73 63.77 1
117.38 34.58 1
113.17 33.55 3
105.53 44.35 4
106.62 48.22 2
104.8 47.13 2
73.62 43.35 1
87.82 42.08 1
88.58 33.45 3
115.17 43.0 2
101.7 39.37 4
112.38 33.42 1
112.15 35.95 2
98.32 40.97 1
90.07 29.18 4
108.53 39.12 3
85.52 42.88 3
93.52 47.22 1
116.13 45.92 1
107.9 35.17 2
97.83 31.07 4
111.37 47.48 2
104.63 40.43 2
88.13 44.48 1
110.15 39.0 1
79.95 36.08 3
69.63 45.78 1
82.35 34.85 1
96.07 33.07 2
90.08 33.5 3
75.4 43.23 2
86.15 40.65 2
89.07 30.4 4
145.45 62.15 2
106.93 38.55 3
77.72 39.7 4
135.43 59.23 3
88.5 47.17 3
119.6 46.57 4
110.72 38.37 1
97.67 26.23 1
109.83 46.43 3
93.15 36.27 2
72.65 41.73 2
98.43 40.6 3
109.77 48.55 4
118.33 33.92 4
118.63 38.55 3
122.12 37.65 2
149.0 63.83 3
92.85 47.38 3
81.38 35.75 3
93.75 28.22 1
94.4 28.13 3
111.97 41.12 2
99.83 39.38 2
122.95 45.53 4
155.07 19.72 3
99.05 35.0 3
103.2 32.68 1
106.1 32.85 4
151.5 59.63 3
80.38 25.48 1
99.17 29.35 4
157.93 21.35 2
135.45 58.1 3
123.97 46.97 4
93.1 34.48 2
82.82 35.9 2
79.82 37.95 3
84.68 44.37 2
67.78 46.13 1
95.28 29.65 4
81.15 32.02 3
82.55 38.37 2
86.77 34.65 2
86.68 30.43 3
98.22 44.38 1
97.87 38.07 4
70.28 41.67 3
112.07 43.52 1
154.92 59.75 1
115.57 32.83 1
117.12 32.57 3
115.57 36.53 1
86.27 39.73 1
92.12 29.73 4
93.38 48.57 3
88.12 45.82 3
90.13 46.53 4
73.1 40.78 2
76.47 42.48 3
83.32 37.6 4
84.47 42.27 3
90.08 32.32 4
88.92 35.6 3
110.73 43.6 3
81.68 30.23 1
77.62 34.82 3
72.0 42.8 2
98.68 46.92 1
89.03 42.62 1
92.17 38.6 4
94.88 38.82 4
78.83 40.32 1
90.65 35.83 4
94.5 37.17 1
106.93 47.33 3
99.77 30.5 3
134.58 58.37 3
156.43 20.9 3
85.55 42.23 1
158.28 21.75 1
94.72 39.32 3
99.0 40.73 1
72.27 42.9 2
98.58 29.38 3
151.25 60.57 1
99.08 29.98 3
131.7 55.35 1
81.75 24.55 1
81.68 24.57 3
159.67 22.38 1
97.68 31.08 3
156.65 58.68 3
113.95 35.27 1
77.63 35.32 2
92.55 40.1 1
83.98 35.82 3
152.5 57.75 1
162.63 66.87 1
91.25 43.87 4
118.0 45.28 3
85.07 33.01 1
117.78 34.1 3
71.43 43.57 1
92.0 30.2 2
93.22 30.12 3
120.0 38.9 3
120.35 42.18 2
74.35 40.03 2
81.95 28.03 1
102.6 38.12 1
93.93 40.62 1
156.95 20.8 1
76.3 40.13 3
108.73 42.82 3
76.37 37.08 1
84.6 42.77 2
105.68 41.32 4
99.47 27.53 1
106.77 32.3 3
105.15 35.65 1
115.17 36.08 1
79.4 40.28 4
100.78 29.37 1
89.17 31.67 1
71.12 42.72 4
98.42 34.57 3
149.03 61.63 3
106.3 39.25 2
72.3 43.63 1
102.17 45.93 1
80.4 37.87 3
109.45 47.05 1
85.0 38.05 2
100.97 37.05 1
97.15 46.1 4
159.35 21.98 2
96.75 40.85 3
94.52 45.13 2
92.38 35.22 3
110.43 45.7 4
91.1 29.7 3
111.85 41.78 3
84.07 37.08 2
90.18 43.2 2
153.23 70.92 1
118.15 33.82 1
94.72 32.38 3
67.88 46.95 3
118.05 33.78 1
106.28 35.88 1
118.4 33.93 4
85.67 38.23 3
118.92 40.1 3
101.82 33.65 1
94.75 31.23 1
112.38 33.53 4
82.52 27.85 3
90.66 40.52 3
89.33 43.13 4
112.32 42.17 4
111.18 47.5 2
113.37 42.3 2
118.92 37.63 3
96.67 39.15 1
86.25 44.27 3
87.67 44.13 2
93.92 44.22 3
82.52 40.82 4
117.27 33.88 3
104.02 30.37 1
89.0 37.75 1
87.95 46.88 3
88.68 41.37 4
95.82 44.45 3
70.62 41.4 3
77.98 39.4 3
93.33 43.15 1
74.85 44.93 1
121.3 38.57 3
88.28 39.48 1
156.83 20.97 2
86.37 32.38 1
81.42 30.4 2
95.78 34.88 4
98.23 26.18 3
116.1 44.88 1
142.92 61.43 1
122.48 47.15 3
121.4 38.67 1
90.47 31.18 3
97.27 37.62 4
100.58 40.22 1
80.8 33.92 1
74.6 40.02 3
118.4 45.5 3
122.87 42.37 1
98.58 37.3 1
166.27 60.37 1
80.63 28.1 2
90.0 35.05 1
89.87 35.35 1
87.63 45.12 2
120.52 37.28 3
88.75 32.33 3
80.28 25.92 1
80.28 25.82 1
146.33 59.43 3
76.77 40.2 3
102.18 31.95 1
105.87 46.43 3
113.03 38.72 1
75.07 39.37 3
87.9 42.95 1
98.07 32.78 1
93.22 44.88 4
101.35 48.42 1
101.28 48.27 2
89.05 28.78 1
114.08 46.92 3
98.03 43.77 4
109.75 38.77 3
88.25 30.68 3
120.95 37.63 3
122.05 37.42 4
118.15 35.05 2
90.52 41.45 1
157.1 21.15 1
94.35 37.33 2
112.32 44.57 1
92.05 32.52 1
122.53 41.73 3
85.51 35.15 2
121.85 36.58 1
86.4 32.3 3
74.8 41.7 1
72.57 44.2 4
83.2 30.97 3
104.81 44.35 4
91.2 29.7 3
79.92 39.65 3
106.05 34.98 3
74.42 40.8 4
119.32 47.2 3
89.67 44.78 3
122.32 41.32 4
88.86 38.32 4
118.07 34.23 2
115.87 43.05 1
71.3 44.27 3
76.57 40.43 1
115.8 47.47 3
101.05 42.05 1
85.38 40.23 3
87.62 34.75 1
86.25 43.17 1
95.36 35.66 2
78.93 33.68 1
70.07 41.25 2
122.28 38.22 1
81.8 26.13 1
80.68 28.62 2
71.52 42.78 3
86.68 36.12 2
114.62 34.77 3
115.03 36.23 4
149.08 64.55 2
163.3 62.07 3
70.97 41.68 3
77.05 35.08 3
72.67 41.22 3
91.88 30.03 3
72.08 41.3 3
90.25 29.98 4
77.43 34.7 3
73.98 40.77 3
73.9 40.77 3
74.17 40.7 3
74.1 41.5 1
124.05 44.63 4
72.33 45.55 1
76.5 37.13 3
78.95 43.1 1
169.42 53.58 1
76.28 36.93 2
76.2 36.9 3
97.47 35.23 4
117.2 32.7 4
96.02 41.37 3
100.68 41.13 1
141.93 62.97 3
117.23 34.1 3
71.42 41.6 4
78.72 33.82 3
75.02 40.08 1
98.68 42.47 4
122.68 48.25 4
122.22 37.73 2
75.13 38.55 3
76.03 36.82 3
95.92 41.12 3
112.02 41.18 1
75.4 44.68 1
97.6 35.4 1
94.9 38.85 1
149.88 70.5 1
122.9 46.97 4
119.53 48.42 1
75.12 42.87 1
117.02 44.02 4
117.62 34.05 3
98.95 41.62 4
88.57 44.0 3
70.52 41.65 3
92.45 41.1 4
87.17 37.75 1
116.17 42.58 1
89.54 34.39 3
88.77 37.07 1
111.45 36.93 2
94.62 34.68 1
96.25 28.72 3
116.5 33.83 3
118.13 35.05 2
122.12 37.47 4
85.68 30.2 3
95.07 46.9 2
81.43 39.35 1
119.12 46.27 2
120.63 35.67 1
80.6 28.23 1
145.5 63.03 2
111.33 34.23 1
84.8 45.57 3
118.85 45.68 1
87.2 30.47 1
89.68 40.67 1
94.32 46.6 1
132.97 56.82 3
75.25 39.88 3
101.6 44.05 4
78.13 41.47 2
112.02 33.43 3
100.28 44.38 1
122.83 37.83 1
91.93 34.17 3
80.22 40.5 3
73.18 42.26 4
101.71 34.17 3
73.47 44.65 4
112.6 42.92 1
119.12 34.12 1
97.1 36.73 1
83.42 42.67 4
79.02 35.17 3
90.47 36.77 1
134.65 56.25 1
123.5 48.12 1
166.87 65.25 2
158.62 56.95 1
70.32 43.65 3
122.6 45.6 4
73.88 41.63 1
112.43 34.65 3
68.05 46.68 3
110.75 39.62 2
150.65 66.82 2
71.43 41.73 2
111.72 40.22 2
148.33 70.25 1
154.3 60.2 1
124.22 39.58 1
121.12 34.95 1
121.28 35.67 1
117.12 46.75 2
153.25 62.17 3
77.3 38.5 1
124.55 47.95 4
91.2 39.93 2
78.78 35.87 1
98.28 29.53 2
103.07 44.05 2
104.5 36.74 4
107.2 41.8 1
75.97 40.38 1
122.25 40.15 1
103.32 45.16 2
121.15 44.27 3
95.08 44.55 1
102.05 33.6 1
119.78 39.5 2
122.22 47.5 3
89.45 45.63 1
91.72 45.48 1
94.55 38.85 1
77.33 37.5 3
82.93 39.82 2
107.8 39.53 1
117.45 33.95 2
79.97 37.32 1
83.6 32.63 2
92.5 43.92 1
77.67 43.12 1
109.07 41.6 1
89.1 42.2 4
69.12 44.07 3
97.03 28.08 4
77.88 35.85 3
85.17 34.35 2
123.37 43.23 4
101.83 47.75 2
104.53 33.3 3
70.88 44.88 4
82.6 27.97 1
91.98 28.3 2
70.93 42.15 2
121.6 38.7 1
109.68 32.82 1
84.08 43.53 1
113.6 37.08 3
93.05 44.93 1
82.68 27.92 4
88.96 38.63 3
123.0 44.92 4
97.65 38.8 4
75.5 38.33 3
113.9 45.18 3
98.47 29.33 4
122.25 37.52 1
117.62 33.42 4
116.97 32.82 4
122.38 37.62 1
121.92 37.37 4
121.82 37.33 3
120.65 35.23 1
117.58 33.38 4
120.4 34.03 1
119.45 33.25 1
160.5 55.33 3
102.42 30.17 4
81.25 28.78 1
117.88 33.67 4
119.83 34.43 1
106.08 35.62 1
120.45 34.9 1
118.45 34.02 1
122.82 38.52 4
74.2 44.38 4
82.55 27.4 3
84.37 46.47 1
87.4 46.35 3
73.93 42.85 1
89.85 38.55 3
103.6 41.87 3
111.92 33.62 3
122.3 47.53 1
82.83 42.62 3
85.92 45.92 1
149.75 60.18 2
123.37 42.62 1
124.07 40.03 3
123.15 47.25 4
174.13 53.2 3
106.97 44.77 1
96.67 33.72 1
166.03 66.27 3
110.0 34.27 3
93.75 32.52 1
104.18 47.72 1
102.98 41.1 3
108.17 32.63 3
96.38 42.4 2
96.73 43.58 3
122.47 41.78 1
77.43 39.73 1
135.35 57.07 3
154.2 56.88 2
135.53 59.75 1
151.2 61.97 1
89.82 30.35 4
86.5 36.0 1
146.67 62.03 2
106.9 34.07 3
111.58 42.65 1
95.87 28.03 3
79.39 35.24 2
81.96 34.92 1
95.15 43.17 1
93.72 40.25 1
117.53 47.63 2
94.13 36.18 1
89.67 39.85 4
93.38 37.23 2
90.63 38.65 2
72.02 44.42 4
95.53 40.28 4
90.37 38.75 2
170.22 57.15 1
121.33 47.28 3
77.83 40.85 1
106.82 40.48 4
98.18 32.22 1
89.67 41.74 1
97.09 36.16 3
121.25 37.9 3
114.3 43.5 4
117.1 35.33 2
76.12 43.12 1
122.58 47.27 4
147.3 61.9 3
150.1 62.3 1
84.37 30.38 3
82.53 27.97 1
105.57 36.42 4
89.33 39.53 4
97.42 31.15 1
87.3 39.45 3
74.05 40.85 1
94.0 33.45 1
121.15 45.62 2
116.17 33.63 2
96.18 48.07 2
115.37 47.6 1
97.38 35.42 1
80.8 28.52 1
90.83 47.58 2
83.8 41.6 4
117.08 38.07 1
112.2 40.17 1
95.62 39.07 1
95.67 38.95 3
118.33 33.8 1
85.58 44.73 2
121.93 38.27 3
74.82 40.28 2
104.33 37.25 3
122.4 45.55 3
120.13 39.32 1
107.27 33.23 4
110.93 32.12 1
95.9 36.2 2
88.77 34.27 2
87.62 33.23 3
117.83 33.7 4
116.15 34.28 2
114.48 42.48 3
95.4 32.37 3
85.58 30.07 3
123.2 39.13 3
152.13 69.37 2
160.8 63.88 1
156.47 20.42 1
75.38 43.15 2
146.35 61.13 2
100.55 42.87 2
118.48 34.22 1
97.92 36.33 4
120.95 35.2 1
109.52 40.45 1
80.42 27.65 3
91.77 38.13 1
96.92 28.85 1
119.4 36.32 1
78.98 36.95 4
86.93 40.42 4
80.12 26.68 3
111.12 44.68 3
97.22 31.62 1
156.12 20.0 1
159.85 70.62 1
168.08 66.03 1
118.28 46.1 3
90.93 36.13 4
95.35 48.93 1
77.46 38.95 1
77.04 38.85 2
92.4 42.55 4
97.15 44.92 1
89.62 44.92 1
82.4 31.25 3
120.2 47.4 2
114.05 41.22 1
92.42 37.22 4
72.72 42.17 4
72.63 40.85 2
72.53 42.2 3
122.65 48.35 3
73.72 41.07 4
106.4 32.63 4
80.2 37.46 1
93.55 38.73 4
87.02 30.72 1
148.72 60.78 2
97.43 37.65 1
98.5 33.98 1
116.25 41.33 4
75.73 41.33 4
111.67 33.3 3
76.92 41.25 2
81.4 41.63 4
150.05 61.75 1
75.15 40.2 2
75.6 39.67 3
77.92 34.27 2
72.88 42.88 2
72.68 41.93 3
103.2 31.78 3
117.8 40.9 1
110.73 35.02 3
80.23 36.13 2
105.87 40.0 1
105.58 48.1 4
71.38 44.0 3
71.87 42.27 1
107.97 43.97 4
132.37 56.48 3
84.05 39.83 4
120.53 46.57 4
139.67 59.52 3
97.38 42.92 1
110.42 44.55 1
80.67 41.27 4
83.53 42.23 1
116.08 37.58 4
115.0 33.1 4
114.62 32.65 2
114.4 32.85 3
81.9 39.95 3
