Process Time: 0.9657518863677979
cost_init,cost_final,confilct_init,conflict_final
110.0 45.69999999999998 28 6
gapx, gapy = 5,0.2
minX, maxX = 60,180
minY, maxY = 16,72
84.18 31.53 2
99.27 34.67 1
123.88 46.15 3
81.55 28.08 2
119.05 35.43 2
85.23 42.3 1
121.45 39.13 3
80.33 40.75 4
145.73 64.0 2
90.15 38.57 2
71.58 41.17 4
114.72 33.62 3
105.67 45.67 4
103.08 42.83 2
108.63 37.3 3
124.23 41.78 2
83.1 29.62 4
85.08 35.95 2
79.33 36.57 4
112.55 45.25 4
88.25 41.92 2
92.18 46.83 4
115.43 45.82 4
115.97 39.5 4
111.0 41.33 3
111.67 35.13 1
110.35 31.6 3
145.27 66.57 2
85.97 37.9 2
117.97 33.87 3
115.17 43.0 4
107.9 35.17 2
110.72 38.37 2
82.82 35.9 1
86.68 30.43 2
76.47 42.48 3
87.85 41.07 2
99.0 40.73 4
88.92 30.42 3
97.82 27.5 4
93.22 30.12 1
156.95 20.8 4
108.73 42.82 2
105.15 35.65 1
80.4 37.87 2
117.02 46.38 2
91.1 29.7 4
118.15 33.82 4
90.66 40.52 4
93.92 44.22 3
122.87 42.37 1
87.63 45.12 3
88.57 32.55 3
80.28 25.92 4
152.27 63.9 1
83.2 30.97 4
89.67 44.78 4
115.8 47.47 3
90.25 29.98 4
97.43 41.98 4
97.47 35.23 2
106.4 32.9 2
76.03 36.82 2
75.4 44.68 2
149.88 70.5 1
119.2 34.2 3
95.45 33.63 4
89.68 40.67 2
94.32 46.6 4
73.47 44.65 4
158.62 56.95 2
154.3 60.2 2
98.28 29.53 4
95.08 44.55 4
94.55 38.85 2
107.8 39.53 4
111.97 40.78 2
100.5 31.37 2
121.92 37.37 4
81.25 28.78 3
119.83 34.43 4
154.2 56.88 4
86.32 41.7 3
79.39 35.24 4
95.53 40.28 4
98.18 32.22 4
89.33 39.53 2
96.18 48.07 2
95.62 39.07 2
114.48 42.48 1
123.2 39.13 4
152.13 69.37 2
160.8 63.88 3
100.55 42.87 3
106.4 32.63 1
93.55 38.73 4
110.73 35.02 4
105.87 40.0 2
110.42 44.55 1
114.62 32.65 1
