Process Time: 2.696479320526123
cost_init,cost_final,confilct_init,conflict_final
86.1 46.800000000000004 20 8
gapx, gapy = 5,0.2
minX, maxX = 60,180
minY, maxY = 16,72
98.43 45.45 1
99.68 32.42 4
176.65 51.88 1
93.37 43.68 3
106.6 35.05 4
98.03 27.73 1
97.02 34.3 4
74.57 39.45 2
117.08 39.5 3
93.67 32.5 2
75.98 42.22 1
116.22 43.57 2
122.77 47.48 4
104.75 39.72 2
89.22 37.07 2
69.97 41.67 4
104.82 41.15 1
86.52 30.78 2
112.37 48.6 1
85.45 31.32 1
105.38 42.75 3
78.9 41.18 4
117.88 34.9 1
79.85 38.88 2
104.83 39.57 4
123.22 44.12 4
96.8 46.9 2
75.73 44.05 2
119.72 36.77 3
85.97 37.9 2
86.09 33.97 1
73.62 43.35 4
108.53 39.12 2
88.13 44.48 1
106.93 38.55 2
109.77 48.55 2
152.08 61.98 2
155.07 19.72 4
99.17 29.35 2
157.93 21.35 3
86.68 30.43 2
92.12 29.73 4
76.47 42.48 2
89.03 42.62 4
92.0 30.2 3
108.73 42.82 2
115.17 36.08 1
100.97 37.05 1
96.75 40.85 2
118.4 33.93 1
79.5 35.03 3
95.82 44.45 1
70.62 41.4 3
74.85 44.93 2
80.8 33.92 2
118.4 45.5 3
80.28 25.82 4
114.08 46.92 2
79.92 39.65 3
119.32 47.2 2
89.67 44.78 1
85.38 40.23 4
86.68 36.12 1
76.28 36.93 1
117.2 32.7 4
75.02 40.08 1
122.68 48.25 3
88.77 37.07 2
101.6 44.05 2
83.42 42.67 1
158.62 56.95 2
73.88 41.63 3
68.05 46.68 1
111.72 40.22 2
77.3 38.5 4
121.15 44.27 3
116.97 32.82 3
117.88 33.67 4
82.83 42.62 2
93.72 40.25 1
94.07 45.55 2
72.02 44.42 2
77.83 40.85 3
117.1 35.33 2
147.3 61.9 1
105.57 36.42 2
89.33 39.53 2
121.15 45.62 1
115.37 47.6 1
104.33 37.25 3
107.27 33.23 1
95.9 36.2 2
97.22 31.62 1
95.35 48.93 1
82.4 31.25 4
72.72 42.17 4
93.55 38.73 2
150.05 61.75 3
80.67 41.27 1
115.0 33.1 3
