Process Time: 7.386318922042847
cost_init,cost_final,confilct_init,conflict_final
508.79999999999995 144.69999999999993 152 30
gapx, gapy = 5,0.2
minX, maxX = 60,180
minY, maxY = 16,72
105.87 37.45 4
106.6 35.05 4
74.37 40.75 4
149.85 61.22 2
159.53 61.58 4
84.52 33.78 3
119.05 35.43 2
96.0 36.75 3
121.45 39.13 4
80.72 32.48 3
80.33 40.75 3
81.12 37.78 4
122.53 48.8 1
110.1 42.57 4
101.45 32.3 2
86.75 33.57 2
118.6 37.6 2
89.6 41.16 3
94.13 46.4 4
105.67 45.67 4
96.8 44.3 1
145.0 60.33 4
87.25 32.9 1
80.93 35.22 2
87.62 41.87 1
117.68 35.68 1
117.63 33.97 3
81.48 41.57 2
104.72 38.82 3
84.93 32.52 4
89.58 37.23 1
133.25 55.8 4
76.5 36.13 4
100.92 29.37 2
93.65 41.53 1
83.02 42.42 3
102.8 46.78 4
84.52 33.92 3
88.25 41.92 3
141.15 64.77 3
117.88 34.9 2
103.1 44.15 3
96.2 38.33 2
119.52 47.32 3
80.18 42.08 3
87.08 45.73 3
123.22 44.12 4
122.28 47.92 1
118.7 39.42 4
78.88 35.0 4
111.67 35.13 2
83.75 42.97 2
110.35 31.6 3
122.58 47.08 3
85.2 41.0 2
105.08 40.58 3
92.13 37.75 4
81.87 26.65 4
171.73 63.77 4
104.8 47.13 2
101.7 39.37 2
116.13 45.92 3
110.15 39.0 1
118.33 33.92 4
99.27 38.85 1
92.85 47.38 4
93.75 28.22 2
99.17 29.35 3
93.1 34.48 4
79.82 37.95 1
97.87 38.07 3
70.28 41.67 3
117.12 32.57 3
73.1 40.78 2
83.32 37.6 4
90.08 32.32 4
78.83 40.32 1
99.0 40.73 3
92.55 40.1 2
91.25 43.87 3
118.0 45.28 4
103.52 38.05 4
120.35 42.18 3
93.93 40.62 2
76.3 40.13 4
108.73 42.82 1
99.47 27.53 3
71.12 42.72 3
80.4 37.87 3
109.45 47.05 4
96.75 40.85 4
110.43 45.7 2
90.18 43.2 3
67.88 46.95 1
106.28 35.88 4
101.82 33.65 1
82.52 27.85 1
90.66 40.52 3
83.65 32.7 3
111.18 47.5 1
113.37 42.3 3
150.65 65.0 1
82.52 40.82 4
75.68 35.92 3
104.02 30.37 2
88.28 39.48 3
95.78 34.88 4
116.1 44.88 4
74.6 40.02 2
122.87 42.37 4
98.58 37.3 4
90.0 35.05 3
80.43 25.65 1
80.28 25.82 2
87.9 42.95 3
89.05 28.78 3
98.03 43.77 3
120.95 37.63 1
85.51 35.15 1
86.4 32.3 4
118.07 34.23 3
76.57 40.43 3
78.93 33.68 3
73.98 40.77 3
76.5 37.13 3
97.43 41.98 1
106.4 32.9 2
141.93 62.97 1
95.92 41.12 2
94.9 38.85 3
149.88 70.5 4
116.17 42.58 1
122.12 37.47 3
95.07 46.9 4
80.6 28.23 2
70.82 43.08 3
118.85 45.68 4
78.13 41.47 4
122.83 37.83 1
79.02 35.17 4
70.32 43.65 3
124.22 39.58 1
121.28 35.67 4
122.25 40.15 3
121.15 44.27 1
89.45 45.63 1
91.72 45.48 4
79.97 37.32 2
85.17 34.35 1
101.83 47.75 3
122.38 37.62 4
120.4 34.03 1
118.73 34.75 3
119.83 34.43 3
120.45 34.9 4
74.2 44.38 3
82.55 27.4 2
84.37 46.47 2
87.4 46.35 3
73.93 42.85 4
103.6 41.87 1
122.3 47.45 4
77.97 35.33 3
96.67 33.72 3
166.03 66.27 2
108.17 32.63 3
146.67 62.03 4
86.32 41.7 4
95.87 28.03 3
95.15 43.17 1
117.53 47.63 1
121.33 47.28 4
77.83 40.85 2
98.18 32.22 4
76.12 43.12 3
89.33 39.53 2
115.37 47.6 4
112.2 40.17 3
95.62 39.07 3
122.4 45.55 4
103.6 35.18 3
156.47 20.42 1
100.55 42.87 3
91.77 38.13 3
96.92 28.85 3
78.98 36.95 4
111.12 44.68 2
156.12 20.0 4
90.93 36.13 4
82.4 31.25 3
73.72 41.07 2
80.2 37.46 3
116.25 41.33 1
103.63 48.18 2
105.58 48.1 1
71.87 42.27 3
83.4 44.45 1
120.53 46.57 1
110.42 44.55 4
116.08 37.58 3
