Process Time: 3.8570139408111572
cost_init,cost_final,confilct_init,conflict_final
380.0 141.8 110 30
gapx, gapy = 5,0.2
minX, maxX = 60,180
minY, maxY = 16,72
105.35 39.52 4
73.8 42.75 4
82.55 35.43 2
123.88 46.15 4
84.52 33.78 3
85.44 32.67 3
69.8 44.32 1
117.08 39.5 4
86.5 39.38 3
158.12 21.53 4
74.28 40.28 1
143.63 70.13 4
121.45 39.13 4
80.33 40.75 4
151.52 66.92 3
86.75 33.57 3
100.75 46.77 3
89.95 35.97 1
86.43 36.97 3
105.12 39.9 3
69.93 43.88 1
110.7 37.5 2
118.95 43.6 4
114.52 37.62 4
148.95 63.38 4
70.5 41.78 2
147.08 60.38 4
89.25 37.78 4
117.28 33.13 1
106.47 42.92 4
81.88 30.22 3
87.25 32.9 1
80.03 32.9 3
69.97 41.67 4
87.9 41.98 4
99.2 35.35 3
109.02 44.52 3
104.72 38.82 1
82.88 40.0 4
83.07 40.08 1
122.05 37.98 3
123.28 44.5 4
89.58 37.23 3
107.53 40.5 2
116.78 34.87 3
97.03 32.9 1
88.72 41.93 1
95.88 46.82 1
98.87 48.1 4
158.52 59.05 3
112.55 45.25 4
113.07 41.05 2
115.68 32.82 3
79.85 38.88 3
115.78 40.83 4
92.55 31.33 2
124.28 41.33 1
111.73 33.47 3
73.43 40.73 3
94.17 36.0 4
149.83 65.93 2
85.0 32.33 4
80.13 26.13 3
76.77 39.08 1
97.35 32.82 3
97.72 31.15 2
81.87 26.65 1
108.78 35.52 2
112.38 33.42 3
98.32 40.97 2
90.07 29.18 1
116.13 45.92 2
97.83 31.07 3
90.98 33.48 4
86.15 40.65 4
104.8 31.83 1
89.07 30.4 4
145.45 62.15 2
77.72 39.7 3
118.33 33.92 3
99.27 38.85 1
92.85 47.38 3
94.4 28.13 3
80.38 25.48 4
157.93 21.35 1
82.82 35.9 3
67.78 46.13 3
95.35 29.97 3
117.12 32.57 3
93.38 48.57 3
84.47 42.27 3
88.92 35.6 4
110.73 43.6 1
94.88 38.82 3
78.83 40.32 2
99.77 30.5 4
156.43 20.9 3
114.27 48.3 3
94.72 39.32 1
113.95 35.27 4
77.63 35.32 3
92.55 40.1 1
121.73 42.15 4
85.07 33.01 3
98.42 34.57 4
72.3 43.63 4
110.43 45.7 3
106.28 35.88 1
101.82 33.65 4
79.2 37.33 3
82.52 27.85 3
111.18 47.5 1
96.67 39.15 1
88.28 39.48 1
86.37 32.38 1
122.48 47.15 3
97.27 37.62 4
80.8 33.92 2
74.6 40.02 2
80.43 25.65 3
80.28 25.82 1
146.33 59.43 1
117.15 32.87 1
89.05 28.78 1
98.03 43.77 4
122.53 41.73 1
74.8 41.7 1
91.2 29.7 3
106.05 34.98 4
122.32 41.32 4
115.87 43.05 1
81.8 26.13 2
86.68 36.12 2
70.97 41.68 1
73.78 40.65 1
165.43 64.5 1
97.43 41.98 1
141.93 62.97 1
117.23 34.1 2
122.68 48.25 2
94.62 34.68 1
87.2 30.47 3
75.25 39.88 1
73.18 42.26 1
90.47 36.77 4
123.5 48.12 3
73.88 41.63 3
68.05 46.68 4
121.12 34.95 1
124.55 47.95 4
103.07 44.05 3
94.55 38.85 2
77.33 37.5 2
108.45 43.05 2
109.07 41.6 3
85.17 34.35 4
110.63 40.5 1
82.6 27.97 4
84.08 43.53 3
93.05 44.93 3
97.65 38.8 4
121.6 36.67 1
122.25 37.52 1
121.82 37.33 4
117.88 33.67 4
85.92 45.92 1
96.67 33.72 3
104.18 47.72 1
96.73 43.58 2
77.43 39.73 4
154.2 56.88 3
135.53 59.75 2
151.2 61.97 4
146.67 62.03 3
86.32 41.7 3
95.15 43.17 1
90.63 38.65 4
117.1 35.33 1
121.93 38.27 2
110.93 32.12 4
114.48 42.48 1
85.58 30.07 3
146.25 61.13 4
83.28 30.78 1
100.55 42.87 3
78.98 36.95 3
118.28 46.1 4
95.35 48.93 3
106.4 32.63 3
80.2 37.46 4
103.63 48.18 2
72.88 42.88 3
72.68 41.93 1
80.23 36.13 2
105.87 40.0 4
71.38 44.0 3
71.87 42.27 3
107.97 43.97 1
139.67 59.52 1
97.38 42.92 2
