Process Time: 10.59623908996582
cost_init,cost_final,confilct_init,conflict_final
946.9 267.49999999999994 290 66
gapx, gapy = 5,0.2
minX, maxX = 60,180
minY, maxY = 16,72
73.8 42.75 3
75.43 40.65 4
83.57 45.07 2
120.53 41.48 2
149.85 61.22 1
134.97 57.83 3
131.57 55.03 1
85.85 33.58 3
106.87 39.22 2
84.3 33.88 1
84.52 33.78 3
69.8 44.32 2
97.7 30.3 2
156.78 71.3 3
116.87 40.62 3
80.33 40.75 3
122.53 48.8 4
116.68 34.27 3
101.45 32.3 4
118.6 37.6 2
79.09 40.27 3
71.58 41.17 2
88.93 40.48 4
114.72 33.62 4
105.12 39.9 1
81.38 31.15 2
104.75 39.72 2
73.15 44.47 4
93.3 29.78 3
80.55 28.47 3
75.55 35.27 2
147.08 60.38 4
145.0 60.33 3
104.27 32.33 2
89.09 38.51 4
87.25 32.9 2
81.6 38.37 1
78.45 38.13 1
97.67 28.37 1
69.97 41.67 3
76.88 34.9 3
87.65 41.9 2
87.62 41.87 3
117.63 33.97 3
84.47 46.25 1
149.83 62.88 3
144.07 65.83 4
92.95 31.22 3
87.42 36.62 1
103.15 36.45 1
116.82 47.77 2
88.45 33.65 1
83.07 40.08 1
145.5 60.5 1
100.0 40.87 2
89.58 37.23 1
107.53 40.5 2
102.55 36.02 3
96.83 32.97 1
76.5 36.13 3
148.47 70.2 3
100.92 29.37 1
112.58 39.33 1
107.7 32.25 4
83.02 42.42 2
95.88 46.82 1
102.8 46.78 3
112.55 45.25 3
99.97 37.77 4
105.38 42.75 3
88.25 41.92 1
78.9 41.18 4
90.7 42.4 3
112.93 40.2 1
166.53 53.88 2
89.4 36.02 4
113.07 41.05 3
91.48 44.87 3
86.53 30.48 3
82.77 27.6 3
118.03 34.08 1
106.4 31.8 4
136.35 58.2 4
79.85 38.88 4
95.17 29.62 1
114.85 39.28 3
96.2 38.33 1
92.55 31.33 1
94.75 43.4 3
123.22 44.12 1
122.28 47.92 1
117.65 47.62 1
111.73 33.47 3
95.58 40.07 3
108.23 36.75 2
78.88 35.0 4
149.83 65.93 2
94.18 42.55 2
76.77 39.08 3
93.2 31.05 4
145.27 66.57 2
119.72 36.77 1
81.87 26.65 3
96.77 39.05 1
94.37 35.33 1
86.09 33.97 1
82.27 29.68 1
87.42 41.62 3
106.62 48.22 1
87.82 42.08 3
90.07 29.18 3
107.9 35.17 1
97.83 31.07 1
111.37 47.48 2
104.63 40.43 4
88.13 44.48 1
110.15 39.0 4
79.95 36.08 1
69.63 45.78 3
106.93 38.55 1
77.72 39.7 1
110.72 38.37 3
97.67 26.23 3
152.08 61.98 1
99.27 38.85 4
149.0 63.83 2
93.75 28.22 2
103.2 32.68 3
82.82 35.9 4
79.82 37.95 2
95.35 29.97 1
81.15 32.02 1
97.87 38.07 1
115.57 32.83 2
101.39 40.33 2
88.12 45.82 1
73.1 40.78 2
83.32 37.6 2
78.83 40.32 1
99.77 30.5 3
156.43 20.9 3
133.95 56.97 3
87.85 41.07 4
94.72 39.32 1
156.05 19.75 3
72.27 42.9 1
121.73 42.15 3
91.25 43.87 4
117.78 34.1 1
92.0 30.2 2
93.93 40.62 3
108.73 42.82 1
76.37 37.08 3
106.77 32.3 1
100.78 29.37 1
102.17 45.93 1
80.4 37.87 1
117.02 46.38 1
103.7 39.18 4
111.85 41.78 3
84.07 37.08 1
118.15 33.82 1
106.28 35.88 1
118.92 40.1 3
112.38 33.53 3
79.2 37.33 1
90.66 40.52 1
71.43 42.93 2
93.92 44.22 4
150.65 65.0 3
82.52 40.82 1
85.18 30.84 2
89.0 37.75 3
121.57 39.1 4
121.3 38.57 1
156.83 20.97 1
116.1 44.88 1
122.48 47.15 3
90.47 31.18 3
155.62 62.97 4
74.6 40.02 3
118.4 45.5 3
80.63 28.1 1
116.02 36.62 2
88.75 32.33 4
80.43 25.65 2
146.33 59.43 1
102.18 31.95 3
105.87 46.43 1
72.57 44.2 4
122.32 41.32 4
71.3 44.27 3
122.28 38.22 1
80.68 28.62 2
114.62 34.77 2
115.03 36.23 1
90.25 29.98 1
73.9 40.77 1
74.17 40.7 3
78.95 43.1 4
165.43 64.5 1
106.4 32.9 3
78.72 33.82 3
112.02 41.18 2
75.4 44.68 4
94.9 38.85 2
75.12 42.87 3
117.02 44.02 3
98.95 41.62 4
81.33 28.55 4
88.57 44.0 3
70.52 41.65 3
92.45 41.1 2
88.77 37.07 4
122.12 37.47 3
76.4 38.28 2
84.8 45.57 3
76.17 39.47 3
73.18 42.26 2
73.47 44.65 2
162.92 69.82 3
70.32 43.65 4
71.43 41.73 2
121.12 34.95 3
75.97 40.38 3
121.15 44.27 3
82.93 39.82 4
107.8 39.53 1
108.45 43.05 1
83.6 32.63 1
77.88 35.85 3
85.17 34.35 2
123.37 43.23 2
101.83 47.75 2
104.53 33.3 2
70.93 42.15 4
113.9 45.18 1
111.97 40.78 1
122.25 37.52 1
120.65 35.23 3
119.45 33.25 4
84.37 46.47 3
122.3 47.45 1
82.83 42.62 3
86.99 32.34 1
85.92 45.92 2
77.97 35.33 1
96.67 33.72 1
102.98 41.1 4
96.73 43.58 1
77.43 39.73 2
154.2 56.88 1
111.58 42.65 4
86.32 41.7 3
95.87 28.03 4
94.13 36.18 1
95.53 40.28 4
170.22 57.15 3
98.18 32.22 4
89.67 41.74 4
76.12 43.12 1
147.3 61.9 3
152.1 65.17 4
87.3 39.45 3
121.15 45.62 2
115.37 47.6 4
90.83 47.58 1
117.08 38.07 1
85.58 44.73 2
86.02 31.87 3
88.77 34.27 2
156.47 20.42 1
83.28 30.78 4
100.55 42.87 1
120.95 35.2 1
80.42 27.65 2
86.93 40.42 2
80.12 26.68 1
97.22 31.62 4
92.4 42.55 1
76.02 44.0 1
89.62 44.92 1
120.2 47.4 4
122.65 48.35 3
106.4 32.63 4
116.25 41.33 4
75.73 41.33 1
103.63 48.18 2
81.4 41.63 3
75.6 39.67 3
77.92 34.27 3
72.88 42.88 1
117.8 40.9 1
105.58 48.1 4
95.58 43.65 3
132.37 56.48 1
84.05 39.83 1
83.53 42.23 1
114.62 32.65 1
81.9 39.95 2
