Process Time: 76.05784177780151
cost_init,cost_final,confilct_init,conflict_final
2850.1 753.3000000000001 908 212
gapx, gapy = 5,0.2
minX, maxX = 60,180
minY, maxY = 16,72
176.65 51.88 2
99.98 42.58 2
84.18 31.53 4
73.8 42.75 4
93.37 43.68 2
98.03 27.73 4
75.43 40.65 4
90.05 38.88 3
78.32 40.3 4
149.85 61.22 1
159.53 61.58 1
131.57 55.03 2
106.87 39.22 1
74.57 39.45 3
81.55 28.08 3
86.5 39.38 2
68.37 44.45 3
160.3 22.05 2
74.28 40.28 2
156.78 71.3 2
85.23 42.3 1
121.45 39.13 1
80.72 32.48 2
116.95 33.93 2
71.28 42.47 4
86.43 42.13 1
71.18 44.58 2
161.8 60.78 1
151.52 66.92 1
116.68 34.27 2
145.73 64.0 2
110.1 42.57 4
152.3 60.82 4
101.48 32.39 1
108.53 45.8 2
86.75 33.57 3
90.15 38.57 4
79.09 40.27 4
109.78 38.03 4
88.93 40.48 2
120.7 39.28 2
81.22 37.3 2
116.22 43.57 1
89.67 29.55 3
71.03 42.37 2
89.6 41.16 4
122.77 47.48 4
99.65 41.43 1
98.96 31.79 2
69.93 43.88 2
104.75 39.72 2
112.5 45.95 1
92.4 33.52 2
93.3 29.78 2
103.32 34.38 1
80.55 28.47 2
70.5 41.78 3
134.22 56.0 2
75.55 35.27 2
137.05 58.33 1
145.0 60.33 3
68.02 46.87 3
104.27 32.33 3
97.43 32.78 2
106.47 42.92 2
120.57 37.38 3
81.88 30.22 2
91.7 41.88 1
148.48 67.5 1
80.93 35.22 4
85.2 35.03 1
76.2 37.5 1
87.62 41.87 2
87.75 41.78 3
87.9 41.98 4
149.83 62.88 1
144.07 65.83 2
81.48 41.57 4
162.72 55.2 3
96.37 30.58 1
81.12 33.95 4
71.5 43.2 2
97.65 39.55 2
145.5 60.5 2
124.23 41.78 1
83.1 29.62 2
106.95 36.02 4
103.6 43.77 3
95.55 30.07 4
96.85 32.85 2
96.97 32.73 3
78.2 42.97 4
110.88 32.17 4
81.05 29.18 3
148.47 70.2 2
100.92 29.37 1
107.7 32.25 1
93.65 41.53 2
112.55 45.25 2
85.45 31.32 4
109.6 31.45 2
105.38 42.75 3
112.93 40.2 1
89.4 36.02 4
141.15 64.77 2
91.48 44.87 2
117.88 34.9 4
82.77 27.6 4
115.68 32.82 4
106.4 31.8 2
117.73 33.67 2
86.0 41.72 2
101.88 37.0 4
79.85 38.88 4
115.78 40.83 4
95.17 29.62 4
103.1 44.15 4
76.9 42.17 4
91.82 47.9 4
114.85 39.28 1
96.2 38.33 1
119.52 47.32 3
87.08 45.73 3
91.78 28.47 2
124.28 41.33 2
111.0 41.33 1
87.53 38.05 4
147.87 64.82 2
117.65 47.62 2
74.28 40.87 4
111.73 33.47 3
94.17 36.0 3
78.88 35.0 3
83.67 41.02 1
149.83 65.93 1
111.67 35.13 2
71.6 42.57 3
94.18 42.55 4
121.32 36.0 1
80.13 26.13 2
76.77 39.08 1
121.77 36.68 1
93.2 31.05 3
98.4 34.65 1
85.2 41.0 3
79.87 41.38 2
105.5 39.57 3
119.72 36.77 2
105.08 40.58 1
85.97 37.9 1
96.77 39.05 1
94.37 35.33 2
81.57 31.88 1
117.97 33.87 3
86.09 33.97 2
90.43 40.93 3
108.78 35.52 2
94.87 29.27 3
171.73 63.77 2
106.62 48.22 2
104.8 47.13 2
73.62 43.35 3
112.38 33.42 1
97.18 47.95 4
111.37 47.48 2
110.15 39.0 1
79.95 36.08 2
69.63 45.78 2
96.07 33.07 2
90.08 33.5 4
75.4 43.23 1
86.15 40.65 3
77.72 39.7 3
119.6 46.57 2
82.53 43.83 4
77.42 40.37 3
98.43 40.6 4
89.33 31.47 1
118.33 33.92 2
122.12 37.65 2
112.0 46.6 2
81.38 35.75 3
111.97 41.12 1
99.05 35.0 2
106.1 32.85 2
135.45 58.1 1
123.97 46.97 4
79.82 37.95 2
84.68 44.37 2
90.65 29.57 2
95.28 29.65 1
81.15 32.02 2
82.55 38.37 3
112.07 43.52 1
115.57 32.83 1
115.57 36.53 2
92.12 29.73 4
88.12 45.82 4
73.1 40.78 2
76.47 42.48 1
84.47 42.27 2
88.92 35.6 3
110.73 43.6 2
78.83 40.32 1
106.93 47.33 4
99.77 30.5 4
134.58 58.37 2
133.95 56.97 2
114.27 48.3 3
158.28 21.75 3
99.08 29.98 2
131.7 55.35 2
159.67 22.38 1
97.68 31.08 4
97.82 27.5 2
77.63 35.32 1
83.98 35.82 4
152.5 57.75 4
118.0 45.28 2
117.78 34.1 3
92.0 30.2 1
120.35 42.18 2
74.35 40.03 3
81.95 28.03 1
93.93 40.62 1
76.3 40.13 3
108.73 42.82 1
76.37 37.08 2
84.6 42.77 4
106.77 32.3 1
100.78 29.37 1
89.17 31.67 2
71.12 42.72 2
80.4 37.87 1
85.0 38.05 3
100.97 37.05 1
97.15 46.1 4
159.35 21.98 4
103.7 39.18 4
96.75 40.85 4
110.43 45.7 3
91.1 29.7 3
153.23 70.92 2
118.05 33.78 4
118.4 33.93 1
101.82 33.65 1
112.38 33.53 4
79.5 35.03 1
112.32 42.17 4
111.18 47.5 2
118.92 37.63 3
71.43 42.93 2
87.67 44.13 2
93.92 44.22 3
117.27 33.88 2
87.95 46.88 1
95.82 44.45 2
70.62 41.4 3
121.57 39.1 4
88.28 39.48 4
156.83 20.97 4
116.1 44.88 1
97.27 37.62 2
100.58 40.22 4
80.8 33.92 3
155.62 62.97 1
166.27 60.37 1
116.02 36.62 4
88.75 32.33 2
88.57 32.55 2
80.28 25.92 1
80.43 25.65 2
113.03 38.72 1
87.9 42.95 1
152.27 63.9 1
101.35 48.42 4
109.75 38.77 2
100.43 45.53 2
120.95 37.63 3
118.15 35.05 2
90.52 41.45 4
157.1 21.15 2
94.35 37.33 1
72.57 44.2 1
107.88 38.5 1
83.2 30.97 3
91.2 29.7 3
79.92 39.65 3
88.86 38.32 3
118.07 34.23 1
71.3 44.27 1
101.05 42.05 1
85.38 40.23 1
87.62 34.75 1
122.28 38.22 1
71.52 42.78 3
91.25 31.62 4
114.62 34.77 3
88.53 44.22 1
115.03 36.23 2
149.08 64.55 2
163.3 62.07 2
77.05 35.08 3
72.67 41.22 2
91.88 30.03 2
72.08 41.3 2
90.25 29.98 4
77.43 34.7 3
73.9 40.77 3
74.1 41.5 1
124.05 44.63 2
72.33 45.55 2
76.5 37.13 4
78.95 43.1 1
165.43 64.5 1
97.47 35.23 1
124.25 43.42 4
100.68 41.13 1
71.18 42.18 3
122.68 48.25 1
122.22 37.73 1
75.4 44.68 1
94.9 38.85 4
149.88 70.5 4
122.9 46.97 4
95.9 41.3 2
119.53 48.42 2
75.12 42.87 1
117.02 44.02 4
81.33 28.55 4
92.45 41.1 4
87.17 37.75 4
116.17 42.58 2
89.54 34.39 2
96.25 28.72 2
116.5 33.83 3
118.13 35.05 2
122.12 37.47 1
85.68 30.2 3
95.45 33.63 4
95.07 46.9 1
119.12 46.27 2
80.6 28.23 2
145.5 63.03 2
84.8 45.57 2
118.85 45.68 2
87.2 30.47 1
89.68 40.67 4
101.6 44.05 2
78.13 41.47 3
100.28 44.38 1
122.83 37.83 1
73.18 42.26 1
162.92 69.82 4
119.12 34.12 4
79.02 35.17 2
134.65 56.25 1
94.02 30.58 1
166.87 65.25 1
110.75 39.62 2
150.65 66.82 2
71.43 41.73 1
111.72 40.22 2
121.28 35.67 2
153.25 62.17 2
124.55 47.95 1
98.28 29.53 3
103.07 44.05 2
122.25 40.15 1
121.15 44.27 3
122.22 47.5 1
82.93 39.82 4
107.8 39.53 4
77.67 43.12 3
97.03 28.08 1
77.88 35.85 2
123.37 43.23 2
101.83 47.75 2
104.53 33.3 3
98.82 38.87 1
73.95 43.53 2
121.6 38.7 3
84.08 43.53 4
113.6 37.08 3
88.96 38.63 3
106.05 38.53 3
97.65 38.8 4
121.6 36.67 4
75.5 38.33 2
111.97 40.78 2
98.47 29.33 4
116.97 32.82 4
122.38 37.62 4
121.82 37.33 4
117.58 33.38 4
120.4 34.03 4
81.25 28.78 1
106.08 35.62 2
122.82 38.52 1
87.4 46.35 2
103.6 41.87 4
111.92 33.62 3
122.3 47.45 1
122.3 47.53 1
85.92 45.92 1
149.75 60.18 4
123.37 42.62 2
80.47 33.97 2
124.07 40.03 4
174.13 53.2 4
106.97 44.77 2
96.67 33.72 1
166.03 66.27 2
110.0 34.27 1
104.18 47.72 1
108.17 32.63 2
122.47 41.78 2
77.43 39.73 1
135.35 57.07 1
135.53 59.75 3
86.5 36.0 2
106.9 34.07 1
95.87 28.03 4
81.96 34.92 4
95.15 43.17 2
93.38 37.23 4
90.63 38.65 1
90.37 38.75 2
121.33 47.28 3
78.85 38.27 1
89.67 41.74 4
97.09 36.16 1
121.25 37.9 2
114.3 43.5 3
117.1 35.33 2
76.12 43.12 1
122.58 47.27 4
147.3 61.9 2
152.1 65.17 1
97.42 31.15 2
121.15 45.62 1
96.18 48.07 2
115.37 47.6 4
80.8 28.52 2
90.83 47.58 2
117.08 38.07 2
112.2 40.17 4
95.62 39.07 2
95.67 38.95 2
118.33 33.8 4
121.93 38.27 2
74.82 40.28 2
104.33 37.25 1
122.4 45.55 4
86.02 31.87 3
160.8 63.88 1
156.47 20.42 2
75.38 43.15 2
146.35 61.13 4
118.48 34.22 1
120.95 35.2 1
80.42 27.65 2
91.77 38.13 1
96.92 28.85 4
78.98 36.95 4
111.12 44.68 1
156.12 20.0 2
159.85 70.62 1
75.48 37.85 3
90.93 36.13 1
95.35 48.93 1
77.04 38.85 2
76.02 44.0 1
120.2 47.4 2
92.42 37.22 2
72.72 42.17 4
72.63 40.85 2
80.65 40.18 4
73.72 41.07 4
106.4 32.63 2
80.2 37.46 4
93.55 38.73 2
98.5 33.98 1
116.25 41.33 2
76.92 41.25 4
103.63 48.18 3
81.4 41.63 1
150.05 61.75 4
72.88 42.88 4
72.68 41.93 2
117.8 40.9 2
110.73 35.02 4
80.23 36.13 2
84.05 39.83 1
139.67 59.52 4
97.38 42.92 1
80.67 41.27 1
115.0 33.1 3
114.4 32.85 3
81.9 39.95 3
