Process Time: 83.62734317779541
cost_init,cost_final,confilct_init,conflict_final
3732.0 1324.5000000000002 1194 386
gapx, gapy = 5,0.2
minX, maxX = 60,180
minY, maxY = 16,72
99.68 32.42 4
176.65 51.88 4
103.22 40.17 2
73.8 42.75 4
93.37 43.68 3
92.3 31.38 4
102.8 42.05 2
82.52 31.53 4
90.05 38.88 3
120.53 41.48 4
74.37 40.75 4
149.85 61.22 4
82.72 34.5 3
76.87 38.82 4
83.75 42.22 2
131.57 55.03 2
97.02 34.3 3
106.87 39.22 4
81.57 29.12 2
83.32 33.95 4
82.23 39.21 1
84.42 33.65 1
84.3 33.88 3
74.57 39.45 2
173.3 53.5 3
85.44 32.67 1
69.8 44.32 3
81.97 33.37 3
122.75 45.25 4
76.67 39.18 4
68.37 44.45 2
158.12 21.53 4
143.63 70.13 2
96.0 36.75 1
91.15 30.53 4
116.87 40.62 4
121.45 39.13 1
80.33 40.75 2
81.12 37.78 3
122.53 48.8 4
97.68 30.2 4
71.18 44.58 3
116.68 34.27 3
110.1 42.57 3
101.48 32.39 2
86.75 33.57 3
118.6 37.6 3
90.15 38.57 4
71.58 41.17 2
88.93 40.48 2
86.62 39.13 4
81.22 37.3 4
89.95 35.97 4
89.67 29.55 4
71.03 42.37 2
78.63 41.8 2
94.13 46.4 4
82.4 36.48 4
105.67 45.67 2
99.65 41.43 4
124.47 42.08 4
98.96 31.79 2
81.38 31.15 2
69.93 43.88 2
122.33 48.5 4
118.95 43.6 2
99.15 41.78 4
112.5 45.95 2
89.22 37.07 4
114.52 37.62 2
81.43 40.92 4
147.08 60.38 4
89.25 37.78 1
117.28 33.13 4
106.47 42.92 2
120.57 37.38 2
81.88 30.22 4
91.7 41.88 4
89.09 38.51 4
87.25 32.9 2
103.08 42.83 4
114.22 44.52 2
88.28 40.03 3
148.48 67.5 4
80.03 32.9 2
81.6 38.37 2
80.93 35.22 1
69.97 41.67 3
76.2 37.5 3
104.82 41.15 1
87.62 41.87 3
87.75 41.78 2
121.85 39.78 4
117.68 35.68 3
84.43 39.1 4
144.07 65.83 4
80.23 39.28 2
103.15 36.45 1
81.48 41.57 3
99.2 35.35 1
109.02 44.52 2
104.72 38.82 1
84.93 32.52 2
97.35 41.45 4
82.88 40.0 3
83.07 40.08 3
118.47 48.88 3
122.05 37.98 4
85.95 43.07 4
87.85 47.47 2
145.5 60.5 2
105.68 34.1 4
97.5 27.77 1
89.58 37.23 1
133.25 55.8 2
107.53 40.5 1
83.1 29.62 2
106.95 36.02 4
103.6 43.77 2
112.37 48.6 2
116.78 34.87 2
96.87 32.68 2
96.97 32.73 1
78.2 42.97 1
87.6 40.2 2
79.33 36.57 3
110.88 32.17 2
88.72 41.93 1
148.47 70.2 4
100.92 29.37 1
104.87 39.75 4
93.65 41.53 3
83.02 42.42 3
95.88 46.82 4
75.5 35.25 3
158.52 59.05 4
99.97 37.77 2
85.45 31.32 4
88.25 41.92 1
78.9 41.18 4
90.7 42.4 4
143.92 62.73 4
86.52 30.65 1
107.75 37.15 4
166.53 53.88 2
89.4 36.02 3
106.92 39.65 1
113.07 41.05 4
91.48 44.87 1
86.53 30.48 4
82.77 27.6 3
92.8 33.22 4
118.03 34.08 2
106.4 31.8 2
117.73 33.67 4
135.37 59.62 4
136.35 58.2 4
115.43 45.82 3
86.0 41.72 4
101.88 37.0 4
95.17 29.62 4
76.9 42.17 2
91.82 47.9 4
114.85 39.28 4
96.2 38.33 4
104.83 39.57 2
97.8 36.38 1
80.18 42.08 4
94.75 43.4 3
91.78 28.47 2
124.28 41.33 4
111.0 41.33 1
87.53 38.05 3
122.28 47.92 2
117.65 47.62 2
111.73 33.47 2
118.7 39.42 2
95.58 40.07 2
154.47 62.85 2
73.43 40.73 3
108.23 36.75 4
94.17 36.0 4
77.18 38.72 1
104.77 38.68 3
71.6 42.57 2
75.73 44.05 2
121.32 36.0 4
122.58 47.08 2
81.87 26.58 3
121.77 36.68 2
93.2 31.05 3
98.4 34.65 3
85.2 41.0 1
145.27 66.57 4
87.5 36.67 2
97.72 31.15 1
81.87 26.65 4
94.37 35.33 3
81.57 31.88 1
117.97 33.87 2
134.9 58.25 2
86.09 33.97 1
99.77 36.3 4
149.48 68.48 3
94.87 29.27 3
117.38 34.58 2
113.17 33.55 1
105.53 44.35 4
106.62 48.22 4
73.62 43.35 3
87.82 42.08 3
115.17 43.0 4
112.38 33.42 2
112.15 35.95 4
93.52 47.22 4
116.13 45.92 4
107.9 35.17 1
111.37 47.48 3
104.63 40.43 4
88.13 44.48 1
82.35 34.85 4
96.07 33.07 3
90.08 33.5 1
75.4 43.23 1
86.15 40.65 3
72.05 41.33 4
104.8 31.83 1
77.72 39.7 4
119.6 46.57 2
82.53 43.83 3
97.67 26.23 4
93.15 36.27 2
72.65 41.73 2
98.43 40.6 1
109.77 48.55 3
118.33 33.92 4
118.63 38.55 4
152.08 61.98 2
99.27 38.85 1
122.12 37.65 4
92.85 47.38 3
94.4 28.13 3
111.97 41.12 3
99.83 39.38 2
122.95 45.53 4
103.2 32.68 4
106.1 32.85 1
151.5 59.63 3
99.17 29.35 4
123.97 46.97 4
93.1 34.48 2
79.82 37.95 2
84.68 44.37 2
67.78 46.13 1
90.65 29.57 2
95.35 29.97 2
95.28 29.65 4
82.55 38.37 1
86.77 34.65 2
97.87 38.07 4
70.28 41.67 3
112.07 43.52 4
101.39 40.33 2
117.12 32.57 3
115.57 36.53 3
92.12 29.73 1
88.12 45.82 4
90.13 46.53 2
73.1 40.78 2
76.47 42.48 1
83.32 37.6 1
84.47 42.27 1
90.08 32.32 4
88.92 35.6 2
110.73 43.6 2
81.68 30.23 2
77.62 34.82 2
79.25 42.15 3
92.17 38.6 1
78.83 40.32 4
94.5 37.17 3
99.77 30.5 4
85.55 42.23 1
94.72 39.32 2
72.27 42.9 2
88.92 30.42 2
151.25 60.57 2
99.08 29.98 4
97.68 31.08 4
156.65 58.68 4
97.82 27.5 2
92.55 40.1 4
152.5 57.75 4
91.25 43.87 2
118.0 45.28 3
85.07 33.01 1
71.43 43.57 2
92.0 30.2 4
81.95 28.03 1
118.22 34.73 4
108.73 42.82 4
76.37 37.08 4
84.6 42.77 4
106.77 32.3 4
105.15 35.65 4
115.17 36.08 1
89.17 31.67 4
71.12 42.72 3
98.42 34.57 4
72.3 43.63 4
117.02 46.38 3
109.45 47.05 2
85.0 38.05 3
100.97 37.05 2
97.15 46.1 4
159.35 21.98 4
84.07 37.08 4
94.72 32.38 2
101.82 33.65 4
112.38 33.53 2
89.33 43.13 2
112.32 42.17 3
113.37 42.3 4
118.92 37.63 2
86.25 44.27 3
93.92 44.22 2
85.18 30.84 2
89.0 37.75 4
70.62 41.4 1
121.57 39.1 4
93.33 43.15 4
74.85 44.93 2
121.3 38.57 1
156.83 20.97 2
95.78 34.88 2
122.48 47.15 3
121.4 38.67 1
90.47 31.18 1
97.27 37.62 4
100.58 40.22 4
155.62 62.97 4
74.6 40.02 3
118.4 45.5 3
80.63 28.1 2
87.63 45.12 2
120.52 37.28 3
88.57 32.55 4
80.43 25.65 4
146.33 59.43 4
105.87 46.43 4
113.03 38.72 4
75.07 39.37 3
87.9 42.95 1
101.28 48.27 2
98.03 43.77 1
109.75 38.77 1
100.43 45.53 2
120.95 37.63 2
157.1 21.15 4
92.05 32.52 3
122.53 41.73 4
85.51 35.15 4
121.85 36.58 1
86.4 32.3 3
74.8 41.7 1
72.57 44.2 4
107.88 38.5 4
91.2 29.7 1
79.92 39.65 2
106.05 34.98 3
89.67 44.78 2
118.07 34.23 4
115.87 43.05 1
71.3 44.27 1
101.05 42.05 4
86.25 43.17 2
78.93 33.68 3
122.28 38.22 4
81.8 26.13 4
80.68 28.62 3
91.25 31.62 4
114.62 34.77 3
88.53 44.22 1
149.08 64.55 4
91.88 30.03 2
90.25 29.98 3
77.43 34.7 3
73.78 40.65 3
73.9 40.77 1
74.1 41.5 1
72.33 45.55 4
78.95 43.1 4
169.42 53.58 1
165.43 64.5 4
76.28 36.93 2
76.2 36.9 3
97.47 35.23 4
96.02 41.37 2
100.68 41.13 4
141.93 62.97 3
71.18 42.18 3
71.42 41.6 4
78.72 33.82 2
75.02 40.08 3
98.68 42.47 4
122.68 48.25 4
75.13 38.55 3
112.02 41.18 4
75.4 44.68 1
97.6 35.4 2
94.9 38.85 1
149.88 70.5 4
122.9 46.97 4
95.9 41.3 3
75.12 42.87 4
98.95 41.62 1
70.52 41.65 3
116.17 42.58 4
96.25 28.72 4
116.5 33.83 2
118.13 35.05 4
149.08 61.6 4
85.68 30.2 3
95.45 33.63 1
120.63 35.67 4
84.8 45.57 4
118.85 45.68 4
132.97 56.82 4
78.13 41.47 4
76.17 39.47 4
112.02 33.43 4
100.28 44.38 3
91.93 34.17 2
80.22 40.5 2
73.18 42.26 1
101.71 34.17 4
73.47 44.65 2
112.6 42.92 2
162.92 69.82 4
119.12 34.12 1
97.1 36.73 4
79.02 35.17 4
90.47 36.77 4
134.65 56.25 2
166.87 65.25 2
158.62 56.95 4
70.32 43.65 2
110.75 39.62 4
150.65 66.82 2
71.43 41.73 2
111.72 40.22 3
124.22 39.58 2
121.12 34.95 4
121.28 35.67 4
104.52 38.28 4
153.25 62.17 4
77.3 38.5 4
124.55 47.95 4
91.2 39.93 4
71.25 41.36 3
104.5 36.74 2
75.97 40.38 3
122.25 40.15 4
121.15 44.27 2
95.08 44.55 1
122.22 47.5 2
91.72 45.48 4
107.8 39.53 3
108.45 43.05 4
79.97 37.32 2
83.6 32.63 3
92.5 43.92 4
77.67 43.12 3
69.12 44.07 3
77.88 35.85 1
85.17 34.35 2
101.83 47.75 2
104.53 33.3 4
82.6 27.97 4
98.82 38.87 2
109.68 32.82 2
123.0 44.92 4
106.05 38.53 1
97.65 38.8 4
121.6 36.67 2
100.5 31.37 1
98.47 29.33 4
117.62 33.42 4
116.97 32.82 4
121.92 37.37 4
120.4 34.03 1
81.25 28.78 2
117.88 33.67 4
122.82 38.52 4
89.85 38.55 4
122.3 47.53 1
82.83 42.62 1
85.92 45.92 3
77.97 35.33 2
80.47 33.97 1
123.15 47.25 4
106.97 44.77 2
166.03 66.27 4
110.0 34.27 2
93.75 32.52 4
104.18 47.72 4
96.38 42.4 2
96.73 43.58 4
122.47 41.78 2
77.43 39.73 3
151.2 61.97 4
86.5 36.0 1
146.67 62.03 2
111.58 42.65 4
95.87 28.03 1
79.39 35.24 1
95.15 43.17 1
94.13 36.18 1
89.67 39.85 4
93.38 37.23 2
90.63 38.65 2
72.02 44.42 1
95.53 40.28 2
121.33 47.28 1
106.82 40.48 1
98.18 32.22 4
89.67 41.74 3
121.25 37.9 4
76.12 43.12 3
122.58 47.27 4
147.3 61.9 4
105.57 36.42 4
89.33 39.53 2
97.42 31.15 1
94.0 33.45 4
116.17 33.63 4
97.38 35.42 2
80.8 28.52 1
122.8 46.48 1
117.08 38.07 2
112.2 40.17 4
95.67 38.95 2
118.33 33.8 1
85.58 44.73 2
121.93 38.27 3
104.33 37.25 3
86.02 31.87 4
120.13 39.32 4
107.27 33.23 2
103.6 35.18 4
95.9 36.2 3
87.62 33.23 1
117.83 33.7 2
116.15 34.28 2
114.48 42.48 1
156.47 20.42 2
75.38 43.15 2
146.35 61.13 2
83.28 30.78 3
100.55 42.87 3
97.92 36.33 4
120.95 35.2 2
109.52 40.45 4
119.4 36.32 4
90.27 43.93 1
80.12 26.68 2
111.12 44.68 4
159.85 70.62 4
118.28 46.1 1
90.93 36.13 2
77.46 38.95 2
77.04 38.85 3
82.4 31.25 2
92.42 37.22 2
72.63 40.85 2
72.53 42.2 4
80.65 40.18 2
122.65 48.35 2
73.72 41.07 3
80.2 37.46 4
148.72 60.78 2
97.43 37.65 4
116.25 41.33 3
75.73 41.33 4
111.67 33.3 4
76.92 41.25 4
103.63 48.18 2
75.15 40.2 2
72.88 42.88 4
103.2 31.78 4
80.23 36.13 2
105.87 40.0 3
105.58 48.1 4
71.38 44.0 4
71.87 42.27 2
84.05 39.83 1
83.4 44.45 2
120.53 46.57 2
83.53 42.23 1
115.0 33.1 3
