Process Time: 171.6819179058075
cost_init,cost_final,confilct_init,conflict_final
3874.8 963.8 1242 274
gapx, gapy = 5,0.2
minX, maxX = 60,180
minY, maxY = 16,72
98.43 45.45 4
176.65 51.88 1
105.35 39.52 2
103.22 40.17 4
105.87 37.45 4
84.18 31.53 2
106.6 35.05 2
98.03 27.73 4
75.43 40.65 1
102.8 42.05 2
90.05 38.88 2
78.32 40.3 1
120.53 41.48 2
99.27 34.67 1
157.85 67.1 4
82.72 34.5 1
134.97 57.83 2
159.53 61.58 1
131.57 55.03 1
88.52 44.25 1
97.02 34.3 4
82.55 35.43 1
106.87 39.22 1
83.32 33.95 2
84.42 33.65 2
84.52 33.78 1
85.44 32.67 2
69.8 44.32 2
88.32 41.77 1
122.75 45.25 4
117.08 39.5 1
97.7 30.3 1
117.82 44.83 2
119.05 35.43 4
76.67 39.18 3
68.82 44.8 2
160.3 22.05 1
74.28 40.28 3
156.78 71.3 2
143.63 70.13 3
85.23 42.3 1
116.87 40.62 4
121.45 39.13 1
116.95 33.93 2
122.53 48.8 2
94.93 47.5 4
86.43 42.13 3
97.68 30.2 3
71.18 44.58 2
161.8 60.78 4
110.1 42.57 1
152.3 60.82 4
101.48 32.39 2
101.45 32.3 3
86.75 33.57 3
100.75 46.77 4
109.78 38.03 3
88.93 40.48 2
81.22 37.3 4
114.72 33.62 2
89.95 35.97 1
78.63 41.8 2
94.13 46.4 1
73.13 41.17 1
82.4 36.48 1
99.65 41.43 3
124.47 42.08 1
96.8 44.3 4
81.38 31.15 3
69.93 43.88 2
104.75 39.72 3
110.7 37.5 2
113.77 42.53 3
91.12 40.78 2
99.15 41.78 4
112.5 45.95 1
114.52 37.62 4
92.4 33.52 1
103.32 34.38 4
124.95 43.38 1
80.55 28.47 4
70.5 41.78 2
134.22 56.0 2
75.55 35.27 1
147.08 60.38 1
145.0 60.33 2
68.02 46.87 1
117.28 33.13 4
104.27 32.33 1
97.43 32.78 1
81.88 30.22 3
113.1 37.7 3
89.09 38.51 3
99.32 43.8 2
148.48 67.5 2
80.03 32.9 2
80.93 35.22 1
78.45 38.13 4
97.67 28.37 4
76.88 34.9 2
87.65 41.9 2
87.75 41.78 2
87.9 41.98 1
117.68 35.68 2
149.83 62.88 1
92.95 31.22 2
81.48 41.57 1
99.2 35.35 2
109.02 44.52 2
116.82 47.77 2
97.22 37.75 1
162.72 55.2 1
96.37 30.58 1
92.22 38.82 3
97.35 41.45 4
82.88 40.0 2
88.45 33.65 2
83.07 40.08 4
122.05 37.98 2
71.5 43.2 2
105.68 34.1 4
99.22 28.45 1
89.58 37.23 1
133.25 55.8 4
107.53 40.5 1
124.23 41.78 1
85.08 35.95 4
106.95 36.02 4
103.6 43.77 3
112.37 48.6 2
95.55 30.07 1
116.78 34.87 4
96.83 32.97 3
87.6 40.2 3
76.5 36.13 2
88.72 41.93 1
148.47 70.2 1
112.08 33.68 2
107.7 32.25 4
104.87 39.75 2
83.02 42.42 2
95.88 46.82 3
98.87 48.1 2
75.5 35.25 2
84.52 33.92 1
85.45 31.32 2
109.6 31.45 4
105.38 42.75 2
78.9 41.18 1
90.7 42.4 4
143.92 62.73 1
92.18 46.83 2
166.53 53.88 1
89.4 36.02 2
99.85 32.43 1
113.07 41.05 4
82.77 27.6 4
115.68 32.82 2
92.8 33.22 3
106.4 31.8 4
117.73 33.67 4
135.37 59.62 2
115.43 45.82 3
91.82 47.9 2
96.2 38.33 1
119.52 47.32 2
87.08 45.73 4
94.75 43.4 4
91.78 28.47 2
115.97 39.5 1
87.53 38.05 4
147.87 64.82 2
117.65 47.62 1
74.28 40.87 1
118.7 39.42 3
96.8 46.9 1
96.07 46.3 4
83.67 41.02 4
134.03 57.45 1
83.75 42.97 1
79.72 34.18 2
77.18 38.72 4
85.0 32.33 4
78.93 35.13 4
94.18 42.55 1
75.73 44.05 3
80.13 26.13 2
122.58 47.08 2
81.87 26.58 1
121.77 36.68 4
93.2 31.05 3
85.72 31.28 2
98.4 34.65 4
79.87 41.38 4
119.72 36.77 1
105.02 40.45 4
97.72 31.15 4
80.15 26.07 1
81.87 26.65 4
94.37 35.33 4
81.57 31.88 2
117.97 33.87 1
82.27 29.68 2
149.48 68.48 1
94.87 29.27 3
87.42 41.62 4
117.38 34.58 1
113.17 33.55 3
106.62 48.22 2
73.62 43.35 2
87.82 42.08 4
88.58 33.45 4
115.17 43.0 4
98.32 40.97 1
93.52 47.22 2
116.13 45.92 2
107.9 35.17 4
111.37 47.48 3
104.63 40.43 2
88.13 44.48 2
110.15 39.0 1
69.63 45.78 1
96.07 33.07 1
90.08 33.5 1
75.4 43.23 1
104.8 31.83 3
106.93 38.55 2
135.73 58.42 2
135.43 59.23 2
110.72 38.37 4
109.83 46.43 1
77.42 40.37 2
98.43 40.6 2
89.33 31.47 1
109.77 48.55 4
118.63 38.55 2
99.27 38.85 3
122.12 37.65 4
112.0 46.6 1
81.38 35.75 1
93.75 28.22 2
94.4 28.13 3
122.95 45.53 1
99.05 35.0 3
157.93 21.35 2
135.45 58.1 1
123.97 46.97 4
93.1 34.48 2
82.82 35.9 3
84.68 44.37 3
67.78 46.13 1
95.35 29.97 4
95.28 29.65 3
82.55 38.37 3
86.77 34.65 3
86.68 30.43 3
98.22 44.38 1
70.28 41.67 2
112.07 43.52 2
154.92 59.75 2
101.39 40.33 3
115.57 36.53 1
86.27 39.73 4
93.38 48.57 2
88.12 45.82 1
90.13 46.53 2
73.1 40.78 2
76.47 42.48 3
83.32 37.6 4
81.68 30.23 1
77.62 34.82 3
72.0 42.8 4
79.25 42.15 1
89.03 42.62 1
78.83 40.32 1
90.65 35.83 4
94.5 37.17 4
156.43 20.9 2
133.95 56.97 2
85.55 42.23 1
94.72 39.32 1
99.0 40.73 1
88.92 30.42 4
98.58 29.38 1
81.75 24.55 3
81.68 24.57 2
159.67 22.38 3
156.65 58.68 3
113.95 35.27 1
77.63 35.32 3
85.07 33.01 2
103.52 38.05 1
92.0 30.2 4
120.0 38.9 1
102.6 38.12 2
93.93 40.62 1
156.95 20.8 3
105.15 35.65 3
115.17 36.08 1
79.4 40.28 3
98.42 34.57 2
106.3 39.25 1
80.4 37.87 4
100.97 37.05 1
103.7 39.18 4
94.52 45.13 2
121.82 37.7 1
110.43 45.7 2
111.85 41.78 1
90.18 43.2 2
153.23 70.92 2
118.15 33.82 1
94.72 32.38 1
67.88 46.95 2
118.05 33.78 4
106.28 35.88 3
118.92 40.1 4
94.75 31.23 1
112.38 33.53 4
79.2 37.33 2
82.52 27.85 3
79.5 35.03 4
111.18 47.5 2
118.92 37.63 2
71.43 42.93 2
96.67 39.15 4
150.65 65.0 1
75.68 35.92 3
117.27 33.88 2
85.18 30.84 3
89.0 37.75 4
88.68 41.37 4
95.82 44.45 2
70.62 41.4 3
121.57 39.1 3
74.85 44.93 2
88.28 39.48 3
86.37 32.38 2
81.42 30.4 2
98.23 26.18 2
142.92 61.43 1
122.48 47.15 3
100.58 40.22 2
80.8 33.92 3
155.62 62.97 4
74.6 40.02 3
166.27 60.37 2
80.63 28.1 3
89.87 35.35 1
87.63 45.12 2
120.52 37.28 3
88.75 32.33 4
88.57 32.55 1
80.28 25.92 4
146.33 59.43 1
102.18 31.95 1
105.87 46.43 1
113.03 38.72 2
87.9 42.95 3
98.07 32.78 1
101.35 48.42 1
114.08 46.92 2
98.03 43.77 4
88.25 30.68 1
88.07 30.63 4
100.43 45.53 2
122.05 37.42 4
118.15 35.05 2
112.32 44.57 4
92.05 32.52 2
122.53 41.73 4
85.51 35.15 4
86.4 32.3 3
74.8 41.7 4
107.88 38.5 1
83.2 30.97 1
104.81 44.35 4
79.92 39.65 1
106.05 34.98 3
122.32 41.32 1
118.07 34.23 2
71.3 44.27 2
101.05 42.05 3
85.38 40.23 1
95.36 35.66 1
122.28 38.22 1
71.52 42.78 3
114.62 34.77 3
88.53 44.22 4
115.03 36.23 3
149.08 64.55 3
163.3 62.07 2
77.05 35.08 3
72.67 41.22 2
91.88 30.03 3
73.98 40.77 3
73.78 40.65 1
73.9 40.77 3
74.1 41.5 1
124.05 44.63 4
72.33 45.55 2
76.5 37.13 3
78.95 43.1 3
169.42 53.58 1
165.43 64.5 1
76.28 36.93 2
76.2 36.9 4
97.47 35.23 3
117.2 32.7 1
106.4 32.9 4
71.18 42.18 2
75.02 40.08 2
98.68 42.47 4
76.03 36.82 3
112.02 41.18 1
149.88 70.5 1
119.53 48.42 1
75.12 42.87 1
117.02 44.02 2
117.62 34.05 3
98.95 41.62 1
81.33 28.55 1
92.45 41.1 4
116.17 42.58 1
119.2 34.2 1
88.77 37.07 4
111.45 36.93 2
94.62 34.68 3
116.5 33.83 3
118.13 35.05 2
85.68 30.2 4
95.45 33.63 4
95.07 46.9 1
81.43 39.35 2
145.5 63.03 2
111.33 34.23 1
87.2 30.47 2
94.32 46.6 4
101.6 44.05 4
78.13 41.47 3
76.17 39.47 2
112.02 33.43 3
100.28 44.38 2
122.83 37.83 1
91.93 34.17 4
80.22 40.5 4
101.71 34.17 2
112.6 42.92 2
162.92 69.82 2
119.12 34.12 1
83.42 42.67 1
94.02 30.58 1
166.87 65.25 2
158.62 56.95 2
122.6 45.6 3
73.88 41.63 3
112.43 34.65 2
68.05 46.68 4
71.43 41.73 1
148.33 70.25 2
124.22 39.58 4
121.28 35.67 1
104.52 38.28 1
153.25 62.17 1
91.2 39.93 4
98.28 29.53 4
103.07 44.05 4
104.5 36.74 2
122.25 40.15 2
122.3 40.5 1
94.55 38.85 4
107.8 39.53 1
117.45 33.95 2
108.45 43.05 2
79.97 37.32 2
77.67 43.12 1
85.17 34.35 4
123.37 43.23 2
101.83 47.75 3
73.95 43.53 1
121.6 38.7 3
84.08 43.53 2
82.68 27.92 4
123.0 44.92 4
75.5 38.33 2
113.9 45.18 1
111.97 40.78 2
98.47 29.33 4
116.97 32.82 2
121.92 37.37 2
120.65 35.23 1
117.58 33.38 4
120.4 34.03 4
119.45 33.25 1
160.5 55.33 3
102.42 30.17 4
118.45 34.02 4
122.82 38.52 1
82.55 27.4 2
84.37 46.47 3
81.2 32.13 2
73.93 42.85 2
89.85 38.55 4
103.6 41.87 1
122.3 47.53 4
82.83 42.62 2
86.99 32.34 2
77.97 35.33 2
80.47 33.97 2
123.15 47.25 4
106.97 44.77 1
102.98 41.1 1
96.38 42.4 3
96.73 43.58 2
122.47 41.78 2
135.35 57.07 1
89.82 30.35 1
86.5 36.0 2
95.87 28.03 4
79.39 35.24 4
81.96 34.92 4
93.72 40.25 3
117.53 47.63 1
93.38 37.23 2
90.63 38.65 1
72.02 44.42 1
95.53 40.28 2
90.37 38.75 3
170.22 57.15 2
121.33 47.28 1
77.83 40.85 4
106.82 40.48 2
89.67 41.74 4
97.09 36.16 4
114.3 43.5 1
117.1 35.33 2
120.95 40.63 2
76.12 43.12 1
122.58 47.27 3
147.3 61.9 2
82.53 27.97 1
105.57 36.42 1
97.42 31.15 4
94.0 33.45 3
121.15 45.62 2
96.18 48.07 4
115.37 47.6 4
122.8 46.48 1
112.2 40.17 4
95.67 38.95 2
121.93 38.27 2
74.82 40.28 3
120.13 39.32 4
107.27 33.23 3
95.9 36.2 2
88.77 34.27 1
117.83 33.7 4
116.15 34.28 2
114.48 42.48 4
152.13 69.37 4
160.8 63.88 2
156.47 20.42 3
75.38 43.15 2
118.48 34.22 1
97.92 36.33 1
120.95 35.2 4
109.52 40.45 4
96.92 28.85 1
119.4 36.32 2
90.27 43.93 3
80.12 26.68 2
111.12 44.68 4
97.22 31.62 2
156.12 20.0 2
159.85 70.62 1
118.28 46.1 1
75.48 37.85 2
90.93 36.13 4
95.35 48.93 1
77.46 38.95 4
77.04 38.85 3
97.15 44.92 4
89.62 44.92 1
72.53 42.2 4
122.65 48.35 4
87.02 30.72 2
148.72 60.78 2
97.43 37.65 4
98.5 33.98 4
75.73 41.33 3
81.4 41.63 4
150.05 61.75 1
75.15 40.2 4
75.6 39.67 3
110.73 35.02 2
80.23 36.13 2
105.87 40.0 4
132.37 56.48 2
84.05 39.83 3
139.67 59.52 1
