Process Time: 166.40974688529968
cost_init,cost_final,confilct_init,conflict_final
3632.0 1076.2 1162 304
gapx, gapy = 5,0.2
minX, maxX = 60,180
minY, maxY = 16,72
98.43 45.45 4
105.35 39.52 2
103.22 40.17 2
105.87 37.45 4
84.18 31.53 2
92.3 31.38 2
95.38 45.87 4
75.43 40.65 3
102.8 42.05 1
90.05 38.88 3
99.27 34.67 4
157.85 67.1 4
74.37 40.75 4
82.72 34.5 2
76.87 38.82 3
83.75 42.22 1
131.57 55.03 4
85.85 33.58 2
88.52 44.25 3
124.1 40.98 4
97.02 34.3 2
82.55 35.43 2
82.23 39.21 3
84.52 33.78 3
173.3 53.5 1
85.44 32.67 1
69.8 44.32 2
81.97 33.37 2
88.32 41.77 4
122.75 45.25 4
117.08 39.5 1
97.7 30.3 1
86.5 39.38 1
158.12 21.53 3
160.3 22.05 2
156.78 71.3 2
91.15 30.53 4
116.87 40.62 4
80.72 32.48 3
116.95 33.93 3
80.33 40.75 4
81.12 37.78 2
71.28 42.47 4
94.93 47.5 4
86.43 42.13 3
97.68 30.2 1
161.8 60.78 4
151.52 66.92 2
70.92 42.58 2
116.62 35.28 2
116.68 34.27 2
101.45 32.3 2
86.75 33.57 3
100.75 46.77 2
90.15 38.57 4
79.09 40.27 1
109.78 38.03 4
88.93 40.48 1
86.62 39.13 1
120.7 39.28 3
81.22 37.3 4
89.95 35.97 4
116.22 43.57 1
71.03 42.37 2
111.15 45.78 4
89.6 41.16 2
73.13 41.17 1
82.4 36.48 4
105.67 45.67 2
124.47 42.08 4
96.8 44.3 2
97.43 25.9 4
78.73 42.93 2
110.7 37.5 2
113.77 42.53 4
91.12 40.78 2
122.33 48.5 2
92.4 33.52 2
148.95 63.38 4
124.95 43.38 4
80.55 28.47 3
70.5 41.78 2
134.22 56.0 4
75.55 35.27 2
137.05 58.33 1
145.0 60.33 4
89.25 37.78 4
117.28 33.13 4
121.88 45.68 2
106.47 42.92 4
120.57 37.38 3
113.1 37.7 3
91.7 41.88 1
89.09 38.51 3
99.32 43.8 1
148.48 67.5 4
95.48 37.67 2
80.03 32.9 2
80.93 35.22 4
85.2 35.03 1
76.88 34.9 2
87.65 41.9 3
87.75 41.78 4
87.9 41.98 2
100.28 34.43 4
117.68 35.68 2
117.63 33.97 2
149.83 62.88 2
84.43 39.1 4
144.07 65.83 4
92.95 31.22 1
87.42 36.62 4
81.48 41.57 4
99.2 35.35 4
96.37 30.58 1
104.72 38.82 3
92.22 38.82 4
81.12 33.95 2
84.93 32.52 2
88.45 33.65 1
118.47 48.88 2
71.5 43.2 2
97.65 39.55 2
85.95 43.07 4
87.85 47.47 4
105.68 34.1 4
123.28 44.5 4
100.0 40.87 4
124.23 41.78 2
86.52 30.78 2
83.1 29.62 3
85.08 35.95 3
106.95 36.02 4
103.6 43.77 3
112.37 48.6 2
95.55 30.07 4
96.83 32.97 3
97.03 32.9 1
96.87 32.68 2
73.48 41.37 4
79.33 36.57 2
84.2 39.9 1
88.72 41.93 2
148.47 70.2 3
112.08 33.68 3
112.58 39.33 2
93.65 41.53 4
98.87 48.1 4
102.8 46.78 4
158.52 59.05 1
75.47 39.13 3
113.15 46.67 2
78.9 41.18 2
143.92 62.73 3
89.4 36.02 1
99.85 32.43 4
141.15 64.77 4
117.88 34.9 4
106.4 31.8 4
117.73 33.67 3
135.37 59.62 3
76.18 36.27 1
101.88 37.0 3
79.85 38.88 4
103.1 44.15 2
91.82 47.9 4
114.85 39.28 4
92.55 31.33 2
80.18 42.08 2
87.08 45.73 2
124.28 41.33 3
111.0 41.33 2
122.28 47.92 2
117.65 47.62 3
74.28 40.87 2
94.42 43.65 3
95.58 40.07 4
154.47 62.85 4
73.43 40.73 2
108.23 36.75 4
94.17 36.0 4
149.83 65.93 2
85.0 32.33 4
78.93 35.13 4
94.18 42.55 3
110.35 31.6 2
122.58 47.08 1
76.77 39.08 3
81.87 26.58 4
85.72 31.28 2
98.4 34.65 3
97.35 32.82 4
87.5 36.67 1
105.02 40.45 1
97.72 31.15 3
85.97 37.9 1
80.15 26.07 2
94.37 35.33 2
81.57 31.88 1
117.97 33.87 1
134.9 58.25 4
82.27 29.68 2
149.48 68.48 2
94.87 29.27 4
87.42 41.62 3
105.53 44.35 4
106.62 48.22 4
104.8 47.13 4
87.82 42.08 4
115.17 43.0 4
101.7 39.37 3
97.18 47.95 2
98.32 40.97 3
90.07 29.18 3
108.53 39.12 2
97.83 31.07 4
104.63 40.43 4
88.13 44.48 2
79.95 36.08 3
90.98 33.48 4
82.35 34.85 4
96.07 33.07 2
90.08 33.5 4
86.15 40.65 4
72.05 41.33 3
104.8 31.83 1
89.07 30.4 3
145.45 62.15 3
106.93 38.55 3
135.43 59.23 4
119.6 46.57 2
98.43 40.6 4
152.08 61.98 4
122.12 37.65 3
149.0 63.83 3
94.4 28.13 4
99.83 39.38 1
122.95 45.53 4
155.07 19.72 4
99.05 35.0 2
103.2 32.68 4
106.1 32.85 2
80.38 25.48 3
99.17 29.35 3
79.82 37.95 3
67.78 46.13 2
90.65 29.57 3
95.35 29.97 4
81.15 32.02 2
86.68 30.43 2
112.07 43.52 4
117.12 32.57 3
115.57 36.53 4
92.12 29.73 4
93.38 48.57 2
83.32 37.6 1
88.92 35.6 3
110.73 43.6 3
77.62 34.82 3
92.17 38.6 4
78.83 40.32 1
90.65 35.83 3
94.5 37.17 3
99.77 30.5 1
134.58 58.37 2
156.43 20.9 2
133.95 56.97 4
114.27 48.3 2
87.85 41.07 4
94.72 39.32 4
88.92 30.42 1
98.58 29.38 1
151.25 60.57 4
99.08 29.98 2
81.75 24.55 4
81.68 24.57 2
159.67 22.38 2
97.68 31.08 4
156.65 58.68 3
113.95 35.27 4
97.82 27.5 4
77.63 35.32 3
92.55 40.1 1
162.63 66.87 4
91.25 43.87 1
118.0 45.28 2
103.52 38.05 4
71.43 43.57 2
93.22 30.12 3
81.95 28.03 1
102.6 38.12 3
156.95 20.8 4
118.22 34.73 2
76.3 40.13 2
76.37 37.08 4
84.6 42.77 4
115.17 36.08 2
100.78 29.37 4
71.12 42.72 4
149.03 61.63 3
106.3 39.25 4
119.95 36.33 2
80.4 37.87 1
117.02 46.38 3
109.45 47.05 2
97.15 46.1 4
91.1 29.7 2
111.85 41.78 4
118.15 33.82 4
94.72 32.38 2
67.88 46.95 4
118.05 33.78 4
106.28 35.88 3
118.92 40.1 4
101.82 33.65 4
94.75 31.23 1
79.2 37.33 3
83.65 32.7 1
89.33 43.13 2
111.18 47.5 3
113.37 42.3 2
96.67 39.15 2
86.25 44.27 2
150.65 65.0 2
82.52 40.82 2
104.02 30.37 4
85.18 30.84 2
87.95 46.88 4
70.62 41.4 2
77.98 39.4 2
121.57 39.1 1
93.33 43.15 4
74.85 44.93 4
86.37 32.38 1
81.42 30.4 2
98.23 26.18 4
116.1 44.88 4
142.92 61.43 2
121.4 38.67 3
90.47 31.18 3
97.27 37.62 1
155.62 62.97 2
74.6 40.02 3
98.58 37.3 4
80.63 28.1 3
89.87 35.35 1
116.02 36.62 1
88.75 32.33 4
80.28 25.92 4
80.43 25.65 4
76.77 40.2 4
105.87 46.43 4
113.03 38.72 1
75.07 39.37 3
87.9 42.95 4
93.22 44.88 3
101.35 48.42 2
117.15 32.87 2
89.05 28.78 2
114.08 46.92 1
98.03 43.77 4
109.75 38.77 2
88.25 30.68 1
88.07 30.63 1
118.15 35.05 2
92.05 32.52 1
122.53 41.73 4
121.85 36.58 1
86.4 32.3 3
74.8 41.7 1
72.57 44.2 4
107.88 38.5 4
91.2 29.7 2
79.92 39.65 2
106.05 34.98 3
74.42 40.8 1
119.32 47.2 2
88.86 38.32 2
118.07 34.23 2
76.57 40.43 4
85.38 40.23 1
87.62 34.75 1
95.36 35.66 4
70.07 41.25 2
71.52 42.78 3
88.53 44.22 3
115.03 36.23 3
149.08 64.55 1
70.97 41.68 4
77.05 35.08 3
72.67 41.22 3
91.88 30.03 2
77.43 34.7 3
73.98 40.77 4
73.78 40.65 3
74.1 41.5 1
72.33 45.55 2
76.5 37.13 2
78.95 43.1 4
165.43 64.5 2
97.43 41.98 1
76.2 36.9 2
117.2 32.7 4
100.68 41.13 4
106.4 32.9 1
141.93 62.97 3
117.23 34.1 3
78.72 33.82 3
95.92 41.12 2
112.02 41.18 3
94.9 38.85 1
149.88 70.5 4
122.9 46.97 4
95.9 41.3 3
119.53 48.42 3
75.12 42.87 4
81.33 28.55 1
88.57 44.0 3
70.52 41.65 2
89.54 34.39 2
111.45 36.93 2
94.62 34.68 1
96.25 28.72 4
149.08 61.6 4
85.68 30.2 3
95.45 33.63 4
95.07 46.9 2
81.43 39.35 1
119.12 46.27 4
120.63 35.67 1
80.6 28.23 1
76.4 38.28 2
111.33 34.23 2
70.82 43.08 3
87.2 30.47 2
75.25 39.88 2
76.17 39.47 4
112.02 33.43 3
100.28 44.38 1
82.52 37.48 2
122.83 37.83 4
91.93 34.17 4
80.22 40.5 1
73.18 42.26 3
73.47 44.65 4
119.12 34.12 1
134.65 56.25 4
123.5 48.12 4
94.02 30.58 1
158.62 56.95 2
122.6 45.6 1
112.43 34.65 2
68.05 46.68 4
124.22 39.58 4
121.28 35.67 1
77.3 38.5 4
71.25 41.36 3
78.78 35.87 3
104.5 36.74 3
107.2 41.8 1
75.97 40.38 3
122.25 40.15 2
122.22 47.5 4
89.45 45.63 4
94.55 38.85 1
82.93 39.82 4
117.45 33.95 2
108.45 43.05 2
79.97 37.32 4
69.12 44.07 2
85.17 34.35 4
123.37 43.23 2
101.83 47.75 3
70.88 44.88 3
82.6 27.97 4
91.98 28.3 1
121.6 38.7 1
109.68 32.82 4
84.08 43.53 2
113.6 37.08 4
113.9 45.18 4
100.5 31.37 1
122.25 37.52 4
117.62 33.42 4
116.97 32.82 4
121.92 37.37 4
121.82 37.33 2
120.65 35.23 4
117.58 33.38 3
120.4 34.03 4
102.42 30.17 4
81.25 28.78 2
117.88 33.67 3
106.08 35.62 4
120.45 34.9 4
118.45 34.02 4
122.82 38.52 4
81.2 32.13 3
87.4 46.35 3
103.6 41.87 3
122.3 47.53 4
82.83 42.62 3
123.37 42.62 4
77.97 35.33 1
80.47 33.97 2
174.13 53.2 2
106.97 44.77 2
96.67 33.72 1
110.0 34.27 2
104.18 47.72 4
96.38 42.4 4
96.73 43.58 2
122.47 41.78 2
154.2 56.88 4
135.53 59.75 2
151.2 61.97 2
86.5 36.0 2
106.9 34.07 4
79.39 35.24 4
81.96 34.92 4
95.15 43.17 2
117.53 47.63 1
94.13 36.18 2
89.67 39.85 1
93.38 37.23 1
90.37 38.75 2
98.18 32.22 4
97.09 36.16 1
121.25 37.9 3
117.1 35.33 1
120.95 40.63 2
76.12 43.12 3
84.37 30.38 3
97.42 31.15 3
121.15 45.62 3
115.37 47.6 2
97.38 35.42 4
80.8 28.52 2
90.83 47.58 2
122.8 46.48 4
117.08 38.07 1
112.2 40.17 4
85.58 44.73 2
121.93 38.27 4
86.02 31.87 4
120.13 39.32 2
107.27 33.23 2
110.93 32.12 1
88.77 34.27 3
87.62 33.23 3
117.83 33.7 3
95.4 32.37 3
152.13 69.37 4
160.8 63.88 4
156.47 20.42 4
75.38 43.15 1
146.35 61.13 4
146.25 61.13 2
100.55 42.87 4
118.48 34.22 1
80.42 27.65 4
91.77 38.13 4
119.4 36.32 4
78.98 36.95 4
90.27 43.93 3
111.12 44.68 1
97.22 31.62 2
156.12 20.0 4
168.08 66.03 4
75.48 37.85 2
92.4 42.55 1
76.02 44.0 2
97.15 44.92 2
89.62 44.92 1
82.4 31.25 3
114.05 41.22 4
92.42 37.22 2
122.65 48.35 4
73.72 41.07 3
80.2 37.46 2
148.72 60.78 4
98.5 33.98 2
76.92 41.25 4
81.4 41.63 3
77.92 34.27 2
72.68 41.93 4
103.2 31.78 2
110.73 35.02 2
105.87 40.0 3
105.58 48.1 2
107.97 43.97 4
132.37 56.48 2
84.05 39.83 4
120.53 46.57 2
110.42 44.55 2
80.67 41.27 4
83.53 42.23 1
114.62 32.65 2
114.4 32.85 3
81.9 39.95 2
