Process Time: 139.89798498153687
cost_init,cost_final,confilct_init,conflict_final
5199.4 1903.2000000000005 1676 570
gapx, gapy = 5,0.2
minX, maxX = 60,180
minY, maxY = 16,72
98.43 45.45 4
176.65 51.88 4
99.98 42.58 1
105.35 39.52 3
122.32 37.78 4
95.38 45.87 3
98.03 27.73 4
75.43 40.65 1
102.8 42.05 4
82.52 31.53 3
83.57 45.07 2
90.05 38.88 2
120.53 41.48 1
99.27 34.67 3
101.7 35.23 2
149.85 61.22 2
134.97 57.83 2
83.75 42.22 2
85.85 33.58 3
85.03 29.73 2
88.52 44.25 3
124.1 40.98 4
97.02 34.3 4
106.87 39.22 4
81.57 29.12 2
123.88 46.15 4
82.23 39.21 3
84.3 33.88 4
74.57 39.45 3
85.44 32.67 2
81.97 33.37 3
88.32 41.77 1
122.75 45.25 4
117.08 39.5 1
97.7 30.3 1
81.55 28.08 2
86.5 39.38 2
119.05 35.43 1
68.82 44.8 2
158.12 21.53 4
160.3 22.05 4
156.78 71.3 4
143.63 70.13 3
96.0 36.75 3
91.15 30.53 1
85.23 42.3 1
116.87 40.62 4
121.45 39.13 4
80.72 32.48 3
81.12 37.78 4
71.28 42.47 3
122.53 48.8 4
94.93 47.5 1
86.43 42.13 3
71.18 44.58 2
161.8 60.78 4
70.92 42.58 2
116.62 35.28 2
116.68 34.27 3
145.73 64.0 3
152.3 60.82 4
101.48 32.39 4
101.45 32.3 3
75.98 42.22 1
79.09 40.27 1
109.78 38.03 4
71.58 41.17 2
120.7 39.28 1
81.22 37.3 3
114.72 33.62 2
89.67 29.55 4
71.03 42.37 3
86.43 36.97 4
111.15 45.78 3
89.6 41.16 1
122.77 47.48 1
82.4 36.48 2
105.12 39.9 1
105.67 45.67 3
124.47 42.08 4
96.8 44.3 1
97.43 25.9 4
81.38 31.15 2
69.93 43.88 2
104.75 39.72 2
78.73 42.93 4
118.37 34.2 1
73.15 44.47 1
122.33 48.5 2
118.95 43.6 1
99.15 41.78 4
89.22 37.07 2
117.35 33.3 2
116.47 32.62 3
103.32 34.38 1
134.22 56.0 2
75.55 35.27 2
89.25 37.78 3
68.02 46.87 2
117.28 33.13 4
97.43 32.78 1
121.88 45.68 1
106.47 42.92 4
120.57 37.38 2
81.88 30.22 3
91.7 41.88 4
89.09 38.51 4
87.25 32.9 3
103.08 42.83 2
114.22 44.52 4
99.32 43.8 4
88.28 40.03 1
148.48 67.5 4
80.93 35.22 4
78.45 38.13 3
69.97 41.67 2
76.88 34.9 3
104.82 41.15 2
87.62 41.87 3
87.75 41.78 3
87.9 41.98 1
121.85 39.78 1
100.28 34.43 1
117.63 33.97 3
80.23 39.28 2
87.42 36.62 3
81.48 41.57 4
97.22 37.75 3
162.72 55.2 4
96.37 30.58 1
92.22 38.82 2
81.12 33.95 4
82.88 40.0 1
118.47 48.88 1
122.05 37.98 3
71.5 43.2 3
97.65 39.55 1
85.95 43.07 4
87.85 47.47 4
145.5 60.5 3
105.68 34.1 2
97.5 27.77 3
108.63 37.3 2
123.28 44.5 4
99.22 28.45 4
100.0 40.87 4
89.58 37.23 4
133.25 55.8 2
107.53 40.5 1
86.52 30.78 1
106.95 36.02 4
103.6 43.77 3
112.37 48.6 2
102.55 36.02 4
96.83 32.97 3
96.87 32.68 3
96.97 32.73 1
73.48 41.37 4
78.2 42.97 1
87.6 40.2 3
79.33 36.57 3
76.5 36.13 1
110.88 32.17 1
88.72 41.93 4
148.47 70.2 4
112.08 33.68 3
112.58 39.33 2
104.87 39.75 2
93.65 41.53 4
83.02 42.42 3
95.88 46.82 4
75.5 35.25 2
99.97 37.77 4
85.45 31.32 3
75.47 39.13 3
113.15 46.67 2
88.25 41.92 4
90.7 42.4 4
143.92 62.73 4
92.18 46.83 2
166.53 53.88 2
106.92 39.65 1
141.15 64.77 2
86.53 30.48 2
82.77 27.6 1
92.8 33.22 4
118.03 34.08 4
106.4 31.8 4
117.73 33.67 4
135.37 59.62 3
136.35 58.2 4
115.43 45.82 4
101.88 37.0 1
79.85 38.88 4
115.78 40.83 4
76.9 42.17 3
91.82 47.9 2
114.85 39.28 3
97.8 36.38 3
119.52 47.32 3
80.18 42.08 4
94.75 43.4 4
91.78 28.47 2
124.28 41.33 4
115.97 39.5 1
111.0 41.33 1
122.28 47.92 2
147.87 64.82 2
111.73 33.47 3
118.7 39.42 4
95.58 40.07 1
96.8 46.9 4
73.43 40.73 3
108.23 36.75 4
94.17 36.0 4
96.07 46.3 2
83.67 41.02 4
134.03 57.45 4
83.75 42.97 2
79.72 34.18 2
77.18 38.72 1
78.93 35.13 3
94.18 42.55 1
75.73 44.05 3
76.62 37.13 2
110.35 31.6 4
80.13 26.13 1
122.58 47.08 1
81.87 26.58 4
98.4 34.65 3
85.2 41.0 4
166.47 24.45 3
105.5 39.57 1
119.72 36.77 2
87.5 36.67 4
105.02 40.45 4
105.08 40.58 1
97.72 31.15 3
85.97 37.9 1
80.15 26.07 3
94.92 39.37 4
92.13 37.75 4
81.87 26.65 4
96.77 39.05 2
94.37 35.33 2
134.9 58.25 3
82.27 29.68 3
149.48 68.48 4
94.87 29.27 4
87.42 41.62 4
113.17 33.55 2
105.53 44.35 4
104.8 47.13 3
73.62 43.35 2
87.82 42.08 3
101.7 39.37 4
98.32 40.97 3
90.07 29.18 3
108.53 39.12 3
107.9 35.17 2
97.83 31.07 4
111.37 47.48 3
79.95 36.08 4
69.63 45.78 4
82.35 34.85 4
96.07 33.07 1
90.08 33.5 4
86.15 40.65 4
89.07 30.4 4
135.43 59.23 4
88.5 47.17 4
82.53 43.83 2
97.67 26.23 3
77.42 40.37 2
72.65 41.73 1
98.43 40.6 1
89.33 31.47 2
109.77 48.55 3
118.33 33.92 4
152.08 61.98 4
99.27 38.85 4
122.12 37.65 2
149.0 63.83 4
112.0 46.6 3
92.85 47.38 4
81.38 35.75 4
94.4 28.13 2
111.97 41.12 4
99.83 39.38 2
103.2 32.68 1
106.1 32.85 4
151.5 59.63 2
80.38 25.48 4
123.97 46.97 4
93.1 34.48 3
82.82 35.9 2
79.82 37.95 2
84.68 44.37 3
90.65 29.57 2
82.55 38.37 4
86.77 34.65 3
86.68 30.43 3
97.87 38.07 1
70.28 41.67 2
112.07 43.52 1
154.92 59.75 4
115.57 32.83 1
101.39 40.33 2
86.27 39.73 2
88.12 45.82 2
90.13 46.53 3
73.1 40.78 2
84.47 42.27 1
90.08 32.32 4
88.92 35.6 3
110.73 43.6 3
98.68 46.92 2
89.03 42.62 1
94.88 38.82 4
78.83 40.32 3
90.65 35.83 3
106.93 47.33 2
99.77 30.5 4
134.58 58.37 1
133.95 56.97 2
87.85 41.07 2
72.27 42.9 1
151.25 60.57 3
131.7 55.35 2
159.67 22.38 4
156.65 58.68 4
113.95 35.27 4
97.82 27.5 4
77.63 35.32 1
152.5 57.75 4
162.63 66.87 3
91.25 43.87 3
118.0 45.28 4
85.07 33.01 1
103.52 38.05 4
117.78 34.1 3
71.43 43.57 3
93.22 30.12 4
120.0 38.9 2
120.35 42.18 3
74.35 40.03 3
102.6 38.12 3
93.93 40.62 3
118.22 34.73 3
76.3 40.13 2
108.73 42.82 4
76.37 37.08 4
105.68 41.32 1
106.77 32.3 3
79.4 40.28 1
100.78 29.37 2
89.17 31.67 2
71.12 42.72 4
72.3 43.63 2
102.17 45.93 2
117.02 46.38 3
109.45 47.05 1
85.0 38.05 3
100.97 37.05 1
97.15 46.1 3
159.35 21.98 3
92.38 35.22 4
84.07 37.08 3
118.05 33.78 4
118.4 33.93 1
85.67 38.23 3
118.92 40.1 3
94.75 31.23 2
112.38 33.53 1
79.2 37.33 3
79.5 35.03 1
90.66 40.52 3
83.65 32.7 2
89.33 43.13 2
111.18 47.5 1
113.37 42.3 3
118.92 37.63 3
93.92 44.22 2
75.68 35.92 2
104.02 30.37 1
85.18 30.84 2
87.95 46.88 3
121.57 39.1 4
74.85 44.93 2
88.28 39.48 4
156.83 20.97 2
95.78 34.88 4
116.1 44.88 2
142.92 61.43 3
122.48 47.15 3
121.4 38.67 2
90.47 31.18 3
80.8 33.92 2
122.87 42.37 4
98.58 37.3 1
166.27 60.37 2
120.52 37.28 3
88.57 32.55 1
80.28 25.92 4
80.28 25.82 3
102.18 31.95 4
113.03 38.72 3
75.07 39.37 3
87.9 42.95 3
93.22 44.88 4
101.28 48.27 4
114.08 46.92 4
88.25 30.68 3
88.07 30.63 4
100.43 45.53 2
120.95 37.63 3
122.05 37.42 4
157.1 21.15 4
94.35 37.33 2
112.32 44.57 2
122.53 41.73 4
85.51 35.15 4
86.4 32.3 3
107.88 38.5 4
83.2 30.97 3
91.2 29.7 1
79.92 39.65 2
106.05 34.98 4
74.42 40.8 4
89.67 44.78 2
122.32 41.32 3
88.86 38.32 4
118.07 34.23 2
115.87 43.05 4
76.57 40.43 3
101.05 42.05 1
85.38 40.23 2
87.62 34.75 4
86.25 43.17 2
95.36 35.66 4
78.93 33.68 4
70.07 41.25 3
71.52 42.78 2
86.68 36.12 2
91.25 31.62 4
88.53 44.22 1
149.08 64.55 4
70.97 41.68 2
72.67 41.22 3
72.08 41.3 4
90.25 29.98 2
77.43 34.7 3
73.9 40.77 3
74.1 41.5 1
124.05 44.63 1
169.42 53.58 4
97.43 41.98 2
124.25 43.42 1
117.2 32.7 4
96.02 41.37 3
100.68 41.13 4
106.4 32.9 1
117.23 34.1 3
71.18 42.18 4
71.42 41.6 3
78.72 33.82 3
75.02 40.08 3
98.68 42.47 4
75.13 38.55 2
76.03 36.82 2
122.9 46.97 4
119.53 48.42 3
75.12 42.87 4
117.02 44.02 4
98.95 41.62 4
81.33 28.55 4
88.57 44.0 1
92.45 41.1 4
89.54 34.39 4
119.2 34.2 1
88.77 37.07 2
94.62 34.68 1
96.25 28.72 2
116.5 33.83 2
118.13 35.05 3
95.45 33.63 2
81.43 39.35 1
111.33 34.23 3
70.82 43.08 2
84.8 45.57 3
87.2 30.47 3
94.32 46.6 2
132.97 56.82 4
75.25 39.88 1
78.13 41.47 2
112.02 33.43 4
100.28 44.38 3
82.52 37.48 4
122.83 37.83 1
73.47 44.65 4
112.6 42.92 2
162.92 69.82 3
119.12 34.12 1
97.1 36.73 4
83.42 42.67 4
79.02 35.17 3
90.47 36.77 1
134.65 56.25 4
123.5 48.12 3
166.87 65.25 4
70.32 43.65 2
122.6 45.6 4
73.88 41.63 3
112.43 34.65 4
68.05 46.68 1
150.65 66.82 4
71.43 41.73 1
148.33 70.25 2
154.3 60.2 1
124.22 39.58 1
121.28 35.67 1
104.52 38.28 2
153.25 62.17 1
77.3 38.5 4
91.2 39.93 4
78.78 35.87 3
103.07 44.05 3
104.5 36.74 2
122.3 40.5 4
103.32 45.16 3
121.15 44.27 4
95.08 44.55 1
122.22 47.5 2
89.45 45.63 2
91.72 45.48 3
94.55 38.85 4
82.93 39.82 4
107.8 39.53 4
108.45 43.05 1
79.97 37.32 1
92.5 43.92 1
77.67 43.12 2
89.1 42.2 2
97.03 28.08 4
110.63 40.5 1
123.37 43.23 4
104.53 33.3 2
82.6 27.97 1
98.82 38.87 1
73.95 43.53 4
70.93 42.15 3
121.6 38.7 3
84.08 43.53 2
113.6 37.08 2
93.05 44.93 1
82.68 27.92 3
88.96 38.63 3
123.0 44.92 3
106.05 38.53 2
97.65 38.8 3
121.6 36.67 4
98.47 29.33 4
122.25 37.52 4
117.62 33.42 4
116.97 32.82 4
122.38 37.62 1
121.92 37.37 3
121.82 37.33 3
117.58 33.38 4
120.4 34.03 4
119.45 33.25 1
118.73 34.75 2
102.42 30.17 4
81.25 28.78 3
119.83 34.43 1
120.45 34.9 4
118.45 34.02 4
122.82 38.52 4
82.55 27.4 4
84.37 46.47 2
81.2 32.13 3
111.92 33.62 2
122.3 47.53 4
82.83 42.62 2
86.99 32.34 2
149.75 60.18 4
123.37 42.62 4
77.97 35.33 1
80.47 33.97 2
124.07 40.03 2
123.15 47.25 4
174.13 53.2 4
106.97 44.77 4
93.75 32.52 1
108.17 32.63 3
96.38 42.4 3
96.73 43.58 2
122.47 41.78 2
77.43 39.73 3
135.53 59.75 4
89.82 30.35 4
146.67 62.03 3
106.9 34.07 1
111.58 42.65 3
86.32 41.7 3
79.39 35.24 4
81.96 34.92 3
93.72 40.25 4
94.13 36.18 3
89.67 39.85 4
93.38 37.23 4
94.07 45.55 3
72.02 44.42 4
95.53 40.28 1
90.37 38.75 2
170.22 57.15 1
77.83 40.85 4
78.85 38.27 2
106.82 40.48 4
89.67 41.74 4
114.3 43.5 4
76.12 43.12 2
122.58 47.27 4
150.1 62.3 3
82.53 27.97 1
152.1 65.17 2
89.33 39.53 1
87.3 39.45 4
74.05 40.85 4
94.0 33.45 3
96.18 48.07 4
115.37 47.6 2
80.8 28.52 3
90.83 47.58 2
122.8 46.48 4
117.08 38.07 1
112.2 40.17 1
95.67 38.95 1
118.33 33.8 4
85.58 44.73 4
121.93 38.27 4
122.4 45.55 3
120.13 39.32 3
110.93 32.12 4
95.9 36.2 1
88.77 34.27 3
87.62 33.23 4
117.83 33.7 4
116.15 34.28 2
114.48 42.48 4
95.4 32.37 3
152.13 69.37 2
160.8 63.88 4
156.47 20.42 4
146.35 61.13 4
100.55 42.87 1
118.48 34.22 1
120.95 35.2 4
91.77 38.13 4
78.98 36.95 4
90.27 43.93 3
168.08 66.03 4
118.28 46.1 3
75.48 37.85 3
77.46 38.95 1
77.04 38.85 2
92.4 42.55 1
76.02 44.0 4
97.15 44.92 2
120.2 47.4 3
92.42 37.22 4
72.72 42.17 4
72.53 42.2 1
122.65 48.35 4
73.72 41.07 4
106.4 32.63 3
80.2 37.46 2
93.55 38.73 3
87.02 30.72 1
148.72 60.78 3
97.43 37.65 1
98.5 33.98 4
75.73 41.33 1
111.67 33.3 2
76.92 41.25 4
150.05 61.75 3
75.15 40.2 4
75.6 39.67 1
110.73 35.02 3
107.97 43.97 4
132.37 56.48 2
83.4 44.45 2
120.53 46.57 2
139.67 59.52 4
97.38 42.92 2
110.42 44.55 3
80.67 41.27 4
115.0 33.1 3
114.4 32.85 3
81.9 39.95 4
