Process Time: 760.8872849941254
cost_init,cost_final,confilct_init,conflict_final
4195.200000000001 795.0999999999789 1216 10
gapx, gapy = 20,8
minX, maxX = -20,500
minY, maxY = -20,500
866.475 139.499 2
221.913 635.997 3
687.096 328.378 4
706.978 1190.39 2
328.05 82.463 4
918.949 348.655 4
979.167 725.625 2
1185.68 496.8 4
330.712 829.846 4
938.663 1215.38 3
665.19 482.986 4
240.075 1080.08 4
562.308 797.606 4
774.104 75.4205 4
92.4126 1079.23 4
863.405 1069.77 4
716.126 651.367 4
1059.53 1150.2 4
542.758 1087.0 2
1064.81 814.312 1
240.01 1029.62 4
650.082 376.283 3
1221.8 700.935 4
983.537 741.02 4
425.101 451.351 3
1065.75 776.847 4
1040.54 899.272 2
496.551 509.354 3
633.325 1138.06 4
711.983 206.935 4
101.868 855.748 4
446.34 165.09 3
608.998 238.054 3
1153.15 987.017 4
812.06 624.368 4
1304.14 275.436 1
308.683 1188.3 4
782.661 723.839 4
284.386 221.2 4
464.028 784.709 3
256.675 864.894 4
505.907 548.431 3
1324.73 863.691 4
152.806 572.22 4
1188.2 791.915 3
185.931 71.6126 4
66.7024 119.657 4
1029.62 792.498 4
90.0787 826.022 1
737.294 70.885 4
933.403 870.627 4
94.5008 667.493 4
1067.04 42.7465 4
1157.63 838.813 2
1157.04 1195.4 4
1058.79 1079.08 4
271.71 1000.67 4
80.989 602.274 4
1109.85 203.909 4
264.7 1055.25 3
348.176 812.444 4
998.147 1324.61 3
388.813 1211.62 4
14.2898 946.579 4
1131.8 1088.0 3
1062.11 1208.65 4
21.8656 207.483 4
762.326 246.038 4
936.287 323.439 4
783.136 528.573 3
798.179 193.726 4
136.183 1213.05 4
1169.96 770.516 4
617.193 21.0961 3
558.071 581.786 4
320.437 428.406 4
67.1727 1184.66 4
627.83 815.392 4
287.662 190.491 4
500.551 190.025 4
1006.3 835.685 1
1095.31 618.12 2
787.646 143.225 3
1020.1 993.855 2
211.553 922.614 4
963.72 1177.22 4
494.491 991.521 4
923.716 466.035 1
910.065 538.753 3
999.587 343.584 4
293.534 695.367 1
1215.53 991.03 4
217.745 280.063 4
699.298 598.205 4
1059.16 233.442 4
272.57 1173.23 4
152.151 167.972 4
270.115 105.162 3
629.937 619.373 4
866.435 655.527 4
855.584 1332.14 4
1194.88 123.628 4
1226.34 1138.31 4
1063.38 1329.54 4
182.459 191.008 3
854.356 1065.85 3
661.587 1117.67 1
1132.94 445.603 4
243.45 169.446 4
325.637 958.601 4
437.537 446.053 4
507.553 498.176 4
1263.4 259.729 4
276.705 704.293 2
1261.67 577.978 2
24.3622 11.2189 4
488.066 1142.17 4
1009.17 623.304 4
634.493 866.45 4
1110.72 1243.23 4
1085.56 281.414 4
650.491 72.7339 4
162.633 777.395 3
1217.03 885.924 3
64.7265 627.332 4
824.548 1088.6 1
259.725 661.055 4
980.654 267.206 4
336.485 1060.69 4
1016.7 1195.48 4
406.542 729.162 4
276.186 1131.16 4
161.159 374.605 4
716.904 1137.57 2
565.45 611.512 4
564.377 1110.18 4
818.201 562.746 2
1176.62 604.305 4
331.361 774.242 4
105.433 33.8362 4
827.946 815.064 3
1094.21 378.75 4
757.357 1097.34 2
933.379 1032.22 4
1164.83 145.247 3
470.834 361.216 1
950.549 229.291 3
467.838 1036.82 4
1003.89 957.168 4
853.417 1163.53 4
724.397 111.083 3
500.113 401.792 2
928.176 1055.16 4
1200.63 1055.35 3
789.011 875.868 4
155.222 150.353 4
542.642 826.39 4
58.674 799.874 4
788.938 180.485 3
374.883 1230.04 3
1272.98 302.803 3
124.525 138.901 4
388.485 52.3842 1
693.956 1269.02 4
211.644 1299.11 1
1099.29 1119.35 1
938.041 192.444 4
307.701 386.372 4
661.436 825.899 2
613.682 537.975 4
764.277 697.505 4
881.413 51.811 3
823.026 705.849 3
378.068 1152.6 2
1186.83 1005.4 4
1179.76 1217.18 4
1201.36 814.353 4
709.762 494.205 4
211.808 501.386 3
508.139 1183.96 4
42.3779 317.2 4
817.915 521.039 4
1267.11 959.436 4
1185.05 231.641 4
1304.13 407.729 4
398.395 428.17 4
677.31 901.54 4
521.241 849.786 3
950.822 760.076 4
468.351 252.466 2
577.323 1219.97 4
846.066 584.979 4
712.73 1133.76 4
166.85 746.916 4
411.946 1222.57 3
11.3417 1288.37 4
32.715 426.989 4
788.285 47.4551 4
934.526 907.518 3
865.329 609.89 2
426.973 1211.56 1
996.926 698.74 4
595.953 37.3921 4
1284.42 279.531 3
290.586 321.351 4
109.323 71.0835 4
527.823 1275.97 4
88.8504 1177.08 4
388.006 878.227 3
815.704 318.198 4
1326.78 1212.87 4
7.69764 661.424 4
1179.38 1248.79 2
450.357 799.178 2
818.283 1303.89 3
719.811 970.239 4
1085.31 478.072 2
942.236 1178.23 4
749.783 784.186 4
387.543 840.926 4
107.229 91.6913 4
896.406 1198.7 4
959.83 426.035 4
689.594 1081.49 2
103.509 788.655 4
1165.74 1042.21 4
235.367 976.217 4
986.403 104.0 4
735.984 845.65 4
419.644 1250.46 4
283.502 354.869 4
154.157 992.053 1
1026.28 730.047 1
267.165 694.932 4
1068.31 359.061 3
1340.31 871.921 4
1295.13 101.502 3
1008.76 314.211 3
781.597 478.041 4
1282.51 337.836 4
402.296 1329.54 4
690.576 877.531 4
219.71 1141.58 4
789.786 989.761 3
1250.22 1190.76 4
838.674 643.587 4
1010.75 1220.17 3
1121.51 662.504 3
69.3606 335.88 3
1175.57 557.792 4
951.436 1119.37 3
1207.51 860.466 3
319.125 784.642 3
1285.49 497.332 1
1172.5 272.242 2
771.644 210.907 4
961.695 491.584 4
1054.13 116.734 4
51.222 1162.22 2
412.973 1187.54 4
705.112 84.9197 1
95.7008 1094.29 4
616.541 680.709 4
750.233 538.768 3
348.842 1039.71 4
1119.8 288.948 4
923.512 211.112 4
157.31 799.735 4
1034.68 943.37 4
251.015 516.315 3
77.306 639.779 4
72.3013 1044.81 4
862.135 269.795 4
1196.74 678.841 4
299.749 751.953 3
740.327 1311.85 4
1068.99 968.633 4
540.21 930.938 3
662.734 1054.74 4
308.808 937.531 4
533.841 395.052 4
871.102 1140.68 4
199.352 877.858 3
1185.66 67.1087 3
394.394 897.036 3
336.935 498.545 3
599.433 1257.29 4
148.303 124.441 4
396.514 185.946 3
703.926 518.337 3
994.592 132.948 2
536.255 295.795 4
552.142 411.128 4
1299.47 1317.53 4
904.391 1277.13 4
372.262 1108.56 3
1123.2 1026.28 4
777.719 19.2441 3
1130.38 759.855 4
796.009 326.085 3
737.376 229.578 3
636.88 1281.57 4
249.887 1206.97 3
748.904 696.554 3
338.901 990.472 4
1028.35 710.942 4
531.957 1224.06 4
541.168 1161.0 4
792.406 1157.61 4
291.663 910.425 2
1129.38 404.469 3
548.293 885.326 4
746.634 1094.39 4
155.286 350.12 3
1275.42 1108.6 3
190.926 1100.8 2
419.644 668.756 3
998.945 1057.73 2
774.465 403.348 3
880.931 704.677 4
1255.94 510.592 2
714.122 461.301 3
159.912 1307.17 3
514.046 319.657 4
508.167 792.545 4
427.096 127.625 4
147.279 441.442 4
573.105 1079.85 4
943.247 796.337 4
839.493 842.041 4
91.9212 1126.43 4
231.42 618.513 4
445.685 652.8 3
939.482 1094.19 4
641.811 537.745 4
896.12 567.864 3
802.429 936.016 4
1212.18 939.373 3
131.433 759.364 4
463.136 932.406 4
584.038 68.1071 4
989.801 640.091 4
516.561 397.452 3
958.594 949.307 3
805.631 1279.2 4
689.856 150.195 3
1316.46 358.816 4
715.471 197.698 3
502.68 484.091 4
897.014 511.616 3
797.639 1075.17 4
188.512 939.046 4
1049.17 260.05 4
486.386 1020.18 4
76.7391 61.4268 4
729.047 715.773 4
1110.14 1327.51 4
161.058 232.976 4
392.211 143.937 4
1035.83 2.86614 4
477.821 313.449 4
759.052 824.557 4
742.085 897.931 2
380.378 320.189 4
581.54 935.14 4
439.838 512.967 4
934.005 1101.01 2
853.919 762.614 4
1289.01 473.568 4
1061.7 552.444 4
207.181 738.006 3
20.6772 862.151 4
582.955 563.99 4
58.3874 359.839 4
440.377 105.105 4
234.893 1068.33 4
814.148 888.872 3
569.279 983.168 2
1204.09 1077.22 4
659.376 371.672 1
528.56 223.411 3
377.594 561.165 4
636.408 221.446 4
298.652 576.995 4
1037.65 921.112 4
198.296 538.195 4
1266.52 387.339 1
245.109 1321.82 3
221.921 301.493 4
920.166 1015.06 4
1047.57 1091.26 4
439.216 64.8157 4
558.869 458.132 4
497.229 1043.81 4
965.79 928.916 4
722.979 943.575 4
990.538 78.0409 4
1322.97 630.142 4
915.732 167.956 4
818.816 365.817 2
520.246 58.0346 4
663.594 391.024 4
1176.88 633.638 4
1088.45 93.6567 4
697.66 763.909 1
120.657 145.354 3
1267.65 895.48 4
438.215 146.378 4
858.071 848.378 2
89.0142 1253.05 4
968.592 260.876 3
721.982 1238.47 3
74.1102 561.042 4
35.7449 513.49 3
839.353 727.59 3
74.2457 532.831 3
851.317 1263.31 4
1105.14 726.526 4
780.614 1249.39 4
185.357 13.4047 4
1190.55 959.175 3
265.889 578.321 4
1097.87 926.009 4
266.715 544.853 2
71.8499 262.661 4
1210.58 514.513 3
355.158 282.274 2
1040.14 984.888 2
920.115 802.535 4
751.697 1019.69 4
349.723 21.578 4
550.954 764.614 4
200.06 616.057 4
98.4346 818.75 4
460.179 1293.41 4
565.613 208.384 4
359.332 640.378 1
1236.9 1199.15 4
781.842 641.893 2
888.217 591.546 3
704.047 309.354 3
290.217 540.529 4
1201.98 606.721 4
139.676 570.542 3
413.771 18.4409 4
914.381 1266.02 3
365.269 958.283 4
515.619 657.836 4
1007.28 1261.59 2
474.142 1000.65 4
1199.59 1090.69 3
101.291 1317.69 3
205.544 234.696 2
1324.04 1279.77 4
313.225 452.85 3
997.98 192.277 4
1123.73 27.7764 4
746.522 206.746 4
789.172 1315.76 3
468.514 595.6 3
184.989 596.296 4
34.3937 162.387 4
1101.17 478.031 4
1116.03 879.757 4
296.386 272.989 4
953.752 275.559 4
1065.21 1232.7 4
209.883 1201.91 1
741.534 18.5228 2
987.9 476.803 4
345.158 637.405 4
349.075 489.997 4
186.844 430.756 3
889.241 50.1732 4
418.702 56.0945 4
1315.37 949.241 4
396.984 1253.61 4
1207.46 732.299 4
184.984 582.211 4
685.499 229.43 3
269.851 418.431 4
884.268 203.143 4
1021.2 984.331 4
980.302 1158.82 4
1009.21 600.579 1
1001.37 877.055 3
524.874 1031.11 4
632.394 866.721 3
366.784 626.8 4
542.151 63.7512 4
308.929 915.093 4
534.617 1309.59 4
1199.76 169.307 4
921.505 696.885 4
633.471 562.516 4
1127.72 834.538 4
1287.85 1077.85 3
270.154 1043.64 4
1323.16 735.698 4
892.639 915.036 4
214.592 203.839 4
341.562 669.26 4
328.05 206.419 4
1081.56 1047.02 4
90.8157 408.753 4
847.15 364.205 4
1053.92 686.211 4
320.716 1340.14 4
486.589 37.0142 2
1171.72 429.241 4
374.482 1277.82 4
487.379 1151.75 4
804.853 1201.29 4
111.457 161.994 4
1051.56 456.576 4
119.068 262.866 3
115.753 946.195 3
147.156 383.244 4
342.116 1187.5 4
569.093 254.391 4
1299.8 105.392 4
469.404 385.594 3
81.2346 45.5716 4
46.2677 723.25 4
763.704 442.45 3
166.658 713.833 4
1040.2 30.1354 4
117.921 1031.98 3
1092.47 113.877 4
627.298 729.474 3
266.881 1093.6 3
880.192 375.014 4
247.061 94.885 4
323.014 1242.24 4
222.003 438.438 4
191.458 109.282 4
344.768 1125.88 3
576.516 131.883 3
1103.31 388.444 4
587.838 858.998 4
1095.07 149.817 3
1207.71 756.794 4
1057.74 370.444 4
609.137 790.768 4
844.611 431.165 2
1336.36 991.905 4
177.905 553.042 1
807.926 201.956 3
574.293 336.976 4
680.422 350.447 4
896.327 92.674 4
802.163 786.715 4
916.021 1246.58 4
109.856 393.071 4
1155.14 1300.2 4
157.414 170.249 2
655.609 564.189 4
917.575 1263.37 4
713.466 799.424 3
1219.38 397.534 3
631.812 1189.46 4
1118.33 807.269 4
756.082 314.416 3
1302.66 629.584 3
403.798 333.783 2
986.704 384.35 2
297.407 471.783 4
901.526 1238.48 4
679.758 1250.88 4
514.554 825.499 3
1024.85 67.5339 3
1316.49 527.468 4
395.855 409.285 3
159.176 706.683 3
33.0835 654.642 4
242.068 1164.32 4
642.876 131.679 4
339.31 1085.49 3
212.094 1182.04 4
725.199 575.783 3
1244.96 553.631 4
886.408 1211.68 3
1326.83 99.4709 4
413.625 575.742 4
515.479 158.022 4
1110.43 562.665 4
662.898 118.658 4
451.95 279.669 3
1044.84 239.584 3
542.885 1071.0 4
363.542 136.101 4
177.332 698.765 4
472.381 1246.48 4
1099.82 362.378 4
789.335 354.557 4
424.476 224.844 2
626.942 425.131 4
19.7764 800.022 3
325.307 1178.08 4
252.437 1140.45 4
340.047 1303.68 4
1149.59 895.556 4
1202.44 462.882 3
741.635 424.287 4
903.531 627.112 4
1208.69 780.368 4
190.488 550.315 3
899.6 623.074 3
318.387 264.315 4
132.95 614.746 3
611.188 951.887 4
483.6 598.614 2
914.79 655.502 4
950.927 290.422 4
442.819 1168.66 4
925.59 977.077 3
853.414 405.562 4
989.556 21.578 4
552.757 110.52 4
1334.27 688.161 4
1004.6 1290.11 2
1119.61 1151.71 4
614.953 915.134 3
333.25 67.3134 4
983.742 1253.67 4
632.598 973.587 4
177.119 1098.16 4
451.873 537.647 4
1257.79 1041.98 4
1140.53 1296.54 3
1178.84 84.9197 4
753.222 750.208 4
791.673 1313.81 4
1120.51 310.419 4
4.74961 576.217 4
368.34 806.86 4
1105.26 954.957 4
450.394 812.444 4
929.694 982.652 4
505.178 974.995 4
589.908 120.148 4
1114.19 631.247 4
1108.91 1226.6 4
1121.45 529.09 2
639.705 1085.04 4
948.963 561.527 4
824.098 384.447 4
1258.36 1337.28 3
1202.74 1174.91 4
1149.4 214.346 4
811.896 795.861 4
82.9543 297.03 2
1231.72 984.453 4
1044.3 564.425 3
883.877 1189.98 4
442.994 831.852 2
1113.5 644.964 1
605.411 98.8 2
308.583 860.866 4
1267.21 364.507 3
913.357 882.157 4
980.507 609.219 4
1083.64 1293.37 4
272.14 30.7087 4
594.847 716.422 4
812.524 951.124 3
588.871 1258.24 1
420.343 1129.51 4
1236.78 599.408 4
1087.62 404.781 3
94.7181 35.3102 3
144.517 85.8362 4
322.359 673.175 3
1293.69 221.159 4
1109.26 873.861 3
766.488 1196.74 2
354.665 1079.15 4
1186.75 574.375 4
1210.45 914.929 3
174.764 1265.85 1
1102.98 267.165 4
129.099 189.836 4
30.1764 1326.88 4
466.549 116.529 3
713.385 1009.18 4
999.262 993.486 4
60.0168 954.098 4
276.337 1226.63 1
232.058 1222.04 2
638.499 1008.89 4
853.989 307.471 4
1175.49 315.89 3
283.912 644.39 4
1302.4 434.998 3
214.43 1062.49 3
440.157 861.89 4
738.479 268.598 4
8.51653 153.887 4
564.696 738.866 4
547.794 648.296 4
370.101 970.844 3
55.7795 73.9622 4
131.772 1236.67 4
595.953 408.63 4
500.953 762.696 3
821.927 456.879 4
1267.53 332.12 3
734.694 835.071 4
992.475 1203.39 3
418.644 268.107 4
375.751 607.269 4
1198.58 689.937 4
1248.94 1271.4 2
1239.66 28.948 4
809.554 298.913 4
764.85 862.724 4
101.298 989.105 4
834.44 31.2819 3
1143.67 968.305 4
512.28 879.496 3
153.792 1333.06 3
1028.9 1178.43 4
627.89 1281.06 3
1215.0 645.266 4
1072.88 446.472 4
180.935 903.342 4
84.9606 525.625 4
1150.49 271.26 2
111.165 681.241 4
964.779 1153.74 2
1256.47 642.671 2
926.173 993.005 4
887.439 881.6 4
876.998 92.863 3
654.007 449.943 1
1088.37 1124.36 2
614.255 288.702 1
1178.68 307.798 4
567.127 165.556 3
523.644 9.54016 4
685.768 169.921 4
33.3701 250.394 3
350.12 573.408 4
1018.95 587.968 1
683.443 1328.43 4
1187.97 73.3323 4
553.083 550.356 4
926.572 475.698 2
127.342 1053.88 4
884.596 647.093 3
370.891 926.583 2
171.671 270.891 4
757.872 38.2173 4
71.6126 450.557 1
277.261 827.046 4
397.844 433.033 3
192.813 1200.36 4
297.014 952.967 4
951.068 232.321 4
1182.9 143.609 4
662.365 158.498 3
1290.75 460.85 4
911.965 151.757 4
668.757 590.589 3
191.727 850.154 4
1038.73 1124.59 4
1275.59 906.044 3
961.345 1191.42 4
643.039 848.05 4
1012.92 585.676 3
1297.27 511.033 2
81.8163 477.131 2
400.794 732.668 3
548.989 930.365 4
1311.45 390.466 4
178.092 1147.97 4
941.007 543.887 3
450.721 467.468 4
205.339 225.074 2
325.512 838.224 1
751.994 229.266 4
621.188 1312.77 2
772.343 923.65 4
1026.4 218.154 2
431.705 1022.65 4
1237.81 241.707 3
52.5953 1213.24 4
483.068 267.386 4
222.968 301.887 2
810.384 1105.76 4
826.526 1234.16 4
952.39 20.3087 4
495.892 633.345 4
547.67 27.1622 4
921.662 464.151 4
1135.58 1168.34 3
1172.67 978.255 4
116.951 504.498 4
233.017 886.047 4
127.953 94.3527 4
170.701 17.4016 3
518.784 1126.94 4
866.435 1222.16 4
1013.42 428.529 4
665.272 1096.67 3
4.46299 124.677 4
1084.13 1026.95 4
478.4 1267.18 3
347.09 227.735 4
737.458 671.905 4
833.105 770.542 4
122.425 645.635 4
1271.14 120.05 2
1144.89 545.263 3
471.48 373.417 1
199.361 1284.37 3
1117.06 501.698 4
706.053 1052.26 3
916.922 117.594 3
564.397 1177.88 3
537.425 439.887 4
286.246 1025.18 4
266.43 713.153 1
1004.36 1309.92 4
1330.27 246.831 3
940.844 785.052 4
331.893 1249.27 2
678.129 546.0 4
1237.4 660.195 4
118.145 1151.33 4
503.246 77.5905 4
152.522 678.841 4
25.5496 408.016 4
1279.36 54.9228 4
93.0677 211.039 2
716.097 421.666 3
731.329 727.279 4
343.896 1215.95 4
1005.93 454.293 4
218.154 61.8425 3
1272.98 173.254 4
838.901 868.154 4
842.154 1181.93 4
837.806 166.006 4
212.954 324.939 3
671.701 592.186 2
1012.55 153.518 3
975.565 70.3842 3
130.983 1176.28 3
1285.38 298.013 4
380.751 345.591 3
304.589 387.42 3
61.3806 617.54 3
1052.17 665.927 4
171.196 905.471 3
629.814 700.378 2
650.778 23.4362 4
696.273 934.003 3
74.0283 371.329 4
1332.01 21.0614 4
830.157 127.339 4
275.91 879.594 2
881.093 252.072 4
1173.48 651.146 4
258.485 399.515 4
599.638 470.784 3
1140.11 861.275 4
534.354 311.442 3
583.304 449.017 4
542.069 862.094 4
312.002 426.907 3
3.02992 216.762 4
85.3291 181.509 3
1152.72 250.353 4
1224.09 419.316 4
1061.91 195.635 1
281.455 1309.62 3
600.457 95.2535 4
419.562 484.312 4
495.415 947.801 4
399.553 1289.6 3
434.02 1289.0 3
699.461 992.34 4
124.636 445.235 4
191.049 1010.89 4
950.331 405.805 3
1214.55 724.277 4
191.03 832.041 4
898.149 938.825 4
853.046 1123.74 3
748.955 136.69 2
335.762 512.671 4
1218.41 1219.91 4
117.259 230.126 4
316.504 549.767 2
947.53 1013.57 1
387.771 60.6961 3
1268.66 453.26 3
327.828 55.8079 4
995.616 324.939 4
1183.51 102.239 4
511.361 713.931 4
454.49 907.953 4
1279.8 1238.48 4
222.425 1053.9 3
264.968 599.392 4
631.218 1009.66 2
731.521 100.028 4
675.959 1303.37 4
263.319 1270.08 4
599.824 1006.88 3
676.186 653.578 4
970.693 1132.88 4
431.518 196.756 3
239.896 1113.18 4
648.602 367.66 4
176.465 393.235 3
744.992 5.2 2
1039.88 969.616 4
992.109 325.921 3
1184.2 384.145 4
1318.05 1109.28 4
956.472 864.075 4
876.179 712.866 4
778.416 1330.11 3
917.731 728.63 4
381.66 418.145 4
1109.18 34.6961 3
640.296 1032.38 4
565.465 1203.57 2
86.6394 482.249 4
1243.75 481.798 4
631.231 1326.53 4
12.611 1266.03 4
1181.31 58.674 4
141.846 311.918 3
675.305 1291.61 4
436.364 240.469 2
24.485 744.378 4
478.891 691.968 4
288.579 1095.37 4
924.535 821.641 4
438.338 78.737 4
1254.26 1011.83 4
1186.03 718.598 4
831.836 1135.54 4
1098.02 1118.66 4
690.945 970.778 2
132.17 585.512 3
45.4908 1122.85 4
807.392 1037.54 4
123.796 549.572 4
661.702 749.43 4
805.14 988.63 1
68.5417 1161.17 4
391.311 471.332 1
90.1606 758.479 4
1224.76 918.762 4
239.152 367.414 3
146.576 1125.14 3
648.824 1161.85 4
720.179 485.868 3
395.364 1106.1 3
973.26 514.939 3
1061.29 850.835 4
633.165 667.074 4
379.395 198.091 4
1147.99 1022.45 4
1287.59 187.748 2
1062.15 147.565 3
1113.09 434.031 4
172.501 469.842 3
1025.34 1327.92 3
525.795 361.559 4
134.504 1107.35 4
524.094 1231.66 3
793.117 400.784 4
1316.88 486.605 4
666.46 423.083 4
1174.56 680.463 4
1336.89 148.22 4
61.3323 1135.04 4
593.017 474.592 2
702.327 627.685 4
593.739 1061.0 4
587.354 358.734 4
541.038 1018.23 4
1223.62 1131.55 3
628.363 482.822 4
1122.79 299.798 4
107.48 105.924 2
1277.5 863.487 3
1030.81 766.545 4
931.701 87.4583 4
184.17 401.383 4
1194.77 1272.36 4
454.132 700.337 4
1119.11 43.6063 2
529.95 520.655 4
10.6457 1113.88 4
1297.3 1315.97 3
131.895 0.818898 4
573.597 529.213 3
594.888 382.016 4
938.683 1311.14 1
348.564 161.528 3
223.682 797.361 2
481.248 772.507 4
1050.47 1212.15 3
1107.56 909.918 4
273.441 1234.34 3
698.277 1188.11 3
1136.2 158.129 3
16.1732 1230.29 4
1119.02 751.42 3
141.137 509.411 2
624.537 1096.75 3
792.388 836.513 2
233.55 783.89 4
105.679 1099.17 1
1267.86 11.3165 4
175.389 1191.92 4
438.397 8.27087 4
506.12 87.9653 4
653.708 896.866 4
750.479 275.272 2
1152.47 334.069 3
354.973 600.472 3
188.881 665.902 4
1318.14 317.666 4
136.715 742.961 4
1208.39 701.197 3
839.035 1022.52 4
458.072 1328.1 4
261.024 222.535 4
416.86 849.934 3
689.307 693.09 4
157.682 636.995 4
688.859 81.537 3
1336.15 929.383 3
338.791 1125.94 2
3.80787 372.598 2
461.378 1120.5 4
1057.62 1054.74 4
957.087 525.42 1
1135.73 591.505 4
940.68 101.134 3
1138.39 603.134 4
851.612 413.887 4
672.97 585.65 4
801.725 615.074 4
659.294 1175.17 3
143.486 988.138 4
1126.95 236.416 4
720.138 437.839 4
1285.25 1252.18 3
418.837 497.537 4
752.63 813.304 3
514.595 906.535 4
406.419 871.757 4
231.502 713.792 4
285.364 119.805 4
1336.85 840.321 4
359.315 154.337 4
468.871 1268.37 2
1251.07 1166.4 4
306.677 297.956 4
405.231 19.5307 3
1286.28 1082.54 2
311.55 128.337 4
397.044 365.121 4
297.097 890.69 4
89.9968 717.247 4
277.992 258.781 4
1258.07 800.186 4
1097.16 1111.83 2
269.294 971.909 4
569.502 644.441 4
830.509 665.124 4
809.519 1114.4 3
1269.73 573.94 4
688.201 1216.02 4
1026.2 880.601 2
917.771 766.995 3
1192.33 847.682 4
830.403 12.7496 4
1067.51 1141.34 4
710.733 340.211 3
578.809 718.46 3
108.176 1286.63 4
1057.17 718.598 4
1072.39 1253.05 2
372.632 398.803 3
331.901 1009.74 4
1236.34 1040.63 4
395.487 888.724 3
1127.99 795.354 4
890.794 328.504 4
47.0016 882.617 4
88.9659 1266.75 4
639.518 449.877 4
300.003 1005.29 1
755.883 433.279 4
1029.37 946.891 1
405.46 0.655118 4
1305.4 133.439 4
669.358 655.241 3
680.802 265.773 4
697.946 926.516 4
973.488 721.833 4
73.3071 1257.47 3
1230.56 533.266 4
430.548 99.1842 3
546.831 276.844 4
457.887 214.362 4
1018.18 1110.68 4
1280.57 1120.83 4
209.105 1164.6 4
901.156 1115.05 3
45.0362 1138.39 3
1169.39 270.784 3
103.386 892.491 4
1292.55 823.499 4
492.28 1132.99 3
1118.81 711.417 4
573.064 965.439 4
586.937 1.14646 4
738.965 1262.51 3
66.2814 463.824 2
1053.62 1079.48 3
1107.89 1280.85 4
1248.85 875.238 4
1123.88 742.838 4
625.31 876.016 3
728.368 468.942 4
1134.21 1058.3 1
656.4 1059.87 3
1184.94 1284.4 4
127.578 262.227 4
822.787 1146.35 3
958.952 219.669 4
1269.92 698.331 4
156.677 221.446 3
59.3701 847.027 4
1141.91 150.391 1
644.136 984.151 3
929.49 962.573 4
372.581 41.6504 4
1080.78 1284.36 4
363.886 216.976 4
277.688 106.866 4
682.838 616.384 3
688.173 28.1291 4
911.221 905.43 3
335.953 365.679 4
1261.76 960.116 2
842.564 696.605 4
1145.8 34.7622 4
600.129 567.946 1
796.615 545.55 4
62.9071 832.951 4
80.3265 439.723 4
694.098 991.987 3
263.349 324.176 2
614.718 745.852 4
1274.9 748.595 4
1285.62 938.063 2
320.586 1277.93 4
885.024 463.471 4
993.446 503.351 4
339.97 884.368 4
1042.22 217.842 4
105.282 75.3795 2
746.302 1330.75 3
1262.86 176.488 2
1280.44 195.757 2
1269.7 774.775 4
898.699 300.904 3
617.513 461.531 3
210.204 295.065 3
1274.01 1002.41 4
1151.45 544.611 4
239.428 697.307 3
1202.73 218.948 4
2.90709 1002.39 3
1304.59 1076.54 4
914.638 439.354 4
912.982 1257.46 4
912.498 69.2535 4
994.341 831.713 4
359.824 296.825 4
433.24 350.913 4
419.779 1030.09 3
795.297 1291.83 4
903.328 753.893 4
156.328 1133.0 4
906.683 993.323 3
496.416 343.446 4
1301.44 543.912 3
537.239 666.844 3
317.65 1275.69 3
252.876 1237.03 3
851.326 30.3811 4
1000.94 371.329 4
446.013 831.565 4
987.468 389.811 4
313.81 599.115 4
947.956 314.595 4
256.233 496.211 4
1132.58 1260.69 4
868.113 670.39 4
654.232 779.197 4
1057.36 779.436 3
891.698 1077.93 4
65.2693 314.8 4
264.545 69.1559 3
478.809 677.105 4
779.017 256.29 2
811.119 1000.45 2
405.366 711.417 4
463.102 753.641 4
1034.48 805.631 3
137.617 969.953 3
644.186 987.304 4
501.751 1241.63 1
586.945 1209.4 4
1135.89 124.391 4
640.828 470.088 4
690.453 1312.77 4
116.161 300.74 3
312.0 1205.02 4
517.024 753.524 4
136.756 1164.94 4
787.129 904.595 3
537.257 909.386 4
1015.76 156.0 4
249.477 676.778 3
1145.36 1301.6 1
987.375 344.888 3
785.609 1069.54 3
1301.92 45.0961 3
222.904 346.394 2
1066.37 180.488 4
849.762 109.052 3
252.098 241.631 4
682.838 1141.95 3
573.761 371.739 2
698.847 886.211 4
1187.4 940.627 3
88.3013 1007.94 4
1005.77 554.394 4
569.584 1128.24 4
200.261 671.307 2
863.42 232.986 4
1007.59 115.465 4
65.1842 780.425 4
472.627 590.139 1
685.398 1077.26 4
516.687 555.99 2
634.126 448.964 3
261.21 452.236 4
682.633 1160.68 4
974.161 301.534 3
1217.94 582.605 4
1188.9 414.787 4
948.406 1235.73 4
257.515 25.1968 3
1151.56 674.378 4
473.528 289.562 2
454.12 237.946 4
277.454 1087.1 4
1091.92 794.51 4
70.0283 398.983 3
838.799 415.606 3
486.712 179.38 4
132.457 656.274 4
458.554 1082.58 4
1096.59 621.502 4
699.175 1279.09 4
1075.01 250.624 4
1216.14 1085.33 4
586.005 1228.48 4
83.663 736.066 4
183.515 979.729 4
88.7286 943.304 3
937.281 256.069 3
371.575 527.165 4
393.808 638.51 4
572.614 328.183 2
514.063 1311.1 4
580.353 780.123 4
758.954 877.858 2
1087.33 587.329 4
896.971 630.853 2
457.968 792.898 4
18.4252 1066.29 4
102.117 1298.65 4
51.5717 1328.01 4
1044.95 306.677 4
148.18 1251.09 3
1286.57 451.31 4
401.465 1309.29 4
188.37 864.935 4
845.832 1221.47 3
604.715 309.628 4
302.992 869.014 4
136.674 1032.75 4
531.956 573.039 4
253.408 531.03 4
1299.63 840.435 4
555.634 250.992 2
1251.89 72.9669 4
916.756 516.044 4
445.124 359.798 3
1293.61 367.946 4
1080.47 454.627 4
457.436 88.5638 4
141.365 432.91 4
1135.77 928.482 4
791.222 1270.19 4
1048.84 1309.7 4
1297.13 348.825 4
714.734 1186.23 4
566.105 510.337 4
1179.01 322.989 4
151.005 310.935 4
823.401 524.463 1
629.172 1037.91 2
950.64 205.723 4
280.515 143.43 4
1172.46 839.37 4
461.051 996.696 3
527.784 1331.05 4
1084.41 71.4646 4
819.104 453.465 3
700.935 144.372 4
48.7769 594.151 4
786.738 1134.11 4
771.401 809.849 4
319.165 722.35 4
667.045 1028.47 4
342.094 525.175 4
1070.3 205.502 1
552.584 1178.72 2
951.437 120.91 3
985.494 1009.05 3
488.453 360.372 4
1021.12 1255.59 4
948.9 1296.03 4
907.338 357.833 4
1154.56 3.43937 4
155.509 729.858 4
40.547 777.19 3
266.428 169.036 4
707.511 750.151 3
483.846 965.087 4
1202.69 1144.7 4
1171.92 506.954 3
383.36 782.989 2
972.238 603.666 3
418.743 676.957 4
196.576 42.3779 4
1132.54 1310.32 2
819.226 156.098 4
961.633 397.411 3
868.935 177.512 4
588.216 385.373 2
283.712 946.768 2
1282.89 1293.69 2
477.808 426.088 3
482.445 493.361 4
565.853 1193.22 2
677.087 674.894 3
372.375 944.696 4
1039.0 1091.65 1
977.214 1248.51 3
430.413 1199.09 2
417.967 1176.4 3
361.249 848.542 4
634.965 852.447 3
887.153 730.498 4
681.896 1018.52 3
479.219 648.731 3
643.735 10.8661 4
436.803 870.872 4
856.116 982.186 4
506.941 1097.49 2
120.697 884.179 3
726.239 462.038 2
224.38 788.475 2
914.362 843.751 3
351.557 926.394 4
807.842 832.164 3
599.947 1029.81 4
211.881 1311.18 2
1205.94 10.5638 4
1206.88 1319.79 4
771.32 799.981 4
508.077 703.556 4
1297.69 979.001 3
591.653 192.539 4
769.511 298.831 4
1274.25 1017.99 2
983.414 276.517 4
25.0173 917.943 4
335.516 602.586 2
393.811 328.419 4
319.493 472.069 4
1315.84 425.008 4
823.793 390.009 3
1305.0 1246.95 4
399.294 469.449 4
1067.06 655.732 4
1029.89 1004.25 4
834.416 212.069 4
2.21102 705.644 4
544.813 305.956 1
1330.27 237.039 4
468.392 837.937 4
188.387 62.9323 3
795.563 178.29 4
752.886 863.584 3
603.704 1004.07 4
380.379 915.814 4
892.271 153.707 1
1242.68 1261.0 4
175.613 342.806 4
285.92 704.186 3
583.784 573.064 3
124.186 293.754 4
410.964 1112.06 2
131.855 837.118 4
956.341 361.339 4
407.811 402.872 1
1056.13 498.52 4
390.328 32.7559 4
1067.15 125.865 4
506.816 421.446 4
1300.9 618.283 4
1101.38 287.449 2
548.071 536.926 3
232.572 813.042 4
259.14 1204.53 4
327.919 830.419 3
670.567 333.455 3
30.7496 1081.76 4
865.31 437.537 4
853.488 490.576 4
523.093 1151.7 4
1257.87 1271.58 4
293.083 197.943 2
672.869 715.364 4
546.073 695.613 4
628.709 727.631 4
1250.49 1324.94 4
582.768 1248.71 4
1299.75 722.227 4
298.738 1060.19 3
1276.32 642.154 3
919.501 826.734 3
471.194 35.7606 4
115.833 1010.27 4
796.05 1173.07 4
1243.13 1147.23 4
778.527 494.876 4
658.557 280.35 3
175.176 534.019 4
1304.93 30.9291 4
565.564 1039.51 2
1177.68 86.526 3
1327.76 1060.48 4
94.1848 1053.77 3
404.578 764.538 4
236.961 1240.24 2
1324.28 60.4504 4
306.964 1053.76 4
820.822 1010.16 4
654.505 1116.24 2
52.9417 866.844 4
141.395 103.852 2
491.923 613.231 4
68.0504 771.698 4
764.831 587.027 4
1265.34 768.453 3
354.697 857.959 3
605.628 688.734 4
268.885 206.378 3
1121.77 687.833 4
765.383 960.132 4
295.909 1306.23 4
617.527 624.781 2
700.526 81.4079 4
392.416 960.035 4
583.792 285.238 4
926.91 1031.95 3
485.691 1171.56 4
717.477 763.31 3
192.3 51.9748 3
1220.12 519.754 2
19.6126 380.705 4
856.558 334.561 2
729.187 1186.87 2
783.808 1190.37 4
1227.85 1045.69 2
1338.71 1172.92 4
681.346 1217.84 3
1005.93 809.275 3
418.579 1278.88 4
2.74331 907.338 4
796.214 582.252 4
686.31 1112.73 3
104.903 682.403 3
1284.48 648.869 4
1334.16 538.564 4
1207.66 398.148 2
1054.54 1028.9 4
438.338 375.628 3
1124.03 1069.21 3
247.36 849.083 4
788.774 262.661 4
177.806 42.2299 3
116.12 477.515 4
711.172 512.646 4
20.5953 1208.17 4
491.093 97.5874 4
395.364 1239.81 4
52.2866 448.28 4
459.238 494.737 4
413.175 555.474 4
124.484 936.655 3
759.036 124.063 4
328.206 450.164 4
801.783 244.0 4
55.8509 298.406 3
209.609 1292.97 4
1332.33 912.088 4
959.013 637.184 4
66.0357 1027.39 4
718.882 101.093 3
1074.07 316.422 4
525.814 1059.99 4
735.698 855.313 4
762.885 369.405 4
940.586 740.488 3
1053.92 189.128 2
884.964 1299.81 3
38.5701 448.961 1
24.526 761.55 4
403.32 721.572 3
199.229 209.981 3
1268.02 326.06 4
105.673 1278.67 2
824.098 614.583 4
427.505 691.779 3
225.934 1304.26 4
483.798 979.975 4
163.206 886.989 4
336.404 1330.72 4
610.757 273.691 4
946.318 1078.34 4
219.342 180.173 4
191.46 1213.85 3
687.546 661.669 4
723.578 731.398 3
1309.79 903.449 4
1170.53 1164.98 4
1031.2 1140.82 4
686.074 299.184 4
0.368504 672.724 3
616.957 84.2394 4
569.707 1277.78 4
199.649 223.6 4
1.39213 1166.44 4
901.219 1306.39 4
609.915 588.633 4
684.066 783.332 4
860.633 1110.93 3
650.696 770.598 3
1224.42 1189.05 4
1132.66 114.743 4
1161.89 1047.92 3
1318.37 1026.09 4
360.822 1151.87 3
1068.54 458.705 2
740.214 1199.52 2
407.361 895.342 4
1049.29 898.51 4
569.207 217.909 4
1059.04 826.431 3
1174.65 1229.7 4
897.534 994.387 2
26.6142 787.452 4
211.134 1296.72 2
416.863 768.535 2
228.923 315.619 1
854.604 1081.82 4
1090.53 305.792 4
460.261 517.912 4
1280.5 119.78 4
291.038 841.95 3
1177.84 103.77 3
727.017 348.047 4
859.839 600.743 4
0.0 889.036 4
1147.23 1199.6 3
1138.62 434.057 4
84.0924 136.305 2
624.942 62.7024 3
829.461 706.75 4
101.907 694.016 4
965.48 574.129 4
602.342 657.754 4
981.817 1150.26 4
663.433 231.518 3
753.509 97.1716 4
437.355 1163.38 3
501.75 27.0803 4
878.177 51.9181 2
954.916 249.493 4
466.935 149.213 2
594.645 317.748 4
1152.56 480.872 3
464.617 286.246 4
86.5596 278.835 1
483.305 1332.22 4
246.05 935.361 4
502.472 238.995 4
995.292 844.283 3
1334.46 434.957 4
359.619 702.737 1
1070.59 1176.36 4
6.10079 38.5291 3
296.195 1071.04 4
230.45 1035.37 3
921.424 525.487 1
142.816 1137.86 3
13.2252 34.9417 4
755.946 499.543 4
483.231 134.643 4
140.925 461.244 3
1299.02 1206.5 4
447.609 398.942 4
575.439 123.735 3
1222.78 811.093 4
463.293 815.54 2
313.6 817.153 4
1296.38 686.457 4
861.562 276.419 3
1338.3 336.828 4
48.6016 361.707 3
748.268 1269.31 4
38.3653 179.789 4
161.317 613.698 3
593.876 516.775 2
272.079 322.605 3
889.527 407.975 4
75.2798 339.31 4
997.499 1203.8 4
1211.08 996.107 3
644.39 182.164 4
652.784 806.205 4
172.093 402.775 3
108.148 239.461 4
1327.6 126.126 4
764.34 706.954 4
882.075 18.1134 4
944.271 562.05 3
641.197 1339.24 2
1290.99 571.14 4
1330.72 559.389 4
689.482 960.567 2
3.76693 174.236 4
1278.46 589.253 4
859.426 266.035 3
1020.02 626.472 1
583.497 1088.17 3
910.45 659.745 3
811.797 1208.49 2
31.1591 693.253 4
303.033 751.666 4
814.446 521.408 3
1271.95 384.57 3
1121.05 1051.46 4
170.003 1260.05 4
1213.64 902.441 3
1000.49 946.498 4
16.7055 502.655 4
326.126 794.331 4
236.334 1010.36 4
1107.51 258.813 3
250.431 1252.09 4
1021.62 726.787 4
992.176 684.696 4
558.422 938.702 4
332.759 1018.52 4
1038.4 1282.2 4
777.351 1030.25 4
814.844 937.162 1
80.8892 288.498 3
610.447 943.058 4
365.146 862.847 4
255.13 485.745 4
1076.89 352.504 4
1089.01 190.328 3
687.477 45.0803 4
752.814 544.731 4
394.844 1330.91 3
748.659 660.498 4
1160.79 950.756 4
17.852 840.598 4
903.45 521.638 2
18.1795 99.3732 3
1093.92 1196.45 4
872.098 787.099 4
752.362 572.583 4
499.405 625.105 4
820.29 22.3717 4
1254.57 262.759 1
206.415 1097.3 4
1137.45 320.614 3
1295.13 269.883 4
1181.63 594.274 4
866.23 1041.41 4
460.715 1059.87 4
1157.72 623.033 4
1095.4 137.002 4
688.501 231.912 1
874.091 1169.81 4
334.358 658.721 4
507.28 719.786 3
887.398 1286.83 4
1265.64 18.715 3
122.908 1032.63 2
225.688 421.446 4
466.794 1203.53 4
416.778 607.581 4
193.825 94.3779 3
923.463 861.66 4
209.445 331.874 1
1192.81 1329.54 2
1249.32 87.9496 4
1316.0 862.438 3
145.615 1221.48 4
225.115 159.537 4
207.017 539.981 1
1097.96 636.406 3
1214.71 939.742 4
1295.82 212.602 4
228.923 641.294 4
1036.27 1321.18 4
634.299 817.874 1
290.299 563.811 3
539.737 771.852 3
1211.97 60.1071 4
357.039 1119.92 1
371.986 186.258 3
592.759 546.491 4
755.392 302.255 4
1082.47 477.924 3
1097.53 776.453 4
1288.0 1129.42 3
937.679 33.8205 4
183.006 134.233 4
401.587 945.924 4
506.101 763.663 4
1286.09 1189.08 4
62.359 979.335 4
563.363 326.715 4
1281.04 766.299 4
171.436 488.529 4
432.462 1305.83 4
107.934 593.839 4
260.739 506.979 4
583.424 1172.05 4
897.494 1247.96 3
850.776 1052.04 4
594.696 37.3984 2
926.787 794.142 3
1151.21 55.7008 4
730.579 1242.35 4
578.102 97.6945 3
848.419 287.065 4
639.477 934.812 4
638.044 255.005 4
1036.03 513.587 4
436.268 1285.18 1
1194.35 739.956 1
538.386 1284.52 3
158.661 866.435 3
330.835 459.458 4
836.362 822.173 4
64.1428 337.238 2
32.715 1024.42 4
427.792 998.277 3
890.255 927.704 3
962.696 405.644 4
1305.61 44.6457 4
839.741 374.375 4
458.585 577.118 4
320.744 369.65 3
1134.38 656.305 4
346.516 648.526 3
672.471 898.085 2
16.2961 566.283 4
1256.0 917.698 4
1129.11 602.847 3
1288.35 841.868 2
149.735 559.241 4
734.183 1232.7 4
1313.96 547.924 4
1239.77 1302.25 3
95.7291 1052.3 4
722.577 1072.85 4
719.32 796.394 4
496.633 465.395 4
1338.79 1228.76 4
160.013 1338.91 4
1336.87 507.798 4
234.041 1035.45 2
291.159 839.083 4
892.611 1017.6 4
394.659 1049.68 4
216.702 391.269 3
457.559 1108.66 3
841.891 1010.89 4
363.345 695.342 4
821.827 142.627 4
463.496 47.9874 3
225.975 742.576 4
246.991 1221.81 3
1068.29 1004.11 4
218.412 841.842 3
1215.98 463.046 4
717.395 267.713 4
585.637 49.3543 2
963.433 534.945 2
173.73 3.1937 4
618.104 962.901 4
1031.16 54.4567 4
556.195 88.1701 4
1250.54 619.824 4
82.3401 278.025 4
310.157 907.027 4
377.032 473.282 3
1306.98 600.579 4
275.655 775.291 4
252.57 579.739 2
94.6646 428.013 4
813.259 496.252 4
269.335 177.471 4
1212.81 874.148 4
179.298 607.704 4
220.775 966.069 3
302.05 980.875 4
679.398 1331.12 2
905.908 592.841 4
456.126 887.127 4
0.737008 360.765 4
125.701 946.891 4
735.534 330.63 3
380.624 384.554 3
349.587 1029.78 4
147.517 922.816 4
977.723 291.543 1
516.665 445.235 4
100.859 69.5402 3
380.091 1198.88 4
534.997 978.009 4
1012.5 494.712 4
976.803 1315.44 4
852.472 147.975 1
854.274 313.572 1
573.146 1249.23 3
732.116 589.688 3
1273.88 160.063 3
680.403 36.8094 4
1139.99 261.94 4
1097.2 572.573 4
918.107 78.8598 4
804.214 982.318 4
983.496 820.535 3
1328.06 711.499 4
774.39 773.294 4
1004.83 849.442 2
966.608 371.534 2
65.8415 1240.32 3
1225.85 366.825 4
694.377 604.879 3
837.487 1203.37 4
1107.07 324.652 3
973.546 369.871 4
1175.43 1248.26 4
1201.48 1075.88 3
498.966 118.838 4
373.839 51.4835 4
423.393 223.452 4
531.137 886.17 2
775.641 1250.66 3
128.198 605.427 4
1029.78 1099.88 3
838.715 81.1685 4
84.3076 209.858 4
239.528 143.317 4
684.815 439.15 3
938.62 1133.35 4
1099.49 906.535 3
881.688 881.682 3
908.608 614.639 4
192.072 198.844 4
422.469 427.628 4
862.668 850.85 4
1218.44 562.68 3
1152.23 775.046 2
464.847 988.409 4
503.827 211.455 4
161.152 339.72 3
168.857 346.025 1
1309.74 971.253 4
1208.32 1031.99 4
1040.65 912.334 4
191.213 423.698 4
1000.65 253.08 4
561.756 371.017 4
1062.79 1245.64 4
57.0079 979.786 3
527.33 550.274 3
960.853 124.186 2
398.364 287.449 3
571.713 168.775 4
1141.4 904.611 4
1315.43 995.042 3
737.909 585.896 4
738.76 894.318 4
484.542 421.216 4
95.074 391.981 3
61.0079 995.82 4
9.45827 970.983 4
151.616 999.26 3
525.978 850.523 4
610.939 1312.54 4
364.794 979.37 4
965.03 1341.33 4
704.653 519.427 1
693.401 670.104 4
294.027 1008.77 3
837.609 492.035 1
901.076 221.691 4
1238.48 20.8 3
603.65 121.254 2
595.567 336.501 4
50.9764 221.568 4
559.471 982.652 4
141.792 457.231 4
1137.52 612.945 4
216.353 1121.66 4
1160.91 702.0 4
899.438 354.05 3
915.732 840.598 4
629.06 697.373 4
7.69764 981.858 4
1245.97 1166.27 3
243.54 694.236 4
247.553 562.557 4
329.178 1101.5 3
1168.94 1107.82 4
1049.87 811.748 4
129.193 801.619 4
1053.56 1162.34 3
1091.09 706.847 4
257.379 85.3858 4
179.269 366.293 4
115.994 506.652 3
68.9921 1196.38 3
1058.83 1340.22 4
1041.39 74.7653 4
262.579 1226.19 4
529.676 280.391 3
886.5 908.075 3
150.718 823.401 4
641.721 1231.84 4
723.906 1250.6 3
180.894 279.137 4
1239.56 793.43 3
305.256 247.061 4
762.312 971.556 4
1205.72 443.408 4
812.92 1112.96 1
362.589 442.983 4
310.252 729.899 3
694.302 18.7937 4
157.597 222.674 2
1173.73 830.009 4
1178.68 326.904 3
381.322 961.345 1
523.808 161.093 2
879.414 1102.95 4
945.429 435.874 4
682.346 63.9716 4
1048.45 540.283 4
50.1291 574.513 3
11.4646 1148.67 4
1306.8 1093.15 4
824.179 391.515 1
432.389 763.883 4
96.9953 136.069 4
693.893 229.619 4
349.692 354.598 4
262.375 409.833 4
273.698 1299.48 4
269.818 946.538 4
926.533 1323.17 3
632.312 915.379 4
956.996 524.479 4
1288.54 368.668 3
1109.42 646.151 2
341.379 1169.85 4
1243.04 1270.0 3
210.837 85.7795 4
92.4126 1277.91 3
1219.13 1011.8 2
47.0982 234.712 4
808.018 562.476 4
562.132 187.487 4
752.693 749.88 2
1092.22 519.509 4
1139.99 1174.36 4
353.663 279.301 4
280.156 580.926 2
973.282 1208.08 2
186.913 679.824 1
1038.12 14.2079 4
518.323 830.485 4
1047.72 1302.83 3
633.253 525.666 4
102.485 1333.62 3
677.638 1281.98 4
851.449 62.7685 3
906.438 1219.13 3
1125.34 35.4992 2
970.353 168.529 4
724.11 951.518 2
1292.43 189.37 4
406.081 1109.07 4
28.0882 399.253 4
664.732 727.156 4
1147.89 1329.68 4
889.118 51.3039 1
826.567 220.831 4
348.236 609.26 1
1185.31 729.162 3
230.695 723.798 4
121.811 875.238 3
735.329 1295.58 4
166.034 790.973 4
1323.45 678.186 4
842.044 1302.19 4
307.742 101.395 4
110.288 306.447 2
1337.06 493.304 4
161.528 963.449 4
648.976 816.932 4
274.249 742.217 4
627.521 461.653 4
175.94 152.806 4
1046.98 123.178 2
1138.53 53.9244 2
527.902 742.372 3
554.345 1267.45 3
1114.15 206.076 2
390.35 744.992 3
377.921 71.4646 2
873.682 454.743 4
263.808 17.6472 4
1182.62 732.683 2
329.811 813.083 3
1119.81 1309.91 4
396.469 1152.61 4
991.758 132.211 4
1096.54 678.825 4
785.868 1224.51 4
616.52 254.365 4
112.68 1323.19 4
417.17 177.717 4
1139.0 760.035 2
76.9491 0.368504 4
594.654 734.649 1
20.6362 197.165 4
1228.18 887.357 4
889.273 422.731 4
443.517 1014.63 4
40.9417 729.401 3
982.003 551.364 4
983.127 966.34 4
651.966 955.219 4
517.207 957.061 4
812.133 362.828 4
1288.94 940.274 4
898.383 959.887 4
1024.99 933.887 4
1009.59 732.504 3
10.1953 870.545 2
1258.6 260.573 3
1126.24 446.094 3
1125.4 1159.94 4
1080.59 427.219 4
442.586 1231.74 4
1005.45 916.321 4
1196.97 1257.64 4
320.926 704.784 4
1325.85 299.512 4
710.499 864.403 4
157.187 668.712 3
973.751 1273.65 3
1337.5 1185.85 4
163.083 176.529 4
272.939 1147.28 4
1068.37 333.824 4
595.729 813.001 4
1286.12 1292.47 4
583.71 943.534 1
632.721 501.754 4
1239.73 733.461 4
1251.72 503.597 4
53.1055 800.513 3
807.392 1326.29 4
579.985 1182.08 4
348.758 19.1307 3
302.624 548.964 4
1198.25 967.666 4
649.919 19.6693 3
913.267 170.372 3
1133.24 750.986 4
1249.15 238.217 4
977.682 1274.04 2
1131.51 530.825 4
1252.05 470.8 4
712.031 1108.71 4
1274.74 1222.04 3
248.424 395.175 3
725.052 445.235 2
970.201 940.053 4
1047.08 984.601 4
167.835 1261.85 3
984.153 1057.5 4
970.23 457.805 4
778.853 626.17 3
1047.3 889.855 4
412.683 180.526 1
440.108 735.206 4
744.687 1.39213 4
1327.93 1186.01 3
81.8079 172.787 4
407.651 579.124 3
614.173 204.192 4
1063.62 647.666 4
433.046 790.907 3
1337.06 1247.43 4
1215.28 519.068 4
139.868 967.609 4
1095.97 842.605 3
877.061 805.442 4
855.707 571.181 4
823.033 1151.57 4
207.059 1169.34 3
748.964 134.258 4
967.949 118.224 4
1138.81 95.3764 4
536.492 870.816 4
233.345 1000.09 4
1201.85 1191.88 4
612.312 295.802 3
1324.46 471.49 4
326.29 1288.35 4
379.764 832.696 4
886.252 139.386 4
1156.94 462.488 4
17.6882 135.528 4
480.816 1054.58 4
15.4772 453.505 4
510.092 897.675 2
663.514 240.019 4
1005.77 485.581 4
26.8189 934.542 4
1014.86 879.455 4
888.995 1333.17 2
569.72 956.938 3
641.401 1074.82 4
206.877 118.003 4
539.052 581.064 3
63.0373 779.222 3
444.989 722.268 4
953.197 551.175 4
1062.5 627.89 3
1007.65 1010.89 4
999.527 208.409 3
1013.67 585.235 4
1213.18 452.293 4
411.027 135.789 4
829.257 676.737 4
554.435 208.819 3
1104.16 469.269 4
