Process Time: 102.72382998466492
cost_init,cost_final,confilct_init,conflict_final
1068.8 256.89999999999964 312 46
gapx, gapy = 20,8
minX, maxX = -20,500
minY, maxY = -20,500
54.2182 376.313 3
247.434 420.505 1
52.5583 278.078 4
212.974 110.579 1
80.4684 94.7902 1
193.827 617.014 3
448.244 536.778 3
359.203 319.972 3
174.583 581.943 4
184.972 598.929 1
123.762 628.296 3
77.7468 366.867 2
426.43 329.208 4
281.857 285.673 2
390.568 306.866 3
191.507 27.6978 1
285.181 136.385 1
568.365 14.785 1
516.569 441.649 3
486.709 409.068 1
87.61 62.4214 1
531.894 209.133 3
541.091 124.234 3
20.4018 171.707 3
442.246 272.837 2
54.6621 397.053 4
592.596 182.776 1
294.36 546.351 1
523.347 504.177 1
552.943 137.852 1
252.87 495.443 3
78.1715 573.412 1
162.809 322.037 1
380.278 99.0456 3
343.665 544.884 4
578.025 426.199 1
508.192 387.306 3
163.923 531.971 1
503.888 525.515 2
284.795 503.116 1
519.406 159.807 1
341.658 168.609 2
544.267 463.702 4
187.212 379.817 1
82.3213 445.134 4
450.055 224.902 1
548.397 566.791 1
508.106 292.37 1
270.164 336.871 1
149.717 157.269 2
123.682 516.134 1
142.913 497.392 3
0.733461 55.5012 3
36.6151 466.172 2
330.982 130.141 1
516.453 358.508 2
494.797 185.913 3
480.224 543.34 3
303.212 374.663 1
419.035 189.358 2
350.507 222.933 2
403.684 244.011 3
163.755 129.301 4
57.9434 484.827 2
453.893 409.985 4
464.617 217.982 3
479.355 4.24635 1
623.333 497.962 1
61.244 217.375 3
428.872 578.083 2
403.362 60.2108 3
510.079 618.443 2
395.47 132.688 3
379.18 177.159 4
497.711 129.61 4
332.817 385.879 1
233.656 240.739 3
373.196 495.453 1
477.48 80.9214 1
365.131 173.85 2
150.081 337.382 1
0.328127 180.759 1
371.418 565.469 1
292.882 478.959 3
239.07 331.912 3
159.878 524.704 2
219.868 581.713 2
260.475 34.8973 3
350.91 109.944 1
195.812 313.795 4
85.0429 128.164 4
512.982 535.165 1
137.485 474.377 4
605.676 112.036 3
203.511 187.961 1
535.388 586.132 1
351.904 148.622 1
447.16 610.422 1
327.092 537.841 3
227.489 242.911 2
530.987 462.873 3
434.344 495.262 3
39.7664 316.295 1
32.832 252.821 3
597.809 615.363 1
464.067 103.283 4
462.949 598.687 3
9.55429 37.8403 1
459.069 161.332 1
14.3604 65.9922 3
179.775 370.774 4
515.99 53.7062 4
94.1705 299.908 4
579.955 34.3375 1
132.853 404.504 4
429.406 450.045 3
412.494 178.993 1
568.085 153.129 1
227.504 516.621 1
628.824 166.303 2
443.763 354.242 2
273.948 424.741 1
498.771 443.184 1
531.828 496.06 4
427.638 228.396 3
308.497 452.545 1
313.767 360.235 1
18.0277 234.823 1
144.272 117.097 3
493.638 336.629 3
219.141 551.765 1
283.888 441.524 1
319.306 472.435 4
111.612 201.547 2
330.192 43.3128 2
276.348 91.0843 2
379.759 81.4528 1
319.684 302.591 1
459.999 8.4541 2
185.218 192.302 3
94.9446 300.94 1
367.448 394.737 4
81.4182 331.263 3
521.587 421.942 1
163.201 278.594 1
454.649 590.233 3
567.795 406.868 3
521.289 175.452 2
476.248 556.253 4
198.17 337.199 1
201.332 54.7099 4
59.7192 432.35 3
218.85 0.0579048 4
135.038 25.4588 1
580.582 97.5015 3
291.999 306.934 4
365.464 321.005 1
262.27 433.156 3
409.866 431.844 1
52.0025 609.65 1
451.237 401.435 3
569.436 606.118 3
500.135 462.533 3
64.7152 204.057 3
536.044 411.037 1
610.514 421.228 1
240.344 222.858 2
454.051 43.2163 1
219.828 160.328 4
371.498 550.462 2
564.105 605.635 3
412.591 121.822 1
214.1 440.908 3
442.393 245.632 1
26.7327 535.59 1
606.974 397.641 2
611.536 200.679 1
219.416 616.908 1
340.171 575.672 1
506.165 347.959 1
287.79 173.338 4
324.421 72.4287 3
258.966 526.055 2
378.662 28.3154 2
305.158 190.998 1
67.3016 344.63 4
101.983 594.344 3
363.719 513.837 1
118.029 600.589 4
528.323 71.8883 3
371.324 166.382 3
234.109 572.359 4
370.987 13.6554 1
563.472 546.525 3
147.155 348.278 3
373.332 252.233 3
530.35 34.7429 2
629.3 325.543 3
390.186 626.636 1
29.8982 153.527 3
274.565 574.358 4
531.161 528.111 4
115.404 559.176 4
118.28 23.4799 4
56.7274 440.414 1
379.527 204.726 1
611.645 81.6742 4
294.253 370.407 2
348.128 95.1853 2
269.666 28.2474 4
415.679 456.232 1
259.405 403.635 3
281.003 590.899 4
604.775 261.652 4
544.324 516.115 4
526.625 485.951 3
531.45 313.679 1
560.248 356.143 3
339.35 291.416 2
217.763 240.768 3
289.296 67.6521 2
333.146 213.292 1
222.77 539.47 2
59.7252 624.845 1
469.084 25.8834 1
586.614 291.338 2
575.469 337.066 2
49.6031 125.904 3
597.793 626.307 3
194.232 58.4452 1
337.247 21.9744 1
6.44673 576.046 2
252.07 490.501 2
82.2654 554.033 2
384.295 617.159 2
580.151 444.284 1
256.74 275.655 1
1.06159 269.054 4
316.932 524.627 4
509.307 384.536 1
397.96 516.395 1
426.731 485.03 3
394.007 463.576 2
114.88 318.389 2
448.338 299.02 2
284.67 240.353 2
157.733 398.097 1
223.171 213.929 1
151.807 102.955 1
226.929 444.815 1
447.372 483.823 4
228.134 569.927 2
504.515 34.3955 4
270.098 496.958 4
160.705 251.307 1
9.90172 86.5291 2
372.486 603.87 2
547.297 485.956 4
255.113 300.496 1
30.4193 342.786 2
45.6391 361.384 3
369.887 482.588 3
517.519 472.242 3
484.721 206.034 3
235.943 626.23 1
431.793 138.682 3
629.628 135.719 3
114.169 142.011 4
201.416 166.573 1
545.811 243.625 3
52.2687 25.0626 1
563.433 115.559 3
65.278 75.7202 2
310.949 275.781 1
181.277 198.082 1
445.095 97.4169 3
506.957 220.521 1
108.34 505.943 1
4.28496 277.345 3
355.418 260.9 1
541.526 274.372 3
468.064 106.313 1
529.832 275.492 1
375.185 598.031 4
348.104 532.338 4
80.2175 626.404 1
149.008 224.622 3
188.306 492.075 2
342.796 307.997 1
301.028 252.118 1
546.93 582.975 3
611.748 564.535 4
209.808 123.241 3
464.284 66.9085 3
516.431 170.712 3
115.52 598.243 2
468.141 416.432 3
163.774 45.4065 1
247.003 449.94 4
248.74 52.539 2
475.114 407.833 4
202.844 96.4592 3
507.347 307.262 1
290.161 617.999 1
378.984 422.521 1
290.315 242.623 1
138.917 12.9991 1
527.202 86.9628 3
266.778 9.82451 1
27.8827 145.187 4
615.236 83.1706 1
266.294 136.81 3
409.252 551.756 2
351.135 432.819 3
132.489 240.681 1
93.883 291.444 3
88.5384 200.611 3
230.77 355.525 3
618.267 56.5537 3
261.459 90.1476 4
423.096 362.339 3
223.899 526.586 2
50.9917 398.664 3
61.5142 265.155 3
196.567 259.491 1
164.439 87.291 3
135.701 61.0334 4
520.641 100.754 2
212.45 284.293 2
0.791366 428.331 1
293.504 43.9304 2
427.922 374.798 4
340.156 166.678 3
124.812 408.499 2
33.6345 513.635 3
46.1694 50.0701 1
329.868 573.691 2
408.264 26.626 2
519.194 374.509 1
466.423 214.643 4
468.698 441.34 3
190.082 337.112 4
555.847 231.841 1
449.725 421.45 1
586.132 220.511 2
292.088 186.424 4
253.858 313.332 2
306.838 121.049 3
501.223 350.249 3
339.361 291.791 1
443.24 34.1831 2
268.389 511.126 3
263.911 590.657 1
100.272 388.599 2
621.463 153.95 1
457.792 507.632 3
136.744 498.116 1
397.13 564.688 2
43.4133 83.4693 3
314.525 4.7675 1
279.805 163.011 3
564.274 537.164 1
162.059 174.785 3
147.539 228.984 1
571.782 290.026 4
631.422 357.311 4
126.001 377.502 2
272.886 188.75 1
122.102 488.282 3
45.1322 286.995 4
275.685 617.081 4
65.9708 568.49 2
380.685 94.269 1
154.374 67.5749 1
443.647 181.782 4
435.557 526.142 1
413.537 244.696 1
85.9276 494.091 3
61.2409 377.713 1
623.876 25.7961 2
52.9544 443.416 3
619.777 338.666 1
466.867 134.165 2
542.433 173.048 1
568.834 243.537 2
97.5696 564.996 1
136.705 326.959 3
624.057 512.4 2
550.53 63.0482 1
271.481 209.489 2
307.397 601.833 1
559.052 376.275 1
141.781 313.274 4
5.15353 1.216 1
374.269 411.172 3
57.3613 296.106 1
555.286 209.026 3
52.7289 460.507 1
180.103 561.512 1
133.2 142.272 2
77.311 544.942 1
515.469 247.871 2
583.391 226.041 3
311.509 76.666 1
582.012 10.5671 3
413.46 272.886 3
419.884 329.816 3
399.464 228.772 3
106.966 604.612 1
50.5316 137.958 1
262.425 406.366 1
48.2347 535.812 1
610.565 50.8303 1
182.091 87.7156 2
396.532 363.739 1
272.762 599.913 1
11.0405 170.712 1
5.77118 223.262 1
108.842 340.229 2
71.0776 584.577 3
54.2375 604.642 3
258.452 110.26 4
438.455 292.563 3
551.495 390.356 1
599.344 380.319 1
420.996 155.541 3
160.142 575.612 3
96.9936 516.704 3
55.8111 102.945 4
217.664 384.285 4
624.688 453.249 1
519.378 325.917 1
557.24 356.645 1
106.506 617.815 3
343.174 193.962 1
186.208 521.452 2
209.658 127.67 2
541.815 260.928 3
27.8908 277.296 2
336.465 124.727 1
497.479 566.927 3
61.1861 176.001 2
190.248 270.3 3
358.145 591.294 2
595.976 259.056 2
54.1064 437.403 2
278.947 360.119 4
395.124 386.708 1
223.163 598.716 1
58.9278 38.7474 1
603.677 12.1498 3
392.788 617.979 4
589.143 408.296 1
69.3151 57.7697 4
375.532 42.2705 1
302.958 538.65 3
73.0809 2.3741 1
355.051 214.711 4
471.557 441.089 1
226.466 50.9075 4
600.26 613.405 3
608.326 443.753 3
463.777 451.802 2
250.423 38.8054 1
522.282 174.332 1
327.969 408.538 2
57.1134 457.409 4
449.341 152.994 1
280.025 543.214 3
482.424 236.348 2
498.906 214.73 3
249.89 251.442 1
376.844 481.352 4
255.206 476.653 3
295.763 208.409 3
603.04 496.89 3
334.051 438.503 2
380.619 109.623 3
548.667 33.9027 3
109.575 540.58 3
46.9394 353.316 1
236.059 88.1209 3
597.114 248.575 4
281.437 555.809 2
52.7421 484.518 3
181.165 598.108 4
310.889 470.891 3
244.937 581.701 4
522.34 555.79 1
323.186 316.247 2
298.113 36.6537 4
540.603 25.3623 3
556.474 432.886 1
626.013 308.7 1
392.508 110.56 1
289.059 362.716 2
146.673 492.635 1
600.01 589.008 3
17.5066 305.062 3
410.14 475.369 4
485.416 543.272 4
284.793 526.992 4
467.022 60.9931 4
3.76381 488.736 1
481.437 572.949 1
289.698 260.958 1
123.007 177.285 1
404.928 0.36673 3
246.694 153.071 4
578.643 144.655 1
422.999 606.62 1
608.784 65.1622 2
2.97245 26.7612 3
278.734 32.3972 3
214.38 296.917 2
79.6689 440.559 1
390.489 282.971 1
387.885 73.1724 3
1.87226 118.135 3
630.607 463.286 1
141.133 424.779 1
43.2914 544.72 2
503.586 512.573 2
8.4734 221.09 4
386.486 495.018 4
440.738 228.308 3
404.258 411.133 2
301.553 121.918 1
614.484 538.187 1
140.94 238.5 3
87.1193 286.088 3
