Process Time: 655.4662191867828
cost_init,cost_final,confilct_init,conflict_final
4891.900000000001 1766.5999999999976 1426 374
gapx, gapy = 20,8
minX, maxX = -20,500
minY, maxY = -20,500
870.3 1060.95 1
556.544 858.548 4
225.811 791.967 3
353.003 321.354 3
775.185 977.481 3
599.106 1176.94 1
567.439 906.024 1
195.671 628.362 1
477.389 121.279 4
933.68 1154.93 2
402.563 234.114 4
695.518 705.445 1
343.12 632.333 2
21.5367 1298.58 2
1167.93 1335.75 3
521.721 224.662 3
1231.26 1232.71 4
1111.39 1108.87 2
676.22 451.623 3
710.725 588.944 3
366.426 1250.57 1
1002.34 340.905 3
632.21 13.1792 4
212.901 532.634 1
958.749 503.328 1
1092.85 203.8 4
1404.85 1386.42 4
356.37 207.598 1
421.738 515.154 1
364.958 424.966 2
1221.07 946.19 2
514.464 67.5449 1
413.452 385.906 3
26.6295 439.193 4
549.787 883.91 1
1273.96 719.286 1
282.702 1164.23 1
315.368 437.439 3
885.507 914.942 3
611.77 319.036 2
138.931 1362.7 3
58.6109 1044.25 3
889.478 98.5767 3
1035.57 914.597 2
499.484 1352.58 4
1056.27 1274.89 3
824.005 1041.44 4
1140.21 691.116 3
442.504 193.429 2
665.738 1113.0 1
476.644 35.8657 3
303.542 937.53 2
76.6366 82.5083 3
1125.61 576.268 3
1143.21 1379.07 3
2.02851 904.7 3
258.742 1338.25 4
305.139 1322.6 3
94.6492 1016.8 4
554.041 696.397 4
869.064 861.036 4
986.76 776.831 1
521.548 617.07 1
395.472 1080.69 4
901.612 379.978 4
748.614 241.824 4
821.372 464.355 2
448.645 667.092 3
1198.36 370.828 3
992.587 830.047 1
858.748 425.455 3
416.38 598.366 2
150.8 267.735 2
646.057 999.147 2
720.669 1234.37 4
215.453 683.822 3
865.488 428.446 4
448.17 198.507 4
514.729 1024.89 3
247.089 44.9447 1
1348.85 434.245 1
1364.72 580.772 4
716.71 231.783 2
373.356 620.377 2
1068.49 631.053 4
787.765 557.265 4
334.969 581.447 3
176.092 1371.05 3
773.335 1263.9 3
1004.71 1169.6 1
234.185 307.615 1
1273.21 540.605 3
1378.79 946.652 4
620.581 1371.43 1
30.699 1328.82 4
1242.89 118.948 4
1006.11 999.535 3
896.704 1333.48 4
1276.19 434.791 4
374.936 686.153 4
1175.41 599.849 3
1198.63 1172.33 4
591.966 1376.15 3
1262.94 416.852 4
646.014 919.733 3
796.106 1102.0 4
479.252 99.2673 4
130.385 1035.03 3
31.4203 140.371 2
901.261 784.011 3
665.886 99.3968 4
334.781 573.119 3
735.263 676.14 2
824.054 624.434 4
557.321 1124.97 2
937.264 71.1703 3
248.162 848.621 1
776.098 1195.31 2
1192.93 846.593 2
1162.41 908.268 4
1289.22 672.53 3
46.8283 327.841 4
402.594 911.548 4
52.8706 176.064 4
353.657 1230.24 4
1108.33 383.388 4
21.4935 513.443 3
431.973 358.657 3
1205.67 643.181 3
155.72 18.0839 4
223.53 434.504 4
239.099 767.293 2
147.724 1070.06 1
1008.4 1404.07 3
426.029 483.216 4
310.966 995.81 1
1165.71 1048.59 1
827.896 113.482 2
196.888 144.887 2
519.304 584.743 4
403.716 450.63 4
1323.02 707.619 2
957.152 79.343 3
1007.09 248.902 2
812.222 1025.3 2
901.649 1051.34 4
1361.0 529.757 1
450.371 274.382 4
1031.04 457.147 1
537.899 581.663 2
371.839 1178.13 4
399.228 271.733 1
473.068 732.867 1
267.892 179.258 4
594.482 978.374 4
18.0408 531.57 1
931.713 843.34 1
1123.4 489.129 4
613.558 725.918 3
142.686 313.398 4
466.34 939.617 1
1275.7 441.783 1
908.432 144.671 3
819.697 1311.78 2
968.59 1241.0 3
89.236 560.487 3
1317.79 733.299 1
321.546 520.333 2
530.951 1026.81 2
621.629 850.046 4
794.311 743.555 3
280.581 210.576 1
622.233 17.1344 2
1053.44 853.569 3
716.192 450.516 1
494.135 1126.6 2
714.688 693.894 3
451.259 886.241 2
1259.01 919.705 2
1184.28 410.837 1
792.973 542.403 3
420.357 859.439 3
517.01 539.339 2
899.405 1112.54 3
82.1393 784.557 2
1186.52 180.105 4
647.76 1272.54 4
1185.36 143.679 3
20.1987 932.653 4
589.488 389.359 1
1365.91 176.825 2
172.38 1002.77 1
1288.58 304.492 3
615.192 1007.19 2
515.384 1030.14 1
828.364 230.343 1
887.469 526.995 1
283.128 252.198 2
1220.51 273.259 1
1140.28 257.506 1
1297.42 238.991 2
696.425 1320.14 3
1374.01 161.692 3
515.531 650.13 3
276.469 988.113 2
1031.04 235.84 4
1268.66 1214.56 3
1239.03 827.603 2
1128.76 514.291 4
1095.52 257.42 2
412.132 345.019 3
1275.91 215.281 2
600.74 347.177 1
578.439 785.177 2
255.956 1239.37 3
1014.73 1174.26 4
254.987 856.476 2
536.247 513.816 1
1205.28 802.598 3
753.698 910.411 1
1323.75 53.3454 2
62.5816 201.34 2
751.454 1019.04 2
342.645 1242.15 4
1028.71 1094.2 3
668.587 1222.43 2
1243.35 1131.1 3
1118.4 1069.63 2
842.588 620.479 3
93.7428 493.79 1
1244.9 1101.41 4
699.557 1300.7 4
143.376 948.665 3
490.072 700.784 3
945.888 1289.41 3
387.315 1380.13 2
1136.83 428.98 1
93.6134 150.83 2
1385.07 820.336 1
497.607 527.023 2
580.949 347.839 3
246.614 277.172 2
304.535 466.572 4
1310.76 508.48 2
82.0034 1150.59 4
952.967 975.452 3
208.375 75.141 1
1381.11 1238.48 1
798.917 6.08552 4
1259.01 784.702 3
933.772 716.855 1
380.558 1052.66 3
114.114 409.644 4
990.515 1152.39 3
1087.49 1382.95 4
50.8421 975.366 1
297.974 812.611 1
530.001 293.415 4
565.996 34.7867 1
1405.8 907.346 1
1072.65 623.63 2
1348.96 840.55 4
999.616 1310.56 4
1365.66 484.295 2
39.3185 561.076 3
1084.95 170.783 3
669.018 510.81 2
216.575 1109.78 4
1008.51 155.362 2
1203.12 922.64 1
13.1637 113.439 1
136.083 847.915 1
1107.47 262.238 4
935.992 1166.1 4
311.613 1012.67 4
332.348 1243.92 3
737.168 1227.42 3
635.44 216.202 4
76.3744 423.239 1
1007.39 376.8 3
1240.75 1143.62 4
676.38 1046.34 4
812.913 540.591 1
1015.98 644.692 3
1076.89 1329.02 3
183.719 355.781 3
818.567 798.756 2
274.625 1117.4 4
209.368 481.893 4
363.016 1382.15 2
563.709 274.468 3
1055.64 1177.61 4
949.556 465.607 3
866.992 14.5171 3
994.467 934.105 4
39.0595 337.681 2
1210.82 819.3 3
636.828 1409.09 4
1019.78 132.818 2
211.137 319.397 1
956.777 561.853 3
979.078 5.26548 1
101.037 643.295 2
1069.71 768.042 2
1248.27 863.064 2
620.55 793.405 2
1330.7 286.839 1
1212.7 989.078 2
941.96 27.2338 3
842.305 1121.12 3
683.824 803.849 4
525.901 1330.69 4
106.345 874.07 2
433.237 1228.44 1
1202.64 63.8486 4
689.217 290.84 4
153.596 20.4577 2
408.506 1061.87 2
355.506 140.198 3
576.743 33.2916 4
1240.24 1009.23 3
1401.46 950.894 4
405.442 333.452 3
663.062 1342.61 2
133.259 1196.62 2
1100.27 933.186 3
1030.7 1008.51 3
1093.36 678.772 1
1300.67 251.75 2
954.36 391.243 1
864.883 1278.82 3
573.143 639.297 4
627.639 600.079 4
205.477 1215.44 3
210.965 233.855 1
1289.22 1354.14 4
633.023 81.242 2
715.619 790.615 1
420.684 754.231 1
345.598 1083.05 1
951.406 1326.49 1
1314.5 1032.21 1
821.631 697.288 1
90.808 571.65 3
1150.79 59.3014 3
1109.77 1018.34 1
1007.56 1072.1 3
349.723 856.822 4
1319.71 959.742 2
656.545 1085.98 3
451.148 1271.96 2
349.378 907.476 3
420.604 645.669 1
1119.85 607.589 1
1124.27 321.857 4
1236.82 293.689 3
342.423 91.7143 4
572.501 977.222 4
716.698 960.534 3
969.755 691.461 2
1287.34 306.779 3
670.615 871.539 2
614.292 669.163 2
1026.28 983.955 4
763.39 1264.92 2
1313.37 347.09 4
689.39 609.976 3
0.345278 320.951 4
132.328 777.408 2
1138.25 361.046 4
1261.12 667.998 2
396.767 292.277 1
25.7232 209.627 1
1138.21 570.787 1
373.892 535.266 3
158.31 124.488 3
213.431 106.361 2
55.3307 225.035 3
1394.5 915.849 3
1304.29 1280.95 1
952.88 636.578 1
1265.27 592.325 3
103.195 1233.09 3
276.179 400.984 4
434.618 496.941 4
106.475 939.429 3
1288.23 1064.4 4
543.652 411.743 2
1302.19 565.133 1
355.291 825.315 2
324.327 1059.46 1
875.821 562.63 2
233.315 895.866 1
1021.08 25.6092 4
703.589 887.838 2
419.167 613.876 2
482.655 745.109 1
305.818 1000.96 4
1185.17 1219.49 4
167.546 1152.36 1
964.576 874.027 2
1117.07 878.688 4
1323.25 424.75 2
302.47 1274.59 3
627.369 887.292 1
1127.36 10.2443 3
767.12 484.008 3
1362.12 95.2534 1
958.49 287.948 1
886.371 1014.55 1
810.798 581.736 4
365.68 350.645 3
82.0034 1389.04 3
420.462 696.354 1
820.682 490.726 1
1257.49 1197.16 2
833.531 1148.7 1
67.6744 1131.4 3
135.608 1213.74 4
930.11 182.451 2
923.519 595.561 3
1339.25 1097.87 1
283.473 659.409 3
1119.29 436.619 3
572.039 135.435 4
388.265 83.4578 3
1198.33 439.884 2
121.748 1300.79 4
1223.44 27.4496 3
966.685 1270.29 2
971.999 1116.15 2
1385.9 708.466 1
84.7656 222.46 3
590.77 254.14 3
459.349 1330.05 1
105.957 660.143 1
347.652 1152.72 4
429.439 1137.56 4
928.322 1253.16 3
1000.31 487.59 1
680.585 487.073 2
904.117 505.055 2
1198.89 533.065 3
795.908 638.073 1
438.071 1090.83 4
761.164 708.108 4
742.217 1384.19 4
46.0331 241.824 4
85.413 767.25 1
422.361 850.089 2
479.936 1165.15 3
209.109 1348.83 3
360.236 150.67 2
297.672 1402.36 2
386.409 953.169 1
331.035 609.905 2
573.074 236.746 4
40.0522 121.855 4
356.197 916.712 3
421.399 1090.96 2
85.8015 1078.6 1
319.468 733.542 2
47.0441 1059.74 1
134.486 519.227 3
419.383 387.66 4
580.023 509.155 3
813.172 764.115 1
930.307 216.332 4
610.278 993.293 3
650.589 767.87 4
191.672 1096.53 4
396.379 1330.4 1
373.849 375.505 2
197.197 586.842 3
751.108 668.587 1
348.872 391.776 3
427.588 1196.82 2
1304.82 386.063 1
1120.18 1185.94 3
832.033 1220.81 3
661.01 704.237 2
1197.9 95.2103 2
1218.93 610.105 1
233.753 1041.19 4
383.129 1196.4 2
1078.07 718.997 2
412.002 789.65 4
1325.88 752.834 3
74.0315 1114.87 3
762.286 200.045 1
883.134 551.395 4
859.18 688.93 2
813.431 1018.08 1
1161.13 72.2648 4
584.21 976.46 2
295.04 878.084 4
768.113 414.348 1
204.429 1242.87 4
227.452 965.657 3
31.4203 852.447 3
274.064 1309.31 3
72.749 670.054 2
732.765 1364.6 4
365.822 787.319 1
210.921 611.2 3
265.981 914.726 3
749.943 897.133 2
495.56 31.0904 4
436.918 66.9993 4
706.265 1328.86 4
1350.0 709.459 1
635.761 1143.34 3
248.082 433.684 1
715.242 1006.44 3
246.738 1203.55 3
1030.7 1111.15 4
395.232 114.805 2
117.203 397.818 4
143.972 7.20767 2
510.018 764.099 1
340.444 482.482 1
1005.32 808.44 4
84.5498 1313.65 2
1260.35 1307.28 1
1271.1 924.351 3
533.842 730.795 4
58.5557 1366.71 2
4.83389 729.803 2
716.488 520.608 2
101.253 716.093 3
1014.06 604.71 4
697.899 860.318 4
1270.1 335.869 2
223.783 762.662 4
88.909 682.543 2
346.615 1295.01 1
1251.16 1280.36 2
616.148 477.389 3
630.187 1283.07 3
1122.07 1258.71 4
77.6999 1239.85 1
509.334 1394.38 3
976.531 870.115 4
6.34447 1088.1 1
694.569 269.332 3
660.3 1205.06 3
720.083 72.9122 1
1044.07 46.9732 4
1.94219 220.632 1
461.291 1204.75 4
1347.58 280.381 4
1285.6 24.8469 3
1217.29 390.481 1
1313.22 1210.07 4
1058.84 437.756 1
153.59 705.259 3
237.68 155.893 3
504.148 1185.99 1
146.441 597.719 1
408.531 524.779 3
474.843 1314.17 2
933.933 237.076 4
416.793 1041.29 3
96.1662 1039.47 1
466.125 881.552 4
838.247 285.674 1
160.295 285.862 3
1350.42 112.474 3
157.564 611.702 1
1118.58 1385.56 2
1375.8 75.9334 3
807.388 937.774 3
993.968 959.844 2
243.415 835.285 2
823.962 63.5465 1
330.548 30.0546 4
796.044 681.362 1
1383.24 1049.04 1
1045.89 655.25 4
171.961 256.988 2
660.947 964.058 1
1120.26 968.907 4
828.58 185.587 4
871.753 401.07 3
100.735 50.4537 1
856.461 835.717 3
1386.32 90.8234 4
455.674 749.554 1
303.629 38.2118 4
124.442 1007.0 3
507.515 782.917 4
835.461 602.811 3
76.5653 426.029 1
1015.14 314.159 3
706.006 995.494 3
22.5294 953.57 4
1341.74 1131.96 2
429.914 162.455 1
691.505 563.191 1
289.299 723.486 3
1146.41 102.261 4
769.192 989.867 2
229.825 119.164 1
1211.54 609.603 3
596.855 465.175 3
117.74 1335.0 4
772.293 532.39 3
128.616 751.814 4
15.5806 389.818 1
1112.06 215.151 4
651.582 740.146 3
275.402 722.998 3
839.197 40.8291 2
1330.83 1002.86 2
966.636 526.823 3
1248.37 1062.56 1
1282.98 563.595 4
481.576 249.895 1
1240.24 307.599 4
619.946 1115.22 4
938.249 1081.21 3
821.286 93.8292 4
180.666 367.132 1
974.33 1109.48 1
1331.22 644.158 1
1330.89 775.681 1
707.862 942.91 1
261.246 416.133 4
850.376 1337.69 4
875.094 1300.2 1
592.472 438.934 2
1016.12 96.8503 4
599.525 549.827 1
277.64 136.816 4
94.3902 555.595 4
575.846 1092.24 3
667.896 1060.32 2
1289.7 275.531 2
858.317 715.474 1
760.9 88.7949 4
1209.13 730.132 2
990.352 1370.97 2
492.797 1241.83 4
161.639 330.014 1
605.327 192.924 2
574.573 306.909 4
331.466 1260.26 1
52.0693 632.262 3
932.379 678.328 4
911.274 750.174 1
261.03 1287.93 2
885.255 21.4072 1
905.404 302.105 4
876.142 1297.61 4
868.761 58.4537 4
1364.13 471.347 3
703.978 1287.71 4
82.2624 94.3625 1
150.338 1091.74 1
1096.69 777.796 4
242.354 663.753 1
1346.32 847.915 1
1364.77 769.466 4
477.605 46.8437 3
524.52 1217.45 2
380.841 735.441 1
76.6516 260.916 4
1198.47 295.687 3
554.146 104.635 2
259.994 1066.82 3
307.396 291.285 2
589.993 780.804 4
794.613 1367.13 4
1358.3 552.185 4
443.793 1329.46 2
1346.67 1186.6 3
247.17 720.653 3
184.779 993.061 2
1133.92 1058.38 4
829.227 356.428 2
1296.82 338.976 4
857.195 819.257 4
621.722 911.505 3
1067.63 564.516 1
1412.12 652.561 4
936.695 297.845 4
750.794 140.587 4
95.7282 518.305 2
749.77 69.185 1
911.317 1130.65 2
747.836 1050.84 2
829.511 165.517 4
1394.56 1137.36 3
1017.4 843.901 3
368.066 1156.36 2
1256.77 1312.23 1
540.076 249.22 2
954.138 724.263 4
859.353 344.861 4
160.122 889.796 3
677.145 269.332 2
690.382 1118.31 4
935.092 618.407 3
589.0 1329.98 3
356.24 840.19 4
1043.16 814.855 4
1117.29 353.823 4
993.061 1230.69 1
577.15 503.63 1
286.278 302.765 3
1263.28 1166.56 1
605.013 1075.8 4
596.208 1348.96 3
614.317 563.897 1
1156.95 285.474 1
239.068 337.524 1
597.503 1033.69 1
90.5864 158.612 4
352.485 395.617 1
718.843 184.955 1
58.7899 1214.53 4
825.627 280.15 3
21.5491 197.816 3
617.658 1132.34 4
163.618 57.834 2
131.119 91.0392 3
1245.67 144.369 3
885.939 257.247 1
466.686 806.67 4
127.364 1370.77 1
301.816 475.506 2
754.431 1124.7 4
386.89 551.51 3
237.038 866.301 1
874.095 1232.25 4
73.1621 1166.74 1
1231.7 330.273 4
1263.87 753.309 3
1206.88 45.663 3
132.291 957.643 2
108.547 1257.63 3
169.963 970.504 1
1127.5 1141.46 2
1037.91 415.196 2
1129.69 524.477 2
944.55 228.114 3
283.128 112.705 2
237.335 394.322 3
1241.14 1164.2 3
963.195 382.74 4
624.712 295.314 1
280.859 453.537 1
108.238 1406.2 2
1412.07 1050.05 1
96.2461 1107.0 2
203.813 66.0343 1
592.133 668.214 2
1127.42 742.276 4
1027.31 1319.75 1
975.915 1225.23 4
686.671 750.202 1
88.0026 461.334 4
474.541 814.251 1
212.408 1294.4 2
438.934 307.772 1
213.77 912.8 1
1307.55 904.312 3
1091.97 1300.01 3
646.391 950.104 1
1127.71 498.063 2
1394.45 803.606 3
1185.76 561.221 2
799.447 550.043 3
575.855 1075.43 1
1410.74 125.681 2
545.021 958.247 2
338.508 504.882 2
1283.54 195.772 1
172.553 454.789 3
945.853 270.857 3
600.62 351.795 2
383.69 884.746 4
1110.11 1358.36 3
754.419 317.698 1
1284.69 455.464 2
794.311 1328.86 3
1364.32 1330.33 2
1298.59 236.056 4
274.126 504.968 1
485.029 113.137 3
207.943 1217.1 4
61.7679 712.739 3
1321.75 1264.19 4
233.839 827.085 2
537.079 297.198 1
1114.37 1343.04 1
266.961 1141.14 1
1412.32 1303.27 4
1283.88 332.734 3
1259.86 879.465 2
1276.71 790.269 1
999.147 172.509 2
1093.93 565.737 4
571.693 609.242 1
504.623 1231.99 2
103.627 825.79 1
680.844 1369.59 3
610.451 1116.47 3
276.093 904.929 3
102.036 1237.4 1
1146.62 1104.2 4
989.122 904.843 3
1080.72 1219.02 3
572.815 464.068 3
167.848 1395.6 4
834.727 331.913 3
565.78 1260.39 4
275.963 1187.8 2
1285.94 1081.64 2
250.487 1342.37 1
1332.3 100.605 4
1169.24 1008.79 1
714.922 433.021 3
333.668 802.425 2
1155.5 850.893 3
1234.71 33.8958 1
517.528 480.613 4
202.203 274.582 4
118.893 991.421 3
1367.09 1369.46 1
833.111 888.097 4
1390.54 63.1149 3
1098.98 1405.29 4
413.858 416.232 3
313.685 1.76955 1
498.322 89.3422 4
761.596 567.852 3
207.894 493.272 2
843.384 138.04 3
1007.53 528.922 3
768.933 591.864 4
1270.66 73.1125 1
158.495 299.774 4
643.295 830.696 3
803.159 1100.13 4
121.408 544.675 3
1105.91 1197.9 4
194.829 9.42427 4
599.315 1336.22 4
1254.4 1045.67 2
583.951 649.985 3
998.327 92.5645 3
908.074 1054.52 4
1225.25 242.156 2
1360.57 1150.34 2
1113.37 703.244 3
449.126 288.926 3
131.027 590.468 3
826.755 181.659 2
591.935 184.264 2
24.2989 1353.11 2
396.761 1371.59 4
603.545 1055.66 1
566.585 1367.03 3
756.115 310.521 4
160.597 1281.28 2
961.265 586.713 3
1132.73 980.113 2
660.152 309.729 2
748.809 37.6507 1
517.88 1112.46 3
1265.87 1188.75 1
78.4029 14.7761 1
1374.37 1014.34 3
505.788 843.615 2
986.785 849.857 1
796.482 395.084 4
1193.58 465.191 1
1133.49 479.893 4
295.817 1347.27 3
46.1809 884.789 2
79.7655 1310.29 3
170.524 1050.91 2
801.821 150.412 4
84.4976 663.222 3
1148.44 77.6011 2
1314.93 1242.24 2
765.758 1064.97 1
237.915 236.99 4
1016.15 968.735 2
295.989 979.669 4
637.296 65.9203 1
1262.33 1048.05 1
1291.29 111.223 2
111.858 754.922 2
687.275 1389.74 1
285.397 272.785 1
690.426 1274.59 2
1014.04 692.211 2
228.562 177.1 1
246.3 454.817 4
165.388 1406.2 2
1367.0 618.278 1
432.374 851.929 4
1069.5 342.084 3
1299.88 958.693 3
906.612 582.628 3
1240.75 856.304 3
1169.63 21.1205 1
215.762 929.617 3
265.518 8.12948 4
942.626 332.027 3
547.135 541.799 3
1113.94 814.655 2
1260.3 1412.56 1
872.047 264.353 3
73.3283 30.4707 3
778.139 353.694 4
619.342 629.311 3
812.013 226.561 4
872.603 843.513 4
1331.86 969.798 4
298.061 620.004 3
895.823 852.361 4
102.634 474.972 1
1138.22 545.856 4
827.279 139.968 4
1290.86 615.5 2
1375.36 1270.72 3
1027.42 119.237 2
826.625 876.33 3
454.478 1309.18 2
1034.54 976.143 1
389.436 781.896 1
1093.27 744.634 3
123.653 753.568 1
200.822 727.672 4
895.693 278.121 4
352.122 902.312 4
868.848 125.179 2
22.1409 1340.73 3
1147.25 1228.67 4
707.128 51.9643 4
1045.07 55.3307 1
218.638 1064.79 3
861.869 461.09 3
1215.89 729.285 4
1360.18 991.48 4
516.924 818.05 4
314.77 833.759 4
892.024 974.345 1
652.488 597.043 4
1168.81 677.046 1
1286.63 371.821 3
351.708 983.236 1
362.548 12.4732 3
614.95 849.154 3
215.86 619.573 2
1377.53 1015.37 4
465.52 204.879 2
945.542 1027.03 4
366.296 35.2484 2
785.334 799.678 3
742.045 117.539 4
770.444 921.2 2
1354.4 1251.29 1
456.568 465.218 3
588.396 1158.97 3
1250.35 1023.42 4
932.348 885.178 1
1071.56 35.6499 1
105.871 1274.74 2
479.881 167.589 4
590.93 437.05 3
897.185 655.223 2
919.653 1205.71 1
568.752 256.498 1
699.662 193.414 3
417.188 707.992 3
1242.01 481.705 4
709.052 912.023 2
818.998 1178.13 4
59.357 68.9415 4
784.674 1160.91 2
764.099 514.436 1
496.293 189.184 1
227.492 1198.85 4
261.912 1311.77 3
1120.99 1094.09 3
1327.03 697.318 1
954.711 1173.68 1
1212.86 777.063 1
306.347 665.566 1
1118.15 23.9552 4
430.734 1254.44 4
303.592 326.417 4
657.193 1097.85 4
263.527 194.838 2
1096.1 1161.86 1
1167.19 644.849 3
881.364 452.43 4
1398.68 1122.76 1
917.143 1350.35 3
281.025 1060.1 3
1000.87 209.786 4
799.447 361.98 3
510.795 1289.41 4
970.224 1189.7 3
1057.28 1029.37 2
580.066 381.145 4
847.009 83.1687 3
1400.53 360.297 4
634.657 283.143 4
1016.2 898.816 1
733.29 334.315 2
998.629 1218.97 4
737.39 560.444 2
1264.06 515.659 4
1230.02 625.168 1
503.914 780.429 3
452.918 553.855 2
1301.65 271.058 1
671.651 1401.27 1
100.871 286.596 1
1086.43 588.353 2
687.602 1025.13 2
452.788 400.494 1
552.019 824.868 4
48.3698 302.032 3
316.274 52.4691 4
519.125 129.652 1
216.618 938.868 3
87.2815 1220.56 2
792.196 777.09 4
1317.88 850.822 2
180.038 232.933 4
1163.46 905.074 4
608.465 737.571 3
1234.74 176.064 3
131.033 1350.02 3
938.643 645.641 1
995.996 613.903 2
1262.18 499.228 3
648.561 652.935 4
1215.84 118.029 4
814.769 599.547 2
919.474 154.641 4
563.857 563.206 1
846.62 1192.37 1
705.433 1242.87 3
292.925 817.633 3
77.2069 382.022 4
1098.12 1132.04 3
378.233 455.134 4
283.701 226.89 3
912.914 767.163 2
744.677 60.0351 2
1362.84 677.176 3
817.186 730.277 2
533.226 913.332 4
1119.91 1035.95 4
1025.91 1257.21 1
906.2 1394.32 4
63.069 1190.99 3
1280.65 1394.3 1
1026.47 171.473 2
948.003 363.895 3
373.59 1107.69 1
788.232 496.309 4
258.693 1238.44 1
560.903 418.823 4
554.214 1208.17 2
1367.06 891.393 4
1116.71 827.026 4
580.886 1208.06 1
431.197 567.004 3
1035.06 291.171 3
810.126 1229.07 4
585.289 1012.66 2
997.939 1176.92 3
154.857 1100.54 2
1061.96 1046.49 4
857.799 963.253 2
791.975 718.436 1
504.45 629.845 1
574.622 1391.77 2
155.073 654.905 2
472.22 1178.3 3
696.9 467.247 2
978.516 399.529 1
1210.5 394.911 3
75.579 1071.31 2
459.478 1396.84 1
643.943 1166.95 1
1236.13 342.761 2
446.099 150.125 2
971.999 1369.06 4
1165.21 1281.53 4
964.317 570.601 1
302.543 550.718 1
807.043 974.648 2
609.846 173.733 1
915.96 413.226 1
220.675 1140.99 4
581.152 1177.83 3
1314.51 1144.51 2
670.082 388.826 1
676.091 1068.82 1
120.213 541.481 3
693.432 1224.27 3
1251.89 860.102 2
1259.02 739.973 3
297.974 185.026 4
1018.44 537.828 3
543.726 996.357 3
190.464 1021.07 2
559.276 1261.88 1
889.78 995.867 2
771.295 619.989 1
131.323 580.066 4
881.796 365.405 3
643.425 1190.88 3
1057.71 842.104 3
1323.31 46.0945 4
440.211 46.3103 2
540.279 366.642 2
817.698 148.744 2
116.359 900.801 2
1326.04 444.258 3
1024.26 66.1793 1
561.551 330.69 3
279.027 1022.81 3
199.614 1086.13 4
1015.12 882.443 4
383.258 205.224 3
807.716 173.631 2
215.854 367.246 4
1365.18 623.269 2
1411.2 1064.75 1
662.372 416.534 4
1056.81 418.994 1
29.6075 466.284 2
796.167 263.721 4
635.78 488.568 1
1136.14 1157.5 3
367.289 637.527 1
1270.72 805.015 3
1385.4 173.057 1
566.137 592.021 3
448.762 578.528 3
978.443 119.164 1
1172.52 1357.17 4
264.051 1091.14 1
833.007 1116.47 4
45.509 981.294 4
284.94 90.694 3
834.622 115.193 4
1276.44 1280.85 1
1240.88 1298.56 2
678.801 118.128 2
1359.4 781.048 4
1009.07 788.916 4
693.878 1117.94 1
1106.53 1121.35 3
753.957 798.988 3
793.491 423.772 1
261.764 664.098 3
210.524 803.763 1
11.5668 1006.67 3
237.292 1177.44 1
765.259 1086.29 3
921.848 797.304 4
35.952 814.914 3
1098.93 871.856 1
425.252 597.993 2
1175.53 526.548 3
960.279 699.116 4
294.738 676.226 2
1172.48 430.518 4
753.439 666.444 4
587.484 108.217 4
327.409 764.747 1
209.972 64.2371 3
648.345 1157.85 4
52.316 766.818 4
1261.88 153.778 2
952.319 720.005 4
248.492 56.0082 2
383.555 234.961 3
541.74 152.311 3
1280.85 1312.05 4
1135.94 1122.07 3
289.602 1212.63 3
672.644 0.474757 1
883.651 318.448 3
22.702 942.235 4
1113.05 303.758 1
1236.65 382.367 3
1351.55 1167.73 3
1352.8 1395.96 3
860.259 1346.87 4
342.3 102.375 3
211.526 20.1124 3
332.33 1304.37 2
757.927 953.197 3
21.9251 950.78 3
1188.36 1338.96 3
224.492 194.105 2
680.887 164.54 4
510.665 269.619 1
1117.9 444.329 1
1162.77 1250.03 1
861.875 1167.01 3
657.279 449.567 1
79.8454 74.9407 1
1043.98 528.348 2
14.2427 834.234 2
873.466 464.441 4
1042.75 1393.58 4
911.607 214.605 3
737.297 861.785 4
1305.45 846.377 4
1156.03 823.949 4
1142.4 788.312 2
317.612 147.104 1
1412.35 429.612 3
1193.19 1183.71 4
91.2396 800.196 4
425.598 865.136 4
154.857 424.232 1
1378.4 1030.31 2
357.646 366.642 2
1285.38 873.077 4
518.046 402.982 3
734.88 801.907 2
904.307 1359.33 1
123.998 171.43 4
655.066 570.916 3
190.421 557.682 2
470.397 452.717 4
1206.01 1157.86 3
1228.12 12.2296 1
45.0527 851.384 4
920.035 407.298 3
729.356 1243.3 2
415.024 1271.28 4
594.248 1297.08 4
433.928 964.117 3
1070.05 1073.64 3
869.84 799.462 2
1033.03 997.291 3
700.482 659.61 1
269.323 1256.38 1
47.7346 249.263 1
1024.83 478.196 1
1328.39 135.004 2
1018.85 717.071 4
1311.11 471.347 3
519.47 324.317 2
675.579 192.421 2
44.584 490.842 2
309.11 1275.33 1
1075.19 301.168 2
21.2777 90.1174 3
136.514 1170.72 3
899.577 432.503 2
742.332 871.61 2
1192.95 160.397 4
645.299 1311.28 4
524.175 337.999 1
1309.03 184.982 2
901.138 1301.7 1
1379.9 1383.9 1
529.496 914.856 2
1389.07 541.05 1
58.1793 910.238 4
385.719 498.898 4
316.922 257.161 1
1192.87 56.1508 3
1331.0 421.297 1
467.419 675.794 1
993.395 55.5188 1
843.384 1405.11 4
1198.93 92.5498 1
1069.97 1322.34 4
777.133 1217.42 1
665.594 1192.07 4
1307.51 10.3738 2
341.961 1093.62 1
8.93406 597.863 4
510.968 736.952 2
628.88 520.722 2
432.201 1208.64 3
655.035 840.738 1
520.161 206.649 4
480.01 1005.29 4
871.308 808.785 3
237.767 491.977 4
263.416 9.64007 1
1000.96 76.6386 4
720.076 966.577 2
916.798 663.164 4
1074.51 1121.12 2
724.176 102.304 2
1245.24 491.216 3
152.44 684.097 4
1223.28 383.344 4
982.444 268.181 1
1145.67 102.649 2
961.524 2.11482 4
69.2281 726.334 2
310.164 913.734 1
306.563 475.663 1
696.252 935.486 1
584.068 1101.8 3
1350.9 248.039 2
559.177 187.631 3
384.75 1044.12 1
412.477 837.486 2
257.577 1378.56 2
285.933 697.374 1
378.702 335.323 3
1014.1 1339.82 3
1243.14 466.025 4
1151.25 126.717 1
60.584 605.201 1
1260.91 1343.71 4
1327.41 404.652 3
694.606 900.413 2
1108.13 936.565 1
1341.46 127.38 3
1172.46 970.245 1
848.285 158.886 1
334.303 1369.65 3
1339.22 1402.45 1
1056.94 776.501 1
987.833 203.729 2
206.649 577.708 4
306.866 1268.52 4
234.875 509.429 4
123.307 157.058 4
633.498 540.618 3
391.933 1132.16 4
811.563 1048.61 3
1330.12 334.201 4
1052.54 132.155 2
293.338 800.094 2
1215.49 525.068 4
761.898 842.19 2
271.474 550.69 2
1215.14 467.678 4
1201.96 1145.33 3
1132.92 116.892 1
1369.54 386.711 1
622.881 1292.95 4
1150.03 1235.23 1
508.421 172.984 1
735.898 46.6279 2
1264.71 1303.25 3
639.177 1183.87 1
1352.0 1390.28 1
145.276 741.758 4
151.361 909.304 3
1313.52 735.154 2
1107.61 938.205 2
790.772 732.808 3
177.041 955.398 3
265.661 108.158 3
826.755 908.484 3
34.6572 402.205 2
801.821 1382.79 3
719.386 927.415 4
1277.76 175.287 3
307.944 1128.06 1
1001.09 305.989 3
632.333 527.972 4
886.217 1084.49 3
158.594 786.212 1
916.064 490.467 3
875.581 1320.36 2
1231.95 947.975 4
332.459 70.3935 2
1206.7 379.087 3
417.268 657.84 3
28.0106 19.9398 3
1298.72 1341.55 4
129.22 136.357 1
155.63 181.745 1
776.844 747.871 1
106.518 817.216 3
760.128 765.712 1
288.264 82.062 3
26.8885 275.504 2
1334.45 874.647 3
1121.46 1213.92 4
33.5351 1155.92 4
902.038 661.983 3
543.141 1064.15 3
395.472 987.235 2
364.527 505.357 4
941.442 824.954 4
1251.33 530.06 4
288.738 1157.07 4
502.367 69.0555 2
1410.16 111.885 2
1220.43 35.9089 4
747.008 601.776 4
1408.58 678.643 2
49.4178 964.274 2
466.13 254.038 3
564.369 35.0457 3
876.142 1040.85 1
1363.19 812.093 3
1371.87 518.32 3
1240.93 786.974 2
950.377 1241.94 4
807.247 382.799 2
164.654 1267.56 3
945.074 1335.89 2
278.183 533.583 3
1194.0 1297.57 1
924.006 29.8665 1
415.757 375.878 4
949.298 681.966 2
87.3552 418.664 3
1257.5 1105.64 2
765.11 717.416 4
1188.74 1182.07 3
472.993 724.839 3
765.08 968.806 4
1179.38 333.322 1
71.2135 1178.26 3
156.799 1113.36 1
825.466 389.559 4
927.286 114.373 1
576.059 17.5815 3
401.256 401.558 4
1162.64 921.489 2
908.468 501.213 3
201.063 983.523 4
1008.43 446.071 4
675.665 1359.37 3
1360.09 43.2892 4
1119.69 376.67 2
421.498 1412.43 3
986.242 932.955 4
1040.62 179.717 4
555.866 232.948 3
769.71 40.8877 4
703.762 195.125 3
669.32 298.536 2
367.332 699.403 1
240.202 523.441 3
1172.0 697.115 4
1291.34 663.25 1
182.781 421.125 4
881.062 38.4984 3
509.638 63.6907 4
1327.21 642.851 1
408.969 940.379 2
1307.74 9.81271 3
26.8022 1374.68 3
674.759 373.131 1
129.091 1288.83 3
1252.71 582.397 4
60.2941 1355.6 3
1169.2 503.473 3
917.162 245.206 4
951.579 631.83 2
1017.49 1258.45 2
486.116 321.367 2
167.114 652.087 4
732.42 421.756 4
1038.94 1299.68 1
1354.78 338.776 2
345.312 321.786 2
415.11 811.979 3
1178.09 1088.37 1
1036.71 1196.14 1
1147.19 890.471 4
518.693 796.253 2
1199.31 708.164 1
389.973 597.302 2
1149.39 511.501 4
732.371 121.999 3
1187.37 344.544 2
972.363 1016.5 3
198.966 853.008 1
244.898 212.088 3
1197.56 232.128 1
511.227 663.826 1
140.528 665.134 1
1209.45 196.161 3
650.275 1304.91 2
1132.7 561.551 1
1139.42 401.616 3
656.761 386.036 2
487.545 1355.47 1
543.587 688.052 3
1098.81 1019.49 3
730.664 1223.74 4
1331.39 640.807 3
79.3646 52.0074 3
186.45 694.439 1
172.986 388.079 4
631.513 1120.99 2
624.262 142.643 3
1202.39 1247.24 3
463.267 114.201 3
921.934 808.051 3
923.456 1065.05 3
85.3022 760.387 4
1314.6 283.645 3
557.537 1130.05 4
930.696 560.53 3
611.968 1244.21 4
909.806 1233.86 4
459.201 772.904 3
217.395 341.523 2
194.909 257.42 3
301.427 139.033 1
718.208 1265.96 1
71.633 702.165 4
1253.57 1375.0 3
461.118 965.655 1
995.392 763.467 1
883.134 766.287 4
1219.05 188.609 4
1099.8 670.443 1
534.015 522.448 3
680.447 476.772 3
311.2 353.305 2
581.534 1035.57 4
11.1352 1276.02 4
1163.8 693.419 2
215.151 291.343 3
558.875 884.703 2
985.034 1045.08 1
899.8 1129.66 4
225.06 1128.54 3
636.766 1064.19 2
336.689 363.305 4
443.731 1012.61 3
1270.8 1266.92 1
1375.37 444.631 3
674.549 310.232 1
995.047 1391.53 4
75.8316 304.88 3
1390.75 36.9602 4
1008.21 654.187 4
992.963 954.751 4
485.158 459.694 4
300.521 461.204 3
1386.16 741.095 1
325.467 861.122 1
430.216 1377.54 2
790.599 1197.51 1
148.155 1397.83 1
1408.15 810.539 4
436.698 193.916 3
1406.59 226.863 4
312.119 11.092 3
580.023 315.729 4
1264.67 861.683 4
456.895 1245.39 3
1404.11 1259.18 3
541.999 168.942 4
954.853 367.116 2
53.9129 692.022 2
670.338 320.029 2
1003.29 1341.71 1
921.497 203.6 4
314.644 780.89 4
1068.31 322.878 4
1032.25 987.796 3
1307.82 1227.26 3
238.316 968.633 4
779.852 932.508 2
1408.68 1341.92 2
733.709 1331.48 2
218.172 1324.87 3
1370.14 992.241 1
137.365 541.238 1
6.04236 1034.67 3
1370.11 198.75 4
1304.29 599.618 1
209.747 915.288 4
1022.69 1055.9 1
1134.71 721.371 1
162.54 861.813 4
807.086 6.34447 2
727.931 1039.73 1
647.913 609.171 4
852.62 296.723 4
1016.92 143.349 2
296.513 135.623 2
1186.98 327.382 4
374.799 156.987 4
1298.41 935.961 3
133.647 734.664 3
807.518 1269.02 3
743.037 342.444 4
1365.04 1201.61 3
755.381 768.588 3
348.773 721.328 4
1126.62 413.787 4
943.902 1298.69 4
343.292 574.369 4
1059.33 1379.34 4
1394.51 1178.65 4
1212.79 15.9691 3
1327.67 301.356 3
1114.25 1304.2 1
1022.01 1086.03 4
277.018 873.164 3
1325.26 1096.96 2
634.801 748.29 3
109.539 1210.17 1
1349.82 317.729 3
886.13 1169.2 1
588.797 1309.77 4
433.884 1154.45 3
1397.02 464.155 3
541.228 1302.17 2
1177.87 1320.47 4
1120.21 1284.82 2
1015.75 108.201 3
813.776 438.718 1
926.275 163.834 3
35.2123 753.368 4
508.051 291.889 1
217.654 411.198 1
1313.67 920.568 3
734.091 270.093 2
247.996 1009.3 4
532.375 937.819 3
1113.74 827.473 1
59.9275 646.922 4
947.657 340.157 3
76.3605 1274.97 3
189.243 559.781 3
967.813 160.468 1
461.094 1023.53 4
797.32 1193.35 3
210.533 97.2257 4
521.984 385.317 4
1018.23 728.492 1
137.291 1180.0 4
382.802 261.073 3
1074.01 510.551 3
198.763 444.949 3
32.0 1132.35 3
523.49 121.165 3
480.928 288.409 3
1173.69 745.627 2
129.306 32.4992 2
371.26 1225.3 2
736.089 43.8071 3
347.392 1102.59 1
1319.29 359.693 3
446.08 94.5783 2
656.959 897.564 4
935.961 865.74 3
787.708 1077.27 4
1255.55 1031.52 2
571.65 683.809 3
939.001 896.081 2
1360.39 500.955 3
699.643 195.988 2
1046.5 577.822 4
94.3902 1252.01 1
1132.29 1381.93 1
1337.04 1099.32 2
157.268 337.768 3
467.167 438.82 4
700.317 500.596 1
761.214 590.036 3
2.63274 617.674 2
795.908 671.737 1
1149.36 596.18 1
678.569 1371.8 1
1305.93 56.4529 4
195.169 1149.57 3
690.987 233.667 3
1404.24 1305.84 2
719.213 488.065 2
1007.69 747.181 4
1336.01 374.367 3
108.417 362.93 3
354.915 886.241 3
1211.58 829.098 1
492.341 351.838 3
290.786 1377.8 2
620.464 56.6125 1
359.582 522.621 3
613.127 436.921 1
60.7337 1009.33 4
715.622 24.9333 1
711.962 154.037 4
278.75 1365.33 3
900.817 1380.72 4
640.447 558.819 3
1223.23 771.668 4
848.205 1357.34 2
1301.48 1310.39 1
352.14 1117.1 1
1152.1 25.4642 2
314.77 256.412 2
713.861 175.287 2
371.476 949.011 2
1203.27 852.62 1
1338.25 357.335 4
389.596 287.789 3
791.506 553.868 2
1040.06 653.496 2
1171.18 644.072 1
661.077 841.139 3
1399.03 403.068 2
416.707 939.516 1
710.581 779.652 2
597.589 216.877 1
722.191 694.18 4
973.985 88.0889 2
274.527 578.642 4
801.739 18.8176 4
1404.56 1281.02 1
695.777 349.119 2
455.625 757.712 3
1139.93 1189.01 1
364.181 12.7321 2
557.586 493.747 3
950.549 1358.06 1
521.727 944.032 2
1359.23 666.515 3
5.5676 359.406 2
499.419 792.557 4
334.192 784.643 2
629.484 31.7224 1
1315.46 562.069 4
1072.04 551.926 2
1187.27 990.299 3
1289.99 95.3398 2
176.566 1052.41 4
1033.11 883.581 3
271.438 147.304 1
685.937 1182.46 1
635.132 768.474 3
560.219 1158.45 2
255.937 210.031 1
883.824 1257.56 4
770.296 647.238 4
1097.68 161.374 3
1034.41 248.529 1
990.472 1199.67 1
674.845 1317.02 2
1210.97 194.219 4
315.368 294.897 1
1224.57 362.628 4
877.554 909.332 2
1402.33 1188.36 4
899.577 456.371 3
1183.26 760.474 1
902.081 1313.15 2
1132.15 243.005 4
1382.42 18.3583 1
515.586 1402.47 1
1119.95 448.515 2
462.111 621.025 4
546.402 570.528 3
1266.78 750.735 4
703.503 739.615 3
248.551 220.864 2
1151.46 136.4 1
935.881 1275.71 3
1411.47 1024.61 1
975.267 824.927 3
27.838 1028.34 3
774.988 250.773 3
466.482 670.917 1
1263.67 262.972 1
605.919 691.893 1
28.4854 370.844 2
1114.63 959.858 4
542.302 1006.79 2
396.249 906.369 2
75.9179 892.515 2
765.739 1145.39 1
793.664 245.853 4
341.695 225.885 4
882.788 322.23 1
1032.51 1247.57 2
104.576 920.51 3
578.019 62.6402 2
1205.45 82.1915 2
228.056 1020.48 2
10.3152 1178.78 2
275.273 697.131 2
586.281 876.416 1
305.225 56.9708 3
1053.88 482.568 1
691.98 1295.5 3
211.224 435.999 4
939.802 601.214 4
1148.78 1165.77 4
567.334 1348.54 2
395.213 1290.96 4
920.683 14.0269 3
1118.21 787.939 3
955.512 1154.71 3
331.066 163.144 2
116.593 635.499 1
485.762 1048.95 3
352.211 531.209 1
817.617 657.208 4
985.459 1321.18 3
1306.45 686.945 4
1228.79 905.102 2
577.304 237.508 1
596.658 751.54 3
42.1672 1388.06 2
105.125 1140.68 4
745.454 503.156 4
1149.94 77.2281 1
559.393 127.537 2
253.97 377.388 3
1404.05 137.032 2
1256.12 1356.78 4
664.832 400.004 1
185.242 859.282 3
1280.99 1009.68 3
433.977 676.917 4
1309.37 212.346 1
1155.86 404.379 4
523.404 1104.3 3
1007.65 542.129 2
331.941 826.81 2
422.458 180.135 3
1070.22 897.419 3
654.959 965.556 1
69.6292 267.131 3
224.689 1041.44 3
879.465 923.445 4
270.913 189.428 4
465.558 807.604 3
832.082 92.2046 3
78.0761 1157.93 3
1166.48 608.049 1
829.4 876.042 4
109.539 694.325 4
678.058 1397.53 3
1340.13 1067.01 4
170.74 712.323 4
282.782 197.671 2
367.074 759.367 1
550.181 711.703 4
717.055 630.606 3
896.82 224.806 4
1305.28 1048.23 4
964.998 1202.0 2
1181.13 1094.4 3
1013.16 1270.84 2
151.121 192.708 3
998.863 796.355 3
425.703 1388.51 1
1145.54 1240.19 3
155.591 471.967 4
368.066 243.809 3
673.464 320.72 2
1124.14 431.813 2
1115.89 1214.13 1
385.17 1221.05 4
909.116 351.94 1
297.413 1332.74 4
1230.55 551.769 3
1391.25 938.652 4
1061.47 849.469 1
136.514 832.421 4
851.985 321.339 1
575.522 8.17264 3
42.9379 734.448 3
1327.51 977.28 3
1038.72 1413.06 3
969.179 1010.96 1
1324.66 511.831 1
780.025 1285.43 4
391.243 1073.6 1
1383.1 978.964 3
1159.54 621.098 1
1333.18 483.734 4
1319.93 1406.06 2
823.228 851.713 4
599.488 783.219 1
1397.48 239.407 2
115.121 1368.46 3
237.335 628.464 2
932.422 289.472 3
431.64 1106.2 2
1034.61 181.659 4
1067.55 1154.11 1
620.421 108.331 2
100.963 42.167 2
81.5718 508.119 1
1349.26 832.939 1
17.6092 448.041 2
873.379 810.927 4
1283.61 1107.18 1
614.508 454.903 4
647.309 979.725 2
479.116 505.27 2
61.9653 690.743 3
1000.43 652.935 2
611.573 194.262 1
309.239 1414.2 2
68.7967 886.586 3
1090.5 415.212 3
494.135 701.215 1
1300.62 323.238 3
57.3903 29.9097 1
1346.15 742.146 4
72.2604 1412.73 3
497.138 975.625 2
817.722 1243.23 2
158.741 780.888 3
443.509 227.797 4
1218.97 159.518 4
601.214 1380.39 1
154.413 1277.31 3
108.713 1096.26 2
768.206 352.673 3
718.103 374.195 1
501.627 757.927 1
681.06 396.955 2
1128.67 1142.57 4
59.8936 424.735 3
169.618 290.681 1
561.995 1345.35 3
93.9526 849.873 3
829.918 312.966 3
970.409 774.861 2
1035.35 924.064 2
1078.13 1341.42 2
1148.62 456.716 2
902.728 1123.94 4
1245.33 407.673 4
176.425 522.189 1
1401.65 981.926 2
586.152 336.775 3
430.863 513.643 3
376.488 513.514 3
1383.79 1353.06 1
513.194 1.12215 2
55.1892 798.627 1
1102.3 667.335 4
735.268 228.487 3
1366.94 384.941 4
946.209 477.016 4
305.639 1253.93 3
1300.16 494.006 1
1277.68 551.424 4
1101.39 721.041 4
569.622 1034.12 3
432.417 1115.98 4
801.21 850.391 2
459.078 973.612 3
648.043 648.619 3
1303.42 1300.5 1
578.371 116.762 4
49.2884 1008.57 3
1323.62 1013.53 2
215.762 1242.02 2
540.791 26.0253 4
1094.96 1030.14 1
6.90555 822.192 1
640.36 240.113 2
379.848 448.617 3
267.473 402.436 3
1062.81 168.597 3
717.314 577.347 4
902.21 560.919 2
380.366 1156.51 4
807.95 291.846 1
821.311 1401.11 3
613.891 75.1133 3
562.5 97.729 4
1255.64 795.26 4
1217.02 275.575 2
565.737 868.302 2
917.131 155.806 3
1317.15 621.197 3
693.028 633.239 2
748.13 1039.85 4
1312.65 1333.35 3
484.985 489.187 1
1357.37 340.875 4
29.9528 204.938 3
157.533 723.874 3
63.9195 1342.76 1
291.267 999.867 3
494.351 1375.51 1
996.687 934.336 2
1129.36 286.969 4
207.9 1142.18 1
14.5017 1045.46 3
590.067 966.275 3
404.887 954.692 2
751.669 1015.29 3
118.387 910.152 1
624.638 335.194 3
527.239 1045.34 2
1021.12 308.29 4
144.542 845.514 4
627.412 1327.69 4
646.273 1255.9 1
230.522 1167.21 1
264.008 629.009 4
1105.79 1077.07 3
521.252 1293.11 3
694.224 1199.9 3
274.755 768.776 3
1326.85 36.7721 4
905.768 904.427 3
716.488 808.338 2
972.351 1413.75 3
498.963 559.047 3
209.701 548.661 1
992.362 257.003 1
1133.29 883.451 2
911.237 714.308 2
129.565 1140.47 4
736.736 315.858 3
1237.33 966.059 3
193.96 350.672 1
1218.61 117.367 2
827.458 485.95 3
1152.47 665.452 2
723.443 214.158 3
1093.54 333.036 3
123.911 277.23 2
470.496 2.8917 3
41.7726 873.481 3
445.624 402.335 3
896.045 235.236 3
1312.75 585.375 1
72.8475 1255.64 2
446.234 1051.43 2
943.989 430.82 4
584.746 785.765 3
138.37 1216.5 1
138.974 818.308 3
1356.08 752.273 2
440.401 1182.66 3
996.341 363.377 4
991.193 622.68 2
858.576 1377.03 1
838.981 106.389 3
1338.3 893.665 3
1374.98 1047.93 2
1365.99 1349.83 3
256.961 559.177 1
604.408 826.567 3
1181.69 581.577 2
825.645 591.519 4
1031.04 893.853 3
57.1683 147.002 4
1114.99 1322.93 1
959.588 311.656 2
1369.97 574.714 2
1021.07 191.111 4
307.488 1403.77 1
257.75 36.7012 4
567.439 399.804 2
1014.25 701.015 4
740.189 464.571 4
1187.44 271.36 2
962.332 762.129 3
1410.16 329.194 4
1411.28 1008.57 4
991.723 229.048 3
247.564 945.24 2
600.204 1273.21 2
365.483 1136.44 1
274.342 65.1711 1
1154.9 9.76955 1
1242.14 896.313 1
362.573 1244.94 2
349.637 611.745 4
798.479 887.724 1
250.844 44.7998 4
637.21 916.712 1
126.501 1401.96 3
560.515 837.184 2
173.545 766.1 4
1362.83 1239.89 2
657.193 943.902 4
527.085 163.893 3
758.445 259.88 2
1209.42 149.995 3
1164.75 984.416 3
1137.21 837.902 1
687.053 561.896 3
244.148 132.025 2
646.057 90.549 3
1241.75 1145.8 1
1094.36 190.507 4
1226.6 226.329 4
1343.82 296.464 1
780.531 790.615 3
809.546 1137.69 3
1070.21 270.827 3
1168.93 1355.75 2
134.208 1167.44 2
330.431 1284.91 1
1038.16 392.537 4
252.398 1100.5 1
192.554 1076.62 3
905.965 741.11 4
587.046 53.404 2
681.794 102.936 2
1166.91 801.087 3
136.422 107.597 4
402.335 1272.05 3
1000.96 936.695 1
880.621 624.737 3
1353.01 429.454 4
820.898 976.704 1
1331.3 864.202 2
629.052 139.047 2
324.524 860.129 3
1099.71 160.267 4
165.265 232.474 3
341.825 655.509 1
1354.05 1172.64 3
103.67 1028.06 3
1085.85 1249.69 1
1238.26 419.685 4
462.795 638.649 4
901.735 957.282 4
810.755 372.684 2
906.138 995.839 3
322.619 420.116 4
931.904 841.155 3
877.35 388.48 4
1298.94 593.575 3
112.413 98.4473 1
727.586 1388.71 3
410.578 1310.72 2
208.498 1033.59 1
381.927 1019.69 2
614.378 515.731 2
379.287 697.908 3
1013.13 1320.43 3
314.455 1212.74 4
1229.11 1402.49 4
547.388 1393.38 3
221.699 1313.52 4
457.283 1253.5 4
258.483 602.539 2
848.217 1115.92 1
3.06434 1239.48 2
745.066 998.068 2
490.695 369.721 3
1029.49 1370.41 2
846.719 253.967 4
227.969 107.958 3
297.938 478.209 3
915.158 61.891 4
50.0652 504.984 4
168.15 181.832 3
64.3511 724.235 3
403.284 1259.93 4
1265.79 241.824 2
503.501 1261.9 1
524.563 1104.11 1
724.91 441.712 1
173.977 966.231 4
446.832 581.706 2
1215.41 566.745 1
957.966 1051.84 2
1094.66 732.176 1
489.598 176.653 3
771.948 1217.49 3
178.157 1304.85 2
10.3583 521.946 1
698.237 132.53 1
1378.69 201.901 2
130.373 457.336 2
516.628 472.944 2
357.671 1369.8 2
416.448 799.059 3
1366.57 26.9039 3
3.58225 326.546 4
496.682 608.999 3
524.212 171.964 3
225.818 124.402 2
1068.6 786.974 2
5.43812 116.876 3
1074.32 832.307 1
498.322 1122.86 1
1010.57 681.621 2
292.247 575.636 2
1004.16 375.98 1
1163.87 42.3983 3
1082.41 906.051 4
1246.54 960.275 3
12.0416 1144.65 4
330.819 206.491 3
954.958 236.962 1
541.999 126.948 3
787.517 818.151 3
331.793 226.69 1
268.188 1187.37 4
680.419 364.326 2
475.792 1006.53 3
78.6865 474.643 3
1265.2 435.367 1
728.449 888.615 1
823.314 57.4178 2
1048.87 923.833 4
475.102 1180.13 4
504.925 974.82 4
4.05701 989.408 1
764.549 1367.13 4
17.7386 1243.39 4
1034.8 33.8527 4
312.174 340.114 3
1165.87 828.666 3
790.476 566.271 3
4.10017 178.092 2
677.176 1089.78 4
387.703 544.762 4
6.25816 924.496 3
1193.74 668.803 1
239.401 6.51711 4
242.687 358.457 3
1048.0 1219.3 2
369.811 1173.74 3
1201.15 1040.62 4
718.307 1256.08 2
639.583 610.753 3
60.3804 148.297 2
838.377 816.381 3
1199.75 685.046 4
1379.77 781.795 4
916.841 885.335 4
632.246 162.814 3
795.1 579.65 3
525.926 998.068 2
716.655 1385.66 1
741.699 1203.51 3
988.271 604.467 1
1336.73 910.152 2
1132.87 1059.83 1
608.774 484.742 1
79.0254 199.845 1
507.515 1146.29 4
1118.64 644.044 3
351.098 445.812 2
523.521 1155.44 4
1236.65 707.892 4
1020.34 974.777 4
161.763 267.001 1
975.538 812.654 3
612.43 1098.0 3
232.026 675.708 3
202.721 743.743 1
31.2908 241.235 2
499.832 727.774 4
1403.2 468.757 2
232.113 1176.14 2
1064.45 1161.83 3
165.69 316.49 4
205.267 491.086 4
469.232 841.802 4
1351.11 531.641 2
730.583 1233.82 2
374.669 1062.59 2
544.33 476.542 4
1337.16 446.185 2
998.629 210.533 1
1069.83 446.099 2
816.988 190.118 2
604.359 166.294 3
132.284 597.346 4
890.323 741.197 3
1335.19 108.821 2
1399.23 876.215 4
241.787 800.757 3
364.268 165.792 4
253.261 1208.66 2
664.314 624.607 3
359.36 1324.46 4
630.841 204.706 1
531.709 437.439 2
772.861 1358.62 4
1206.83 1290.13 4
866.129 494.826 4
705.273 408.291 3
795.168 321.583 3
250.542 416.318 4
1241.03 255.132 2
395.774 304.794 1
392.149 1209.81 1
273.589 748.62 3
1109.05 35.6067 3
615.802 427.469 3
928.353 1183.22 2
284.552 971.007 4
1410.15 351.449 3
2.71906 232.674 2
447.998 86.2485 3
522.232 937.946 1
21.6662 532.72 1
953.059 385.69 3
1389.22 926.941 4
500.221 1353.81 3
1222.57 1348.41 4
950.605 134.803 1
286.278 273.605 2
1075.73 1209.77 4
170.826 167.648 4
1413.02 884.358 2
417.077 1186.39 2
490.849 641.239 2
1308.77 64.0058 2
1176.55 1133.22 3
359.003 405.328 1
1262.29 162.512 4
702.899 1303.16 1
827.544 1215.35 3
265.216 640.447 2
1322.11 698.281 4
259.088 1042.18 2
965.882 153.938 4
680.154 454.817 1
1316.24 1332.01 1
308.61 342.213 3
878.251 257.377 4
275.248 863.712 4
474.066 420.332 3
1225.43 1206.31 1
1156.77 1197.85 2
1130.91 361.894 3
33.9235 571.736 4
101.512 492.079 4
679.247 701.965 4
446.0 789.277 4
1358.14 694.8 4
543.159 761.525 1
228.962 1062.03 1
602.855 439.797 4
1217.39 1112.23 4
506.381 892.24 3
915.417 914.138 4
467.16 543.784 3
1329.02 80.8967 4
127.734 940.234 3
695.259 852.046 3
1071.83 128.459 3
844.161 1000.33 1
1197.0 1226.25 1
478.468 12.5595 2
1081.75 519.27 1
854.106 827.76 4
630.563 904.972 4
798.886 825.833 2
407.403 1355.47 2
1395.56 1088.73 1
586.929 1225.41 3
89.834 837.875 3
397.113 895.795 4
1413.6 1250.47 4
720.594 1145.54 3
1376.88 1280.43 3
523.225 877.495 4
1049.6 953.441 1
230.343 662.085 3
1037.9 1358.16 2
372.906 1194.55 3
995.152 804.195 2
449.878 1329.53 3
1322.67 405.183 1
32.1233 789.449 3
627.801 1158.28 4
292.623 1356.52 4
4.87704 874.027 1
664.333 293.313 4
1271.42 207.123 3
954.649 979.654 2
238.371 895.866 2
380.237 330.878 2
532.998 1376.32 1
1413.66 269.088 3
977.099 708.266 4
869.822 275.014 4
1251.09 991.033 2
1089.26 987.796 2
272.165 1128.47 1
156.022 726.22 1
289.084 81.4578 4
163.877 477.95 2
1181.24 1136.39 2
1267.82 1254.28 2
48.4252 1332.4 1
192.536 1020.18 3
496.102 698.771 4
154.999 894.284 4
82.9961 598.625 4
898.239 1092.34 4
1165.1 214.864 2
95.124 270.67 3
23.6515 560.271 4
75.141 663.537 2
472.636 737.254 3
1048.72 1024.09 4
294.041 1229.53 3
497.921 842.822 4
1323.02 253.779 2
945.629 1167.18 2
320.948 937.86 4
868.373 797.563 3
537.702 1213.75 4
732.759 534.764 4
1344.77 394.739 4
1116.33 125.179 2
34.7807 662.171 2
1405.88 697.001 3
6.51711 1262.57 4
204.577 1357.5 3
822.667 401.601 4
285.569 1389.05 1
103.306 931.229 4
262.066 379.331 4
875.753 1030.93 3
607.991 1106.24 3
1411.6 238.041 4
1047.02 1131.17 2
1270.94 924.74 4
1075.37 693.015 3
322.878 1106.57 3
1176.92 811.186 3
377.561 148.657 3
530.79 561.955 4
953.657 269.23 1
269.89 550.69 3
319.9 713.618 4
1210.18 778.342 2
1329.45 1311.93 4
522.189 1298.0 4
398.222 94.045 1
427.108 942.219 3
681.35 1012.4 1
1260.61 43.4341 4
224.64 1012.44 2
836.564 176.48 3
484.554 567.938 4
438.712 228.013 1
766.128 105.411 4
479.344 757.382 1
768.724 900.743 3
459.09 658.848 4
984.775 841.571 3
649.64 748.734 4
876.012 404.983 2
802.314 967.209 4
690.167 1359.79 4
517.398 1018.44 1
637.808 990.056 2
1055.62 1185.4 1
197.604 338.847 4
687.491 1160.91 1
533.059 956.03 4
87.3616 1115.33 1
567.784 742.448 3
801.691 882.27 3
94.1744 126.199 4
800.094 1329.36 1
0.906353 491.891 1
814.565 504.595 3
681.905 64.7118 2
