1 292.303 704.836
2 36.4285 234.882
3 116.779 387.688
4 205.097 540.4
5 741.782 481.003
6 257.529 335.36
7 147.957 322.632
8 657.841 590.35
9 539.768 330.055
10 476.242 521.937
11 711.472 110.005
12 545.057 680.819
13 108.34 424.056
14 708.146 640.608
15 381.222 441.975
16 459.482 423.181
17 685.028 240.272
18 273.013 307.787
19 429.476 279.419
20 55.9548 312.454
21 384.402 535.956
22 276.849 157.605
23 104.156 550.99
24 704.99 493.036
25 525.956 161.742
26 243.416 282.195
27 468.772 716.822
28 42.3164 338.282
29 667.793 348.494
30 598.707 273.817
31 315.115 742.116
32 246.421 683.49
33 83.9334 21.4509
34 543.782 497.967
35 20.3536 405.546
36 301.924 59.7942
37 123.614 623.124
38 616.425 527.03
39 10.3541 522.907
40 460.64 34.5945
41 57.2077 195.404
42 275.327 102.085
43 144.816 623.72
44 513.325 306.628
45 564.982 544.287
46 259.326 187.84
47 247.411 293.518
48 231.23 399.697
49 223.11 710.463
50 465.888 105.078
51 609.782 161.293
52 630.49 188.596
53 369.479 34.0744
54 198.552 376.862
55 635.291 109.427
56 96.3784 266.096
57 360.221 19.4888
58 162.309 290.199
59 716.443 339.889
60 491.962 278.899
61 516.027 403.645
62 448.978 574.346
63 98.0817 639.601
64 694.695 564.299
65 150.466 351.246
66 121.688 220.921
67 97.0681 643.09
68 236.464 753.652
69 227.223 619.271
70 90.4685 713.63
71 622.973 38.887
72 710.817 692.757
73 387.807 670.323
74 731.812 470.569
75 493.097 129.592
76 179.332 192.577
77 471.153 669.789
78 205.483 669.353
79 7.61193 707.65
80 527.422 754.773
81 432.154 60.139
82 584.47 366.578
83 721.15 530.991
84 309.158 199.234
85 704.867 374.072
86 619.049 224.93
87 130.892 51.2037
88 154.541 68.8856
89 508.851 772.29
90 137.816 735.625
91 611.98 210.179
92 758.927 317.669
93 748.383 90.5158
94 742.712 72.8196
95 328.614 167.969
96 537.684 512.846
97 236.478 603.054
98 702.319 397.107
99 664.673 262.021
100 421.023 698.028
101 371.759 697.13
102 672.332 323.46
103 647.356 691.386
104 480.555 683.949
105 626.927 89.9248
106 736.986 719.148
107 245.024 104.912
108 150.016 460.64
109 404.409 318.685
110 357.264 513.309
111 189.211 360.962
112 690.464 450.357
113 164.815 123.966
114 515.957 312.997
115 620.786 500.047
116 23.4268 44.2064
117 268.401 259.775
118 426.659 220.533
119 458.122 388.857
120 116.195 741.69
121 689.668 83.0792
122 420.584 175.486
123 10.8742 753.165
124 494.729 84.7241
125 310.57 646.021
126 594.157 252.683
127 87.9627 17.7868
128 552.621 467.803
129 340.835 90.2794
130 414.496 255.874
131 661.904 359.78
132 339.984 270.46
133 254.197 312.95
134 108.064 758.545
135 31.7006 422.202
136 199.85 551.416
137 558.224 490.932
138 334.027 473.902
139 313.249 598.86
140 514.281 705.168
141 548.957 347.724
142 764.386 655.312
143 299.902 575.741
144 448.872 46.5935
145 299.619 464.81
146 46.5954 396.979
147 215.103 726.547
148 732.282 73.3771
149 371.944 754.219
150 444.683 551.638
151 648.941 545.256
152 477.505 481.618
153 59.4534 356.565
154 371.566 763.273
155 395.844 414.827
156 78.2705 281.996
157 327.904 304.312
158 660.017 142.958
159 412.857 361.458
160 144.648 682.544
161 119.462 125.62
162 577.799 559.51
163 95.9502 469.893
164 652.534 412.746
165 748.916 119.238
166 593.166 194.861
167 674.058 173.065
168 305.794 670.734
169 248.87 585.764
170 405.562 578.341
171 143.566 529.006
172 204.506 105.976
173 452.959 748.405
174 597.395 19.4553
175 328.755 735.507
176 735.721 512.529
177 570.658 598.128
178 185.422 458.74
179 576.933 142.84
180 157.534 31.8523
181 2.76583 533.048
182 732.542 573.401
183 334.901 593.801
184 552.662 589.003
185 295.518 393.362
186 544.564 83.6844
187 218.027 369.888
188 683.135 21.2283
189 142.026 213.475
190 110.092 333.719
191 234.953 71.7933
192 505.866 454.338
193 694.495 308.07
194 58.7271 71.746
195 171.907 60.5409
196 610.541 386.743
197 78.4057 597.513
198 343.493 189.447
199 671.709 279.514
200 188.242 137.889
201 336.934 623.233
202 667.994 8.87466
203 20.0936 107.357
204 264.077 570.125
205 298.875 633.894
206 286.107 629.237
207 410.477 607.536
208 538.012 707.106
209 16.0749 172.957
210 47.7046 492.138
211 285.471 414.07
212 680.05 670.157
213 336.398 269.477
214 618.775 453.288
215 70.8017 576.294
216 694.933 136.518
217 211.883 313.673
218 90.1612 149.748
219 224.528 249.255
220 334.83 158.338
221 342.966 144.013
222 279.54 476.016
223 555.531 392.535
224 240.359 287.325
225 336.414 387.982
226 139.997 314.571
227 242.849 514.16
228 592.714 147.71
229 384.262 406.964
230 246.024 56.9102
231 645.998 511.986
232 300.766 175.713
233 171.221 774.441
234 245.205 324.476
235 155.767 151.908
236 284.64 425.498
237 774.547 145.038
238 120.491 755.141
239 202.425 491.584
240 589.405 584.025
241 771.35 282.857
242 378.28 262.328
243 139.878 698.666
244 589.515 654.319
245 667.608 678.951
246 618.626 441.573
247 111.122 122.865
248 446.586 733.19
249 586.088 625.88
250 194.199 395.759
251 253.139 672.805
252 685.384 472.696
253 154.861 577.537
254 732.489 627.251
255 275.022 504.846
256 772.292 422.131
257 406.907 242.305
258 305.754 539.7
259 175.979 481.963
260 121.224 10.4112
261 190.243 541.426
262 441.882 88.7763
263 218.455 528.33
264 702.744 551.699
265 578.719 675.415
266 458.276 741.038
267 425.843 604.189
268 752.901 405.948
269 439.719 154.896
270 642.213 256.087
271 714.056 758.971
272 616.262 286.558
273 269.136 368.352
274 408.491 624.637
275 269.302 28.33
276 586.166 697.579
277 347.225 130.784
278 657.888 38.755
279 167.321 267.042
280 285.953 230.793
281 213.444 729.114
282 341.319 751.524
283 336.19 216.822
284 138.894 29.7957
285 631.317 585.136
286 440.26 141.682
287 620.963 763.756
288 233.393 144.769
289 399.532 720.732
290 168.504 83.4003
291 172.119 92.9605
292 83.0114 693.665
293 488.535 625.186
294 368.25 45.7523
295 355.491 566.295
296 23.0958 261.146
297 459.931 395.111
298 513.569 675.76
299 280.814 96.4729
300 767.96 751.653
301 734.067 674.152
302 30.5423 730.58
303 258.107 225.105
304 448.206 468.252
305 240.107 450.934
306 61.0911 32.0887
307 331.521 229.729
308 730.913 618.93
309 373.555 483.429
310 536.102 560.848
311 403.964 142.31
312 207.747 93.2107
313 93.7385 556.451
314 407.309 131.162
315 95.0755 417.65
316 618.15 181.301
317 610.565 640.182
318 257.282 32.3152
319 661.488 652.248
320 457.283 220.945
321 397.398 549.714
322 437.781 279.892
323 64.7224 455.851
324 39.2653 160.735
325 658.529 734.504
326 389.393 77.0747
327 241.218 500.614
328 371.826 10.5669
329 506.456 171.751
330 185.665 179.164
331 233.759 223.593
332 361.756 508.18
333 716.261 51.2032
334 477.97 490.308
335 129.994 485.627
336 678.644 113.683
337 537.164 570.517
338 523.545 250.258
339 540.282 323.919
340 6.76091 435.417
341 152.969 67.1698
342 236.918 22.2926
343 58.6497 501.915
344 620.372 444.173
345 363.639 361.222
346 594.251 207.281
347 494.61 270.46
348 118.774 368.469
349 137.606 655.629
350 513.864 51.9932
351 411.493 434.424
352 133.52 666.257
353 695.756 155.983
354 536.192 55.4445
355 139.787 567.713
356 529.597 772.597
357 658.506 332.443
358 713.878 668.3
359 316.132 653.312
360 634.521 100.752
361 395.679 95.5746
362 662.262 218.983
363 575.762 731.525
364 667.841 222.543
365 46.6565 192.081
366 221.361 725.247
367 147.059 172.616
368 317.881 450.522
369 491.3 184.989
370 340.622 675.996
371 529.336 94.7236
372 494.816 302.62
373 130.585 505.957
374 85.3387 599.248
375 55.6024 113.872
376 768.963 384.672
377 622.027 447.827
378 267.11 578.54
379 679.827 296.18
380 722.779 302.549
381 429.164 37.445
382 592.785 743.463
383 466.701 639.459
384 474.646 350.631
385 523.356 362.38
386 248.759 350.172
387 207.141 442.235
388 220.257 165.666
389 186.941 741.761
390 520.414 14.95
391 522.245 703.679
392 440.499 309.016
393 648.078 20.0089
394 144.913 238.263
395 169.448 515.186
396 52.8028 711.503
397 553.357 667.283
398 541.558 442.248
399 635.924 586.97
400 671.221 434.613
401 117.877 161.728
402 115.645 576.224
403 228.452 437.53
404 478.59 186.289
405 637.18 765.495
406 477.117 237.743
407 288.036 537.502
408 355.326 121.404
409 339.371 348.636
410 656.341 491.726
411 102.573 176.503
412 87.3651 216.524
413 516.081 161.988
414 354.145 294.738
415 159.614 80.3133
416 500.945 354.036
417 550.754 68.7201
418 744.627 731.006
419 147.771 276.498
420 255.622 419.659
421 211.337 651.884
422 40.3067 319.711
423 327.958 721.171
424 66.0842 615.692
425 32.4807 596.388
426 753.882 740.495
427 126.158 57.8558
428 246.939 304.274
429 753.559 107.31
430 486.407 586.625
431 642.974 559.713
432 81.06 605.621
433 126.434 84.535
434 103.827 368.021
435 152.593 691.929
436 178.86 351.898
437 331.485 93.2205
438 373.339 196.208
439 443.84 522.694
440 771.1 365.538
441 541.683 473.689
442 732.26 136.812
443 0.0236395 472.223
444 438.676 211.881
445 147.511 247.776
446 547.728 716.94
447 429.027 475.779
448 746.395 189.33
449 266.019 480.875
450 572.5 1.1347
451 530.134 715.106
452 702.162 160.205
453 62.1748 357.69
454 166.874 665.652
455 706.515 608.86
456 119.433 231.417
457 685.026 417.546
458 473.724 267.009
459 543.485 638.835
460 551.007 433.275
461 765.956 19.8198
462 293.981 774.37
463 223.985 65.515
464 12.0325 139.176
465 770.203 509.338
466 760.532 222.827
467 432.107 760.626
468 545.459 66.5079
469 327.6 730.273
470 427.902 688.218
471 201.231 628.812
472 567.183 121.909
473 517.934 321.143
474 56.6284 587.925
475 477.654 431.928
476 530.823 194.152
477 224.339 344.651
478 79.9016 434.046
479 513.17 103.787
480 530.944 303.943
481 725.237 198.95
482 565.794 16.7368
483 0.567349 543.52
484 256.964 208.771
485 356.91 133.516
486 38.4247 755.59
487 607.749 369.685
488 469.786 78.895
489 666.28 541.629
490 492.364 142.003
491 537.043 164.791
492 615.978 613.328
493 773.749 262.564
494 203.941 326.959
495 258.132 314.288
496 483.893 750.768
497 199.285 122.501
498 202.142 125.465
499 119.95 386.601
500 360.917 10.033
501 606.757 89.3673
502 307.855 324.013
503 685.334 246.641
504 758.313 39.7381
505 98.607 388.681
506 221.967 564.559
507 425.535 584.606
508 336.137 442.012
509 196.681 646.953
510 480.923 210.496
511 669.448 333.625
512 138.472 638.372
513 54.2527 190.308
514 412.545 289.584
515 730.745 167.841
516 134.096 408.454
517 207.921 702.614
518 89.8144 250.91
519 362.536 327.549
520 761.029 258.144
521 530.912 303.021
522 459.191 163.004
523 663.42 295.811
524 92.9034 248.806
525 540.494 560.919
526 168.328 550.858
527 304.063 409.612
528 5.29526 509.702
529 132.077 269.822
530 577.833 261.004
531 66.448 283.755
532 390.714 391.731
533 604.607 305.186
534 314.994 680.568
535 177.507 495.225
536 184.223 149.165
537 641.509 410.336
538 462.058 692.648
539 643.706 303.636
540 396.898 60.8954
541 209.375 247.374
542 610.633 390.351
543 333.172 240.627
544 339.298 605.858
545 613.73 338.778
546 605.078 62.8674
547 80.0923 12.4349
548 379.864 484.09
549 481.159 597.277
550 423.867 186.398
551 90.8677 501.688
552 703.985 147.534
553 19.4081 47.8464
554 669.062 618.349
555 406.588 371.34
556 73.4008 96.6384
557 420.145 521.333
558 557.066 349.912
559 653.163 273.756
560 722.684 554.087
561 76.6889 68.0823
562 658.456 694.151
563 205.829 126.306
564 91.0752 579.996
565 279.418 761.831
566 467.495 636.883
567 772.017 228.996
568 294.029 575.278
569 658.55 89.783
570 325.304 660.276
571 208.12 576.143
572 315.051 553.908
573 7.73013 685.556
574 642.983 237.743
575 56.2594 225.058
576 339.234 291.651
577 263.392 16.983
578 606.455 213.678
579 535.957 521.498
580 262.26 190.393
581 113.044 424.424
582 573.85 510.992
583 771.468 582.005
584 660.276 742.541
585 112.855 771.746
586 345.848 439.209
587 542.194 94.6389
588 264.03 48.2483
589 374.04 78.2705
590 765.923 21.512
591 760.896 3.68777
592 611.623 183.537
593 234.673 298.142
594 147.723 378.233
595 10.2596 455.959
596 370.006 23.5213
597 158.716 162.035
598 28.3911 634.4
599 52.9919 353.303
600 560.968 35.2465
601 767.162 672.696
602 130.774 220.699
603 563.117 37.185
604 147.132 395.891
605 684.74 134.282
606 283.048 122.604
607 771.087 709.29
608 431.847 658.229
609 320.488 79.5569
610 112.408 448.868
611 430.573 0.260035
612 514.656 579.5
613 77.4509 666.125
614 33.1663 226.159
615 395.241 340.504
616 528.676 65.1978
617 265.094 662.295
618 482.53 741.052
619 598.838 530.826
620 174.082 40.7309
621 88.8374 311.839
622 725.048 331.2
623 530.471 252.494
624 224.034 250.697
625 715.169 652.049
626 158.255 31.8897
627 209.564 611.139
628 552.964 667.628
629 524.467 466.82
630 307.456 463.784
631 265.992 586
632 710.817 529.417
633 129.239 485.651
634 594.369 660.38
635 632.241 635.587
636 487.426 192.78
637 467.549 501.347
638 407.877 21.1574
639 221.013 472.011
640 336.225 708.453
641 23.4504 295.566
642 68.6649 720.013
643 722.984 10.2221
644 635.452 553.79
645 617.405 756.111
646 497.99 560.74
647 708.217 191.254
648 355.35 251.085
649 454.446 404.472
650 713.66 751.123
651 46.9454 490.331
652 461.077 320.576
653 762.552 387.665
654 134.32 753.307
655 401.864 177.675
656 258.664 209.919
657 527.57 264.229
658 0.638267 183.642
659 152.286 682.379
660 309.353 481.797
661 753.912 94.2745
662 195.594 421.233
663 316.297 548.613
664 718.382 58.1631
665 389.964 251.832
666 475.79 203.844
667 424.251 483.817
668 481.206 131.743
669 444.802 526.013
670 61.8883 324.925
671 125.62 134.448
672 161.553 332.49
673 288.024 236.996
674 234.09 455.26
675 546.924 329.228
676 31.5601 386.445
677 376.885 132.108
678 417.208 431.29
679 41.9995 13.2243
680 624.604 644.211
681 284.67 167.557
682 613.334 54.499
683 180.305 608.042
684 319.394 593.599
685 507.844 496.369
686 560.927 755.543
687 773.652 67.1225
688 689.069 608.326
689 613.187 346.944
690 47.6822 303.778
691 413.716 687.471
692 693.797 76.4266
693 654.862 208.96
694 320.266 188.36
695 270.436 513.886
696 585.614 589.759
697 764.292 617.167
698 611.065 304.062
699 274.211 552.503
700 291.529 690.072
701 47.2856 489.206
702 324.383 481.5
703 549.22 392.605
704 18.3206 409.933
705 180.887 403.976
706 585.662 746.844
707 251.475 361.212
708 773.127 646.778
709 74.1978 144.319
710 459.199 677.826
711 234.189 540.197
712 669.401 610.893
713 735.71 464.361
714 643.655 10.0232
715 767.88 573.269
716 35.806 197.697
717 344.168 521.417
718 283.354 29.1475
719 551.3 659.175
720 187.921 575.278
721 747.961 482.814
722 569.312 507.574
723 657.699 562.29
724 12.9781 512.765
725 494.043 52.4798
726 27.9668 667.51
727 140.467 459.694
728 731.1 682.426
729 481.206 542.443
730 492.058 385.382
731 168.668 657.179
732 482.068 571.58
733 377.925 578.186
734 364.168 726.713
735 483.26 35.9321
736 629.332 472.682
737 424.591 423.228
738 395.206 300.789
739 403.868 660.016
740 288.636 758.673
741 334.01 389.968
742 330.842 208.383
743 441.185 142.343
744 429.199 560.432
745 299.94 38.6743
