1 198.575 753.775
2 535.542 1141.38
3 280.298 136.626
4 91.9528 329.989
5 347.555 299.377
6 123.106 1080.47
7 409.58 993.957
8 1175.74 1014.54
9 689.569 602.943
10 1222.06 1183.04
11 584.912 839.281
12 595.995 198.816
13 255.36 375.811
14 473.344 220.395
15 227.296 523.97
16 1100.27 752.878
17 893.926 1126.79
18 1128.87 552.45
19 180.878 811.709
20 1103.91 1198.45
21 912.204 166.968
22 557.117 1062.28
23 383.137 373.07
24 18.2979 1154.97
25 127.082 914.094
26 624.939 351.637
27 848.035 467.178
28 133.979 224.362
29 860.282 761.843
30 471.376 822.721
31 529.366 789.946
32 849.975 209.147
33 709.009 139.396
34 1263.44 729.996
35 1173.42 1114.29
36 474.663 1211.38
37 379.061 1070.24
38 525.837 957.253
39 1060.62 571.829
40 709.141 649.848
41 1166.24 498.261
42 1045.88 101.295
43 1172.53 251.934
44 174.6 356.578
45 96.0711 557.816
46 734.928 9.95963
47 878.298 931.273
48 696.778 293.5
49 211.732 174.341
50 758.975 812.983
51 500.682 30.1895
52 209.924 827.46
53 654.787 325.241
54 945.933 197.803
55 678.512 1005.74
56 1227.17 1021.32
57 1045.76 464.976
58 529.028 614.949
59 12.0828 1239.16
60 884.153 405.266
61 633.428 591.063
62 1155.3 445.906
63 258.062 46.8734
64 1205.4 113.078
65 237.928 589.094
66 364.386 340.875
67 784.649 781.338
68 1172.5 205.687
69 277.171 469.494
70 1010.05 174.332
71 1008.62 428.843
72 556.311 142.948
73 328.861 983.648
74 316.29 343.144
75 1176.69 707.529
76 225.172 490.386
77 792.562 263.312
78 1229.09 680.236
79 624.021 697.174
80 759.711 595.995
81 1123.11 377.085
82 256.937 561.37
83 740.216 67.3626
84 539.13 445.567
85 267.868 968.139
86 428.38 489.575
87 990.286 506.908
88 796.538 1173.96
89 753.071 189.203
90 749.156 1157.14
91 154.606 1138.25
92 906.712 546.853
93 418.975 720.769
94 138.277 580.254
95 1154.78 150.398
96 469.677 230.277
97 489.373 1102.71
98 877.875 1146.05
99 192.004 510.025
100 96.6614 274.239
101 1102.18 636.885
102 533.844 911.701
103 1035.96 20.8935
104 122.608 985.279
105 805.108 131.337
106 311.798 154.916
107 1095.5 1170.56
108 1212.06 1000.95
109 28.798 594.923
110 144.801 282.222
111 1122.16 163.301
112 498.946 114.159
113 323.525 27.1086
114 292.395 648.148
115 721.725 718.994
116 1227.73 266.748
117 416.465 341.484
118 791.906 736.703
119 459.864 155.416
120 384.913 1226.66
121 43.7374 638.159
122 1132.35 387.46
123 1208.28 33.4781
124 833.673 566.386
125 954.929 133.345
126 1179.1 538.939
127 930.299 261.222
128 713.314 149.665
129 767.74 867.839
130 256.286 1120.46
131 1174.15 169.747
132 63.1934 206.768
133 490.856 1082.74
134 531.257 893.587
135 894.168 996.001
136 863.86 1119.15
137 62.6916 876.688
138 441.109 225.22
139 695.524 1115.53
140 440.452 444.902
141 1250.33 852.87
142 1187.59 951.376
143 190.352 862.627
144 1176.09 646.758
145 440.123 920.378
146 413.093 1189.41
147 404.33 1166.75
148 425.562 95.3204
149 1036.38 731.685
150 227.373 508.684
151 411.983 937.672
152 781.912 542.915
153 719.399 733.268
154 779.1 925.212
155 428.01 764.729
156 819.392 418.846
157 678.451 287.487
158 820.357 379.517
159 393.328 646.449
160 799.511 1113.9
161 715.163 1169.64
162 97.2292 193.797
163 38.2558 1066.92
164 256.055 683.402
165 882.197 515.044
166 737.205 87.9858
167 704.508 876.408
168 676.994 1192.23
169 117.856 336.118
170 581.927 693.438
171 1059.16 1006.12
172 464.744 855.679
173 495.509 13.7905
174 229.947 1190.18
175 1074.25 445.76
176 172.987 956.819
177 449.418 1238.46
178 288.211 97.405
179 160.898 696.479
180 1059.97 774.073
181 358.238 204.327
182 945.817 835.575
183 221.158 107.317
184 540.329 328.329
185 407.071 51.3037
186 694.047 498.599
187 975.761 1197.91
188 464.161 576.655
189 901.037 818.967
190 192.207 286.32
191 591.44 33.2374
192 200.659 439.922
193 317.666 115.162
194 496.982 127.043
195 498.676 364.655
196 1253.45 778.627
197 729.292 161.091
198 1021.29 50.3091
199 803.684 502.816
200 779.36 629.348
201 928.754 1166.17
202 216.202 228.733
203 146.607 538.439
204 580.824 889.311
205 698.177 1104.05
206 462.753 205.957
207 174.293 95.6587
208 600.792 802.908
209 612.56 748.091
210 317.617 949.069
211 1258.53 1137.02
212 612.702 691.036
213 140.52 5.01842
214 888.566 773.57
215 843.596 333.03
216 87.7065 1010.18
217 994.399 321.487
218 567.158 1229.47
219 421.972 729.841
220 1041.63 332.614
221 1129.2 724.591
222 255.283 1021.84
223 410.368 774.998
224 560.289 334.767
225 1235.28 7.48902
226 822.557 388.859
227 601.283 910.649
228 1149.31 107.124
229 115.466 736.79
230 217.922 453.742
231 1061.94 274.392
232 1047.58 1161.19
233 1001.33 504.9
234 141.905 988.019
235 1129.61 507.13
236 1188.4 606.651
237 1101.7 407.92
238 638.436 995.238
239 439.497 1129.5
240 699.799 413.363
241 168.194 535.583
242 1050.59 1234.68
243 76.0849 1215.92
244 927.858 199.27
245 737.691 1034.06
246 285.953 910.186
247 573.682 132.527
248 955.854 926.872
249 293.307 1215.69
250 119.361 723.81
251 84.4638 748.555
252 631.404 1166.52
253 745.428 1243.8
254 985.385 1025.27
255 901.539 879.844
256 320.175 735.159
257 549.362 41.8073
258 174.895 122.806
259 1070.16 845.998
260 461.81 988.946
261 851.67 290.768
262 334.359 178.077
263 378.75 254.088
264 348.394 642.366
265 293.386 359.627
266 669.032 900.613
267 219.998 1027.15
268 549.064 536.895
269 329.434 1173.92
270 110.596 532.347
271 872.046 76.0097
272 684.065 863.679
273 682.852 573.375
274 376.458 311.682
275 155.803 771.794
276 1207.51 103.466
277 1042.48 974.894
278 296.402 1085.37
279 814.198 915.137
280 115.956 677.718
281 368.953 900.197
282 481.735 99.0944
283 1111.34 178.735
284 1067.96 1253.56
285 110.094 932.469
286 761.603 227.797
287 310.865 983.069
288 528.015 258.072
289 822.205 693.005
290 1097.16 589.123
291 207.64 882.971
292 520.719 246.761
293 1015.07 193.749
294 844.087 314.625
295 477.288 427.646
296 1216.58 1162.92
297 923.852 1174
298 183.898 398.085
299 619.9 362.754
300 753.699 561.87
301 379.122 515.516
302 734.574 778.742
303 849.618 253.555
304 750.832 855.031
305 420.775 708.021
306 1217.47 598.861
307 1045.8 378.234
308 1177.78 633.982
309 397.304 685.709
310 387.046 470.266
311 131.673 1227
312 96.9326 29.9947
313 494.739 1175.32
314 1003.3 420.784
315 164.604 195.334
316 12.7391 908.335
317 729.477 1053.44
318 452.893 790.208
319 391.321 51.197
320 215.19 1154.31
321 963.604 1235.27
322 685.554 312
323 573.593 181.753
324 671.557 446.417
325 817.522 1221.37
326 685.83 653.436
327 1003.07 225.838
328 1153.85 874.41
329 907.994 1051.32
330 1213.24 45.0113
331 655.478 820.009
332 574.844 358.971
333 919.628 100.832
334 887.295 32.0021
335 453.24 841.936
336 845.41 596.883
337 577.388 382.567
338 339.59 952.688
339 160.954 1116.1
340 463.519 1117.26
341 1058.54 69.6879
342 432.51 479.808
343 960.756 351.637
344 533.921 272.809
345 936.806 698.255
346 1144.38 457.294
347 807.081 472.898
348 961.982 1116.03
349 522.443 775.654
350 479.259 757.897
351 893.741 966.933
352 176.096 381.949
353 1185.78 695.755
354 694.78 1195.05
355 245.787 125.701
356 1012.41 677.032
357 899.609 16.831
358 383.324 1164.81
359 371.296 1087.49
360 982.358 915.175
361 867.761 16.2611
362 81.9383 971.064
363 54.3959 1046.97
364 487.298 165.299
365 309.598 450.808
366 640.388 259.577
367 139.898 793.884
368 235.171 692.001
369 1233.67 305.476
370 943.3 234.562
371 84.9108 63.4251
372 647.878 365.721
373 801.687 100.6
374 248.164 13.7813
375 1071.78 213.292
376 962.539 362.716
377 339.549 584.877
378 700.648 1106.72
379 871.993 63.6567
380 807.963 812.713
381 255.376 600.473
382 140.284 404.098
383 324.576 282.7
384 291.493 447.961
385 508.778 507.178
386 965.824 978.098
387 738.942 520.95
388 121.462 402.563
389 1142.74 870.311
390 320.522 1055.91
391 227.103 743.577
392 191.974 1101.82
393 854.474 772.073
394 316.646 755.503
395 21.2704 392.14
396 1148.47 1148.61
397 638.381 465.588
398 913.045 1259.05
399 11.1563 814.914
400 363.256 1143
401 315.79 263.66
402 1163.86 1245.8
403 1153.23 35.3219
404 1261.91 232.014
405 382.365 352.331
406 669.595 421.122
407 736.874 585.813
408 402.863 624.716
409 1031 588.399
410 738.132 791.173
411 572.534 376.699
412 582.482 1006.15
413 626.875 536.7
414 867.568 898.306
415 628.692 184.253
416 305.483 392.99
417 788.287 955.747
418 532.068 742.658
419 499.487 145.891
420 1169.02 1202.27
421 811.919 248.961
422 1205.19 187.805
423 617.448 1016.46
424 715.921 172.141
425 679.262 55.2043
426 1174.97 823.184
427 196.181 634.646
428 913.008 95.2432
429 553.77 873.747
430 1105.21 526.741
431 1218.1 484.943
432 1122.58 912.695
433 323.997 1047.54
434 1200.6 476.681
435 340.941 527.358
436 1200.13 1240.21
437 1063.79 624.686
438 58.5225 1085.64
439 966.143 710.453
440 248.913 294.079
441 134.548 786.579
442 353.528 542.259
443 1261.94 749.63
444 345.113 383.33
445 342.189 217.847
446 1152.59 1048.9
447 817.935 409.782
448 802.077 672.313
449 510.759 846.028
450 843.866 566.079
451 77.0906 1183.54
452 950.086 1045.69
453 576.962 1106.83
454 731.291 1006.62
455 263.235 831.831
456 802.733 514.851
457 1156.54 24.7538
458 339.747 1165.86
459 788.48 946.212
460 964.694 1237.12
461 1212.24 1093.83
462 1060.31 1025.23
463 481.15 457.727
464 188.856 904.822
465 780.526 830.509
466 44.8183 143.574
467 266.188 1053.37
468 1017.54 1055.27
469 546.544 1251.01
470 532.763 484.318
471 583.179 97.4731
472 299.599 618.655
473 878.085 686.095
474 797.396 351.868
475 107.095 477.376
476 371.826 404.986
477 493.156 327.557
478 642.212 557.276
479 1092.86 896.761
480 1.27391 852.213
481 287.362 68.9159
482 1245.7 830.472
483 484.663 1044.26
484 177.884 371.286
485 576.535 610.62
486 630.4 1045.92
487 487.365 304.077
488 256.959 563.568
489 1055.61 520.217
490 264.722 1252.99
491 963.69 796.847
492 937.633 541.095
493 960.718 106.67
494 103.997 1186.48
495 1245.6 1037.81
496 651.854 1217.28
497 595.373 940.606
498 999.553 666.756
499 637.262 937.865
500 676.946 403.056
501 1040.51 31.1233
502 646.372 235.48
503 420.35 559.517
504 1022.8 1209.25
505 970.166 993.069
506 1168.29 23.9045
507 915.205 1006.15
508 43.4672 54.3147
509 164.177 476.325
510 954.001 1048.19
511 798.515 1076.64
512 1004.11 812.211
513 972.53 1003.68
514 493.542 57.7118
515 128.977 809.711
516 115.694 643.679
517 1165.71 937.44
518 1155.89 473.555
519 656.352 121.339
520 50.3 671.859
521 82.9583 1137.03
522 442.539 172.402
523 412.321 182.362
524 1127.75 951.028
525 19.3016 641.276
526 248.229 1216.08
527 818.689 65.0169
528 217.188 435.562
529 855.457 106.014
530 1075.53 708.021
531 655.984 1079.51
532 515.121 217.104
533 451.834 846.452
534 1204.54 386.427
535 463.622 1009.36
536 1007.75 1137.26
537 177.938 198.806
538 1175.85 961.258
539 442.22 1023.99
540 1173.77 69.0611
541 131.598 1050.51
542 163.605 874.28
543 123.46 108.438
544 968.052 1242.75
545 528.409 1249.32
546 886.716 954.619
547 35.6308 233.935
548 207.393 665.095
549 14.3604 152.762
550 326.483 411.433
551 388.31 233.356
552 779.799 27.5332
553 170.264 1028.39
554 485.151 234.746
555 921.922 894.899
556 1050.11 647.809
557 600.225 719.293
558 673.945 1135.25
559 891.927 610.934
560 355.688 916.633
561 1117.41 1082.02
562 941.596 1207.12
563 694.973 1134.71
564 658.608 179.429
565 725.035 173.444
566 642.164 1239.63
567 348.278 1239.05
568 1141.77 1239.48
569 291.06 17.4192
570 1016.73 710.376
571 353.764 1187.2
572 859.655 876.64
573 404.19 1103.82
574 69.8718 612.401
575 27.2925 543.61
576 28.1417 568.355
577 1212.46 1063.37
578 143.874 353.962
579 342.874 1196.39
580 702.609 208.921
581 677.756 1197.78
582 1087.62 128.905
583 1100.45 140.477
584 644.998 1256.31
585 932.448 626.723
586 988.819 765.308
587 837.188 181.174
588 31.1914 364.694
589 923.35 93.0815
590 640.807 522.033
591 276.712 702.385
592 335.114 809.943
593 544.687 386.225
594 375.174 695.591
595 111.332 235.518
596 239.139 247.301
597 472.928 409.087
598 334.342 882.671
599 515.584 676.414
600 606.533 952.997
601 1065.91 1138.76
602 974.268 857.802
603 985.771 1139.61
604 1052.24 293.037
605 51.1878 214.518
606 379.851 27.9873
607 1024.3 884.747
608 269.952 323.767
609 657.48 406.617
610 601.549 432.356
611 1060.78 489.527
612 612.054 763.185
613 584.877 274.246
614 1185.66 526.972
615 526.856 79.4159
616 1094.75 262.202
617 646.719 1021.14
618 672.165 1105.88
619 1019.12 343.221
620 970.159 421.47
621 942.958 113.3
622 902.195 678.422
623 1188.4 68.6456
624 546.914 229.959
625 687.291 127.315
626 854.675 1100.05
627 1254.26 806.307
628 921.407 442.47
629 733.499 1067.3
630 115.565 24.2832
631 713.976 688.256
632 670.499 620.71
633 14.5148 466.953
634 771.755 894.938
635 1256.79 408.856
636 823.14 325.579
637 122.913 922.664
638 331.469 634.723
639 929.912 878.657
640 343.337 65.9343
641 698.179 1024.07
642 1025.14 1106.21
643 97.9851 1034.19
644 409.348 1171.76
645 695.591 510.682
646 899.918 689.608
647 1045.1 929.565
648 738.926 773.231
649 100.466 163.648
650 399.582 894.938
651 461.075 677.602
652 1206.48 433.948
653 225.404 407.466
654 789.397 223.514
655 915.475 490.656
656 487.156 604.14
657 903.473 1239.43
658 1128.41 760.878
659 1189.34 234.553
660 1238.59 978.244
661 73.6935 448.839
662 594.721 212.781
663 95.0797 247.871
664 742.803 320.1
665 56.6309 1205.12
666 687.907 839.272
667 515.198 496.523
668 63.1832 754.47
669 910.649 666.571
670 496.978 302.342
671 1170.22 642.405
672 866.51 616.927
673 218.34 573.026
674 104.267 993.917
675 193.788 138.199
676 166.92 610.364
677 851.664 1216.9
678 732.512 423.825
679 1130.82 803.752
680 819.203 420.891
681 552.329 41.3072
682 37.0205 306.905
683 267.211 1105.56
684 272.307 476.402
685 793.977 348.852
686 974.383 291.386
687 1125.63 1221.48
688 566.622 768.126
689 355.458 507.487
690 433.977 906.644
691 1151.88 777.121
692 851.085 719.795
693 385.276 65.2871
694 241.309 1062.68
695 209.201 621.135
696 1018.31 995.345
697 1021.73 244.715
698 1056.03 908.497
699 697.367 492.702
700 357.157 1007.86
701 438.069 667.15
702 840.585 912.618
703 486.862 248.759
704 216.288 475.253
705 451.395 126.28
706 699.23 15.7206
707 936.552 1100.46
708 878.3 741.104
709 712.052 803.959
710 532.56 584.607
711 41.151 415.032
712 483.767 1076.37
713 209.77 1206
714 564.263 997.323
715 1206.76 845.574
716 62.6631 688.034
717 314.202 164.961
718 267.599 718.608
719 825.198 884.438
720 729.33 295.392
721 717.209 802.908
722 683.27 676.328
723 690.719 562.265
724 1124.8 1179.13
725 1195.02 760.299
726 1086.41 309.443
727 483.621 902.736
728 70.9902 892.353
729 1179.66 334.149
730 1021.55 276.632
731 664.493 967.628
732 610.959 50.1842
733 991.407 598.195
734 861.083 789.435
735 921.701 637.648
736 1186.26 364.684
737 44.8955 367.773
738 102.136 628.739
739 832.246 649.537
740 944.311 446.725
741 641.762 1180.03
742 497.693 75.8644
743 429.459 905.67
744 448.415 1029.35
745 634.945 65.1713
746 812.595 147.358
747 883.936 73.471
748 108.126 76.2413
749 328.314 813.456
750 675.681 21.116
751 546.66 1206.63
752 726.78 753.93
753 534.577 614.563
754 557.093 548.515
755 1119.34 657.142
756 1218.78 43.776
757 82.1171 504.428
758 265.32 1002.23
759 1059.39 614.765
760 588.762 415.032
761 1109.2 46.2558
762 759.886 958.633
763 388.117 967.437
764 204.916 1220.6
765 1124.98 84.4638
766 1031.09 73.2303
767 599.971 841.204
768 342.295 662.933
769 364.778 789.32
770 1027.59 520.11
771 144.946 770.018
772 834.524 664.168
773 259.938 1129.3
774 82.9583 496.476
775 762.738 829.746
776 460.884 714.091
777 699.683 444.786
778 571.077 882.44
779 734.619 133.76
780 558.048 457.843
781 555.998 1165.67
782 1217.97 329.98
783 736.51 266.603
784 1213.41 286.29
785 704.74 30.7668
786 1174.12 424.249
787 760.719 219.314
788 79.1086 120.249
789 1227.2 939.457
790 1065.99 951.955
791 159.281 297.052
792 482.038 819.779
793 602.565 1070.35
794 1166.45 1128.14
795 1037.89 1060.08
796 1180.68 133.76
797 772.875 976.786
798 1069.66 1011.94
799 239.687 439.082
800 401.394 1262.4
801 768.659 29.3384
802 938.791 45.708
803 715.665 864.644
804 966.817 759.643
805 1026.44 69.7651
806 1123.87 11.6196
807 1198.94 179.089
808 597.886 741.183
809 717.747 371.218
810 104.73 157.819
811 888.723 300.296
812 689.547 931.196
813 349.977 432.519
814 772.836 38.1105
815 687.771 479.915
816 1022.71 272.664
817 386.881 978.4
818 491.303 1191.3
819 485.888 321.921
820 312.444 929.372
821 1223.96 422.869
822 545.093 124.157
823 975.31 1258.82
824 871.15 137.582
825 195.873 68.3663
826 130.436 353.026
827 268.331 691.47
828 414.852 811.516
829 1148.52 629.194
830 2.81803 44.287
831 1103.87 1083.44
832 935.047 142.687
833 1254.88 989.786
834 198.034 388.503
835 314.433 1128.54
836 262.969 203.632
837 279.414 669.427
838 656.872 724.051
839 370.514 12.3144
840 606.202 963.381
841 625.487 532.263
842 598.782 794.222
843 444.802 870.618
844 332.495 639.809
845 280.645 781.252
846 182.075 925.396
847 172.204 63.1934
848 308.941 18.3769
849 1157.33 813.263
850 658.3 1221.21
851 255.964 162.336
852 209.071 317.713
853 377.617 1084.21
854 182.301 743.391
855 115.684 654.942
856 832.71 504.081
857 49.0951 104.431
858 965.852 11.3511
859 934.805 149.712
860 189.465 1002.5
861 196.799 791.375
862 1001.16 850.245
863 1073.79 309.984
864 819.005 279.882
865 361.189 861.508
866 208.534 291
867 1195.47 1188.44
868 557.669 200.466
869 108.999 1166.51
870 559.281 1137.68
871 831.773 1136.21
872 505.895 570.015
873 88.9032 316.478
874 506.976 6.60115
875 302.08 58.2614
876 946.01 687.639
877 618.49 244.213
878 277.364 823.184
879 765.617 494.323
880 304.224 209.316
881 342.603 610.471
882 1142.85 1029.43
883 1079.19 563.259
884 964.054 1070.09
885 646.179 220.115
886 413.865 297.825
887 292.072 617.306
888 98.9786 687.677
889 431.545 410.391
890 804.97 41.2668
891 371.44 791.954
892 115.245 1087.49
893 1191.89 810.09
894 586.283 931.804
895 1162.73 722.738
896 290.605 259.693
897 579.473 603.136
898 81.8225 909.877
899 1010.94 953.47
900 335.269 143.652
901 989.107 652.201
902 271.419 569.938
903 646.1 805.079
904 1185.58 341.523
905 883.406 1154.93
906 669.302 92.6954
907 638.121 1041.14
908 975.078 711.659
909 891.386 473.777
910 748.207 436.602
911 594.065 633.372
912 466.211 1145.47
913 1215.11 595.811
914 1192.79 223.862
915 628.625 865.918
916 261.537 0.193016
917 440.424 755.744
918 655.598 1146.52
919 301.534 745.852
920 175.712 634.414
921 1133.06 922.308
922 978.668 962.387
923 36.673 481.073
924 125.422 965.196
925 954.848 458.336
926 835.219 594.761
927 72.1087 284.592
928 934.767 831.976
929 1076.51 409.273
930 1135.54 226.678
931 1018.9 205.987
932 1167.05 924.317
933 664.052 1250.71
934 1025.65 990.915
935 1077.3 1214.45
936 207.137 201.47
937 69.4695 242.158
938 104.46 50.2631
939 99.4032 1188.17
940 277.248 1061.02
941 807.118 8.34743
942 270.708 949.137
943 278.677 558.125
944 1087.03 823.368
945 131.058 96.8572
946 1113.43 837.66
947 267.337 730.227
948 276.901 1231.17
949 792.215 820.858
950 834.447 485.676
951 49.1805 860.976
952 257.29 542.568
953 918.206 321.728
954 1148.17 649.276
955 419.733 644.335
956 758.053 658.194
957 417.442 76.1255
958 972.229 600.666
959 206.759 791.404
960 785.073 727.062
961 729.716 372.289
962 419.846 837.226
963 906.133 1019.78
964 257.833 48.3312
965 933.139 225.367
966 36.0168 430.194
967 1080 1111.39
968 86.1237 948.142
969 16.5994 719.133
970 635.177 1230.09
971 689.496 531.884
972 1034.04 29.0001
973 1159.93 142.214
974 728.387 547.711
975 603.561 1068.54
976 703.74 378.89
977 1167.59 577.667
978 259.18 968.409
979 523.971 523.893
980 350.478 602.914
981 948.789 114.458
982 271.108 470.852
983 1078.87 1111.97
984 401.898 145.959
985 900.588 1069.12
986 1245.5 516.057
987 1086.52 1025.61
988 486.475 738.672
989 1214.7 450.692
990 537.511 1087.5
991 850.737 948.76
992 644.519 604.072
993 858.937 231.079
994 33.3532 1020.79
995 126.155 395.113
996 179.734 1178.33
997 830.971 306.434
998 1155.84 1156.87
999 998.497 932.653
1000 898.142 60.1529
1001 1167.58 318.515
1002 209.124 845.487
1003 995.306 776.821
1004 382.864 585.272
1005 322.282 1133.04
1006 1025.11 1207.59
1007 146.868 1139.8
1008 923.86 1082.43
1009 709.141 1032.41
1010 515.554 921.767
1011 225.79 844.454
1012 870.734 187.033
1013 1019.43 1196.79
1014 624.506 854.908
1015 969.442 1064.92
1016 783.724 903.933
1017 925.863 383.995
1018 203.748 338.057
1019 1058.85 788.125
1020 568.509 158.119
1021 814.229 594.537
1022 52.9026 491.226
1023 270.728 612.71
1024 201.586 538.669
1025 951.553 341.445
1026 478.178 1007.75
1027 965.119 1217.39
1028 984.922 444.786
1029 558.361 1208.94
1030 376.048 498.994
1031 937.495 409.31
1032 1211.37 91.9234
1033 1120.13 943.433
1034 311.914 235.558
1035 751.566 61.7357
1036 293.27 896.453
1037 710.724 326.776
1038 317.704 273.667
1039 1040.62 487.443
1040 24.6288 833.059
1041 855.49 121.3
1042 306.876 147.852
1043 94.4275 691.731
1044 1186.19 883.984
1045 1053.4 244.746
1046 1232.02 1218.63
1047 998.433 31.8862
1048 501.301 198.545
1049 736.317 753.303
1050 708.082 336.427
1051 213.128 12.4394
1052 152.869 9.69854
1053 885.326 521.847
1054 1050.78 559.292
1055 252.658 1025.11
1056 600.782 642.135
1057 243.67 757.356
1058 1210.36 1146.29
1059 101.325 54.2852
1060 337.114 712.769
1061 476.693 272.278
1062 821.206 87.3976
1063 854.845 172.141
1064 450.902 595.03
1065 618.037 753.621
1066 1251.68 153.573
1067 126.587 513.037
1068 306.991 1073.02
1069 1110.55 179.737
1070 725.509 559.64
1071 420.612 386.35
1072 268.81 22.9303
1073 1147.9 736.858
1074 547.05 282.884
1075 352.949 748.477
1076 258.217 430.859
1077 594.708 1127.95
1078 1148.33 1170.22
1079 738.558 975.203
1080 684.744 137.282
1081 65.5868 96.3241
1082 1086.14 986.244
1083 616.31 927.914
1084 1099.47 488.069
1085 282.421 373.023
1086 570.131 1193.58
1087 809.076 156.236
1088 200.04 1254.84
1089 442.608 460.227
1090 74.0013 595.686
1091 547.779 975.04
1092 432.742 1133.54
1093 1242.67 866.912
1094 824.217 798.469
1095 44.7411 116.591
1096 464.126 887.449
1097 1005.35 161.988
1098 1256.7 488.06
1099 1196.08 262.588
1100 826.572 862.976
1101 623.387 387.383
1102 1.93016 342.69
1103 451.712 283.82
1104 976.173 404.015
1105 592.907 297.64
1106 749.829 1042.44
1107 1050.86 131.56
1108 1207.28 905.254
1109 13.5497 578.43
1110 1248.27 686.905
1111 1143.31 863.099
1112 718.406 867.066
1113 283.077 659.613
1114 53.057 73.4233
1115 1117.99 846.414
1116 1207.11 1227.09
1117 365.028 852.677
1118 791.559 953.392
1119 472.591 1217.04
1120 1102.2 582.3
1121 337.971 166.264
1122 1195.67 255.283
1123 394.641 529.057
1124 1210.36 1073.45
1125 627.534 715.867
1126 380.16 1117.06
1127 205.639 1077.58
1128 632.475 43.583
1129 1062.82 221.36
1130 934.371 177.692
1131 848.614 579.39
1132 1230.71 168.821
1133 1202.84 623.791
1134 240.102 95.4362
1135 31.3844 950.42
1136 1103.97 294.281
1137 1145.77 1256.42
1138 1231.32 1243.56
1139 525.04 422.358
1140 131.405 129.437
1141 744.54 925.666
1142 186.531 489.45
1143 1029.86 721.262
1144 262.872 847.031
1145 884.19 1035.07
1146 325.204 1008.35
1147 650.364 663.357
1148 177.374 1067.27
1149 740.966 982.567
1150 1149.91 798.208
1151 782.015 577.467
1152 342.989 585.456
1153 522.208 280.886
1154 262.046 308.98
1155 666.137 1044.41
1156 442.326 1070.54
1157 2.3934 1235.43
1158 832.324 41.7687
1159 879.497 809.779
1160 498.975 153.495
1161 961.281 775.847
1162 846.05 400.942
1163 397.073 869.662
1164 257.599 1216.81
1165 772.257 532.608
1166 1236.64 351.868
1167 525.747 379.286
1168 563.456 752.54
1169 640.868 234.331
1170 933.194 306.509
1171 1153.66 296.636
1172 26.0572 320.021
1173 258.278 909.848
1174 747.033 471.577
1175 468.858 836.347
1176 826.417 969.326
1177 253.028 938.993
1178 1194.55 1139.1
1179 1089.73 422.242
1180 162.684 177.111
1181 639.655 887.372
1182 607.344 416.731
1183 369.636 860.976
1184 957.359 1149.06
1185 4.36216 868.649
1186 1236.42 569.947
1187 1052.3 743.961
1188 1047.07 702.047
1189 838.189 531.537
1190 786.27 782.796
1191 1049.58 448.569
1192 1152.07 119.168
1193 182.786 38.2944
1194 440.964 716.977
1195 335.923 315.697
1196 322.952 1227.47
1197 128.199 706.448
1198 245.594 224.941
1199 1060.51 360.717
1200 852.273 773.338
1201 19.07 676.221
1202 1149.91 731.385
1203 455.355 331.456
1204 505.403 346.116
1205 1134.36 185.413
1206 764.768 1229.51
1207 875.135 493.388
1208 697.84 624.484
1209 505.779 656.804
1210 817.327 1127.15
1211 1087.57 309.182
1212 354.022 1146.01
1213 1104.01 1102.36
1214 255.437 74.0501
1215 946.705 827.16
1216 1008.24 1104.76
1217 1001.71 993.569
1218 672.391 673.403
1219 152.56 542.066
1220 180.815 447.111
1221 105.85 606.967
1222 1238.79 889.079
1223 757.045 1138.45
1224 715.703 249.145
1225 236.615 814.759
1226 630.092 476.211
1227 130.231 851.48
1228 675.534 875.259
1229 1008.63 620.353
1230 858.072 1118.34
1231 321.768 774.119
1232 891 935.867
1233 990.018 474.358
1234 402.13 301.414
1235 348.558 554.93
1236 677.951 1117.45
1237 425.6 571.8
1238 531.296 954.31
1239 187.859 260.88
1240 1151.28 487.992
1241 198.906 162.097
1242 931.495 110.105
1243 905.487 254.858
1244 1139.55 679.92
1245 1013.74 153.302
1246 381.155 369.82
1247 905.33 873.831
1248 840.266 736.52
1249 904.837 358.556
1250 831.127 61.3496
1251 1000.4 118.521
1252 811.817 1089.31
1253 120.91 298.127
1254 522.059 1202.31
1255 477.056 458.529
1256 920.644 801.711
1257 658.185 1171.42
1258 681.351 73.1531
1259 421.2 407.188
1260 632.629 206.922
1261 1226.96 1184.11
1262 781.211 1051.82
1263 8.14528 292.12
1264 490.994 45.9764
1265 331.941 911.501
1266 453.51 113.069
1267 1016.27 943.433
1268 769.323 461.812
1269 529.095 962.416
1270 656 728.065
1271 1135.99 101.844
1272 505.017 910.843
1273 431.019 423.904
1274 535.416 1022.96
1275 581.947 765.935
1276 652.506 93.8921
1277 41.344 790.912
1278 754.07 721.108
1279 1102.08 526.016
1280 109.286 62.7779
1281 57.8616 1259.78
1282 486.996 930.569
1283 1113.12 66.6235
1284 828.13 477.29
1285 924.431 790.478
1286 929.642 562.14
1287 242.798 295.546
1288 1196.08 551.803
1289 735.661 1208.09
1290 244.011 971.565
1291 487.762 946.637
1292 772.478 1007
1293 702.54 271.93
1294 397.266 1100.47
1295 192.725 223.36
1296 963.883 1033.76
1297 1089.76 851.162
1298 260.819 177.545
1299 559.476 1056.65
1300 9.6894 730.99
1301 1017.53 631.626
1302 256.644 351.444
1303 1196.08 763.031
1304 167.963 673.549
1305 624.291 578.857
1306 614.216 809.432
1307 746.177 57.3644
1308 11.7354 93.1973
1309 348.394 954.743
1310 706.632 625.217
1311 1170 440.858
1312 1194.07 701.806
1313 440.072 758.678
1314 1015.22 981.689
1315 522.803 413.363
1316 270.145 1192.5
1317 1205.5 94.9639
1318 539.596 91.4987
1319 252.128 922.501
1320 90.4087 414.608
1321 811.632 433.553
1322 234.905 691.383
1323 165.646 1179.37
1324 997.555 415.688
1325 581.171 339.254
1326 4.70959 984.883
1327 804.607 1049.67
1328 836.57 303.423
1329 1193.84 220.272
1330 921.265 290.066
1331 1109.53 1199.52
1332 1248.64 1126.03
1333 644.751 395.151
1334 764.772 691.817
1335 1101.81 680.42
1336 820.732 960.1
1337 858.127 155.657
1338 397.96 732.65
1339 601.322 611.359
1340 1177.36 1263.68
1341 738.441 1209.25
1342 426.953 890.199
1343 1171.95 1162.46
1344 178.81 1084.17
1345 1152.93 192.051
1346 553.361 148.584
1347 1247.33 126.512
1348 564.456 276.167
1349 585.533 263.939
1350 209.77 413.402
1351 1044.32 123.299
1352 625.063 1204.08
1353 294.581 515.4
1354 1035.62 174.225
1355 420.728 396.107
1356 572.022 312.068
1357 607.113 650.28
1358 557.298 821.592
1359 833.171 847.234
1360 323.576 606.311
1361 520.631 549.169
1362 932.151 1128.54
1363 1035.38 19.4265
1364 65.9729 446.996
1365 18.7226 754.654
1366 298.256 213.012
1367 32.5018 696.527
1368 970.523 877.151
1369 309.554 1100.39
1370 489.527 458.259
1371 416.539 519.329
1372 119.593 648.457
1373 582.776 643.1
1374 52.3073 344.263
1375 83.1939 533.573
1376 0 262.163
1377 678.644 873.136
1378 565.189 1217.63
1379 463.293 10.6545
1380 750.109 847.311
1381 957.942 720.529
1382 998.819 101.381
1383 620.459 1240.17
1384 93.8789 1119.38
1385 699.181 1125.56
1386 764.343 1172.12
1387 69.8433 1000.87
1388 838.476 627.883
1389 704.393 196.152
1390 59.8959 1113.44
1391 451.812 806.97
1392 905.399 178.694
1393 47.5957 52.3551
1394 447.458 1055.65
1395 355.342 308.719
1396 1135.57 1166.33
1397 96.0448 736.974
1398 697.312 108.4
1399 1059.31 387.462
1400 805.919 324.16
1401 1042.71 886.947
1402 753.313 592.443
1403 357.642 977.944
1404 1010.27 347.052
1405 90.0227 1259.44
1406 125.509 1050.36
1407 865.957 1191.92
1408 450.109 805.573
1409 662.082 899.57
1410 1015.92 453.935
1411 147.127 189.233
1412 122.488 85.2836
1413 1098.8 724.852
1414 497.981 159.779
1415 386.286 833.289
1416 396.262 491.11
1417 1170.45 1075.72
1418 1089.4 160.126
1419 333.995 653.591
1420 739.76 947.091
1421 868.787 1200.48
1422 400.006 144.733
1423 675.735 135.391
1424 884.564 673.819
1425 481.227 694.481
1426 658.262 920.502
1427 930.723 589.78
1428 194.946 1047.24
1429 1089.62 100.841
1430 473.584 972.839
1431 266.092 1143.31
1432 1143.5 1245.73
1433 695.552 397.12
1434 490.724 267.993
1435 189.71 706.477
1436 910.649 243.132
1437 569.665 114.723
1438 699.374 686.637
1439 141.704 1015.57
1440 780.75 1031.75
1441 202.677 767.402
1442 12.1214 1131.54
1443 408.028 486.757
1444 969.326 373.032
1445 942.15 1088.23
1446 397.353 1022.1
1447 64.2255 1095.52
1448 901.308 1.27391
1449 1019.05 59.4967
1450 527.551 399.273
1451 117.016 285.634
1452 1056.26 233.018
1453 299.945 541.38
1454 596.921 939.92
1455 638.101 553.733
1456 955.838 1129.41
1457 179.814 1065.3
1458 1218.47 587.897
1459 915.44 1175.9
1460 956.874 760.029
1461 191.456 804.616
1462 747.011 659.69
1463 63.7826 417.185
1464 477.953 998.472
1465 1188.9 961.837
1466 433.882 108.784
1467 349.822 191.703
1468 24.9377 954.464
1469 779.646 731.338
1470 1014.76 1140.38
1471 817.758 360.477
1472 1187.28 518.518
1473 392.71 1132.5
1474 782.954 1001.11
1475 1017.77 616.377
1476 475.398 625.063
1477 592.636 72.1971
1478 62.592 834.408
1479 441.206 250.882
1480 196.59 1127.83
1481 184.832 948.442
1482 889.225 524.231
1483 1036.85 1186.21
1484 851.686 358.703
1485 850.622 323.07
1486 332.219 486.448
1487 502.264 1055.68
1488 9.14896 472.117
1489 55.1477 928.563
1490 1253.4 659.69
1491 1260.33 319.373
1492 228.685 1173.28
1493 1207.3 83.1513
1494 842.094 556.658
1495 490.129 364.655
1496 39.2981 720.606
1497 688.118 1065.19
1498 784.185 1146.09
1499 1139.62 263.66
1500 745.058 507.139
1501 827.382 1011.4
1502 399.604 623.442
1503 139.821 583.449
1504 495.202 1240.09
1505 15.4027 1029.48
1506 332.181 1232.84
1507 1129.68 1008.2
1508 871.583 852.252
1509 221.875 1011.99
1510 701.266 531.305
1511 195.824 106.506
1512 451.194 866.294
1513 800.724 578.006
1514 163.678 836.493
1515 1160.23 1063.41
1516 672.027 976.159
1517 852.562 989.132
1518 1167.47 583.497
1519 568.296 92.1844
1520 620.739 329.449
1521 606.332 644.673
1522 248.682 247.726
1523 1152.11 385.578
1524 103.225 570.178
1525 74.9003 32.706
1526 922.1 363.102
1527 857.75 193.512
1528 1046.11 734.233
1529 1186.65 26.9064
1530 92.4933 1208.16
1531 779.26 266.71
1532 1094.4 19.8806
1533 28.5278 532.494
1534 1261.94 1111.94
1535 700.532 935.356
1536 303.344 402.139
1537 403.519 1264.83
1538 791.945 28.8843
1539 1169.34 995.354
1540 889.152 205.369
1541 353.296 1176.86
1542 1158.87 407.118
1543 139.065 1097.6
1544 28.9138 808.515
1545 1099.94 507.864
1546 231.544 656.332
1547 439.276 1035.34
1548 966.817 379.469
1549 564.614 126.464
1550 862.296 500.5
1551 1055.45 334.42
1552 30.5351 0.347429
1553 595.725 12.0919
1554 359.432 265.02
1555 57.0169 178.896
1556 1263.6 1149.91
1557 972.411 867.23
1558 1259.23 462.475
1559 905.052 913.052
1560 395.352 174.795
1561 688.228 994.235
1562 1063.02 388.541
1563 867.993 732.959
1564 1092.66 647.655
1565 731.801 418.815
1566 1144.01 9.00368
1567 926.824 81.5005
1568 590.493 1031.67
1569 432.868 1216.2
1570 74.6072 1176.01
1571 491.38 730.49
1572 1052.59 1126.25
1573 258.603 333.647
1574 964.501 56.447
1575 714.622 239.494
1576 6.44673 655.753
1577 461.042 697.328
1578 1052.21 549.95
1579 615.565 602.258
1580 591.941 1157.68
1581 681.672 266.285
1582 37.3862 1204
1583 93.5742 1240.86
1584 750.192 1157.63
1585 639.935 75.4693
1586 1166.02 1102.47
1587 621.56 873.05
1588 1238.31 437.567
1589 801.016 708.485
1590 14.1288 1078.38
1591 915.591 1070.66
1592 4.16915 610.239
1593 147.828 1029.78
1594 1185.49 560.943
1595 1053.27 910.35
1596 176.648 119.786
1597 201.123 1254.33
1598 1184.68 685.911
1599 353.798 98.4087
1600 1238 641.865
1601 1074.4 660.964
1602 679.498 166.814
1603 1117.25 1051.78
1604 864.596 911.385
1605 249.876 682.437
1606 818.282 1032.06
1607 696.518 551.061
1608 369.128 937.411
1609 1154.7 506.445
1610 1067.32 693.747
1611 640.311 42.4341
1612 912.062 427.81
1613 682.119 1240.59
1614 1133.97 927.249
1615 596.265 1228.98
1616 906.877 752.029
1617 865.289 940.074
1618 1166.34 921.583
1619 367.502 912.309
1620 757.935 984.815
1621 538.848 1093.63
1622 770.396 886.638
1623 974.152 520.255
1624 287.517 308.333
1625 127.506 140.593
1626 374.026 135.12
1627 208.728 85.245
1628 0.733461 402.254
1629 464.763 378.736
1630 1250.4 1207.97
1631 901.543 124.62
1632 563.568 202.551
1633 446.484 1153.85
1634 964.731 386.003
1635 238.066 282.353
1636 1018.35 1264.22
1637 11.0791 317.945
1638 964.434 1248.58
1639 366.422 676.289
1640 792.971 1263.91
1641 258.796 88.4877
1642 48.8432 1029.7
1643 1193 906.953
1644 681.434 1090.82
1645 539.287 182.4
1646 152.113 674.253
1647 988.705 140.988
1648 680.733 512.342
1649 972.646 195.766
1650 555.77 1227.82
1651 822.904 8.02947
1652 771.06 658.503
1653 195.023 592.25
1654 701.382 929.574
1655 42.7439 373.486
1656 486.323 470.766
1657 335.237 199.658
1658 323.588 1039.08
1659 1220.52 1097.65
1660 57.2262 1077.77
1661 293.575 178.008
1662 428.341 436.332
1663 304.705 456.145
1664 1175.2 618.471
1665 1210.17 840.71
1666 843.866 29.8789
1667 781.445 419.626
1668 752.137 1137.72
1669 422.813 569.908
1670 563.028 349.291
1671 1201.14 608.782
1672 725.358 79.0299
1673 133.104 365.263
1674 510.643 499.294
1675 865.283 953.731
1676 195.497 939.177
1677 679.762 466.095
1678 894.05 535.388
1679 772.789 774.419
1680 885.21 313.544
1681 1041.05 812.182
1682 504.937 574.261
1683 201.708 874.324
1684 405.097 296.127
1685 1156.12 1073.94
1686 51.4438 209.895
1687 839.573 811.323
1688 209.059 653.098
1689 1036.23 151.749
1690 1204.25 441.852
1691 153.407 767.325
1692 413.479 538.669
1693 7.83645 1048.35
1694 830.625 552.305
1695 129.591 19.8034
1696 223.466 483.9
1697 5.44305 437.027
1698 376.323 371.363
1699 896.096 158.668
1700 675.515 418.622
1701 263.312 1196.97
1702 900.574 952.041
1703 860.392 1248.4
1704 669.148 818.774
1705 718.861 314.239
1706 644.82 1011.67
1707 424.658 443.714
1708 1044.26 542.414
1709 1076.41 421.517
1710 596.911 358.749
1711 1090.65 573.798
1712 1078.69 725.393
1713 728.518 1071.25
1714 302.726 755.126
1715 468.334 210.049
1716 422.165 85.7082
1717 149.14 1116.71
1718 936.05 640.388
1719 562.607 633.295
1720 455.445 333.107
1721 328.357 1235.73
1722 1226.81 107.201
1723 522.494 882.778
1724 1203.88 243.904
1725 805.775 1207.83
1726 98.0115 423.216
1727 1012.33 1158.4
1728 475.833 760.406
1729 146.499 251.886
1730 944.882 995.422
1731 435.097 947.94
1732 392.86 529.752
1733 451.966 529.057
1734 658.918 947.902
1735 1255.4 817.239
1736 496.151 676.144
1737 139.276 1226.97
1738 1080.87 1046.5
1739 582.793 142.146
1740 314.421 732.891
1741 1128.45 355.885
1742 846.105 367.28
1743 438.996 526.889
1744 1204.42 383.609
1745 732.648 8.26108
1746 169.275 506.715
1747 430.822 39.423
1748 1255.58 1055.34
1749 2.50921 941.232
1750 512.071 685.255
1751 935.404 773.27
1752 176.876 466.143
1753 172.503 421.016
1754 290.692 588.776
1755 45.4847 1188.36
1756 515.893 667.219
1757 1094.55 292.458
1758 1213.68 425.291
1759 266.913 499.342
1760 351.397 770.606
1761 470.264 824.642
1762 989.053 398.85
1763 903.467 554.621
1764 51.005 222.132
1765 1257.98 373.07
1766 834.099 392.372
1767 111.98 915.398
1768 612.257 1003.42
1769 3.35848 119.872
1770 1060.2 776.117
1771 781.378 123.385
1772 897.323 1186.36
1773 74.0714 757.086
1774 1056.72 812.79
1775 6.40813 513.538
1776 219.157 412.052
1777 784.031 764.228
1778 637.473 476.75
1779 586.856 49.8753
1780 335.192 692.551
1781 439.304 369.471
1782 275.202 950.063
1783 374.2 965.545
1784 836.145 705.946
1785 955.608 57.3258
1786 211.131 978.523
1787 488.871 696.054
1788 823.089 608.859
1789 1093.82 705.126
1790 191.194 752.54
1791 994.101 750.224
1792 162.944 1230.22
1793 927.21 686.451
1794 698.95 756.082
1795 942.424 923.243
1796 721.331 360.293
1797 969.172 234.639
1798 1001.98 1169.41
1799 1061.05 649.769
1800 913.699 581.605
1801 810.813 668.462
1802 509.871 1011.41
1803 1113.97 245.941
1804 753.878 539.489
1805 359.975 324.228
1806 97.5188 330.559
1807 663.664 1043.64
1808 783.237 1178.05
1809 411.488 833.066
1810 162.944 1107.92
1811 894.666 1144.83
1812 363.62 243.75
1813 662.199 835.189
1814 964.558 968.016
1815 120.194 393.106
1816 563.893 928.957
1817 758.699 903.671
1818 880.385 40.958
1819 747.049 96.6329
1820 904.471 1021.49
1821 330.366 127.391
1822 199.617 155.725
1823 1229.51 935.819
1824 61.1089 1000.37
1825 1064.52 1217.32
1826 1042.9 877.296
1827 1193.76 1237.36
1828 228.84 135.854
1829 1205.5 204.992
1830 612.224 425.571
1831 3.82172 1215.85
1832 710.36 116.977
1833 638.05 253.246
1834 1259.5 1010.45
1835 114.424 813.948
1836 7.41181 281.812
1837 1072.94 867.462
1838 155.028 1168.53
1839 1028.22 962.918
1840 794.377 1262.18
1841 75.1218 766.514
1842 924.354 457.611
1843 1129.57 67.2468
1844 1204 568.905
1845 164.324 487.134
1846 457.903 917.221
1847 265.281 928.262
1848 1141.3 1032.03
1849 488.446 225.606
1850 925.55 1061.63
1851 808.542 1155.39
1852 1227.92 949.455
1853 728.828 172.363
1854 635.386 773.724
1855 1084.71 51.9985
1856 513.935 421.826
1857 1175.66 320.6
1858 51.8055 1232.73
1859 320.522 1103.71
1860 766.158 378.668
1861 1262.82 128.24
1862 396.491 912.087
1863 943.887 174.727
1864 364.27 98.9014
1865 688.141 436.293
1866 962.309 1036.27
1867 588.15 397.96
1868 8.4927 783.606
1869 442.165 250.66
1870 333.188 77.7174
1871 318.631 54.9415
1872 604.099 949.06
1873 820.434 1230.4
1874 453.876 630.785
1875 115.466 638.969
1876 1110.34 821.292
1877 583.524 302.804
1878 1199.09 391.089
1879 1124.7 173.531
1880 796.616 752.926
1881 306.471 712.547
1882 678.9 763.735
1883 525.31 937.208
1884 461.241 345.614
1885 896.752 730.295
1886 405.537 10.3934
1887 49.1073 780.643
1888 580.361 1128.1
1889 567.908 911.923
1890 99.3646 572.37
1891 484.893 1157.9
1892 441.505 1167.48
1893 139.483 258.834
1894 757.588 124.186
1895 971.177 215.955
1896 537.233 1235.31
1897 478.023 1214.5
1898 709.659 334.39
1899 1002.83 823.368
1900 155.601 1085.14
1901 1141.82 1032.83
1902 850.433 647.462
1903 173.637 1080.32
1904 297.275 803.265
1905 812.018 1084.75
1906 1090.81 126.821
1907 981.06 33.6325
1908 1042.14 924.971
1909 212.781 1128.73
1910 886.716 233.279
1911 566.541 634.376
1912 779.622 1093.44
1913 176.571 387.624
1914 776.572 885.682
1915 489.056 1096.68
1916 850.355 1135.37
1917 1256.54 34.7043
1918 1216.77 760.222
1919 1259 1067.81
1920 244.44 230.654
1921 819.648 1065.46
1922 1008.32 563.568
1923 811.053 675.672
1924 916.208 1237.35
1925 964.385 474.395
1926 711.032 1253.02
1927 335.582 1164.97
1928 88.5171 967.28
1929 942.883 10.9338
1930 369.278 929.025
1931 788.834 750.494
1932 324.933 359.405
1933 981.541 430.657
1934 862.542 884.747
1935 817.207 803.024
1936 495.348 1118.77
1937 920.764 748.988
1938 217.722 1151.92
1939 701.469 883.752
1940 764.612 674.63
1941 274.276 29.0682
1942 419.558 700.339
1943 289.756 861.401
1944 28.5582 351.675
1945 262.687 776.242
1946 867.81 1067.89
1947 914.78 357.552
1948 481.843 50.5021
1949 196.907 242.862
1950 0.0386032 632.291
1951 0.772064 231.551
1952 619.149 575.467
1953 124.081 131.26
1954 46.72 457.496
1955 704.161 1016.04
1956 206.558 1211.18
1957 775.575 765.81
1958 996.233 322.375
1959 714.815 144.415
1960 652.085 588.901
1961 387.456 157.964
1962 817.4 866.419
1963 1032.48 211.284
1964 813.678 1096.72
1965 161.81 1230.33
1966 174.409 962.455
1967 336.929 905.631
1968 997.781 661.196
1969 276.184 203.371
1970 486.091 1225.93
1971 328.32 1145.71
1972 625.642 158.244
1973 810.551 467.832
1974 245.941 627.534
1975 979.325 428.813
1976 587.975 1175.4
1977 811.817 1009.47
1978 225.713 826.61
1979 861.894 818.812
1980 1.04229 864.065
1981 570.324 700.725
1982 643.593 553.193
1983 222.046 1012.92
1984 232.704 1048
1985 338.194 208.273
1986 838.693 523.112
1987 905.361 1120.96
1988 1073.32 559.331
1989 141.404 594.18
1990 343.955 1224.12
1991 31.4535 60.4231
1992 576.037 190.593
1993 28.0564 799.125
1994 470.92 648.534
1995 88.6716 373.07
1996 1003.57 1066.92
1997 182.13 367.473
1998 304.772 1205.36
1999 699.222 795.467
2000 871.93 288.259
2001 1259.23 857.802
2002 465.477 676.444
2003 220.841 328.368
2004 877.258 1198.36
2005 357.705 524.241
2006 635.805 1106.1
2007 523.039 808.09
2008 1230.28 1017.04
2009 40.3322 177.159
2010 29.826 206.343
2011 785.921 1128.14
2012 208.496 947.37
2013 563.141 319.605
2014 559.052 71.1162
2015 272.801 138.624
2016 766.505 156.613
2017 139.106 550.211
2018 891.425 610.326
2019 1176.58 978.176
2020 1140.92 584.645
2021 484.809 884.061
2022 310.64 1078.3
2023 500.623 592.675
2024 585.802 228.068
2025 214.264 30.1877
2026 63.2706 833.096
2027 569.44 854.443
2028 1115.59 53.4746
2029 781.097 684.551
2030 316.248 701.777
2031 1098.83 117.401
2032 151.664 1208.74
2033 243.432 480.194
2034 663.473 1176.05
2035 707.979 847.495
2036 1132.22 187.235
2037 218.961 690.505
2038 208.38 1109.89
2039 1263.24 525.399
2040 1183.73 1175.48
2041 380.955 213.939
2042 823.097 874.131
2043 229.689 264.2
2044 446.137 1240.82
2045 1105.42 598.62
2046 1062.55 1151.39
2047 819.237 424.712
2048 137.505 106.477
2049 813.601 783.645
2050 1184.26 835.568
2051 355.334 937.865
2052 608.976 1096.73
2053 1161.34 1123.59
2054 301.83 905.293
2055 652.201 604.681
2056 818.619 133.915
2057 482.733 486.902
2058 1243.06 647.414
2059 141.017 233.983
2060 1256.74 179.119
2061 211.885 992.304
2062 843.21 618.423
2063 815.994 449.891
2064 1054.79 334.033
2065 434.865 613.752
2066 937.865 639.896
2067 683.023 369.162
2068 146.576 18.4229
2069 488.33 1067.19
2070 1141.54 1021.49
2071 1198.24 1217.05
2072 1076.91 1249.83
2073 209.569 1163.46
2074 288.598 736.395
2075 663.504 541.882
2076 853.476 155.687
2077 576.693 709.372
2078 1113.74 791.529
2079 457.312 1190.52
2080 444.284 444.94
2081 646.988 1144.59
2082 107.047 425.069
2083 1015.61 973.264
2084 42.9755 177.498
2085 540.095 761.148
2086 469.677 1045.73
2087 991.639 991.224
2088 1160.45 1054.53
2089 915.475 198.584
2090 102.955 477.483
2091 0.424635 427.492
2092 963.729 567.708
2093 1014.11 185.566
2094 1261.15 350.14
2095 679.684 1042.49
2096 363.402 12.3144
2097 1252.44 497.209
2098 362.449 1128.6
2099 817.813 511.193
2100 1259.84 1205.16
2101 760.745 1242.95
2102 334.308 421.779
2103 543.923 27.456
2104 176.841 562.989
2105 29.5619 27.2244
2106 231.04 1183.88
2107 211.005 67.7192
2108 1229.9 1037.43
2109 925.28 809.441
2110 98.3325 1188.75
