1 836.804 679.163
2 121.158 415.784
3 231.985 341.614
4 776.68 124.048
5 627.875 359.299
6 163.457 35.8634
7 576.039 262.006
8 301.25 886.837
9 683.999 161.626
10 128.513 528.397
11 843.41 731.315
12 498.398 995.213
13 787.286 896.089
14 255.867 109.104
15 607.824 231.701
16 165.366 845.21
17 534.682 653.483
18 296.491 132.42
19 229.18 829.589
20 461.251 679.8
21 318.796 896.786
22 146.337 612.018
23 349.071 122.654
24 825.282 619.77
25 842.677 71.5354
26 350.019 605.736
27 654.286 901.094
28 663.076 969.608
29 514.833 630.238
30 709.708 810.419
31 860.744 984.348
32 130.865 837.066
33 520.556 614.704
34 822.895 65.6148
35 907.797 443.668
36 548.173 624.413
37 349.681 997.624
38 861.552 414.075
39 887.801 103.645
40 350.719 40.1318
41 766.655 960.696
42 385.809 500.416
43 134.833 33.544
44 239.869 712.276
45 518.855 598.533
46 772.746 43.7025
47 381.188 90.6095
48 953.032 569.17
49 45.1979 379.437
50 633.236 771.132
51 258.339 503.586
52 967.956 313.018
53 861.12 30.0649
54 337.244 434.757
55 601.825 575.213
56 277.705 571.158
57 139.378 118.015
58 236.199 842.531
59 418.205 208.232
60 435.989 228.553
61 335.826 782.743
62 78.8903 402.696
63 362.066 881.13
64 83.285 327.86
65 99.2767 56.5549
66 344.401 27.5887
67 434.248 79.8669
68 269.823 750.302
69 162.895 744.672
70 98.1475 246.35
71 814.478 306.528
72 402.692 940.947
73 508.684 361.221
74 375.636 73.6921
75 389.142 398.755
76 498.019 214.331
77 208.502 363.933
78 789.295 261.391
79 284.555 647.176
80 317.974 359.115
81 863.205 569.872
82 839.076 610.767
83 37.6598 867.061
84 534.251 496.414
85 744.789 642.872
86 706.534 622.277
87 981.195 183.081
88 431.214 920.564
89 88.3816 695.059
90 745.431 721.58
91 674.881 138.92
92 555.315 580.493
93 211.097 845.637
94 482.196 793.359
95 108.216 821.609
96 977.383 582.141
97 876.064 267.586
98 693.289 364.198
99 49.7757 269.509
100 42.5733 435.351
101 236.274 971.042
102 876.745 366.619
103 195.824 950.991
104 272.174 274.514
105 405.936 466.811
106 219.536 513.474
107 965.728 724.025
108 427.353 792.566
109 421.356 745.16
110 772.454 407.457
111 139.814 919.893
112 504.685 479.263
113 939.665 965.514
114 560.32 946.383
115 508.591 848.832
116 760.491 931.781
117 602.802 826.991
118 802.545 480.422
119 639.21 829.558
120 644.459 332.316
121 158.696 96.408
122 803.003 829.575
123 165.855 757.866
124 305.46 825.225
125 46.7099 16.2053
126 631.323 334.086
127 709.962 918.764
128 836.645 182.348
129 415.998 330.241
130 0 404.039
131 340.007 572.714
132 148.778 266.889
133 699.547 95.7407
134 767.754 691.523
135 587.429 740.414
136 378.063 318.278
137 96.8435 639.241
138 175.329 112.094
139 55.957 697.199
140 412.81 753.929
141 32.4717 750.481
142 276.902 100.335
143 141.575 356.338
144 800.694 944.609
145 615.469 23.5034
146 445.112 259.595
147 214.576 678.736
148 876.308 803.831
149 837.642 205.359
150 359.355 145.177
151 578.387 675.013
152 614.117 544.454
153 466.89 305.159
154 590.228 42.2112
155 731.286 565.355
156 687.674 48.4228
157 309.207 905.946
158 751.116 482.471
159 682.968 725.673
160 697.314 810.511
161 594.243 201.931
162 246.315 803.003
163 666.341 636.956
164 837.479 989.654
165 789.67 996.617
166 550.737 231.758
167 705.496 318.923
168 481.508 432.203
169 852.529 910.402
170 602.789 447.89
171 571.102 675.985
172 758.172 580.248
173 278.919 230.999
174 135.014 426.74
175 258.431 164.865
176 185.645 595.721
177 464.797 689.265
178 160.68 134.072
179 194.358 936.373
180 341.581 835.627
181 417.127 978.393
182 772.142 717.582
183 672.811 474.323
184 524.583 901.69
185 179.815 471.572
186 653.188 950.076
187 133.985 105.136
188 307.27 447.436
189 919.059 121.895
190 851.918 44.6222
191 44.3295 214.179
192 58.5689 223.792
193 773.98 606.682
194 79.3013 793.837
195 905.231 668.193
196 198.042 154.475
197 913.022 485.519
198 251.155 721.034
199 358.257 552.924
200 427.198 509.572
201 195.868 416.246
202 399.352 368.084
203 789.941 118.503
204 778.375 867.828
205 768.731 360.062
206 52.0646 376.71
207 450.576 707.149
208 128.271 585.314
209 543.528 947.146
210 588.967 289.865
211 338.176 676.05
212 105.474 286.787
213 927.727 341.964
214 853.048 566.794
215 210.318 292.734
216 209.998 486.709
217 600.123 418.781
218 568.747 472.37
219 646.851 71.3218
220 201.026 812.637
221 576.268 755.323
222 909.146 840.575
223 310.764 343.612
224 5.09659 610.496
225 163.945 637.475
226 121.519 531.545
227 811.609 237.743
228 395.819 702.231
229 678.671 704.886
230 1.00711 579.241
231 901.695 378.033
232 286.51 926.851
233 626.569 976.318
234 727.317 535.234
235 36.1644 445.269
236 638.569 390.79
237 429.426 853.908
238 855.597 80.1416
239 692.544 739.525
240 192.779 43.3973
241 461.165 276.589
242 42.787 186.533
243 375.265 458.392
244 65.3188 709.494
245 238.802 258.339
246 298.594 608.804
247 597.43 556.475
248 360.21 144.906
249 678.215 348.678
250 42.909 314.04
251 986.94 687.307
252 951.537 686.488
253 204.813 965.457
254 418.029 9.89215
255 181.158 381.913
256 779.696 627.613
257 688.079 454.817
258 316.8 384.629
259 564.975 332.32
260 262.621 870.392
261 749.383 840.663
262 360.547 933.683
263 990.603 131.51
264 479.11 53.6272
265 852.962 760.796
266 772.281 434.74
267 360.515 24.7241
268 417.479 597.434
269 286.386 676.321
270 510.636 902.463
271 944.183 739.498
272 115.848 539.933
273 821.125 766.472
274 22.7363 366.654
275 49.1043 562.43
276 756.554 8.36622
277 402.509 727.765
278 243.049 767.728
279 726.249 365.154
280 676.351 204.901
281 725.571 132.699
282 904.904 789.3
283 824.666 48.1624
284 533.097 565.081
285 197.503 363.475
286 649.342 774.438
287 632.862 51.3016
288 10.9867 418.627
289 817.593 326.583
290 863.216 872.589
291 295.785 697.684
292 481.317 671.411
293 723.655 484.085
294 464.461 737.575
295 844.386 522.874
296 244.569 554.827
297 908.536 82.0074
298 799.341 845.932
299 894.546 513.325
300 94.4853 978.088
301 86.7641 163.976
302 203.324 773.492
303 601.978 307.419
304 537.304 923.494
305 452.834 518.113
306 868.679 813.719
307 274.514 220.165
308 317.026 388.43
309 925.139 899.554
310 844.203 221.015
311 920.745 56.1277
312 849.57 296.644
313 38.8501 205.302
314 487.014 700.603
315 761.895 703.029
316 62.5037 115.852
317 870.113 317.789
318 306.803 239.713
319 858.73 350.662
320 839.015 489.242
321 236.307 898.744
322 315.531 10.7425
323 531.846 777.693
324 839.749 264.992
325 667.999 444.075
326 173.406 455.123
327 459.426 995.732
328 696.572 475.448
329 257.729 86.2495
330 662.648 179.209
331 936.485 68.3351
332 388.958 115.974
333 8.63674 452.742
334 450.545 318.247
335 347.606 644.158
336 509.781 357.463
337 562.664 830.443
338 78.7238 78.4326
339 44.3434 879.299
340 79.213 687.617
341 737.436 800.81
342 36.9274 501.968
343 780.633 451.338
344 74.1544 651.173
345 337.321 849.971
346 99.7437 403.699
347 529.435 425.245
348 410.474 177.923
349 112.247 895.539
350 177.16 190.588
351 159.097 995.274
352 245.861 793.115
353 200.568 45.2284
354 457.167 822.922
355 279.75 321.482
356 42.613 390.153
357 166.387 396.161
358 994.538 461.552
359 319.285 950.503
360 610.944 501.118
361 444.716 574.572
362 689.148 202.647
363 977.777 227.916
364 252.33 510.213
365 857.143 900.876
366 120.977 223.975
367 803.043 566.763
368 249.659 900.998
369 485.275 885.132
370 882.015 923.25
371 419.965 305.948
372 918.912 103.767
373 616.596 921.476
374 458.968 2.31941
375 356.639 300.668
376 891.88 15.0966
377 987.027 553.382
378 700.552 225.444
379 342.252 963.012
380 678.369 526.082
381 207.835 186.702
382 590.533 596.885
383 792.993 426.222
384 836.43 278.42
385 983.195 390.118
386 127.11 726.284
387 945.831 500.504
388 830.022 214.331
389 277.352 254.372
390 375.5 524.099
391 798.975 512.711
392 793.245 190.466
393 804.363 647.837
394 151.891 792.234
395 438.636 460.254
396 437.027 657.19
397 6.16474 11.5401
398 378.674 279.794
399 561.619 310.556
400 748.712 292.097
401 510.279 411.699
402 613.623 866.99
403 123.564 584.739
404 66.4998 942.538
405 778.13 579.821
406 963.35 230.903
407 591.733 145.97
408 566.759 479.507
409 383.483 171.636
410 69.7043 433.398
411 209.771 652.368
412 391.104 180.059
413 430.097 769.311
414 500.259 298.776
415 145.508 902.86
416 335.49 764.489
417 201.487 306.925
418 71.2302 628.773
419 139.134 567.801
420 241.432 310.744
421 887.991 641.377
422 227.638 142.582
423 201.056 361.587
424 256.693 79.7754
425 417.585 901.425
426 768.395 776.727
427 476.485 258.404
428 67.4865 492.42
429 714.075 74.4388
430 783.602 665.242
431 107.877 473.196
432 942.864 909.456
433 370.922 355.51
434 469.527 555.136
435 569.554 975.193
436 927.878 568.285
437 711.069 561.941
438 904.613 180.486
439 813.959 638.803
440 648.274 423.078
441 368.965 390.667
442 469.231 131.753
443 265.175 8.30519
444 291.33 313.974
445 335.349 782.556
446 901.09 410.814
447 692.123 597.339
448 250.984 935.793
449 930.692 537.191
450 862.058 464.766
451 173.223 660.547
452 350.047 840.636
453 398.094 329.691
454 507.692 933.988
455 634.694 636.667
456 854.483 256.421
457 527.085 126.442
458 708.67 80.6604
459 926.603 15.8433
460 33.4483 863.098
461 173.049 205.115
462 283.639 735.099
463 225.532 701.533
464 939.004 686.579
465 465.225 345.47
466 858.76 594.012
467 547.374 706.137
468 613.446 314.92
469 457.871 986.663
470 528.652 867.519
471 440.809 952.67
472 232.294 2.77718
473 196.96 382.946
474 591.784 98.4832
475 865.362 354.35
476 44.9538 846.065
477 29.9692 570.639
478 217.078 880.52
479 649.068 747.642
480 530.887 92.0743
481 994.839 925.993
482 371.349 480.056
483 995.486 953.86
484 827.527 162.668
485 984.176 754.255
486 882.9 474.475
487 941.465 273.877
488 538.142 851.161
489 949.562 780.637
490 363.011 366.837
491 833.766 157.384
492 117.924 275.704
493 271.981 541.067
494 135.7 343.944
495 379.467 583.243
496 618.94 463.454
497 602.178 172.582
498 789.707 665.125
499 294.429 576.189
500 767.724 469.741
501 662.327 698.009
502 208.28 862.819
503 427.595 423.418
504 298.318 243.751
505 348.752 484.73
506 175.665 508.621
507 676.87 872.223
508 849.269 777.734
509 716.544 495.163
510 318.033 814.085
511 613.147 419.512
512 249.886 531.972
513 935.484 195.959
514 707.327 16.8157
515 625.158 263.257
516 531.083 384.049
517 645.439 3.60118
518 921.018 410.962
519 916.068 376.419
520 967.729 632.893
521 331.034 295.362
522 61.3422 794.794
523 685.996 490.066
524 794.902 231.086
525 593.335 948.729
526 678.945 239.448
527 968.965 992.68
528 678.884 422.291
529 548.692 405.687
530 257.433 383.831
531 644.093 761.986
532 698.392 834.956
533 766.873 68.9413
534 785.952 332.774
535 339.1 189.245
536 127.323 517.228
537 154.79 978.515
538 461.579 441.115
539 794.567 964.599
540 993.067 660.054
541 361.48 617.145
542 22.2175 205.39
543 459.459 27.131
544 344.615 867.183
545 876.217 264.02
546 93.8444 746.239
547 38.531 943.846
548 218.156 258.313
549 954.636 446.581
550 261.851 284.89
551 339.375 19.0435
552 381.451 932.802
553 924.162 398.755
554 748.802 804.987
555 313.976 293.806
556 414.197 624.81
557 642.842 713.13
558 969.665 247.749
559 892.273 170.293
560 781.858 512.375
561 385.022 531.541
562 353.947 407.819
563 746.057 884.06
564 503.88 827.57
565 387.67 690.176
566 664.511 323.679
567 746.91 975.951
568 150.292 660.085
569 691.681 960.208
570 286.905 513.504
571 580.798 996.678
572 300.321 995.03
573 767.97 186.32
574 238.283 172.708
575 741.152 674.25
576 482.171 487.625
577 319.926 343.699
578 594.745 867.733
579 972.673 177.561
580 495.621 425.703
581 724.174 897.397
582 505.243 382.34
583 127.531 130.1
584 877.539 410.936
585 235.673 724.784
586 800.684 391.522
587 575.274 701.559
588 590.756 136.235
589 422.773 65.6453
590 252.541 656.514
591 340.211 127.496
592 971.611 379.929
593 597.674 442.37
594 951.317 21.0273
595 861.293 547.349
596 45.5641 909.975
597 882.015 144.418
598 535.741 755.425
599 255.196 725.547
600 460.768 113.773
601 519.246 126.835
602 806.914 596.794
603 189.316 471.301
604 191.137 422.742
605 214.662 764.005
606 229.926 520.65
607 652.64 967.471
608 397.421 714.957
609 62.624 186.987
610 432.936 383.099
611 571.27 640.252
612 696.777 377.422
613 581.072 503.647
614 91.3724 728.908
615 863.186 971.821
616 437.574 964.45
617 481.063 160.619
618 883.032 715.266
619 994.462 431.196
620 336.07 74.0684
621 709.672 180.456
622 300.974 48.8601
623 723.502 283.369
624 673.391 662.53
625 93.6755 262.205
626 370.983 974.08
627 267.557 179.636
628 320.2 905.332
629 27.1004 962.039
630 985.926 354.869
631 784.534 168.523
632 173.286 695.975
633 37.8124 724.906
634 387.829 563.895
635 638.539 266.915
636 516.75 753.506
637 555.63 88.0501
638 965.645 813.567
639 859.547 146.55
640 712.912 300.485
641 537.584 922.229
642 756.767 742.886
643 448.714 234.647
644 869.808 723.323
645 108.45 34.9132
646 461.409 275.511
647 892.335 961.14
648 875.38 693.197
649 640.248 30.4921
650 634.022 547.232
651 851.527 887.116
652 41.5662 296.278
653 727.724 452.624
654 873.836 522.603
655 139.378 586.861
656 620.624 322.615
657 285.472 423.021
658 195.77 854.187
659 632.025 54.4145
660 511.185 612.785
661 595.237 781.335
662 333.86 179.846
663 910.306 283.761
664 977.59 217.526
665 988.756 45.0758
666 561.145 767.056
667 531.602 819.304
668 707.419 152.593
669 223.977 97.4761
670 637.06 181.009
671 352.458 55.1164
672 778.191 138.711
673 284.249 271.187
674 710.166 831.603
675 389.172 176.082
676 616.179 798.608
677 745.89 738.273
678 690.115 141.972
679 126.6 65.3138
680 562.304 244.24
681 920.348 131.936
682 182.104 70.9902
683 555.539 56.856
684 234.901 631.798
685 208.075 246.99
686 493.332 663.965
687 823.918 38.549
688 604.236 734.89
689 713.107 686.549
690 983.911 828.185
691 280.19 210.72
692 657.735 79.6228
693 681.661 322.275
694 959.603 723.472
695 885.739 82.9493
696 616.812 397.144
697 206.192 974.002
698 914.916 941.465
699 348.606 719.661
700 279.885 640.099
701 525.989 528.336
702 745.547 341.624
703 574.603 506.027
704 447.967 145.909
705 812.311 49.6536
706 673.94 977.599
707 9.36918 623.28
708 395.184 65.4927
709 902.803 939.883
710 434.595 657.704
711 164.403 695.063
712 974.732 334.849
713 256.417 823.058
714 396.039 429.247
715 804.743 919.893
716 527.726 727.23
717 788.903 378.328
718 342.655 40.1055
719 962.73 516.678
720 997.362 944.477
721 84.994 943.083
722 69.827 845.231
723 870.51 24.0527
724 33.6619 772.546
725 338.091 977.081
726 771.325 791.223
727 775.506 303.079
728 401.74 390.458
729 57.5579 118.168
730 914.701 156.123
731 710.236 248.756
732 663.047 608.543
733 706.656 969.268
734 226.078 315.744
735 225.861 584.067
736 938.475 885.163
737 72.9698 186.747
738 612.262 293.242
739 227.21 587.878
740 800.623 728.664
741 121.036 483.84
742 723.269 526.597
743 796.978 112.251
744 293.619 298.502
745 443.587 237.19
746 941.75 422.681
747 50.9825 143.101
748 765.557 505.421
749 2.41096 328.048
750 667.846 803.74
751 786.295 20.3295
752 737.175 441.42
753 317.073 746.696
754 699.606 458.876
755 231.511 445.112
756 851.161 298.414
757 344.859 961.49
758 501.053 518.876
759 715.944 15.0498
760 136.143 216.834
761 135.878 779.722
762 850.185 587.974
763 275.256 972.503
764 754.206 257.184
765 232.993 23.8554
766 11.6581 50.1155
767 715.89 582.114
768 23.6213 968.932
769 23.8655 473.006
770 271.395 26.5247
771 162.511 616.142
772 791.65 555.746
773 768.458 51.7289
774 166.252 76.1031
775 896.782 453.658
776 948.79 168.131
777 904.684 847.285
778 683.67 365.494
779 352.641 188.971
780 352.092 605.762
781 711.779 863.373
782 650.716 902.615
783 556.078 217.723
784 241.352 162.515
785 523.464 201.971
786 513.887 566.702
787 531.115 31.5256
788 480.087 76.5914
789 220.985 619.241
790 486.435 980.045
791 466.37 933.169
792 440.84 17.6702
793 995.295 475.845
794 443.709 461.719
795 254.799 950.774
796 827.642 389.237
797 129.203 207.465
798 265.572 846.339
799 569.432 26.9215
800 78.3114 598.376
801 243.507 542.375
802 27.8264 27.131
803 461.165 400.163
804 551.013 247.906
805 3.08237 73.3869
806 135.868 197.276
807 488.535 480.396
808 273.47 32.197
809 322.459 746.422
810 983.827 72.6992
811 764.339 839.66
812 91.5256 933.582
813 895.369 29.8166
814 419.022 430.952
815 144.23 823.166
816 78.5852 444.567
817 644.826 160.928
818 721.131 407.548
819 133.763 824.458
820 430.006 789.917
821 219.941 434.95
822 697.623 947.803
823 417.441 780.179
824 122.427 90.8841
825 988.046 342.967
826 987.825 866.451
827 40.5591 533.525
828 428.541 197.001
829 752.525 763.227
830 732.286 696.04
831 46.3576 239.692
832 785.275 872.494
833 6.592 811.064
834 323.2 562.827
835 589.704 888.734
836 71.7795 708.243
837 807.102 714.809
838 670.003 613.823
839 30.7321 984.069
840 520.219 355.164
841 89.3887 694.239
842 304.514 918.851
843 343.404 794.61
844 381.939 885.987
845 555.437 602.344
846 946.165 512.074
847 548.396 108.528
848 263.466 8.97244
849 73.3055 567.797
850 800.786 914.369
851 410.169 156.377
852 561.174 360.668
853 250.559 931.15
854 207.529 237.53
855 199.683 532.975
856 707.327 606.071
857 591.413 555.284
858 289.043 832.549
859 801.477 748.192
860 403.272 709.098
861 822.002 90.7926
862 977.335 325.637
863 939.171 676.813
864 634.632 128.391
865 897.397 555.528
866 284.463 687.49
867 708.04 375.199
868 138.92 505.94
869 527.238 535.386
870 91.8912 84.4183
871 129.948 635.461
872 296.915 144.78
873 379.284 224.285
874 368.101 469.013
875 940.611 72.8782
876 689.644 234.112
877 144.566 557.333
878 98.6053 365.982
879 430.067 369.06
880 248.445 872.036
881 418.5 626.179
882 788.598 521.867
883 592.914 274.182
884 898.495 532.548
885 170.426 685.696
886 205.763 678.874
887 509.171 935.58
888 939.299 653.405
889 409.131 901.185
890 414.991 852.478
891 349.712 214.515
892 547.313 288.949
893 858.083 449.481
894 601.489 192.236
895 874.66 199.992
896 90.8536 482.38
897 272.988 770.562
898 709.952 778.684
899 483.437 694.571
900 340.474 996.525
901 315.958 407.64
902 432.142 884.61
903 71.9321 490.066
904 60.2305 296.731
905 265.694 883.973
906 191.504 220.897
907 96.8657 650.659
908 839.381 535.966
909 611.318 86.3979
910 441.154 542.314
911 896.224 238.38
912 880.215 691.824
913 634.175 125.893
914 774.973 211.558
915 14.8015 825.678
916 5.37126 161.417
917 589.055 976.775
918 364.82 527.573
919 46.9384 533.101
920 97.8729 780.755
921 196.753 524.43
922 62.045 766.507
923 280.055 940.703
924 202.216 351.211
925 34.6995 673.914
926 721.854 675.1
927 91.4029 512.41
928 817.958 628.014
929 936.583 302.076
930 13.245 128.518
931 470.799 104.546
932 79.2871 423.662
933 464.187 905.545
934 698.935 101.84
935 692.681 583.483
936 121.158 926.847
937 635.771 739.982
938 226.386 205.18
939 763.024 849.151
940 645.894 215.644
941 399.67 816.344
942 965.485 103.854
943 442.894 263.135
944 304.147 511.159
945 944.182 706.351
946 669.651 452.742
947 19.9286 521.199
948 393.445 406.781
949 278.011 650.567
950 788.537 13.2145
951 223.029 249.214
952 654.683 792.722
953 412.976 60.7055
954 64.6382 65.3401
955 993.227 610.034
956 980.913 83.0409
957 725.242 225.745
958 985.459 916.078
959 454.354 696.559
960 156.468 568.041
961 255.043 709.83
962 638.661 674.768
963 911.27 485.265
964 757.754 961.246
965 449.455 278.821
966 285.44 565.264
967 830.287 647.664
968 835.187 489.212
969 515.826 156.289
970 41.8616 875.576
971 616.415 649.072
972 88.9615 327.651
973 492.968 603.015
974 967.711 737.27
975 48.8924 897.95
976 981.523 863.617
977 410.535 462.569
978 81.6388 168.584
979 43.8033 463.912
980 836.756 402.787
981 18.1585 54.3229
982 575.701 162.271
983 699.334 626.458
984 313.761 206.645
985 203.934 839.538
986 266.634 208.319
987 905.005 315.321
988 21.9733 328.166
989 170.08 876.827
990 131.627 460.925
991 307.627 367.473
992 316.817 492.721
993 808.344 878.018
994 239.656 909.299
995 139.195 115.761
996 335.093 423.967
997 409.422 912.05
998 926.786 30.0607
999 277.444 402.142
1000 113.102 12.0142
1001 856.901 335.398
1002 840.968 113.564
1003 983.721 897.248
1004 867.946 452.594
1005 377.263 118.921
1006 589.618 190.684
1007 168.067 406.079
1008 430.891 42.2071
1009 638.785 885.194
1010 961.877 982.609
1011 700.888 33.6924
1012 348.814 577.746
1013 724.845 548.204
1014 759.775 388.383
1015 826.221 656.061
1016 991.937 622.547
1017 293.468 915.346
1018 770.442 125.126
1019 899.655 884.644
1020 271.432 482.884
1021 846.479 849.452
1022 472.884 891.751
1023 330.883 874.237
1024 30.573 430.895
1025 806.635 10.1363
1026 491.775 463.947
1027 131.962 974.277
1028 425.947 977.268
1029 517.747 666.86
1030 939.39 238.99
1031 550.746 792.657
1032 69.0495 921.053
1033 817.743 193.06
1034 556.78 856.933
1035 540.537 736.08
1036 758.477 420.519
1037 427.412 646.356
1038 508.203 179.144
1039 951.201 854.98
1040 142.897 791.009
1041 846.339 271.253
1042 902.921 380.291
1043 52.1274 705.928
1044 36.181 613.91
1045 994.988 527.089
1046 39.6507 541.948
1047 20.9745 275.922
1048 867.702 838.313
1049 886.776 713.207
1050 226.661 436.903
1051 489.029 236.213
1052 830.47 66.1378
1053 683.654 434.492
1054 134.983 284.188
1055 630.482 406.816
1056 581.746 524.099
1057 569.019 546.922
1058 424.818 143.03
1059 958.741 363.659
1060 369.675 320.984
1061 378.185 818.781
1062 828.455 318.583
1063 541.154 43.8551
1064 865.79 814.36
1065 295.083 825.495
1066 181.86 80.2678
1067 477.204 662.744
1068 413.099 566.546
1069 601.367 654.408
1070 580.981 714.957
1071 4.39467 737.48
1072 712.265 521.688
1073 879.086 228.618
1074 603.717 793.333
1075 69.2714 647.058
1076 164.739 726.554
1077 275.546 188.391
1078 345.47 646.413
1079 12.9704 97.2625
1080 466.689 341.929
1081 279.458 38.9721
1082 974.671 767.545
1083 344.086 951.353
1084 479.659 147.791
1085 601.245 109.287
1086 462.196 921.327
1087 737.785 790.708
1088 283.496 793.39
1089 365.785 585.925
1090 575.426 171.152
1091 183.769 88.0154
1092 80.5689 603.599
1093 770.006 525.376
1094 629.78 969.054
1095 298.837 674.707
1096 226.762 764.214
1097 34.9677 174.657
1098 780.635 935.942
1099 145.817 143.136
1100 393.554 447.558
1101 859.218 768.822
1102 761.43 565.207
1103 568.645 647.114
1104 378.416 8.39674
1105 948.349 353.531
1106 542.039 966.525
1107 1.49541 761.315
1108 160.62 387.097
1109 104.33 897.035
1110 742.119 457.904
1111 737.388 249.005
1112 646.905 784.01
1113 431.465 753.628
1114 597.613 136.147
1115 43.7348 90.9493
1116 83.3155 770.566
1117 965.3 61.4989
1118 248.017 658.559
1119 567.928 117.317
1120 569.231 127.476
1121 108.737 38.1787
1122 212.441 587.359
1123 4.97452 507.374
1124 668.624 474.689
1125 56.1846 12.2379
1126 56.4898 44.1908
1127 381.756 980.621
1128 266.518 855.007
1129 335.454 108.589
1130 99.3683 263.867
1131 259.621 270.429
1132 543.229 599.601
1133 209.296 953.185
1134 998.849 19.6886
1135 197.273 54.1093
1136 864.125 334.945
1137 618.274 876.435
1138 329.875 511.551
1139 3.17392 553.117
1140 359.128 134.587
1141 515.772 169.134
1142 995.6 703.486
1143 956.847 773.644
1144 223.451 627.648
1145 748.483 752.159
1146 11.5055 377.396
1147 649.617 933.164
1148 2.53304 194.891
1149 842.259 353.5
1150 837.886 998.6
1151 483.993 436.293
1152 294.565 456.897
1153 149.321 255.597
1154 540.239 37.9081
1155 517.991 18.4373
1156 560.32 266.152
1157 395.309 262.978
1158 571.062 325.877
1159 209.167 292.31
1160 625.158 146.092
1161 316.538 213.996
1162 341.38 561.941
1163 856.777 278.176
1164 420.766 97.3135
1165 490.616 487.96
1166 394.696 450.152
1167 493.484 332.499
1168 252.923 750.389
1169 44.7707 619.607
1170 229.639 737.632
1171 81.6675 974.155
1172 10.773 916.597
1173 847.6 780.816
1174 456.489 2.62459
1175 903.739 633.198
1176 450.064 523.627
1177 346.11 976.745
1178 296.45 59.8509
1179 249.429 117.47
1180 685.523 316.023
1181 792.43 461.257
1182 90.4735 30.8278
1183 526.392 811.339
1184 962.938 257.759
1185 244.996 690.974
1186 696.098 880.341
1187 468.811 679.438
1188 417.554 289.01
1189 505.509 773.801
1190 755.577 743.736
1191 59.7265 279.061
1192 755.974 725.852
1193 617.176 21.9938
1194 670.285 262.846
1195 851.46 589.496
1196 630.573 563.341
1197 157.872 908.841
1198 745.14 862.762
1199 606.993 534.994
1200 813.776 756.218
1201 248.796 293.466
1202 172.521 920.164
1203 815.058 964.232
1204 519.73 134.865
1205 56.9475 542.833
1206 862.423 558.58
1207 255.348 463.485
