1 91.0672 800.551
2 584.094 359.508
3 179.389 416.059
4 487.381 405.866
5 238.533 488.972
6 806.645 725.272
7 742.698 356.182
8 198.95 869.202
9 774.621 257.78
10 528.55 665.822
11 135.197 362.896
12 918.54 948.397
13 25.2998 231.971
14 111.393 274.422
15 592.679 346.542
16 670.797 499.731
17 44.3526 646.413
18 164.098 615.274
19 470.046 10.0753
20 13.3976 676.931
21 923.058 412.152
22 779.863 512.528
23 273.873 203.563
24 583.483 269.452
25 814.447 10.9256
26 361.524 879.757
27 754.872 758.995
28 712.729 477.649
29 708.559 371.905
30 257.893 502.705
31 53.4471 405.499
32 754.173 879.533
33 948.662 694.819
34 840.17 924.558
35 800.167 596.271
36 457.472 245.979
37 400.586 289.407
38 694.123 750.298
39 499.734 776.818
40 651.692 432.875
41 684.501 643.727
42 670.806 445.265
43 80.4773 402.203
44 457.541 856.095
45 466.201 621.849
46 702.492 339.797
47 390.525 520.528
48 676.407 706.839
49 362.224 443.648
50 832.899 803.308
51 107.7 958.468
52 86.2154 956.257
53 220.985 478.933
54 201.758 683.849
55 564.449 576.56
56 927.133 65.1265
57 539.707 747.856
58 10.9256 793.013
59 363.109 964.222
60 327.494 296.98
61 219.158 254.345
62 390.759 941.256
63 690.232 327.529
64 181.076 927.279
65 449.141 915.987
66 702.719 151.803
67 631.092 70.1662
68 652.261 919.74
69 321.659 309.279
70 139.683 525.773
71 211.676 648.4
72 837.629 759.488
73 149.876 361.801
74 314.809 455.951
75 381.176 335.86
76 916.823 922.544
77 337.53 965.06
78 1.89215 689.138
79 609.241 817.565
80 836.013 289.841
81 624.718 562.456
82 185.583 301.126
83 663.573 557.878
84 142.582 133.889
85 698.477 344.188
86 208.441 579.018
87 270.169 598.96
88 255.777 937.773
89 397.687 878.846
90 46.1135 143.773
91 331.837 769.162
92 120.701 536.882
93 589.13 62.8681
94 904.502 324.656
95 878.994 633.157
96 883.786 370.708
97 91.3298 321.456
98 864.739 848.476
99 280.404 123.238
100 49.6841 572.043
101 110.813 833.389
102 205.145 819.605
103 839.062 490.803
104 260.339 236.278
105 447.901 792.692
106 263.691 276.528
107 132.359 8.57985
108 551.182 211.009
109 539.506 977.569
110 148.778 192.022
111 645.766 834.624
112 655.433 194.987
113 215.313 379.559
114 610.34 300.363
115 455.895 888.363
116 619.779 543.234
117 644.163 183.146
118 218.085 423.404
119 256.466 744.29
120 791.079 953.28
121 276.493 21.2104
122 106.723 990.417
123 362.224 13.6113
124 860.836 809.656
125 895.505 340.159
126 511.461 828.516
127 850.673 343.032
128 838.857 605.64
129 448.787 159.581
130 630.39 416.608
131 483.331 601.463
132 89.0465 514.485
133 801.996 39.6741
134 151.494 484.608
135 763.941 834.319
136 27.6193 135.049
137 250.688 437.334
138 315.958 236.152
139 764.674 916.292
140 857.951 802.261
141 71.1372 77.5232
142 33.845 399.552
143 966.765 149.632
144 814.631 397.935
145 145.665 328.349
146 530.436 12.3905
147 33.8755 159.978
148 452.04 663.873
149 445.198 780.637
150 83.1324 492.996
151 823.847 441.969
152 400.305 889.004
153 83.3766 169.988
154 28.2601 810.332
155 785.852 326.4
156 241.829 681.01
157 499.161 967.38
158 340.098 79.1244
159 710.03 563.62
160 810.17 585.685
161 432.968 147.5
162 176.796 94.5769
163 833.444 307.891
164 143.406 451.003
165 715.354 548.265
166 246.925 368.118
167 413.709 929.991
168 922.966 803.583
169 978.762 217.693
170 298.427 910.367
171 805.309 276.654
172 339.854 560.202
173 796.625 370.983
174 137.547 763.197
175 618.667 892.152
176 522.586 995.884
177 796.657 715.995
178 760.125 237.011
179 117.985 853.206
180 177.313 550.039
181 272.286 438.632
182 545.396 114.353
183 516.587 629.017
184 434.701 651.296
185 775.201 538.377
186 866.322 572.832
187 713.981 939.411
188 426.43 560.625
189 877.416 272.901
190 364.055 392.895
191 619.343 15.1067
192 503.221 82.8009
193 77.4504 263.009
194 487.306 746.639
195 459.404 366.802
196 233.161 744.316
197 80.1434 545.122
198 323.131 850.341
199 319.895 614.525
200 561.091 189.306
201 749.443 455.611
202 753.972 101.81
203 565.84 517.049
204 857.167 778.527
205 271.319 805.658
206 89.52 979.186
207 593.432 74.2252
208 363.687 382.427
209 987.939 748.222
210 548.55 542.318
211 886.532 14.0732
212 569.63 678.793
213 192.756 86.1437
214 252.266 76.6015
215 796.442 76.2963
216 774.468 317.885
217 577.654 725.333
218 295.062 178.812
219 600.453 48.9517
220 179.266 100.681
221 700.278 223.273
222 168.433 173.227
223 444.002 345.286
224 235.429 970.279
225 469.558 807.764
226 467.208 294.9
227 572.44 486.76
228 98.264 828.215
229 284.555 53.621
230 719.414 538.778
231 324.9 276.427
232 977.113 176.462
233 96.8824 919.191
234 922.317 652.76
235 142.216 165.156
236 489.181 362.411
237 871.857 430.545
238 192.436 899.014
239 698.874 207.622
240 940.367 253.705
241 514.451 694.815
242 714.967 250.587
243 140.751 784.143
244 121.406 757.535
245 804.498 568.472
246 754.19 835.475
247 931.114 266.126
248 544.774 388.491
249 994.616 81.2444
250 106.969 774.194
251 983.872 7.99585
252 809.778 503.714
253 451.142 586.997
254 884.825 243.359
255 558.979 269.361
256 468.408 988.067
257 736.978 629.658
258 332.865 307.688
259 440.971 879.391
260 931.425 432.36
261 394.734 591.51
262 666.244 372.265
263 721.915 528.855
264 32.4116 373.852
265 89.5718 863.369
266 486.557 453.922
267 330.973 837.707
268 949.495 719.657
269 659.871 660.15
270 300.211 973.728
271 559.485 550.467
272 165.771 882.9
273 647.573 597.766
274 719.17 871.155
275 51.5152 871.609
276 960.601 758.232
277 307.521 694.388
278 839.855 694.754
279 467.635 38.1481
280 308.828 73.5701
281 42.0545 338.237
282 652.058 13.4281
283 792.261 182.623
284 355.358 976.23
285 81.3013 94.1191
286 809.046 593.341
287 283.931 607.139
288 804.59 924.196
289 337.545 250.374
290 58.9923 706.015
291 15.5034 190.623
292 313.15 214.885
293 906.339 368.881
294 912.87 56.5813
295 131.887 620.171
296 761.202 405.56
297 25.5745 971.286
298 165.38 514.115
299 324.931 179.662
300 591.876 759.178
301 41.6883 450.026
302 461.379 845.031
303 379.772 32.5022
304 437.086 216.014
305 677.749 286.909
306 829.31 24.2317
307 797.456 163.366
308 694.327 696.742
309 205.544 51.149
310 457.374 104.862
311 273.415 769.372
312 867.244 731.376
313 512.922 442.63
314 350.82 369.339
315 124.119 33.4483
316 704.886 131.63
317 283.327 878.719
318 907.132 864.014
319 389.944 227.943
320 984.263 845.363
321 622.333 91.637
322 376.179 85.2992
323 707.325 298.339
324 61.3052 78.8903
325 889.981 189.494
326 966.826 547.354
327 440.956 257.855
328 929.38 666.834
329 394.391 327.163
330 717.887 773.247
331 614.325 705.527
332 477.584 467.883
333 554.521 280.435
334 526.812 285.958
335 831.809 267.682
336 180.883 296.339
337 70.2231 574.541
338 545.488 373.079
339 77.664 218.207
340 576.22 247.113
341 478.164 116.066
342 199.265 764.855
343 614.622 247.444
344 120.06 399.508
345 417.68 911.069
346 813.64 782.102
347 579.18 686.605
348 374.035 285.932
349 105.612 257.825
350 356.982 634.327
351 616.657 788.175
352 323.344 740.292
353 383.404 532.09
354 387.066 760.464
355 929.014 221.259
356 565.699 212.989
357 888.007 985.595
358 346.28 178.904
359 229.119 883.82
360 209.657 536.245
361 371.899 708.914
362 851.619 713.665
363 157.784 905.855
364 929.742 568.106
365 546.098 102.176
366 881.1 40.1013
367 720.878 69.5558
368 100.375 847.458
369 816.682 688.304
370 672.058 618.309
371 797.723 103.234
372 148.766 667.841
373 769.585 207.255
374 128.957 306.436
375 186.621 704.398
376 683.676 499.741
377 967.248 871.761
378 711.114 50.2681
379 537.553 988.403
380 518.326 431.349
381 378.216 626.84
382 791.638 428.236
383 8.45363 497.391
384 115.146 567.949
385 137.7 371.166
386 595.311 781.186
387 845.912 144.993
388 900.693 106.479
389 881.1 499.771
390 471.176 749.504
391 666.677 960.021
392 685.439 893.006
393 600.569 142.033
394 874.64 398.938
395 225.41 190.226
396 942.625 95.466
397 228.37 464.008
398 961.014 553.64
399 724.021 941.958
400 444.99 146.357
401 797.641 146.31
402 995.235 996.861
403 465.59 160.045
404 682.412 354.477
405 753.349 13.7944
406 407.081 902.31
407 67.7816 302.809
408 598.471 167.795
409 504.101 947.848
410 878.994 382.366
411 81.083 12.3295
412 357.381 17.0293
413 320.536 106.758
414 257.912 267.468
415 367.07 620.289
416 940.153 553.911
417 701.743 322.554
418 971.719 287.458
419 362.722 512.196
420 445.534 662.832
421 984.002 449.049
422 135.533 579.546
423 207.953 660.455
424 230.781 526.139
425 913.846 798.094
426 263.102 16.5452
427 456.009 678.64
428 730.766 80.4509
429 654.446 883.867
430 723.764 680.536
431 337.452 941.164
432 559.17 180.826
433 744.966 481.124
434 964.629 702.937
435 367.003 921.873
436 782.421 570.411
437 514.237 646.813
438 367.238 116.459
439 918.027 672.079
440 703.503 859.483
441 384.35 818.419
442 808.276 970.977
443 522.913 887.265
444 188.055 987.308
445 426.222 488.713
446 509.104 799.62
447 506.835 975.127
448 425.611 259.224
449 70.1926 323.984
450 151.026 740.949
451 668.996 526.021
452 889.828 769.28
453 295.45 323.832
454 644.154 826.293
455 511.185 942.503
456 461.592 738.416
457 748.053 12.3804
458 492.891 68.2741
459 44.1843 885.071
460 95.8892 104.923
461 740.482 415.174
462 661.275 880.127
463 681.387 235.542
464 591.052 401.593
465 575.03 508.534
466 122.638 531.256
467 926.787 524.054
468 259.377 139.561
469 837.947 193.67
470 898.489 439.619
471 739.763 715.48
472 598.529 527.791
473 775.042 686.728
474 160.43 723.629
475 583.714 804.93
476 407.668 361.095
477 621.387 997.99
478 499.008 567.064
479 114.048 604.144
480 290.75 810.484
481 664.388 270.608
482 464.797 223.609
483 707.222 580.645
484 34.3028 108.406
485 564.718 236.671
486 306.023 112.756
487 617.239 903.226
488 523.484 657.002
489 502.864 856.532
490 75.045 48.2803
491 1.95318 422.803
492 974.249 613.208
493 116.977 206.763
494 852.412 127.541
495 541.08 131.264
496 525.294 692.286
497 581.591 445.605
498 635.039 318.461
499 198.401 787.378
500 341.929 54.7197
501 851.813 770.017
502 158.243 634.327
503 750.666 614.978
504 891.287 681.661
505 636.311 568.041
506 624.73 104.587
507 116.764 980.9
508 391.949 90.8231
509 418.47 733.974
510 323.222 537.024
511 991.48 420.824
512 943.474 138.345
513 103.214 75.7206
514 319.224 466.724
515 914.114 965.701
516 261.757 834.96
517 895.627 479.938
518 18.9825 115.116
519 276.498 863.247
520 607.702 310.591
521 474.313 493.423
522 759.798 300.428
523 967.972 956.668
524 60.213 652.093
525 744.111 883.362
526 560.9 329.722
527 542.528 469.806
528 147.282 795.679
529 302.578 722.499
530 436.897 764.245
531 941.544 780.786
532 840.358 939.364
533 123.429 769.254
534 82.6136 462.844
535 751.589 377.453
536 383.926 696.738
537 828.028 529.989
538 453.2 971.683
539 64.5161 199.591
540 760.399 707.789
541 383.352 140.725
542 717.57 539.659
543 712.424 163.264
544 74.8619 181.433
545 255.501 539.781
546 214.379 347.732
547 548.107 590.32
548 256.87 262.494
549 90.7315 20.2074
550 188.757 50.0545
551 577.837 737.724
552 632.551 846.404
553 238.744 959.461
554 21.1798 182.352
555 437.422 402.844
556 122.323 485.065
557 468.764 870.724
558 915.22 900.449
559 635.1 551.352
560 601.337 965.819
561 756.798 657.582
562 523.745 566.582
563 809.839 159.52
564 33.1126 32.96
565 911.283 571.52
566 137.242 113.437
567 875.271 976.688
568 298.532 897.889
569 357.585 307.203
570 658.65 33.9976
571 611.693 864.04
572 215.244 21.1393
573 718.836 460.585
574 73.336 687.918
575 680.868 728.66
576 101.828 850.887
577 204.138 840.052
578 213.263 159.358
579 65.8228 594.138
580 274.3 495.763
581 59.6942 597.003
582 378.892 340.194
583 180.208 285.745
584 626.545 221.172
585 487.075 330.078
586 207.713 939.974
587 26.5816 629.174
588 462.233 25.6966
589 402.29 800.779
590 668.435 618.671
591 997.408 825.621
592 995.592 733.757
593 623.066 976.623
594 290.689 978.545
595 654.06 490.738
596 740.226 341.201
597 955.504 483.173
598 430.799 267.861
599 215.478 662.252
600 535.571 768.002
601 334.025 42.5123
602 928.861 592.944
603 8.75881 723.812
604 432.189 836.303
605 617.42 637.994
606 701.813 149.667
607 161.504 641.017
608 673.483 235.166
609 250.984 515.797
610 672.628 804.59
611 315.464 224.494
612 955.748 977.42
613 587.329 930.117
614 194.678 901.669
615 144.658 702.967
616 111.229 143.624
617 195.794 872.005
618 905.875 609.363
619 643.92 271.34
620 485.946 906.556
621 711.081 197.093
622 802.057 103.427
623 410.291 353.771
624 755.76 961.058
625 151.158 692.103
626 362.865 496.235
627 103.793 339.946
628 335.774 581.347
629 5.43229 511.887
630 360.21 430.529
631 143.76 349.742
632 892.651 914.782
633 747.599 312.652
634 927.61 317.153
635 341.044 403.455
636 89.877 439.487
637 424.598 640.435
638 453.553 2.19733
639 711.529 452.732
640 992.234 443.957
641 707.541 588.855
642 550.737 391.129
643 295.443 42.0281
644 640.73 474.654
645 797.357 643.117
646 405.683 476.52
647 285.088 408.022
648 846.77 622.765
649 268.563 129.093
650 925.356 899.035
651 619.831 391.339
652 237.8 320.815
653 717.887 746.91
654 202.264 660.242
655 653.29 582.141
656 655.629 412.478
657 995.386 325.449
658 806.085 675.714
659 567.645 819.365
660 879.226 223.735
661 514.054 59.0432
662 357.847 664.331
663 327.096 565.484
664 320.017 217.322
665 535.63 873.959
666 177.846 227.76
667 861.616 832.885
668 327.403 952.334
669 877.834 845.001
670 840.613 639.658
671 21.0883 533.708
672 171.402 225.566
673 132.572 552.751
674 985.276 400.102
675 985.6 537.099
676 610.295 379.685
677 276.894 356.003
678 572.121 839.778
679 471.084 925.722
680 755.76 748.198
681 82.6136 806.482
682 391.609 726.772
683 481.002 430.867
684 641.53 844.238
685 106.465 126.835
686 904.589 355.998
687 975.129 838.348
688 949.34 651.835
689 655.029 338.023
690 744.102 883.908
691 800.991 64.9781
692 545.044 495.254
693 810.175 179.667
694 994.631 527.395
695 107.486 775.231
696 73.0613 38.3354
697 520.463 921.144
698 66.8699 371.003
699 442.427 335.612
700 258.555 236.763
701 483.98 951.323
702 330.609 2.8077
703 982.936 266.182
704 719.789 900.784
705 98.941 449.924
706 883.541 756.955
707 416.883 119.816
708 230.241 687.887
709 604.328 137.171
710 396.588 687.429
711 969.232 921.293
712 201.373 273.328
713 854.152 548.479
714 74.9552 561.972
715 301.349 658.716
716 380.016 384.415
717 935.944 466.632
718 652.541 684.717
719 983.31 514.288
720 195.776 86.7946
721 500.626 394.513
722 526.468 9.1597
723 553.514 552.141
724 86.2859 934.847
725 72.1105 888.76
726 104.811 375.408
727 204.474 795.526
728 857.082 643.64
729 58.0397 306.288
730 230.355 504.471
731 839.228 300.001
732 346.517 158.212
733 236.436 140.328
734 107.457 249.554
735 437.264 137.307
736 456.191 818.903
737 42.4818 1.52593
738 753.136 118.107
739 445.906 182.531
740 799.066 478.443
741 876.281 202.795
742 577.992 942.08
743 208.594 631.306
744 668.875 803.634
745 905.394 585.284
746 566.668 414.533
747 743.564 112.796
748 685.72 643.422
749 606.478 96.9472
750 249.278 991.302
751 838.273 112.43
752 830.479 940.672
753 405 203.565
754 609.76 767.937
755 270.699 278.634
756 894.622 872.071
757 772.913 215.033
758 700.43 386.181
759 836.146 127.598
760 847.204 510.025
761 952.484 456.195
762 420.667 173.162
763 39.1034 287.271
764 574.261 727.317
765 855.251 308.638
766 723.885 889.065
767 806.667 448.352
768 909.003 179.697
769 836.451 224.25
770 367.895 828.185
771 994.104 501.759
772 737.999 52.0545
773 594.259 2.68563
774 301.584 900.693
775 736.778 92.1049
776 268.075 941.771
777 465.464 158.578
778 777.789 672.567
779 764.78 983.398
780 912.605 289.93
781 836.545 847.503
782 964.692 104.042
783 14.9236 585.38
784 221.133 817.565
785 698.77 168.894
786 924.436 235.267
787 288.47 930.361
788 13.9775 190.954
789 12.6041 616.448
790 42.8785 723.96
791 779.528 499.836
792 927.009 249.428
793 464.736 171.29
794 979.05 866.638
795 82.7967 79.5618
796 175.665 455.265
797 412.366 516.099
798 153.909 67.1917
799 660.848 921.171
800 314.524 538.53
801 212.043 859.527
802 323.162 373.638
803 556.627 458.331
804 238.626 74.7398
805 79.7117 476.597
806 986.649 472.644
807 965.47 42.3292
808 409.894 306.593
809 754.692 419.813
810 547.994 270.638
811 827.937 244.789
812 694.632 516.103
813 250.155 621.937
814 727.227 794.275
815 473.708 576.861
816 667.549 56.2192
817 696.976 954.409
818 989.832 885.189
819 226.203 780.637
820 431.542 742.729
821 452.783 578.36
822 890.683 85.8832
823 560.558 224.677
824 889.051 351.852
825 784 26.0628
826 268.335 692.561
827 516.682 674.418
828 54.4385 61.6821
829 74.5262 990.967
830 742.899 605.396
831 745.791 745.205
832 684.204 479.476
833 226.685 717.063
834 597.402 950.652
835 536.007 346.11
836 736.947 852.783
837 573.993 923.215
838 334.3 977.569
839 674.429 767.174
840 357.83 864.376
841 145.573 327.834
842 919.034 19.1656
843 28.2296 438.124
844 277.247 124.611
845 615.284 0.854518
846 748.704 332.625
847 248.608 166.814
848 678.559 205.607
849 100.314 516.286
850 952.911 829.924
851 269.381 342.784
852 918.821 184.82
853 152.47 651.269
854 650.747 941.486
855 41.5754 525.376
856 122.105 940.031
857 313.791 997.105
858 868.069 701.106
859 167.411 311.472
860 879.682 959.441
861 566.607 893.063
862 779.341 184.535
863 420.392 45.8998
864 850.867 0.366222
865 771.579 783.929
866 86.829 748.151
867 973.724 795.286
868 677.902 70.1926
869 541.317 528.615
870 548.198 787.168
871 290.536 162.236
872 858.823 592.765
873 23.3161 52.2824
874 444.176 83.808
875 970.55 160.314
876 922.697 703.146
877 200.018 768.063
878 238.105 610.218
879 985.63 338.878
880 724.901 976.531
881 595.355 39.7351
882 713.237 23.1941
883 376.616 695.598
884 619.314 849.574
885 854.085 49.5621
886 236.337 886.013
887 479.738 725.856
888 432.875 605.182
889 364.026 36.8095
890 81.7286 624.775
891 599.204 201.239
892 307.011 702.872
893 272.408 810.968
894 190.185 908.689
895 534.989 291.94
896 701.21 989.044
897 877.56 398.724
898 762.535 384.259
899 480.254 192.877
900 638.295 319.319
901 234.718 292.764
902 469.131 643.208
903 309.627 752.709
904 527.216 739.28
905 752.098 403.489
906 194.342 928.499
907 233.996 971.16
908 191.748 589.194
909 75.2068 356.003
910 227.853 226.203
911 880.245 424.451
912 69.2465 230.262
913 13.8859 287.092
914 516.282 787.469
915 308.339 516.037
916 777.034 82.2474
917 253.305 216.315
918 671.957 715.659
919 34.6699 144.078
920 314.914 267.922
921 662.07 148.965
922 290.683 215.709
923 864.498 977.325
924 31.1834 562.704
925 891.934 748.287
926 360.844 839.137
927 756.92 377.854
928 302.377 618.03
929 51.296 654.653
930 265.847 732.723
931 96.2109 422.38
932 974.639 814.909
933 685.018 259.011
934 981.348 308.79
935 114.872 602.104
936 482.529 525.991
937 551.012 24.9336
938 815.485 725.46
939 904.532 489.059
940 413.404 28.4169
941 567.156 508.744
942 722.19 919.797
943 595.973 193.477
944 444.068 461.108
945 400.457 498.917
946 285.623 414.319
947 111.233 678.37
948 378.979 683.741
949 392.376 557.885
950 5.82904 846.832
951 819.996 410.932
952 824.763 976.261
953 997.972 97.2056
954 248.835 41.0068
955 598.987 436.266
956 330.212 447.009
957 332.926 381.943
958 538.865 11.4444
959 846.043 354.934
960 479.263 629.906
961 970.055 30.9153
962 602.588 659.936
963 748.3 247.047
964 219.278 70.5629
965 407.707 176.92
966 864.162 826.441
967 539.821 494.862
968 408.521 440.748
969 691.932 389.39
970 218.56 317.793
971 695.915 183.909
972 845.302 748.41
973 81.0515 96.5952
974 162.572 401.868
975 16.3884 574.637
976 650.166 600.792
977 669.494 537.221
978 481.812 569.998
979 120.451 369.827
980 265.969 990.692
981 62.2883 704.158
982 735.841 956.027
983 543.506 37.5419
984 199.133 836.028
985 118.931 714.992
986 645.361 461.409
987 157.567 752.316
988 417.249 226.569
989 39.477 600.177
990 882.473 816.919
991 406.11 507.523
992 55.9612 20.4474
993 685.934 480.972
994 622.517 901.09
995 96.2249 164.926
996 158.452 468.128
997 212.715 234.84
998 228.074 131.661
999 52.0358 708.43
1000 928.465 349.712
1001 929.319 601.123
1002 9.49126 779.63
1003 71.4133 395.921
1004 512.467 976.963
1005 945.708 127.659
1006 172.674 225.994
1007 330.882 431.562
1008 560.686 762.993
1009 229.404 484.664
1010 944.975 200.903
1011 143.284 143.105
1012 162.877 844.264
1013 550.493 123.722
1014 937.162 562.426
1015 807.978 653.188
1016 816.944 894.07
1017 35.6391 542.619
1018 693.869 670.191
1019 332.011 115.12
1020 956.299 912.656
1021 527.055 610.065
1022 852.382 190.531
1023 137.31 909.665
1024 744.865 823.088
1025 961.892 809.294
1026 60.7641 203.467
1027 409.101 864.105
1028 904.616 800.718
1029 641.316 703.73
1030 213.355 0.488296
1031 773.247 816.492
1032 998.403 629.994
1033 567.644 637.994
1034 103.916 679.678
1035 503.403 77.9138
1036 790.277 148.839
1037 510.446 307.566
1038 511.216 608.513
1039 244.179 45.3505
1040 505.356 858.486
1041 288.614 412.248
1042 420.209 807.327
1043 240.791 977.406
1044 436.889 836.482
1045 634.083 671.503
1046 136.235 31.2551
1047 932.92 965.579
1048 751.122 861.232
1049 651.723 734.432
1050 445.816 704.001
1051 278.909 319.899
1052 2.74667 352.493
1053 389.921 487.202
1054 450.209 703.914
1055 926.551 488.514
1056 768.67 522.294
1057 700.722 159.921
1058 756.096 500.259
1059 567.492 573.443
1060 971.77 371.044
1061 44.9019 868.13
1062 475.29 898.618
1063 439.314 399.278
1064 833.491 949.339
1065 117.374 337.295
1066 58.4429 22.0344
1067 963.25 119.175
1068 588.071 648.549
1069 494.017 640.177
1070 356.785 401.109
1071 32.763 343.49
1072 337.718 666.372
1073 346.629 584.708
1074 527.696 312.758
1075 737.115 131.993
1076 268.641 867.611
1077 551.225 492.386
1078 38.0658 818.48
1079 5.00504 645.776
1080 926.206 582.385
1081 608.358 233.806
1082 871.42 136.357
1083 310.923 422.136
1084 827.831 337.966
1085 966.124 601.825
1086 366.955 810.393
1087 971.337 255.959
1088 8.42311 988.556
1089 877.966 379.315
1090 721.274 546.804
1091 625.7 279.702
1092 896.176 223.395
1093 133.321 880.433
1094 513.565 838.073
1095 4.08948 926.654
1096 268.868 496.75
1097 8.88089 867.432
1098 480.546 315.047
1099 265.139 734.341
1100 541.765 412.187
1101 296.182 608.818
1102 46.0542 676.111
1103 68.7295 489.303
1104 679.25 79.0166
1105 94.6074 929.537
1106 52.2477 830.042
1107 363.165 780.633
1108 508.499 245.338
1109 35.2118 945.742
1110 766.411 986.297
1111 473.168 526.658
1112 635.108 703.12
1113 40.2474 330.611
1114 953.703 776.666
1115 439.405 442.824
1116 385.526 257.79
1117 373.327 677.023
1118 419.899 809.416
1119 371.288 924.65
1120 882.626 880.49
1121 149.327 181.284
1122 476.791 255.715
1123 571.52 159.067
1124 353.435 257.763
1125 617.817 864.04
1126 616.048 211.432
1127 735.923 643.361
1128 486.566 135.171
1129 207.069 392.407
1130 448.103 275.979
1131 90.7926 39.4299
1132 694.351 186.834
1133 410.596 601.585
1134 795.032 238.105
1135 412.78 950.778
1136 198.57 624.199
1137 462.182 867.306
1138 606.261 817.55
1139 93.0815 0.762963
1140 587.589 748.741
1141 301.975 627.526
1142 516.16 725.795
1143 951.262 929.899
1144 316.288 10.9867
1145 428.405 211.589
1146 868.733 631.035
1147 529.696 138.157
1148 667.867 92.349
1149 5.00504 905.946
1150 1.55644 387.066
1151 397.147 8.824
1152 85.3908 550.371
1153 773.98 215.648
1154 905.059 663.778
1155 785.943 75.7511
1156 575.274 872.524
1157 337.138 760.796
1158 791.392 475.452
1159 699.423 58.3555
1160 737.825 176.946
1161 336.453 83.0755
1162 152.837 725.089
1163 156.47 275.063
1164 244.545 753.716
1165 50.8438 888.001
1166 244.92 53.6515
1167 145.842 423.937
1168 817.133 893.368
1169 366.56 755.673
1170 184.607 41.6883
1171 720.298 517.228
1172 462.905 10.2847
1173 747.368 972.472
1174 34.2047 821.1
1175 423.627 920.957
1176 955.147 442.309
1177 705.832 282.941
1178 360.594 717.83
1179 981.774 712.668
1180 423.444 423.933
1181 136.479 245.861
1182 828.579 25.1778
1183 111.423 327.956
1184 483.712 326.735
1185 992.685 411.211
1186 699.789 696.768
1187 79.3689 433.597
1188 954.802 292.306
1189 429.923 344.406
1190 604.48 159.769
1191 447.855 648.645
1192 437.691 57.0391
1193 63.7161 793.847
1194 769.524 593.742
1195 238.075 379.624
1196 193.762 148.629
1197 10.4373 732.326
1198 831.904 439.593
1199 266.543 276.105
1200 302.737 693.554
1201 315.594 241.829
1202 478.12 766.991
1203 644.673 479.114
1204 336.995 598.991
1205 239.54 638.94
1206 137.608 961.791
1207 712.708 830.195
1208 597.797 951.201
1209 999.36 381.787
1210 984.773 148.599
1211 981.805 987.247
1212 218.116 552.324
1213 434.431 537.461
1214 77.9443 121.437
1215 876.553 320.617
1216 588.528 819.941
1217 758.141 129.398
1218 870.754 457.324
1219 865.993 65.0249
1220 763.529 907.838
1221 282.931 840.938
1222 595.203 23.4687
1223 828.73 368.715
1224 379.833 127.175
1225 685.446 210.852
1226 603.665 178.171
1227 793.505 841.583
1228 700.455 787.656
1229 170.92 304.976
1230 227.79 670.435
1231 407.399 988.891
1232 282.907 297.315
1233 715.659 449.42
1234 984.132 940.428
1235 711.417 577.227
1236 812.83 65.8326
1237 36.3947 734.306
1238 362.973 568.503
1239 949.278 492.054
1240 659.047 968.413
1241 371.41 818.873
1242 449.935 217.017
1243 911.344 157.231
1244 185.251 988.22
1245 922.3 0.305185
1246 374.645 465.747
1247 568.074 858.337
1248 752.153 499.043
1249 361.557 447.554
1250 211.646 753.109
1251 742.135 605.339
1252 513.779 198.466
1253 602.398 140.817
1254 534.609 104.561
1255 680.701 601.55
1256 142.179 202.769
1257 80.2026 209.265
1258 815.668 734.341
1259 873.714 575.732
1260 795.835 490.575
1261 452.126 413.678
1262 912.993 673.33
1263 609.851 648.4
1264 632.435 335.738
1265 164.373 861.873
1266 711.509 372.208
1267 390.698 54.5407
1268 892.85 540.269
1269 553.27 535.635
1270 13.4587 271.035
1271 801.904 713.496
1272 248.153 512.528
1273 9.91852 981.968
1274 169.774 379.319
1275 917.381 15.4118
1276 662.826 99.6471
1277 117.191 697.165
1278 613.157 465.926
1279 355.344 913.175
1280 895.352 718.044
1281 274.209 734.764
1282 704.123 92.1354
1283 705.283 976.139
1284 305.408 224.071
1285 880.947 212.561
1286 206.793 117.806
1287 454.146 118.32
1288 612.751 39.5867
1289 166.448 853.847
1290 586.291 999.257
1291 502.634 887.177
1292 289.041 886.231
1293 536.851 133.61
1294 443.404 965.484
1295 762.963 346.477
1296 670.217 920.32
1297 4.944 10.2584
1298 27.7043 169.565
1299 951.353 357.86
1300 512.68 189.982
1301 15.3203 629.261
1302 260.729 253.491
1303 493.149 768.578
1304 947.996 72.9129
