1 545.609 406.53
2 572.601 113.734
3 127.561 417.146
4 640.736 599.083
5 345.791 200.36
6 1166.51 433.012
7 288.096 639.896
8 472.349 716.871
9 485.088 196.297
10 162.79 1112.21
11 1162.46 1175.32
12 1087.41 45.629
13 905.204 1203.53
14 410.661 415.949
15 1025.07 549.285
16 1231.97 564.272
17 183.134 871.94
18 239.163 929.767
19 912.133 738.218
20 1128.39 1102.16
21 992.952 491.496
22 648.688 1059.63
23 380.666 1239.01
24 207.183 413.093
25 719.564 486.448
26 573.296 654.372
27 360.322 920.146
28 296.974 170.086
29 468.543 777.014
30 299.098 29.9947
31 618.897 157.385
32 615.721 710.926
33 748.638 1197.71
34 678.374 127.506
35 836.336 450.538
36 1129.2 847.958
37 52.732 1214.23
38 472.194 260.195
39 418.668 890.3
40 1118.3 503.356
41 409.233 277.566
42 135.736 861.741
43 933.507 535.32
44 1093.64 971.343
45 1204.01 1072.6
46 159.492 561.406
47 1068.26 173.762
48 102.646 952.118
49 178.501 1138.45
50 1202.18 611.368
51 845.449 1170.72
52 606.324 189.088
53 577.581 1051.4
54 908.256 317.713
55 1055.45 1250.59
56 774.496 1192.26
57 391.9 1154.39
58 61.2247 126.812
59 807.463 142.87
60 338.125 680.422
61 1067.22 824.68
62 691.074 534.037
63 996.464 1182
64 844.059 897.341
65 1070.58 678.49
66 1009.67 105.232
67 883.471 600.984
68 756.107 1130.58
69 187.843 236.222
70 595.692 952.188
71 98.4254 371.403
72 1039.64 370.631
73 827.691 187.187
74 95.929 556.05
75 661.057 865.252
76 277.915 1203.61
77 1010.55 766.467
78 830.664 676.144
79 180.547 357.745
80 538.077 573.644
81 643.014 331.796
82 1243.07 520.95
83 789.513 811.14
84 419.178 641.933
85 986.428 1127.69
86 511.244 165.308
87 1180.7 823.483
88 375.29 52.3165
89 631.819 216.341
90 38.8348 784.696
91 910.456 1008.78
92 689.878 7.14159
93 814.296 1157.63
94 396.792 844.02
95 590.166 676.675
96 321.526 253.43
97 827.09 587.888
98 760.715 1009.82
99 1002.35 1053.45
100 388.724 1012.76
101 811.825 785.584
102 80.4105 443.56
103 204.099 553.116
104 403.434 737.021
105 793.257 705.396
106 240.604 1085.84
107 595.339 523.546
108 1008.16 541.496
109 727.361 445.837
110 896.299 1147.75
111 164.527 88.7119
112 1088.69 401.56
113 289.292 1222.18
114 309.134 643.554
115 369.526 599.624
116 800.167 1085.99
117 926.43 168.503
118 108.514 873.436
119 676.869 844.098
120 800.785 1234.31
121 521.318 42.0003
122 424.597 918.186
123 996.966 1118.92
124 62.7017 107.635
125 1127.33 221.235
126 514.465 927.76
127 1106.82 621.203
128 389.197 479.568
129 373.988 215.376
130 806.884 974.885
131 475.205 612.024
132 799.399 224.825
133 326.11 871.592
134 474.588 1232.69
135 206.566 665.442
136 778.434 28.2189
137 906.873 362.563
138 747.46 792.224
139 268.315 1186.05
140 1031.48 335.896
141 149.317 420.852
142 66.0302 1002.91
143 309.711 576.346
144 1160.68 445.095
145 820.978 440.163
146 212.433 1264.26
147 814.373 1243.18
148 900.111 576.462
149 421.045 646.767
150 537.395 481.421
151 1014.92 697.948
152 653.497 1125.33
153 580.415 623.557
154 1095.65 357.089
155 35.6694 808.739
156 42.9511 683.663
157 941.686 796.355
158 98.0826 658.657
159 1001.52 79.7928
160 1210.27 344.456
161 362.953 1154.21
162 373.409 789.097
163 463.393 383.061
164 1033.87 229.081
165 225.829 238.336
166 1187.69 467.919
167 788.741 894.754
168 169.339 758.785
169 853.354 248.027
170 610.046 134.725
171 815.568 289.408
172 968.44 843.335
173 687.662 427.949
174 262.949 523.537
175 57.6346 722.236
176 574.779 709.575
177 434.826 1085.6
178 1075.69 116.929
179 708.56 92.6954
180 384.833 764.073
181 156.575 1078.07
182 167.963 375.541
183 1133.08 1081.4
184 231.095 1027.78
185 827.884 939.486
186 841.097 689.416
187 400.624 23.0166
188 159.699 1207.04
189 988.551 1211.34
190 268.099 1162.58
191 123.095 622.138
192 90.8414 1158.61
193 543.44 428.148
194 197.726 336.204
195 1008.47 198.845
196 986.775 1235.5
197 1198.31 875.607
198 277.094 414.94
199 374.648 713.782
200 702.462 347.815
201 584.205 457.216
202 950.256 970.986
203 68.1346 725.2
204 536.953 855.719
205 376.442 97.7837
206 187.75 227.112
207 1012.21 87.9767
208 270.381 210.928
209 391.457 700.889
210 1142.46 65.0169
211 398.793 59.9508
212 339.653 970.87
213 707.446 257.638
214 870.132 834.37
215 466.404 61.3791
216 150.266 279.256
217 816.726 1000.05
218 651.583 1101.78
219 1197.78 286.322
220 229.843 831.831
221 540.384 1116.06
222 537.676 689.308
223 256.943 470.158
224 878.377 1149.53
225 630.213 626.298
226 862.67 645.793
227 397.459 1251.86
228 62.6814 1193.26
229 1189.52 65.471
230 765.772 133.499
231 516.549 968.247
232 215.371 396.107
233 101.333 322.655
234 1158.33 954.666
235 878.932 96.5557
236 509.639 132.225
237 1129.76 924.479
238 1112.2 672.933
239 833.289 1044.84
240 440.771 1188.59
241 187.725 412.475
242 720.24 980.019
243 566.811 103.466
244 485.551 664.902
245 932.214 490.569
246 409.462 37.0591
247 932.527 781.338
248 128.587 121.725
249 522.374 281.996
250 805.649 210.628
251 774.194 781.331
252 248.442 49.1805
253 1160.64 505.325
254 487.871 877.769
255 687.484 1179.18
256 1239.98 744.54
257 815.001 41.9617
258 186.106 1065.76
259 790.094 524.463
260 695.128 171.282
261 559.968 1239.7
262 224.868 939.534
263 450.692 399.157
264 764.922 547.316
265 78.8054 1131.93
266 229.474 271.342
267 906.503 99.9051
268 811.224 239.533
269 979.658 1130.15
270 589.861 56.0996
271 342.46 318.169
272 281.517 641.054
273 1061.7 61.3405
274 316.309 518.829
275 945.949 822.991
276 104.151 504.244
277 1118.63 1129.57
278 1152.96 577.697
279 775.896 1105.09
280 325.061 627.89
281 636.181 294.004
282 604.681 588.737
283 281.671 153.92
284 1133.77 1203.76
285 513.114 207.608
286 238.761 1022.1
287 1242.54 137.437
288 683.508 910.543
289 111.533 1228.01
290 110.972 234.755
291 1112.7 373.525
292 246.559 664.1
293 515.129 970.6
294 86.3554 981.751
295 870.734 999.477
296 150.839 608.01
297 1000.94 375.185
298 563.16 1088.89
299 770.597 998.713
300 19.3016 655.482
301 683.833 1213.88
302 138.277 625.681
303 687.253 1160.27
304 339.554 478.68
305 1196.78 231.042
306 240.073 1144.59
307 387.383 439.576
308 684.551 1226.42
309 1135.17 1019.12
310 1033.96 577.05
311 790.925 706.014
312 1072.01 251.625
313 211.893 1240.64
314 688.202 533.274
315 246.955 980.714
316 1188.96 807.472
317 383.12 542.993
318 1022.87 65.3258
319 40.9194 901.501
320 392.184 127.815
321 849.898 698.264
322 1000.71 419.848
323 340.431 761.998
324 501.427 750.987
325 230.756 572.949
326 548.551 1138.65
327 142.625 331.109
328 1134.05 1020.29
329 238.489 1057.61
330 264.895 549.131
331 1165.85 1257.46
332 69.0062 1159.1
333 54.5849 310.34
334 477.29 653.629
335 359.975 376.352
336 960.641 300.952
337 404.87 835.884
338 628.73 765.308
339 1073.56 738.365
340 365.818 1212.8
341 745.428 477.794
342 177.717 586.469
343 1062.11 515.092
344 1044.8 1041.72
345 537.379 775.933
346 543.649 552.452
347 753.921 299.831
348 189.465 26.5204
349 381.091 326.699
350 726.793 297.824
351 573.141 167.538
352 103.804 476.836
353 366.846 1089.28
354 135.745 460.391
355 845.138 1012.91
356 355.709 892.353
357 989.593 430.889
358 1189.8 1111.67
359 17.1398 215.608
360 117.971 657.615
361 766.66 418.073
362 1053.99 30.1105
363 1062.9 580.515
364 17.9505 402.679
365 904.373 1032.1
366 232.893 273.542
367 1132 409.628
368 183.741 147.512
369 646.256 1037.04
370 252.928 718.251
371 808.621 1105.68
372 557.28 98.6312
373 1094.86 885.287
374 481.461 686.519
375 1113.01 186.724
376 702.054 876.679
377 549.941 939.958
378 1178.04 1237.85
379 888.337 1081.08
380 663.859 833.598
381 128.695 806.845
382 790.13 254.241
383 1112.81 837.767
384 520.144 787.93
385 145.955 891.271
386 324.576 394.881
387 477.512 522.844
388 647.414 1016.82
389 507.516 1134.63
390 483.08 249.695
391 1080.04 197.764
392 526.432 1197.48
393 655.458 562.767
394 148.815 181.174
395 603.197 840.517
396 614.463 1181.23
397 537.48 1164.94
398 621.327 501.417
399 442.364 67.6714
400 598.58 1035.57
401 797.916 275.241
402 160.358 1223.1
403 702.578 870.697
404 887.488 653.938
405 298.208 924.363
406 369.896 247.108
407 312.978 789.831
408 1008.66 405.565
409 614.138 998.095
410 123.25 733.538
411 562.333 784.735
412 1072.51 1214.65
413 906.365 567.816
414 1210.67 21.1932
415 447.141 486.363
416 815.994 1130.37
417 647.144 153.141
418 43.8146 678.721
419 58.6992 631.548
420 867.875 850.438
421 301.498 981.795
422 436.757 907.609
423 223.039 564.465
424 563.442 313.274
425 80.9671 341.995
426 1059.49 818.165
427 879.647 464.242
428 446.346 1010.99
429 741.683 862.859
430 359.052 541.651
431 599.016 287.526
432 245.601 812.945
433 417.64 1175.62
434 194.02 1.54413
435 198.459 1004.38
436 417.905 946.707
437 354.339 166.729
438 971.064 266.169
439 723.454 397.159
440 285.586 240.459
441 1162.38 717.633
442 185.415 60.6548
443 784.724 497.218
444 325.54 230.115
445 95.901 323.612
446 1174.53 732.843
447 338.733 1169.48
448 184.308 799.636
449 755.507 247.64
450 874.485 749.674
451 1146.18 1004.38
452 247.186 173.753
453 1233.09 854.8
454 265.921 699.074
455 179.859 149.51
456 1248.81 938.569
457 253.7 92.7249
458 763.919 913.236
459 437.374 1223.11
460 427.067 959.183
461 632.282 382.104
462 1204.4 17.2556
463 941.008 425.378
464 1002.05 155.494
465 911.499 744.926
466 472.735 1026.03
467 69.7666 1071.24
468 654.903 498.338
469 1074.1 617.39
470 220.888 724.784
471 1045.76 712.47
472 960.911 605.105
473 1086.97 472.242
474 613.618 393.289
475 807.875 1243.14
476 359.792 909.183
477 826.803 333.804
478 295.739 113.271
479 330.469 808.312
480 1236.19 1128.56
481 480.687 1098.11
482 346.378 1097.33
483 377.478 265.204
484 436.602 95.4749
485 360.708 1202.03
486 951.144 716.63
487 377.621 960.293
488 958.641 133.721
489 524.833 416.22
490 701.343 1016.12
491 871.439 369.355
492 766.818 168.242
493 387.653 228.81
494 805.842 283.897
495 1041.61 591.478
496 87.4433 1100.77
497 934.551 882.98
498 979.942 847.542
499 898.644 607.662
500 559.553 817.693
501 347.776 1236.28
502 648.255 539.132
503 884.863 669.843
504 1065.83 920.966
505 792.26 626.955
506 317.702 1009.37
507 578.855 1141.84
508 194.749 737.36
509 1045.12 834.989
510 72.8015 570.671
511 1028.3 795.187
512 767.432 394.679
513 804.761 739.56
514 983.473 61.1861
515 654.005 728.481
516 1123.31 555.539
517 896.907 187.187
518 207.376 287.632
519 76.1417 1175.59
520 683.39 583.41
521 950.835 888.607
522 82.8425 198.222
523 505.972 652.396
524 739.154 502.353
525 644.298 53.1952
526 76.4343 391.407
527 202.242 881.436
528 326.388 823.02
529 483.751 1037.77
530 1052.6 304.048
531 637.985 909.385
532 1154.43 548.127
533 1188.94 327.982
534 177.745 506.474
535 102.144 180.981
536 1042.71 258.95
537 947.062 768.522
538 1092.58 474.665
539 27.7557 512.853
540 296.637 260.465
541 194.719 800.399
542 285.548 1081.39
543 118.589 1038.59
544 706.709 818.513
545 435.483 349.282
546 699.149 352.949
547 502.305 1068.46
548 903.622 153.332
549 576.848 1159.02
550 218.108 895.603
551 1070.04 985.81
552 899.648 949.06
553 173.751 697.878
554 717.843 1242.61
555 89.275 932.267
556 138.799 83.1218
557 172.038 918.833
558 655.367 468.382
559 64.0041 408.113
560 1230.96 779.669
561 1150.18 29.4156
562 339.708 470.303
563 53.0794 550.761
564 651.854 203.988
565 955.506 7.45042
566 194.83 728.635
567 437.295 116.205
568 351.868 813.61
569 672.401 795.814
570 236.514 160.01
571 705.047 1116.17
572 825.887 1042.36
573 613.25 851.673
574 1159.41 743.305
575 738.154 585.456
576 829.64 358.664
577 373.216 988.01
578 709.295 735.198
579 261.594 1045.3
580 913.738 1194.27
581 1071.62 392.913
582 296.241 349.398
583 358.469 311.221
584 523.295 447.372
585 1263.95 619.738
586 588.522 446.571
587 1056.49 113.31
588 790.307 76.0869
589 492.471 195.959
590 308.864 295.276
591 659.845 892.545
592 297.801 209.895
593 918.795 741.461
594 819.816 124.697
595 939.959 41.2282
596 669.138 229.457
597 687.769 825.871
598 370.761 332.962
599 460.321 137.784
600 559.978 67.71
601 1077.1 1164.2
602 970.369 1230.76
603 285.101 441.814
604 567.315 720.336
605 163.302 982.837
606 684.744 99.2488
607 996.781 1109.42
608 505.291 929.497
609 106.968 532.531
610 1098.03 351.298
611 183.674 480.31
612 643.631 1072.33
613 205.682 1242.72
614 1021.12 908.372
615 1058.96 543.928
616 778.269 823.213
617 1150.81 323.495
618 705.86 1077.26
619 454.112 456.714
620 592.984 1083.32
621 573.142 380.126
622 728.711 169.323
623 1143.27 183.907
624 1220.93 983.812
625 1141.11 945.286
626 1079.32 1183
627 1085.44 875.568
628 1264.15 482.974
629 641.701 73.9251
630 981.757 1067.81
631 750.794 499.796
632 1049.08 670.47
633 985.119 1168.72
634 22.1968 186.656
635 1031.75 1195.04
636 871.815 964.462
637 157.087 1091.97
638 370.479 453.588
639 5.21143 919.953
640 467.747 1002.46
641 673.083 227.575
642 980.911 133.229
643 1074.37 597.269
644 601.418 1227.5
645 41.8073 788.2
646 1156.32 1186.74
647 1159.02 389.699
648 1022.91 244.367
649 1245.52 669.196
650 955.892 177.429
651 816.11 229.259
652 481.575 931.418
653 1188.17 945.624
654 1023.06 134.03
655 1109.26 1112.97
656 697.984 755.821
657 678.567 697.29
658 861.621 512.235
659 358.421 1238.89
660 561.252 605.848
661 868.598 133.721
662 910.897 640.436
663 734.475 1031.53
664 657.043 615.875
665 127.793 396.069
666 391.784 867.607
667 1083.32 313.969
668 352.293 617.072
669 135.96 781.724
670 1122.74 1069.16
671 265.728 270.386
672 823.731 729.485
673 526.702 767.248
674 817.5 547.085
675 71.5703 50.4635
676 417.744 288.483
677 101.498 875.105
678 1001.71 984.652
679 621.611 292.767
680 1195.23 724.012
681 929.388 326.892
682 571.212 572.949
683 923.852 633.479
684 229.75 259.461
685 224.892 200.621
686 56.2063 16.8787
687 761.099 676.714
688 1086.99 72.6126
689 1114.01 1042.05
690 1030.36 125.229
691 447.37 1119.61
692 1058.63 897.302
693 990.698 951.221
694 998.549 648.534
695 139.374 1047.81
696 1260.84 400.238
697 900.072 402.749
698 210.503 385.501
699 860.232 1217.98
700 590.629 675.797
701 794.586 1070.05
702 774.815 508.327
703 695.668 1137.71
704 568.351 229.683
705 871.042 543.303
706 708.871 474.983
707 436.988 1155.47
708 499.298 1245.46
709 563.414 217.261
710 605.949 981.062
711 373.679 527.204
712 962.609 1029.82
713 472.387 1264.88
714 793.489 184.069
715 1190.19 1001.18
716 1019.13 1021.63
717 369.047 797.156
718 887.063 922.695
719 614.508 524.347
720 608.063 1208.74
721 457.58 758.716
722 731.09 43.39
723 683.392 194.106
724 1101.08 1146.67
725 141.06 373.177
726 179.393 846.105
727 1128.18 861.083
728 247.253 506.445
729 19.4946 983.541
730 367.734 908.758
731 154.336 670.267
732 184.832 131.723
733 411.585 1023.92
734 632.513 652.433
735 631.664 471.499
736 317.521 1162.54
737 102.685 1197.32
738 1159.87 414.212
739 1159.51 594.953
740 205.917 45.3605
741 18.6453 287.14
742 323.225 518.75
743 460.922 139.598
744 1177.44 121.291
745 1108.72 230.075
746 493.388 805.147
747 52.5776 744.656
748 80.5872 839.079
749 899.339 935.896
750 187.187 338.203
751 116.543 1254.46
752 876.138 728.992
753 1150.26 636.267
754 841.965 382.249
755 914.355 1227.62
756 1106.06 218.612
757 560.518 256.518
758 664.284 1129.65
759 166.258 595.502
760 833.057 863.394
761 1100.43 30.1105
762 456.015 475.33
763 270.029 191.906
764 891.982 381.747
765 11.6968 524.386
766 10.0368 108.05
767 544.035 374.344
768 473.948 1070.01
769 378.929 1222.5
770 626.1 700.302
771 164.318 261.963
772 1263.99 7.64343
773 654.556 581.335
774 914.282 487.645
775 844.947 553.107
776 544.818 749.367
777 1257.53 1239.09
778 359.843 1194.93
779 420.346 584.53
780 742.086 730.497
781 1232.31 857.223
782 314.487 849.309
783 136.557 1215.19
784 750.408 1183.88
785 1153.18 821.447
786 175.439 111.457
787 589.056 335.155
788 551.361 860.736
789 25.7483 461.124
790 857.85 1194.01
791 1005.81 16.9854
792 1233.83 1144.74
793 1228.55 925.089
794 709.854 940.916
795 620.717 243.355
796 634.675 171.823
797 311.914 1211.18
798 940.953 678.297
799 503.278 1052.09
800 345.653 1184.12
801 504.373 29.3476
802 534.925 87.87
803 1108.53 1081.66
804 436.178 59.8827
805 297.338 1118.65
806 24.5516 1192.23
807 684.194 711.148
808 1048.46 217.654
809 1124.05 1136.48
810 566.183 391.33
811 695.977 64.1291
812 1023.59 457.294
813 302.842 1124.78
814 1031.7 327.21
815 703.022 1081.39
816 727.526 511.347
817 979.44 937.672
818 1032.73 76.7523
819 545.358 841.482
820 48.9945 639.655
821 1111.07 408.731
822 935.433 530.958
823 514.195 540.647
824 799.649 341.763
825 200.56 102.23
826 43.197 256.441
827 475.283 75.9711
828 443.474 499.989
829 708.176 224.478
830 229.441 839.892
831 1030.12 347.467
832 243.084 1251.28
833 22.144 516.906
834 737.823 370.822
835 172.788 241.154
836 331.833 857.454
837 1210.64 362.716
838 953.233 15.6434
839 296.666 18.5295
840 275.684 155.185
841 1049.43 569.368
842 841.125 275.744
843 870.618 453.665
844 121.793 434.17
845 764.798 398.655
846 777.052 596.883
847 185.086 1189.25
848 484.547 297.167
849 1031.52 1146.49
850 807.91 185.102
851 143.256 1058.58
852 972.322 500.297
853 674.652 752.27
854 1219.39 547.711
855 171.861 606.774
856 741.297 1026.15
857 329.285 396.88
858 263.235 389.045
859 412.428 572.224
860 506.366 165.955
861 1045.23 666.764
862 143.758 403.606
863 525.04 349.398
864 398.208 551.099
865 692.029 26.9542
866 1216.71 1039.04
867 1257.3 838.278
868 355.96 383.754
869 958.71 783.847
870 950.141 886.37
871 1011.02 314.895
872 790.726 1210.34
873 1082.64 232.855
874 1132.6 755.551
875 856.069 1024.45
876 841.869 658.879
877 733.036 670.493
878 1192.45 325.734
879 362.716 1106.91
880 115.511 1071.17
881 861.662 58.6474
882 951.831 226.91
883 926.113 294.118
884 764.807 755.387
885 205.408 751.42
886 659.613 990.713
887 389.506 138.354
888 553.155 339.245
889 6.56254 1071.59
890 253.353 898.335
891 184.878 227.682
892 487.172 1047.97
893 1044.96 1091.04
894 364.552 1047.82
895 238.684 611.629
896 1259.54 275.597
897 389.931 505.016
898 330.968 1057.8
899 212.655 969.722
900 431.314 1234.34
901 386.841 894.089
902 496.399 1135.24
903 39.6841 350.063
904 910.786 5.48165
905 1078.36 862.004
906 999.553 451.782
907 1145.55 306.017
908 253.43 956.473
909 588.362 678.762
910 1024.49 924.701
911 76.9362 624.754
912 22.1582 156.304
913 35.708 1244.46
914 1090.19 113.879
915 1107.45 431.168
916 803.278 750.726
917 437.22 142.176
918 128.262 995.499
919 1218.12 161.053
920 444.331 1108.22
921 954.541 212.018
922 237.641 804.57
923 266.478 48.2245
924 906.326 475.678
925 841.627 186.424
926 514.875 875.019
927 71.7024 607.392
928 547.278 753.536
929 1014.11 605.105
930 471.065 627.341
931 284.699 70.4122
932 229.91 903.71
933 1007.38 520.496
934 1208.05 732.659
935 319.712 507.825
936 726.683 72.3901
937 1177.28 1225.96
938 547.101 893.635
939 407.418 118.203
940 74.9654 818.088
941 785.073 1117.92
942 520.294 230.5
943 426.565 548.59
944 694.317 929.991
945 908.719 33.9414
946 534.152 33.7336
947 590.475 411.905
948 287.324 1186.75
949 832.671 488.948
950 1120.88 756.005
951 973.187 226.601
952 631.938 928.455
953 1108.99 898.181
954 1002.83 1099.38
955 783.539 266.13
956 133.027 1129.34
957 913.242 618.693
958 336.512 772.064
959 692.332 572.95
960 81.3024 134.957
961 251.433 853.171
962 170.583 13.2409
963 227.759 69.1383
964 106.699 362.677
965 145.534 394.418
966 439.225 969.211
967 954.039 102.578
968 845.54 727.904
969 481.173 1142.73
970 820.316 611.754
971 949.105 1246.27
972 850.908 962.58
973 734.481 1039.08
974 444.686 667.188
975 64.3515 213.979
976 500.36 592.752
977 792.215 263.737
978 758.26 420.389
979 1165.08 1212.84
980 493.233 497.134
981 253.662 969.297
982 1014.72 979.836
983 332.528 691.663
984 215.763 655.83
985 924.354 279.38
986 702.408 1252.64
987 438.957 734.659
988 1086.05 524.163
989 1205.46 692.426
990 979.658 1068.47
991 1193.2 15.3346
992 319.171 1255.15
993 586.383 168.349
994 481.073 512.071
995 104.216 707.49
996 305.418 586.614
997 751.566 644.798
998 1078.43 43.6602
999 619.616 473.593
1000 639.192 783.847
1001 531.024 640.089
1002 168.387 945.817
1003 229.815 594.498
1004 14.4762 477.136
1005 263.969 564.417
1006 449.882 3.70591
1007 89.6529 217.066
1008 884.592 678.374
1009 873.249 905.129
1010 534.963 1046.54
1011 83.7303 1082.09
1012 1124.82 520.573
1013 716.589 1209.05
1014 316.855 287.294
1015 1216.19 509.871
1016 738.286 1219.21
1017 362.628 424.22
1018 892.534 570.024
1019 860.488 340.596
1020 1231.45 1010.48
1021 781.042 464.714
1022 589.702 127.585
1023 1012.33 899.763
1024 1240.24 486.748
1025 54.7373 959.376
1026 1093.63 455.295
1027 152.377 1026.69
1028 957.441 804.722
1029 221.089 1153.4
1030 146.654 327.432
1031 1104.39 23.7887
1032 930.723 450.74
1033 843.055 435.328
1034 789.397 1234.68
1035 664.709 319.489
1036 1043.52 429.817
1037 815.111 938.367
1038 507.707 368.013
1039 102.487 1145.48
1040 583.024 770.683
1041 290.952 436.225
1042 479.687 316.894
1043 1097.24 784.349
1044 35.4296 620.17
1045 591.671 1096.37
1046 560.711 881.962
1047 920.54 610.587
1048 1146.52 645.3
1049 152.487 965.359
1050 698.448 695.909
1051 1145.74 171.021
1052 971.161 51.6897
1053 287.862 674.63
1054 953.45 249.994
1055 1134.77 23.1711
1056 300.989 840.594
1057 1104.21 364.453
1058 1154.04 479.384
1059 701.961 358.855
1060 1174.19 645.986
1061 918.303 644.944
1062 869.752 161.518
1063 1153.46 268.649
1064 61.8646 766.274
1065 944.007 1035.69
1066 1260.42 1078
1067 220.694 911.19
1068 535.851 571.028
1069 646.681 118.319
1070 1262.21 205.147
1071 484.275 969.915
1072 126.425 42.4727
1073 273.331 752.261
1074 746.624 353.306
1075 1002.34 709.297
1076 830.586 783.182
1077 473.927 239.726
1078 665.832 1254.91
1079 691.074 799.356
1080 51.4357 190.005
1081 262.347 1007.58
1082 437.555 347.901
1083 998.35 78.9049
1084 947.747 765.511
1085 1141.34 170.317
1086 154.143 825.075
1087 140.158 675.913
1088 484.558 816.96
1089 1152.04 243.741
1090 1197.12 881.697
1091 547.509 654.256
1092 513.847 1182.58
1093 1185.31 828.279
1094 72.9214 643.061
1095 388.541 182.284
1096 835.589 310.293
1097 1084.67 876.601
1098 932.058 370.668
1099 673.455 1170.56
1100 685.747 712.654
1101 1156.2 104.576
1102 1046.04 159.479
1103 1093.21 0.386032
1104 1230.79 682.552
1105 159.084 304.357
1106 576.809 800.322
1107 9.11036 1254.88
1108 903.439 926.554
1109 1150.74 966.672
1110 605.211 321.921
1111 856.258 962.233
1112 885.728 1060.47
1113 349.613 1076.34
1114 1067.42 1110.78
1115 1168.02 54.3238
1116 1225.22 589.973
1117 1028.85 805.233
1118 203.014 120.019
1119 229.468 1127.92
1120 643.554 955.275
1121 279.101 5.36584
1122 270.484 406.424
1123 821.094 562.564
1124 484.053 884.592
1125 659.54 181.01
1126 292.249 369.28
1127 13.3181 300.991
1128 962.841 745.814
1129 186.061 939.881
1130 693.043 341.677
1131 1175.47 160.637
1132 586.283 19.3107
1133 706.764 29.8017
1134 273.443 313.737
1135 1159.83 194.099
1136 327.692 1057.2
1137 112.642 494.053
1138 895.495 29.8017
1139 254.704 141.907
1140 879.332 1253.48
1141 734.889 964.233
1142 525.977 623.914
1143 51.1878 176.889
1144 483.891 856.103
1145 533.584 117.903
1146 98.493 31.934
1147 652.701 156.497
1148 937.065 336.89
1149 94.4396 1035.81
1150 771.678 1178.8
1151 723.347 1003.72
1152 64.5059 1263.57
1153 58.175 278.638
1154 389.854 767.084
1155 1094.16 1024.91
1156 972.618 541.95
1157 1247.25 288.8
1158 727.053 147.85
1159 62.1125 953.122
1160 820.279 401.512
1161 1030.96 258.913
1162 828.927 759.904
1163 108.861 526.209
1164 1115.05 1073.14
1165 258.719 488.987
1166 788.277 513.461
1167 21.695 1110.85
1168 492.437 704.749
1169 121.694 118.628
1170 619.256 1205.9
1171 233.797 1041.17
1172 336.63 655.637
1173 1156.59 914.403
1174 752.068 85.7763
1175 238.436 701.999
1176 1094.59 287.864
1177 569.204 607.614
1178 253.081 788.711
1179 719.872 887.806
1180 434.085 907.57
1181 1106.49 1087.65
1182 716.746 320.145
1183 1109.02 496.128
1184 249.679 1174.78
1185 890.521 513.461
1186 947.062 577.813
1187 1047.67 586.816
1188 1124.16 955.014
1189 827.691 1056.15
1190 512.616 1010.21
1191 753.496 117.122
1192 1172.61 1038.98
1193 505.548 823.638
1194 1150.95 1197.28
1195 627.379 241.193
1196 402.377 1061.64
1197 885.442 144.492
1198 719.957 457.018
1199 580.206 310.456
1200 266.34 457.92
1201 1142.38 252.851
1202 326.041 937.102
1203 913.583 153.1
1204 130.749 622.524
1205 422.65 1152.01
1206 433.305 317.627
1207 888.491 1060.05
1208 920.609 219.546
1209 645.974 890.421
1210 803.757 77.5924
1211 1053.6 318.669
1212 892.159 109.479
1213 966.933 1070.43
1214 104.604 426.874
1215 295.948 887.217
1216 66.0221 1016.07
1217 431.986 1080.17
1218 221.544 555.649
1219 116.433 62.5849
1220 108.78 240.768
1221 26.7906 740.496
1222 613.289 1228.97
1223 639.279 5.52026
1224 1206.27 986.775
1225 399.36 948.828
1226 236.404 22.5534
1227 6.90997 90.6403
1228 560.75 841.859
1229 1108.51 383.648
1230 545.309 784.764
1231 1237.3 1102.9
1232 102.489 890.122
1233 860.28 75.4784
1234 782.928 207.463
1235 1259.06 697.097
1236 564.645 33.8164
1237 50.69 881.543
1238 296.192 1188.48
1239 261.171 1221.14
1240 913.892 588.699
1241 873.204 1219.44
1242 1103.01 1155.55
1243 815.616 22.0828
1244 1125.32 785.537
1245 500.375 996.619
1246 388.039 401.946
1247 301.877 1030.94
1248 1205.42 376.729
1249 627.495 92.8498
1250 1132.46 1090.74
1251 1097.76 443.097
1252 1146.17 576.201
1253 504.536 570.21
1254 294.888 349.136
1255 2.3548 118.396
1256 1121.08 149.828
1257 655.692 999.089
1258 1047.88 633.401
1259 204.241 644.365
1260 34.3568 900.962
1261 446.647 739.02
1262 816.38 40.8036
1263 965.427 423.756
1264 336.134 770.22
1265 452.41 724.622
1266 962.963 871.862
1267 1014.6 119.438
1268 221.32 493.512
1269 986.698 225.182
1270 408.499 543.542
1271 1251.61 769.718
1272 231.619 771.919
1273 879.333 826.342
1274 406.291 2.50921
1275 365.65 291.84
1276 1062.87 189.04
1277 1040.09 717.17
1278 1228.91 1058.32
1279 126.076 781.994
1280 16.831 837.73
1281 99.9396 32.4653
1282 320.754 1108.14
1283 331.677 743.237
1284 292.108 831.976
1285 361.011 1013.95
1286 874.671 434.025
1287 1165.89 627.311
1288 1011.6 411.472
1289 594.566 52.0775
1290 974.615 905.409
1291 767.056 1254.3
1292 141.056 452.972
1293 1116.28 764.614
1294 1195.31 391.359
1295 744.926 207.801
1296 1198.32 806.956
1297 541.564 1009.29
1298 624.488 219.961
1299 102.829 567.013
1300 1043.44 1055.92
1301 34.0866 966.972
1302 231.928 430.58
1303 1152.27 1125.37
1304 1256.9 1249.74
1305 993.978 367.434
1306 947.245 1256.57
1307 836.296 1089.15
1308 1111.51 193.064
1309 312.261 577.281
1310 248.068 318.245
1311 360.979 415.071
1312 271.612 486.248
1313 1191.72 295.006
1314 529.829 1251.82
1315 23.4321 858.042
1316 858.21 60.925
1317 673.201 653.668
1318 1067.57 793.073
1319 578.546 131.328
1320 432.549 942.42
1321 932.344 1107.26
1322 945.622 402.902
1323 838.394 636.499
1324 875.296 738.479
1325 752.376 656.495
1326 1237.6 233.472
1327 1018.08 395.345
1328 801.287 116.552
1329 1168.21 775.616
1330 582.445 190.005
1331 1032.33 1012.68
1332 701.069 919.422
1333 143.163 135.429
1334 793.296 473.738
1335 685.063 275.202
1336 1202.22 733.499
1337 482.038 462.891
1338 1258.39 769.902
1339 330.714 127.477
1340 197.902 536.198
1341 418.579 85.0134
1342 403.517 576.5
1343 103.071 844.177
1344 116.311 251.509
1345 1030.9 721.889
1346 107.78 1154.66
1347 996.619 283.318
1348 388.094 982.523
1349 512.758 526.625
1350 794.184 158.505
1351 151.457 343.453
1352 1262.93 455.286
1353 253.518 970.6
1354 760.739 1055.03
1355 744.824 1189.37
1356 3.12686 1149.42
1357 525.93 594.421
1358 918.38 1192
1359 126.795 697.569
1360 1174.04 304.348
1361 111.061 30.4671
1362 907.445 392.295
1363 344.015 451.898
1364 784.311 979.402
1365 202.606 292.737
1366 992.62 186.154
1367 293.577 452.816
1368 278.398 1104.29
1369 1006.38 481.575
1370 875.366 1022.84
1371 1037.38 248.682
1372 72.9052 677.334
1373 404.214 104.083
1374 562.209 146.045
1375 1257.37 441.043
1376 1204.77 716.639
1377 680.706 760.917
1378 21.9652 325.078
1379 709.45 108.514
1380 57.6 1175.81
1381 203.67 1098.68
1382 816.578 793.72
1383 517.823 1024.22
1384 101.587 1071.93
1385 1216.23 1183.97
1386 143.025 63.4637
1387 673.896 559.254
1388 1227.7 1003.77
1389 78.4803 268.91
1390 481.614 759.788
1391 528.323 58.879
1392 316.865 546.939
1393 400.415 199.24
1394 62.0251 147.348
1395 760.79 950.69
1396 1218.63 880.348
1397 959.111 1128.57
1398 962.764 342.844
1399 1193.88 97.2506
1400 76.4216 385.146
1401 499.168 1075.87
1402 1208.4 172.054
1403 473.671 861.16
1404 616.455 446.185
1405 363.935 1264.61
1406 679.918 641.122
1407 39.5683 1044.49
1408 289.601 680.576
1409 828.693 369.973
1410 1167.9 206.498
1411 36.8275 623.451
1412 540.445 1158.13
1413 442.895 345.508
1414 530.176 909.491
1415 280.182 67.7192
1416 874.826 248.807
1417 73.2795 496.748
1418 1046.11 1120.54
1419 457.487 959.878
1420 718.02 991.485
1421 655.068 267.838
1422 1112.43 360.486
1423 1087.88 1187.78
1424 713.117 24.9082
1425 1037.04 1061.63
1426 1158.44 965.273
1427 1177.24 152.53
1428 391.205 488.33
1429 435.054 608.078
1430 1178.05 936.716
1431 828.695 601.515
1432 156.69 527.744
1433 377.326 1036.23
1434 189.73 454.475
1435 675.595 620.324
1436 981.203 1028.51
1437 1047.26 379.247
1438 352.27 368.592
1439 120.558 657.721
1440 409.58 836.223
1441 539.819 372.646
1442 524.363 185.575
1443 599.855 1069.19
1444 733.902 1120.03
1445 1116.52 41.4304
1446 959.344 905.717
1447 9.76661 1100.47
1448 883.048 269.722
1449 254.936 708.292
1450 489.828 392.797
1451 654.44 415.604
1452 161.313 833.568
1453 1119.96 647.616
1454 513.345 8.61765
1455 614.599 969.799
1456 382.056 444.323
1457 428.92 201.972
1458 146.207 335.153
1459 894.369 1237.47
1460 195.95 1245.42
1461 601.129 456.406
1462 646.157 1244.53
1463 982.082 248.189
1464 846.491 284.583
1465 120.877 1172.85
1466 463.539 1165.86
1467 282.807 151.865
1468 265.883 1222.79
1469 6.21512 8.34743
1470 1247.67 1022.79
1471 1208.13 353.798
1472 1199.25 683.547
1473 1154.03 979.488
1474 592.531 851.548
1475 398.231 604.497
1476 1054.84 883.313
1477 206.913 507.757
1478 558.55 434.45
1479 2.3934 910.688
1480 1025.62 678.036
1481 307.166 990.906
1482 279.002 2.31619
1483 650.039 63.4342
1484 987.955 1216.13
1485 244.165 581.219
1486 619.273 492.2
1487 353.335 813.717
1488 134.368 1013
1489 1155.78 891.811
1490 558.55 272.818
1491 45.5233 996.512
1492 928.523 358.401
1493 639.23 1035.04
1494 263.049 572.634
1495 23.6252 408.653
1496 292.805 505.132
1497 541.53 317.009
1498 499.024 237.728
1499 1119.49 504.389
1500 534.033 786.086
1501 595.091 979.257
1502 91.9528 1101.58
1503 1172.84 86.1715
1504 890.535 14.5148
1505 569.822 642.752
1506 1151.38 772.845
1507 1071.28 525.969
1508 462.56 579.598
1509 702.318 741.538
1510 904.396 1168.37
1511 699.21 1207.9
1512 286.279 1130.27
1513 486.207 507.101
1514 1248.34 449.312
1515 649.769 430.271
1516 214.573 1208.79
1517 80.3434 516.318
1518 145.225 130.633
1519 192.943 384.613
1520 999.128 339.361
1521 881.774 271.033
1522 936.9 103.495
1523 665.594 969.365
1524 957.12 1076.03
1525 346.155 179.698
1526 1188.5 229.042
1527 7.91366 818.967
1528 769.786 864.412
1529 813.991 105.473
1530 102.398 352.524
1531 857.556 1000.72
1532 976.854 138.701
1533 640.157 524.781
1534 493.932 215.097
1535 1099.96 266.285
1536 1010.58 1160.61
1537 923.504 925.743
1538 1058.86 527.59
1539 803.156 622.91
1540 173.806 2.97245
1541 336.852 77.6696
1542 488.664 105.31
1543 971.543 426.257
1544 232.383 772.682
1545 949.167 1059.19
1546 501.679 836.107
1547 171.128 909.723
1548 804.877 769.4
1549 640.579 937.208
1550 1111.88 838.191
1551 250.346 471.316
1552 572.831 1102.79
1553 37.0591 1036.3
1554 99.3544 62.9618
1555 800.151 1168.8
1556 221.467 643.708
1557 725.75 774.805
1558 1069.18 396.107
1559 952.302 617.806
1560 65.8794 936.021
1561 879.501 176.657
1562 469.586 256.171
1563 586.035 1138.73
1564 450.499 980.29
1565 931.032 649.615
1566 141.684 1114.74
1567 384.248 630.853
1568 1226.27 1192.66
1569 1159.27 627.504
1570 594.18 331.881
1571 910.186 989.371
1572 632.977 687.986
1573 197.118 720.692
1574 370.743 734.628
1575 198.312 308.71
1576 681.027 1025.54
1577 1162.65 531.026
1578 631.193 211.507
1579 10.1526 755.773
1580 936.745 694.326
1581 839.002 84.1641
1582 942.999 147.426
1583 951.723 992.836
1584 1203.49 462.273
1585 1138.65 936.668
1586 91.2417 462.158
1587 167.999 725.47
1588 99.7872 958.595
1589 621.958 1046.43
1590 259.212 43.2061
1591 764.831 562.651
1592 158.968 217.461
1593 1121.15 123.685
1594 257.213 389.699
1595 777.468 926.515
1596 622.824 95.8517
1597 254.434 840.16
1598 824.95 532.301
1599 5.94489 302.726
1600 477.367 1106.21
1601 909.971 977.433
1602 107.587 700.378
1603 917.519 210.165
1604 746.551 139.203
1605 1135.17 610.394
1606 152.938 1176.93
1607 311.535 58.7944
1608 1050.72 285.973
1609 33.8352 50.6878
1610 324.499 151.643
1611 883.434 975.234
1612 273.581 752.424
1613 1141.22 1197.25
1614 513.23 1067.74
1615 466.812 1211.18
1616 673.356 951.964
1617 692.387 976.207
1618 726.092 673.674
1619 86.2578 1061.67
1620 128.341 881.658
1621 47.7562 553.309
1622 645.074 41.9322
1623 83.962 815.107
1624 1205.27 258.072
1625 367.58 716.939
1626 344.456 750.678
1627 1139.51 703.041
1628 765.725 942.545
1629 1073.21 545.54
1630 254.364 1030.36
1631 1040.08 1256.08
1632 563.798 1155.13
1633 114.227 270.154
1634 775.433 564.186
1635 136.153 412.021
1636 675.168 402.872
1637 1064.52 571.559
1638 145.573 1055
1639 145.264 159.586
1640 319.986 531.537
1641 634.984 513.277
1642 101.333 794.154
1643 8.76293 945.286
1644 547.509 993.029
1645 476.664 663.707
1646 79.9248 449.968
1647 864.827 694.635
1648 334.243 210.04
1649 450.528 26.752
1650 854.992 417.812
1651 1217.47 363.333
1652 932.383 490.415
1653 727.506 333.03
1654 1264.73 339.785
1655 677.216 1169.92
1656 3.6673 251.075
1657 537.82 663.598
1658 67.391 267.173
1659 920.284 720.924
1660 165.315 1067.84
1661 896.647 1081.05
1662 1206.47 1240.75
1663 503.154 8.72432
1664 446.793 408.152
1665 1115.48 936.4
1666 266.096 629.82
1667 1018.97 544.189
1668 1201.63 712.779
1669 599.585 364.607
1670 884.477 118.242
1671 778.289 177.815
1672 385.187 665.374
1673 588.343 420.63
1674 929.055 1068.03
1675 840.353 1011.95
1676 502.884 1210.41
1677 968.168 916.594
1678 800.167 1205.08
1679 441.042 682.784
1680 806.189 229.689
1681 613.907 454.485
1682 814.46 3.51289
1683 203.051 766.351
1684 324.228 1164.44
1685 502.228 728.442
1686 1005.42 967.637
1687 616.455 1049.81
1688 1117.29 1213.61
1689 318.669 407.302
1690 1179.29 1082.97
1691 191.047 1115.6
1692 1253.37 1061.47
1693 929.581 804.678
1694 672.699 1252.71
1695 327.355 867.568
1696 1122.35 169.13
1697 1006.33 1256.5
1698 183.814 347.901
1699 983.569 1092.13
1700 247.225 220.154
1701 1228.59 538.09
1702 925.975 1141.46
1703 460.957 713.435
1704 3.20407 858.419
1705 670.074 868.34
1706 674.823 1000.09
1707 92.1072 98.1311
1708 763.183 901.008
1709 35.4377 52.5867
1710 160.937 883.01
1711 565.419 90.5631
1712 689.608 377.124
1713 315.615 615.993
1714 294.303 597.23
1715 684.358 793.336
1716 464.319 1168.83
1717 778.472 449.157
1718 285.127 1084.76
1719 401.76 831.166
1720 47.6851 166.92
1721 1122.97 104.113
1722 43.9345 199.308
1723 174.255 575.274
1724 792.436 1230.25
1725 644.249 684.444
1726 1193.07 1105.83
1727 1189.98 761.303
1728 528.169 710.183
1729 771.109 613.182
1730 1010.28 1222.26
1731 717.904 762.259
1732 929.99 1193.5
1733 469.183 446.262
1734 1030.84 49.5756
1735 249.184 29.116
1736 141.751 854.327
1737 140.516 864.905
1738 628.399 910.611
1739 305.274 239.117
1740 857.145 1251.28
1741 802.406 864.789
1742 859.831 360.477
1743 95.5815 297.949
1744 595.993 154.847
1745 694.006 160.01
1746 518.75 65.2008
1747 969.905 862.782
1748 330.489 117.354
1749 474.665 122.565
1750 317.897 781.29
1751 275.009 332.73
1752 1229.84 809.818
1753 681.015 929.96
1754 69.1769 914.664
1755 151.672 634.752
1756 645.684 853.787
1757 245.622 387.885
1758 462.58 937.835
1759 332.981 78.6347
1760 702.215 864.644
1761 385.53 156.275
1762 635.092 323.388
1763 530.794 350.401
1764 1190.44 586.73
1765 649.69 1149.57
1766 161.902 687.416
1767 1003.26 206.875
1768 415.909 57.4121
1769 276.242 945.44
1770 1204.11 1229.1
1771 1120.82 304.859
1772 339.932 559.746
1773 669.956 391.407
1774 5.32724 588.313
1775 424.519 1022.71
1776 1246.64 320.802
1777 476.439 303.035
1778 294.431 423.563
1779 189.519 790.95
1780 981.496 568.857
1781 1060.78 1099.35
1782 592.319 1093.33
1783 183.156 485.29
1784 817.153 15.8273
1785 1022.15 732.852
1786 563.066 532.84
1787 680.729 109.17
1788 874.285 1096.02
1789 592.626 448.376
1790 753.38 843.373
1791 945.376 833.491
1792 707.751 26.366
1793 249.338 1242.29
1794 1181.42 342.767
1795 1206.7 1220.06
1796 1157.65 140.834
1797 211.275 541.573
1798 1078.11 1232.22
1799 1169.64 1183.51
1800 491.693 1123.52
1801 1203.11 191.79
1802 137.582 1001.92
1803 804.34 543.311
1804 929.7 89.1348
1805 1135.13 238.761
1806 877.451 559.254
1807 1171.22 993.115
1808 486.565 426.025
1809 894.229 1104.36
1810 427.045 859.5
1811 1264.75 681.394
1812 875.293 304.656
1813 1154.11 1060.17
1814 1036.85 187.235
1815 831.484 501.851
1816 1218.9 1040.82
1817 987.756 16.2906
1818 427.183 768.83
1819 879.031 390.471
1820 153.748 303.923
1821 670.284 1157.64
1822 529.711 194.646
1823 1078.04 1078.97
1824 32.8899 1090.16
1825 751.377 233.742
1826 270.432 58.6769
1827 1237.58 631.519
1828 183.678 1113.97
1829 1038.53 483.273
1830 689.79 249.338
1831 1081.77 495.481
1832 143.681 121.793
1833 1221.24 636.228
1834 1133.38 565.151
1835 629.174 789.242
1836 131.944 1128.29
1837 172.694 362.524
1838 755.851 704.672
1839 984.142 1245.19
1840 545.993 796.191
1841 1068.74 463.556
1842 1212.45 266.101
1843 155.378 466.52
1844 531.72 561.338
1845 302.505 297.794
1846 265.281 369.587
1847 747.705 791.992
1848 1082.16 1245.73
1849 167.654 1185.47
1850 1087.77 1180.5
1851 680.302 535.851
1852 1048.93 644.142
1853 1167.36 198.961
1854 671.655 633.286
1855 563.635 1050.39
1856 405.225 123.493
1857 116.273 217.229
1858 1145.05 252.426
1859 1251.16 418.768
1860 404.939 1123.97
1861 359.709 616.579
1862 828.963 852.175
1863 551.949 8.11581
1864 56.706 712.422
1865 1237.08 723.463
1866 1086.28 955.236
1867 467.308 562.256
1868 4.55518 243.673
1869 241.422 1049.23
1870 1105.48 658.31
1871 0.231619 1210.37
1872 249.238 135.574
1873 244.667 201.556
1874 399.698 86.78
1875 862.509 351.173
1876 951.142 623.673
1877 735.196 388.28
1878 594.33 1128.91
1879 399.876 267.675
1880 250.573 181.367
1881 277.325 273.127
1882 105.541 200.582
1883 739.712 274.671
1884 197.626 816.621
1885 489.976 1123.58
1886 204.132 432.124
1887 920.3 1054.68
1888 44.9829 17.7961
1889 519.384 50.9562
1890 479.529 553.193
1891 1065.73 986.35
1892 6.63975 793.189
1893 776.27 455.759
1894 22.5239 967.444
1895 3.82172 721.378
1896 876.949 537.202
1897 1093.2 716.707
1898 1164.46 1102.09
1899 605.993 332.296
1900 230.569 607.692
1901 52.608 866.951
1902 339.091 429.19
1903 634.019 302.156
1904 676.641 800.322
1905 1068.5 786.309
1906 1030.22 1148.88
1907 664.438 274.98
1908 1185.68 959.53
1909 857.761 294.89
1910 33.6538 811.873
1911 299.406 690.968
1912 629.964 980.723
1913 937.322 1237.93
1914 788.355 491.891
1915 620.788 1225.74
1916 535.233 521.114
