1 776.808 461.161
2 587.869 1101.52
3 205.989 673.198
4 247.272 123.966
5 632.683 263.298
6 181.417 559.994
7 1045.04 118.007
8 988.315 576.227
9 364.652 1053.98
10 618.682 487.738
11 488.471 590.073
12 322.218 207.688
13 886.681 349.348
14 478.659 1082.76
15 495.078 200.916
16 326.725 728.683
17 833.743 664.965
18 454.911 485.952
19 798.753 276.747
20 640.519 1094.93
21 1104.17 22.0271
22 814.236 501.604
23 233.927 485.518
24 1145.19 949.476
25 926.408 421.873
26 82.8932 323.349
27 931.168 31.4354
28 878.231 479.721
29 514.682 37.4296
30 246.533 148.937
31 928.037 44.3989
32 738.16 295.957
33 504.875 413.551
34 401.456 1101.59
35 575.738 640.336
36 1047.45 839.413
37 505.777 1104.17
38 303.681 274.472
39 880.361 408.64
40 437.689 351.242
41 475.605 659.28
42 295.234 875.037
43 421.897 1045.51
44 603.506 312.171
45 762.945 744.046
46 829.771 1125.98
47 123.881 589.226
48 550.926 374.93
49 382.441 1106.19
50 1058.42 154.442
51 586.205 74.6393
52 362.063 867.562
53 1138.73 444.678
54 1000.93 201.347
55 887.981 688.87
56 1035.99 582.438
57 590.961 388.399
58 977.826 610.945
59 125.998 407.248
60 602.748 585.235
61 118.339 680.115
62 347.198 721.405
63 731.155 484.182
64 617.77 83.8589
65 134.799 50.3012
66 160.328 318.887
67 346.749 956.915
68 1110.74 1160.11
69 401.505 70.1256
70 269.444 889.698
71 1036.54 33.7989
72 410.808 608.617
73 551.761 1164.6
74 1090.49 710.464
75 1004.11 1021.88
76 765.243 1004.09
77 784.135 215.777
78 221.282 716.095
79 831.902 803.375
80 231.646 97.0833
81 633.55 873.753
82 320.615 920.444
83 716.991 677.01
84 50.0123 659.116
85 210.341 947.634
86 589.152 716.803
87 549.911 346.295
88 1000.65 763.926
89 943.121 894.947
90 601.917 550.119
91 1139.74 645.249
92 911.886 973.02
93 992.519 216.118
94 453.346 905.386
95 830.385 952.04
96 824.138 448.628
97 324.268 845.732
98 534.536 523.559
99 88.5657 624.325
100 1067.88 268.814
101 361.497 619.72
102 28.6352 923.693
103 1064.85 470.388
104 233.919 724.366
105 152.538 510.342
106 232.352 609.32
107 485.86 799.764
108 1049.14 683.835
109 175.512 1007.18
110 395.003 574.927
111 191.09 527.045
112 202.187 660.016
113 71.4978 145.415
114 895.672 95.2417
115 1029.82 35.3878
116 752.864 953.323
117 824.102 570.594
118 318.02 1102.13
119 54.6705 108.944
120 187.339 269.308
121 148.268 1052.23
122 493.026 135.99
123 298.088 1093.54
124 1128.41 867.382
125 1122.85 752.171
126 1139.6 417.07
127 60.3026 401.363
128 440.072 285.339
129 544.332 882.023
130 1083.26 327.046
131 250.36 1062.38
132 306.598 79.4059
133 802.228 458.292
134 804.964 632.539
135 846.165 557.102
136 992.7 1174.35
137 373.124 521.103
138 424.978 396.363
139 229.161 429.564
140 575.17 1116.41
141 21.3049 126.854
142 194.726 1080.84
143 515.362 501.098
144 609.247 981.634
145 147.22 642.272
146 811.428 611.795
147 662.185 47.6291
148 430.07 157.459
149 1120.05 1001.69
150 743.367 553.658
151 700.832 553.494
152 780.445 387.28
153 110.966 91.9721
154 671.176 657.671
155 762.807 526.339
156 162.371 1034.07
157 416.745 88.9028
158 52.4317 418.551
159 1172.76 901.172
160 905.313 178.058
161 580.354 602.026
162 64.4924 503.285
163 286.481 755.405
164 95.0415 623.459
165 48.8207 1124.17
166 707.647 792.831
167 929.528 540.586
168 340.409 752.207
169 114.493 1155.3
170 199.797 890.472
171 400.676 127.271
172 887.981 379.913
173 785.428 519.226
174 177.884 258.964
175 753.683 921.799
176 946.941 231.412
177 598.425 569.763
178 488.325 605.348
179 35.4775 725.614
180 1001.76 623.725
181 112.796 788.192
182 795.684 543.78
183 1069.14 354.564
184 1044.01 91.6668
185 558.259 47.9015
186 876.423 1014.78
187 536.507 967.206
188 132.307 377.225
189 157.44 964.495
190 663.647 704.995
191 330.804 173.653
192 598.301 582.671
193 775.741 1170.25
194 1154.76 473.799
195 620.902 850.968
196 515.976 864.979
197 1166.55 1047.84
198 811.268 936.151
199 298.738 983.131
200 200.194 291.983
201 826.883 664.516
202 894.49 995.119
203 452.768 1101.81
204 289.321 1102.65
205 822.622 260.425
206 917.601 1162.73
207 542.941 834.827
208 452.597 548.819
209 112.904 837.607
210 1026.47 791.531
211 780.156 426.098
212 175.856 704.626
213 584.774 1019.28
214 1031.55 149.587
215 922.627 1164.19
216 155.959 1062.5
217 257.717 478.477
218 103.311 864.437
219 594.633 908.816
220 498.287 59.3287
221 325.062 100.369
222 524.429 393.777
223 1092.5 244.573
224 53.5872 580.271
225 135.623 1034.73
226 689.072 1066
227 607.066 948.16
228 569.418 1032.67
229 567.396 243.309
230 785.212 419.943
231 1032.1 493.643
232 12.4218 1071.67
233 965.148 533.272
234 227.646 760.027
235 1094.78 416.865
236 83.8113 166.776
237 510.045 524.084
238 150.502 834.068
239 1014 424.04
240 1052.17 791.384
241 688.581 578.446
242 681.973 1054
243 406.31 764.232
244 686.711 1041.95
245 879.459 365.706
246 423.741 1085.1
247 333.656 348.714
248 708.334 53.3345
249 599.891 152.095
250 163.696 202.525
251 914.124 135.324
252 433.369 1024.87
253 463.002 936.44
254 952.761 949.676
255 667.746 95.0612
256 343.133 1133.42
257 1034.44 92.261
258 377.909 719.295
259 937.271 1008.55
260 1112.48 229.407
261 664.821 959.37
262 961.799 1034.97
263 1059.65 462.822
264 514.856 1007
265 1034.9 1137.06
266 41.2015 945.163
267 405.587 256.634
268 855.59 237.587
269 614.05 916.183
270 972.948 1042.33
271 136.022 292.511
272 28.9602 972.731
273 1140.39 508.557
274 589.604 143.354
275 4.11654 343.695
276 1061.67 1.66106
277 915.569 640.013
278 1072.36 21.2524
279 547.348 107.05
280 829.145 1094.55
281 1036.24 930.374
282 691.357 1154
283 318.824 747.135
284 861.115 215.357
285 1120.6 923.91
286 731.408 979.447
287 322.014 1042.1
288 195.608 349.492
289 0.14444 565.285
290 1005.67 101.164
291 935.429 252.987
292 1006.89 811.825
293 805.722 358.014
294 386.878 169.664
295 621.345 157.873
296 708.875 623.545
297 788.894 1168.79
298 929.347 848.621
299 117.231 1154.42
300 159.642 821.502
301 913.618 60.7567
302 877.978 1043
303 407.652 331.365
304 510.796 1134.28
305 301.482 442.239
306 683.526 227.204
307 750.231 1009.33
308 318.815 524.589
309 1058.24 882.348
310 157.223 300.218
311 99.193 872.256
312 408.88 115.211
313 266.094 540.55
314 780.698 1065.34
315 831.757 904.178
316 75.5443 461.847
317 891.231 377.239
318 748.334 390.563
319 97.9664 971.198
320 704.899 475.335
321 321.62 685.315
322 1118.22 1081.6
323 45.6791 306.449
324 131.404 79.7144
325 1159.21 211.027
326 544.43 1063.68
327 126.9 387.985
328 747.802 136.01
329 358.319 794.417
330 518.055 1054.43
331 318.557 24.8634
332 344.055 719.764
333 511.201 5.0554
334 838.582 325.315
335 976.658 988.872
336 450.111 7.51088
337 534.798 997.105
338 243.526 1156.89
339 488.135 574.618
340 904.959 1112.26
341 1074.49 1102
342 446.825 896.378
343 293.394 485.715
344 1134.88 295.741
345 125.243 233.11
346 462.951 877.545
347 354.022 896.647
348 1168.96 643.464
349 743.052 770.84
350 561.993 629.308
351 419.498 87.7309
352 977.251 582.924
353 44.2993 582.057
354 296.535 1120.75
355 981.668 429.673
356 165.519 979.881
357 467.389 869.151
358 1180.53 812.114
359 504.378 326.626
360 496.172 679.249
361 186.178 448.939
362 120.184 772.448
363 546.489 175.081
364 100.596 913.039
365 894.356 766.073
366 363.375 254.451
367 120.21 733.863
368 743.605 828.419
369 74.9282 706.512
370 1124.14 1116.77
371 434.991 816.122
372 67.9907 371.628
373 119.271 406.799
374 521.016 536.795
375 126.024 224.424
376 841.476 593.848
377 727.002 1134.99
378 437.594 876.481
379 395.621 245.134
380 1000.61 742.997
381 986.434 876.245
382 135.873 1059.18
383 843.854 20.5466
384 142.178 913.222
385 424.87 311.035
386 220.234 587.185
387 1122.15 1068.91
388 929.002 910.93
389 628.628 271.042
390 274.328 564.11
391 593.86 698.439
392 766.037 925.571
393 13.1801 277.575
394 842.265 396.941
395 209.733 1102.02
396 220.957 1007.9
397 1175.9 674.735
398 562.773 641.422
399 542.625 768.637
400 1025.61 68.7534
401 87.5306 215.577
402 432.03 18.8855
403 658.421 379.68
404 92.1767 858.751
405 703.964 424.673
406 68.9192 394.102
407 626.4 603.129
408 888.11 744.824
409 434.124 710.5
410 702.303 862.559
411 409.09 1017.32
412 703.769 25.6356
413 705.972 1137.43
414 1059.79 295.813
415 617.228 213.177
416 563.358 186.978
417 125.302 168.886
418 581.456 432.67
419 1085.11 542.733
420 831.902 1078.21
421 836.127 304.68
422 627.339 642.686
423 1048.56 153.251
424 638.136 188.891
425 576.372 21.4854
426 412.918 556.816
427 1077.22 642.686
428 1046.3 883.812
429 235.834 60.54
430 610.663 878.484
431 885.092 271.908
432 777.901 283.608
433 1027.29 1064.63
434 1120.93 1014.35
435 1031.29 104.394
436 330.726 616.489
437 799.734 820.852
438 322.137 154.318
439 466.433 698.351
440 387.605 807.925
441 1181.13 1101.16
442 1043.33 393.271
443 788.498 882.853
444 758.635 791.94
445 1130.23 902.136
446 119.411 76.3365
447 150.564 531.32
448 183.174 932.56
449 342.48 431.418
450 540.074 765.543
451 935.465 5.34428
452 859.49 883.575
453 370.272 415.646
454 349.039 508.248
455 935.429 297.944
456 909.538 117.16
457 1110.32 825.294
458 1095.64 1124.97
459 557.917 1139.15
460 286.786 193.678
461 899.074 865.881
462 673.342 934.635
463 697.067 142.418
464 978.111 453.253
465 455.889 157.981
466 670.519 795.898
467 39.7571 1019.93
468 983.066 521.139
469 734.945 106.725
470 1101.56 514.298
471 637.386 308.11
472 1141.85 620.803
473 968.687 802.4
474 921.057 706.709
475 670.753 729.975
476 773.38 719.022
477 745.093 168.198
478 901.384 929.868
479 335.326 902.569
480 916.363 1181.57
481 640.302 128.752
482 899.661 104.703
483 203.733 936.874
484 236.412 244.14
485 722.416 216.788
486 802.815 1082.56
487 286.2 450.942
488 1072.47 976.181
489 902.822 471.436
490 643.667 664.768
491 1109.48 723.861
492 424.798 1158.16
493 183.15 107.355
494 751.557 683.923
495 427.217 1071.67
496 1160.97 850.21
497 143.284 681.865
498 331.02 55.3927
499 710.147 1174.91
500 29.8991 673.704
501 312.594 372.908
502 738.439 1066.73
503 73.9171 478.802
504 145.198 769.757
505 363.122 425.215
506 311.958 516.517
507 815.868 915.263
508 1067.45 555.841
509 1133.06 130.682
510 98.7247 1164.33
511 698.223 403.493
512 818.252 502.037
513 381.646 1148.95
514 792.073 840.01
515 980.994 1114.35
516 967.134 1149.42
517 189.378 598.704
518 282.552 666.735
519 965.545 783.334
520 1082.43 591.501
521 714.653 185.906
522 878.309 368.955
523 281.441 946.787
524 1026.21 505.704
525 827.533 909.611
526 148.061 855.626
527 243.345 336.798
528 155.163 129.671
529 805.289 618.311
530 1066.73 1030.85
531 483.513 556.186
532 451.518 1123.51
533 933.19 1066.65
534 231.029 790.881
535 899.171 205.297
536 201.25 194.291
537 988.037 688.581
538 731.083 120.663
539 260.013 448.375
540 672.605 1122.48
541 135.124 32.0657
542 534.108 1044.57
543 656.046 207.524
544 528.688 484.796
545 634.272 509.006
546 180.913 271.17
547 1091.24 515.903
548 314.41 954.371
549 625.027 827.569
550 1052.64 985.911
551 681.55 266.853
552 322.771 629.975
553 87.3139 48.8568
554 16.6467 850.157
555 1055.75 619.514
556 0.10833 785.898
557 653.627 614.159
558 592.08 344.04
559 573.682 924.199
560 378.511 811.772
561 988.186 132.849
562 330.406 666.518
563 567.143 356.245
564 817.386 4.65819
565 824.567 696.417
566 773.222 847.268
567 334.378 44.8847
568 708.679 374.155
569 343.081 225.254
570 1004.15 471.741
571 898.525 1087.16
572 935.971 483.821
573 310.979 334.651
574 1093.92 457.244
575 594.226 418.296
576 540.801 462.822
577 739.743 870.756
578 705.697 701.148
579 790.071 652.038
580 373.474 884.695
581 773.764 39.6127
582 742.731 337.845
583 522.355 701.725
584 389.886 186.111
585 793.12 1036.45
586 177.914 1180.54
587 1119.81 697.717
588 941.206 674.374
589 57.9237 824.102
590 785.875 192.719
591 273.901 44.2544
592 237.279 98.6886
593 539.122 639.708
594 356.911 1122.59
595 1056.25 944.26
596 991.087 548.15
597 1104.79 1054.27
598 156.609 20.2577
599 456.214 232.351
600 851.762 1140.17
601 809.514 462.172
602 1151.94 833.547
603 1065.24 803.034
604 596.718 332.498
605 1005.37 187.697
606 1077.05 852.54
607 536.956 1055.53
608 794.889 149.604
609 220.512 1160.61
610 76.6615 1142.54
611 45.794 203.588
612 1148.23 1025.87
613 116.924 423.337
614 174.644 459.519
615 353.949 41.6545
616 790.628 1106.36
617 65.2507 72.8174
618 908.311 233.957
619 386.16 346.712
620 725.501 680.637
621 1022.76 687.582
622 587.221 1182.15
623 889.245 800.181
624 646.787 816.286
625 529.407 69.259
626 129.945 717.83
627 909.537 263.82
628 963.077 821.991
629 164.337 867.215
630 473.311 462.083
631 615.447 104.213
632 697.625 392.191
633 322.498 258.387
634 853.279 165.512
635 656.516 646.93
636 796.695 916.471
637 741.049 241.215
638 846.717 756.741
639 717.325 937.182
640 939.799 834.586
641 834.935 1045.75
642 690.242 733.863
643 241.684 797.922
644 958.865 261.075
645 1153.5 265.372
646 990.064 319.393
647 99.8036 895.222
648 1095.44 909.611
649 498.353 722.833
650 124.038 327.915
651 466.397 499.24
652 80.0657 1103.18
653 669.804 759.285
654 705.815 948.32
655 837.246 313.615
656 693.08 895.455
657 599.606 720.43
658 680.493 110.388
659 257.211 371.303
660 962.015 790.431
661 402.915 1056.4
662 1147.36 103.019
663 225.636 406.093
664 131.389 637.089
665 5.12762 745.149
666 475.398 28.5991
667 260.601 781.709
668 340.878 214.766
669 303.886 496.512
670 68.2118 205.394
671 538.942 904.936
672 224.82 846.871
673 544.647 759.81
674 961.537 956.732
675 460.56 1142.72
676 374.723 340.626
677 192.827 996.525
678 1033.25 724.603
679 151.229 416.818
680 1113.74 611.848
681 594.039 746.427
682 1121.4 967.17
683 383.813 996.852
684 1014.8 442.672
685 34.0156 1003.78
686 708.788 173.833
687 86.252 241.395
688 634.561 108.133
689 402.629 315.188
690 934.836 737.185
691 54.1289 35.5683
692 1146.16 595.273
693 452.494 817.458
694 905.963 420.123
695 309.968 975.098
696 873.846 459.447
697 150.025 1073.48
698 372.012 772.557
699 1098.39 1037.75
700 26.4325 25.5495
701 17.1161 212.543
702 870.395 1069
703 925.535 190.48
704 485.788 963.412
705 344.391 596.773
706 323.87 1146.89
707 449.28 332.97
708 587.775 234.101
709 176.707 344.381
710 312.496 317.84
711 388.002 844.468
712 659.448 348.206
713 259.342 220.038
714 858.395 207.091
715 348.068 838.724
716 786.006 339.037
717 695.803 894.175
718 293.791 616.939
719 705.911 1117.07
720 851.654 253.115
721 531.575 510.306
722 526.52 445.561
723 1049.2 1043.15
724 709.886 9.67748
725 420.258 838.602
726 1153.58 275.411
727 367.383 295.363
728 882.823 971.717
729 912.933 767.157
730 1060.51 542.536
731 912.824 599.12
732 166.359 499.871
733 1065.93 114.322
734 277.252 354.672
735 1025.74 697.067
736 981.289 344.631
737 335.341 401.868
738 996.058 909.297
739 553.344 290.974
740 449.244 843.89
741 1080.3 1084.62
742 199.817 1127.61
743 528.361 728.575
744 1167.51 380.85
745 990.172 1119.08
746 830.42 319.068
747 337.024 385.041
748 124.478 172.859
749 66.6951 636.855
750 942.322 294.099
751 909.719 66.2257
752 237.062 545.281
753 1119.28 72.4005
754 266.718 826.485
755 733.43 804.639
756 731.435 837.988
757 476.471 432.22
758 303.649 1002.4
759 408.287 638.48
760 789.76 351.711
761 930.798 723.391
762 395.693 180.622
763 346.331 649.763
764 294.008 514.998
765 592.084 186.433
766 310.458 1023.99
767 753.34 269.705
768 387.388 4.04432
769 565.157 60.6984
770 588.521 991.58
771 177.765 1017.69
772 786.909 1028.45
773 427.733 977.245
774 306.285 301.213
775 947.598 317.282
776 628.602 1110.38
777 377.024 397.499
778 96.023 426.712
779 252.48 1036.88
780 1078.42 574.69
781 44.7764 805.289
782 643.624 434.242
783 845.309 1143.55
784 515.253 367.764
785 971.127 1020.2
786 216.552 388.182
787 57.1621 804.781
788 758.165 848.404
789 934.057 664.588
790 786.006 903.961
791 18.3439 554.489
792 682.008 891.07
793 913.908 1117.35
794 716.177 805.903
795 169.03 886.628
796 31.4157 480.608
797 309.483 1150.99
798 663.449 995.986
799 990.326 927.749
800 516.43 1178.47
801 846.363 794.311
802 1049.61 695.245
803 932.649 14.6607
804 769.358 1022.47
805 995.263 588.268
806 821.957 239.335
807 712.89 612.878
808 178.203 221.193
809 551.962 155.329
810 1024.05 625.822
811 716.964 568.155
812 339.47 267.033
813 1125.64 770.804
814 406.418 220.11
815 510.92 979.772
816 941.062 152.909
817 594.84 784.148
818 264.758 644.563
819 532.117 1170.07
820 127.815 271.872
821 959.019 880.526
822 639.327 849.268
823 37.8247 335.498
824 1000.72 175.514
825 1002.87 205.357
826 387.618 939.457
827 264.538 451.844
828 449.005 916.796
829 576.099 806.572
830 365.433 691.506
831 831.541 1099.44
832 5.66927 164.465
833 1113.67 745.908
834 1132.55 577.76
835 436.999 472.916
836 869.601 1172.49
837 211.672 86.0501
838 972.799 503.321
839 23.4715 12.5137
840 818.941 677.299
841 991.508 250.19
842 178.09 1146.24
843 224.676 52.4153
844 669.158 130.826
845 19.7883 696.562
846 153.967 28.1633
847 723.365 493.535
848 453.216 733.213
849 159.028 464.302
850 580.829 674.229
851 254.619 546.561
852 829.96 729.241
853 564.507 1092.34
854 282.776 297.041
855 382.898 143.124
856 1050.55 524.75
857 3.93599 1046.56
858 373.666 442.62
859 659.576 8.03611
860 955.94 737.546
861 138.777 942.868
862 976.378 230.562
863 902.218 1100.89
864 828.695 410.879
865 1160.17 656.949
866 1004.52 965.998
867 187.808 622.645
868 934.326 492.396
869 279.527 345.861
870 489.976 259.795
871 192.837 160.42
872 1027.02 79.0448
873 1154.49 3.03324
874 864.988 78.6837
875 558.513 99.1416
876 1036.79 46.3652
877 1090.99 640.48
878 1058.24 385.041
879 711.183 239.554
880 80.6905 1174.53
881 619.864 1005.05
882 882.131 607.189
883 394.088 1064.13
884 820.498 37.2655
885 56.7288 53.0292
886 165.275 921.438
887 531.538 1070.83
888 690.351 257.753
889 957.529 360.578
890 226.843 328.42
891 107.247 1108.68
892 61.7076 428.409
893 1150.79 401.527
894 605.38 40.2101
895 96.4093 1112.24
896 655.288 495.176
897 469.62 174.431
898 835.982 830.108
899 198.514 396.849
900 1118.5 188.658
901 1095.81 378.85
902 426.82 657.382
903 896.358 1053.62
904 632.451 1144.54
905 865.984 63.0841
906 326.264 460.836
907 507.779 321.487
908 769.383 310.654
909 1044.82 674.482
910 162.348 546.777
911 731.372 1158.86
912 932.54 559.921
913 346.692 118.441
914 650.976 176.417
915 363.212 1003.53
916 669.622 145.198
917 772.486 633.622
918 510.85 269.328
919 705.77 165.728
920 998.044 994.164
921 306.909 61.4953
922 334.497 118.91
923 0.7222 761.702
924 1040.26 176.706
925 785.222 260.806
926 1077.7 1173.99
927 189.144 578.59
928 146.715 778.676
929 822.418 449.689
930 666.933 444.55
931 1046.27 374.533
932 420.861 459.808
933 253.131 937.868
934 1020.79 1061.22
935 1080.63 350.756
936 1111 915.677
937 143.649 315.296
938 1036.68 362.725
939 533.665 215.669
940 857.358 584.315
941 274.039 16.1609
942 864.905 529.589
943 245.958 1090.95
944 1154.44 884.787
945 228.937 264.614
946 80.2003 830.694
947 273.389 695.895
948 797.959 178.058
949 547.319 132.318
950 859.11 840.516
951 384.463 951.301
952 607.189 860.357
953 204.816 154.262
954 635.604 479.308
955 27.588 658.377
956 1074.64 577.96
957 1001.5 306.377
958 382.405 857.251
959 496.258 638.805
960 361.967 690.384
961 1030.25 1009.98
962 64.0219 294.244
963 662.257 164.987
964 174.482 615.189
965 20.2938 63.6094
966 424.292 405.968
967 1056.13 304.732
968 563.518 546.847
969 1037.59 516.626
970 1.04719 510.667
971 416.518 1171.59
972 95.9256 491.26
973 730.866 28.2019
974 857.793 519.462
975 348.832 284.402
976 1154.91 867.904
977 716.747 377.152
978 96.6402 877.906
979 368.812 21.9188
980 804.673 1125.57
981 829.952 134.313
982 298.955 1102.98
983 330.715 655.938
984 29.3574 448.739
985 105.474 603.037
986 1002.3 271.17
987 1146.53 153.467
988 372.727 756.091
989 1106.1 244.376
990 1120.85 22.4801
991 257.284 128.335
992 17.9106 989.325
993 435.414 111.78
994 1124.28 1050.76
995 755.536 608.906
996 261.609 422.09
997 721.748 713.533
998 404.649 505.523
999 902.813 171.161
1000 432.691 356.317
1001 1110.42 842.466
1002 817.927 685.151
1003 742.494 335.229
1004 143.092 543.294
1005 574.408 133.354
1006 835.115 554.361
1007 663.702 818.505
1008 643.444 744.768
1009 1159.83 186.528
1010 912.171 722.861
1011 716.576 542.464
1012 247.642 1066.83
1013 472.806 970.817
1014 419.614 397.302
1015 7.43866 956.048
1016 319.117 582.835
1017 14.7329 92.5138
1018 828.544 119.616
1019 748.801 975.748
1020 541.558 793.659
1021 930.735 706.548
1022 991.807 487.232
1023 879.104 420.918
1024 48.7846 707.431
1025 946.371 736.194
1026 233.486 237.64
1027 500.629 1144.76
1028 755.06 110.444
1029 306.898 847.304
1030 331.131 550.136
1031 145.957 50.1765
1032 870.973 978.147
1033 90.6361 1095.32
1034 1116.74 562.613
1035 1124.06 1143.93
1036 618.275 709.67
1037 894.95 392.552
1038 863.461 1173
1039 895.78 629.397
1040 102.733 367.636
1041 810.849 599.101
1042 323.798 817.025
1043 1172.07 1080.83
1044 495.167 723.247
1045 1038.09 634.328
1046 1071.72 596.465
1047 584.151 203.138
1048 178.754 877.131
1049 444.622 622.067
1050 464.194 16.4662
1051 226.33 189.814
1052 178.552 560.68
1053 1135.83 306.971
1054 266.465 315.838
1055 498.989 505.179
1056 377.41 237.387
1057 813.098 500.937
1058 942.94 1085.12
1059 1055.89 956.987
1060 768.983 1080.09
1061 460.243 198.697
1062 175.278 11.483
1063 352.253 1019.59
1064 171.008 1174.48
1065 744.642 957.492
1066 315.818 605.873
1067 218.79 255.911
1068 1058.64 285.991
1069 926.041 451.322
1070 918.415 700.642
1071 72.4727 598.687
1072 898.561 570.827
1073 108.944 899.447
1074 528.181 651.424
1075 1179.84 57.9565
1076 1010.3 1066.09
1077 469.646 126.441
1078 286.756 168.345
1079 206.441 818.994
1080 294.126 984.595
1081 653.759 970.656
1082 683.959 1019.85
1083 330.767 471.991
1084 570.177 1140.37
1085 1126.41 406.779
1086 205.844 912.808
1087 546.055 16.5942
1088 608.788 267.956
1089 303.955 737.783
1090 377.133 743.935
1091 980.494 600.329
1092 236.064 536.686
1093 597.331 732.744
1094 812.258 380.511
1095 252.274 855.068
1096 4.29709 682.84
1097 1052.14 881.356
1098 440.296 323.854
1099 459.001 961.573
1100 683.478 1057.52
1101 224.64 521.412
1102 990.641 870.92
1103 472.68 447.22
1104 1112.26 1097.24
1105 99.0344 1004.33
1106 274.183 825.025
1107 944.709 850.607
1108 706.089 69.1482
1109 766.069 897.622
1110 413.7 1180.31
1111 222.476 71.373
1112 3.32212 191.005
1113 746.089 140.813
1114 1180.31 162.928
1115 48.383 1125.01
1116 1149.38 564.977
1117 110.28 908.15
1118 1178.43 995.552
1119 676.913 119.76
1120 421.548 370.308
1121 264.49 485.715
1122 957.582 507.093
1123 794.961 650.794
1124 582.382 579.26
1125 463.926 127.468
1126 751.521 403.693
1127 382.664 1000.09
1128 609.513 429.598
1129 175.887 720.594
1130 901.565 906.778
1131 728.132 332.954
1132 510.017 206.244
1133 1119.84 69.1342
1134 69.4471 1047.98
1135 324.484 750.999
1136 683.028 984.536
1137 553.422 1078.73
1138 826.088 946.896
1139 92.7873 331.815
1140 410.664 375.652
1141 1114.07 846.654
1142 264.072 814.95
1143 857.705 986.003
1144 658.393 39.9573
1145 1079.33 124.382
1146 350.093 1021.15
1147 507.093 281.369
1148 384.856 276.025
1149 23.0382 650.036
1150 82.0769 546.219
1151 728.843 692.517
1152 765.152 1108.63
1153 750.257 424.868
1154 945.911 848.388
1155 238.428 965.112
1156 563.821 847.896
1157 202.468 1136.71
1158 1146.95 957.962
1159 197.654 378.758
1160 890.565 596.882
1161 590.651 462.119
1162 559.242 1079.54
1163 778.133 1138.11
1164 429.348 938.374
1165 725.739 19.1022
1166 635.337 755.638
1167 1.66106 897.028
1168 588.918 618.656
1169 508.681 305.852
1170 917.806 305.238
1171 597.136 316.307
1172 8.81084 1149.31
1173 991.364 662.544
1174 145.843 108.747
1175 792.971 379.083
1176 569.196 660.632
1177 1118.86 403.743
1178 65.2825 251.903
1179 208.391 956.409
1180 340.192 206.186
1181 1115.51 805.9
1182 675.835 1136.29
1183 636.872 381.466
1184 951.844 204.021
1185 467.942 527.856
1186 306.574 532.731
1187 668.107 995.861
1188 3.06935 1036.12
1189 953.412 57.5429
1190 143.284 671.774
1191 159.255 811.7
1192 1077.56 2.20271
1193 58.1217 953.468
1194 336.18 541.975
1195 1162.57 427.289
1196 591.445 817.747
1197 884.532 227.44
1198 295.596 774.631
1199 582.418 222.582
1200 1162.63 35.8933
1201 1003.3 282.886
1202 639.843 434.078
1203 818.815 224.01
1204 787.739 747.244
1205 275.157 1132.47
1206 463.673 1182.95
1207 578.113 679.068
1208 586.844 1003.16
1209 599.426 913.53
1210 930.612 150.143
1211 860.005 313.31
1212 345.958 711.423
1213 395.946 487.449
1214 219.801 652.058
1215 778.134 1048.35
1216 548.619 954.929
1217 409.198 994.525
1218 488.424 216.19
1219 687.462 859.293
1220 626.757 1102.75
1221 50.305 33.1129
1222 64.8634 633.1
1223 170.146 490.987
1224 913.195 755.024
1225 781.781 144.785
1226 1021.8 743.649
1227 75.3385 201.044
1228 123.568 150.454
1229 927.675 648.933
1230 412.169 374.336
1231 261.039 911.38
1232 622.933 849.885
1233 781.358 1116.65
1234 1140.35 1117.17
1235 839.939 286.352
1236 57.4499 323.798
1237 73.6283 1092.74
1238 804.856 55.5207
1239 630.143 222.385
1240 173.824 700.173
1241 111.586 346.15
1242 992.457 726.228
1243 848.662 510.884
1244 1167.48 991.614
1245 1176.5 254.342
1246 1041.74 29.7522
1247 1111.68 694.126
1248 262.122 796.931
1249 310.841 225.001
1250 1178.67 611.542
1251 175.964 363.156
1252 901.89 182.68
1253 486.185 1112.98
1254 123.961 325.66
1255 589.279 1030.92
1256 360.48 105.983
1257 942.661 543.347
1258 360.017 559.652
1259 24.6916 875.378
1260 175.675 1005.83
1261 694.973 1054.52
1262 438.664 429.512
1263 785.832 537.714
1264 776.552 101.561
1265 459.752 915.336
1266 76.7698 1133.66
1267 344.237 577.254
1268 79.8381 362.456
1269 206.657 385.638
1270 690.965 346.909
1271 1014.11 560.122
1272 923.802 269.003
1273 1164.86 32.3742
1274 69.3804 921.041
1275 1016.12 0.10833
1276 988.547 889.1
1277 204.103 508.573
1278 165.962 809.064
1279 630.444 237.262
1280 13.5051 146.626
1281 1061.76 768.476
1282 417.875 157.134
1283 501.105 750.963
1284 877.292 1014.06
1285 415.987 49.3599
1286 150.759 486.421
1287 207.726 213.191
1288 422.175 540.478
1289 265.617 594.876
1290 1154.09 341.331
1291 1082.04 761.415
1292 873.98 852.304
1293 1135.91 746.105
1294 5.95815 527.659
1295 882.574 1068.77
1296 505.788 243.184
1297 370.561 264.684
1298 321.855 847.718
1299 925.672 804.856
1300 366.047 1112.57
1301 946.182 1163.74
1302 1009.35 1145.61
1303 867.94 929.744
1304 533.561 484.435
1305 920.227 1144.51
1306 996.837 424.131
1307 799.99 803.07
1308 242.587 1169.96
1309 373.883 958.648
1310 671.826 517.889
1311 23.9048 174.648
1312 672.224 722.128
1313 948.97 403.765
1314 980.242 18.3997
1315 785.573 246.595
1316 46.7985 373.522
1317 557.574 206.332
1318 132.964 954.82
1319 49.7235 961.501
1320 1092.83 209.494
1321 362.436 44.1461
1322 680.347 285.774
1323 1176.95 939.004
1324 598.018 500.665
1325 19.3911 1082.97
1326 1179.57 1152.81
1327 777.917 492.199
1328 38.0884 68.2118
1329 879.35 14.4637
1330 382.621 227.529
1331 555.36 679.646
1332 280.177 184.542
1333 1113.2 536.956
1334 776.808 631.872
1335 784.445 1029.89
1336 215.58 256.128
1337 461.558 253.548
1338 574.191 621.22
1339 584.693 514.387
1340 853.279 273.641
1341 430.467 1144.47
1342 331.526 930.863
1343 309.246 502.129
1344 848.493 986.742
1345 133.39 723.897
1346 31.0907 822.027
1347 588.229 688.565
1348 798.409 873.934
1349 396.452 639.038
1350 139.312 279.022
1351 673.343 567.613
1352 170.998 240.926
1353 775.999 769.596
1354 754.193 953.556
1355 211.135 1124.41
1356 617.986 26.1797
1357 496.186 86.9003
1358 672.657 624.667
1359 905.313 859.02
1360 1180.8 77.0948
1361 365.937 1082.86
1362 643.151 53.643
1363 477.637 782.234
1364 40.1499 233.218
1365 375.183 670.996
1366 667.601 552.611
1367 341.04 472.138
1368 479.186 56.5318
1369 1041.52 434.223
1370 678.74 1052.05
1371 214.999 1149.96
1372 1129.45 208.302
1373 340.688 1030.69
1374 989.395 58.1371
1375 456.322 1113.42
1376 760.631 503.826
1377 1159.85 188.314
1378 920.692 25.7464
1379 291.962 417.993
1380 1176.75 925.716
1381 941 82.3505
1382 989.739 462.424
1383 71.3632 600.89
1384 763.401 668.777
1385 471.741 1006.39
1386 873.97 530.945
1387 758.63 791.298
1388 315.983 60.5761
1389 465.963 467.66
1390 959.763 89.2278
1391 66.7662 768.348
1392 1080.53 210.649
1393 898.896 1135.5
1394 940.072 325.226
1395 564.019 400.749
1396 164.563 119.127
1397 175.928 338.659
1398 797.489 120.86
1399 6.75257 716.659
1400 371.86 878.106
1401 1076.15 70.3619
1402 620.004 471.219
1403 17.7661 1058.38
1404 504.08 45.6266
1405 818.295 726.228
1406 311.99 164.934
1407 89.7333 244.609
1408 131.224 932.721
1409 1181.69 191.997
1410 1121.61 1121.14
1411 746.934 655.741
1412 874.674 1037.11
1413 562.413 1007.25
1414 505.477 642.072
1415 320.908 1014.6
1416 625.68 70.1453
1417 571.356 8.28888
1418 641.945 21.2163
1419 894.065 90.8002
1420 1045.42 298.374
1421 410.458 66.1732
1422 895.321 288.085
1423 254.431 327.465
1424 369.586 1055.93
1425 435.254 267.647
1426 830.746 404.993
1427 202.938 1019.1
1428 493.371 132.09
1429 101.65 465.494
1430 700.804 484.038
1431 425.845 807.295
1432 123.352 509.171
1433 646.622 355.611
1434 256.11 1141.28
1435 957.438 753.635
1436 728.736 1097.11
1437 150.904 1053.8
1438 777.015 81.9894
1439 1111.23 977.678
1440 52.6079 576.805
1441 98.0747 485.21
1442 641.389 369.836
1443 1091.59 72.6533
1444 143.429 0.32499
1445 428.589 952.148
1446 113.277 302.946
1447 868.813 340.734
1448 143.754 760.187
1449 118.007 432.906
1450 1146.18 154.226
1451 1056 729.277
1452 880.624 850.554
1453 391.067 1146.66
1454 714.617 553.747
1455 1162.57 1134.4
1456 35.0628 147.582
1457 484.488 775.121
1458 486.546 57.8318
1459 849.273 88.6861
1460 1115.89 1077.4
1461 592.408 82.728
1462 1048.58 253.167
1463 66.5135 1141.02
1464 671.14 905.133
1465 521.377 116.077
1466 1005.14 1146.08
1467 49.7771 1005.55
1468 245.843 217.655
1469 849.849 651.119
1470 687.458 162.262
1471 547.348 417.018
1472 300.734 967.387
1473 128.804 844.252
1474 948.168 864.365
1475 608.164 703.009
1476 308.271 441.717
1477 375.051 224.299
1478 966.514 452.241
1479 1073.62 1176.71
1480 652.297 178.997
1481 601.444 539.953
1482 1011.37 978.42
1483 55.3161 506.282
1484 730.898 1155.09
1485 360.54 377.911
1486 543.49 845.551
1487 8.95528 537.264
1488 719.826 466.958
1489 349.366 901.614
1490 566.024 593.793
1491 193.941 819.969
1492 769.54 1074.18
1493 233.234 180.478
1494 987.849 243.598
1495 969.156 128.427
1496 1066.03 929.671
1497 775.746 838.674
1498 632.209 742.096
1499 893.74 262.106
1500 168.152 398.096
1501 313.094 837.266
1502 434.475 1024.04
1503 941.821 46.2766
1504 491.457 166.431
1505 424.256 842.249
1506 311.99 1120.26
1507 283.181 767.807
1508 310.563 756.938
1509 976.342 1013.25
1510 1158.39 586.426
1511 367.851 126.963
1512 720.755 0.86664
1513 254.571 132.379
1514 240.496 877.904
1515 710.066 309.157
1516 782.792 812.402
1517 578.843 559.291
1518 751.078 598.773
1519 533.56 808.936
1520 772.393 149.134
1521 1139.7 382.874
1522 798.247 28.2741
1523 1066.03 859.329
1524 1129.85 771.526
1525 639.543 764.485
1526 216.588 863.193
1527 1108.45 1162.83
1528 467.01 188.855
1529 101.469 707.503
1530 170.005 354.131
1531 486.293 899.664
1532 168.561 545.678
1533 710.954 848.929
1534 98.7816 182.825
1535 572.632 399.124
1536 985.044 371.7
1537 433.427 895.439
1538 533.904 1096.72
1539 820.628 258.439
1540 208.617 105.425
1541 826.81 676.557
1542 357.64 786.476
1543 1177.02 151.371
1544 962.233 930.013
1545 980.718 1173.27
1546 510.504 371.175
1547 954.531 412.793
1548 248.349 396.596
1549 1019.2 560.283
1550 1168.16 454.139
1551 1125.22 122.866
1552 2.85269 260.95
1553 787.533 883.792
1554 469.509 360.883
1555 1112.21 1087.99
1556 949.801 215.721
1557 296.636 1090.69
1558 965.147 1042.31
1559 811.464 1161.64
1560 94.9693 579.766
1561 17.73 90.8503
1562 1181.17 47.4846
1563 634.451 1172.66
1564 1073.69 954.601
1565 11.9524 119.074
1566 504.788 98.3275
1567 535.157 863.843
1568 865.231 839.469
1569 844.974 372.33
1570 973.056 813.377
1571 858.966 430.539
1572 992.627 698.062
1573 1153.36 1177.42
1574 1058.17 523.939
1575 392.739 489.254
1576 829.414 1162.67
1577 784.752 691.94
1578 174.014 838.602
1579 125.131 253.131
1580 249.448 616.903
1581 211.058 140.451
1582 367.997 702.484
1583 209.878 986.4
1584 620.701 656.463
1585 811.247 480.355
1586 12.6746 44.6681
1587 252.553 947.437
1588 1102.37 603.723
1589 637.64 621.67
1590 993.277 497.09
1591 42.9194 427.454
1592 197.904 289.385
1593 226.59 495.573
1594 339.398 912.572
1595 762.797 84.9668
1596 1138.81 1029.73
1597 509.548 592.24
1598 700.498 390.963
1599 312.712 283.23
1600 555.372 816.769
1601 363.375 781.368
1602 904.483 221.338
1603 550.641 982.733
1604 1074.56 896.755
1605 259.125 137.146
1606 1121.8 436.498
1607 435.135 106.364
1608 803.375 1152.29
1609 67.0409 488.949
1610 462.492 697.845
1611 426.552 426.459
1612 269.705 308.957
1613 421.702 794.781
1614 276.14 352.108
1615 547.52 1158.01
1616 1059.93 1019.8
1617 1128.98 677.821
1618 1173.23 915.408
1619 36.3693 305.382
1620 381.719 179.847
1621 1144.99 999.797
1622 79.117 942.129
1623 451.014 566.602
1624 1175.37 519.029
1625 83.5224 1054.25
1626 126.168 625.786
1627 412.83 365.85
1628 521.681 454.589
1629 1042.08 642.525
1630 306.916 890.492
1631 432.849 1085.5
1632 11.0858 1175.2
1633 920.537 562.702
1634 418.045 1166.24
1635 340.921 418.643
1636 5.30817 868.573
1637 564.977 887.222
1638 1153.08 527.675
1639 1036.15 1083.61
1640 594.118 385.185
1641 573.747 1105.58
1642 372.222 659.693
1643 388.301 639.616
1644 581.041 689.773
1645 809.55 808.214
1646 929.669 625.047
1647 321.271 794.961
1648 276.995 1046.6
1649 484.235 537.822
1650 865.491 922.394
1651 1166.68 132.596
1652 289.583 283.391
1653 97.4609 763.71
1654 350.592 500.159
1655 624.269 480.913
1656 537.605 251.687
1657 1120.93 792.02
1658 381.069 616.959
1659 198.445 1070.77
1660 1063.44 714.636
1661 295.195 1053.54
1662 899.211 1077.9
1663 333.187 1053.31
1664 258.557 684.32
1665 1174.87 469.161
1666 909.105 1103.9
1667 865.015 753.671
1668 392.804 284.783
1669 299.756 443.234
1670 1092.68 662.763
1671 753.615 268.767
1672 367.13 451.07
1673 130.519 1007.11
1674 564.038 300.094
1675 741.085 71.4814
1676 449.569 917.952
1677 864.581 471.705
1678 824.17 190.011
1679 448.161 622.05
1680 445.282 210.108
1681 69.7415 728.194
1682 1167.55 497.363
1683 123.098 306.899
1684 209.546 10.3833
1685 257.799 281.93
1686 847.128 1134.85
1687 1010.71 755.368
1688 295.159 1035.11
1689 980.44 329.756
1690 239.752 1100.04
1691 913.691 118.116
1692 903.941 100.494
1693 924.473 44.4875
1694 1007.18 96.6139
1695 363.291 451.592
1696 999.236 491.152
1697 1012.45 68.6287
1698 397.246 927.304
1699 1027.08 550.805
1700 687.421 580.757
1701 531.792 936.115
1702 936.208 159.806
1703 1141.94 501.171
1704 217.527 505.395
1705 764.16 953.251
1706 266.968 191.419
1707 826.636 24.1773
1708 242.948 997.105
1709 514.91 869.312
1710 1151.15 1168.86
1711 1104.65 234.301
1712 77.6726 754.43
1713 1108.37 695.406
1714 1167.18 123.171
1715 231.609 27.1186
1716 167.875 576.063
1717 775.173 861.404
1718 195.289 425.412
