1 755.834 288.498
2 573.993 511.213
3 831.208 99.6325
4 740.936 320.708
5 46.4588 734.935
6 38.442 863.828
7 651.078 374.156
8 268.38 79.1895
9 198.992 351.418
10 68.5144 698.795
11 397.438 316.178
12 485.47 535.015
13 486.78 767.426
14 93.5034 537.062
15 661.835 119.452
16 374.597 702.678
17 653.207 182.671
18 498.868 777.354
19 673.529 312.33
20 163.043 424.519
21 342.965 859.051
22 181.741 585.787
23 887.502 729.585
24 355.481 734.062
25 199.152 523.712
26 38.2698 20.1722
27 689.163 847.889
28 576.955 585.648
29 68.1323 716.29
30 844.239 405.466
31 524.695 121.117
32 135.622 809.671
33 354.27 575.248
34 734.824 96.8483
35 239.754 828.153
36 879.422 552.621
37 863.118 353.9
38 116.531 319.427
39 548.006 779.156
40 389.304 430.961
41 440.84 111.325
42 109.144 366.211
43 814.625 95.2105
44 690.66 196.262
45 552.892 10.211
46 571.299 303.185
47 473.533 530.129
48 11.1916 571.945
49 58.7968 50.0094
50 580.474 888.206
51 174.261 781.913
52 571.408 456.346
53 771.183 30.3559
54 317.642 602.465
55 566.843 556.25
56 216.246 142.625
57 378.713 555.567
58 840.64 147.083
59 417.974 138.994
60 823.992 602.418
61 451.595 880.535
62 490.738 729.938
63 738.4 848.924
64 458.364 465.379
65 233.167 175.983
66 75.6934 625.119
67 628.285 722.597
68 654.217 51.7543
69 281.873 461.531
70 272.447 683.836
71 319.219 316.943
72 382.343 651.217
73 110.251 390.725
74 545.426 726.337
75 460.93 375.683
76 302.719 424.516
77 568.762 99.5055
78 406.037 388.487
79 408.01 85.0856
80 418.801 33.6661
81 636.372 213.951
82 251.931 692.305
83 285.474 479.549
84 386.492 226.152
85 502.144 496.361
86 147.383 267.727
87 564.754 333.646
88 465.379 47.4961
89 143.498 703.299
90 811.091 39.3344
91 731.393 754.068
92 104.441 39.473
93 853.974 613.982
94 137.329 838.28
95 827.33 259.072
96 163.971 884.136
97 342.982 495.681
98 451.076 84.8105
99 474.032 649.197
100 633.993 424.573
101 707.091 870.161
102 565.094 325.65
103 140.81 176.154
104 867.143 630.799
105 427.628 270.484
106 836.752 792.211
107 567.905 516.615
108 550.171 617.669
109 805.058 195.252
110 141.533 876.823
111 180.084 561.327
112 757.214 261.538
113 817.369 118.222
114 428.993 779.263
115 163.752 117.239
116 152.097 270.266
117 439.939 115.028
118 754.005 497.344
119 156.355 67.3134
120 277.82 335.122
121 205.942 509.145
122 379.341 624.546
123 876.785 693.499
124 288.579 394.763
125 688.201 828.779
126 288.443 92.1533
127 312.836 366.439
128 229.566 642.7
129 233.14 238.217
130 649.167 535.777
131 157.541 807.326
132 255.087 503.24
133 256.424 87.7312
134 423.889 550.956
135 146.967 611.908
136 803.737 557.369
137 346.446 528.3
138 637.211 648.703
139 711.704 442.669
140 218.379 466.965
141 5.35013 425.936
142 209.61 17.8814
143 326.142 880.069
144 238.518 799.137
145 851.055 603.255
146 329.827 480.447
147 271.465 633.119
148 213.841 565.178
149 185.398 387.803
150 683.397 42.1459
151 285.195 723.851
152 64.2289 215.017
153 333.155 472.151
154 634.557 270.055
155 58.1144 782.948
156 701.631 235.979
157 66.2572 747.11
158 673.68 139.433
159 791.653 272.995
160 537.415 739.847
161 111.782 92.7559
162 61.1192 161.432
163 818.425 623.318
164 552.477 593.676
165 519.92 480.092
166 542.984 870.108
167 503.061 745.715
168 662.087 666.912
169 887.236 394.081
170 571.91 33.684
171 441.23 765.753
172 139.922 597.358
173 873.82 666.312
174 425.915 419.632
175 814.614 54.948
176 571.483 669.367
177 439.311 156.657
178 327.45 619.578
179 596.758 35.5968
180 455.84 367.633
181 426.973 333.102
182 283.639 669.642
183 358.033 769.2
184 462.814 177.212
185 414.009 672.206
186 526.769 242.284
187 551.664 280.12
188 747.141 638.224
189 385.319 307.88
190 791.246 527.672
191 662.597 85.9863
192 228.773 642.971
193 780.672 164.519
194 849.497 170.524
195 395.92 720.612
196 765.146 33.1381
197 365.762 267.891
198 592.445 151.041
199 511.129 200.632
200 514.923 470.977
201 521.337 137.339
202 769.434 881.871
203 817.069 826.022
204 212.64 47.769
205 627.166 403.446
206 418.564 264.533
207 618.404 46.1585
208 2.53858 378.249
209 148.025 645.266
210 536.951 153.307
211 21.4551 857.715
212 453.797 804.651
213 591.981 474.923
214 626.408 713.778
215 464.943 401.125
216 710.1 773.642
217 404.684 356.957
218 759.773 4.66772
219 600.088 362.856
220 746.03 737.754
221 730.841 572.2
222 617.277 166.072
223 345.984 115.001
224 566.35 821.982
225 102.253 853.117
226 195.565 853.73
227 355.561 300.51
228 183.078 108.888
229 285.795 553.932
230 174.224 545.988
231 525.377 304.493
232 644.991 646.658
233 804.594 366.593
234 519.509 444.718
235 30.5176 877.776
236 471.112 307.471
237 83.4541 67.0845
238 30.5722 92.863
239 628.422 338.723
240 339.733 392.607
241 286.041 392.445
242 134.217 451.761
243 538.69 594.547
244 550.69 18.1249
245 12.5837 490.683
246 607.677 560.126
247 279.381 538.507
248 581.526 486.48
249 488.185 189.82
250 350.32 67.9979
251 101.707 757.726
252 446.501 124.227
253 725.025 92.2373
254 219.542 721.121
255 19.6808 563.101
256 205.119 479.958
257 480.172 245.706
258 815.322 388.458
259 791.219 748.472
260 581.35 419.632
261 761.925 483.586
262 805.201 759.309
263 593.911 638.851
264 360.311 444.936
265 825.854 534.331
266 136.81 187.828
267 377.457 533.757
268 444.525 144.237
269 642.998 546.478
270 505.096 826.213
271 339.133 340.125
272 722.31 81.6735
273 310.696 283.559
274 550.408 603.229
275 521.652 222.893
276 495.29 661.56
277 730.643 797.442
278 224.031 483.941
279 75.4856 661.26
280 559.483 512.359
281 292.015 409.039
282 82.0262 192.659
283 734.362 818.217
284 773.123 464.642
285 76.5123 165.583
286 198.574 232.323
287 557.615 603.364
288 321.741 220.531
289 389.928 835.632
290 722.736 266.66
291 596.195 805.524
292 892.409 189.438
293 116.147 281.246
294 68.8693 132.771
295 629.749 653.981
296 69.3606 651.105
297 308.913 801.564
298 808.525 699.966
299 528.983 843.164
300 686.698 217.692
301 274.358 643.435
302 699.238 156.382
303 760.155 77.1695
304 880.735 246.352
305 98.5743 111.208
306 828.561 878.95
307 726.935 664.518
308 164.523 353.081
309 67.3302 525.625
310 451.458 210.077
311 710.148 438.658
312 581.909 462.461
313 266.933 153.516
314 31.7459 813.547
315 613.329 381.879
316 48.5606 251.347
317 290.068 179.912
318 692.185 38.2719
319 169.464 294.749
320 437.894 705.162
321 792.147 801.564
322 707.777 885.965
323 742.14 621.627
324 270.392 573.228
325 739.072 867.924
326 220.852 765.043
327 432.514 434.07
328 401.764 525.598
329 632.71 193.806
330 774.547 522.541
331 649.986 588.76
332 179.42 332.283
333 460.445 405.029
334 276.951 197.409
335 312.647 115.03
336 64.9239 772.63
337 327.395 351.719
338 767.309 846.66
339 141.598 593.894
340 867.979 222.742
341 433.197 273.539
342 685.799 347.758
343 68.842 474.198
344 828.288 279.301
345 439.353 755.47
346 235.215 317.243
347 503.603 67.0404
348 97.8289 828.099
349 61.327 135.803
350 631.962 870.217
351 859.926 459.129
352 606.83 222.74
353 252.029 382.755
354 143.528 310.937
355 580.598 485.663
356 743.668 379.477
357 327.675 222.74
358 187.609 649.331
359 454.133 822.965
360 367.708 47.4236
361 668.002 426.345
362 850.643 646.14
363 543.53 707.147
364 816.487 193.398
365 0.791601 419.702
366 508.836 371.37
367 104.773 275.423
368 352.34 455.964
369 894.207 780.466
370 512.464 19.053
371 591.763 329.934
372 206.077 313.776
373 165.827 360.071
374 330.788 467.236
375 692.38 316.777
376 634.396 295.269
377 362.444 567.278
378 175.408 313.993
379 764.865 143.826
380 681.182 445.835
381 271.62 492.703
382 554.142 814.557
383 387.599 592.172
384 188.055 748.829
385 820.89 566.816
386 143.553 665.545
387 542.333 7.67034
388 51.9454 858.123
389 95.0089 219.164
390 558.404 402.461
391 888.26 829.163
392 583.469 163.536
393 374.02 326.278
394 51.263 515.034
395 818.27 481.549
396 376.911 616.439
397 11.2735 90.0336
398 34.0661 238.192
399 62.9459 9.49921
400 847.04 425.035
401 219.763 440.132
402 16.9512 338.56
403 864.3 20.6908
404 128.622 9.17375
405 452.863 721.312
406 103.194 67.9685
407 751.04 584.474
408 248.796 735.807
409 558.595 53.6651
410 824.985 668.139
411 9.06247 618.175
412 757.518 407.868
413 136.456 757.018
414 526.274 567.905
415 839.939 170.767
416 744.93 342.847
417 749.043 711.704
418 342.818 818.361
419 140.441 53.5926
420 373.09 171.725
421 211.821 593.373
422 750.329 229.212
423 800.573 352.128
424 466.837 843.628
425 64.3108 556.932
426 253.348 202.761
427 479 287.378
428 768.754 308.925
429 188.21 204.315
430 550.763 849.363
431 156.955 407.103
432 254.35 817.342
433 286.996 777.218
434 372.216 269.172
435 312.46 255.878
436 784.477 444.989
437 522.923 858.942
438 772.892 456.29
439 337.741 10.2656
440 176.05 683.945
441 183.899 522.732
442 746.016 54.022
443 270.963 724.97
444 440.527 103.32
445 258.335 129.75
446 112.435 780.057
447 416.663 86.885
448 151.769 825.696
449 776.506 701.222
450 606.392 311.347
451 589.715 860.371
452 366.375 195.671
453 864.008 792.611
454 681.678 739.383
455 151.414 176.09
456 586.74 26.8892
457 685.316 605.386
458 446.954 166.566
459 476.645 687.985
460 575.328 207.427
461 652.506 808.47
462 696.309 780.246
463 301.688 426.074
464 390.751 459.729
465 711.66 425.201
466 261.583 29.9989
467 275.313 828.233
468 267.649 799.162
469 844.938 410.977
470 583.695 680.613
471 749.046 556.634
472 722.213 606.887
473 654.274 249.2
474 257.512 21.7554
475 443.8 635.11
476 150.24 549.999
477 383.719 604.073
478 246.946 615.82
479 411.332 795.04
480 772.519 330.673
481 624.865 537.169
482 491.628 64.0126
483 269.417 568.133
484 293.875 343.42
485 865.535 585.221
486 604.262 224.624
487 134.217 494.507
488 831.181 78.3685
489 317.487 781.558
490 791.028 824.905
491 666.209 523.303
492 366.713 71.6808
493 662.979 113.745
494 243.322 0.491339
495 690.169 183.46
496 88.7643 272.831
497 242.667 303.622
498 439.103 887.258
499 677.846 795.459
500 449.161 875.868
501 87.2945 50.5806
502 521.484 554.339
503 831.782 59.2609
504 626.484 389.641
505 202.379 375.549
506 367.633 105.146
507 751.194 524.722
508 20.0903 478.728
509 340.281 194.681
510 727.263 826.295
511 420.164 45.1758
512 167.231 318.851
513 618.24 442.671
514 594.656 18.0798
515 55.9454 281.946
516 486.098 699.093
517 12.9932 318.97
518 278.677 847.422
519 690.992 611.962
520 801.867 368.968
521 747.38 869.624
522 665.655 570.881
523 883.395 535.477
524 467.918 356.059
525 511.288 624.409
526 859.051 733.896
527 64.0105 542.847
528 219.471 796.189
529 321.902 344.428
530 1.39213 587.04
531 413.079 495.353
532 71.1076 885.938
533 392.063 497.48
534 508.672 576.258
535 804.676 312.901
536 33.0373 513.505
537 160.412 877.067
538 341.808 478.782
539 7.34278 473.987
540 151.979 443.244
541 892.659 515.989
542 821.682 331.465
543 440.498 246.488
544 887.578 595.45
545 203.496 71.137
546 698.356 534.413
547 89.2871 688.941
548 790.154 224.815
549 762.226 14.9312
550 837.445 710.994
551 725.449 683.998
552 218.511 711.731
553 12.8567 144.865
554 817.969 58.3695
555 770.618 803.832
556 158.266 247.553
557 362.389 379.586
558 5.13176 169.839
559 87.4037 604.629
560 260.575 450.532
561 352.017 368.668
562 617.898 404.073
563 614.883 164.573
564 613.51 667.729
565 761.854 308.726
566 189.493 773.833
567 872.97 96.3045
568 237.453 744.815
569 792.447 156.575
570 799.343 210.402
571 255.75 80.2793
572 695.872 207.811
573 381.088 213.188
574 37.8877 124.229
575 125.932 445.098
576 3.221 619.387
577 383.244 652.252
578 103.651 389.142
579 480.829 657.768
580 416.239 280.554
581 11.3008 368.431
582 564.199 231.066
583 113.323 466.119
584 754.15 280.145
585 477.928 299.391
586 538.835 390.371
587 4.99528 330.072
588 634.31 213.107
589 589.43 50.5281
590 344.51 642.179
591 520.804 435.164
592 221.894 373.236
593 59.4961 715.334
594 570.788 79.306
595 608.069 185.564
596 90.3517 875.485
597 334.028 254.352
598 524.468 250.175
599 780.231 169.157
600 110.591 192.068
601 550.465 640.842
602 607.019 628.752
603 497.972 542.274
604 202.308 856.348
605 8.16168 674.853
606 548.021 520.466
607 56.4724 646.247
608 605.274 770.312
609 473.44 764.716
610 651.632 669.831
611 347.448 182.815
612 651.632 73.5464
613 763.874 711.378
614 386.438 11.6283
615 62.5071 603.775
616 564.577 502.949
617 75.2294 146.637
618 710.308 819.471
619 409.438 69.0152
620 325.02 539.874
621 691.695 675.32
622 273.438 675.811
623 560.957 749.1
624 216.867 172.762
625 650.914 711.215
626 545.997 170.75
627 619.032 737.092
628 700.269 456.453
629 484.905 599.46
630 393.699 0.709711
631 280.391 857.033
632 433.715 323.74
633 616.827 789.01
634 660.714 60.926
635 350.925 876.603
636 713.913 610.982
637 605.419 118.715
638 651.664 637.978
639 839.303 632.789
640 815.731 431.752
641 386.686 134.765
642 6.08714 832.655
643 437.701 705.207
644 40.7538 248.81
645 738.675 220.01
646 307.332 515.635
647 201.667 304.004
648 591.954 689.022
649 662.005 96.5302
650 223.775 880.917
651 390.872 409.342
652 456.779 479.084
653 120.964 490.931
654 539.5 789.809
655 789.008 512.086
656 201.646 693.253
657 638.795 519.565
658 383.834 234.842
659 511.593 80.5522
660 332.445 671.007
661 253.039 777.9
662 573.974 552.758
663 555.269 353.711
664 193.86 44.7139
665 400.605 742.278
666 677.487 284.296
667 55.0152 786.06
668 775.122 126.056
669 286.232 787.534
670 733.295 683.918
671 369.487 436.118
672 483.139 179.175
673 174.261 376.611
674 553.111 362.608
675 465.006 643.517
676 828.178 838.961
677 485.279 873.491
678 74.4525 333.949
679 441.14 679.714
680 88.905 671.632
681 437.128 833.037
682 275.04 624.876
683 662.333 889.625
684 186.763 97.4782
685 126.165 732.479
686 770.937 406.146
687 141.596 401.617
688 4.42205 67.5412
689 184.115 112.216
690 230.028 511.593
691 208.027 295.167
692 875.891 410.379
693 71.2714 645.839
694 274.331 15.4226
695 817.615 497.673
696 320 879.252
697 372.653 180.05
698 820.269 574.377
699 145.327 105.258
700 164.819 32.1575
701 15.4226 302.284
702 771.401 343.339
703 265.978 163.097
704 600.88 595.832
705 561.562 630.315
706 283.362 483.805
707 241.409 275.723
708 182.371 655.229
709 571.181 871.935
710 124.265 500.428
711 709.138 274.686
712 79.4604 292.267
713 88.0945 759.609
714 459.813 447.828
715 768.262 833.911
716 770.31 320.136
717 627.849 172.762
718 632.516 365.3
719 764.987 643.08
720 588.701 525.596
721 834.062 768.674
722 794.971 697.621
723 471.055 617.642
724 329.77 628.395
725 456.789 168.42
726 776.304 415.181
727 121.879 425.802
728 568.124 749.428
729 30.2446 205.28
730 820.319 103.481
731 153.415 484.216
732 890.704 187.482
733 263.857 157.747
734 323.246 555.103
735 432.351 598.671
736 586.167 450.751
737 637.157 300.401
738 298.526 434.127
739 495.215 251.32
740 71.053 702.368
741 467.727 791.601
742 776.178 331.683
743 419.33 588.879
744 303.784 326.224
745 626.988 75.9118
746 684.08 398.82
747 712.369 859.825
748 773.558 870.297
749 125.098 1.31024
750 174.234 407.866
751 760.428 249.93
752 363.836 340.197
753 384.905 692.025
754 811.414 289.781
755 823.838 298.326
756 297.178 746.919
757 528.149 659.731
758 203.301 241.14
759 837.459 236.989
760 375.79 651.215
761 273.552 211.905
762 140.441 138.123
763 48.9281 549.537
764 66.6856 782.65
765 299.08 293.55
766 63.0341 558.408
767 420.258 43.5129
768 629.077 407.456
769 314.566 407.047
770 607.267 405.764
771 144.636 114.457
772 58.3013 694.016
773 40.3087 685.144
774 404.619 767.007
775 383.653 578.278
776 108.286 328.16
777 537.478 769.136
778 349.233 867.624
779 171.924 582.702
780 334.711 314.431
781 561.421 698.522
782 491.483 392.008
783 204.382 153.652
784 294.389 451.977
785 774.322 883.7
786 346.585 155.072
787 649.085 693.77
788 450.385 515.498
789 768.54 739.792
790 89.0142 26.6436
791 423.425 28.527
792 345.226 55.7417
793 468.63 805.659
794 854.329 258.99
795 52.3276 807.224
796 178.492 817.453
797 601.453 101.598
798 104.191 223.206
799 113.917 670.515
800 576.691 861.755
801 651.433 274.742
802 319.561 91.664
803 150.868 344.567
804 273.457 846.415
805 198.364 846.851
806 812.401 135.311
807 450.912 549.319
808 603.383 60.1638
809 103.809 783.767
810 767.347 188.292
811 709.218 478.839
812 387.498 545.277
813 739.013 612.645
814 235.679 76.7874
815 435.763 408.821
816 215.315 510.994
817 754.969 782.077
818 201.585 126.247
819 200.084 634.429
820 277.291 547.024
821 362.184 272.256
822 479.355 811.311
823 648.594 330.534
824 513.512 619.716
825 244.059 137.986
826 99.8782 415.101
827 205.375 54.948
828 143.861 196.726
829 866.392 878.297
830 823.553 690.767
831 699.477 878.488
832 890.925 564.223
833 246.515 778.744
834 268.435 374.511
835 383.926 452.661
836 262.295 109.789
837 18.9711 824.466
838 432.951 339.979
839 445.253 369.814
840 831.855 652.636
841 335.147 222.469
842 814.039 820.892
843 488.609 133.892
844 137.604 527.206
845 155.349 375.747
846 141.174 58.8514
847 244.955 221.268
848 614.66 734.288
849 380.924 794.196
850 269.762 264.204
851 64.6278 704.852
852 847.586 136.592
853 893.426 446.765
854 6.87874 406.776
855 621.106 804.596
856 842.95 434.234
857 564.166 425.526
858 477.526 259.754
859 276.16 492.403
860 775.532 811.5
861 108.955 398.751
862 279.42 142.597
863 71.263 151.332
864 810.776 21.7029
865 873.89 212.697
866 41.4908 758.847
867 278.035 529.308
868 835.521 769.054
869 876.556 351.173
870 732.953 375.273
871 232.922 395.855
872 130.404 84.2667
873 125.01 427.192
874 2.83884 51.9748
875 91.5548 302.774
876 629.514 785.032
877 259.458 392.636
878 113.636 857.659
879 222.849 753.113
880 531.145 192.443
881 266.641 709.165
882 13.7848 378.087
883 549.686 289.919
884 232.949 634.864
885 208.71 658.585
886 694.698 216.573
887 227.79 581.39
888 709.356 481.295
889 166.408 707.227
890 563.626 709.438
891 251.156 343.775
892 467.891 890.608
893 14.2488 255.496
894 684.013 636.695
895 687.11 514.677
896 393.153 545.686
897 805.946 114.4
898 851.135 146.255
899 637.102 49.4908
900 462.459 463.826
901 55.4793 348.96
902 577.571 217.827
903 501.111 222.986
904 28.6341 454.925
905 317.732 757.592
906 626.513 349.18
907 303.866 415.126
908 327.423 360.124
909 531.924 445.972
910 688.084 239.12
911 478.263 692.08
912 522.975 433.861
913 394.026 821.327
914 617.812 882.389
915 549.107 370.335
916 403.88 214.087
917 617.287 551.582
918 167.71 600.336
919 763.267 261.176
920 424.981 303.129
921 33.2829 438.219
922 355.101 205.898
923 673.707 240.947
924 615.21 251.593
925 565.476 832.764
926 170.883 33.5202
927 287.597 594.112
928 467.618 375.248
929 765.016 185.728
930 453.804 814.639
931 775.742 478.728
932 766.528 24.2121
933 832.3 335.093
934 399.084 736.955
935 529.881 486.646
936 767.294 63.7942
937 1.69239 78.2887
938 198.774 231.805
939 152.561 426.1
940 598.801 107.933
941 401.323 109.079
942 260.718 876.057
943 69.7029 445.562
944 616.663 797.308
945 857.495 108.149
946 581.308 612.726
947 251.622 353.955
948 857.413 654.629
949 607.376 527.643
950 420.556 839.454
951 574.02 689.512
952 308.972 39.2525
953 211.813 194.515
954 893.102 790.566
955 187.219 204.561
956 820.357 687.439
957 529.663 330.427
958 229.703 519.074
959 559.565 362.037
960 834.402 507.418
961 79.3323 840.735
962 121.06 10.9732
963 793.867 278.127
964 5.37743 748.036
965 348.304 538.919
966 808.957 500.157
967 844.256 758.9
968 254.186 658.639
969 445.972 249.054
970 162.797 633.427
971 125.235 239.5
972 846.631 534.988
973 839.427 31.1181
974 882.316 709.93
975 715.389 774.051
976 156.729 462.734
977 173.571 776.372
978 688.584 113.31
979 854.956 809.127
980 467.236 315.523
981 386.931 203.962
982 127.647 511.183
983 0.982677 18.864
984 773.508 584.147
985 668.357 19.1349
986 669.648 836.042
987 137.52 138.448
988 227.517 442.234
989 713.388 522.73
990 832.504 161.814
991 752.117 575.548
992 401.724 469.01
993 109.077 690.14
994 179.775 295.815
995 249.995 258.255
996 385.018 686.345
997 32.7832 218.812
998 892.317 392.936
999 105.037 828.917
1000 238.49 697.673
1001 676.682 165.854
1002 200.136 30.7926
1003 553.165 472.315
1004 756.947 9.77428
1005 204.424 247.091
1006 520.655 631.261
1007 765.449 536.05
1008 500.892 278.045
1009 725.169 666.175
1010 850.398 518.908
1011 135.5 655.336
1012 493.686 145.109
1013 577.522 185.917
1014 469.037 737.228
1015 127.502 223.532
1016 471.439 436.281
1017 828.449 245.235
1018 228.918 79.5716
1019 749.237 368.015
