1 359.321 85.1478
2 249.632 336.821
3 843.908 251.815
4 822.183 123.663
5 136.166 30.9673
6 111.928 714.762
7 900.7 377.985
8 634.962 592.508
9 466.067 716.334
10 804.095 996.492
11 975.732 837.957
12 93.6412 424.979
13 1048.32 53.0221
14 739.144 838.859
15 455.693 353.002
16 376.638 1012.3
17 581.751 240.672
18 247.4 168.571
19 808.504 650.907
20 431.799 774.313
21 298.408 912.78
22 663.211 1075.45
23 860.49 587.155
24 941.587 713.496
25 327.878 1073.18
26 148.168 810.018
27 569.116 320.082
28 425.658 665.384
29 718.987 865.772
30 883.802 80.9748
31 887.947 682.572
32 399.872 331.716
33 845.819 310.009
34 705.044 575.731
35 128.811 91.1673
36 495.352 333.578
37 804.85 893.931
38 113.633 281.797
39 568.392 1009.87
40 530.689 1053.02
41 969.61 493.38
42 405.391 1036.04
43 589.954 960.058
44 296.035 371.289
45 86.4535 778.182
46 140.037 594.018
47 171.67 502.808
48 158.233 480.108
49 952.566 51.4174
50 844.475 58.7429
51 853.369 1010.5
52 644.523 550.658
53 756.202 111.326
54 149.004 993.011
55 627.675 823.046
56 16.2476 347.061
57 182.635 926.216
58 1017.25 1059.95
59 130.754 466.143
60 688.997 33.097
61 171.507 335.254
62 212.791 21.7304
63 332.892 623.094
64 550.748 669.506
65 639.674 174.512
66 737.054 657.728
67 323.492 1010.23
68 353.369 558.146
69 762.627 182.903
70 808.859 315.869
71 240.749 462.556
72 544.892 472.061
73 704.852 940.233
74 50.3476 994.125
75 513.278 1030.26
76 464.085 406.793
77 601.352 620.429
78 860.003 411.984
79 588.591 539.883
80 867.133 957.34
81 508.568 698.892
82 55.8638 641.357
83 421.335 945.081
84 4.01176 971.759
85 172.238 386.51
86 747.358 532.996
87 807.468 352.066
88 997.419 108.752
89 725.728 738.007
90 512.881 1071.08
91 1028.98 463.325
92 224.865 369.851
93 80.5485 810.286
94 484.721 259.828
95 792.638 342.314
96 459.781 79.3091
97 400.583 688.051
98 739.563 177.029
99 1031.77 291.62
100 83.3861 662.71
101 64.8234 121.891
102 1012.04 936.847
103 547.906 526.109
104 243.949 310.453
105 290.139 758.902
106 546.43 158.13
107 383.558 266.849
108 782.561 869.359
109 803.649 555.138
110 275.708 168.494
111 980.976 560.811
112 549.807 950.497
113 934.708 40.5857
114 130.058 45.1658
115 235.298 229.506
116 588.469 366.809
117 53.7679 1048.85
118 25.7756 528.516
119 342.574 444.002
120 365.6 947.388
121 96.416 764.608
122 793.493 508.558
123 776.07 513.606
124 665.618 788.142
125 999.363 774.504
126 162.715 474.066
127 644.663 343.641
128 632.221 993.718
129 373.997 898.902
130 1000.27 920.599
131 279.314 415.518
132 215.17 848.688
133 430.964 662.686
134 739.026 42.2238
135 589.228 542.2
136 692.503 406.96
137 798.04 183.047
138 684.736 841.444
139 413.94 1004.19
140 936.13 1094.59
141 1006.28 42.9259
142 501.436 624.13
143 253.042 552.587
144 150.709 867.353
145 803.633 973.12
146 537.209 59.909
147 387.429 567.073
148 696.214 347.696
149 692.764 259.728
150 584.738 485.39
151 948.782 583.277
152 968.406 255.85
153 315.018 405.89
154 724.684 499.14
155 165.741 879.646
156 124.804 313.72
157 983.694 868.379
158 777.513 835.125
159 48.057 910.837
160 851.001 736.87
161 512.202 193.404
162 461.954 109.665
163 162.878 144.423
164 56.6744 255.182
165 891.313 421.212
166 116.786 572.178
167 535.429 610.991
168 624.671 564.99
169 543.138 208.989
170 585.015 788.555
171 1085.72 1008.2
172 1072.76 1081.24
173 1027.57 362.162
174 931.397 20.4934
175 758.304 303.266
176 785.236 592.012
177 241.414 701.724
178 944.718 626.915
179 856.032 845.245
180 126.379 763.515
181 939.722 435.046
182 150.699 944.546
183 318.868 876.135
184 282.829 1085.45
185 1013.48 662.944
186 898.267 1076.82
187 860.924 957.216
188 698.674 709.915
189 256.887 134.972
190 53.0481 191.104
191 705.602 509.364
192 930.755 488.365
193 770.459 923.986
194 815.859 226.431
195 890.946 756.351
196 554.994 606.415
197 923.14 994.353
198 343.266 828.161
199 199.786 179.965
200 403.316 506.227
201 85.3837 672.271
202 884.159 823.391
203 122.426 389.208
204 291.722 765.387
205 434.741 204.409
206 281.65 572.178
207 435.593 65.7301
208 967.269 1053.52
209 757.688 1079.61
210 168.359 250.2
211 275.708 232.849
212 346.215 216.301
213 69.1286 1072.34
214 921.401 96.182
215 251.872 802.49
216 1002.98 885.038
217 301.718 500.501
218 729.205 7.65578
219 1038.78 154.653
220 650.007 684.173
221 117.946 909.299
222 168.227 512.837
223 251.592 249.174
224 912 451.925
225 268.364 1039.88
226 726.931 496.098
227 595.847 965.497
228 879.813 1.77186
229 490.772 870.395
230 316.918 464.767
231 67.1364 702.894
232 296.269 560.009
233 774.896 1036.05
234 190.525 366.986
235 298.715 889.05
236 678.388 725.928
237 37.2091 879.713
238 678.588 1025.41
239 936.145 343.244
240 573.314 89.128
241 973.32 318.945
242 46.6607 282.261
243 1004.88 783.597
244 697.021 1003.22
245 491.455 420.266
246 69.0263 240.348
247 871.202 269.59
248 965.229 396.439
249 875.125 935.252
250 219.18 713.86
251 405.322 823.013
252 169.49 1036.35
253 108.117 360.728
254 137.67 566.996
255 393.654 598.097
256 462.322 703.329
257 900.206 1030.15
258 52.2792 20.3362
259 604.318 455.77
260 465.642 136.166
261 923.173 513.978
262 4.94784 600.728
263 98.9671 872.769
264 1039.85 1010.17
265 860.991 603.914
266 1003.58 146.439
267 766.869 246.065
268 444.704 896.963
269 277.948 1062.62
270 123.93 87.2323
271 994.923 388.215
272 620.452 784.333
273 688.586 1071.72
274 381.975 754.689
275 942.564 172.539
276 790.451 493.177
277 828.563 318.902
278 709.559 422.372
279 243.581 618.122
280 765.101 890.845
281 681.264 391.19
282 546.034 22.9339
283 470.312 363.409
284 230.494 651.744
285 1006.15 389.007
286 326.29 931.134
287 745.374 645.168
288 320.339 407.605
289 163.847 427.721
290 210.651 635.129
291 138.138 190.97
292 1020.12 570.105
293 672.371 620.797
294 395.325 127.551
295 554.96 1067.4
296 1077.54 76.6621
297 811.513 32.7333
298 478.804 81.4722
299 666.344 208.846
300 1027.14 299.913
301 585.65 640.578
302 53.7576 745.385
303 572.077 287.787
304 360.996 511.266
305 385.961 290.05
306 768.076 451.357
307 53.162 401.444
308 671.536 156.034
309 291.221 722.227
310 229.573 982.046
311 64.5916 123.663
312 198.524 337.088
313 661.172 515.043
314 765.444 737.228
315 541.287 405.054
316 799.344 761.098
317 501.738 667.862
318 843.807 554.125
319 413.546 961.289
320 983.517 527.657
321 540.473 109.555
322 445.201 116.98
323 457.565 538.689
324 669.502 444.012
325 484.888 874.832
326 1009.26 430.262
327 639.007 977.165
328 355.409 738.131
329 454.287 1033.61
330 1040.33 32.2653
331 495.546 453.673
332 972.551 448.515
333 143.721 132.298
334 575.253 805.505
335 238.679 448.826
336 762.644 92.0365
337 509.628 773.143
338 37.6499 325.163
339 631.284 337.633
340 716.689 878.375
341 559.507 362.305
342 187.617 723.622
343 16.0805 97.6963
344 703.557 101.541
345 807.768 523.034
346 1089.52 659.978
347 763.271 1049.75
348 178.289 1080.67
349 527.948 910.469
350 353.035 47.5159
351 345.445 144.39
352 268.596 112.54
353 837.923 365.983
354 555.495 87.661
355 551.201 594.142
356 8.82588 205.613
357 241.408 733.016
358 54.6268 1090.14
359 786.748 361.326
360 380.85 870.218
361 886.365 973.822
362 376.002 586.596
363 524.849 23.5456
364 224.115 1071.58
365 340.788 354.205
366 453.485 1045.83
367 87.9996 726.339
368 900.651 744.249
369 906.224 752.683
370 148.97 10.7315
371 275.703 826.333
372 23.5691 160.347
373 688.318 279.362
374 102.333 824.35
375 767.517 953.763
376 445.851 378.046
377 566.06 429.797
378 918.593 438.853
379 485.993 865.441
380 1057.95 99.9263
381 559.474 748.896
382 163.938 965.965
383 544.141 961.385
384 328.782 157.662
385 912.509 386.878
386 212.523 1026.81
387 445.918 800.881
388 1017.82 221.086
389 717.447 1083.48
390 397.161 489.545
391 966.544 196.844
392 643.084 186.781
393 528.054 739.077
394 1034.07 667.758
395 197.478 542.156
396 625.434 1041.52
397 563.586 55.8304
398 355.156 6.55255
399 727.633 442.063
400 154.383 365.672
401 151.845 793.359
402 423.04 476.975
403 688.262 473.756
404 643.019 605.151
405 877.941 740.977
406 507.956 782.06
407 521.752 575.521
408 810.476 1020.46
409 103.396 898.066
410 1001.07 267.852
411 1020.39 629.957
412 498.629 305.132
413 581.932 847.227
414 903.664 803.757
415 641.347 907.27
416 900.875 248.696
417 584.213 76.5953
418 956.371 733.962
419 244.561 762.178
420 653.807 109.798
421 494.685 241.445
422 820.42 259.905
423 151.602 1044.46
424 622.888 260.096
425 932.902 165.595
426 516.849 146.028
427 370.62 456.582
428 714.127 797.906
429 937.472 949.828
430 260.765 994.549
431 545.733 933.948
432 1026.69 549.979
433 756.451 205.874
434 840.865 343.307
435 83.9899 812.816
436 625.835 168.364
437 257.756 543.592
438 889.884 132.121
439 678.68 295.443
440 287.811 643.019
441 454.246 340.341
442 365.411 1007.9
443 733.25 944.178
444 655.699 617.448
445 721.74 464.773
446 1006.28 832.14
447 216.167 97.0887
448 483.25 1048.42
449 452.218 250.835
450 767.751 694.57
451 388.907 389.418
452 379.145 790.618
453 887.435 774.17
454 629.873 950.062
455 418.895 923.24
456 406.392 221.793
457 25.4747 466.344
458 564.321 1079.03
459 557.234 820.783
460 334.213 154.018
461 286.45 336.463
462 854.398 281.291
463 197.98 201.892
464 801.46 925.915
465 154.577 383.902
466 689.447 951.633
467 702.185 704.074
468 1063.01 230.242
469 246.757 600.069
470 990.525 661.683
471 327.661 969.218
472 69.6123 250.812
473 77.9619 499.508
474 248.596 59.1834
475 983.801 422.275
476 821.802 381.094
477 715.598 422.271
478 455.17 750.868
479 865.337 48.8098
480 377.596 803.8
481 368.414 1060.31
482 721.601 89.4722
483 297.846 491.708
484 977.093 561.814
485 347.356 1082.54
486 495.245 185.52
487 172.305 35.9387
488 365.572 831.983
489 465.79 133.869
490 13.9409 355.753
491 640.82 497.569
492 935.181 844.954
493 642.577 196.877
494 391.247 562.081
495 851.831 506.361
496 700.452 131.352
497 673.14 20.6705
498 126.963 820.415
499 674.745 820.148
500 428.891 529.055
501 801.149 99.0905
502 702.493 696.91
503 52.3535 523.472
504 128.731 735.089
505 265.679 261.838
506 908.118 858.193
507 1016.61 177.664
508 10.1631 931.173
509 293.728 817.664
510 586.589 4.17892
511 687.422 377.383
512 1067.43 935.209
513 183.08 61.7811
514 313.012 59.2404
515 18.2201 782.565
516 533.187 173.141
517 132.89 965.267
518 889.107 324.929
519 267.685 325.23
520 703.563 215.298
521 909.767 644.49
522 865.153 212.757
523 28.4166 42.2003
524 26.4442 71.4428
525 774.599 401.611
526 438.411 613.509
527 1037.81 911.974
528 472.743 782.227
529 270.6 852.199
530 461.018 226.808
531 743.947 913.345
532 143.153 416.932
533 116.876 1011.7
534 72.5679 792.901
535 386.408 782.337
536 424.912 685.52
537 156.987 702.497
538 939.459 149.147
539 335.417 477.008
540 9.29392 477.299
541 643.854 634.37
542 124.097 537.887
543 869.917 802.229
544 94.7779 198.783
545 266.389 522.04
546 725.769 753.419
547 383.926 519.834
548 827.058 562.85
549 165.251 601.764
550 502.967 913.746
551 498.438 395.861
552 933.637 475.594
553 269.88 706.582
554 1036.2 758.734
555 16.582 389.542
556 464.963 253.52
557 1062.28 86.3198
558 136.76 452.002
559 1089.43 893.53
560 399.806 91.6688
561 647.231 187.349
562 875.43 469.176
563 264.743 382.053
564 946.861 792.534
565 641.336 445.606
566 830.732 611.125
567 794.7 77.4703
568 637.059 1003.95
569 639.843 270.56
570 888.839 908.096
571 273.255 908.363
572 841.099 1040.26
573 573.448 681.575
574 130.015 162.954
575 494.246 975.995
576 451.463 352.844
577 430.209 12.2693
578 454.332 365.271
579 335.55 505.085
580 537.87 132.321
581 317.056 849.367
582 939.532 19.3332
583 433.504 485.791
584 799.305 667.624
585 846.549 451.801
586 850.46 535.102
587 654.753 1073.06
588 211.487 772.603
589 974.323 76.9924
590 834.707 139.81
591 555.555 40.5621
592 118.314 922.137
593 341.568 189.088
594 106.407 1011.97
595 360.925 547.749
596 47.506 998.327
597 495.921 893.697
598 241.608 351.664
599 707.199 637.001
600 305.362 785.002
601 737.909 855.508
602 174.583 566.833
603 793.861 437.225
604 959.48 354.249
605 597.558 171.747
606 984.811 543.197
607 482.891 277.581
608 857.542 187.115
609 734.249 555.395
610 435.042 580.235
611 370.486 202.36
612 173.018 858.287
613 725.734 527.146
614 117.051 469.343
615 554.249 1029.9
616 190.903 1001.07
617 211.176 946.184
618 231.415 890.043
619 4.68039 558.37
620 779.218 413.145
621 300.849 263.75
622 1065.26 701.494
623 515.478 97.3521
624 966.467 631.986
625 386.827 331.415
626 295.225 687.124
627 333.01 663.789
628 93.7069 683.705
629 367.511 313.218
630 579.031 778.793
631 55.4626 940.257
632 767.049 326.166
633 622.331 250.377
634 12.2359 211.988
635 732.147 421.145
636 463.693 1004.18
637 79.6669 298.92
638 648.301 767.961
639 375.139 878.352
640 75.5883 650.106
641 880.057 911.644
642 583.806 381.452
643 450.895 1078.6
644 591.659 702.593
645 1013.61 537.787
646 599.023 327.938
647 879.479 1076.1
648 653.46 858.494
649 682.476 312.827
650 551.543 645.827
651 767.24 685.71
652 929.166 368.49
653 816.203 573.381
654 836.091 296.703
655 144.591 111.498
656 238.666 840.173
657 348.99 236.159
658 1089.6 124.732
659 1027.25 599.224
660 796.845 814.889
661 118.147 950.687
662 421.235 309.98
663 578.563 237.607
664 782.494 598.321
665 287.186 936.613
666 136.515 165.686
667 1073.15 954.131
668 589.346 715.765
669 431.687 778.927
670 711.854 770.335
671 362.2 711.992
672 986.062 903.754
673 1016.81 409.3
674 923.875 703.166
675 783.196 912.352
676 508.524 504.479
677 1030.76 768.831
678 978.101 1026.92
679 371.983 408.932
680 777.653 24.4717
681 882.922 330.335
682 185.303 227.734
683 1005.18 893.085
684 1071.42 706.371
685 213.192 557.133
686 186.748 1058.48
687 983.149 1062.78
688 1032.73 496.633
689 269.724 34.5346
690 1014.93 203.162
691 209.001 624.096
692 719.075 708.31
693 289.616 859.062
694 460.985 749.798
695 621.479 507.12
696 546.736 431.666
697 745.419 649.939
698 439.704 277.614
699 825.153 994.152
700 633.524 963.735
701 885.463 474.926
702 993.087 1073.28
703 963.128 267.087
704 239.127 112.998
705 509.494 443.51
706 328.898 392.628
707 784.414 796.712
708 453.485 287.342
709 145.326 643.052
710 65.8012 939.364
711 839.605 18.1966
712 1.705 621.432
713 929.618 153.684
714 149.839 451.524
715 960.743 186.647
716 608.55 215.198
717 835.016 259.996
718 50.8157 104.373
719 971.883 824.327
720 621.735 40.2947
721 498.234 287.108
722 744.683 1060.39
723 180.061 610.256
724 138.062 1066.14
725 72.3694 220.547
726 135.372 801.851
727 239.435 400.551
728 1078.57 312.015
729 353.043 99.6019
730 879.841 393.855
731 5.6499 370.752
732 21.6635 64.1922
733 249.799 182.936
734 656.234 399.047
735 233.979 786.439
736 605.041 926.393
737 788.712 457.107
738 752.124 823.046
739 622.339 1040.42
740 1081.14 196.574
741 949.618 957.083
742 754.737 631.127
743 607.09 900.243
744 927.217 304.937
745 181.273 217.247
746 158.589 443.51
747 732.67 575.625
748 422.596 77.7712
749 670.116 45.7007
750 702.827 234.096
751 263.64 670.476
752 198.091 60.0526
753 303.59 999.808
754 1050.6 741.317
755 642.989 1072.65
756 270.058 898.377
757 704.933 204.844
758 328.551 301.728
759 102.935 975.226
760 867.711 1042.76
761 326.992 349.735
762 384.962 430.897
763 616.493 300.682
764 1037.58 773.411
765 1071.3 111.326
766 858.358 948.715
767 1069.49 401.109
768 100.879 81.2382
769 361.989 596.659
770 313.787 980.178
771 103.74 310.988
772 971.53 957.407
773 317.062 958.253
774 285.604 1033.47
775 893.921 559.417
776 693.132 476.835
777 52.647 637.68
778 419.53 885.028
779 207.515 973.153
780 371.289 459.915
781 447.311 195.249
782 536.941 553.757
783 670.456 20.7315
784 258.881 581.304
785 900.841 242.053
786 451.825 480.58
787 74.2556 594.413
788 248.328 441.772
789 899.367 142.284
790 50.8825 386.504
791 155.399 642.488
792 1014.68 615.17
793 375.267 839.294
794 570.205 870.897
795 852.566 124.776
796 382.588 189.589
797 360.76 26.0096
798 476.296 645.335
799 773.067 1089.24
800 234.788 282.996
801 577.167 251.37
802 104.506 663.746
803 204.494 406.669
804 877.272 113.911
805 1018.18 136.076
806 792.189 1015.15
807 820.272 982.858
808 1074.21 813.595
809 85.9132 836.987
810 990.343 1015.32
811 997.157 42.7686
812 882.22 529.028
813 611.159 30.0981
814 1023.33 1030.89
815 680.435 254.613
816 931.866 679.024
817 159.033 376.447
818 732.355 646.228
819 536.084 538.79
820 923.648 306.231
821 1062.05 524.147
822 354.131 582.016
823 537.022 1094.35
824 938.217 826.557
825 49.3447 1081.35
826 945.398 1053.19
827 57.0673 10.2733
828 501.592 438.93
829 693.667 1052.62
830 743.914 755.759
831 963.157 650.383
832 331.034 873.772
833 693.318 0.133725
834 518.228 953.161
835 526.778 46.971
836 929.425 209.18
837 74.0075 445.105
838 1089.35 348.02
839 264.442 26.7216
840 681.832 982.256
841 31.0912 1060.08
842 928.723 1071.89
843 961.285 464.739
844 797.946 1006.29
845 749.822 377.55
846 1072.3 727.376
847 362.663 531.563
848 175.849 958.778
849 351.153 315.224
850 1057.5 1010.33
851 619.082 472.596
852 51.9858 141.826
853 218.39 355.948
854 30.69 422.706
855 888.338 433.314
856 866.23 327.962
857 773.486 130.319
858 1067.64 484.965
859 1073.69 998.705
860 843.175 381.619
861 779.653 1028.48
862 1072.53 245.119
863 813.819 875.367
864 1009.56 677.52
865 649.009 801.727
866 615.515 653.048
867 605.01 278.359
868 783.297 532.294
869 1011.01 795.566
870 1045.87 341.912
871 995.962 240.682
872 627.646 505.86
873 845.379 201.457
874 99.7592 34.8119
875 983.205 474.568
876 618.614 669.494
877 157.423 753.085
878 391.047 166.632
879 128.251 238.576
880 714.929 594.587
881 182.97 591.066
882 761.659 904.084
883 102.239 1038.28
884 320.774 712.389
885 573.909 320.941
886 573.114 746.56
887 804.927 1067
888 561.246 474.09
889 938.117 925.48
890 684.808 1014.15
891 38.6801 833.381
892 290.21 1071.69
893 749.865 44.6073
894 972.06 612.801
895 116.074 609.296
896 876.925 691.604
897 318.741 466.367
898 970.733 224.258
899 1089.07 550.982
900 716.334 611.369
901 388.614 879.98
902 321.081 653.917
903 337.482 776.721
904 824.417 667.801
905 741.968 248.495
906 927.185 763.315
907 16.9163 290.518
908 933.303 1018.39
909 1056.3 848.02
910 792.2 772.475
911 34.8689 498.003
912 372.884 235.634
913 741.675 227.634
914 654.887 227.243
915 618.213 1015.92
916 854.806 171.674
917 569.804 573.147
918 685.543 1041.36
919 142.652 616.441
920 220.382 685.811
921 82.5189 758.424
922 599.758 111.293
923 595.212 758.758
924 569.771 451.901
925 887.469 871.064
926 1076.97 501.27
927 486.292 928.89
928 143.086 734.32
929 532.177 548.675
930 276.21 979.181
931 363.23 804.057
932 127.061 157.361
933 898.494 506.585
934 517.718 593.015
935 461.687 49.0104
936 179.873 260.999
937 959.146 573.247
938 603.185 1021.44
939 859.479 81.6059
940 799.544 115.816
941 670.507 368.891
942 489.234 687.325
943 355.197 669.396
944 544.656 795.733
945 288.289 216.435
946 1040.08 749.741
947 404.062 263.549
948 838.994 786.182
949 175.916 479.115
950 915.931 973.497
951 255.014 720.188
952 1035.1 587.432
953 761.976 881.16
954 983.952 5.68333
955 815.932 403.125
956 15.5121 21.0618
957 451.463 703.506
958 416.956 645.09
959 446.98 737.673
960 762.227 68.3102
961 358.192 548.813
962 479.004 385.133
963 64.1766 1023
964 518.847 10.4071
965 877.261 835.182
966 67.5648 267.962
967 456.071 843.076
968 456.163 654.261
969 398.602 146.195
970 803.79 551.952
971 610.289 91.7022
972 461.912 249.943
973 188.376 311.279
974 1001.03 328.64
975 215.237 502.416
976 868.246 716.634
977 839.495 420.132
978 79.8006 143.889
979 551.873 808.17
980 178.891 306.174
981 1020.62 757.625
982 961.051 407.398
983 129.513 1087
984 779.084 944.636
985 812.359 564.221
986 190.425 460.861
987 462.656 115.906
988 656.859 689.197
989 380.616 37.1187
990 502.406 352.142
991 592.127 969.051
992 700.353 157.094
993 477.634 845.178
994 289.281 690.19
995 181.654 846.091
996 843.586 173.446
997 77.3412 854.85
998 461.66 125.846
999 475.667 609.454
1000 86.9475 547.873
1001 1089.73 27.7245
1002 911.782 200.13
1003 361.686 272.208
1004 829.432 636.342
1005 327.649 285.213
1006 251.713 629.957
1007 917.089 805.228
1008 155.723 144.4
1009 775.841 59.0063
1010 166.588 879.087
1011 826.347 508.501
1012 471.884 32.9064
1013 528.707 128.286
1014 42.859 332.752
1015 370.127 1016.96
1016 65.0574 919.138
1017 464.127 739.067
1018 752.735 214.94
1019 51.2837 539.214
1020 351.731 188.128
1021 422.071 394.032
1022 1092.72 982.658
1023 709.58 431.967
1024 611.869 354.249
1025 497.86 452.871
1026 680.04 462.633
1027 426.283 70.5402
1028 505.726 810.075
1029 581.899 641.257
1030 591.427 502.249
1031 1043.73 373.572
1032 209.888 80.6364
1033 885.262 287.352
1034 731.11 100.595
1035 956.421 411.717
1036 835.851 884.56
1037 723.429 576.156
1038 1087.07 430.098
1039 917.757 94.2529
1040 365.747 419.797
1041 195.947 706.438
1042 208.545 490.013
1043 989 380.158
1044 761.767 634.771
1045 832.899 1047.28
1046 211.127 287.075
1047 762.412 961.419
1048 929.525 309.083
1049 452.985 845.589
1050 303.189 597.017
1051 1011.37 801.995
1052 326.089 430.83
1053 340.699 60.4105
1054 873.394 37.9211
1055 550.013 155.155
1056 164.75 983.818
1057 83.9796 714.638
1058 483.058 882.23
1059 440.577 179.77
1060 357.548 639.853
1061 806.498 659.61
1062 584.203 128.319
1063 567.024 278.951
1064 773.969 716.534
1065 451.19 144.423
1066 86.5798 436.012
1067 96.0565 183.113
1068 1087.54 150.819
1069 50.5816 619.861
1070 1027.81 1092.61
1071 673.943 395.861
1072 492.043 405.221
1073 940.825 127.478
1074 75.8995 142.418
1075 504.111 417.992
1076 592.726 853.202
1077 47.8799 1031.49
1078 549.753 570.215
1079 1.50441 271.874
1080 690.366 130.961
1081 369.35 624.173
1082 310.316 522.599
1083 982.623 516.18
1084 1021.13 613.743
1085 869.249 823.682
1086 213.462 227.276
1087 698.681 803.289
1088 1085.21 903.425
1089 242.126 59.9424
1090 475.628 1062.06
1091 984.274 372.091
1092 763.405 647.207
1093 463.827 37.7774
1094 330.369 960.152
1095 138.778 847.829
1096 896.228 130.583
1097 932.668 868.317
1098 922.263 214.73
1099 546.369 390.044
1100 407.637 2.50735
1101 1038.28 280.298
1102 57.4685 412.319
1103 586.386 1062.89
1104 117.779 625.444
1105 699.666 679.669
1106 98.6225 888.572
1107 517.852 1084.78
1108 1093.35 550.913
1109 1087.48 208.321
1110 868.48 1010.86
1111 191.768 165.953
1112 118.513 507.799
1113 664.548 350.895
1114 856.248 1082.12
1115 466.946 846.816
1116 43.9622 414.214
1117 1084.05 597.328
1118 970.813 734.687
1119 1015.48 1041.65
1120 219.677 730.117
1121 225.26 1006.89
1122 1087.73 827.302
1123 177.544 114.168
1124 637.536 79.1026
1125 311.486 268.353
1126 502.397 1009.66
1127 142.585 597.997
1128 377.106 407.338
1129 233.515 1080.41
1130 753.565 80.5361
1131 230.81 143.053
1132 519.736 671.168
1133 388.062 247.425
1134 838.96 618.323
1135 15.6124 513.305
1136 321.614 930.271
1137 867.365 97.6629
1138 898.869 351.965
1139 200.884 77.8715
1140 449.629 919.64
1141 572.38 631.823
1142 547.706 980.852
1143 246.422 369.627
1144 90.7608 973.956
1145 94.711 20.5702
1146 893.52 933.614
1147 667.691 986.86
1148 332.274 134.461
1149 39.2034 796.712
1150 0.434608 31.4923
1151 379.88 80.3021
1152 981.686 42.0566
1153 216.735 872.558
1154 670.806 509.972
1155 859.792 793.326
1156 239.577 318.711
1157 369.584 364.646
1158 1042.1 230.218
1159 675.681 441.829
1160 969.91 195.383
1161 1056.13 1024.8
1162 888.538 896.094
1163 10.698 693.5
1164 234.362 581.013
1165 905.98 92.2705
1166 502.595 1084.29
1167 873.318 264.652
1168 695.439 285.805
1169 5.81706 855.308
1170 766.808 327.236
1171 1012.64 157.371
1172 69.9349 467.103
1173 568.957 747.702
1174 734.163 1050.49
1175 640.956 630.749
1176 894.482 176.852
1177 940.969 73.1911
1178 614.401 713.702
1179 1022.69 866.383
1180 993.78 86.9884
1181 257.722 478.536
1182 121.757 510.908
1183 401.532 355.151
1184 652.234 868.189
1185 27.8033 979.94
1186 372.626 424.655
1187 365.948 847.595
1188 495.62 217.748
1189 77.6276 184.34
1190 61.1459 276.644
1191 578.296 135.397
1192 1090.86 211.019
1193 434.282 789.558
1194 1057.7 882.029
1195 778.508 138.549
1196 767.049 80.3021
1197 220.346 536.483
1198 3.9449 580.612
1199 394.757 992.787
1200 1025.44 461.63
1201 909.834 774.113
1202 826.593 343.641
1203 828.424 156.703
1204 745.753 865.648
1205 585.784 388.984
1206 325.028 670.867
1207 759.638 399.949
1208 430.328 1010.07
1209 207.876 259.929
1210 1091.64 451.16
1211 983.857 686.656
1212 273.109 1061.66
1213 617.068 588.358
1214 613.398 1016.51
1215 790.758 1023.28
1216 155.623 660.604
1217 200.287 250.769
1218 718.33 328.333
1219 1050.48 641.481
1220 237.463 782.437
1221 620.26 338.369
1222 976.73 971.692
1223 559.373 110.323
1224 666.126 64.6327
1225 568.044 235.968
1226 215.186 826.523
1227 586.101 212.928
1228 547.606 792.333
1229 15.345 643.186
1230 1014.86 474.568
1231 1032.73 77.1261
1232 829.019 769.957
1233 338.827 989.611
1234 1084.85 736.202
1235 692.597 485.701
1236 181.599 192.799
1237 326.323 362.429
1238 229.18 741.106
1239 21.8307 120.931
1240 96.3826 418.397
1241 877.487 234.621
1242 132.882 1069.5
1243 53.4316 653.282
1244 169.731 812.114
1245 893.085 672.849
1246 176.718 1024.67
1247 515.545 750.534
1248 926.824 177.788
1249 827.593 820.516
1250 373.997 681.976
1251 174.321 584.49
1252 613.632 899.982
1253 87.3561 793.493
1254 705.089 1024.15
1255 567.832 100.394
1256 372.86 438.987
1257 412.533 707.785
1258 410.87 1078.17
1259 107.624 399.682
1260 763.472 843.583
1261 642.718 186.457
1262 838.492 483.885
1263 494.283 474.759
1264 190.057 775.039
1265 592.002 835.249
1266 616.073 1079.8
1267 479.182 962.656
1268 1013.14 961.151
1269 668.531 489.468
1270 965.761 278.517
1271 544.095 908.741
1272 344.788 226.507
1273 55.5377 674.277
1274 466.802 320.383
1275 932.768 298.218
1276 374.966 977.576
1277 784.801 470.011
1278 1038.33 882.798
1279 408.063 1042.13
1280 455.268 176.828
1281 91.6688 242.11
1282 231.011 741.173
1283 1056.72 1018.33
1284 593.981 762.402
1285 211.784 529.395
1286 33.6047 1017.68
1287 51.9189 927.763
1288 736.894 521.696
1289 848.781 996.589
1290 493.614 521.539
1291 582.876 515.445
1292 12.7039 167.993
1293 796.703 371.165
1294 275.382 1085.68
1295 444.095 812.95
1296 492.949 802.73
1297 501.394 1039.69
1298 1051.95 382.465
1299 655.455 888.405
1300 1056.05 660.808
1301 187.012 907.069
1302 454.087 1069.91
1303 801.249 935.51
1304 504.936 511.075
1305 520.259 287.744
1306 384.068 301.384
1307 133.358 182.545
1308 84.0464 726.597
1309 605.308 626.48
1310 971.114 582.284
1311 965.665 16.3479
1312 342.203 51.1834
1313 216.862 9.83872
1314 284.267 243.414
1315 1014.9 251.046
1316 679.969 303.767
1317 899.337 507.755
1318 1087.01 0.267451
1319 265.111 432.545
1320 354.764 339.572
1321 18.3204 726.039
1322 595.078 278.918
1323 833.882 543.828
1324 245.375 160.48
1325 782.026 903.626
1326 573.448 298.117
1327 1037.68 282.027
1328 158.297 1037.61
1329 637.994 128.085
1330 542.223 607.849
1331 650.24 534.343
1332 498.595 970.312
1333 962.823 1029.08
1334 197.078 678.9
1335 7.18774 747.191
1336 459.815 160.571
1337 656.291 31.0342
1338 825.059 452.002
1339 837.916 43.4038
1340 565.8 572.077
1341 880.013 464.529
1342 155.446 43.6378
1343 376.103 948.023
1344 664.555 768.888
1345 885.569 1056.53
1346 22.2653 4.04519
1347 299.372 552.53
1348 555.027 1036.92
1349 301.985 642.661
1350 869.119 39.6929
1351 1010.82 1044.36
1352 781.379 593.65
1353 1010.73 721.716
1354 604.171 550.791
1355 907.293 630.682
1356 721.348 720.111
1357 49.2444 560.075
1358 653.491 908.497
1359 1036.61 356.178
1360 1035.71 513.816
1361 241.374 472.228
1362 246.389 679.001
1363 181.867 327.37
1364 874.303 543.159
1365 1094.4 860.824
1366 1028.26 291.856
1367 100.06 77.4703
1368 36.2396 887.77
1369 793.7 425.548
1370 603.102 259.27
1371 197.479 548.909
1372 1056.97 839.739
1373 128.844 756.217
1374 601.831 724.261
1375 707.942 954.809
1376 423.902 1032.17
1377 269.728 238.676
1378 199.786 336.43
1379 1036.04 1090.34
1380 1092.16 182.244
1381 566.986 353.48
1382 807.474 884.236
1383 653.817 792.122
1384 82.074 452.36
1385 416.789 704.399
1386 299.277 500.043
1387 763.177 24.3814
1388 50.6485 368.28
1389 551.684 76.8352
1390 989.234 117.979
1391 424.575 1056.43
1392 1036.34 561.246
1393 777.037 138.673
1394 258.792 1032.14
1395 553.222 473.732
1396 502.105 426.484
1397 176.05 426.393
1398 803.121 715.14
1399 960.148 1005.79
1400 613.937 206.405
1401 311.925 124.809
1402 898.066 173.886
1403 368.453 860.356
1404 49.5535 950.53
1405 801.224 1062.58
1406 768.486 971.993
1407 177.763 490.204
1408 756.317 849.123
1409 104.674 309.818
1410 922.645 543.236
1411 414.136 293.694
1412 1051.01 51.0831
1413 247.459 969.175
1414 0.50147 1006.38
1415 340.567 755.887
1416 678.656 719.342
1417 859.921 873.762
1418 111.319 477.567
1419 122.593 152.256
1420 630.448 841.835
1421 210.726 946.508
1422 1069.04 934.784
1423 785.391 182.177
1424 336.687 463.034
1425 1022.4 607.682
1426 677.62 736.86
1427 713.124 535.905
1428 324.217 687.191
1429 391.371 98.0542
1430 137.075 994.482
1431 419.405 896.204
1432 813.173 90.5655
1433 123.72 1091.01
1434 712.477 68.8451
1435 520.192 521.696
1436 502.769 99.535
1437 393.509 596.716
1438 192.352 698.348
1439 532.184 740.672
1440 317.403 135.999
1441 754.823 685.52
1442 684.039 931.641
1443 102.333 867.443
1444 142.005 682.568
1445 73.9167 1031.43
1446 729.955 102.4
1447 0.0668627 434.842
1448 848.246 1049.44
1449 460.116 336.664
1450 484.554 827.202
1451 244.476 414.826
1452 284.582 907.571
1453 1039.12 247.359
1454 339.83 774.247
1455 986.191 687.215
1456 364.809 163.346
1457 3.47686 1081.34
1458 928.221 893.195
1459 671.624 236.503
1460 702.426 30.2554
1461 188.352 889.016
1462 1045.47 630.515
1463 885.062 497.726
1464 591.334 1012.55
1465 67.455 42.9593
1466 598.38 726.396
1467 890.085 387.58
1468 854.472 772.709
1469 994.85 416.264
1470 123.445 535.808
1471 288.472 201.601
1472 478.143 213.369
1473 764.764 606.154
1474 383.544 769.733
1475 368.948 939.364
1476 607.556 14.7098
1477 507.722 493.925
1478 498.963 781.501
1479 633.33 227.968
1480 261.624 842.838
1481 705.49 903.984
1482 689.98 1053.86
1483 1065.98 903.85
1484 638.907 141.214
1485 455.903 350.437
1486 930.586 296.914
1487 999.029 117.454
1488 519.089 365.582
1489 430.272 28.3263
1490 981.277 603.312
1491 415.859 919.73
1492 581.661 936.412
1493 1081.96 1059.04
1494 767.183 666.263
1495 849.39 442.039
1496 242.411 44.6073
1497 918.092 965.698
1498 981.544 814.398
1499 885.001 702.068
1500 325.545 776.911
1501 950.42 147.375
1502 1084.31 290.084
1503 113.588 850.728
1504 124.703 106.054
1505 518.587 1071.65
1506 957.148 459.457
1507 460.818 733.226
1508 16.582 734.396
1509 944.792 378.653
1510 1007.11 725.203
1511 1026.21 40.4953
1512 1058.1 854.582
1513 1041.89 136.042
1514 482.438 277.423
1515 277.286 378.653
1516 310.544 39.2818
1517 356.612 613.475
1518 854.505 28.1925
1519 254.245 631.05
1520 1027.85 141.749
1521 442.497 539.482
1522 851.422 2.13961
1523 892.985 678.422
1524 849.19 306.933
1525 750.601 219.443
1526 249.632 657.972
1527 532.804 454.533
1528 334.447 621.021
1529 658.49 822.722
1530 365.326 990.838
1531 625.69 961.629
1532 303.991 1044.53
1533 483.658 940.334
1534 605.408 439.097
1535 42.6155 335.627
1536 159 641.959
1537 346.79 522.632
1538 953.93 627.951
1539 872.859 269.691
1540 387.826 908.698
1541 986.882 223.632
1542 359.647 912.977
1543 221.148 135.029
1544 818.04 735.232
1545 36.0078 877.644
1546 514.204 992.018
1547 1029.87 695.64
1548 575.053 321.777
1549 888.077 325.498
1550 295.633 730.318
1551 565.698 862.004
1552 208.716 98.3649
1553 70.7407 349.291
1554 273.903 102.501
1555 1052.75 322.847
1556 253.949 667.968
1557 236.193 791.898
1558 17.0834 831.749
1559 77.5273 973.157
1560 125.2 1036.37
1561 657.862 971.792
1562 825.226 251.079
1563 854.305 663.278
1564 256.385 571.151
1565 638.728 705.612
1566 249.03 818.242
1567 3.74431 371.589
1568 188.252 731.712
1569 674.446 748.361
1570 36.7138 998.738
1571 889.648 754.679
1572 753.317 554.636
1573 1085.37 974.233
1574 743.814 613.833
1575 208.745 51.8855
1576 204.199 181.365
1577 1034.47 592.681
1578 711.811 368.056
1579 421.703 8.90265
1580 672.427 1016.41
1581 30.7944 420.743
1582 1087.66 8.89274
1583 110.959 406.401
1584 590.999 369.216
1585 702.682 499.398
1586 932.434 487.83
1587 121.643 146.362
1588 923.24 532.404
1589 358.907 281.335
1590 94.3098 53.7576
1591 541.354 133.425
1592 664.69 534.601
1593 94.1427 443.477
1594 57.7025 631.027
1595 890.745 989.067
1596 370.052 88.9943
1597 300.719 914.013
1598 571.568 671.168
1599 115.547 35.3035
1600 209.568 899.905
1601 997.867 98.1879
1602 268.838 697.884
1603 4.71382 548.919
1604 264.212 258.2
1605 325.946 442.741
1606 284.2 963.09
1607 682.792 196.309
1608 211.788 344.687
1609 391.013 470.513
1610 1085.23 672.782
1611 931.464 360.457
1612 923.073 855.451
1613 586.127 194.871
1614 1004.02 794.138
