1 836.973 1356.54
2 275.4 851.458
3 1388.68 1374.86
4 1316 1161.99
5 482.251 1401.58
6 178.44 888.396
7 773.61 246.022
8 1358.08 302.14
9 833.08 642.962
10 410.772 332.785
11 413.525 1157.14
12 63.4277 450.251
13 538.306 396.578
14 486.114 148.971
15 1209 676.583
16 1436.57 334.143
17 1139.22 1067.56
18 864.314 1432.23
19 942.082 768.111
20 76.1398 1453.9
21 1340.83 609.589
22 194.037 1208.43
23 835.341 127.466
24 946.11 480.09
25 239.176 232.306
26 372.189 1308.6
27 1185.07 1363.51
28 1003.78 944.468
29 1243.69 1329.7
30 1343.01 647.114
31 1065.98 497.826
32 1129.12 1188.45
33 580.771 772.457
34 337.822 1267.81
35 1041.49 539.348
36 219.139 1101.65
37 857.453 183.147
38 842.762 350.131
39 725.963 498.246
40 151.692 696.286
41 1303.78 90.6562
42 391.653 1096.94
43 505.802 886.799
44 218.907 633.909
45 402.462 1446.34
46 594.508 164.395
47 695.335 420.693
48 329.946 1115.36
49 259.693 1480.24
50 282.67 1183.85
51 124.422 524.986
52 321.733 499.411
53 171.126 1278.86
54 130.771 623
55 1476.3 761.152
56 633.909 441.753
57 586.832 1292.38
58 698.34 653.633
59 348.267 786.275
60 1186.47 906.173
61 1307.81 812.801
62 178.082 837.019
63 367.193 0.316864
64 1380.53 1169.18
65 316.429 1404.75
66 912.248 367.822
67 231.041 369.134
68 603.524 1455.43
69 433.46 759.799
70 374.387 684.467
71 681.229 1399.04
72 970.691 1306.28
73 931.561 142.132
74 290.318 457.37
75 1431.96 555.462
76 371.675 1078.47
77 366.249 891.474
78 1015.28 875.03
79 1356.34 838.422
80 1337.84 357.818
81 452.346 371.949
82 673.423 852.08
83 1296.34 623.769
84 541.435 1383.96
85 416.603 1280.94
86 493.629 1301.63
87 958.106 861.133
88 511.609 456.284
89 363.352 966.842
90 657.266 804.188
91 1266.05 138.334
92 773.115 1480.19
93 898.852 1284.25
94 69.3027 1391.65
95 1408.1 1183.62
96 972.274 1208.7
97 1337.84 1012.38
98 505.76 558.586
99 849.738 771.053
100 528.574 146.334
101 590.188 112.112
102 789.806 233.846
103 271.371 714.935
104 1415.84 948.415
105 1469.08 965.529
106 84.15 950.082
107 1022.6 969.591
108 1171.76 1346.4
109 1255.05 801.11
110 150.963 495.077
111 53.6405 845.302
112 150.103 315.189
113 20.6867 920.251
114 1362.93 154.617
115 65.9707 616.288
116 1141.84 776.893
117 94.1086 1085.07
118 995.586 834.245
119 1173.87 582.532
120 735.911 483.67
121 597.741 304.992
122 1348.88 455.683
123 755.898 1004.5
124 196.365 1367.22
125 683.792 1139.85
126 1139.46 346.287
127 806.7 513.546
128 1291.08 462.971
129 351.719 161.736
130 1332.11 1063.53
131 907.833 120.951
132 302.01 1437.02
133 152.245 672.521
134 837.471 1457.44
135 456.801 1055.84
136 1431.05 1056.7
137 1189.82 1143.55
138 230.156 1063.76
139 913.48 1242.97
140 1026.62 190.209
141 328.814 1403.92
142 89.9408 782.88
143 193.966 1322.77
144 1281.26 874.713
145 300.025 1011.57
146 935.24 891.745
147 1347.53 746.35
148 211.031 396.339
149 1278.22 299.116
150 505.058 412.104
151 1059.86 86.866
152 776.769 1472.19
153 936.388 616.979
154 286.755 1308.91
155 1126.6 505.805
156 1249.21 533.994
157 465.618 1275.46
158 1077.47 138.239
159 281.692 1277.45
160 168.009 1465.35
161 1056.02 840.006
162 439.083 638.662
163 73.9295 809.892
164 665.595 1455.34
165 824.527 439.083
166 1243.66 1009.61
167 1373.1 202.373
168 678.134 763.416
169 593.622 245.207
170 722.948 834.031
171 695.652 666.76
172 1178.97 538.352
173 1473.24 212.887
174 436.331 396.158
175 714.699 164.448
176 285.192 922.345
177 489.437 864.392
178 66.3151 200.155
179 982.052 744.811
180 1136.86 200.484
181 1200.46 796.913
182 253.853 444.198
183 1364.74 568.59
184 1001.74 55.258
185 287.866 1102.36
186 525.913 911.07
187 636.67 1067.19
188 701.259 25.8923
189 1017.1 393.533
190 652.724 1164.93
191 211.478 1163.29
192 766.72 482.345
193 1073.69 722.042
194 1416.79 21.0367
195 323.065 614.852
196 455.775 182.468
197 893.239 791.073
198 986.612 869.598
199 1068.28 1090.45
200 1066.79 1296.87
201 639.929 129.178
202 780.662 302.877
203 984.858 595.964
204 328.135 356.834
205 193.592 62.8296
206 1338.3 714.117
207 115.384 207.863
208 808.543 1468.84
209 109.595 1141.52
210 689.586 89.5367
211 1310.28 1258.34
212 625.232 938.222
213 739.993 180.555
214 163.746 1329.28
215 976.937 516.476
216 60.6988 733.178
217 639.173 993.628
218 831.813 1267.59
219 585.401 1221.41
220 1223.99 422.606
221 713.487 459.136
222 95.8287 319.07
223 16.2959 107.043
224 619.433 385.566
225 1046.6 1441.9
226 788.403 312.654
227 697.1 364.534
228 103.705 1298.69
229 638.08 1100.91
230 264.581 1272.3
231 1232.09 1064.33
232 600.536 1166.73
233 720.44 468.008
234 1220.27 1380.58
235 1023.15 438.042
236 911.527 291.877
237 256.089 1046.23
238 41.7808 542.109
239 489.781 1321.55
240 310.289 61.8337
241 832.763 441.21
242 167.983 1348.53
243 813.823 685.5
244 145.169 170.292
245 519.883 699.862
246 534.713 78.7512
247 262.011 1083.99
248 1283.2 1056.19
249 806.826 817.011
250 412.484 383.031
251 123.591 879.976
252 568.997 119.865
253 904.646 1037.58
254 644.551 133.762
255 506.62 790.666
256 145.235 381.99
257 1043.99 152.173
258 317.045 576.828
259 90.9577 975.941
260 61.8337 245.376
261 645.214 523.006
262 860.647 1049.95
263 884.322 561.211
264 591.132 824.253
265 734.631 113.664
266 586.787 1365.63
267 1071.91 99.631
268 802.526 716.656
269 288.55 607.519
270 1308.62 16.9296
271 875.092 1112.1
272 1133.63 993.866
273 557.997 1419.6
274 532.648 349.036
275 772.532 133.569
276 169.729 533.179
277 146.779 78.2654
278 36.2583 632.008
279 996.028 35.7935
280 1309.06 105.956
281 667.205 706.742
282 145.594 976.122
283 1032.5 574.7
284 849.354 177.432
285 979.788 252.133
286 1095.44 1269.07
287 11.226 1254.79
288 187.267 1391.08
289 334.495 875.585
290 1261.84 401.285
291 214.607 854.355
292 657.628 1103.45
293 1384.97 854.389
294 559.687 23.4027
295 294.738 363.394
296 628.527 678.574
297 459.26 60.521
298 521.102 956.884
299 567.503 288.169
300 1446.27 435.145
301 1035.91 163.399
302 767.182 1359.39
303 1322 892.651
304 50.3862 999.874
305 1165.66 185.546
306 927.289 690.854
307 1409.7 626.44
308 1324.29 1392.3
309 610.373 885.911
310 617.477 209.986
311 738.927 976.608
312 1362.47 1040.72
313 733.042 261.82
314 423.763 789.975
315 877.532 924.732
316 482.052 1335.22
317 757.757 545.492
318 1472.94 1327.84
319 1304.12 1417.46
320 185.954 122.524
321 457.734 976.212
322 1134.81 1446.34
323 767.603 866.565
324 1140.03 1149.99
325 1258.8 351.13
326 967.93 169.613
327 1291.22 944.152
328 464.703 297.614
329 355.476 431.384
330 1275.86 910.486
331 45.221 826.834
332 1447.91 823.167
333 151.914 1107.57
334 912.704 284.034
335 662.789 582.655
336 1346.55 1047.33
337 1251.68 1162.02
338 282.064 484.246
339 471.919 763.099
340 237.921 554.421
341 735.27 1053.38
342 495.444 1239.35
343 1158.3 1128.07
344 1241.97 567.548
345 1093.32 165.346
346 534.187 556.084
347 682.434 740.692
348 922.074 1125.46
349 698.911 881.05
350 241.36 412.734
351 743.544 1032.57
352 663.196 950.715
353 903.573 390.319
354 312.518 657.978
355 1401.4 638.843
356 1074.17 927.098
357 718.434 322.419
358 155.75 452.696
359 1025.96 1387.13
360 21.0488 1200.51
361 797.682 617.202
362 594.75 642.95
363 845.674 152.173
364 1027.27 1331.01
365 1068.57 1239.07
366 275.536 328.633
367 1071.81 1045.92
368 348.56 991.874
369 581.581 1430.6
370 537.427 1425.43
371 716.377 1211.33
372 1239.25 946.472
373 575.606 1026.68
374 14.8021 1022.07
375 174.165 150.782
376 1186.88 1317.01
377 958.196 299.424
378 1261.8 1445.62
379 998.71 792.238
380 1161.26 1238.76
381 760.981 330.851
382 1210.78 658.081
383 1473.25 531.369
384 721.245 748.976
385 547.224 304.087
386 1409.46 1446.25
387 321.753 899.033
388 909.446 486.25
389 602.358 20.6828
390 1082.82 604.021
391 945.25 706.549
392 943.258 1441.64
393 910.935 333.374
394 299.98 378.006
395 605.029 420.693
396 850.64 478.827
397 369.987 206.357
398 709.458 1183.76
399 449.03 1377.62
400 105.018 119.581
401 692.031 401.282
402 421.293 301.111
403 909.824 1395.06
404 273.924 737.795
405 1230.84 194.044
406 431.208 611.091
407 752.506 500.542
408 124.018 1373.91
409 1117.9 972.353
410 1111.47 1400.76
411 1364.96 1341.33
412 263.133 1126.44
413 780.164 1444.4
414 1188.39 853.121
415 680.14 1276.37
416 643.864 1316.57
417 183.251 347.633
418 312.1 1401.25
419 448.906 375.122
420 511.599 1467.02
421 1153.47 244.302
422 265.487 236.558
423 627.807 312.518
424 924.88 1325.16
425 1024.01 419.256
426 205.506 226.772
427 539.238 1204.75
428 487.201 1341.65
429 498.194 211.246
430 363.807 248.104
431 1029.08 549.17
432 853.772 689.257
433 852.171 549.792
434 533.169 1455.8
435 885.636 953.748
436 1033.65 305.185
437 1057.65 1234.13
438 304.496 1138.58
439 1052.76 1278.14
440 122.445 30.4642
441 565.212 1173.84
442 897.313 1011.34
443 1109.7 310.831
444 413.756 189.485
445 60.3043 938.855
446 116.561 727.338
447 516.551 1053.65
448 466.149 223.92
449 482.357 678.587
450 1073.22 782.246
451 759.025 1277.63
452 615.44 961.908
453 1117.42 604.938
454 613.298 821.933
455 732.453 1229.19
456 946.016 324.819
457 338.564 1373.38
458 746.948 1309.51
459 1391.53 980.965
460 133.524 585.19
461 1183.49 172.95
462 1293.91 435.857
463 916.519 512.052
464 114.999 1425.42
465 620.047 658.756
466 571.483 18.1849
467 185.367 773.181
468 377.792 734.342
469 1418.59 1052.88
470 1155.91 1323.66
471 1238.39 1281.53
472 481.177 1031.02
473 1040.17 179.423
474 397.229 134.893
475 1333.18 521.965
476 1209.52 630.876
477 694.407 48.5254
478 412.509 1358.12
479 984.043 622.411
480 1393.84 1120.02
481 585.474 268.157
482 1123.35 228.504
483 513.138 626.02
484 20.2793 729.236
485 468.734 627.255
486 203.472 820.723
487 383.315 956.476
488 726.555 531.743
489 426.01 987.076
490 498.75 1135.67
491 897.268 1482.41
492 1469.99 247.105
493 1087.71 649.061
494 1465.44 432.054
495 1002.72 251.677
496 802.707 134.486
497 26.9334 1120.37
498 1091.36 320.666
499 1369.98 896.955
500 43.0482 469.23
501 604.006 1135.64
502 558.217 855.216
503 1047.28 400.561
504 182.559 430.886
505 1448.66 301.099
506 70.0269 1263.78
507 766.448 662.97
508 362.13 218.035
509 999.465 815.958
510 145.305 1265.23
511 323.88 1213.58
512 1285.52 732.577
513 348.505 539.076
514 89.9699 791.073
515 432.157 277.968
516 1127.23 1421.71
517 570.381 1184.75
518 981.916 936.185
519 402.417 430.527
520 953.489 407.936
521 1375.46 1065.34
522 461.671 1444.71
523 1168.79 211.077
524 1239.71 696.059
525 258.561 1077.14
526 1411.42 778.613
527 865.871 691.08
528 938.053 350.814
529 801.947 59.5251
530 71.2038 963.855
531 881.063 1082.63
532 450.896 1011.73
533 229.545 1025.87
534 1349.12 461.206
535 821.526 116.096
536 967.385 334.143
537 953.392 196.818
538 624.535 712.026
539 1418.31 1092.05
540 963.13 1095.08
541 1039.59 157.753
542 1326.98 1288.1
543 466.605 1399.44
544 1231.88 1214.49
545 788.095 68.85
546 39.3817 221.759
547 1314.94 592.305
548 1125.66 1162.48
549 1131.88 681.348
550 415.635 1173.62
551 1396.06 598.046
552 131.68 861.281
553 497.657 133.931
554 317.561 186.394
555 1105.52 1.67485
556 290.772 845.977
557 1445.6 83.7879
558 1041.53 195.176
559 1268.54 1463.68
560 441.923 29.4683
561 923.205 981.904
562 755.026 438.585
563 214.143 18.5592
564 1409.03 1171.58
565 933.963 1154.69
566 1328.76 1107.74
567 1308.65 304.144
568 221.85 1229.01
569 750.186 593.066
570 627.536 484.654
571 869.599 462.304
572 273.318 555.689
573 1145.19 734.762
574 93.7234 385.171
575 964.074 10.366
576 580.449 442.33
577 1039.97 225.821
578 80.8681 17.8228
579 739.153 923.918
580 1037.46 1288.55
581 16.0243 49.5213
582 649.616 574.236
583 683.181 1188.42
584 1013.78 808.863
585 491.818 758.967
586 866.045 46.1263
587 308.806 1247.77
588 1166.79 1354.59
589 1217.25 1107.21
590 233.348 1425.42
591 1099.99 971.085
592 1255.82 211.517
593 102.471 293.721
594 415.567 1042.03
595 522.715 1013.73
596 223.434 1105.36
597 419.799 528.031
598 907.362 688.171
599 248.138 86.3228
600 942.036 900.379
601 748.34 223.706
602 1459.03 753.309
603 1165.02 17.4728
604 712.887 214.788
605 753.03 823.879
606 1139.26 68.2494
607 811.805 1231.23
608 253.536 681.253
609 1010.52 666.5
610 1113.5 556.084
611 881.47 577.993
612 1411.61 546.681
613 176.131 1377.62
614 226.603 285.992
615 439.445 323.868
616 448.162 142.951
617 397.383 836.385
618 387.588 1268.04
619 1211.33 259.734
620 1105.4 81.4671
621 1269.88 1000.64
622 1253.02 556.545
623 1382.43 694.52
624 412.783 1426.87
625 971.32 872.553
626 992.287 1144.92
627 79.1707 1220.88
628 1254.19 989.146
629 767.894 12.3908
630 73.2133 316.309
631 1212.45 832.809
632 617.964 49.4308
633 960.279 365.525
634 1216.89 363.76
635 92.1621 49.6118
636 114.035 905.766
637 1301.84 1183.17
638 912.296 1192.18
639 731.141 1295.87
640 1208.62 205.645
641 844.035 1211.86
642 1464.32 507.921
643 1152.03 1192.4
644 1416.59 1104.86
645 207.683 1079.06
646 1200.19 132.075
647 926.6 525.994
648 745.852 1235.23
649 1476.41 153.811
650 682.234 1251.28
651 76.6083 1063.08
652 714.256 23.9459
653 1279.4 778.531
654 1293.76 1451.82
655 1322.77 1035.19
656 928.23 1336.85
657 936.034 41.3281
658 13.4893 1358.11
659 633.49 959.452
660 774.642 590.803
661 853.314 1389.57
662 833.759 336.497
663 1457.32 72.9692
664 1006.72 1254.69
665 249.015 1344.63
666 1288.96 1227.56
667 270.401 730.133
668 290.972 264.129
669 1243.1 325.905
670 982.703 1345.22
671 407.396 38.1142
672 61.6979 745.523
673 376.027 829.673
674 662.621 79.397
675 353.041 276.984
676 739.783 1423.25
677 722.631 1245.95
678 157.843 257.293
679 487.337 87.5902
680 701.084 958.954
681 1277.33 1296.74
682 435.914 233.167
683 1285.74 54.5503
684 1302.17 1151.56
685 555.372 811.748
686 1110.88 760.473
687 33.5423 323.427
688 386.12 1328.1
689 581.41 275.252
690 351.447 592.219
691 119.865 355.793
692 1414.8 1301.76
693 927.857 101.396
694 829.386 1072.27
695 340.267 696.5
696 774.359 1149.72
697 325.461 119.82
698 491.761 1084.21
699 266.483 1462.77
700 261.209 1458.52
701 310.615 320.168
702 981.09 841.986
703 356.831 1258.25
704 1274.74 240.862
705 520.788 604.338
706 625.2 232.883
707 1222.82 420.421
708 963.583 1271.57
709 601.409 1048.9
710 480.773 696.364
711 600.729 574.824
712 590.249 181.337
713 1123.15 756.251
714 970.192 141.898
715 688.699 335.966
716 803.838 36.4846
717 483.408 354.604
718 948.238 1457.3
719 864.822 204.546
720 971.254 725.108
721 1058.64 801.801
722 1335.22 824.344
723 428.199 1224.03
724 846.841 262.133
725 708.089 1176.01
726 626.774 752.313
727 190.506 1291.85
728 651.565 592.359
729 1118.85 564.096
730 1180 757.564
731 327.116 643.909
732 519.593 389.245
733 253.352 757.618
734 406.401 1333.31
735 332.503 342.213
736 569.43 783.23
737 551.388 365.118
738 547.179 468.811
739 1007.31 1157.94
740 1149.37 854.899
741 719.1 710.578
742 370.097 159.461
743 1131.48 1148.45
744 390.738 866.52
745 342.439 637.304
746 684.652 1094.07
747 77.9089 588.421
748 109.363 1413.8
749 118.982 566.043
750 1123.28 1229.48
751 52.0562 415.227
752 213.159 589.91
753 1434.67 62.908
754 1271.3 1126.3
755 1000.7 1009.12
756 1392.87 972.727
757 262.85 201.785
758 546.744 719.643
759 1127.92 925.004
760 851.73 232.611
761 790.465 732.227
762 1371.43 1261.16
763 100.401 596.824
764 618.971 1185.33
765 1150.62 1039.27
766 773.419 522.508
767 771.384 563.281
768 95.0122 1402.98
769 361.826 731.219
770 236.888 519.011
771 1041.31 979.336
772 205.373 41.6902
773 484.8 1085.94
774 1219.91 160.004
775 1332.59 737.149
776 817.687 1426.34
777 868.388 544.417
778 79.8497 439.988
779 1167.71 165.675
780 216.34 632.267
781 87.1828 7.69527
782 889.889 84.8742
783 1287.89 114.569
784 1110.74 830.035
785 322.503 214.788
786 724.894 1391.85
787 242.373 709.129
788 262.78 771.959
789 939.923 913.416
790 214.497 663.048
791 879.114 1175.24
792 570.898 357.908
793 868.505 788.176
794 1003.26 682.15
795 1468.52 962.213
796 1320.19 73.1834
797 1086.98 573.026
798 399.266 926.917
799 216.871 1472.83
800 1264.4 581.898
801 605.617 1079.69
802 993.549 1117.26
803 1136.81 960.538
804 335.695 946.966
805 1315.4 1392.29
806 910.35 662.196
807 969.422 1407.6
808 80.3896 487.518
809 1087.54 1482.46
810 629.005 464.247
811 1175.49 536.41
812 446.154 549.701
813 1064.53 280.515
814 625.761 1206.75
815 1235.73 532.908
816 547.858 495.707
817 89.8103 505.081
818 713.485 236.516
819 1399.55 380.87
820 1013.83 113.935
821 667.551 1479.65
822 1428.97 459.634
823 431.504 283.219
824 166.354 279.417
825 398.705 720.491
826 1455.57 407.113
827 1413.76 168.843
828 1253.48 1408.58
829 548.229 975.204
830 1402.19 1475.49
831 1479.36 1253.55
832 1191.68 103.746
833 685.874 197.62
834 324.412 1300.35
835 263.585 21.7609
836 1304.72 1141.42
837 993.278 492.892
838 429.381 1029.35
839 1390.94 1350.16
840 261.9 1411.44
841 922.029 1174.65
842 1046.94 337.234
843 1137.32 889.153
844 538.258 352.896
845 59.9422 1126.45
846 234.751 305.128
847 1213.23 469.728
848 212.045 974.764
849 480.77 864.857
850 1285.16 386.664
851 39.0648 205.192
852 1192.02 451.935
853 1039.38 914.276
854 115.3 178.983
855 78.3559 1246.68
856 972.822 1382.75
857 787.814 625.172
858 143.604 1482.74
859 815.608 1348.57
860 257.339 280.548
861 244.449 984.405
862 1059.05 557.714
863 1389.81 1277.67
864 218.229 1433.98
865 824.616 853.121
866 402.509 484.292
867 1286.17 832.492
868 115.064 397.076
869 1364.91 865.75
870 1021.26 108.545
871 221.488 624.391
872 786.508 290.428
873 499.196 1286.95
874 183.781 1282.57
875 767.127 1189
876 566.915 1076.61
877 374.94 1460.83
878 681.393 1080.13
879 910.169 778.399
880 565.059 625.444
881 604.392 98.5325
882 416.766 582.169
883 794.695 1223.13
884 1425.44 334.201
885 891.582 16.3864
886 1130.71 270.001
887 154.219 270.499
888 1427.47 38.929
889 333.884 1226.53
890 1276.1 683.916
891 317.005 71.8376
892 119.729 253.796
893 1276.66 1045.5
894 343.888 1115.18
895 170.971 98.2278
896 1266.14 506.665
897 679.718 941.436
898 1212.57 35.0814
899 800.715 1323.72
900 697.579 615.395
901 1038.95 84.1831
902 917.049 1076.93
903 1209.55 283.457
904 1158.5 402.779
905 1434.91 834.665
906 452.312 100.446
907 599.099 187.127
908 1370.89 314.317
909 819.111 1052.89
910 538.669 519.418
911 638.911 1390.22
912 1465.53 63.7349
913 756.716 1162.08
914 898.788 984.36
915 339.592 829.719
916 1402.54 1298.51
917 956.25 1042.98
918 6.02041 764.955
919 49.3402 711.364
920 1032.9 1351.68
921 182.106 551.512
922 171.717 818.459
923 1223.32 1202.18
924 1243.38 1169.59
925 140.924 1447.03
926 1165.52 785.913
927 232.547 580.392
928 439.316 660.106
929 128.375 995.631
930 770.884 215.772
931 1136.83 1309.27
932 1312.31 963.707
933 818.324 406.705
934 1293.86 1269.36
935 312.247 1426.83
936 877.622 670.653
937 323.557 535.397
938 537.287 1478.03
939 517.608 945.341
940 1462.16 155.852
941 785.008 768.893
942 1139.6 387.611
943 1345 1443.71
944 843.446 880.507
945 857.02 928.868
946 127.072 656.258
947 1200.36 923.341
948 1351.06 466.424
949 830.817 665.863
950 1096.75 1078.5
951 454.202 260.948
952 872.326 356.641
953 371.002 285.675
954 1354.1 168.662
955 881.515 1448.28
956 1075.46 1197.69
957 293.825 1051.54
958 348.962 1469.98
959 945.486 596.28
960 1337.46 619.683
961 1393.28 1335.75
962 931.218 1065.88
963 1321.64 1208.07
964 998.212 608.819
965 978.702 15.3784
966 44.8136 820.348
967 893.918 1343.99
968 1237.18 392.368
969 882.513 586.82
970 984.106 1355.27
971 792.185 1133
972 1047.64 1037.08
973 552.52 405.224
974 1375.62 1281.43
975 394.439 923.103
976 1479.78 1209.1
977 1121.35 689.899
978 610.692 784.781
979 212.58 75.6399
980 942.444 410.972
981 234.95 1439.83
982 40.0655 1437.87
983 633.301 1304.47
984 1153.02 1470.87
985 500.373 631.51
986 1410.41 2.08225
987 1371.88 923.703
988 306.491 774.958
989 1367.81 233.652
990 1287.37 1420.82
991 1281.71 271.812
992 546.998 985.389
993 487.608 1351.74
994 868.614 152.095
995 1305.48 225.459
996 1272.34 338.909
997 1319.04 1032.29
998 208.542 339.304
999 1047.05 36.526
1000 1252.62 1018.84
1001 912.839 306.272
1002 985.763 1297.96
1003 1155.42 43.5461
1004 784.133 1277.73
1005 1008.87 464.601
1006 881.32 936.876
1007 1137.13 328.502
1008 1075.8 467.588
1009 739.66 272.503
1010 531.969 841.5
1011 297.199 685.422
1012 971.125 59.7967
1013 1265.78 1096.02
1014 1207.94 222.529
1015 829.555 1360.21
1016 398.932 1074.79
1017 1339.88 50.5956
1018 169.916 597.56
1019 670.79 1162.34
1020 693.723 739.186
1021 153.905 202.6
1022 771.478 815.324
1023 431.957 1194.71
1024 78.1716 486.917
1025 1030.4 1310.05
1026 134.26 1174.88
1027 1313.51 360.398
1028 1193.46 134.519
1029 766.248 1111.88
1030 321.141 591.223
1031 1423.32 583.877
1032 735.124 649.386
1033 988.534 1085.17
1034 843.081 1197.34
1035 450.689 507.842
1036 260.1 1322.8
1037 1013.76 836.656
1038 1436.05 194.509
1039 1156.28 512.55
1040 680.045 284.396
1041 896.199 841.94
1042 915.447 1134.78
1043 603.356 255.935
1044 1456.25 451.926
1045 167.359 1040.08
1046 246.291 908.313
1047 1475.85 1087.96
1048 1341.87 496.061
1049 1331.6 968.336
1050 622.637 562.285
1051 1277.69 33.0322
1052 1432.07 617.42
1053 439.264 11.4976
1054 419.032 61.1961
1055 1126.86 710.454
1056 1077.4 372.031
1057 933.164 949.176
1058 1462.7 655.818
1059 1297.3 695.154
1060 431.116 923.794
1061 1218.88 732.622
1062 526.781 669.171
1063 937.012 114.75
1064 192.653 1175.2
1065 597.503 1102.82
1066 1278.15 503.312
1067 778.218 1390.88
1068 164.95 1009.16
1069 160.107 134.655
1070 360.138 660.661
1071 425.729 712.442
1072 1409.58 423.137
1073 660.842 795.831
1074 1245.37 975.714
1075 1221.57 1289.59
1076 1066.93 895.412
1077 111.264 30.3615
1078 39.7438 1334.39
1079 635.086 779.156
1080 507.841 1163.87
1081 189.647 382.907
1082 1020.47 1171.4
1083 766.573 771.823
1084 1380.49 903.515
1085 1323.59 1237.52
1086 428.878 495.291
1087 1156.37 1273.34
1088 1057.65 850.236
1089 274.947 1146.87
1090 462.256 182.094
1091 164.996 469.275
1092 1099.88 370.492
1093 61.1353 1239.33
1094 1130.07 494.624
1095 1271.64 490.719
1096 1448.57 793.287
1097 947.242 1227.74
1098 46.6695 1266.41
1099 1208.97 1150.58
1100 1136.33 196.954
1101 338.511 1358.11
1102 1138.67 621.041
1103 26.3902 32.3533
1104 582.984 1382.65
1105 1365.46 1153.34
1106 1055.68 676.595
1107 1149.02 480.139
1108 1170.36 596.202
1109 499.061 434.194
1110 648.303 325.045
1111 1334.68 954.382
1112 1146.1 1024.96
1113 197.089 818.13
1114 227.111 794.016
1115 223.661 172.362
1116 320.543 1103.86
1117 749.066 218.048
1118 551.977 65.4429
1119 710.208 153.033
1120 1117.26 1138.25
1121 867.796 701.491
1122 1457.15 709.956
1123 1147.77 1440.18
1124 454.651 691.294
1125 890.795 390.965
1126 137.202 1365.64
1127 593.8 1120.87
1128 1151.73 1105.57
1129 560.577 1316.98
1130 780.617 1032.19
1131 610.778 1103.77
1132 1331.76 836.155
1133 888.742 1286.33
1134 1420.55 1386.58
1135 307.267 19.6908
1136 504.556 1104.12
1137 1396.69 922.016
1138 1170.86 604.7
1139 1425.27 728.874
1140 748.297 192.608
1141 743.906 711.812
1142 1313.33 585.7
1143 585.097 1034.73
1144 1008.61 541.644
1145 856.596 421.203
1146 1149.92 989.327
1147 283.414 1210.14
1148 1421 479.913
1149 121.178 409.746
1150 303.012 306.169
1151 716.924 245.117
1152 625.716 381.13
1153 880.384 483.477
1154 539.891 236.018
1155 266.12 1091.54
1156 532.225 897.355
1157 490.153 842.722
1158 1269.03 11.226
1159 511.952 337.448
1160 652.649 420.886
1161 9.05325 1312.77
1162 884.865 1073.67
1163 1181.22 775.14
1164 686.316 1439.64
1165 420.528 867.981
1166 854.058 1265.54
1167 686.418 988.06
1168 687.016 365.966
1169 166.716 1019.84
1170 54.5006 984.315
1171 1138.66 678.756
1172 1063.08 1466.48
1173 566.731 530.928
1174 904.047 1230.88
1175 1215.74 178.666
1176 38.7027 1101.54
1177 909.784 285.359
1178 1269.99 1218.33
1179 1338.12 531.698
1180 723.942 697.948
1181 107.417 764.543
1182 795.917 751.725
1183 221.349 719.055
1184 317.528 890.071
1185 631.215 221.159
1186 851.986 1012.7
1187 490.913 592.342
1188 1127.11 268.524
1189 86.187 665.674
1190 1144.14 1428.78
1191 168.787 478.555
1192 1284 1260.34
1193 298.033 518.476
1194 1480 1456.53
1195 229.118 777.041
1196 125.75 873.096
1197 785.75 653.871
1198 848.558 379.422
1199 164.026 1354.81
1200 1089.51 1482.01
1201 424.779 1258.84
1202 751.239 1080.73
1203 370.595 1481.6
1204 260.2 1265.13
1205 748.895 1339.47
1206 697.327 1432.57
1207 157.109 1137.53
1208 983.41 64.2781
1209 795.69 563.565
1210 531.098 244.788
1211 567.005 1348.83
1212 745.533 683.109
1213 1246.24 342.892
1214 753.683 373.949
1215 1018.28 1185.06
1216 441.527 475.748
1217 1449.29 181.246
1218 1054.11 1225.57
1219 1016.36 1146.17
1220 583.48 1418.23
1221 175.362 1243.6
1222 617.975 404.804
1223 915.329 161.317
1224 1151.26 879.795
1225 651.065 1116.22
1226 1139.53 355.88
1227 1442.89 1464.13
1228 669.262 519.928
1229 1135.57 404.035
1230 340.176 336.917
1231 460.946 836.101
1232 277.282 108.627
1233 963.085 285.573
1234 463.21 1123.6
1235 1247.13 272.005
1236 1179.32 468.823
1237 470.384 559.265
1238 1118.04 1213.89
1239 444.334 1295.19
1240 719.1 233.619
1241 389.958 550.121
1242 170.704 1386.05
1243 691.538 1357.4
1244 1321.46 1424.17
1245 954.303 952.538
1246 1226.67 853.574
1247 1392.3 316.502
1248 1081.91 632.415
1249 1357.69 1338.84
1250 1277.19 959.554
1251 324.152 502.579
1252 48.0275 117.182
1253 10.9092 1375.14
1254 939.592 647.069
1255 48.2263 895.321
1256 873.452 1409.82
1257 838.874 92.7958
1258 461.713 58.0645
1259 60.3577 1345.03
1260 7.69527 362.888
1261 811.522 471.843
1262 293.506 744.174
1263 350.017 1193.85
1264 741.099 791.469
1265 732.951 83.5163
1266 890.09 881.47
1267 1061.56 649.299
1268 804.708 383.451
1269 1406.77 118.326
1270 837.516 972.546
1271 907.408 749.824
1272 48.9781 144.083
1273 304.705 262.088
1274 607.677 614.025
1275 36.8888 1003.82
1276 626.37 1123.6
1277 1363 1009.89
1278 657.809 9.99172
1279 259.964 951.678
1280 969.015 1401.75
1281 1466.13 1472.87
1282 145.486 928.321
1283 721.997 1308.05
1284 1172.53 974.266
1285 549.099 444.922
1286 1203.79 430.663
1287 538.069 1263.56
1288 864.414 860.466
1289 628.05 1315.11
1290 319.182 1172.53
1291 175.195 1332.19
1292 501.188 38.6121
1293 991.558 1069.13
1294 1407.95 802.151
1295 722.902 995.948
1296 1042.68 518.435
1297 1123.01 253.133
1298 906.195 81.3313
1299 693.66 1327.87
1300 1075.69 592.931
1301 13.3083 87.4997
1302 1300.59 1371.75
1303 1342.91 660.151
1304 1368.63 31.8553
1305 767.263 596.202
1306 861.824 936.456
1307 740.647 1444.12
1308 416.687 699.137
1309 1245.59 60.2041
1310 941.765 95.5902
1311 565.149 1005.68
1312 595.976 895.309
1313 297.852 319.93
1314 535.291 811.986
1315 961.546 1469.66
1316 542.172 934.374
1317 535.909 1218.52
1318 842.45 215.558
1319 904.747 529.434
1320 606.277 680.035
1321 677.183 909.568
1322 1288.04 633.588
1323 687.712 1332.73
1324 45.8095 1303.7
1325 633.755 430.38
1326 675.827 1458.89
1327 1020.98 527.126
1328 6.15621 1358.71
1329 637.137 614.535
1330 447.842 1141.34
1331 941.753 425.277
1332 987.574 1378.07
1333 417.898 975.077
1334 393.579 1368.44
1335 566.373 194.373
1336 396.18 1021.07
1337 454.855 810.715
1338 89.6821 276.939
1339 191.612 459.362
1340 278.071 54.9411
1341 771.972 883.507
1342 1201.05 717.232
1343 521.493 1001.1
1344 1322.27 134.531
1345 595.52 753.095
1346 1481.68 1388.27
1347 575.289 859.652
1348 305.004 86.9112
1349 1378 744.313
1350 72.1512 625.568
1351 66.7225 685.014
1352 211.393 310.21
1353 1412.58 1022.56
1354 623.633 1003.46
1355 1240.79 1205.85
1356 1228.22 569.223
1357 251.632 1242.96
1358 1222.01 672.747
1359 1237.21 445.906
1360 509.047 820.044
1361 966.887 1128.76
1362 715.207 612.136
1363 172.655 927.592
1364 1345.95 251.635
1365 164.623 1056.51
1366 1108.02 56.5376
1367 1471.62 875.8
1368 1053.98 1070.49
1369 699.369 835.377
1370 1229.99 807.776
1371 768.395 11.7654
1372 519.928 742.083
1373 666.41 25.6086
1374 436.813 252.483
1375 1433.25 250.458
1376 1090.23 1329.59
1377 476.473 603.749
1378 834.93 1113.5
1379 267.829 962.27
1380 1311.54 20.0861
1381 49.7929 457.597
1382 1242.22 1076.84
1383 330.453 1269.39
1384 1140.25 33.2133
1385 183.918 1438.1
1386 295.091 803.871
1387 400.38 119.91
1388 325.157 761.601
1389 1036.28 444.198
1390 140.36 310.115
1391 1426.48 624.493
1392 1349.12 8.36213
1393 32.637 427.268
1394 605.1 507.377
1395 752.28 401.829
1396 1313.13 236.73
1397 1224.05 1101.92
1398 329.157 870.549
1399 186.904 1130.15
1400 1213.63 452.165
1401 1420.21 360.953
1402 1364.06 115.52
1403 167.078 358.361
1404 258.768 231.932
1405 501.279 1090.72
1406 248.698 215.274
1407 1474.04 687.13
1408 577.082 922.379
1409 220.401 493.164
1410 1165.11 957.143
1411 437.981 1405.47
1412 1421.52 1147.22
1413 239.73 1295.55
1414 18.4234 1198.46
1415 102.392 1198.55
1416 294.502 810.266
1417 105.244 168.65
1418 110.838 1348.83
1419 911.346 1217.29
1420 1352.47 876.717
1421 621.098 1347.62
1422 1035.38 72.9692
1423 796.867 1153.29
1424 483.127 990.052
1425 1304.76 126.564
1426 1390.61 1414.83
1427 118.009 283.445
1428 415.182 913.745
1429 409.422 1247.8
1430 1425.07 42.0855
1431 608.152 1044.82
1432 1409.85 992.146
1433 300.794 388.282
1434 1080.38 705.961
1435 1361.11 322.782
1436 1343.55 792.374
1437 515.971 1362.79
1438 1147.06 1228.83
1439 322.205 470.049
1440 1397.87 1418.15
1441 578.593 369.134
1442 107.055 221.94
1443 884.729 825.023
1444 301.75 1232.1
1445 948.708 346.003
1446 293.245 375.517
1447 1043.66 747.753
1448 94.0859 1174.96
1449 639.884 882.363
1450 1087.88 1400.57
1451 901.342 1093.72
1452 822.806 760.19
1453 1143.81 908.675
1454 426.318 615.44
1455 343.573 1128.13
1456 18.7402 1036.14
1457 1107.12 344.057
1458 1374.84 769.922
1459 1339.39 1311.64
1460 749.79 1346.4
1461 521.558 1374
1462 739.062 476.959
1463 444.532 909.795
1464 934.281 371.093
1465 597.605 1220.73
1466 541.792 69.529
1467 572.03 728.874
1468 604.126 1239.25
1469 457.687 103.388
1470 306.82 934.341
1471 1464.24 580.618
1472 1389.07 922.704
1473 838.014 1185.66
1474 54.908 157.119
1475 949.017 178.213
1476 420.64 443.474
1477 1363.04 512.957
1478 460.132 131.577
1479 640.472 599.235
1480 1378.63 1228.97
1481 680.447 1036.04
1482 374.533 34.4929
1483 1207.61 830.624
1484 989.564 273.713
1485 1164.4 1345.13
1486 979.814 631.09
1487 264.4 988.521
1488 344.313 425.762
1489 381.506 1178.01
1490 1033.56 733.992
1491 635.946 1076.46
1492 1298.86 82.5535
1493 244.333 680.669
1494 372.176 835.196
1495 364.212 1251.7
1496 180.667 611.864
1497 952.688 151.539
1498 1248.26 1181.35
1499 1293.08 382.035
1500 1436.34 554.919
1501 1200.81 644.999
1502 399.879 73.3766
1503 290.092 659.258
1504 810.9 916.177
1505 960.964 50.2908
1506 801.122 735.067
1507 1264.83 574.734
1508 858.176 166.613
1509 465.247 68.7473
1510 97.1867 49.1923
1511 52.0562 875.302
1512 3.25917 1402.2
1513 715.026 1384.14
1514 46.7148 1438.11
1515 265.278 1377.63
1516 1215.17 515.085
1517 279.909 906.671
1518 1052.27 267.026
1519 456.42 498.596
1520 568.232 484.888
1521 137.7 137.021
1522 171.018 856.561
1523 1125.7 1040.93
1524 1408.41 278.203
1525 881.937 504.299
1526 150.012 1031.07
1527 621.281 453.692
1528 63.8707 1234.05
1529 592.988 911.165
1530 723.491 1026.68
1531 1115.41 1241.88
1532 510.712 1057.19
1533 1364.33 806.735
1534 759.342 872.19
1535 1314.68 1360.25
1536 267.207 1163.43
1537 820.858 414.853
1538 1390.54 866.577
1539 207.231 1302.9
1540 915.227 966.558
1541 1260.01 304.687
1542 403.413 570.536
1543 990.09 499.604
1544 457.506 514.801
1545 607.247 74.8583
1546 676.926 1260.83
1547 894.642 1449.02
1548 1159.11 270.647
1549 1254.33 784.238
1550 354.888 568.17
1551 1215.04 215.863
1552 429.984 1033.02
1553 214.743 38.7524
1554 1368.19 698.175
1555 731.281 375.303
1556 1269.59 384.986
1557 1162.39 300.239
1558 298.984 553.512
1559 460.952 1319.24
1560 270.738 177.069
1561 254.261 136.387
1562 799.312 1281.44
1563 989.656 1353.01
1564 1256.95 1403.34
1565 1191.41 138.741
1566 828.237 555.236
1567 1345.72 433.017
1568 1181.86 85.1006
1569 411.027 1435.02
1570 277.998 933.209
1571 659.801 634.44
1572 1317.93 923.658
1573 954.263 1235.76
1574 1098.52 1023.68
1575 663.222 761.502
1576 596.318 1208.14
1577 416.887 506.299
1578 872.537 1034.83
1579 1245.19 1397.49
1580 1027.36 850.825
1581 1424.26 1130.43
1582 139.155 1177.78
1583 680.987 349.093
1584 1130.21 107.133
1585 1037.86 316.082
1586 971.547 1238.76
1587 968.834 205.011
1588 188.79 1277.77
1589 1078.56 877.882
1590 203.019 448.227
1591 50.9666 205.18
1592 1187.47 480.275
1593 902.745 1102.46
1594 153.894 956.657
1595 911.899 811.024
1596 82.9051 747.346
1597 730.416 1064.93
1598 100.129 816.229
1599 461.58 1230.34
1600 12.403 248.829
1601 1321.19 912.148
1602 1368.64 77.179
1603 888.916 107.1
1604 622.293 321.074
1605 1409.86 116.968
1606 791.481 1372.43
1607 533.188 528.607
1608 594.726 1053.71
1609 477.423 167.395
1610 401.602 735.758
1611 877.378 460.663
1612 1054.65 352.805
1613 343.465 1339.92
1614 729.556 892.379
1615 1421.54 407.261
1616 426.589 800.612
1617 947.106 607.519
1618 230.179 120.68
1619 1325.12 1182.76
1620 383.043 1305.07
1621 787.045 20.9009
1622 658.986 517.2
1623 978.637 1114.27
1624 113.887 342.201
1625 1180.02 799.312
1626 705.927 1363.1
1627 1199.36 342.699
1628 512.666 315.098
1629 1340.59 8.81479
1630 1310.13 672.101
1631 388.226 518.661
1632 895.892 786.806
1633 880.497 1049.21
1634 659.892 813.933
1635 812.484 283.898
1636 443.066 790.156
1637 554.258 382.319
1638 276.486 439.071
1639 1165.38 676.537
1640 1054.21 1029.07
1641 1153.16 231.99
1642 1233.93 970.813
1643 116.739 371.681
1644 287.195 2.89704
1645 981.942 738.071
1646 707.011 923.329
1647 606.975 1224.5
1648 239.42 954.032
1649 31.1028 128.499
1650 1105.91 296.947
1651 432.474 613.753
1652 1421.49 1240.16
1653 349.637 72.5044
1654 966.706 1262.88
1655 850.055 1006.13
1656 173.098 534.455
1657 891.254 1311.76
1658 856.257 1370.57
1659 428.581 1469.3
1660 528.936 952.39
1661 501.279 1070.55
1662 146.981 1402.38
1663 348.975 926.996
1664 1395.63 378.006
1665 1.49379 1020.92
1666 171.729 723.841
1667 1325.8 473.609
1668 61.6332 1463.17
1669 1059.83 125.75
1670 745.083 567.548
1671 1173.89 1447.8
1672 1010.58 1020.48
1673 215.118 871.771
1674 1374.03 1378.81
1675 161.083 898.037
1676 1436.66 1148.22
1677 1350.16 607.869
1678 667.858 57.6692
1679 1092.96 1236.3
1680 1211.23 1126.04
1681 1093.09 176.81
1682 427.915 518.887
1683 312.564 785.493
1684 787.544 1331.5
1685 1061.54 669.657
1686 1293.17 400.882
1687 687.78 109.454
1688 101.532 1320.27
1689 693.529 716.61
1690 1268.81 413.372
1691 1453.59 1318.33
1692 926.057 1426.74
1693 701.446 308.794
1694 302.22 564.832
1695 1054.69 365.253
1696 810.148 1143.37
1697 1115.99 7.7858
1698 1357.3 1086.06
1699 452.047 592.807
1700 720.62 849.965
1701 804.679 984.71
1702 1361.7 302.194
1703 990.29 1113.13
1704 1300.28 540.331
1705 782.699 1105.27
1706 318.865 150.963
1707 1024.19 377.43
1708 238.151 534.866
1709 523.938 554.454
1710 805.843 337.719
1711 740.42 628.432
1712 832.673 1468.53
1713 1290.04 1445.66
1714 1333.59 1066.93
1715 356.291 187.752
1716 862.382 353.892
1717 729.365 1135.73
1718 511.237 1.99172
1719 1327.04 177.851
1720 1142.29 901.42
1721 101.125 332.197
1722 427.077 231.714
1723 446.235 158.704
1724 250.413 1337.2
1725 170.971 733.313
1726 563.565 690.22
1727 130.611 1012.65
1728 1411.7 477.016
1729 620.759 85.9032
1730 1064.09 1207.78
1731 1047.33 410.022
1732 1114.14 935.337
1733 559.714 687.175
1734 2.98757 258.968
1735 368.105 1131.11
1736 1477.5 1227.38
1737 1425.03 104.972
1738 700.904 1002.64
1739 711.857 99.5405
1740 485.164 49.2044
1741 678.858 75.5373
1742 1038.68 501.324
1743 509.608 1303.89
1744 49.9917 48.5586
1745 128.816 1364.77
1746 762.59 1110.79
1747 143.947 310.922
1748 1123.83 96.2775
1749 898.454 25.1228
1750 933.107 1166.59
1751 462.392 1116.72
1752 1434.34 513.896
1753 16.3411 696.726
1754 5.16035 130.412
1755 1079.52 429.396
1756 86.0964 1105.63
1757 920.037 1271.7
1758 494.67 578.31
1759 949.732 525.62
1760 104.746 1085.26
1761 63.6213 853.858
1762 1404.97 378.879
1763 163.094 1482.1
1764 121.359 686.327
1765 227.79 52.4636
1766 984.86 495.888
1767 911.798 580.223
1768 294.801 950.942
1769 949.686 382.94
1770 1064.12 348.822
1771 74.7346 353.291
1772 898.915 753.77
1773 471.687 29.242
1774 1237.59 1234.63
1775 1267.11 1454.36
1776 1166.64 467.769
1777 34.2213 71.1012
1778 1400.9 736.923
1779 466.876 288.478
1780 859.225 898.433
1781 1227.62 1361.01
1782 1281.94 1246.98
1783 162.913 962.813
1784 1437.11 1210.69
1785 512.703 1148.39
1786 965.167 816.332
1787 1415.02 1404.43
1788 10.7734 1080.6
1789 454.519 1306.51
1790 1359.82 1366.54
1791 579.208 1127.36
1792 405.649 1394.32
1793 745.636 1402.94
1794 483.967 888.215
1795 1219.17 1106.02
1796 133.388 774.053
1797 437.602 672.204
1798 97.6393 130.309
1799 988.072 712.808
1800 818.781 1205.85
1801 1003.34 998.71
1802 341.308 586.104
1803 13.2177 403.006
1804 63.7527 575.367
1805 1038.61 989.78
1806 227.961 1211.55
1807 373.628 240.714
1808 706.108 608.955
1809 364.212 1165.88
1810 769.436 1100.91
1811 1316.8 1137.94
1812 232.995 675.994
1813 643.502 169.069
1814 602.768 1004.91
1815 1128.54 108.129
1816 988.796 1091.95
1817 1093.32 1335.99
1818 1.99172 1049.41
1819 591.738 1269.36
1820 1333.52 491.625
1821 1022.19 562.705
1822 1266.36 856.302
1823 114.571 527.171
1824 756.173 905.552
1825 340.271 554.195
1826 124.138 1127.48
1827 894.277 1324.98
1828 287.166 649.933
1829 1437.66 843.627
1830 1077.92 572.705
1831 724.26 553.594
1832 475.205 774.053
1833 779.186 423.556
1834 494.579 655.036
1835 282.461 1250.12
1836 495.53 115.203
1837 346.83 1355.4
1838 659.728 104.281
1839 1162.05 121.491
1840 327.157 197.678
1841 878.545 1066.25
1842 419.303 1458.65
1843 757.033 821.854
1844 1394.07 1207.75
1845 806.056 961.896
1846 702.966 333.238
1847 864.767 853.495
1848 1070.77 145.214
1849 743.207 1158.23
1850 263.22 341.127
1851 375.393 302.65
1852 984.224 1437.7
1853 943.168 551.705
1854 787.226 1152.96
1855 167.495 99.2651
1856 610.506 1409.41
1857 1157.83 842.665
1858 817.974 73.6029
1859 426.41 882.104
1860 704.151 891.914
1861 1307.74 291.548
1862 66.7447 1265.78
1863 1037.85 770.568
1864 116.903 873.536
1865 0.814793 161.148
1866 680.397 1295.46
1867 1359.86 475.613
1868 523.975 137.836
1869 1032.16 1377.12
1870 1074.26 939.049
1871 4.25503 951.394
1872 324.697 764.049
1873 1213.41 634.814
1874 738.383 491.851
1875 55.0486 966.978
1876 181.967 552.598
1877 1236.17 557.318
1878 665.445 1049.09
1879 658.353 432.745
1880 1337.71 531.471
1881 256.75 111.491
1882 738.248 1170.9
1883 1032.14 928.127
1884 369.441 401.273
1885 462.282 1190.45
1886 1377.52 726.059
1887 754 275.853
1888 1451.39 136.285
1889 1220.6 152.728
1890 1216.4 1327.56
1891 369.476 1218.39
1892 361.949 767.354
1893 259.047 179.209
1894 1269.35 1240.48
1895 121.294 1007.84
1896 1074.08 1383.16
1897 1087.36 39.9248
1898 1198.54 722.993
1899 957.004 1325.71
1900 1342.87 87.545
1901 1184.44 548.22
1902 1013.88 1427.02
1903 1057.37 908.539
1904 218.073 405.166
1905 32.6822 852.804
1906 1297.1 496.933
1907 1260.85 613.934
1908 4.57189 1080.09
1909 407.212 819.217
1910 358.633 1158.23
1911 649.254 1367.4
1912 260.485 873.729
1913 1128.52 846.422
1914 137.7 435.766
1915 900.976 415.894
1916 991.376 760.835
1917 1376.13 275.4
1918 145.466 838.512
1919 96.6887 1207.01
1920 362.337 1068.06
1921 653.63 910.881
1922 1427.25 366.249
1923 1469.66 94.1086
1924 1223.01 512.538
1925 526.899 1403.97
1926 1240.49 105.425
1927 78.0196 670.155
1928 963.42 842.767
1929 1459.63 675.542
1930 366.43 256.614
1931 1420.73 363.303
1932 636.263 416.166
1933 672.792 1228.06
1934 1138.13 1015.49
1935 645.814 683.463
1936 91.5332 257.293
1937 1143.57 805.501
1938 1048.96 793.382
1939 1174.66 376.151
1940 265.26 1027.68
1941 190.073 156.202
1942 734.536 151.778
1943 906.004 1187.32
1944 1460.74 1367.9
1945 186.497 717.187
1946 1378.63 963.752
1947 701.853 1193.54
1948 63.0559 927.46
1949 934.758 1117.13
1950 866.668 601.408
1951 950.094 588.824
1952 875.805 1294.93
1953 98.3357 950.637
1954 1419.19 268.972
1955 148.696 507.015
1956 1416.26 1282.12
1957 912.903 628.884
1958 594.301 847.339
1959 87.8133 128.783
1960 979.247 448.543
1961 1223.14 538.895
1962 1263.83 261.726
1963 584.161 605.605
1964 755.494 855.43
1965 1160.67 280.412
1966 1087.71 1097.07
1967 903.062 32.6248
1968 448.676 831.768
1969 116.923 749.552
1970 193.268 1456.29
1971 605.798 510.694
1972 1096.31 625.749
1973 228.73 1155.42
1974 1310.68 1466.26
1975 1105.32 1179.68
1976 24.1269 345.472
1977 463.725 1172.38
1978 493.448 403.866
1979 1145.87 989.521
1980 408.302 463.877
1981 289.251 1002.83
1982 683.32 672.78
1983 1477.97 1305.07
1984 88.9029 738.824
1985 968.793 751.465
1986 1394.43 1012.14
1987 1475.96 14.0204
1988 976.71 688.817
1989 45.1305 1294.87
1990 641.106 1387.64
1991 1424.39 1230.61
1992 1480.87 225.833
1993 441.561 1414.47
1994 713.17 42.0071
1995 133.183 1211.6
1996 1175 699.895
1997 1290.09 747.301
1998 141.219 795.859
1999 315.878 205.826
2000 435.216 22.0325
2001 844.669 430.527
2002 508.476 499.242
2003 526.633 351.797
2004 437.725 1239.57
2005 810.719 1183.76
2006 1244.98 74.3603
2007 770.721 216.677
2008 1273.07 1117.39
2009 639.703 285.087
2010 962.931 215.501
2011 210.551 1100.37
2012 526.356 1254.28
2013 20.5056 1102.87
2014 494.296 1459.2
2015 379.512 345.065
2016 1023.78 1060.17
2017 1109.86 1124.76
2018 507.732 422.742
2019 738.972 1463.54
2020 1042.35 240.08
2021 165.584 1021.03
2022 984.287 1377.72
2023 1184.54 1179.36
2024 335.378 1407.51
2025 524.545 1159.44
2026 848.805 808.41
2027 237.785 441.968
2028 416.404 1369.29
2029 1229.35 263.54
2030 449.087 1352.56
2031 202.431 70.9201
2032 1273.31 920.761
2033 943.066 670.608
2034 300.975 1049.5
2035 1375.64 146.934
2036 343.888 719.993
2037 556.413 963.447
2038 911.21 1413.25
2039 388.113 1212.9
2040 512.464 1184.03
2041 1300.26 684.652
2042 308.034 724.396
2043 130.141 653.361
2044 886.087 823.924
2045 1315.98 327.682
2046 970.78 997.792
2047 965.258 15.4358
2048 1165.33 1341.91
2049 962.361 238.948
2050 422.097 693.014
2051 11.4071 831.587
2052 1086.3 1375.63
2053 582.355 413.869
2054 438.451 12.8888
2055 1146.46 364.97
2056 1146.23 914.185
2057 1004.75 189.88
2058 861.779 304.189
2059 1014.42 1128.99
2060 866.261 93.6438
2061 4.93402 422.82
2062 1064.54 1409.95
2063 237.784 808.76
2064 1260.68 223.965
2065 5.70355 481.045
2066 955.888 804.958
2067 938.568 707.816
2068 664.913 706.73
2069 232.533 1386.01
2070 1116.26 1449.06
2071 646.194 150.408
2072 1285.04 565.409
2073 229.138 51.8299
2074 385.761 1438.83
2075 994.369 787.769
2076 890.142 518.208
2077 114.752 496.118
2078 110.922 1163.38
2079 561.719 1243.87
2080 201.881 1417.51
2081 509.881 1.58432
2082 1276.09 336.814
2083 349.987 160.514
2084 1073.22 837.685
2085 709.838 1233.05
2086 927.33 642.962
2087 1250.84 1318.55
2088 1115.28 429.939
2089 516.307 1092.32
2090 1273.48 901.33
2091 200.206 1138.9
2092 537.76 59.3441
2093 609.688 1179.26
2094 500.826 223.151
2095 179.435 290.597
2096 634.271 56.8997
2097 1069.23 479.086
2098 535.094 1172.75
2099 362.673 902.836
2100 1038.7 36.7109
2101 382.545 846.298
2102 958.984 1276.1
2103 926.437 1251.61
2104 415.273 781.691
2105 449.722 94.2775
2106 412.484 791.028
2107 903.701 683.463
2108 1390.82 1398.68
2109 721.615 271.676
2110 729.602 1204.72
2111 297.128 1036.82
2112 45.1563 775.502
2113 76.4547 621.448
2114 747.29 133.671
2115 177.009 465.868
2116 1405.97 514.542
2117 1032.46 980.41
2118 1358.98 801.168
2119 1233.69 809.666
2120 242.582 795.497
2121 895.548 862.005
2122 958.423 1260.2
2123 280.606 703.845
2124 632.539 46.1595
2125 1077.29 821.073
2126 1301.68 737.523
2127 192.449 231.944
2128 110.269 109.759
2129 1217.57 1443.36
2130 1091.05 1204.21
2131 762.648 780.469
2132 1315.61 1319.96
2133 50.6077 895.988
2134 213.249 508.554
2135 1440.78 590.857
2136 667.632 200.484
2137 1257.23 1268.71
2138 887.581 511.316
2139 1391.34 436.943
2140 828.282 1175.34
2141 510.658 1373.56
2142 1043.25 885.894
2143 773.103 32.2175
2144 792.292 45.7521
2145 679.587 1325.62
2146 1402.67 543.772
2147 492.044 845.019
2148 1029.69 633.139
2149 1162.15 952.028
2150 1301.31 694.381
2151 1340.68 205.735
2152 6.74467 1063.03
2153 1413.3 1180.89
2154 1102.69 1279.9
2155 534.325 302.56
2156 1299.97 757.44
2157 771.264 320.926
2158 867.003 59.163
2159 312.408 289.025
2160 788.267 1396.24
2161 731.05 691.759
2162 1447.89 1114.22
2163 382.329 434.692
2164 859.842 262.137
2165 729.59 1476.39
2166 646.402 310.062
2167 1127.67 1254.24
2168 562.252 1242.6
2169 911.889 81.3766
2170 469.68 1220.59
2171 613.132 794.094
2172 574.245 900.708
2173 483.861 194.781
2174 1194.8 1064.89
2175 95.7834 541.611
2176 957.517 1229.02
2177 677.593 395.94
2178 801.439 710.261
2179 1070.92 509.427
2180 1449.91 267.014
2181 726.31 722.087
2182 1412.4 397.607
2183 1340.06 1097.74
2184 1480 993.64
2185 1007.39 427.268
2186 1335.49 169.601
2187 1319.83 1042.17
2188 1458.39 811.521
2189 1265.06 939.399
2190 1340.22 1207.24
2191 891.241 294.502
2192 1376.89 562.919
2193 594.162 20.913
2194 143.627 77.8911
2195 3.2139 532.681
2196 493.543 721.034
2197 297.128 1278.59
2198 1251.07 1113.19
2199 704.768 588.235
2200 65.0929 9.76538
2201 802.045 1044.56
2202 214.383 370.323
2203 692.641 466.737
2204 599.146 331.44
2205 1341.92 1377.44
2206 1245 1081.85
2207 1075.42 1187.77
2208 324.921 9.18905
2209 1244.05 1388.62
2210 1419.96 801.427
2211 361.542 274.672
2212 29.4683 73.0598
2213 1320.32 194.781
2214 1136.45 253.536
2215 114.886 907.136
2216 1410.17 1308.96
2217 1078.45 1262.75
2218 1460.63 638.798
2219 478.626 527.385
2220 591.483 676.447
2221 15.7074 293.552
2222 234.117 253.672
2223 1471.61 655.67
2224 1368.89 1261.48
2225 301.971 632.991
2226 420.478 498.789
2227 527.687 772.638
2228 373.447 409.919
2229 367.415 1303.34
2230 478.173 1201.19
2231 683.973 1262.97
2232 1258.74 603.07
2233 563.122 668.118
2234 676.275 1302.21
2235 839.146 1123.64
2236 105.878 298.346
2237 256.252 244.743
2238 805.094 856.755
2239 865.908 1081.23
2240 1197.57 1391.71
2241 195.324 1335.94
2242 1208.43 1320.15
2243 797.12 501.55
2244 261.458 1348.97
2245 601.408 106.285
2246 2.67071 591.766
2247 1198.92 1472.83
2248 849.195 731.82
2249 1070.21 388.158
2250 255.615 638.798
2251 527.439 1340.82
2252 353.62 111.717
2253 540.479 202.521
2254 1250.99 408.166
2255 1396.73 937.826
2256 472.651 882.635
2257 498.831 1311.82
2258 1215.57 25.9376
2259 893.281 264.174
2260 1182.43 378.471
2261 916.37 123.441
2262 731.779 1156.27
2263 395.899 1084.84
2264 1164.29 1088.97
2265 713.084 1254.19
2266 807.55 512.538
2267 446.959 1416.2
2268 305.638 962.723
2269 70.7237 1464.41
2270 502.908 255.018
2271 1464.97 1361.23
2272 17.7444 648.53
2273 1473.16 884.4
2274 343.843 335.185
2275 547.269 1152.33
2276 1199.72 869.598
2277 952.321 990.414
2278 954.609 544.088
2279 621.687 833.94
2280 1263.65 227.858
2281 674.815 197.53
2282 1269.62 27.7814
2283 176.403 1313.49
2284 1150.06 43.4103
2285 850.06 825.295
2286 1128.66 126.96
2287 1117.6 219.632
2288 1403.45 106.738
2289 570.846 1017.77
2290 663.592 546.047
2291 138.059 933.074
2292 1331.51 1047.27
2293 1411.47 1083.8
2294 343.272 1065.74
2295 426.825 365.751
2296 1214.75 759.206
2297 820.089 678.402
2298 1033.47 236.006
2299 316.325 915.815
2300 703.483 720.491
2301 978.747 165.991
2302 375.571 123.984
2303 1051.63 1404.06
2304 919.041 328.724
2305 1166.68 223.163
2306 869.882 1229.01
2307 303.515 1358.53
2308 1415.32 618.111
2309 809.016 411.606
2310 388.123 872.866
2311 1198.8 1308
2312 978.118 918.136
2313 887.671 1473.9
2314 1224.09 1342.87
2315 38.8837 367.064
2316 380.146 197.814
2317 628.386 924.382
2318 870.38 194.361
2319 1227.48 62.6816
2320 615.655 1179.5
2321 1421.54 565.24
2322 1120.61 621.687
2323 908.811 1307.38
2324 1152.88 1468.83
2325 245.388 702.566
2326 946.155 41.2376
2327 1468.76 287.248
2328 538.291 22.4482
2329 466.695 802.435
2330 533.92 257.203
2331 1477.38 63.587
2332 328.95 603.852
2333 1051.07 455.424
2334 1287.03 1233.77
2335 1162.75 1119.69
2336 1289.08 910.338
2337 170.337 1221.06
2338 657.691 948.95
2339 903.017 605.482
2340 1473.48 974.175
2341 1153.29 1167.4
2342 1365.41 210.929
2343 1062.13 760.835
2344 1399.23 1337.24
2345 1185.32 1418
2346 271.914 526.57
2347 995.36 1327.96
2348 208.222 1060.08
2349 193.342 186.09
2350 939.184 888.836
2351 775.182 1068.15
2352 584.265 312.37
2353 565.673 96.0097
2354 528.382 943.246
2355 611.819 88.2692
2356 1230.74 1190.41
2357 1267.77 1010.43
2358 1451.19 602.753
2359 1084.81 523.9
2360 715.388 458.807
2361 303.963 33.0444
2362 471.602 947.649
2363 221.024 598.782
2364 783.333 1348.84
2365 1330.47 325.646
2366 1277.5 1329.06
2367 1480.7 935.415
2368 1007.68 1189.91
2369 709.639 1266.6
2370 1387.11 402.598
2371 1.94645 235.372
2372 629.77 1399.9
2373 251.27 630.469
2374 1007.4 63.5417
2375 309.338 1415.07
2376 975.714 643.958
2377 226.014 378.924
2378 425.684 1437.83
2379 852.047 1342.63
2380 672.917 751.725
2381 1395.51 1035.33
2382 803.34 245.886
2383 814.974 986.714
2384 95.8707 856.076
2385 71.7018 1194.38
2386 126.455 489.769
2387 943.575 824.978
2388 245.751 1367.54
2389 131.001 1356.99
2390 203.543 1199.83
2391 241.801 16.9627
2392 16.1148 679.389
2393 768.849 949.81
2394 915.374 958.818
2395 1090.22 12.584
2396 1333.96 954.291
2397 689.677 959.735
2398 913.787 324.917
2399 844.261 346.456
2400 199.666 1042.17
2401 134.203 131.589
2402 1141.23 1279.08
2403 250.122 580.993
2404 101.228 756.128
2405 1117.95 594.515
2406 610.189 154.946
2407 1258.6 139.058
2408 711.076 704.207
2409 453.346 1046.47
2410 538.397 891.383
2411 807.35 401.726
2412 680.578 1457.44
2413 55.8133 170.246
2414 378.053 951.768
2415 607.273 833.216
2416 1344.64 989.566
2417 670.11 655.546
2418 606.964 532.002
2419 828.373 590.815
2420 1440.01 852.137
2421 160.804 1231.29
2422 483.625 1104.86
2423 885.335 1343.46
2424 305.054 794.863
2425 611.049 1455.16
2426 1374.42 903.062
2427 571.622 538.08
2428 1119.53 708.495
2429 733.294 347.769
2430 450.399 243.216
2431 220.148 202.702
2432 50.1098 1056.14
2433 35.3125 460.255
2434 1367.81 1396.18
2435 132.401 799.991
2436 952.905 1047.95
2437 485.3 1217.47
2438 1279.13 1282.76
2439 181.789 1381.89
2440 773.445 721.771
2441 796.007 999.162
2442 745.351 14.2136
2443 1162.21 123.655
2444 682.436 634.724
2445 957.967 369.813
2446 586.055 1305.48
2447 1257.45 42.176
2448 900.029 604.655
2449 314.057 1453.18
2450 780.12 321.119
2451 294.774 658.171
2452 1359.35 647.443
2453 864.71 754.951
2454 809.794 993.039
2455 648.575 46.0689
2456 495.971 727.565
2457 268.429 134.474
2458 1437.2 328.135
2459 452.635 1095.31
2460 234.196 1278.4
2461 435.73 321.288
2462 368.147 873.186
2463 1454.86 1163.98
2464 1427.65 823.064
2465 1259.49 469.864
2466 100.496 319.308
2467 900.753 708.01
2468 890.614 234.57
2469 1063.21 85.4627
2470 1468.84 770.16
2471 610.868 1143.87
2472 1068.01 420.614
2473 256.755 223.92
2474 1369.03 83.471
2475 345 1391.93
2476 528.619 1384.6
2477 1221.45 190.843
2478 952.588 1029.25
2479 539.283 484.971
2480 1347.47 464.601
2481 463.934 592.659
2482 721.911 1394.87
2483 543.15 1470.47
2484 992.497 664.78
2485 1442.41 1279.72
2486 918.758 1166.96
2487 868.886 421.474
2488 530.656 873.68
2489 721.043 1299.55
2490 321.164 75.7305
2491 832.039 1420.91
2492 568.454 667.801
2493 1069.51 73.2287
2494 3.71183 764.263
2495 1200.82 68.9405
2496 1190.19 8.22633
2497 1212.37 235.463
2498 577.235 9.67485
2499 4.93402 987.834
2500 236.049 571.067
2501 909.116 0.678994
2502 569.409 822.895
2503 1253.28 686.372
2504 804.155 292.453
2505 365.797 539.019
2506 1060.14 1178.54
2507 427.676 999.339
2508 687.958 1313.75
2509 1360.73 866.528
2510 24.5343 929.485
2511 209.806 485.287
2512 1061.27 933.197
2513 379.15 623.712
2514 1373.24 396.973
2515 177.078 777.312
2516 309.663 109.713
2517 1388.32 496.933
2518 572.216 321.74
2519 1422.85 1088.47
2520 296.664 84.5574
2521 1342.55 792.065
2522 67.374 268.384
2523 839.151 1334.3
2524 142.906 1255.58
2525 1138.04 1072.44
2526 158.889 1096.62
2527 1062.63 979.097
2528 395.834 1404.55
2529 1253.61 897.482
2530 696.693 507.163
2531 1139.04 1376.67
2532 1350.29 679.13
2533 422.743 995.677
2534 1334.16 565.771
2535 450.228 1014.96
2536 1158.34 300.646
2537 1098.19 829.311
2538 917.411 1394.56
2539 4.52663 1228.65
2540 244.493 8.04527
2541 1064.49 135.844
2542 441.437 659.698
2543 1020.75 287.211
2544 1130.43 1418.78
2545 1003.15 1473.51
2546 1306.34 156.292
2547 732.628 804.834
2548 410.927 131.68
2549 654.731 991.636
2550 236.151 1300.58
2551 1415.79 545.187
2552 739.104 636.432
2553 483.326 475.329
2554 1374.28 1385.91
2555 332.778 1427.29
2556 1356.99 236.685
2557 1186.38 364.381
2558 49.5471 963.209
2559 948.091 224.192
2560 158.564 517.077
2561 653.7 1036.36
2562 1252.88 443.021
2563 2.71598 293.449
2564 258.108 820.032
2565 600.112 1077.11
2566 1324.03 773.465
2567 615.898 140.811
2568 349.546 178.337
2569 885.725 1021.39
2570 957.535 1.17692
2571 1343.59 1311.18
2572 687.567 1376.14
2573 927.984 945.645
2574 640.201 1139.35
2575 248.484 1456.7
2576 1.90118 821.673
2577 40.2837 784.555
2578 541.365 373.945
2579 1249.69 248.454
2580 749.787 171.456
2581 387.212 282.857
2582 97.7299 262.351
2583 1171.76 59.6488
2584 1306.36 1475.18
2585 1005.18 799.176
2586 1103.07 1426.55
2587 369.509 634.44
2588 927.913 679.48
2589 1416.28 136.478
2590 1141.21 1479.2
2591 579.125 963.345
2592 597.65 1212.4
2593 894.597 445.363
2594 284.68 489.543
2595 764.592 903.774
2596 223.892 793.596
2597 1054.43 336.6
2598 667.003 961.443
2599 455.993 421.565
2600 169.239 553.38
2601 406.677 463.934
2602 305.819 1366.98
2603 1424.71 1069.78
2604 427.763 1355.85
2605 519.747 1061.72
2606 30.2831 640.065
2607 1481.97 36.9251
2608 380.332 1087.43
2609 1292.22 58.7435
2610 776.548 150.77
2611 860.738 1018.89
2612 74.463 363.171
2613 1256.64 1152.57
2614 1222.62 948.407
2615 961.546 1030.98
2616 189.931 836.735
2617 1134.81 1002.29
2618 489.49 260.96
2619 69.3027 1383.1
2620 1293.95 288.922
2621 613.581 768.938
2622 1042.12 396.623
2623 988.027 1288.54
2624 667.053 259.149
2625 86.0027 33.5423
2626 238.105 139.782
2627 553.244 579.803
2628 974.683 1438.19
2629 1020.57 609.239
2630 1480.45 468.596
2631 133.717 572.335
2632 44.5388 679.582
2633 664.961 77.8127
2634 1378.86 717.277
2635 47.5878 1393.74
2636 308.857 583.425
2637 843.899 1194.26
2638 9.91331 538.623
2639 980.15 324.547
2640 1188.1 1125.49
2641 1396.02 102.516
2642 634.992 293.811
2643 160.972 467.872
2644 687.097 645.077
2645 1255.83 514.53
2646 1037.41 583.108
2647 1022.99 733.947
2648 771.984 120.849
2649 1118.79 387.66
2650 1334.23 1482.64
2651 1410.68 10.366
2652 568.725 557.816
2653 234.208 1200
2654 194.959 631.181
2655 154.343 343.748
2656 530.036 1312.45
2657 542.245 155.659
2658 743.969 281.737
2659 1424.26 1043.66
2660 498.93 1268.39
2661 28.9251 221.702
2662 1309.22 1371.65
2663 486.21 85.689
2664 1476.5 1148.17
2665 1228.34 1288.9
2666 139.601 1014.18
2667 346.012 70.5127
2668 169.567 290.972
2669 69.0812 1011.19
2670 39.8517 883.371
2671 763.503 662.562
2672 7.5142 1185.61
2673 639.354 688.216
2674 175.811 508.385
2675 457.713 346.139
2676 845.485 808.398
2677 343.073 1140.12
2678 1007.96 119.454
2679 807.296 1189.51
2680 1423.08 1427.2
2681 831.858 741.371
2682 1196.98 1261.34
2683 709.048 838.241
2684 509.653 268.701
2685 701.129 574.1
2686 759.568 168.016
2687 796.478 1316.56
2688 218.546 26.2423
2689 777.873 933.107
2690 452.87 550.89
2691 1181.86 470.679
2692 451.259 819.262
2693 1483.15 1338.75
2694 1056.9 1096.3
2695 559.685 1126.85
2696 1032.29 1445.17
2697 1220.38 875.754
2698 112.985 1266.46
2699 263.286 1175.25
2700 727.61 751.782
2701 268.109 1130.57
2702 366.168 256.117
2703 83.7879 713.125
2704 276.26 159.428
2705 1092.98 959.686
2706 1352.96 447.264
2707 428.626 1277.5
2708 1106.67 1253.32
2709 976.308 913.416
2710 669.262 550.561
2711 1008.67 447.774
2712 424.824 1113.22
2713 1088.58 1342.64
2714 1301.13 976.924
2715 1246.81 1001.11
2716 842.586 322.963
2717 831.768 362.9
