1 915.595 790.819
2 589.094 163.379
3 934.206 811.35
4 795.399 34.6114
5 122.961 126.614
6 157.423 239.469
7 980.663 517.594
8 559.106 435.376
9 768.676 353.57
10 772.314 490.137
11 6.75313 98.4219
12 364.469 1042.7
13 406.091 632.698
14 516.767 788.712
15 199.814 527.313
16 263.815 771.104
17 390.846 698.424
18 444.47 387.603
19 699.742 1076.33
20 664.281 310.514
21 96.2489 890.989
22 572.593 658.273
23 195.707 890.11
24 886.338 1004.61
25 448.533 422.873
26 223.188 729.171
27 329.248 990.738
28 656.972 175.214
29 870.93 1046.38
30 792.858 110.424
31 170.06 454.008
32 710.851 83.8557
33 489.465 130.593
34 469.312 860.055
35 1009.42 858.828
36 852.427 798.708
37 1082.58 784.032
38 920.34 635.105
39 882.954 200.321
40 18.6213 382.99
41 507.889 300.418
42 293.193 686.188
43 512.503 1074.02
44 257.52 629.556
45 121.632 137.57
46 657.806 144.423
47 692.865 55.3388
48 1023.26 410.848
49 945.231 380.158
50 817.389 716.343
51 213.904 916.153
52 610.709 404.757
53 2.67451 737.73
54 455.978 1038.41
55 664.314 1008.82
56 408.063 28.985
57 624.364 485.628
58 637.101 338.268
59 553.189 235.925
60 271.663 487.295
61 893.152 1083.72
62 147.098 516.18
63 937.983 197.546
64 216.594 666.588
65 806.599 313.686
66 869.583 353.914
67 694.092 37.4196
68 813.552 1028.99
69 79.7338 362.239
70 550.581 1012.8
71 322.98 917.935
72 602.41 720.178
73 527.112 312.282
74 965.474 167.491
75 959.614 886.977
76 70.7096 159.505
77 1076.13 408.14
78 959.614 16.6822
79 571.81 753.614
80 786.572 474.692
81 890.205 13.6499
82 954.589 676.694
83 907.327 105.075
84 785.002 386.166
85 640.896 601.497
86 962.589 466.568
87 900.239 1041.23
88 876.658 611.77
89 880.415 329.265
90 478.444 545.098
91 539.104 134.628
92 644.657 812.653
93 349.049 75.0967
94 51.2837 55.2719
95 708.444 519.724
96 873.16 33.8325
97 773.293 945.205
98 706.739 609.831
99 620.118 426.728
100 715.598 826.356
101 642.39 272.9
102 44.0291 676.928
103 586.941 670.332
104 237.813 995.686
105 520.56 590.864
106 959.348 254.346
107 495.998 971.515
108 1039.78 48.5129
109 540.072 423.943
110 210.726 492.11
111 631.767 13.9074
112 785.582 784.233
113 481.946 441.361
114 730.642 247.893
115 205.235 108.351
116 211.477 428.055
117 713.192 595.823
118 419.731 755.926
119 886.224 707.317
120 74.6625 614.635
121 220.704 440.558
122 78.3891 989.511
123 179.403 500.802
124 587.355 1058.47
125 81.2382 933.814
126 608.651 621.823
127 1023.72 682.668
128 455.302 379.289
129 780.718 383.395
130 15.111 109.588
131 276.778 826.557
132 881.752 580.178
133 82.2746 967.971
134 267.843 146.73
135 508.591 287.954
136 159.81 481.02
137 536.774 380.425
138 583.246 830.846
139 105.355 904.385
140 354.231 462.656
141 704.222 141.659
142 227.835 117.545
143 368.882 954.632
144 508.851 89.8969
145 295.127 1072.69
146 286.172 528.66
147 857.137 637.101
148 603.663 957.608
149 970.98 792.691
150 20.2928 721.525
151 242.879 271.864
152 475.762 213.302
153 572.077 1041.59
154 226.731 480.151
155 624.698 975.427
156 1071.15 229.506
157 558.373 126.007
158 817.798 70.0387
159 795.031 968.473
160 363.572 726.196
161 782.461 1056
162 197.98 1055.4
163 780.07 732.585
164 1076.23 919.406
165 864.541 668.102
166 145.527 650.307
167 486.326 340.331
168 674.635 792.29
169 501.093 722.184
170 428.382 592.872
171 880.448 925.079
172 189.021 452.192
173 259.186 692.831
174 591.799 899.079
175 963.602 998.36
176 1030.86 869.449
177 225.373 343.472
178 300.347 102.009
179 168.795 12.2124
180 480.375 911.205
181 918.37 520.66
182 51.3171 458.411
183 505.415 690.802
184 729.872 663.99
185 64.021 544.634
186 975.393 484.062
187 834.939 261.132
188 393.922 839.394
189 290.518 593.951
190 698.623 738.709
191 717.162 166.689
192 280.489 228.436
193 658.163 236.57
194 239.569 73.3249
195 434.462 75.9226
196 551.918 790.661
197 243.739 950.62
198 137.637 717.136
199 819.761 296.804
200 976.43 86.0956
201 76.7018 249.341
202 755.147 49.3781
203 812.27 892.36
204 66.5618 125.468
205 359.955 762.278
206 605.81 694.814
207 146.797 776.644
208 35.9053 501.346
209 103.871 426.159
210 1020.67 68.1331
211 967.81 1016.85
212 428.193 398.746
213 615.973 1029.36
214 536.64 352.4
215 496.89 449.652
216 317.598 642.661
217 751.471 752.573
218 586.553 832.718
219 851.843 99.358
220 695.305 116.886
221 448.916 158.943
222 762.235 694.546
223 405.422 106.713
224 618.903 782.37
225 308.772 353.904
226 452.092 846.916
227 222.465 983.082
228 660.737 46.5798
229 430.462 136.366
230 917.323 359.253
231 337.03 201.467
232 1082.87 521.974
233 829.064 223.298
234 555.663 525.551
235 1087.88 750.872
236 818.28 550.313
237 900.942 608.26
238 88.3005 1006.8
239 826.089 147.198
240 335.484 597.829
241 850.608 625.166
242 628.509 5.24872
243 463.191 356.345
244 624.865 207.685
245 292.249 450.153
246 193.66 597.228
247 780.821 1049.59
248 155.629 1084.69
249 133.313 758.601
250 1071.55 271.038
251 666.153 287.543
252 821.007 553.155
253 947.303 320.64
254 81.6773 569.039
255 489.636 541.521
256 318.078 76.4575
257 343.791 785.68
258 547.739 197.845
259 483.967 1075.69
260 316.461 760.105
261 870.82 753.185
262 753.743 399.973
263 71.4094 1025.42
264 451.156 424.02
265 944.101 219.748
266 419.269 562.315
267 547.919 1048.41
268 14.3755 689.13
269 409.454 813.151
270 351.029 478.981
271 905.215 1059.85
272 164.532 317.106
273 69.1975 851.63
274 818.433 829.398
275 931.899 600.236
276 682.466 265.221
277 167.19 176.116
278 334.581 404.763
279 422.706 1015.59
280 489.936 489.378
281 92.2037 42.1668
282 1052.81 93.9755
283 739.209 704.432
284 396.874 644.456
285 370.359 855.375
286 691.126 675.848
287 551.466 241.479
288 633.223 579.068
289 329.691 1080.77
290 88.7268 868.423
291 658.018 991.751
292 216.173 234.32
293 412.917 182.813
294 36.7964 754.011
295 1014.34 434.149
296 239.058 49.9229
297 1046.16 1094.89
298 179.012 196.62
299 606.077 847.595
300 641.625 461.754
301 856.604 454.767
302 871.054 295.409
303 197.719 1033.01
304 111.901 274.338
305 516.407 98.121
306 915.192 100.337
307 681.766 1087.43
308 103.964 1044.23
309 1057.7 67.0398
310 184.996 1064.3
311 667.691 819.737
312 274.472 757.096
313 259.06 875.744
314 813.886 796.712
315 303.773 562.349
316 929.626 886.676
317 375.735 1069.48
318 6.68627 446.275
319 374.809 1073.06
320 945.512 700.755
321 203.912 787.007
322 304.771 791.955
323 829.198 338.302
324 173 738.91
325 40.9419 795.776
326 19.0559 602.075
327 1072.61 122.77
328 876.637 426.594
329 521.462 798.207
330 394.423 777.356
331 265.545 952.536
332 619.557 37.5434
333 786.473 907.671
334 1077.69 484.353
335 910.436 682.501
336 401.454 1050.55
337 718.54 647.375
338 457.917 15.5555
339 468.273 461.085
340 8.39127 11.8446
341 183.132 63.5196
342 769.59 6.85343
343 104.43 205.168
344 97.9539 903.124
345 152.671 578.897
346 523.895 736.192
347 386.834 221.683
348 226.421 618.891
349 505.248 850.326
350 431.888 97.7297
351 981.544 142.427
352 82.6423 263.917
353 1024.98 39.8601
354 1051.62 212.323
355 359.966 147.332
356 616.25 118.29
357 480.069 812.783
358 805.762 231.278
359 503.339 194.942
360 363.311 715.374
361 242.113 198.549
362 97.1515 327.37
363 0.367745 201.534
364 119.313 997.902
365 135.33 296.202
366 405.782 360.667
367 442.665 327.503
368 852.165 1064.09
369 1043.54 609.229
370 1014.94 763.281
371 649.178 555.138
372 451.49 84.2569
373 654.552 865.38
374 282.696 505.726
375 772.447 185.377
376 757.583 578.439
377 770.459 863.174
378 1066.75 1052.82
379 80.4618 634.671
380 546.06 502.684
381 124.923 801.761
382 943.834 764.251
383 1043.9 209.552
384 969.281 499.063
385 551.075 1037.88
386 232.224 873.294
387 864.635 535.905
388 1020.12 581.739
389 1086.19 499.498
390 895.793 487.74
391 415.845 508.691
392 307.702 457.345
393 269.129 429.67
394 627.874 88.5696
395 720.713 588.994
396 680.328 1005.42
397 546.444 949.527
398 1020.87 436.212
399 46.269 356.913
400 2.94196 71.1125
401 264.033 530.866
402 389.667 1013.74
403 484.287 709.38
404 707.541 69.7811
405 555.004 703.071
406 52.5958 87.4998
407 1084.16 712.623
408 784.333 771.94
409 929.733 945.104
410 110.882 587.165
411 834.591 380.86
412 998.962 1000.41
413 794.964 659.671
414 1066.47 559.082
415 24.0037 526.788
416 11.1661 224.067
417 468.181 882.32
418 968.506 350.437
419 35.0695 951.49
420 64.8568 555.639
421 49.8622 1082.27
422 306.353 539.315
423 165.485 1007.82
424 1062.47 623.194
425 529.73 994.86
426 458.205 304.402
427 413.436 871.355
428 287.407 404.618
429 223.054 587.934
430 891.668 130.325
431 152.717 377.249
432 492.733 878.887
433 1007.79 970.957
434 450.49 480.91
435 456.405 203.039
436 302.475 1053.29
437 288.721 938.562
438 1039.12 285.775
439 123.1 457.842
440 415.843 929.903
441 512.731 564.823
442 342.581 137.881
443 856.952 355.576
444 536.662 82.0405
445 690.539 619.894
446 322.445 422.138
447 194.545 273.134
448 610.416 419.029
449 1053.48 156.034
450 367.692 379.322
451 647.9 641.481
452 592.537 858.049
453 544.054 636.041
454 967.303 242.678
455 317.264 981.883
456 1034.42 55.7065
457 976.235 626.403
458 544.825 244.049
459 499.03 1.77186
460 408.882 606.411
461 63.1149 333.482
462 158.203 224.368
463 901.247 696.713
464 946.347 242.912
465 296.549 33.5691
466 497.654 241.585
467 573.415 313.161
468 648.836 108.522
469 239.739 311.714
470 561.145 33.8424
471 628.61 492.644
472 217.466 817.741
473 876.102 262.202
474 423.34 335.517
475 404.569 1033.87
476 1005.51 162.309
477 173.007 375.845
478 596.616 795.867
479 278.698 540.418
480 813.953 965.574
481 1029.42 82.4417
482 841.969 739.445
483 1091.51 727.399
484 217.872 504.813
485 553.582 370.229
486 374.398 726.564
487 290.562 649.671
488 965.478 296.536
489 888.839 830.278
490 624.498 912.251
491 758.576 971.954
492 261.744 295.901
493 742.076 429.396
494 116.909 681.431
495 464.428 169.263
496 677.62 500.367
497 466.425 614.612
498 1000.27 377.574
499 212.356 686.289
500 493.346 1037.69
501 99.124 632.22
502 954.532 650.779
503 844.509 988.364
504 340.239 411.975
505 181.499 153.828
506 773.334 271.429
507 664.539 224.568
508 715.03 1053.32
509 699.62 444.474
510 726.53 153.727
511 195.908 168.136
512 588.485 915.016
513 713.927 136.744
514 393.242 529.018
515 349.124 277.223
516 565.458 649.849
517 121.757 814.498
518 756.117 923.106
519 45.5669 32.7274
520 999.652 307.936
521 420.767 894.389
522 838.993 182.201
523 763.572 549.855
524 437.616 262.379
525 517.25 986.369
526 617.871 731.077
527 916.587 387.603
528 1041.75 189.286
529 237.964 420.576
530 66.6955 403.617
531 3.34314 1022
532 90.5701 780.726
533 860.423 466.267
534 401.48 669.797
535 674.216 70.2157
536 480.838 930.963
537 338.394 256.184
538 822.569 368.056
539 327.569 49.0772
540 173.169 621.923
541 35.6378 973.086
542 404.152 499.932
543 467.762 1005.89
544 739.201 338.77
545 725.627 750.204
546 1017.3 866.775
547 273.241 460.283
548 260.865 239.837
549 505.449 23.5357
550 107.95 492.444
551 1016.9 610.189
552 72.8135 640.511
553 680.071 777.379
554 1034.53 801.65
555 838.762 986.135
556 443.741 311.38
557 683.103 403.75
558 846.584 912.877
559 792.109 211.219
560 1094.13 4.07862
561 882.563 996.388
562 164.524 703.272
563 789.692 781.434
564 289.281 217.337
565 739.368 837.489
566 647.739 711.897
567 264.132 281.893
568 425.882 1024.14
569 745.712 920.074
570 267.15 921.268
571 605.542 1089.1
572 774.729 1069.35
573 518.554 410.002
574 197.312 945.883
575 344.61 842.804
576 278.995 156.358
577 768.281 269.089
578 631.5 541.358
579 233.986 906.658
580 1005.61 257.187
581 496.346 638.305
582 422.195 855.074
583 675.457 327.069
584 345.012 576.189
585 298.316 630.047
586 396.123 437.516
587 250.133 664.916
588 542.524 840.297
589 923.274 894.155
590 396.25 211.257
591 1005.68 665.25
592 218.507 249.498
593 642.617 310.744
594 839.496 996.321
595 121.256 835.449
596 170.595 546.947
597 1018.82 770.559
598 795.031 697.512
599 308.772 22.1749
600 267.785 325.855
601 308.739 893.062
602 933.577 713.793
603 440.491 350.705
604 168.583 601.931
605 1082.25 1056.73
606 259.564 377.239
607 195.049 951.466
608 598.737 1008.13
609 989.267 286.741
610 846.822 166.154
611 64.4222 62.2492
612 545.809 518.32
613 331.484 622.055
614 378.333 91.7121
615 543.694 74.4556
616 329.7 997.596
617 245.754 268.765
618 987.954 972.719
619 431.131 510.63
620 1025.57 305.395
621 165.718 1044.07
622 1092.13 468.216
623 168.577 759.928
624 374.699 798.919
625 876.637 433.738
626 627.562 371.991
627 734.888 663.789
628 994.422 554.803
629 837.322 871.99
630 625.969 949.995
631 318.074 1038.88
632 577.66 937.191
633 903.471 903.124
634 897.689 764.408
635 783.081 42.1944
636 805.294 491.842
637 397.574 416.799
638 914.163 585.65
639 189.489 216.01
640 288.312 181.164
641 123.429 224.759
642 261.784 87.3561
643 392.618 274.939
644 610.022 163.055
645 690.224 909.61
646 153.483 483.05
647 801.517 78.8311
648 11.5004 583.755
649 908.004 620.195
650 219.978 9.39421
651 5.68333 275.575
652 1090.77 388.339
653 94.3577 443.176
654 930.751 550.013
655 575.019 574.455
656 67.2408 692.698
657 1022.47 134.064
658 968.038 660.246
659 9.39421 344.787
660 282.318 437.583
661 159.507 138.84
662 889.377 571.887
663 622.15 228.68
664 407.127 541.23
665 946.568 560.109
666 926.627 844.142
667 717.972 172.673
668 411.285 933.771
669 645.259 513.539
670 372.994 542.089
671 977.824 714.395
672 950.623 454.509
673 965.002 916.721
674 549.879 85.5942
675 1075.16 930.638
676 138.745 329.6
677 110.178 472.218
678 915.608 840.474
679 291.923 109.12
680 303.429 987.806
681 646.061 286.951
682 931.765 579.275
683 849.308 1091
684 130.349 856.12
685 913.469 656.09
686 596.54 692.975
687 916.22 121.332
688 973.32 1071.91
689 491.148 18.1867
690 246.338 1089.29
691 712.389 449.026
692 24.4049 171.446
693 1065.26 1025.28
694 553.13 807.233
695 4.64696 137.002
696 382.658 283.063
697 545.633 636.376
698 1083.15 564.689
699 499.999 748.294
700 1037.81 334.88
701 909.567 955.769
702 635.179 764.675
703 458.313 639.575
704 786.439 432.165
705 195.206 550.748
706 51.2251 135.541
707 925.647 163.383
708 483.376 947.311
709 54.399 647.609
710 1077.64 365.137
711 91.6688 825.52
712 343.799 166.933
713 958.611 703.573
714 526.184 51.6849
715 492.043 263.75
716 919.89 53.6338
717 714.12 924.811
718 238.95 819.57
719 731.119 562.282
720 165.659 166.699
721 1000.39 535.671
722 1004.75 363.308
723 691.661 687.315
724 681.732 886.108
725 991.022 969.513
726 1076.11 836.118
727 28.2495 255.65
728 935.917 941.805
729 855.742 192.097
730 798.876 57.3388
731 421.536 839.271
732 803.985 986.96
733 452.293 315.502
734 754.783 538.98
735 172.272 355.151
736 891.915 58.0034
737 103.336 86.8311
738 327.185 387.646
739 713.217 368.156
740 467.17 957.574
741 84.1133 96.65
742 752.105 794.797
743 395.426 657.561
744 233.819 593.674
745 518.554 100.939
746 365.505 717.781
747 703.188 467.949
748 542.898 620.496
749 968.306 735.958
750 221.717 817.273
751 840.063 669.964
752 762.799 232.381
753 842.553 527.083
754 78.3086 654.385
755 586.782 158.541
756 970.579 182.679
757 368.547 375.912
758 477.225 49.1441
759 398.644 828.83
760 787.442 577.627
761 300.347 802.486
762 1088.75 659.577
763 832.636 136.701
764 962.555 930.762
765 213.86 355.074
766 428.456 623.571
767 434.567 263.75
768 470.753 746.465
769 266.18 172.272
770 11.4001 39.0478
771 626.862 338.359
772 172.105 134.036
773 863.231 254.59
774 869.148 369.928
775 622.124 141.853
776 323.615 237.764
777 1029.04 1041.83
778 207.809 862.562
779 596.649 651.945
780 454.891 591.812
781 112.66 940.959
782 1021.23 103.938
783 472.908 604.816
784 469.309 1094.65
785 294.096 895.96
786 107.807 109.655
787 566.908 215.866
788 420.866 1013.07
789 739.242 223.723
790 903.296 785.613
791 66.9535 176.919
792 633.19 111.895
793 254.78 344.152
794 59.9758 691.069
795 937.494 978.947
796 318.668 657.896
797 640.11 751.179
798 509.193 871.388
799 792.858 194.48
800 931.598 96.7544
801 109.531 300.491
802 787.409 816.771
803 271.567 840.264
804 724.491 1070.81
805 726.501 342.972
806 712.255 519.667
807 275.244 971.96
808 664.274 959.724
809 1002.37 824.985
810 20.694 371.422
811 657.237 447.679
812 866.875 232.749
813 515.879 265.378
814 616.839 334.39
815 343.073 47.6397
816 1020.3 457.04
817 634.962 867.243
818 919.823 495.964
819 249.465 824.083
820 90.0975 980.608
821 734.078 398.712
822 114.97 929.569
823 100.035 751.002
824 245.68 579.776
825 1062.64 543.303
826 560.778 52.9887
827 183.8 282.328
828 168.386 662.442
829 58.5383 724.457
830 376.337 688.529
831 600.774 470.413
832 852.165 14.7098
833 995.777 858.985
834 965.063 895.893
835 190.817 568.567
836 153.149 798.508
837 912.141 997.367
838 968.607 746.823
839 974.062 189.155
840 225.583 292.501
841 565.368 659.935
842 252.273 1021.06
843 664.582 621.422
844 500.4 977.202
845 639.949 122.894
846 514.876 385.731
847 609.977 984.72
848 434.173 215.776
849 518.546 578.362
850 946.274 945.238
851 141.348 862.696
852 291.455 740.404
853 306.131 206.572
854 981.043 514.074
855 327.268 595.178
856 188.105 20.6036
857 136.634 43.8954
858 397.659 484.253
859 502.741 563.128
860 30.1885 1069.47
861 1033.2 80.6463
862 414.549 152.614
863 769.667 823.023
864 248.871 797.281
865 386.703 703.673
866 1050.32 992.313
867 308.605 573.714
868 81.1379 352.042
869 394.994 69.1066
870 618.747 245.654
871 235.39 52.3869
872 1012.17 1007.05
873 901.079 384.728
874 165.552 426.26
875 757.763 31.9368
876 185.869 567.535
877 903.682 400.374
878 887.335 653.292
879 584.447 763.549
880 772.489 897.608
881 535.871 514.117
882 238.098 716.902
883 346.115 769.69
884 418.393 756.618
885 350.87 299.445
886 528.638 890.554
887 502.373 930.796
888 917.991 772.933
889 751.549 696.375
890 1075.05 943.834
891 721.683 221.559
892 440.491 1073.82
893 62.4873 470.279
894 958.711 527.513
895 294.831 362.396
896 909.467 820.85
897 761.767 754.99
898 810.811 622.301
899 269.992 1008.16
900 877.664 476.965
901 541.028 1012.54
902 392.473 143.965
903 299.988 214.071
904 823.381 285.337
905 613.975 611.894
906 551.555 644.734
907 235.658 858.627
908 22.5662 815.835
909 881.25 1094.81
910 852.59 723.321
911 760.697 457.585
912 780.355 529.051
913 721.118 793.403
914 253.192 636.667
915 512.061 433.113
916 393.396 324.021
917 648.669 673.618
918 1041.53 572.278
919 342.337 8.80235
920 418.36 413.416
921 1088.35 952.894
922 440.425 288.312
923 536.255 773.606
924 738.967 171.613
925 202.569 30.0548
926 892.968 329.136
927 1033.23 132.03
928 763.773 232.816
929 140.536 435.186
930 1001.3 198.191
931 96.4495 880.09
932 722.009 558.414
933 500.2 158.732
934 388.807 582.25
935 704.833 200.321
936 936.855 211.329
937 402.915 62.0486
938 301.35 760.73
939 956.504 113.008
940 932.233 835.182
941 598.16 418.336
942 976.224 149.916
943 1037.27 416.488
944 404.571 1085.92
945 1075.17 908.808
946 786.305 441.294
947 272.466 859.52
948 437.382 1056.63
949 768.739 23.874
950 897.565 69.1695
951 385.212 265.416
952 448.484 553.456
953 665.719 629.847
954 851.998 142.127
955 217.772 799.678
956 963.291 705.168
957 802.286 511.209
958 914.381 544.908
959 295.421 713.091
960 1061.35 610.189
961 262.425 224.836
962 1088.7 859.286
963 674.948 702.904
964 54.8631 938.489
965 904.184 1075.6
966 49.5535 264.175
967 525.317 471.382
968 730.421 977.533
969 1093.42 141.023
970 765.319 1007.62
971 751.325 429.559
972 823.147 943.966
973 180.54 956.137
974 1090.64 807.668
975 238.332 187.182
976 1030.22 822.411
977 592.203 812.984
978 378.577 190.458
979 1022.44 732.391
980 279.854 477.6
981 1007.75 973.187
982 482.983 441.137
983 123.997 406.392
984 371.727 922.739
985 730.843 91.9127
986 636.795 1076.6
987 358.186 35.4038
988 1033.93 392.919
989 417.19 382.765
990 55.5712 493.29
991 1043.46 314.054
992 343.631 1058.38
993 633.959 413.756
994 39.6203 939.655
995 465.442 709.323
996 282.071 346.884
997 130.282 472.757
998 643.587 714.963
999 10.1631 95.891
1000 781.658 763.214
1001 1013.74 853.111
1002 75.6258 798.819
1003 1092.18 334.725
1004 399.397 390.02
1005 1062.22 469.577
1006 435.031 364.412
1007 455.143 242.578
1008 1086.68 255.659
1009 95.2699 923.852
1010 1085.77 1006.19
1011 103.443 849.935
1012 0.50147 420.266
1013 655.953 639.853
1014 289.449 961.562
1015 136.935 940.033
1016 853.094 931.441
1017 942.424 736.459
1018 597.385 96.9608
1019 17.2506 833.009
1020 82.6089 49.8127
1021 1091.56 1080.8
1022 264.576 1030.12
1023 1069.07 443.734
1024 492.812 844.246
1025 61.5909 410.871
1026 879.601 825.397
1027 535.069 574.829
1028 826.156 868.651
1029 790.841 74.1606
1030 424.411 336.363
1031 315.458 517.093
1032 14.0412 882.029
1033 665.752 219.687
1034 948.949 1092.75
1035 366.333 792.189
1036 840.004 596.459
1037 701.557 335.661
1038 663.67 198.626
1039 75.0868 186.757
1040 827.927 756.795
1041 992.701 452.47
1042 67.1207 604.74
1043 454.093 466.377
1044 203.304 1083.69
1045 607.631 278.015
1046 1043.73 533.708
1047 798.107 1009.39
1048 430.791 24.6154
1049 329.777 848.024
1050 757.454 1029.99
1051 500.622 274.18
1052 1041.82 28.1492
1053 129.033 172.282
1054 1021.13 888.338
1055 473.087 784.978
1056 43.2602 401.515
1057 920.554 499.899
1058 597.442 360.624
1059 739.736 866.641
1060 309.708 22.7333
1061 414.608 47.6162
1062 783.69 127.25
1063 725.36 282.428
1064 1013.77 560.844
1065 251.471 1088.2
1066 628.643 894.432
1067 745.72 200.856
1068 173.007 716.467
1069 74.1173 781.124
1070 452.159 1015.81
1071 130.683 1087.39
1072 298.334 876.002
1073 592.972 919.272
1074 712.014 191.595
1075 166.247 1054.13
1076 614.602 441.906
1077 177.821 706.939
1078 449.919 922.772
1079 980.379 778.559
1080 568.968 315.291
1081 590.341 869.459
1082 810.715 463.994
1083 1062.67 344.353
1084 895.099 164.482
1085 449.05 160.537
1086 817.173 741.049
1087 663.846 427.697
1088 737.395 666.421
1089 773.57 258.625
1090 170.51 437.115
1091 199.074 480.853
1092 781.057 330.613
1093 761.205 942.373
1094 864.23 898.873
1095 37.3428 506.117
1096 70.7742 803.489
1097 524.631 861.258
1098 581.364 552.43
1099 399.147 122.024
1100 119.441 614.244
1101 300.448 633.033
1102 156.833 1068.4
1103 889.786 308.882
1104 706.538 771.438
1105 947.968 871.799
1106 601.397 109.519
1107 897.13 636.566
1108 4.5801 676.894
1109 112.965 95.4898
1110 227.892 51.5177
1111 301.985 66.6052
1112 593.44 903.592
1113 534.277 596.783
1114 578.953 444.47
1115 626.242 83.956
1116 641.037 1009.1
1117 924.301 1012.47
1118 72.2786 822.154
1119 336.965 769.155
1120 716.372 1030.12
1121 807.902 25.6183
1122 680.696 957.584
1123 497.601 680.462
1124 877.617 417.367
1125 280.477 203.674
1126 640.101 973.698
1127 1045.9 760.262
1128 594.903 938.819
1129 67.2639 492.019
1130 556.857 901.811
1131 923.641 467.136
1132 213.849 926.617
1133 179.727 637.603
1134 198.315 136.968
1135 543.352 10.3303
1136 62.4267 543.661
1137 206.091 298.575
1138 564.187 214.907
1139 351.254 352.376
1140 157.332 177.062
1141 767.907 814.699
1142 932.379 915.427
1143 7.92323 864.802
1144 607.916 848.454
1145 537.877 591.267
1146 239.163 99.826
1147 290.686 962.723
1148 53.6204 1041.32
1149 654.252 847.084
1150 51.6106 298.552
1151 1016.65 626.403
1152 710.208 837.79
1153 733.356 783.039
1154 69.5948 902.951
1155 263.19 1034.43
1156 922.806 498.338
1157 966.701 11.9449
1158 212.356 8.86922
1159 91.3345 1005.38
1160 990.671 501.871
1161 552.52 130.75
1162 220.547 747.836
1163 350.127 254.657
1164 865.216 341.234
1165 690.357 191.438
1166 363.073 551.627
1167 71.2422 1085.76
1168 1033.96 122.837
1169 446.049 444.112
1170 352.567 165.385
1171 842.982 155.523
1172 395.326 976.195
1173 135.14 597.528
1174 943.767 266.816
1175 0.835784 474.692
1176 60.5107 264.275
1177 922.578 23.2348
1178 459.046 35.3803
1179 578.296 575.454
1180 805.194 846.348
1181 955.291 798.217
1182 210.918 495.854
1183 94.5146 84.9924
1184 764.316 371.934
1185 311.722 668.965
1186 227.5 987.839
1187 675.62 385.831
1188 944.67 907.327
1189 194.604 660.206
1190 1008.06 518.387
1191 665.217 457.953
1192 607.822 127.818
1193 609.749 948.915
1194 703.77 765.444
1195 1022.36 588.091
1196 864.777 845.522
1197 796.134 1071.07
1198 789.104 351.574
1199 611.102 887.679
1200 379.011 633.558
1201 204.667 68.2433
1202 957.244 19.5338
1203 157.495 907.126
1204 415.46 518.988
1205 968.111 490.281
1206 737.421 244.126
1207 1081.16 792.524
1208 783.084 410.47
1209 269.512 539.391
1210 44.8475 32.1316
1211 939.588 222.519
1212 37.9351 819.703
1213 996.479 412.075
1214 73.3818 154.988
1215 241.082 561.914
1216 878.637 69.614
1217 449.451 218.307
1218 781.7 388.439
1219 1084.01 345.747
1220 1050.15 26.4207
1221 966.3 380.348
1222 953.421 734.33
1223 394.891 155.332
1224 38.82 392.718
1225 341.434 497.659
1226 753.936 586.764
1227 58.5383 709.624
1228 467.103 526.377
1229 548.241 386.5
1230 1000.23 221.449
1231 1057.21 416.297
1232 576.982 852.499
1233 840.665 721.693
1234 1002.18 668.67
1235 934.507 781.09
1236 527.107 398.034
1237 705.144 601.397
1238 981.47 823.08
1239 270.928 721.95
1240 501.871 509.995
1241 58.0668 315.596
1242 437.449 723.956
1243 407.985 38.456
1244 788.103 1026.49
1245 979.037 431.976
1246 385.062 790.728
1247 220.105 758.591
1248 421.135 48.6525
1249 966.916 133.434
1250 913.244 1044.9
1251 114.302 679.235
1252 46.9438 210.761
1253 558.125 991.942
1254 624.297 677.252
1255 918.084 883.858
1256 136.758 518.864
1257 585.383 299.287
1258 593.914 807.176
1259 232.073 860.566
1260 540.685 1090.04
1261 222.224 262.403
1262 165.493 703.329
1263 57.9584 722.418
1264 125.097 292.401
1265 38.2455 967.614
1266 139.074 117.22
1267 848.547 817.798
1268 1034.87 1029.92
1269 489.541 812.225
1270 668.493 265.712
1271 247.994 138.071
1272 921.06 457.541
1273 341.228 266.816
1274 767.726 1.87216
1275 6.45225 467.347
1276 164.415 838.425
1277 156.459 752.516
1278 245.587 987.863
1279 916.286 654.118
1280 507.053 334.591
1281 66.4207 1021.14
1282 233.461 184.708
1283 668.452 164.449
1284 184.24 689.699
1285 293.669 367.387
1286 806.408 922.013
1287 601.564 640.244
1288 766.288 1084.18
1289 832.779 178.289
1290 493.764 501.675
1291 1060.18 151.989
1292 1018.22 1025.24
1293 419.792 326.992
1294 633.591 527.547
1295 76.0312 882.889
1296 562.416 490.739
1297 652.747 966.567
1298 663.186 504.613
1299 1091.02 854.382
1300 666.23 886.275
1301 972.296 85.427
1302 96.6835 653.917
1303 536.974 1072.69
1304 362.463 943.366
1305 292.524 933.637
1306 1091.83 283.602
1307 1088.5 598.832
1308 858.25 641.849
1309 496.861 452.861
1310 26.4442 703.228
1311 782.996 515.11
1312 196.342 470.417
1313 532.16 781.836
1314 599.458 371.299
1315 212.222 601.697
1316 895.793 763.415
1317 374.063 975.47
1318 71.6065 230.175
1319 790.506 976.874
1320 59.0344 354.315
1321 676.857 587.198
1322 372.219 299.421
1323 816.527 97.8969
1324 347.118 111.437
1325 105.309 214.974
1326 283.052 682.544
1327 497.225 80.4792
1328 753.063 923.541
1329 462.623 305.907
1330 635.719 1031.66
1331 535.643 178.089
1332 579.942 468.784
1333 57.7599 540.261
1334 889.541 1021.36
1335 711.073 994.325
1336 140.752 2.47392
1337 168.449 872.926
1338 738.792 728.212
1339 431.164 987.796
1340 1062.11 770.559
1341 699.996 933.504
1342 23.2724 1000.58
1343 282.485 997.959
1344 834.714 309.909
1345 1079.62 701.557
1346 875.801 807.979
1347 3.17598 60.7881
1348 857.436 775.617
1349 1029.09 1025.77
1350 554.526 3.47686
1351 1024.07 681.331
1352 818.555 872.792
1353 290.745 42.1668
1354 207.007 1059.64
1355 658.39 991.975
1356 555.285 303.323
1357 404.218 671.669
1358 218.435 254.422
1359 186.404 902.523
1360 261.207 1016.29
1361 938.749 226.802
1362 852.934 163.723
1363 215.465 920.9
1364 174.823 620.83
1365 939.688 241.652
1366 866.631 38.5463
1367 614.59 588.592
1368 602.232 666.153
1369 1015.48 778.091
1370 511.323 997.023
1371 375.828 875.901
1372 522.656 111.326
1373 114.97 920.108
1374 472.159 915.461
1375 292.983 683.872
1376 724.959 153.951
1377 271.803 305.329
1378 1.6047 1060.11
1379 213.693 513.673
1380 72.8135 220.179
1381 223.021 243.591
1382 988.665 493.514
1383 1094.93 203.363
1384 678.914 79.5097
1385 1014.66 715.966
1386 477.868 333.02
1387 253.113 343.651
1388 73.8164 1077.74
1389 1085.76 57.9799
1390 815.784 828.964
1391 180.73 224.602
1392 853.469 1084.42
1393 180.763 607.926
1394 480.991 1055.4
1395 6.85343 975.37
1396 526.884 63.7202
1397 33.097 12.2359
1398 223.459 1026.05
1399 1.43755 263.349
1400 742.969 794.329
1401 531.297 1028.86
1402 813.285 1029.32
1403 710.951 835.082
1404 736.125 567.407
1405 975.293 1006.12
1406 215.904 732.18
1407 713.703 98.1644
1408 11.1995 1032.53
1409 355.484 1025.07
1410 882.721 345.891
1411 846.305 239.368
1412 1035.86 179.403
1413 32.047 583.945
1414 365.371 148.268
1415 680.553 405.031
1416 997.816 554.894
1417 298.609 648.669
1418 341.301 616.441
1419 202.282 699.327
1420 228.236 488.475
1421 952.961 376.347
1422 184.248 272.743
1423 968.328 406.034
1424 242.6 778.115
1425 974.465 33.5416
1426 872.564 602.744
1427 1023.9 886.977
1428 319.547 559.35
1429 759.148 449.585
1430 644.155 920.709
1431 957.915 454.7
1432 1044.03 599.825
1433 167.718 129.212
1434 105.643 746.967
1435 1038.44 640.187
1436 872.264 383.066
1437 264.743 302.363
1438 110.68 671.612
1439 930.161 1025.21
1440 195.206 829.766
1441 933.102 358.461
1442 556.632 252.684
1443 360.666 723.732
1444 711.795 175.08
1445 880.849 90.5754
1446 873.05 27.5474
1447 880.548 555.405
1448 947.067 862.773
1449 331.769 440.964
1450 494.824 774.347
1451 695.18 121.523
1452 544.496 937.692
1453 746.243 1039.93
1454 257.194 167.023
1455 207.107 889.986
1456 968.829 989.21
1457 726.055 488.265
1458 695.539 142.083
1459 172.84 1064.99
1460 398.468 11.9115
1461 932.324 417.166
1462 600.884 620.62
1463 574.217 983.895
1464 1009.64 887.101
1465 0.167157 914.381
1466 83.3444 679.927
1467 872.959 674.354
1468 407.737 352.443
1469 813.619 462.824
1470 342.046 255.927
1471 496.879 882.421
1472 486.627 894.69
1473 451.931 185.52
1474 358.284 73.4487
1475 863.139 539.114
1476 238.065 938.853
1477 640.5 1050.45
1478 436.736 241.418
1479 1065.46 92.0031
1480 1066.73 1021.9
1481 743.346 230.352
1482 121.163 154.162
1483 89.1519 830.946
1484 829.057 945.439
1485 752.774 437.593
1486 137.704 1006.63
1487 555.651 732.815
1488 111.315 628.085
1489 691.766 143.354
1490 309.541 581.816
1491 653.288 738.408
1492 154.544 387.346
1493 541.889 350.398
1494 552.085 206.315
1495 140.144 317.33
1496 644.122 568.042
1497 975.15 519.389
1498 1016.12 948.758
1499 644.423 903.927
1500 989.869 302.998
1501 923.073 285.809
1502 362.897 301.919
1503 289.516 406.067
1504 593.808 383.257
1505 640.165 404.864
1506 131.72 824.695
1507 436.313 820.907
1508 576.129 149.013
1509 396.329 216.6
1510 15.7462 363.031
1511 522.565 102.2
1512 796.591 1010.2
1513 587.957 510.941
1514 486.185 947.254
1515 735.63 854.114
1516 917.39 1060.92
1517 905.404 967.741
1518 776.042 956.27
1519 1083.83 751.102
1520 174.177 367.822
1521 79.132 308.982
1522 262.403 961.061
1523 399.906 1086.59
1524 798.708 779.084
1525 69.4807 71.3425
1526 502.143 910.747
1527 450.279 105.987
1528 52.8215 861.994
