1 244.402 418.679
2 400.64 1105.87
3 853.604 376.502
4 340.621 201.385
5 216.663 164.048
6 686.937 129.655
7 915.244 1168.97
8 172.172 799.639
9 660.416 449.278
10 62.3619 50.4457
11 714.111 190.717
12 446.376 424.365
13 1008.44 238.093
14 538.292 693.215
15 698.449 861.135
16 689.917 146.895
17 338.134 416.743
18 1030.04 926.149
19 411.329 680.926
20 143.393 848.476
21 454.914 228.235
22 472.68 771.02
23 624.161 617.192
24 200.772 358.139
25 1085.14 873.501
26 890.978 832.549
27 771.526 326.468
28 570.818 76.6254
29 161.176 192.558
30 1095.48 759.738
31 787.126 343.815
32 317.804 320.837
33 858.84 525.348
34 254.142 13.2721
35 350.947 371.736
36 844.684 525.817
37 475.135 358.809
38 969.481 24.3742
39 89.6064 295.091
40 590.362 240.348
41 859.855 164.228
42 979.231 396.488
43 150 302.204
44 827.431 261.456
45 376.447 651.155
46 204.238 608.862
47 1052.74 1126.38
48 746.566 727.869
49 653.345 933.66
50 908.862 314.879
51 225.3 840.082
52 92.3693 1056.83
53 468.527 1083.57
54 1057.23 708.367
55 275.041 401.76
56 554.746 827.135
57 475.9 805.561
58 375.147 332.52
59 138.115 293.969
60 637.125 500.593
61 1061.71 935.393
62 430.982 615.459
63 1128.16 120.752
64 1097.27 961.354
65 556.022 965.312
66 374.246 114.524
67 590.693 44.5597
68 362.833 743.127
69 422.992 496.296
70 775.895 1046.9
71 942.687 851.004
72 1072.63 103.058
73 279.595 588.34
74 960.922 757.154
75 733.466 366.841
76 333.649 876.229
77 938.787 978.256
78 219.729 797.742
79 68.1757 266.456
80 51.0956 945.034
81 817.421 647.652
82 6.89701 974.392
83 490.049 1096.48
84 1180.59 456.342
85 776.142 5.12762
86 692.56 1020.09
87 650.278 421.837
88 645.09 524.425
89 720.173 419.959
90 639.688 481.274
91 718.468 691.093
92 768.799 45.8072
93 578.603 67.5815
94 518.964 387.28
95 136.235 144.099
96 486.329 208.499
97 1076.91 27.4272
98 165.709 431.045
99 837.328 444.353
100 1088.49 579.996
101 1170.32 593.776
102 326.579 104.991
103 907.36 654.06
104 627.739 855.646
105 826.448 297.169
106 1150.46 53.7317
107 917.699 283.283
108 1005.74 454.48
109 847.646 274.689
110 254.692 908.924
111 932.706 957.223
112 1142.59 724.15
113 973.582 810.436
114 336.978 915.566
115 1028.25 423.987
116 1013.07 686.668
117 911.065 970.367
118 875.438 382.008
119 1151.85 1007.24
120 718.642 893.433
121 341.954 1101.34
122 560.427 289.08
123 655.613 358.836
124 627.447 578.502
125 241.792 221.374
126 101.641 599.823
127 647.885 877.039
128 629.072 916.094
129 549.521 1003.39
130 412.04 997.969
131 66.3154 433.592
132 1151.67 689.231
133 473.402 1158.18
134 66.1535 97.4247
135 817.097 942.904
136 551.833 9.67748
137 73.5922 238.543
138 564.796 1079.62
139 1014.22 620.333
140 276.374 456.053
141 262.482 784.887
142 357.563 65.9565
143 982.986 641.963
144 14.0829 622.681
145 825.242 533.345
146 102.476 187.214
147 287.291 303.721
148 42.7903 788.437
149 482.11 210.63
150 727.601 958.92
151 574.438 1138.55
152 356.849 540.169
153 965.292 977.589
154 979.592 793.789
155 286.505 946.082
156 581.949 311.432
157 397.289 75.5421
158 867.758 1150.46
159 921.31 667.601
160 492.829 180.333
161 702.411 389.502
162 44.8125 201.816
163 300.507 555.985
164 1083.76 1155.11
165 795.169 1181
166 952.509 706.006
167 859.055 668.288
168 1071.47 326.976
169 20.1494 85.8531
170 918.359 1083.02
171 247.795 891.05
172 127.109 424.565
173 364.639 875.723
174 492.757 885.128
175 92.307 492.74
176 395.714 1116.3
177 862.812 670.618
178 965.328 89.0111
179 1098.87 814.714
180 282.639 966.215
181 353.61 662.149
182 571.508 522.026
183 365.739 492.829
184 742.845 854.615
185 943.109 239.934
186 1068.31 804.819
187 1053.33 909.991
188 188.107 469.052
189 667.096 917.446
190 950.451 106.761
191 136.069 62.7953
192 474.112 173.456
193 914.883 1171.91
194 90.9249 1034.86
195 1037.48 601.554
196 374.569 701.817
197 608.706 728.864
198 1121.77 617.3
199 979.483 139.657
200 608.052 280.017
201 285.847 1012.81
202 340.545 928.893
203 277.866 889.084
204 1154.97 862.054
205 1004.33 1043.98
206 819.634 483.027
207 609.681 440.145
208 734.26 921.077
209 167.871 1121.94
210 525.128 16.2134
211 229.968 927.377
212 151.915 787.001
213 888.565 1032.2
214 372.294 180.117
215 113.999 51.8736
216 529.743 728.447
217 883.651 109.23
218 145.415 84.206
219 778.747 753.13
220 752.279 991.436
221 256.64 650.758
222 286.208 833.057
223 263.432 852.557
224 709.272 1047.17
225 1013.72 271.583
226 626.761 895.656
227 990.171 431.695
228 563.806 779.779
229 1075.78 677.949
230 556.476 256.02
231 458.164 1119.32
232 776.255 1106.61
233 822.332 545.333
234 884.369 468.583
235 333.244 671.682
236 955.867 349.834
237 624.301 178.889
238 1070.37 1101.43
239 1127.51 284.186
240 1000.1 386.269
241 863.158 138.574
242 1165.02 583.124
243 5.38039 359.386
244 741.04 777.954
245 864.996 605.043
246 743.5 167.803
247 57.1982 968.734
248 545.597 542.733
249 915.027 61.8203
250 310.185 945.034
251 817.159 815.469
252 1076.74 658.754
253 605.943 1169.35
254 610.955 1067.36
255 222.83 511.787
256 321.656 519.751
257 71.5339 558.26
258 1041.74 42.7017
259 131.404 769.576
260 866.844 46.618
261 859.057 402.935
262 93.9943 504.673
263 1049.15 940.124
264 1005.88 377.983
265 766.218 588.159
266 1066.04 1136.09
267 82.6558 149.929
268 536.579 707.936
269 496.007 665.31
270 185.064 252.517
271 435.016 301.444
272 100.747 1109.92
273 1133.39 264.795
274 940.939 84.4087
275 324.809 255.984
276 1092.65 603.506
277 793.894 25.9992
278 534.789 1093.84
279 86.6279 908.888
280 349.093 151.445
281 692.563 675.06
282 242.007 990.028
283 835.281 1091.71
284 691.542 1156.24
285 69.2951 1135.98
286 513.519 139.348
287 717.19 717.686
288 79.1191 1095.89
289 850.028 271.964
290 357.352 279.994
291 55.8249 1118.25
292 155.836 193.875
293 321.415 1115.2
294 1168.56 294.93
295 726.569 457.586
296 948.97 1053.83
297 377.385 558.694
298 921.635 891.539
299 639.219 315.674
300 1160.79 351.567
301 94.2241 700.425
302 3.10546 1158.44
303 1095.38 69.3148
304 1033.9 497.651
305 1158.33 1027.65
306 155.416 351.659
307 856.204 1091.52
308 761.885 705.481
309 730.577 243.451
310 269.437 187.375
311 1054.95 199.925
312 169.356 380.094
313 319.147 745.835
314 942.22 929.507
315 942.796 39.5962
316 122.305 446.7
317 889.606 380.98
318 782.901 871.081
319 236.593 118.296
320 335.375 470.802
321 1047.44 361.93
322 881.048 677.026
323 110.397 12.6024
324 673.596 762.763
325 116.031 986.669
326 162.179 496.404
327 921.815 626.978
328 985.148 717.542
329 439.815 60.6845
330 788.209 1034.15
331 626.364 336.148
332 105.622 1149.53
333 538.942 455.656
334 282.777 131.476
335 1012.7 63.8983
336 113.015 35.263
337 79.6947 763.146
338 258.275 132.09
339 426.66 979.359
340 260.895 148.484
341 675.979 830.008
342 1106.64 1160.9
343 789.364 358.031
344 695.876 247.137
345 1129.34 503.068
346 607.496 606.937
347 658.606 1007.36
348 165.257 256.092
349 444.936 829.841
350 990.569 1063.78
351 391.216 160.962
352 1005.27 1163.93
353 752.332 517.312
354 1161.58 176.236
355 141.876 230.923
356 525.256 430.142
357 1028.86 39.7932
358 862.018 1162.54
359 1142.05 522.8
360 678.578 108.222
361 925.499 772.212
362 594.407 36.4547
363 574.047 724.33
364 487.087 573.627
365 689.14 231.501
366 684.898 372.113
367 273.24 337.287
368 269.943 467.514
369 988.98 842.663
370 601.195 803.07
371 78.5753 718.897
372 952.141 576.024
373 1176.07 787.198
374 175.495 189.864
375 877.437 538.672
376 850.896 476.796
377 806.111 925.968
378 858.479 24.0689
379 249.412 92.6057
380 190.382 755.71
381 541.602 1056.76
382 1109.48 1160.96
383 1181.18 1101.11
384 391.504 312.421
385 461.362 772.898
386 793.517 973.97
387 275.387 21.5577
388 163.398 69.9647
389 655.613 650.411
390 834.393 252.662
391 281.188 1130.53
392 777.56 727.325
393 516.192 637.233
394 188.601 97.4083
395 669.587 479.624
396 1119.08 1121.42
397 18.8133 474.846
398 66.6218 863.751
399 297.862 1164.31
400 478.818 812.258
401 1130.24 339.145
402 645.451 349.472
403 550.554 955.995
404 794.889 723.68
405 832.378 87.2056
406 686.812 542.589
407 872.056 590.418
408 328.818 429.584
409 698.223 322.462
410 499.943 938.518
411 936.522 982.645
412 183.24 215.793
413 54.8138 791.423
414 574.943 261.528
415 756.721 523.306
416 789.581 778.423
417 997.647 196.402
418 931.349 736.933
419 507.416 1160.65
420 513.665 1031.65
421 75.5421 1084.8
422 603.217 999.689
423 422.875 1059.67
424 751.545 1096.79
425 1046.96 515.867
426 483.441 193.55
427 352.754 435.414
428 889.028 999.652
429 25.3492 232.351
430 63.4814 891.575
431 1099.08 10.1469
432 346.204 972.37
433 963.941 384.716
434 122.575 945.487
435 843.655 1094.96
436 545.622 1103.85
437 96.4498 811.211
438 883.07 161.12
439 952.276 340.987
440 748.813 958.09
441 122.088 685.801
442 985.839 816.736
443 1179.08 368.811
444 254.25 945.993
445 1146.56 1045.35
446 620.225 831.452
447 1072.08 92.1642
448 451.71 1174.86
449 1087.63 307.532
450 1079 475.28
451 237.098 1018.37
452 585.09 189.975
453 532.74 872.654
454 657.093 1120.96
455 561.231 809.786
456 943.265 1070.9
457 503.951 608.798
458 590.95 947.329
459 843.927 80.5253
460 826.467 845.679
461 789.661 609.392
462 1145.26 90.0944
463 232.512 338.603
464 995.444 433.376
465 419.995 1035.24
466 472.86 315.729
467 979.277 661.302
468 406.454 63.6258
469 527.31 68.1034
470 182.904 701.292
471 822.658 979.7
472 961.053 1107.13
473 119.895 774.759
474 175.797 536.072
475 123.46 841.888
476 857.071 185.461
477 194.705 677.423
478 533.597 867.831
479 14.2273 1069.25
480 879.48 687.373
481 174.483 326.001
482 506.19 989.325
483 1004.27 253.059
484 1181.78 108.855
485 965.437 368.053
486 1017.25 530.636
487 753.579 826.288
488 168.814 1102.65
489 848.069 1070.95
490 329.914 783.787
491 182.608 710.356
492 610.8 395.513
493 960.074 632.539
494 361.75 936.929
495 1095.38 646.208
496 963.27 415.826
497 188.873 864.746
498 474.269 118.569
499 830.678 27.1884
500 1166.6 108.98
501 468.744 278.081
502 860.074 1121.94
503 723.401 145.976
504 579.222 705.734
505 728.273 95.9442
506 642.706 991.672
507 881.12 135.304
508 816.471 678.904
509 473.762 599.787
510 952.634 499.882
511 232.552 959.37
512 9.53304 649.763
513 351.277 171.992
514 65.788 761.435
515 618.604 290.794
516 62.0906 897.694
517 510.999 744.752
518 1066.58 154.462
519 1030.94 1124.23
520 551.147 373.124
521 286.92 508.151
522 1070.59 970.673
523 840.755 59.5093
524 228.444 148.629
525 539.014 781.601
526 1036.78 800.92
527 691.18 962.909
528 718.79 1057.7
529 733.574 194.705
530 90.5638 1119.18
531 830.132 799.367
532 60.5564 449.461
533 47.2319 3.46656
534 484.957 793.3
535 128.01 972.55
536 787.948 261.653
537 413.105 363.447
538 167.225 1114.12
539 1143.45 399.324
540 792.506 885.272
541 70.4243 407.573
542 384.644 458.236
543 209.546 1065.26
544 364.747 233.451
545 954.783 839.991
546 957.13 89.1917
547 707.72 971.286
548 363.468 335.751
549 995.625 832.897
550 146.679 651.624
551 1072.97 499.493
552 1032.85 1076.84
553 439.567 624.125
554 705.228 419.668
555 1098.49 654.622
556 1011.23 960.165
557 384.752 948.737
558 1001.62 739.713
559 490.741 848.279
560 961.713 746.682
561 624.558 60.412
562 547.95 1153.05
563 267.415 872.201
564 351.278 523.831
565 401.76 1065.89
566 437.46 1017.44
567 989.817 294.982
568 565.194 1157.33
569 497.505 103.583
570 712.987 187.972
571 626.725 458.597
572 145.883 738.108
573 197.751 606.792
574 897.412 847.485
575 215.468 295.774
576 306.631 1066.31
577 1139.02 880
578 936.296 193.497
579 477.243 756.596
580 363.171 650.702
581 1070.89 613.962
582 607.298 952.673
583 1173.08 185.444
584 533.308 88.65
585 694.937 606.776
586 1016.57 253.49
587 32.0657 709.67
588 305.996 606.667
589 707.106 279.728
590 678.326 940.918
591 583.393 200.735
592 366.083 360.484
593 148.34 446.861
594 524.409 519.55
595 589.613 1121.11
596 1062.46 742.838
597 865.114 577.868
598 396.199 659.657
599 180.767 731.925
600 319.646 463.203
601 265.661 571.729
602 466.807 410.987
603 530.022 555.408
604 948.79 461.325
605 433.954 1091.26
606 1047.63 910.297
607 337.123 190.408
608 269.896 1176.92
609 467.552 930.466
610 112.627 14.2634
611 527.115 1108.63
612 30.8379 743.019
613 549.847 995.336
614 2.56381 331.381
615 553.802 136.263
616 497.018 647.019
617 339.362 969.356
618 1054.15 1058.6
619 319.6 80.1617
620 910.686 257.681
621 442.167 985.822
622 619.142 1111.72
623 520.73 554.866
624 414.904 151.14
625 830.169 75.5257
626 565.988 500.215
627 707.828 807.006
628 335.245 721.514
629 86.9517 114.577
630 331.521 1182.08
631 1134.79 768.44
632 911.09 917.263
633 779.723 758.635
634 25.7825 522.114
635 23.5798 1035.69
636 267.25 770.065
637 258.728 1126.22
638 366.047 701.906
639 465.133 989.558
640 395.838 545.369
641 586.318 315.637
642 141.479 1041.77
643 429.802 257.103
644 912.476 1111.25
645 19.0661 1174.64
646 280.43 372.475
647 317.443 1139.52
648 133.824 1013.57
649 1104.64 193.838
650 815.857 857.251
651 1171.07 484.724
652 340.046 1074.99
653 991.905 218.557
654 535.944 212.76
655 194.886 762.965
656 979.168 507.706
657 477.112 480.082
658 416.456 335.642
659 967.429 539.303
660 830.283 83.6865
661 539.035 621.92
662 469.515 964.026
663 822.898 278.877
664 1036.36 552.447
665 781.763 403.421
666 137.326 664.01
667 696.778 1075.17
668 654.19 643.55
669 458.741 691.253
670 933.01 1075.39
671 660.127 383.127
672 76.8782 892.747
673 1135.28 181.055
674 915.181 855.048
675 149.191 132.652
676 848.23 743.107
677 997.84 326.073
678 813.486 306.702
679 285.124 489.563
680 294.982 752.893
681 434.856 44.1822
682 810.448 503.12
683 782.091 340.14
684 660.736 698.837
685 181.092 483.605
686 547.74 906.686
687 1071.96 388.527
688 791.134 650.016
689 498.318 345.953
690 692.841 78.7198
691 1029.81 757.479
692 990.518 1086.98
693 295.022 423.279
694 486.837 758.779
695 604.286 145.74
696 1120.35 1058.67
697 1094.57 718.681
698 762.932 1152.11
699 1063.74 305.996
700 653.952 267.286
701 678.73 166.575
702 983.78 860.501
703 521.067 976.412
704 348.413 247.57
705 614.363 834.755
706 1099.8 252.264
707 240.329 981.995
708 907.245 357.994
709 99.3593 661.716
710 980.531 571.693
711 973.85 1002.85
712 447.908 534.283
713 844.456 207.994
714 1086.51 402.337
715 294.156 703.492
716 1022.78 895.8
717 1144.61 468.691
718 588.159 1110.22
719 542.805 167.153
720 1071.37 725.83
721 1140.46 846.077
722 416.163 634.814
723 854.651 1010.45
724 1131.41 844.107
725 492.324 669.696
726 1171.84 1025.72
727 788.991 891.214
728 525.545 356.584
729 75.5848 824.555
730 815.159 144.693
731 133.643 39.3435
732 114.825 167.334
733 1064.88 801.084
734 770.443 845.876
735 313.074 860.115
736 548.701 283.319
737 993.061 504.132
738 288.447 809.678
739 663.506 50.9512
740 110.497 560.808
741 325.82 26.9356
742 960.778 1024.46
743 169.32 39.2992
744 614.195 535.222
745 336.02 1093.07
746 700.1 768.007
747 426.676 361.894
748 433.609 377.241
749 678.001 529.372
750 492.432 157.837
751 770.082 1127.86
752 954.588 251.237
753 994.433 1042.41
754 851.328 216.335
755 652.724 581.479
756 1055.63 178.656
757 1084.51 958.323
758 194.787 604.32
759 933.082 550.894
760 574.892 760.099
761 80.0514 816.25
762 472.581 710.608
763 1182.55 248.701
764 1120.72 550.75
765 245.512 273.93
766 499.939 1130.78
767 96.2594 646.944
768 323.69 926.277
769 505.901 427.431
770 758.905 541.814
771 234.895 582.835
772 337.155 46.3652
773 654.385 300.11
774 173.266 1078.24
775 894.228 170.006
776 565.446 852.232
777 881.661 1133.89
778 1000.57 318.815
779 570.544 416.946
780 55.1607 363.339
781 46.5458 874.006
782 878.122 1001.44
783 665.327 284.474
784 618.6 720.486
785 702.695 1180.38
786 1028.02 778.098
787 1116.63 228.107
788 699.306 500.649
789 885.236 814.192
790 273.822 709.995
791 241.047 736.283
792 838.68 106.236
793 917.735 206.98
794 678.391 99.1219
795 506.514 230.165
796 100.927 551.903
797 325.405 539.033
798 1126.23 517.548
799 453.036 38.8905
800 903.551 1174.35
801 1134.29 928.966
802 937.957 464.952
803 1007.4 1175.65
804 254.25 1034.84
805 607.066 395.28
806 194.81 364.241
807 561.683 1092.78
808 566.132 807.564
809 607.803 366.681
810 435.811 442.295
811 89.2639 973.886
812 863.354 727.58
813 360.339 680.962
814 109.885 844.179
815 365.253 804.803
816 795.214 1174.42
817 175.675 584.007
818 1026.17 448.289
819 47.8096 448.375
820 744.259 221.013
821 993.205 1135.95
822 711.547 1118.15
823 86.664 228.74
824 450.4 893.686
825 197.748 363.647
826 605.745 897.442
827 815.478 554.902
828 113.257 583.176
829 153.684 807.022
830 1134.6 986.994
831 736.463 491.116
832 387.135 1155.81
833 202.634 615.784
834 47.9825 886.97
835 1080.52 100.947
836 1138.15 24.302
837 712.811 882.078
838 282.813 447.944
839 534.983 253.692
840 717.469 622.789
841 384.21 896.847
842 954.64 688.132
843 964.787 79.1531
844 574.934 1021.46
845 181.604 418.859
846 189.902 308.921
847 854.014 14.7165
848 781.276 693.528
849 213.684 342.684
850 1177.46 534.789
851 586.607 1051.31
852 203.078 118.063
853 600.834 412.035
854 71.0645 870.343
855 859.995 714.384
856 914.026 515.201
857 75.1525 839.338
858 440.795 308.58
859 1025.73 959.368
860 667.892 1096.97
861 989.369 117.016
862 357.742 279.633
863 1135.24 777.954
864 498.246 368.847
865 637.045 741.446
866 219.042 1031.03
867 344.092 468.527
868 829.843 1013.97
869 414.61 1139.76
870 160.571 391.252
871 839.268 413.893
872 1086.37 439.406
873 923.548 51.9623
874 1130.93 325.026
875 20.4021 390.891
876 790.375 379.969
877 322.029 396.488
878 53.9844 512.69
879 1133.06 1093.23
880 984.9 158.487
881 48.1083 173.095
882 993.774 913.566
883 632.466 1135.15
884 318.425 106.269
885 229.407 661.138
886 160.87 12.133
887 121.041 562.63
888 481.259 672.043
889 1107.67 638.155
890 257.248 385.727
891 111.616 245.62
892 710.179 1000.93
893 629.244 763.618
894 924.37 700.676
895 383.192 601.287
896 865.845 403.493
897 339.181 569.743
898 769.052 446.7
899 472.138 326.037
900 832.913 620.873
901 1075.68 1129.76
902 327.932 492.143
903 125.013 391.069
904 413.351 846.654
905 900.078 600.942
906 1133.02 720.703
907 977.714 149.243
908 16.8995 218.427
909 536.193 760.368
910 389.049 808.214
911 245.765 480.877
912 43.0135 1002.23
913 1108.59 59.9541
914 11.6635 138.299
915 157.259 128.174
916 623.439 552.772
917 867.362 131.857
918 4.47764 253.384
919 233.92 621.056
920 413.965 119.416
921 169.846 820.924
922 106.958 339.72
923 1170.61 660.796
924 195.066 529.481
925 211.027 908.691
926 305.414 542.805
927 150.001 287.219
928 836.813 1017.87
929 446.929 1126.76
930 493.181 589.387
931 897.55 1152.87
932 890.857 647.508
933 644.924 37.3213
934 687.679 125.719
935 23.2909 922.249
936 840.372 195.989
937 291.046 980.334
938 359.728 1154.46
939 517.346 516.176
940 1150.29 142.221
941 1038.38 775.734
942 621.85 607.551
943 863.678 935.954
944 365.072 6.10259
945 694.539 108.222
946 523.089 623.8
947 366.95 444.008
948 700.528 50.1404
949 255.439 1125.37
950 223.485 327.032
951 517.709 464.122
952 412.839 129.596
953 848.991 121.149
954 873.501 547.844
955 853.207 324.087
956 323.1 920.805
957 989.66 18.1609
958 3.93599 100.422
959 397.52 788.209
960 245.399 385.907
961 7.5831 54.5983
962 298.142 648.102
963 65.9467 381.971
964 517.993 1047.35
965 1010.97 258.872
966 552.519 593.465
967 383.416 597.893
968 54.5359 972.101
969 112.844 471.199
970 863.794 1131.72
971 946.334 444.153
972 909.213 402.951
973 66.369 1037.62
974 252.491 74.4227
975 658.393 18.5605
976 935.883 719.528
977 689.996 1163.59
978 217.924 642.525
979 18.6328 720.611
980 184.915 175.839
981 644.094 972.478
982 403.421 116.836
983 310.835 1159.74
984 543.564 479.288
985 1153.71 667.24
986 934.779 209.257
987 207.055 199.074
988 777.559 1035.51
989 544.26 3.43045
990 244.753 862.27
991 992.615 222.799
992 7.07756 305.924
993 398.871 601.448
994 354.997 92.2807
995 665.134 153.251
996 561.077 674.027
997 33.5462 533.814
998 919.651 799.098
999 686.054 515.995
1000 977.446 641.53
1001 233.632 1015.54
1002 1017.47 477.193
1003 851.618 252.031
1004 224.17 240.456
1005 1074.16 688.673
1006 1011.89 73.2146
1007 851.515 1002.81
1008 53.8761 78.467
1009 603.253 18.705
1010 343.623 1090.94
1011 446.319 94.1945
1012 536.218 537.806
1013 961.991 1133.4
1014 1038.68 10.7444
1015 272.089 529.067
1016 531.07 1049.92
1017 822.044 509.243
1018 723.933 363.322
1019 638.388 290.902
1020 186.832 1062.14
1021 129.057 674.932
1022 930.184 1060.37
1023 413.819 542.825
1024 656.792 779.579
1025 806.336 424.545
1026 925.137 1040.58
1027 931.999 614.195
1028 409.999 376.555
1029 993.439 535.314
1030 1132.66 283.497
1031 579.247 108.675
1032 858.695 742.313
1033 189.143 908.15
1034 580.757 1025.23
1035 885.651 227.657
1036 619.202 1004
1037 757.33 84.3529
1038 1.76939 64.4563
1039 551.002 9.48051
1040 842.239 38.3849
1041 835.513 548.511
1042 1013.49 630.336
1043 863.39 772.248
1044 756.757 83.556
1045 225.745 1010.43
1046 373.522 1005.23
1047 598.608 230.165
1048 96.72 274.58
1049 715.482 711.134
1050 435.92 1013.82
1051 663.484 862.415
1052 892.603 450.528
1053 338.748 501.893
1054 785.713 1066.35
1055 71.6236 940.915
1056 752.496 15.7801
1057 701.581 1020.74
1058 1175.75 756.993
1059 279.107 182.064
1060 604.806 1035.45
1061 308.425 363.358
1062 1024.84 551.419
1063 478.825 913.583
1064 30.0796 1149.53
1065 808.539 912.411
1066 606.813 560.194
1067 96.5942 809.569
1068 3.71933 1117.06
1069 195.066 1153.34
1070 1178.98 706.873
1071 652.074 981.65
1072 156.14 198.497
1073 739.641 1049.07
1074 406.057 884.259
1075 1120.75 212.471
1076 1170.6 1139.38
1077 1104.57 419.418
1078 125.41 950.848
1079 60.505 156.501
1080 1152.16 219.93
1081 71.2078 466.2
1082 97.8569 1005.41
1083 212.997 268.606
1084 270.933 1107.85
1085 919.794 429.765
1086 340.553 777.648
1087 765.256 264.345
1088 1056.75 985.73
1089 539.71 1171.66
1090 473.763 302.888
1091 693.167 795.92
1092 144.945 1178.19
1093 926.907 52.3595
1094 905.132 30.2602
1095 153.829 876.987
1096 996.166 1074.8
1097 1080.66 69.3673
1098 772.533 584.46
1099 773.476 604.501
1100 695.04 1067.66
1101 295.014 995.608
1102 448.45 1093.12
1103 43.5486 996.672
1104 770.853 298.413
1105 366.083 1099.71
1106 59.6996 552.374
1107 722.272 164.356
1108 49.6873 327.662
1109 273.649 226.699
1110 715.789 849.652
1111 610.897 573.049
1112 611.038 144.315
1113 292.996 790.231
1114 438.267 635.861
1115 464.723 412.882
1116 1057.7 351.17
1117 995.516 905.911
1118 1112.31 1026.57
1119 94.676 131.26
1120 673.451 156.067
1121 360.703 52.3431
1122 866.784 1050.98
1123 649.459 1159.26
1124 553.963 536.053
1125 41.9915 933.804
1126 230.018 493.138
1127 300.04 561.927
1128 132.775 880.526
1129 784.995 837.519
1130 649.041 1055.15
1131 618.466 86.4473
1132 581.131 120.316
1133 1073.46 926.221
1134 1002.16 415.898
1135 399.633 1069.29
1136 446.356 865.556
1137 1145.72 158.27
1138 1062.56 1095.09
1139 476.673 154.406
1140 328.131 729.819
1141 292.816 1074.91
1142 26.8658 248.637
1143 798.03 1155.84
1144 186.003 0.86664
1145 905.959 771.076
1146 475.459 188.422
1147 1125.66 1130.86
1148 471.56 408.424
1149 1115.91 927.627
1150 790.123 739.913
1151 721.635 1107.78
1152 1027.88 874.945
1153 1066.26 427.093
1154 392.985 675.746
1155 609.609 324.557
1156 331.196 587.762
1157 458.525 856.601
1158 219.876 572.018
1159 647.199 202.416
1160 296.242 156.573
1161 781.853 774.832
1162 220.606 297.149
1163 244.934 50.2487
1164 165.588 709.345
1165 812.078 1073.22
1166 1113.63 11.1416
1167 74.3209 689.917
1168 597.702 912.933
1169 93.3574 1024.42
1170 512.082 977.337
1171 265.162 260.209
1172 481.587 1050.22
1173 711.511 567.36
1174 186.11 325.479
1175 1099.39 8.54165
1176 197.315 970.078
1177 215.009 505.343
1178 323.473 302.982
1179 663.557 212.455
1180 927.051 209.618
1181 545.189 583.088
1182 1050.1 590.743
1183 615.278 739.769
1184 288.735 824.969
1185 749.427 1123.83
1186 975.763 902.047
1187 527.603 397.427
1188 528.722 693.565
1189 357.092 133.101
1190 884.784 826.866
1191 552.128 31.7768
1192 145.559 1148.73
1193 378.601 744.443
1194 811.993 160.401
1195 100.031 326.382
1196 129.779 62.2733
1197 796.153 402.466
1198 921.057 585.579
1199 226.374 508.97
1200 276.53 14.1912
1201 43.2083 181.833
1202 967.197 400.841
1203 1044.08 1043.72
1204 716.783 671.246
1205 885.85 1025
1206 1128.22 733.069
1207 8.55807 561.98
1208 869.926 0
1209 824.824 454.428
1210 233.481 778.398
1211 632.683 147.746
1212 436.799 730.322
1213 891.194 1034.21
1214 621.224 261.653
1215 469.003 618.981
1216 438.303 0.57776
1217 241.777 700.77
1218 128.77 1066.65
1219 211.749 823.147
1220 444.008 60.7206
1221 963.956 1162.98
1222 405.983 322.012
1223 876.668 148.807
1224 1122.73 558.258
1225 1100.81 648.352
1226 1015.48 497.94
1227 1178.77 318.221
1228 750.025 992.339
1229 36.8026 504.801
1230 354.528 215.466
1231 698.331 428.373
1232 543.693 566.132
1233 278.768 833.474
1234 69.8082 156.209
1235 627.89 97.2442
1236 830.692 415.357
1237 653.121 239.59
1238 1122.12 769.937
1239 242.334 249.592
1240 1154.92 827.408
1241 123.878 823.019
1242 1102.26 528.417
1243 737.149 306.863
1244 544.054 1144.13
1245 933.84 270.664
1246 287.544 639.977
1247 301.591 890.725
1248 27.2992 685.207
1249 373.269 281.586
1250 149.206 744.355
1251 910.123 429.817
1252 608.634 647.452
1253 606.727 824.499
1254 601.324 330.37
1255 181.597 938.029
1256 1058.27 23.5634
1257 600.148 376.864
1258 678.036 655.866
1259 175.498 591.754
1260 781.694 830.674
1261 388.867 150.851
1262 744.263 135.232
1263 732.744 846.979
1264 974.5 545.281
1265 296.463 810.561
1266 704 222.113
1267 991.94 1038.83
1268 436.569 402.718
1269 768.673 789.184
1270 895.203 337.215
1271 467.056 106.4
1272 339.831 294.533
1273 13.9023 799.872
1274 516.029 447.314
1275 374.351 698.206
1276 1025.26 340.481
1277 292.527 224.279
1278 958.504 479.757
1279 633.812 515.418
1280 331.309 627.772
1281 991.045 320.026
1282 272.378 850.607
1283 113.467 1055.95
1284 539.948 715.989
1285 107.752 719.347
1286 783.427 912.244
1287 346.945 227.585
1288 545.538 455.744
1289 17.08 909.105
1290 1165.21 904.555
1291 567.252 930.321
1292 447.981 576.496
1293 242.788 1113.23
1294 758.461 341.095
1295 818.879 925.749
1296 180.442 100.386
1297 1096.03 919.127
1298 156.102 122.663
1299 885.513 174.231
1300 636.547 603.418
1301 379.598 1165.09
1302 286.569 237.64
1303 128.605 1019.87
1304 328.488 903.797
1305 439.769 244.717
1306 225.827 1013.61
1307 416.637 733.466
1308 269.669 446.411
1309 1168.23 187.627
1310 488.867 785.139
1311 1015.12 378.216
1312 1168.8 1172.44
1313 761.869 1010.05
1314 322.425 727.616
1315 880.595 199.941
1316 706.781 401.671
1317 690.978 1085.27
1318 158.241 791.386
1319 170.475 276.494
1320 345.139 26.9381
1321 316.619 1005.03
1322 121.708 414.923
1323 292.006 34.0156
1324 1033.87 1005.76
1325 1046.87 727.255
1326 865.277 866.804
1327 436.678 930.879
1328 455.712 322.785
1329 254.937 561.98
1330 292.78 80.4892
1331 184.491 640.719
1332 528.036 22.4243
1333 250.779 421.873
1334 357.381 166.848
1335 661.968 748.905
1336 233.415 61.19
1337 331.077 200.177
1338 403.457 207.038
1339 413.857 1027.11
1340 1117.6 601.865
1341 714.612 1106.18
1342 95.6794 541.939
1343 554.857 1065.28
1344 1140.46 1079.18
1345 926.773 49.4182
1346 625.337 477.719
1347 512.076 324.757
1348 848.36 772.846
1349 1105.53 229.607
1350 495.933 38.0435
1351 361.605 839.469
1352 385.036 534.52
1353 951.53 252.3
1354 557.673 501.134
1355 878.484 479.344
1356 827.533 893.614
1357 781.473 48.8929
1358 100.097 780.842
1359 239.632 117.305
1360 533.489 495.738
1361 40.8765 1126.96
1362 656.923 924.018
1363 247.895 976.939
1364 633.008 94.8806
1365 809.333 632.269
1366 699.11 220.271
1367 620.968 469.486
1368 81.4444 852.81
1369 1146.23 829.88
1370 65.2354 342.467
1371 837.354 725.144
1372 1104.93 574.846
1373 22.8937 619.956
1374 568.805 663.107
1375 243.269 381.449
1376 59.1361 91.7555
1377 953.014 782.395
1378 187.287 666.446
1379 623.908 831.505
1380 908.909 888.434
1381 491.276 579.457
1382 769.973 94.2306
1383 284.077 398.438
1384 35.2608 373.522
1385 67.1853 581.679
1386 158.666 624.795
1387 725.254 1155.44
1388 977.425 467.805
1389 233.721 927.252
1390 1073.98 1182.55
1391 520.923 1031.81
1392 607.958 877.184
1393 886.681 29.4493
1394 230.334 1039.05
1395 1067.01 1015.4
1396 283.5 963.001
1397 955.073 1115.31
1398 188.881 429.345
1399 272.106 814.047
1400 181.196 948.376
1401 212.939 624.594
1402 526.288 370.777
1403 890.942 919.288
1404 313.242 428.084
1405 581.335 621.381
1406 569.527 595.49
1407 303.143 586.59
1408 1173.13 890.869
1409 1066 468.511
1410 652.275 386.557
1411 48.5318 47.8794
1412 744.48 948.051
1413 1002.12 852.268
1414 268.221 439.82
1415 507.165 853.443
1416 12.2774 509.548
1417 778.459 1114.52
1418 58.426 528.706
1419 104.948 371.244
1420 699.595 702.937
1421 737.167 81.5199
1422 787.977 783.39
1423 1174.22 417.307
1424 259.641 467.552
1425 715.995 910.858
1426 699.857 766.94
1427 357.886 587.096
1428 574.943 524.12
1429 273.637 841.29
1430 1086.87 1144.61
1431 959.659 916.183
1432 631.816 1055.86
1433 988.149 176.923
1434 352.145 176.923
1435 1062.14 296.644
1436 230.996 1107.8
1437 1180.44 838.024
1438 121.835 228.343
1439 885.272 107.425
1440 550.136 361.136
1441 164.77 880.542
1442 444.153 1021.86
1443 537.268 477.843
1444 1128.8 320.946
1445 222.022 1086.5
1446 293.667 1034.68
1447 752.099 429.945
1448 482.295 83.7949
1449 1174.55 994.683
1450 282.525 638.408
1451 716.386 1134.92
1452 1125.79 79.9836
1453 1057.19 511.734
1454 609.6 741.952
1455 103.491 751.469
1456 784.128 893.758
1457 442.708 651.605
1458 1124.84 658.646
1459 1101.21 759.826
1460 60.3135 767.301
1461 618.271 66.6787
1462 70.3236 381.558
1463 509.44 958.395
1464 1058.15 864.834
1465 138.253 427.289
1466 758.781 817.73
1467 12.5663 277.069
1468 330.623 647.305
1469 458.344 176.181
1470 1115.71 1113.56
1471 1135.01 447.675
1472 672.332 731.408
1473 468.87 722.453
1474 1069.77 70.3423
1475 45.6107 449.459
1476 102.48 449.172
1477 849.56 295.074
1478 375.467 903.708
1479 766.29 176.397
1480 903.579 1174.98
1481 364.479 76.934
1482 284.222 190.861
1483 1148.44 69.1145
1484 97.4313 475.841
1485 1107.75 961.826
1486 362.37 354.203
1487 137.904 1052.64
1488 224.965 236.701
1489 120.401 566.963
1490 312.568 700.245
1491 73.2672 383.111
1492 12.2413 303.055
1493 9.42471 1050.8
1494 1019.72 140.576
1495 107.838 1182.95
1496 797.236 352.525
1497 464.836 1071.67
1498 1004.05 247.012
1499 1182.13 617.12
1500 375.652 442.006
1501 331.886 148.107
1502 9.31638 1078.82
1503 1129.38 131.027
1504 1181.65 347.687
1505 734.983 380.202
1506 1068.93 418.426
1507 56.9411 743.83
1508 15.5634 41.9598
1509 1101.91 389.085
1510 783.839 749.788
1511 1092.29 95.7276
1512 446.861 431.823
1513 1117.82 47.1793
1514 1043.12 561.077
1515 586.119 42.8601
1516 156.547 167.317
1517 286.817 1142.77
1518 301.539 1048.35
1519 184.558 1159.35
1520 739.359 658.702
1521 774.735 448.053
1522 730.909 445.184
1523 525.617 137.074
1524 949.378 947.257
1525 517.113 939.221
1526 912.427 307.677
1527 848.248 306.718
1528 738.702 96.4859
1529 320.244 718.95
1530 1116.45 486.077
1531 944.24 863.137
1532 756.936 1066.47
1533 1057.66 514.531
1534 828.688 953.52
1535 914.837 904.372
1536 794.776 252.429
1537 242.876 535.567
1538 189.325 701.689
1539 1122.41 154.671
1540 375.045 483.549
1541 1093.16 603.201
1542 587.654 1130.42
1543 455.906 690.604
1544 882.101 112.013
1545 211.745 825.205
1546 669.214 543.708
1547 1088.79 1102.51
1548 1110.2 55.4288
1549 438.804 801.048
1550 67.7992 991.744
1551 963.305 359.98
1552 229.113 220.507
1553 419.98 495.14
1554 1051.41 946.768
1555 656.15 229.696
1556 1180.15 380.258
1557 1130.75 940.232
1558 1142.52 80.8864
1559 512.385 262.431
1560 562.037 1153.89
1561 502.326 1117.59
1562 508.32 106.689
1563 86.5195 852.882
1564 312.661 467.211
1565 1091.59 860.701
1566 517.817 837.03
1567 1022.55 1152.47
1568 629.867 472.499
1569 371.481 1007.22
1570 964.353 708.983
1571 2.45548 1098.72
1572 1162.33 857.899
1573 134.105 354.889
1574 540.278 741.105
1575 758.815 728.627
1576 211.135 1065.93
1577 549.926 378.866
1578 378.417 1029.26
1579 562.305 647.544
1580 1004.16 376.791
1581 1069.25 319.449
1582 465.097 1032.69
1583 1172.9 1121.65
1584 1022.06 26.6131
1585 191.022 672.604
1586 988.373 1133.6
1587 657.743 885.056
1588 82.2586 690.856
1589 925.02 460.15
1590 71.895 397.988
1591 338.36 118.874
1592 299.352 1126.47
1593 956.935 319.701
1594 363.664 385.077
1595 843.742 1025.99
1596 755.438 517.151
1597 1032.84 1098.21
1598 204.671 608.959
1599 665.94 255.767
1600 428.698 702.556
1601 252.318 167.281
1602 1121.32 11.158
1603 109.594 659.802
1604 1053.8 628.494
1605 830.277 1049.2
1606 587.185 74.3505
1607 908.275 588.882
1608 54.8937 285.65
1609 133.122 238.093
1610 661.499 630.697
1611 197.016 571.749
1612 442.058 247.337
1613 853.697 225.074
1614 360.865 779.037
1615 488.857 745.996
1616 901.161 271.8
1617 992.887 563.677
1618 884.029 828.002
1619 154.86 1095.6
1620 259.937 717.056
1621 854.872 846.093
1622 861.115 88.7222
1623 297.861 1095.36
1624 308.127 606.792
1625 410.282 581.715
1626 1115.48 281.966
1627 691.802 333.243
1628 663.881 17.858
1629 5.81371 1147.36
1630 552.478 587.509
1631 366.625 67.5454
1632 949.255 970.295
1633 771.851 105.714
1634 1.8055 474.83
1635 595.085 346.459
1636 510.746 149.098
1637 438.598 926.566
1638 987.211 665.563
1639 511.991 883.595
1640 299.027 30.6213
1641 888.558 218.718
1642 839.629 534.572
1643 1065.68 700.859
1644 271.817 619.125
1645 961.717 279.728
1646 844.252 1111.02
1647 123.641 862.198
1648 1001.31 128.355
1649 54.8248 648.447
1650 606.083 438.375
1651 668.005 1105.06
1652 799.077 631.636
1653 1025.67 116.005
1654 584.512 972.334
1655 946.046 696.906
1656 612.779 221.535
1657 73.4838 1157.9
1658 1001.61 385.169
1659 668.468 409.343
1660 521.248 1075.03
1661 119.823 1043.81
1662 443.701 905.117
1663 49.4805 320.259
1664 1045.5 290.597
1665 589.361 230.076
1666 810.809 572.399
1667 668.36 874.64
1668 294.404 106.597
1669 768.096 413.17
1670 50.5025 957.837
1671 391.861 957.259
1672 175.721 925.808
1673 356.081 885.834
1674 35.1055 495.449
1675 800.713 58.0287
1676 214.706 190.047
1677 1175.83 201.783
1678 362.709 446.283
1679 563.027 723.772
1680 1003.55 735.688
1681 890.862 927.035
1682 956.343 411.401
1683 882.755 349.003
1684 774.561 962.476
1685 328.221 1057.03
1686 316.128 269.689
1687 1049.28 846.004
1688 654.594 1131.89
1689 806.805 595.885
1690 666.013 804.189
1691 314.305 337.409
1692 142.352 998.152
1693 1041.55 833.924
1694 108.691 650.288
1695 685.981 457.461
1696 943.59 303.649
1697 481.417 280.214
1698 684.862 928.568
1699 911.473 1133.22
1700 820.672 926.385
1701 1047.59 210.702
1702 157.591 593.704
1703 1087.16 364.711
1704 546.344 175.242
1705 1031.99 1122.08
1706 671.79 392.443
1707 304.841 352.237
1708 390.15 689.973
1709 1019.71 978.709
1710 1134.83 381.358
1711 138.791 457.369
1712 1033.32 152.512
1713 74.7717 599.59
1714 910.297 822.497
1715 578.699 1118.49
1716 1147.05 418.679
1717 13.3968 659.332
1718 747.982 659.641
1719 943.121 1042.17
1720 789.798 390.008
1721 106.199 604.176
1722 824.917 952.834
1723 1097.4 210.324
1724 428.553 967.748
1725 940.737 1007
1726 653.164 229.354
1727 622.532 1016.14
1728 693.059 236.123
1729 367.202 1069.02
1730 28.3999 195.808
1731 779.759 980.422
1732 743.883 631.636
1733 1175.82 818.322
1734 675.319 178.997
1735 1030.62 885.364
1736 459.712 1002.29
1737 41.6414 197.522
1738 918.681 384.319
1739 367.028 679.754
1740 719.528 693.368
1741 438.115 229.876
1742 679.843 372.097
1743 490.446 167.37
1744 455.816 74.4424
1745 0.54165 450.039
1746 849.869 1165.43
1747 622.825 130.429
1748 125.627 0.46943
1749 802.147 30.3685
1750 786.349 1045.69
1751 1088.68 751.721
1752 708.622 671.537
1753 616.036 586.932
1754 991.056 515.795
1755 276.981 894.717
1756 1150.75 493.282
1757 803.772 491.168
1758 819.011 151.59
1759 45.0718 10.4916
1760 498.263 316.432
1761 81.2836 67.0924
1762 1150.54 1180.49
1763 1180.48 799.222
1764 638.461 516.012
1765 579.341 301.899
1766 1095.09 699.867
1767 961.537 628.314
1768 71.3533 344.164
1769 402.879 130.285
1770 736.964 1057.03
1771 1165.65 429.962
1772 38.1496 427.49
1773 982.083 739.569
1774 315.529 841.346
1775 986.878 758.907
1776 850 754.482
1777 275.699 305.546
1778 114.866 175.586
1779 1032.46 350.178
1780 395.989 659.569
1781 78.9572 407.304
1782 1133.46 265.228
1783 378.866 333.44
1784 461.575 256.2
1785 194.036 989.253
1786 194.272 93.2196
1787 1082.87 716.875
1788 1109.41 1035.78
1789 346.223 761.199
1790 1078.79 1093
1791 599.101 420.087
1792 757.933 587.546
1793 1067.45 1057.77
1794 78.142 840.877
1795 447.554 1093.41
1796 483.974 659.657
1797 663.99 7.36644
1798 460.376 1183.13
1799 1179.29 476.708
1800 419.699 956.862
1801 581.804 120.916
1802 1095.56 254.9
1803 117.848 790.448
1804 398.113 73.8449
1805 627.584 523.578
1806 1034.73 765.226
1807 11.0858 814.352
1808 551.147 1129.59
1809 4.6943 538.817
1810 559.747 67.8868
1811 274.107 669.912
1812 772.114 899.772
1813 926.402 533.942
1814 475.171 488.279
1815 951.599 28.6549
