1 353.637 781.658
2 980.759 720.255
3 57.6656 448.82
4 915.083 367.912
5 356.922 1086.78
6 537.944 970.746
7 6.51911 9.26048
8 138.205 672.214
9 370.018 903.716
10 112.973 624.297
11 188.486 842.112
12 276.028 753.419
13 966.355 355.653
14 508.548 989.539
15 241.229 129.857
16 82.5346 500.869
17 848.521 834.39
18 710.517 914.481
19 321.105 1040.92
20 780.589 1043.8
21 494.81 618.925
22 898.877 76.5578
23 433.102 209.982
24 22.2318 1048.91
25 343.103 83.1537
26 993.748 435.209
27 211.052 964.07
28 666.509 917.299
29 648.288 621.231
30 528.717 785.135
31 818.366 743.791
32 550.81 438.92
33 279.486 5.115
34 187.75 585.65
35 352.801 448.147
36 868.024 475.593
37 395.737 951.968
38 421 694.804
39 788.01 1044.9
40 451.357 305.095
41 328.46 257.732
42 550.146 622.325
43 963.976 939.822
44 1013.1 941.604
45 1085.24 286.349
46 642.805 1007.12
47 534.269 48.2749
48 1026.58 686.456
49 650.641 477.042
50 1009.01 896.639
51 719.844 360.066
52 945.247 548.508
53 1065.75 977.136
54 320.774 170.878
55 954.833 614.244
56 412.512 402.451
57 972.719 460.46
58 711.553 976.262
59 474.424 671.378
60 697.76 439.388
61 1054.52 212.857
62 753.008 602.299
63 330.77 972.451
64 738.9 1010.91
65 701.365 1080.85
66 193.701 130.015
67 1023.02 1048.89
68 592.048 364.602
69 303.089 891.624
70 1038.25 821.351
71 830.876 655.264
72 738.304 614.879
73 565.324 1007.89
74 679.024 670.436
75 145.615 339.696
76 173.91 881.06
77 67.5908 998.026
78 799.814 907.527
79 975.543 1036.04
80 918.025 774.681
81 814.872 722.05
82 410.71 811.377
83 495.486 899.404
84 662.71 899.614
85 129.814 199.929
86 606.218 250.334
87 621.756 698.314
88 548.267 476.33
89 214.363 362.162
90 620.447 805.161
91 190.813 531.425
92 951.222 119.651
93 10.7983 798.351
94 736.86 432.033
95 907.745 661.172
96 555.628 191.271
97 627.589 970.65
98 710.629 104.44
99 880.95 54.8943
100 623.603 913.95
101 164.355 89.0376
102 394.724 561.58
103 217.738 597.987
104 360.097 659.367
105 454.934 515.85
106 445.65 756.896
107 507.421 949.822
108 310.644 713.502
109 61.5471 899.705
110 47.0379 410.948
111 831.499 340.776
112 753.522 316.929
113 639.354 862.706
114 26.1099 909.266
115 575.462 418.861
116 647.365 794.506
117 157.802 419.396
118 489.563 445.673
119 1012.33 153.65
120 824.651 171.302
121 898.267 1020.57
122 1003.58 991.283
123 502.997 253.878
124 904.815 461.49
125 1051.3 993.747
126 814.528 351.875
127 934.139 93.3403
128 1026.78 664.248
129 65.3331 108.618
130 404.82 679.927
131 850.154 787.953
132 1021.03 124.274
133 51.8739 64.8608
134 393.806 332.953
135 688.719 382.923
136 233.217 993.657
137 316.027 763.415
138 162.443 267.651
139 206.742 851.272
140 484.663 640.411
141 863.231 113.57
142 1016.88 634.36
143 1001.44 421.068
144 192.339 317.464
145 173.096 554.426
146 451.357 50.4912
147 848.351 72.2885
148 543.661 160.203
149 985.065 76.6581
150 979.952 691.026
151 225.862 67.8756
152 175.682 474.257
153 893.078 528.884
154 227.066 434.641
155 739.561 593.316
156 41.8561 104.717
157 1023.92 57.6062
158 415.485 713
159 855.642 733.728
160 925.386 898.668
161 786.573 295.71
162 779.665 208.846
163 121.69 980.074
164 678.045 404.529
165 55.5295 141.047
166 96.6447 47.7499
167 215.064 913.349
168 196.268 573.047
169 583.106 570.717
170 148.441 155.432
171 462.088 196.677
172 211.754 336.965
173 641.882 933.838
174 1003.38 758.634
175 177.487 520.302
176 760.262 715.875
177 257.666 696.513
178 205.335 308.949
179 338.559 367.387
180 559.975 900.851
181 561.862 87.4329
182 393.21 500.768
183 415.702 376.47
184 1017.55 103.346
185 825.621 1057.87
186 342.381 900.373
187 1023.67 260.44
188 961.553 680.261
189 428.382 65.3899
190 401.845 194.547
191 81.3719 205.446
192 303.824 63.7635
193 663.545 762.011
194 994.85 619.048
195 185.58 721.993
196 617.082 1061.42
197 60.8451 270.67
198 427.352 902.216
199 450.329 965.234
200 60.5107 3.41
201 575.12 848.665
202 227.968 971.448
203 701.189 9.97245
204 959.881 142.852
205 487.492 143.554
206 705.306 26.5779
207 193.735 727.103
208 955.702 197.245
209 928.314 411.984
210 329.335 27.7186
211 13.172 350.595
212 120.419 140.315
213 966.642 1063.25
214 664.014 288.182
215 597.944 817.397
216 876.603 878.48
217 516.046 589.294
218 927.597 1090.51
219 1004.38 795.871
220 915.952 673.953
221 151.385 737.873
222 519.997 718.975
223 333.111 1021.66
224 279.185 201.123
225 222.373 457.876
226 969.543 914.682
227 149.739 611.359
228 469.142 582.98
229 803.857 926.65
230 724.223 952.269
231 369.751 1012.38
232 76.5578 1020.64
233 323.749 818.109
234 488.153 400.217
235 646.046 172.171
236 113.265 954.198
237 448.551 883.829
238 1018.91 182.044
239 192.966 937.525
240 543.988 819.078
241 643.724 1061.78
242 509.803 1040.96
243 318.066 98.4888
244 719.142 547.509
245 218.901 1066.13
246 830.701 692.564
247 161.464 696.007
248 426.183 721.793
249 16.0805 249.699
250 621.226 34.7117
251 155.422 127.617
252 344.22 353.48
253 859.831 403.684
254 986.204 964.493
255 558.939 15.1543
256 845.78 13.583
257 288.436 528.516
258 817.086 155.599
259 295.007 624.732
260 565.25 133.592
261 122.444 1061.89
262 1021.29 379.346
263 356.612 87.5607
264 951.913 1055.2
265 836.72 512.135
266 477.567 774.013
267 919.763 927.921
268 786.239 686.623
269 1069.76 584.925
270 162.019 238.198
271 166.605 879.579
272 66.5953 214.104
273 698.563 47.7499
274 936.88 274.672
275 839.444 441.093
276 615.245 36.039
277 202.895 737.366
278 284.969 471.325
279 144.423 8.59186
280 683.069 78.1055
281 670.065 738.465
282 379.133 446.419
283 716.267 342.103
284 342.839 844.409
285 1033.73 392.25
286 605.499 1046.58
287 297.933 809.049
288 236.828 1009.46
289 801.605 381.519
290 610.556 315.256
291 39.4156 428.266
292 660.118 753.977
293 857.306 853.803
294 494.854 238.643
295 217.554 184.813
296 446.598 1071.71
297 697.654 275.919
298 212.523 812.282
299 249.188 219.581
300 680.755 825.029
301 64.6624 873.371
302 83.2106 764.679
303 295.633 423.442
304 910.64 984.363
305 613.371 65.3583
306 555.663 203.701
307 245.729 788.756
308 618.547 147.767
309 289.894 943.309
310 289.415 881.193
311 844.089 317.063
312 848.12 814.488
313 629.235 525.842
314 317.018 642.527
315 867.677 643.52
316 183.125 164.349
317 249.216 642.287
318 232.783 31.5592
319 236.753 240.147
320 283.899 852.376
321 629.334 550.758
322 615.103 215.235
323 324.685 912.509
324 210.754 43.6613
325 928.479 584.758
326 756.963 482.682
327 425.949 688.151
328 479.416 586.352
329 220.179 1043.99
330 709.681 764.709
331 532.169 702.56
332 106.412 163.88
333 123.166 175.849
334 228.804 376.604
335 378.042 842.547
336 791.42 761.6
337 400.641 833.487
338 672.716 354.874
339 477.428 251.113
340 778.917 232.415
341 120.888 866.584
342 827.493 226.374
343 1003.53 479.315
344 353.67 186.948
345 541.264 1052.66
346 648.362 504.513
347 874.14 341.434
348 514.009 550.982
349 966.166 1083.91
350 573.356 283.464
351 252.34 269.667
352 637.202 419.931
353 273.766 322.355
354 596.756 920.241
355 63.0107 588.134
356 856.244 281.736
357 1053.49 138.105
358 11.7344 164.148
359 772.809 185.109
360 796.813 367.344
361 345.046 484.129
362 870.887 486.092
363 333.994 522.375
364 175.69 378.978
365 323.716 598.03
366 231.947 706.648
367 49.3112 828.797
368 782.595 841.611
369 334.648 651.052
370 27.7815 617.086
371 1008.16 196.586
372 686.033 797.705
373 80.1511 1071.47
374 309.608 125.836
375 613.303 91.1339
376 462.616 486.393
377 909.901 795.475
378 136.534 646.663
379 893.453 755.682
380 1052.68 1058.5
381 392.61 283.531
382 149.356 610.289
383 584.076 682.534
384 967.737 492.644
385 185.064 71.9443
386 255.716 281.903
387 579.666 582.317
388 353.763 839.939
389 806.699 1000.1
390 864.401 133.391
391 372.784 983.116
392 396.563 22.4993
393 533.236 828.864
394 741.273 502.874
395 361.167 399.103
396 655.381 455.669
397 1022.88 543.527
398 479.695 408.598
399 198.719 433.772
400 451.31 1014.17
401 916.386 754.422
402 542.858 406.425
403 746.79 68.4439
404 96.2154 274.772
405 513.038 651.142
406 592.378 1029.85
407 989 1031.16
408 63.1444 221.392
409 327.069 995.853
410 302.988 281.891
411 756.894 960.349
412 1002.14 356.622
413 59.235 301.083
414 316.929 419.768
415 585.483 274.542
416 956.755 967.436
417 1078.63 900.373
418 375.537 292.558
419 461.459 758.424
420 150.015 951.488
421 1037.4 507.087
422 760.188 292.223
423 642.484 521.094
424 139.342 279.52
425 770.726 265.311
426 987.228 861.024
427 296.57 625.945
428 259.728 777.011
429 827.835 13.8839
430 532.743 354.549
431 596.649 732.023
432 471.321 728.803
433 430.763 1009.3
434 1089.03 542.935
435 695.94 900.707
436 90.0641 786.64
437 997.731 295.767
438 1028.52 410.909
439 661.184 654.118
440 753.342 995.094
441 500.869 919.295
442 385.299 342.705
443 675.882 131.118
444 1042.07 645.192
445 382.058 764.809
446 33.8994 807.568
447 666.889 1035.58
448 527.494 1084.58
449 444.63 350.829
450 937.612 272.943
451 155.655 228.033
452 13.8406 179.259
453 616.34 584.39
454 547.572 700.464
455 332.371 121.098
456 514.047 800.982
457 656.491 192.531
458 186.848 1009.36
459 518.812 373.405
460 85.9582 607.792
461 563.686 392.059
462 105.939 81.6394
463 767.55 949.822
464 445.406 162.854
465 1054.8 729.883
466 874.553 419.774
467 566.494 733.25
468 87.8481 150.842
469 223.856 493.724
470 200.172 911.282
471 927.172 1027.91
472 197.88 706.839
473 613.198 718.851
474 341.1 37.7106
475 839.649 805.127
476 712.448 868.556
477 748.188 650.039
478 622.057 1009.33
479 359.654 67.7319
480 994.048 274.013
481 643.587 260.306
482 613.733 782.036
483 551.049 242.086
484 50.7038 205.345
485 371.489 416.732
486 925.537 853.67
487 613.777 217.113
488 1092.26 197.579
489 92.5714 1027.91
490 635.639 354.616
491 975.293 827.503
492 616.608 302.153
493 475.895 111.771
494 752.941 22.9438
495 472.519 497.101
496 646.897 960.693
497 804.659 984.486
498 327.126 738.699
499 196.075 546.135
500 433.17 1062.93
501 36.9751 689.854
502 557.525 543.269
503 456.639 270.894
504 820.752 1074.15
505 518.765 15.5555
506 317.136 392.016
507 719.409 822.11
508 113.817 401.821
509 975.661 339.796
510 102.072 306.977
511 673.812 996.833
512 187.015 891.18
513 231.312 652.055
514 227.668 159.444
515 797.382 1077.56
516 446.626 864.466
517 1045.04 1015.88
518 345.546 515.211
519 262.427 1043.86
520 606.907 338.603
521 989.2 19.0559
522 1032.54 32.9299
523 93.8187 391.19
524 277.082 346.884
525 758.694 647.274
526 1019.76 59.5747
527 741.24 860.49
528 632.897 516.314
529 231.973 289.616
530 542.524 756.194
531 41.5217 239.101
532 885.339 486.029
533 210.484 140.111
534 1055.97 527.824
535 1072.29 1015.82
536 900.674 389.676
537 730.122 61.6908
538 51.5846 774.38
539 424.535 639.91
540 227.977 388.148
541 1040.04 716.511
542 1022.87 598.254
543 766.882 307.401
544 387.914 119.393
545 884.152 91.6019
546 835.984 333.344
547 438.394 1038.82
548 582.04 1092.48
549 499.03 868.446
550 804.258 627.149
551 849.892 583.645
552 929.893 240.983
553 1075.98 626.136
554 586.419 127.35
555 1030.34 910.881
556 1084.39 856.946
557 705.473 474.558
558 961.553 880.448
559 658.225 287.687
560 397.224 692.34
561 178.457 597.017
562 240.839 455.836
563 137.403 820.472
564 899.471 547.047
565 917.858 622.268
566 1006.28 302.631
567 75.6886 649.949
568 136.524 918.493
569 695.65 950.062
570 899.537 203.697
571 966.968 844.777
572 770.559 121.724
573 26.2102 589.595
574 644.59 684.283
575 979.037 944.168
576 940.959 750.276
577 216.697 1056.01
578 362.329 978.634
579 407.127 302.965
580 428.317 613.9
581 478.001 170.634
582 82.6089 778.416
583 54.936 489.612
584 713.993 376.447
585 986.726 536.65
586 734.063 524.204
587 1089.69 824.049
588 132.923 765.511
589 144.758 61.848
590 632.111 427.363
591 888.765 157.896
592 631.954 223.121
593 144.648 799.711
594 489.87 743.623
595 745.352 91.4682
596 1056.14 841.868
597 844.342 1037.49
598 366.909 2.17304
599 475.728 346.292
600 155.222 449.15
601 408.966 429.235
602 508.011 878.342
603 653.499 8.62529
604 1068.04 883.801
605 303.636 190.726
606 564.261 506.695
607 244.517 231.746
608 335.07 508.467
609 55.8721 320.149
610 613.332 575.196
611 22.1316 665.418
612 898.167 117.946
613 907.762 617.754
614 805.867 174.545
615 578.272 28.8946
616 312.656 37.6103
617 909.508 778.182
618 351.999 880.491
619 489.726 1071.02
620 987.783 805.572
621 503.392 298.379
622 474.391 935.553
623 198.392 96.182
624 447.65 944.345
625 410.882 254.68
626 1020.63 892.727
627 1.1701 978.335
628 1030.22 575.798
629 279.921 859.988
630 142.886 267.427
631 95.7953 847.528
632 223.123 423.646
633 1037.17 51.3171
634 1043.18 86.5971
635 792.992 50.8491
636 526.644 44.8414
637 314.245 982.146
638 142.351 1017.76
639 501.316 137.346
640 509.193 415.027
641 896.829 319.771
642 690.517 347.495
643 349.252 718.975
644 690.352 808.437
645 122.336 323.916
646 338.308 795.509
647 296.981 838.435
648 231.068 20.5702
649 239.034 179.235
650 257.488 919.997
651 431.373 1056.06
652 545.834 1072.08
653 337.356 683.012
654 481.608 537.474
655 995.696 569.647
656 69.8484 520.292
657 1016.91 448.692
658 492.639 463.425
659 759.895 241.842
660 14.0077 649.571
661 1028.01 343.517
662 951.63 180.573
663 580.803 593.139
664 425.982 323.381
665 465.44 107.649
666 231.652 948.591
667 847.652 961.954
668 671.803 1054.16
669 816.764 108.618
670 608.551 490.147
671 348.221 565.124
672 985.73 139.519
673 581.839 829.833
674 333.085 445.583
675 641.536 299.521
676 865.538 26.9831
677 780.18 565.702
678 5.68333 287.811
679 1019.36 1070.3
680 301.484 531.324
681 724.234 502.55
682 626.709 50.7822
683 749.457 173.642
684 588.383 762.034
685 0.568333 489.803
686 148.669 1082.84
687 891.246 306.977
688 774.027 86.1959
689 566.595 381.428
690 509.604 782.126
691 1037.98 508.725
692 288.079 674.712
693 1024.04 238.375
694 115.988 411.507
695 1001.52 152.748
696 166.756 333.555
697 7.55549 8.20059
698 40.0413 457.117
699 375.735 181.141
700 384.594 603.178
701 934.324 378.944
702 1081.24 779.228
703 860.991 261.777
704 428.088 820.382
705 951.557 844.386
706 351.33 147.776
707 669.496 1071.72
708 877.162 235.323
709 810.409 36.1059
710 419.898 92.8153
711 170.254 510.998
712 323.889 564.823
713 997.199 365.572
714 644.132 676.493
715 878.476 211.888
716 884.602 669.53
717 214.195 337.657
718 64.3479 531.157
719 492.059 69.4409
720 543.633 535.012
721 633.855 647.502
722 497.993 120.296
723 581.94 394.891
724 192.865 400.311
725 685.917 238.031
726 402.689 999.741
727 1091.75 360.791
728 767.274 1023.91
729 122.855 548.117
730 81.1994 374.665
731 772.632 754.322
732 464.22 944.436
733 560.075 946.408
734 172.372 39.0577
735 652.747 229.951
736 766.614 529.897
737 86.2529 91.7022
738 943.5 22.5092
739 515.913 438.696
740 462.444 381.389
741 0.167157 34.6055
742 755.783 596.024
743 919.373 153.66
744 611.225 336.597
745 928.989 627.473
746 822.478 1021.6
747 427.152 629.546
748 901.744 161.206
749 16.7157 711.523
750 718.002 563.82
751 757.679 141.118
752 551.851 885.606
753 975.895 737.83
754 76.4323 346.96
755 686.045 625.969
756 356.378 834.512
757 679.258 593.473
758 408.397 556.475
759 250.2 856.254
760 276.419 887.536
761 200.087 766.681
762 1077.5 587.556
763 317.038 608.728
764 325.822 553.6
765 765.519 41.3979
766 860.924 936.188
767 847.658 541.32
768 763.161 24.0037
769 939.722 519.557
770 994.182 841.21
771 971.682 700.353
772 152.18 378.185
773 966.634 576.992
774 397.766 653.349
775 1047.36 924.31
776 997.201 415.552
777 694.027 1086.92
778 760.262 939.598
779 60.7782 1051.46
780 322.115 1053.47
781 551.7 282.232
782 384.728 779.696
783 333.946 161.45
784 0.534902 994.425
785 813.351 368.347
786 22.0981 939.197
787 488.465 219.286
788 889.241 1063.48
789 621.552 444.436
790 951.699 359.688
791 911.913 693.868
792 988.097 68.4005
793 310.577 301.751
794 993.881 314.522
795 322.481 698.418
796 187.684 622.993
797 75.7554 576.357
798 292.602 407.495
799 97.4858 485.494
800 169.122 24.8061
801 560.483 329.342
802 1086.8 332.318
803 101.569 955.669
804 724.2 997.525
805 685.919 855.184
806 545.675 710.851
807 246.456 110.489
808 353.135 478.737
809 133.95 257.121
810 581.003 929.234
811 352.099 798.317
812 902.178 510.808
813 294.489 707.207
814 298.91 314.622
815 1044.33 482.882
816 704.637 91.0001
817 831.198 646.372
818 273.05 70.2727
819 17.0834 135.869
820 549.399 516.825
821 695.004 879.823
822 53.3899 374.307
823 696.853 964.227
824 554.76 359.43
825 331.104 32.9005
826 249.107 763.181
827 874.722 296.135
828 741.975 1034.47
829 813.118 199.017
830 822.177 428.399
831 115.864 563.021
832 5.18186 903.592
833 268.888 664.391
834 581.037 1028.35
835 120.843 652.547
836 781.486 788.512
837 196.212 114.713
838 1047.1 9.03637
839 413.245 803.823
840 635.835 874.134
841 110.423 467.146
842 885.849 573.592
843 287.321 423.786
844 617.678 62.7841
845 243.815 375.945
846 705.936 687.248
847 760.797 366.774
848 77.1344 820.639
849 349.859 737.74
850 945.769 910.469
851 888.438 825.591
852 1070.75 692.029
853 370.453 932.143
854 566.404 582.117
855 647.037 469.811
856 135.531 606.555
857 777.112 1025.24
858 375.063 578.83
859 561.608 380.148
860 571.409 145.236
861 60.9338 80.139
862 56.0309 978.266
863 579.657 466.706
864 505.917 635.306
865 354.967 245.229
866 345.419 180.362
867 349.457 220.289
868 171.48 503.319
869 354.005 633.868
870 42.9321 1019.89
871 726.396 1051.15
872 956.88 287.51
873 44.3634 732.819
874 545.325 1074.48
875 568.524 857.357
876 892.316 67.1636
877 1003.04 796.469
878 508.332 428.867
879 285.977 572.176
880 563.318 318.634
881 771.799 335.36
882 364.201 1094.32
883 616.368 946.318
884 1018.59 413.583
885 99.358 308.538
886 759.751 855.284
887 350.427 1047.08
888 927.72 433.381
889 1.705 143.387
890 978.302 860.968
891 459.882 963.468
892 818.849 584.925
893 868.742 191.304
894 219.017 977.81
895 912.977 1007
896 255.914 866.751
897 30.8906 575.826
898 898.2 835.483
899 119.86 878.753
900 700.387 448.983
901 669.707 985.928
902 180.228 53.4567
903 118.08 749.775
904 711.453 813.753
905 527.26 908.798
906 506.92 389.509
907 432.802 471.817
908 619.851 192.307
909 681.054 163.947
910 149.338 146.774
911 878.553 253.186
912 688.612 900.975
913 441.896 516.949
914 139.676 183.548
915 801.24 395.393
916 679.024 401.849
917 707.984 556.742
918 609.704 611.235
919 991.37 594.543
920 968.874 291.531
921 610.717 472.418
922 809.094 886.533
923 127.407 1002.52
924 712.422 478.312
925 676.49 80.1684
926 310.243 941.27
927 312.015 554.125
928 953.696 314.499
929 934.874 488.977
930 760.485 154.162
931 195.54 1022.54
932 1006.82 966.872
933 421.863 539.492
934 985.623 690.157
935 183.739 979.037
936 721.215 522.809
937 170.868 924.448
938 1040.28 136.61
939 23.0676 188.653
940 811.438 23.7028
941 990.343 461.152
942 1037.71 920.843
943 166.655 81.6728
944 176.618 412.447
945 225.662 3.34314
946 931.531 637.034
947 699.343 364.602
948 196.203 1065.73
949 951.994 200.921
950 442.297 896.338
951 583.815 518.654
952 869.616 53.5335
953 846.382 35.1128
954 540.959 627.282
955 224.097 533.999
956 67.0633 66.2609
957 1016.31 430.027
958 521.262 18.6646
959 464.462 365.181
960 979.281 230.185
961 463.772 13.5063
962 1083.25 557
963 957.808 218.584
964 160.571 157.304
965 75.4546 285.036
966 1039.21 811.78
967 1084.22 72.0111
968 851.422 397.074
969 257.276 930.739
970 196.415 811.446
971 787.378 785.914
972 401.21 442.44
973 540.043 693.567
974 1044.95 785.513
975 903.666 1082.18
976 408.832 991.24
977 809.64 958.42
978 234.588 366.718
979 105.476 294.865
980 366.306 235.728
981 506.552 406.167
982 40.3009 553.623
983 483.919 1018.59
984 417.691 101.273
985 440.785 220.145
986 908.998 682.11
987 938.694 986.559
988 636.901 921.368
989 71.0321 788.823
990 300.576 454.141
991 235.156 1067.74
992 327.025 495.262
993 644.433 751.981
994 916.13 776.486
995 1.03637 480.112
996 278.342 610.356
997 148.97 763.916
998 795.721 492.143
999 583.637 547.606
1000 815.798 664.181
1001 818.889 551.584
1002 446.041 908.072
1003 247.294 253.675
1004 761.8 852.169
1005 625.333 1042.76
1006 536.072 641.357
1007 88.3302 1082.61
1008 499.23 60.9119
1009 776.343 168.671
1010 819.369 377.039
1011 752.439 958.119
1012 1058.67 188.83
1013 309.549 189.432
1014 442.163 453.998
1015 668.789 632.364
1016 555.428 112.032
1017 17.752 753.413
1018 609.554 881.317
1019 481.244 863.609
1020 371.088 723.598
1021 377.44 272.466
1022 661.473 212.332
1023 971.615 926.985
1024 1000.59 736.697
1025 1086.88 243.213
1026 818.399 496.222
1027 598.02 695.282
1028 754.78 413.512
1029 682.668 995.222
1030 768.219 927.429
1031 141.849 775.875
1032 236.337 1023.43
1033 893.976 592.203
1034 1093.93 339.596
1035 407.595 31.392
1036 572.746 159.778
1037 947.846 986.937
1038 1061.51 104.951
1039 103.091 862.462
1040 524.833 22.6665
1041 83.6452 128.119
1042 833.92 95.0552
1043 713.759 412.787
1044 487.117 845.813
1045 871.831 437.66
1046 1056.36 118.19
1047 116.141 408.508
1048 763.037 623.729
1049 1084.56 766.725
1050 297.038 28.8513
1051 291.12 679.536
1052 466.163 1052.8
1053 716.741 23.7462
1054 983.283 676.226
1055 401.914 933.336
1056 826.523 1075.62
1057 1031.89 1092.68
1058 269.891 572.947
1059 947.411 869.884
1060 82.308 817.664
1061 940.568 245.386
1062 1055.63 555.606
1063 809.778 423.709
1064 536.316 671.402
1065 827.816 298.977
1066 462.157 177.257
1067 93.6746 1078.53
1068 715.655 129.155
1069 730.167 80.369
1070 779.262 755.415
1071 894.35 123.271
1072 721.341 706.371
1073 33.7541 1067.03
1074 577.504 784.705
1075 905.345 961.028
1076 849.265 905.789
1077 541.421 264.074
1078 773.769 1021.14
1079 167.725 200.12
1080 750.883 423.007
1081 250.407 220.079
1082 738.324 235.724
1083 371.883 598.588
1084 823.08 528.693
1085 846.156 880.725
1086 171.811 238.035
1087 874.263 600.895
1088 595.412 500.578
1089 706.672 168.231
1090 834.335 140.087
1091 151.979 544.329
1092 395.13 87.657
1093 746.99 221.65
1094 1074.48 468.708
1095 549.769 455.211
1096 512.653 313.72
1097 491.144 542.858
1098 287.944 762.646
1099 567.907 992.654
1100 251.003 584.848
1101 895.919 950.096
1102 900.263 691.404
1103 116.809 632.521
1104 49.9547 1038.19
1105 426.447 201.023
1106 155.723 728.035
1107 907.856 702.961
1108 233.495 800.524
1109 368.213 128.42
1110 626.336 1032.23
1111 844.142 332.451
1112 884.834 73.1243
1113 465.172 257.923
1114 842.169 1037.81
1115 577.171 642.317
1116 331.773 246.055
1117 815.234 967.547
1118 410.871 925.48
1119 929.492 412.653
1120 149.016 467.303
1121 487.402 799.788
1122 388.195 867.487
1123 816.594 790.016
1124 657.795 540.929
1125 963.197 857.447
1126 548.381 194.27
1127 1032.09 129.212
1128 830.126 77.5942
1129 164.852 212.36
1130 1056.2 148.301
1131 328.198 1021.43
1132 965.372 36.5504
1133 715.063 468.918
1134 432.093 891.858
1135 758.959 264.084
1136 77.5021 893.429
1137 852.533 879.512
1138 103.537 517.193
1139 86.186 14.108
1140 432.167 69.7044
1141 247.325 57.4057
1142 956.196 448.649
1143 519.456 858.317
1144 926.817 545.81
1145 615.078 789.749
1146 785.302 504.279
1147 703.228 52.9593
1148 536.974 170.767
1149 749.758 1070.31
1150 344.544 1054.83
1151 931.698 62.6169
1152 640.887 534.066
1153 22.4993 517.327
1154 123.362 581.147
1155 492.578 838.793
1156 482.949 103.413
1157 919.162 707.217
1158 332.666 828.165
1159 31.6261 882.698
1160 860.081 843.74
1161 739.97 680.472
1162 149.338 929.793
1163 966.4 662.552
1164 459.019 126.481
1165 346.382 22.0746
1166 851.369 261.065
1167 1028.21 1056.04
1168 520.552 755.816
1169 184.581 942.898
1170 700.821 886.432
1171 65.726 1069.98
1172 972.819 338.77
1173 1092.02 711.319
1174 503.643 163.684
1175 207.833 698.08
1176 1056.67 86.7878
1177 609.562 292.892
1178 398.167 485.5
1179 68.0588 235.3
1180 53.5236 806.742
1181 818.526 482.18
1182 963.324 191.037
1183 961.207 880.08
1184 685.376 623.204
1185 971.806 906.635
1186 342.575 150.551
1187 1045.73 418.193
1188 81.8399 450.297
1189 36.2396 552.563
1190 971.849 98.0641
1191 150.367 521.362
1192 476.374 391.056
1193 887.29 856.946
1194 987.295 105.71
1195 392.986 989.578
1196 58.0963 436.69
1197 972.518 359.965
1198 1089.95 275.551
1199 1037.34 221.717
1200 617.035 427.754
1201 408.327 490.104
1202 547.572 720.288
1203 984.379 1007.99
1204 263.439 344.52
1205 751.269 567.063
1206 352.974 179.436
1207 730.463 834.213
1208 867.804 923.083
1209 192.858 136.644
1210 156.77 898.11
1211 860.657 1002.91
1212 552.369 906.696
1213 393.286 513.51
1214 641.681 290.652
1215 455.736 627.717
1216 374.598 1070.94
1217 534.467 928.69
1218 760.908 277.891
1219 811.513 900.684
1220 220.606 61.9149
1221 663.646 603.77
1222 621.818 435.911
1223 139.448 35.4038
1224 200.797 307.779
1225 757.989 139.987
1226 367.845 663.311
1227 255.913 653.951
1228 348.847 797.037
1229 129.437 674.521
1230 1046.06 174.99
1231 900.844 362.193
1232 59.2404 701.233
1233 463.526 1000.34
1234 16.2476 863.475
1235 363.533 651.945
1236 1071.41 38.1786
1237 933.744 592.404
1238 767.661 1025.81
1239 147.533 796
1240 386.4 340.632
1241 240.438 15.9133
1242 703.37 767.55
1243 564.923 505.181
1244 597.652 558.882
1245 399.662 368.38
1246 367.332 311.68
1247 806.39 976.205
1248 720.019 120.664
1249 121.423 1039.58
1250 931.742 341.635
1251 384.327 311.356
1252 1.97245 670.533
1253 978.268 1007.29
1254 247.927 537.81
1255 858.952 310.143
1256 3.00882 762.813
1257 444.024 51.0596
1258 172.205 21.0283
1259 304.593 1055.33
1260 387.737 747.468
1261 1094.41 80.6699
1262 607.347 1073.85
1263 648.067 1019.22
1264 945.606 552.62
1265 899.17 661.015
1266 449.896 367.889
1267 9.86225 280.46
1268 827.393 205.746
1269 1024.4 468.483
1270 614.457 78.7977
1271 184.801 624.13
1272 972.76 1079.88
1273 34.1396 829.9
1274 1047.37 624.702
1275 39.0028 798.708
1276 66.1606 54.8608
1277 942.764 249.742
1278 206.739 1075.39
1279 732.815 117.722
1280 265.177 292.033
1281 1025.24 459.223
1282 536.847 242.277
1283 472.786 755.726
1284 544.262 582.876
1285 298.069 95.8242
1286 452.393 658.875
1287 985.981 508.869
1288 239.87 160.27
1289 782.351 897.398
1290 38.4461 1016.62
1291 760.017 935.978
1292 672.739 431.331
1293 892.851 569.948
1294 1023.17 776.787
1295 575.287 128.844
1296 503.242 1060.72
1297 748.55 704.007
1298 918.031 89.4289
1299 902.804 445.75
1300 93.6746 494.56
1301 680.094 511.142
1302 851.426 284.104
1303 911.494 35.8817
1304 112.965 352.634
1305 250.2 466.702
1306 768.479 122.192
1307 406.626 575.487
1308 101.063 563.753
1309 852.232 1055.17
1310 88.9043 734.253
1311 224.726 279.386
1312 206.598 8
1313 373.228 316.495
1314 56.4424 700.163
1315 547.277 886.242
1316 156.03 335.861
1317 37.7106 922.806
1318 879.612 239.713
1319 183.371 528.56
1320 932.776 471.225
1321 837.99 651.744
1322 109.026 990.915
1323 1072.82 9.12676
1324 637.094 105.911
1325 452.059 853.97
1326 79.449 129.077
1327 50.4739 772.732
1328 853.904 538.713
1329 773.668 663.789
1330 1036.34 264.352
1331 299.779 728.636
1332 1009.49 202.928
1333 1.00294 329.767
1334 521.462 150.117
1335 445.245 406
1336 202.728 196.252
1337 1078.68 304.436
1338 123.094 597.829
1339 999.035 817.206
1340 325.02 642.46
1341 384.929 605.642
1342 1089.37 652.49
1343 39.0835 729.142
1344 990.538 17.6617
1345 960.115 518.463
1346 959.555 690.769
1347 211.377 511.777
1348 697.837 178.657
1349 122.726 8.46804
1350 551.417 480.81
1351 499.932 975.336
1352 563.719 910.747
1353 198.348 110.658
1354 704.432 720.312
1355 985.197 1034.88
1356 404.122 702.961
1357 351.547 450.187
1358 650.44 512.436
1359 241.042 278.153
1360 323.181 395.67
1361 924.243 786.85
1362 580.608 350.136
1363 815.859 26.3538
1364 889.331 725.002
1365 297.138 531.134
1366 163.454 808.805
1367 672.238 213.894
1368 203.69 655.02
1369 590.005 721.449
1370 953.897 624.732
1371 200.978 957.808
1372 462.264 282.829
1373 707.374 1078.64
1374 688.077 316.093
1375 965.907 846.883
1376 717.637 933.179
1377 355.598 923.14
1378 200.321 102.544
1379 1082.3 216.846
1380 554.292 66.9964
1381 359.755 425.09
1382 322.955 737.83
1383 535.46 894.666
1384 333.506 943.667
1385 504.454 936.345
1386 870.309 702.336
1387 37.3647 238.666
1388 613.332 612.539
1389 59.7107 944.703
1390 858.527 215.709
1391 216.167 1087.35
1392 111.433 339.228
1393 813.558 792.858
1394 800.881 717.146
1395 1011.91 380.75
1396 861.322 108.027
1397 632.621 438.596
1398 294.664 647.532
1399 575.384 1095.25
1400 192.799 608.35
1401 106.855 853.703
1402 860.612 764.107
1403 185.336 254.523
1404 225.06 433.949
1405 76.68 23.0107
1406 582.164 681.775
1407 391.474 1024.9
1408 582.073 584.815
1409 33.5713 416.932
1410 1080.51 507.732
1411 348.164 66.963
1412 1087.66 545.7
1413 595.802 242.277
1414 40.2513 640.545
1415 658.832 382.02
1416 230.944 848.163
1417 782.906 557.177
1418 739.134 377.34
1419 924.31 498.839
1420 815.082 742.487
1421 160.595 871.054
1422 944.963 535.781
1423 422.037 539.95
1424 461.687 474.357
1425 1084.57 1029.16
1426 1046.94 617.855
1427 22.5327 360.858
1428 250.543 583.521
1429 806.297 1044.66
1430 1042.92 740.876
1431 622.647 372.402
1432 558.103 712.231
1433 492.47 222.285
1434 367.6 891.958
1435 694.173 1006.72
1436 331.204 754.957
1437 742.552 1082.37
1438 841.133 814.23
1439 527.069 1064.65
1440 626.604 0
1441 458.149 338.091
1442 934.065 814.197
1443 491.474 143.421
1444 162.075 487.095
1445 270.827 122.726
1446 732.035 421.479
1447 574.835 958.009
1448 935.415 254.814
1449 522.398 1016.06
1450 507.162 287.72
1451 672.61 123.906
1452 481.846 417.033
1453 389.475 761.633
1454 250.022 259.661
1455 753.342 680.829
1456 499.972 58.8157
1457 646.818 194.036
1458 290.993 776.085
1459 737.82 234.965
1460 155.188 388.74
1461 856.21 914.218
1462 6.21823 154.52
1463 529.695 120.921
1464 399.09 552.664
1465 515.116 735.366
1466 453.668 13.115
1467 836.051 843.149
1468 431.298 679.335
1469 805.996 1034.64
1470 1083.18 748.939
1471 536.239 300.257
1472 612.319 190.635
1473 658.854 80.0446
1474 607.949 156.392
1475 1.67157 969.71
1476 813.251 315.802
1477 188.152 159.568
1478 484.277 745.228
1479 243.491 802.921
1480 226.23 209.09
1481 516.815 793.794
1482 165.151 474.167
1483 1002.51 830.211
1484 1040.72 37.219
1485 162.811 698.023
1486 767.773 670.208
1487 584.302 537.977
1488 483.658 831.314
1489 386.533 138.483
1490 1048.67 946.676
1491 173.743 425.715
1492 88.7602 427.664
1493 662.342 380.96
1494 983.718 389.174
1495 658.798 21.9016
1496 360.927 11.6381
1497 782.483 772.475
1498 955.267 1057.34
1499 805.098 821.485
1500 852.989 564.899
1501 1050.51 1034.37
1502 87.7573 1003.48
1503 1028.91 228.981
