1 189.689 216.344
2 577.727 355.948
3 326.591 535.547
4 426.929 772.732
5 713.358 566.872
6 723.343 527.69
7 1060.29 684.407
8 537.651 707.986
9 523.635 367.621
10 940.859 402.714
11 523.577 813.686
12 103.737 967.57
13 1007.58 1047.61
14 83.3109 271.74
15 659.573 228.814
16 387.283 1072.85
17 97.1515 20.2928
18 35.805 711.787
19 268.562 168.337
20 101.063 245.296
21 915.43 448.018
22 841.094 376.046
23 928.194 420.677
24 60.6371 555.796
25 318.902 60.2866
26 790.284 111.059
27 927.419 250.578
28 412.199 294.941
29 274.605 976.239
30 706.672 748.829
31 69.8715 461.095
32 657.035 296.981
33 783.163 743.69
34 504.884 698.725
35 1041.49 1065.94
36 763.338 604.348
37 722.92 976.162
38 883.791 192.698
39 79.3326 48.676
40 876.205 282.829
41 365.271 673.007
42 605.542 124.732
43 496.121 926.583
44 960.237 619.025
45 769.622 416.521
46 169.33 517.287
47 98.6704 852.075
48 92.7051 206.004
49 284.166 434.741
50 691.461 873.127
51 429.351 837.823
52 210.677 853.135
53 912.885 8.69215
54 161.039 402.757
55 171.145 923.04
56 840.297 772.709
57 666.955 321.71
58 704.399 823.324
59 160.504 129.389
60 783.865 1077.2
61 500.2 935.041
62 140.579 331.649
63 391.329 691.728
64 539.515 651.42
65 295.12 993.389
66 836.528 326.858
67 106.186 386.677
68 18.0195 618.055
69 307.334 787.753
70 278.383 513.506
71 707.073 32.3281
72 476.096 585.617
73 401.853 546.345
74 318.879 531.324
75 854.505 959.781
76 482.816 677.964
77 978.359 368.347
78 256.519 645.135
79 700.958 820.439
80 754.652 116.441
81 969.141 567.196
82 141.95 144.066
83 259.67 767.794
84 382.956 942.129
85 1088.07 663.315
86 1006.18 230.108
87 578.577 183.705
88 1018.8 777.346
89 773.059 213.503
90 439.89 75.2874
91 797.705 33.6988
92 738.064 137.847
93 74.9531 470.145
94 483.618 524.682
95 522.532 1074.12
96 635.939 1068.9
97 405.155 668.025
98 589.896 31.5022
99 786.941 667.424
100 588.225 284.806
101 201.324 245.353
102 444.58 500.176
103 1027.94 1032.9
104 469.142 423.451
105 306.19 671.679
106 491.875 855.007
107 827.66 140.412
108 335.718 616.708
109 632.989 57.2679
110 170.935 604.071
111 284.467 319.704
112 313.92 949.393
113 679.058 51.6279
114 552.689 298.981
115 474.324 264.385
116 33.7991 479.606
117 874.976 77.8282
118 825.203 889.451
119 280.924 19.701
120 969.576 443.911
121 668.836 604.105
122 793.073 389.585
123 115.549 119.12
124 1082.5 160.207
125 161.321 624.698
126 975.761 480.452
127 283.123 895.557
128 948.269 740.28
129 223.882 572.087
130 184.006 690.324
131 528.357 149.572
132 787.208 560.477
133 672.405 665.919
134 98.5222 290.589
135 1092.05 64.4321
136 615.868 1047.07
137 926.115 664.023
138 436.413 967.737
139 639.837 337.623
140 114.736 92.4476
141 843.206 499.13
142 102.283 773.367
143 562.884 394.059
144 884.961 101.23
145 162.839 37.8109
146 970.211 631.752
147 589.523 791.597
148 1062.31 1067.33
149 501.036 776.721
150 77.0927 958.386
151 888.983 838.468
152 736.426 842.57
153 332.214 654.73
154 148.105 301.388
155 758.658 257.121
156 492.11 908.975
157 981.997 64.6937
158 837.389 710.493
159 355.977 1051.56
160 1009.36 43.1264
161 708.102 644.332
162 632.862 965.464
163 383.391 729.004
164 185.243 980.886
165 447.469 302.253
166 882.024 908.902
167 248.295 131.796
168 1013.77 732.414
169 787.903 1021.13
170 135.65 272.198
171 997.658 893.53
172 976.188 30.4225
173 681.197 265.278
174 859.052 643.162
175 750.241 471.583
176 288.596 495.59
177 32.0491 32.8395
178 925.772 874.875
179 784.6 1090.67
180 323.207 305.706
181 881.25 987.906
182 592.805 798.484
183 753.81 71.787
184 620.16 837.398
185 1031.29 628.476
186 939.822 269.299
187 471.984 243.19
188 378.844 646.997
189 878.944 597.829
190 798.876 655.188
191 1000.59 967.136
192 861.57 296.971
193 382.827 994.359
194 1009.4 925.614
195 240.545 445.148
196 536.527 329.208
197 902.771 939.187
198 346.884 333.01
199 859.825 619.019
200 99.0905 146.071
201 198.917 271.529
202 605.308 434.206
203 603.997 506.418
204 687.515 21.3332
205 964.729 496.288
206 503.473 429.994
207 176.183 50.4479
208 58.1037 911.449
209 297.097 932.31
210 842.102 978.312
211 327.293 669.663
212 993.115 462.456
213 0.802352 461.353
214 722.759 919.429
215 786.111 792.233
216 725.46 227.935
217 747.05 940.227
218 340.036 896.906
219 1.50441 431.241
220 482.548 527.413
221 534.5 112.43
222 486.295 201.792
223 813.267 411.103
224 173.041 67.2404
225 537.251 500.4
226 394.29 411.373
227 969.409 108.249
228 994.823 360.801
229 776.477 779.395
230 18.5544 89.6629
231 848.02 725.537
232 267.945 233.628
233 679.565 753.61
234 995.82 614.101
235 254.145 1048.14
236 987.289 825.163
237 916.052 216.401
238 1057.23 293.37
239 916.926 574.986
240 755.826 767.952
241 1063.69 532.103
242 43.9288 582.144
243 446.977 185.253
244 817.664 99.9263
245 196.567 819.369
246 628.544 925.447
247 43.9957 834.39
248 520.625 464.83
249 308.613 1014.15
250 722.175 501.146
251 294.062 759.36
252 1005.01 960.626
253 54.0176 911.372
254 474.391 1024.95
255 205.474 491.01
256 508.558 602.734
257 435.31 413.255
258 500.534 343.574
259 819.513 719.012
260 787.175 462.822
261 549.946 888.582
262 356.111 582.016
263 315.954 551.049
264 625.638 526.176
265 150.685 1004.59
266 148.992 442.073
267 771.863 500.133
268 280.906 853.97
269 1004.1 759.895
270 779.453 695.215
271 173.275 840.039
272 466.578 342.337
273 188.185 112.229
274 886.767 258.969
275 454.432 678.489
276 954.977 793.426
277 260.531 779.094
278 480.041 377.239
279 250.024 132.488
280 354.707 809.55
281 183.237 658.163
282 599.524 327.393
283 483.076 1060.58
284 629.713 364.502
285 985.389 281.769
286 119.572 387.436
287 489.268 450.464
288 313.712 849.701
289 959.58 160.638
290 45.1323 1063.36
291 87.189 1005.55
292 296.849 468.607
293 813.171 595.255
294 33.2642 392.083
295 578.312 615.304
296 284.166 49.8895
297 918.684 854.238
298 732.474 108.384
299 962.343 151.344
300 416.688 812.459
301 823.435 181.135
302 431.25 467.514
303 584.447 693.901
304 173.876 1030.29
305 285.817 960.76
306 502.072 966.532
307 819.175 991.841
308 973.917 74.6955
309 136.534 413.322
310 1016.44 200.521
311 460.895 627.306
312 96.2489 806.097
313 808.178 953.773
314 501.169 496.125
315 403.516 917.099
316 878.877 74.9197
317 838.258 152.146
318 481.077 104.884
319 8.69215 938.328
320 317.822 85.2599
321 814.882 354.172
322 1010.11 581.906
323 655.684 558.838
324 605.609 891.18
325 247.532 777.055
326 7.2546 540.294
327 233.685 197.623
328 953.958 627.851
329 780.385 961.519
330 966.741 303.12
331 226.266 320.717
332 880.08 375.702
333 1090.62 803.131
334 1057.12 708.912
335 740.947 726.096
336 20.3263 583.009
337 936.379 706.481
338 945.376 889.943
339 710.717 393.621
340 521.807 825.086
341 1059.45 1081.51
342 943.536 743.246
343 457.808 1033.27
344 675.391 1017.23
345 497.03 615.871
346 554.693 850.838
347 894.51 314.288
348 1038.18 460.895
349 357.248 1042.17
350 128.08 189.098
351 711.915 181.108
352 427.453 617.477
353 661.172 293.761
354 1018.99 912.953
355 473.221 211.453
356 929.291 510.497
357 127.911 662.409
358 235.483 635.229
359 143.441 989.277
360 822.311 817.029
361 346.477 161.851
362 4.01176 761.366
363 59.6081 696.218
364 653.683 395.961
365 320.473 592.341
366 330.111 627.784
367 581.616 203.306
368 914.238 401.554
369 87.3561 893.128
370 6.85343 311.313
371 1028.29 1054.02
372 766.681 1012.2
373 369.216 528.153
374 446.108 793.737
375 424.97 834.517
376 4.07862 67.5078
377 500.166 954.04
378 120.225 93.6412
379 656.96 337.289
380 694.519 1035.8
381 957.24 904.519
382 784.015 33.2348
383 720.837 961.562
384 1005.72 113.299
385 134.294 800.417
386 469.109 14.3086
387 554.784 749.006
388 562.248 236.995
389 455.172 603.212
390 626.04 744.249
391 648.903 532.833
392 650.85 603.178
393 720.369 507.254
394 298.141 390.98
395 146.606 156.697
396 20.7943 414.592
397 197.281 758.357
398 528.802 580.947
399 206.193 887.133
400 417.686 487.673
401 375.568 305.94
402 760.257 331.973
403 188.713 373.706
404 715.097 634.661
405 1082.08 381.623
406 816.995 249.675
407 965.347 492.387
408 756.317 792.423
409 929.492 710.817
410 293.828 237.296
411 1009.39 179.259
412 471.115 254.857
413 553.958 106.288
414 1008.65 988.268
415 581.93 722.017
416 574.042 990.614
417 641.037 158.13
418 160.337 159.936
419 445.707 464.305
420 927.318 788.248
421 765.593 90.2312
422 915.417 349.324
423 1023.47 872.234
424 96.6917 192.364
425 440.525 330.703
426 36.997 689.455
427 465.357 852.7
428 848.809 1060.18
429 33.0855 56.2749
430 174.177 906.829
431 131.895 1027.09
432 836.319 512.503
433 242 34.2671
434 990.762 424.856
435 292.759 1067.06
436 820.27 573.515
437 40.9868 657.437
438 417.169 240.035
439 732.725 865.003
440 924.365 319.179
441 139.342 588.191
442 140.406 895.024
443 96.4755 993.647
444 955 844.452
445 809.987 833.009
446 336.713 1093.85
447 657.829 678.122
448 190.363 756.823
449 701.864 1069.45
450 458.143 657.829
451 1082.23 426.026
452 988.357 807.802
453 917.133 1060.69
454 141.028 932.969
455 615.906 469.687
456 838.224 278.46
457 515.402 633.658
458 595.312 663.589
459 918.381 752.105
460 868.287 621.589
461 598.622 774.404
462 755.818 1036.51
463 568.312 1012.07
464 970.111 988.966
465 506.351 270.871
466 207.375 923.384
467 671.335 812.826
468 923.407 681.274
469 1031.75 813.629
470 380.382 162.41
471 315.982 178.356
472 316.06 512.011
473 708.076 148.134
474 424.411 116.546
475 443.809 1079.47
476 385.34 356.288
477 723.989 523.802
478 592.37 552.351
479 910.6 179.235
480 15.9133 358.685
481 400.775 286.483
482 414.549 248.973
483 284.101 703.697
484 893.754 768.955
485 715.138 209.457
486 486.385 884.259
487 994.312 555.83
488 823.019 90.6658
489 139.776 240.114
490 800.915 479.349
491 514.147 337.633
492 192.138 863.966
493 944.413 921.702
494 671.736 661.616
495 293.27 568.099
496 528.556 12.0452
497 544.764 869.683
498 325.588 962.465
499 187.617 424.956
500 894.865 424.421
501 362.362 77.5942
502 920.8 136.433
503 516.581 57.6397
504 595.914 110.992
505 639.532 806.575
506 563.151 263.549
507 10.7315 828.563
508 612.462 1081.81
509 1041.12 792.199
510 704.465 703.162
511 845.971 382.053
512 761.366 491.575
513 281.685 827.603
514 859.566 233.294
515 224.769 555.228
516 665.511 375.902
517 469.844 388.807
518 302.955 644.767
519 960.371 684.975
520 787.275 937.62
521 277.392 8.16716
522 102.969 777.613
523 169.23 392.494
524 895.559 99.7356
525 468.173 549.822
526 201.528 992.075
527 134.528 249.431
528 778.074 901.587
529 238.466 371.322
530 935.919 128.353
531 1066.14 857.056
532 645.57 771.299
533 248.395 216.067
534 809.059 110.601
535 444.002 851.707
536 1020.98 327.159
537 243.18 592.537
538 586.854 713.425
539 62.1551 113.041
540 447.316 868.48
541 390.056 140.221
542 1086.31 470.389
543 900.35 189.365
544 122.432 644.594
545 582.043 132.722
546 182.167 496.389
547 246.266 739.401
548 920.983 1015.41
549 304.76 741.551
550 163.379 205.713
551 1091.82 104.611
552 489.656 359.086
553 302.921 810.586
554 118.782 1050.32
555 1041.93 914.615
556 755.964 541.521
557 175.075 526.587
558 90.9667 1065.52
559 174.846 348.459
560 999.063 826.356
561 22.4993 890.678
562 43.6007 864.969
563 406.291 249.331
564 666.855 316.459
565 275.556 808.347
566 975.025 704.609
567 380.337 171.904
568 1054.6 72.9237
569 1014.78 483.618
570 592.447 470.255
571 1028.87 247.435
572 778.031 821.709
573 1086.75 140.713
574 102.032 675.38
575 1016.28 214.328
576 369.761 1006.86
577 987.462 519.801
578 85.8402 288.255
579 22.8336 345.055
580 357.124 702.694
581 740.535 246.723
582 561.972 739.846
583 855.519 636.165
584 1048.84 776.821
585 776.343 345.179
586 1022.77 744.125
587 60.9454 86.6305
588 602.872 152.982
589 395.225 467.604
590 317.096 816.895
591 791.277 80.0012
592 675.313 88.0347
593 273.16 244.46
594 1003.44 599.023
595 132.751 0.668627
596 947.339 878.008
597 742.94 200.592
598 780.057 915.394
599 948.581 748.963
600 869.917 814.225
601 153.478 1082.61
602 801.193 223.03
603 133.33 350.27
604 964.561 664.348
605 658.364 631.786
606 646.94 671.813
607 653.143 860.289
608 246.155 35.8483
609 784.3 203.162
610 16.8828 190.903
611 332.274 29.0853
612 7.12088 541.053
613 104.53 537.452
614 439.221 32.2947
615 804.62 151.22
616 390.219 192.531
617 963.659 135.674
618 1047.04 404.921
619 593.172 9.77186
620 7.99009 854.472
621 519.661 564.732
622 916.42 454.108
623 792.29 1042.67
624 129.753 399.137
625 390.98 710.216
626 413.084 554.894
627 384.494 7.58892
628 418.226 193.2
629 324.217 297.071
630 313.586 726.507
631 136.3 713.759
632 344.61 1084.48
633 267.183 1021.7
634 748.862 17.5555
635 106.92 1043.97
636 379.396 265.455
637 316.561 207.542
638 543.82 123.796
639 1088.02 218.846
640 577.393 684.851
641 581.478 401.544
642 234.32 910.473
643 264.943 451.825
644 463.392 729.338
645 797.405 131.251
646 968.774 845.88
647 481.939 833.644
648 719.71 859.196
649 209.681 302.831
650 791.487 516.982
651 130.917 546.902
652 884.092 341.411
653 585.177 658.13
654 979.238 385.998
655 240.341 68.6346
656 644.857 230.543
657 871.981 682.234
658 987.167 795.843
659 85.8934 821.05
660 69.5706 169.898
661 212.701 463.793
662 962.823 351.273
663 247.225 101.568
664 989.909 22.0647
665 812.449 955.244
666 409.914 276.688
667 766.414 44.096
668 506.93 1056.47
669 786.005 975.293
670 187.574 99.592
671 1039.88 551.46
672 959.079 80.9373
673 1034.37 937.816
674 940.725 1092.51
675 220.524 177.497
676 316.605 286.784
677 730.8 794.195
678 397.134 69.3465
679 170.66 952.091
680 76.1962 877.54
681 397.566 139.442
682 651.894 472.519
683 300.782 308.906
684 826.089 979.773
685 320.172 913.913
686 732.414 596.181
687 299.679 688.395
688 442.588 161.578
689 762.192 998.327
690 465.465 656.702
691 611.058 216.043
692 77.0593 737.629
693 552.453 177.865
694 96.0627 146.606
695 422.773 696.017
696 674.956 725.159
697 46.4027 437.583
698 220.94 653.961
699 751.378 65.8697
700 62.1749 1093.85
701 7.18774 174.813
702 452.85 1049.64
703 557.501 917.227
704 771.83 186.313
705 511.065 239.713
706 669.019 888.944
707 554.058 84.9531
708 134.494 1024.34
709 996.756 24.4049
710 415.692 1042.73
711 327.393 936.717
712 459.23 1022.04
713 98.9003 981.187
714 899.27 214.104
715 656.364 447.98
716 198.081 788.345
717 828.228 1002.25
718 521.357 278.149
719 165.82 150.876
720 938.617 38.8138
721 418.226 553.824
722 658.23 457.752
723 832.233 875.61
724 932.442 536.884
725 618.647 851.296
726 79.5666 73.6926
727 869.857 26.3105
728 649.414 816.732
729 730.853 611.603
730 240.137 749.33
731 131.218 379.045
732 326.057 872.324
733 652.279 480.542
734 951.879 857.247
735 631.117 1059.32
736 284.002 737.863
737 192.101 908.397
738 301.249 724.725
739 140.011 17.3942
740 42.4578 710.989
741 575.747 1057.83
742 1067.69 968.55
743 299.511 254.055
744 51.5511 793.894
745 1038.87 359.564
746 402.902 451.734
747 771.128 705.345
748 397.867 645.864
749 469.406 984.43
750 132.154 118.557
751 967.368 426.016
752 33.6988 735.901
753 484.955 30.8002
754 374.297 765.387
755 495.62 66.1606
756 337.584 792.691
757 971.716 185.32
758 526.648 878.82
759 389.174 91.9362
760 202.661 947.956
761 806.223 543.293
762 839.762 218.651
763 415.719 1080.33
764 330.859 95.7573
765 587.399 548.341
766 939.628 274.18
767 516.682 693.71
768 494.543 65.8598
769 491.654 571.285
770 145.426 1061.92
771 823.741 6.15137
772 963.458 1019.97
773 54.0251 216
774 324.585 105.854
775 1008.52 968.673
776 269.634 680.295
777 291.796 587.359
778 838.024 138.182
779 204.441 778.225
780 913.07 366.842
781 855.886 865.113
782 823.804 1043.89
783 580.833 755.415
784 844.765 849.467
785 689.852 142.217
786 92.9474 1082.99
787 309.516 363.131
788 1052.35 810.175
789 1022.59 262.737
790 89.1614 357.147
791 315.187 360.801
792 980.074 158.207
793 454.276 19.8917
794 646.629 713.96
795 876.737 949.885
796 576.089 945.716
797 180.799 1008.49
798 880.381 229.884
799 183.078 669.974
800 920.643 569.112
801 531.651 480.987
802 99.8875 9.82882
803 391.653 867.347
804 953.496 233.551
805 525.734 756.15
806 316.027 386.638
807 150.207 248.906
808 843.072 1094.45
809 392.217 181.064
810 620.376 976.028
811 537.366 1083.94
812 1016.8 946.151
813 927.59 163.623
814 897.832 241.05
815 946.157 537.376
816 806.03 259.337
817 230.185 989.678
818 690.625 460.851
819 175.849 408.865
820 768.802 181.499
821 201.591 323.181
822 645.693 256.82
823 191.963 714.194
824 23.2014 1043.76
825 198.896 735.399
826 483.056 1009.1
827 498.554 864.267
828 490.444 711.697
829 427.969 893.73
830 956.103 7.18774
831 690.566 579.365
832 617.008 32.1944
833 64.6447 265.722
834 1005.89 318.304
835 684.935 427.29
836 340.487 17.1936
837 1000.31 866.039
838 1063.27 199.361
839 318.2 494.583
840 609.721 991.942
841 863.298 392.628
842 458.604 120.821
843 590.848 9.76195
844 740.778 767.828
845 427.798 40.8531
846 126.859 511.938
847 284.71 255.148
848 56.6096 242.615
849 924.625 24.8828
850 461.853 404.663
851 600.123 311.985
852 729.805 748.705
853 949.547 1044.97
854 69.8047 131.657
855 1044.26 641.481
856 830 1014.27
857 638.879 615.471
858 724.912 345.881
859 723.402 1078.94
860 484.444 742.443
861 682.936 576.166
862 48.9183 231.288
863 1036.04 1034
864 420.659 941.27
865 398.201 584.48
866 933.227 692.306
867 510.798 425.748
868 304.058 984.854
869 722.306 1038.92
870 493.237 498.371
871 685.086 393.397
872 211.593 262.68
873 27.2131 1034.08
874 1074.49 41.7991
875 881.111 436.657
876 219.509 450.153
877 762.326 285.838
878 597.063 514.843
879 709.221 973.12
880 955.267 546.97
881 881.479 910.536
882 797.271 969.887
883 780.622 490.682
884 529.486 276.745
885 445.534 267.561
886 747.157 272.098
887 323.214 571.084
888 786.75 812.984
889 527.04 304.827
890 408.506 747.234
891 655.923 181.833
892 778.485 169.173
893 690.558 356.144
894 1060.96 721.215
895 207.468 360.4
896 1082.66 163.981
897 816.772 159.31
898 446.99 997.601
899 371.358 288.212
900 806.297 490.973
901 81.142 606.254
902 69.7816 336.329
903 560.042 814.297
904 728.737 449.628
905 583.44 321.676
906 92.6383 700.989
907 1007.09 299.612
908 830.602 890.086
909 422.805 666.196
910 957.939 1024.8
911 566.361 374.999
912 567.932 740.341
913 184.976 625.042
914 955.435 282.328
915 839.831 730.713
916 340.331 599.391
917 740.471 739.702
918 40.2513 375.912
919 285.437 116.445
920 1069.89 13.9074
921 896.842 550.056
922 462.255 41.2877
923 137.771 578.099
924 716.497 412.82
925 208.515 840.13
926 0.668627 572.077
927 842.392 692.397
928 1029.61 200.458
929 1018.12 345.59
930 654.008 513.315
931 304.735 1076.42
932 764.454 618.313
933 380.048 375.601
934 9.12676 449.351
935 240.004 82.4751
936 1035.5 268.587
937 598.221 325.096
938 9.26048 1068.8
939 638.099 93.5174
940 253.744 531.1
941 45.4237 444.045
942 45.408 129.546
943 269.59 150.579
944 154.219 420.199
945 488.946 443.467
946 212.289 94.2096
947 891.447 1067.13
948 1030.35 951.924
949 129.078 184.34
950 118.872 720.914
951 475.237 923.006
952 305.923 132.221
953 644.857 35.3369
954 584.213 1060.48
955 397.298 622.368
956 759.281 105.844
957 203.898 553.065
958 22.3656 759.57
959 348.845 548.552
960 621.749 221.349
961 330.168 981.22
962 859.943 354.807
963 306.432 1072.05
964 98.8231 604.382
965 201.027 217.203
966 430.027 894.222
967 357.448 965.932
968 838.186 170.476
969 59.5747 526.687
970 711.563 1005.82
971 770.57 987.261
972 549.277 506.328
973 395.76 341.478
974 580.744 576.323
975 698.511 712.994
976 935.71 532.538
977 541.075 320.851
978 355.776 1060.82
979 261.532 1008.49
980 698.566 1040.78
981 215.808 1085.09
982 444.085 396.071
983 213.459 120.955
984 148.066 852.499
985 274.538 236.865
986 1082.36 755.615
987 331.672 854.214
988 397.733 91.9068
989 554.019 913.445
990 475.728 988.14
991 672.405 557.869
992 242.517 205.646
993 510.63 726.172
994 1016.51 318.778
995 392.927 428.824
996 787.932 118.514
997 203.998 188.396
998 55.5712 909.878
999 863.44 48.5089
1000 846.783 848.498
1001 778.315 413.847
1002 1085.32 3.71088
1003 754.546 929.726
1004 91.7282 803.422
1005 89.2617 554.526
1006 58.3262 746.833
1007 872.659 66.5618
1008 255.917 277.557
1009 480.085 1042.4
1010 44.6036 602.343
1011 593.096 210.417
1012 439.388 300.491
1013 675.447 854.382
1014 954.554 322.746
1015 477.091 56.3318
1016 24.1416 997.759
1017 549.578 420.165
1018 972.618 893.754
1019 996.956 248.061
1020 24.0706 201.156
1021 98.2399 789.525
1022 262.938 653.526
1023 982.137 594.343
1024 173.2 304.426
1025 1093.96 85.8517
1026 504.006 225.996
1027 130.215 808.872
1028 151.519 835.516
1029 402.112 350.829
1030 611.727 505.28
1031 367.979 316.896
1032 842.136 872.859
1033 267.024 110.902
1034 893.943 347.82
1035 1089.4 129.847
1036 572.244 954.241
1037 214.429 1018.85
1038 549.143 450.822
1039 720.735 146.874
1040 1090.11 755.358
1041 922.395 297.506
1042 1008.47 1000.1
1043 558.437 54.1018
1044 1090.64 390.388
1045 543.06 93.9186
1046 922.712 827.87
1047 188.118 428.155
1048 1089.23 893.921
1049 748.65 959.657
1050 981.845 673.408
1051 585.839 268.521
1052 457.241 1071.47
1053 211.009 953.964
1054 639.91 956.504
1055 857.495 810.052
1056 554.717 379.021
1057 660.57 228.875
1058 1076.6 611.804
1059 102.634 501.614
1060 248.871 668.226
1061 738.799 353.279
1062 413.412 727.677
1063 979.271 427.587
1064 169.706 613.632
1065 772.294 668.527
1066 848.922 209.859
1067 540.157 394.132
1068 96.5497 469.52
1069 435.9 538.99
1070 203.302 304.369
1071 6.41882 121.322
1072 32.9967 685.888
1073 565.658 1026.45
1074 646.562 991.517
1075 328.965 217.972
1076 64.1296 627.817
1077 404.118 224.067
1078 294.808 75.3976
1079 832.274 520.626
1080 745.447 1011.57
1081 360.724 1062.62
1082 784.241 239.837
1083 402.848 367.544
1084 879.412 148.813
1085 149.739 448.759
1086 238.773 518.621
1087 646.161 119.962
1088 873.202 479.573
1089 586.887 63.553
1090 374.945 369.059
1091 533.665 143.955
1092 804.626 760.573
1093 732.648 506.017
1094 102.613 37.6771
1095 1024.7 566.17
1096 825.499 314.031
1097 382.365 757.324
1098 937.056 509.236
1099 1030.02 828.706
1100 85.8183 262.479
1101 719.51 22.8101
1102 72.312 324.05
1103 1088.09 400.808
1104 368.219 877.483
1105 339.675 426.617
1106 385.998 325.187
1107 674.043 787.151
1108 847.819 738.776
1109 839.777 771.171
1110 668.493 125.969
1111 587.718 575.564
1112 984.058 533.431
1113 702.018 21.5298
1114 670.633 1084.11
1115 373.595 789.959
1116 201.448 1019.19
1117 614.142 1026.51
1118 579.258 897.274
1119 1040.58 874.808
1120 248.12 1086.79
1121 850.293 402.848
1122 776.638 437.158
1123 137.069 340.966
1124 900.411 288.045
1125 83.5784 653.426
1126 459.707 420.032
1127 924.811 181.308
1128 19.5239 530.025
1129 822.812 233.351
1130 683.805 541.464
1131 132.63 867.009
1132 428.746 66.2944
1133 32.5172 5.85049
1134 493.714 405.733
1135 855.583 343.116
1136 75.8817 968.416
1137 208.752 480.987
1138 493.284 402.547
1139 607.041 851.129
1140 510.731 223.288
1141 583.812 416.03
1142 680.796 884.66
1143 644.667 404.362
1144 1095.34 643.821
1145 117.801 592.48
1146 739.97 921.234
1147 1032.92 598.364
1148 997.435 120.095
1149 787.643 646.663
1150 1027.11 391.983
1151 923.341 647.837
1152 712.89 1051.12
1153 538.445 472.218
1154 1077.26 1031.23
1155 75.722 341.511
1156 22.6999 319.37
1157 539.482 436.379
1158 37.2091 1004.41
1159 811.88 212.088
1160 254.947 206.037
1161 567.151 841.577
1162 732.975 942.931
1163 600.728 568.935
1164 265.168 149.983
1165 75.8128 35.9486
1166 1072.16 937.814
1167 504.379 716.778
1168 112.947 158.063
1169 268.21 516.558
1170 491.882 990.003
1171 1093.38 493.055
1172 57.7359 311.089
1173 1039.68 626.848
1174 631.886 925.724
1175 715.698 644.991
1176 619.108 585.182
1177 1060.91 24.8395
1178 135.187 431.207
1179 427.654 105.887
1180 929.166 911.549
1181 501.303 811.985
1182 988.699 794.038
1183 263.996 549.822
1184 1038.11 258.926
1185 221.696 896.572
1186 953.72 359.855
1187 736.292 406.024
1188 185.577 625.534
1189 46.6033 834.915
1190 883.595 1031.42
1191 824.651 259.461
1192 337.222 276.778
1193 144.357 657.07
1194 718.105 316.561
1195 2.17304 382.856
1196 355.542 818.175
1197 898.434 696.743
1198 634.803 274.013
1199 671.502 856.946
1200 77.8678 64.2885
1201 907.384 645.493
1202 693.667 576.423
1203 278.908 818.744
1204 852.299 676.46
1205 1045.23 47.9406
1206 738.286 1022.2
1207 180.563 383.167
1208 601.084 440.926
1209 438.385 953.262
1210 940.466 550.681
1211 90.3315 365.371
1212 873.428 509.46
1213 797.466 540.595
1214 539.608 838.525
1215 618.634 370.663
1216 353.771 152.451
1217 1050.65 671.77
1218 531.96 546.473
1219 37.7774 18.521
1220 572.135 1057.54
1221 1072.4 587.365
1222 1055.22 283.398
1223 828.362 572.913
1224 403.271 504.747
1225 141.615 943.767
1226 1086.41 532.963
1227 317.675 49.9799
1228 368.727 778.392
1229 945.63 979.415
1230 262.21 624.307
1231 273.836 402.213
1232 256.084 497.091
1233 648.669 838.034
1234 820.94 129.523
1235 718.64 451.357
1236 312.282 164.415
1237 461.62 875.935
1238 444.439 742.243
1239 539.448 633.09
1240 56.3318 915.551
1241 373.586 1008.72
1242 926.921 1085.39
1243 272.043 972.595
1244 775.187 380.994
1245 972.32 474.291
1246 881.459 324.084
1247 612.138 291.187
1248 822.478 592.547
1249 648.539 525.307
1250 279.612 308.505
1251 803.025 343.484
1252 84.9156 227.099
1253 686.089 77.9718
1254 1041.62 301.661
1255 1056.83 893.095
1256 342.044 196.519
1257 1062.46 884.603
1258 1019.42 705.478
1259 65.8544 1023.81
1260 962.021 857.414
1261 494.021 268.654
1262 59.4335 954.742
1263 749.23 720.713
1264 373.963 895.058
1265 181.699 1000.23
1266 385.112 28.8553
1267 784.459 295.333
1268 791.647 608.685
1269 60.5388 500.477
1270 397.933 802.864
1271 772.522 1082.35
1272 853.268 453.797
1273 87.9579 82.251
1274 99.8594 195.339
1275 315.559 834.848
1276 392.528 476.975
1277 933.37 19.7245
1278 834.781 1003.81
1279 767.049 638.749
1280 250.411 787.619
1281 887.994 88.3591
1282 826.998 26.8553
1283 428.657 766.146
1284 9.66166 168.972
1285 972.451 45.7341
1286 890.778 492.41
1287 654.653 623.695
1288 948.851 729.944
1289 642.858 315.301
1290 783.163 898.11
1291 916.22 8.43461
1292 153.307 160.437
1293 832.006 541.531
1294 911.74 837.532
1295 316.862 46.4795
1296 137.135 554.97
1297 1094.3 426.818
1298 548.943 967.169
1299 195.651 268.353
1300 530.723 63.319
1301 293.5 253.42
1302 213.359 459.28
1303 224.533 87.366
1304 895.726 25.8759
1305 39.4061 255.827
1306 229.941 864.267
1307 450.621 821.92
1308 666.696 848.264
1309 916.32 913.077
1310 318.562 628.008
1311 906.531 61.6908
1312 872.785 120.062
1313 281.358 654.92
1314 818.801 410.313
1315 1054.16 833.51
1316 170.901 939.331
1317 549.845 524.504
1318 562.783 8
1319 490.899 945.883
1320 92.8723 549.187
1321 683.471 970.957
1322 320.506 551.617
1323 453.556 551.259
1324 268.313 990.705
1325 534.224 626.447
1326 934.908 568.567
1327 1041.51 369.326
1328 519.155 1035.08
1329 413.155 681.665
1330 406.594 117.01
1331 306.298 342.848
1332 1061.01 85.4939
1333 938.308 280.723
1334 638.104 694.947
1335 775.407 621.623
1336 214.897 852.409
1337 291.689 961.663
1338 1003.64 223.489
1339 604.038 254.991
1340 316.227 179.66
1341 247.526 170.099
1342 422.641 102.835
1343 238.6 1056.26
1344 929.993 192.163
1345 958.811 889.184
1346 222.018 457.919
1347 299.679 205.379
1348 962.489 212.155
1349 137.503 698.692
1350 262.77 328.965
1351 529.592 111.895
1352 358.718 640.321
1353 572.052 333.845
1354 562.282 906.969
1355 118.086 728.937
1356 693.099 10.1297
1357 698.556 0.835784
1358 1073.77 1052.76
1359 153.759 120.687
1360 709.14 100.294
1361 754.445 197.245
1362 717.994 905.398
1363 80.5361 746.288
1364 1053.52 595.89
1365 1094.08 238.643
1366 278.627 19.3902
1367 253.309 911.272
1368 1086.69 367.922
1369 802.754 463.125
1370 369.416 929.067
1371 365.204 37.219
1372 575.476 353.279
1373 203.129 822.344
1374 611.265 1009.57
1375 1092.32 334.217
1376 242.845 152.146
1377 1009.86 998.461
1378 148.992 103.413
1379 49.211 867.544
1380 81.2663 414.85
1381 15.0441 347.92
1382 788.746 919.362
1383 925.814 462.265
1384 604.038 484.821
1385 399.438 131.051
1386 970.144 494.426
1387 561.938 815.658
1388 207.764 141.147
1389 350.026 88.1585
1390 787.71 818.834
1391 199.05 529.419
1392 248.57 360.992
1393 373.033 407.839
1394 890.198 621.064
1395 693.4 68.7349
1396 151.348 767.35
1397 634.995 645.125
1398 30.177 481.144
1399 292.664 762.603
1400 214.84 688.127
1401 500.634 202.136
1402 307.435 1031.43
1403 1029.38 979.137
1404 174.852 265.655
1405 553.155 55.028
1406 70.607 491.374
1407 242.11 187.861
1408 73.4235 302.764
1409 939.512 760.196
1410 686.769 465.598
1411 108.184 571.342
1412 699.685 833.644
1413 289.382 487.874
1414 1088.67 356.823
1415 361.903 127.484
1416 81.4388 410.203
1417 1047.44 858.751
1418 844.903 1025.54
1419 891.634 232.181
1420 197.049 39.0912
1421 123.362 480.118
1422 779.653 692.239
1423 1089.82 1094.75
1424 301.283 468.784
1425 488.231 172.84
1426 363.291 8.26745
1427 191.127 817.306
1428 548.074 944.379
1429 238.254 263.138
1430 583.31 182.535
1431 1058.37 66.495
1432 35.1091 812.616
1433 984.486 462.165
1434 451.056 150.809
1435 443.473 278.359
1436 365.431 608.15
1437 140.412 205.937
1438 171.879 67.2069
1439 854.338 753.643
1440 1048.83 776.353
1441 1001.98 654.586
1442 909.767 191.833
1443 1068.4 566.003
1444 671.636 592.37
1445 605.174 135.564
1446 84.6816 1054.03
1447 752.64 256.997
1448 810.376 390.244
1449 388.262 250.979
1450 940.123 989.802
1451 992.113 624.24
1452 601.135 128.487
1453 1092.38 482.658
1454 904.728 898.21
1455 1052.65 302.32
1456 90.4652 914.926
1457 682.234 724.725
1458 459.654 822.044
1459 288.011 833.644
1460 672.427 163.121
1461 877.109 923.541
1462 926.65 92.9726
1463 443.359 700.821
1464 753.977 465.732
1465 920.332 628.777
1466 419.396 611.302
1467 47.9645 192.932
1468 770.559 1009.27
1469 1065.36 116.241
1470 853.135 1040.78
1471 489.089 312.951
1472 561.78 917.323
1473 559.373 861.258
1474 397.802 903.616
1475 293.126 582.675
1476 507.514 1025.11
1477 937.047 673.083
1478 524.631 900.651
1479 975.065 769.857
1480 363.165 530.121
1481 921.679 1016.35
1482 1066.59 710.951
1483 139.643 559.039
1484 998.157 826.356
1485 165.407 518.564
1486 270.065 702.369
1487 584.803 1093.45
1488 61.7069 1035.44
1489 714.695 0.468039
1490 592.27 255.817
1491 594.911 702.76
1492 861.227 14.2458
