1 64.5832 1100.65
2 1224.29 368.052
3 740.718 668.106
4 444.014 16.0589
5 1027.69 563.153
6 1105.39 348.278
7 804.8 247.378
8 398.385 185.681
9 22.0607 516.945
10 89.1734 129.979
11 255.823 856.537
12 69.2541 1077.38
13 702.054 470.351
14 262.077 210.705
15 413.733 403.596
16 271.513 499.641
17 435.885 494.362
18 539.982 73.8093
19 811.285 1106.99
20 959.968 199.742
21 1022.07 1072.56
22 1257.28 532.493
23 249.972 410.94
24 598.906 613.761
25 82.0424 1245.46
26 1210.79 599.855
27 30.2649 822.404
28 1130.11 607.306
29 385.368 685.13
30 217.501 615.73
31 503.956 553.145
32 1058.74 1186.9
33 120.712 838.539
34 510.836 484.393
35 17.9119 721.417
36 787.312 818.66
37 200.677 11.8144
38 711.534 734.426
39 930.375 1070.24
40 87.7085 905.756
41 914.277 913.352
42 450.421 268.448
43 787.544 999.823
44 610.703 1137.68
45 488.562 703.389
46 1132.04 927.258
47 133.958 223.121
48 555.541 912.502
49 815.261 215.446
50 1091.28 424.683
51 404.948 999.246
52 939.332 867.53
53 1112.89 196.461
54 40.8726 922.308
55 888.028 423.718
56 723.308 1180.72
57 975.997 632.552
58 848.561 728.327
59 452.275 585.109
60 1170.56 340.296
61 794.222 1200.21
62 257.638 308.092
63 280.105 459.31
64 856.319 1010.67
65 157.733 1259.59
66 407.495 1111.12
67 640.273 388.898
68 1099.81 358.855
69 1197.66 23.2777
70 436.631 920.609
71 57.6346 182.479
72 434.595 979.643
73 565.663 1008.7
74 147.233 778.511
75 54.0516 1213.45
76 957.865 1027.36
77 511.787 901.625
78 626.51 60.9948
79 322.761 132.457
80 240.675 1126.3
81 1166.59 1185.94
82 152.57 95.359
83 437.004 877.228
84 623.826 1059.36
85 907.947 964.655
86 491.435 1137.4
87 209.754 110.762
88 822.451 1117.25
89 941.337 246.761
90 1121.83 956.087
91 1260.98 1192.38
92 107.146 556.011
93 0.11581 49.6437
94 987.088 451.628
95 602.962 645.909
96 696.614 954.426
97 770.176 1234.77
98 1017.49 1257.35
99 1148.47 1045.03
100 81.7616 762.722
101 1072.28 426.758
102 740.602 462.205
103 531.139 695.407
104 881.291 94.8481
105 159.137 581.789
106 737.973 67.1401
107 303.972 587.55
108 273.697 715.751
109 1034.73 675.595
110 94.1532 156.622
111 1093.28 1024.88
112 68.4435 41.1215
113 1126.09 824.187
114 1087.45 1187.4
115 647.026 426.411
116 1174 1134.63
117 312.454 1164.13
118 689.408 759.604
119 479.182 969.674
120 175.683 171.591
121 620.469 474.202
122 1061.39 700.03
123 192.118 795.651
124 28.1803 327.094
125 230.858 442.586
126 554.706 794.193
127 328.127 972.994
128 392.914 857.454
129 560.155 145.534
130 753.374 856.684
131 738.116 1135.14
132 1041.4 753.11
133 1236.41 510.218
134 314.246 340.335
135 462.428 453.968
136 857.664 63.0868
137 244.234 834.224
138 152.088 626.028
139 421.431 705.405
140 827.084 542.809
141 395.871 704.277
142 1124.7 931.379
143 511.452 1166.44
144 459.61 852.783
145 1218.82 959.492
146 492.307 320.136
147 704.779 758.948
148 395.104 150.832
149 334.796 42.4249
150 894.784 222.702
151 310.331 586.855
152 637.676 85.8535
153 488.083 796.924
154 490.14 725.123
155 742.832 631.666
156 1130.31 786.926
157 1176.47 172.874
158 448.663 277.287
159 969.442 1004.12
160 775.356 200.275
161 426.141 1263.68
162 520.603 1155.9
163 867.887 1156.29
164 716.939 585.658
165 478.409 202.097
166 718.544 1166.05
167 1019.35 1241.02
168 908.922 985.51
169 249.917 259.182
170 878.686 1132.24
171 1194.61 68.1346
172 404.777 933.001
173 1131.81 463.016
174 648.958 393.868
175 174.911 224.246
176 425.044 340.103
177 202.315 975.234
178 893.784 1233.73
179 534.732 687.137
180 584.684 709.42
181 338.02 312.03
182 706.091 94.0465
183 381.454 962.069
184 433.183 801.248
185 1146.75 1087.73
186 173.261 1024.07
187 806.305 237.342
188 624.242 960.062
189 732.341 959.637
190 1104.44 418.391
191 413.3 67.5556
192 46.5169 78.6439
193 1158.2 658.001
194 204.134 261.228
195 653.53 606.658
196 731.713 772.884
197 684.937 562.294
198 996.448 565.7
199 251.037 546.93
200 1062.78 840.739
201 764.845 1077.38
202 872.439 633.98
203 458.645 280.414
204 72.6126 302.805
205 319.982 1003.58
206 519.059 957.33
207 1000.51 788.016
208 264.082 781.059
209 89.3765 666.716
210 183.221 557.162
211 496.244 718.869
212 118.049 1133.98
213 343.375 1136.63
214 1092.32 210.235
215 1170.33 1195.97
216 188.422 717.72
217 847.17 459.426
218 617.574 872.048
219 256.517 167.269
220 477.239 532.958
221 1247.3 278.724
222 96.122 881.813
223 398.854 89.8683
224 183.735 655.251
225 1105.63 538.331
226 588.573 564.079
227 715.016 523.112
228 1171.57 477.29
229 66.8607 515.786
230 73.6935 618.085
231 271.496 346.155
232 281.285 670.846
233 952.27 571.482
234 1136.48 392.172
235 1172.03 454.668
236 661.945 890.662
237 834.172 289.408
238 865.136 1097.33
239 415.332 77.5924
240 513.268 393.675
241 1085.37 117.701
242 884.978 731.231
243 764.343 1044.53
244 425.97 1068.43
245 175.815 143.073
246 319.982 428.65
247 79.616 771.649
248 431.352 422.744
249 619.311 1238.89
250 1159.83 47.7522
251 954.314 113.85
252 370.321 271.728
253 698.541 796.625
254 199.617 58.8699
255 205.562 207.84
256 1026.23 401.174
257 261.551 139.396
258 62.1877 935.471
259 309.057 153.72
260 826.466 936.716
261 1040.96 903.199
262 146.954 248.498
263 353.995 1067.54
264 1192.99 142.6
265 204.211 985.308
266 41.9921 1161.88
267 1261.9 213.593
268 582.408 1077.31
269 710.222 10.8475
270 112.683 827.653
271 45.2917 955.052
272 26.945 572.765
273 1010.11 325.82
274 622.515 129.06
275 1179.87 153.341
276 268.871 1042.25
277 972.144 112.46
278 882.831 17.9596
279 490.279 816.845
280 959.907 703.275
281 1124.05 832.217
282 1182.58 290.103
283 1082.67 581.065
284 1018.89 263.004
285 937.783 865.609
286 281.61 448.578
287 670.808 154.075
288 964.357 625.567
289 799.803 712.887
290 550.597 1178.14
291 390.124 596.612
292 622.399 1165.29
293 924.723 471.238
294 1100.55 1138.87
295 993.496 283.897
296 1210.57 436.139
297 1044.85 209.924
298 288.366 922.24
299 969.172 345.614
300 26.7134 1125.64
301 970.253 864.759
302 1178.05 917.53
303 789.169 359.782
304 570.941 348.635
305 198.189 680.96
306 1072.02 271.033
307 432.008 1210.94
308 243.98 295.941
309 841.117 1236.62
310 989.998 573.142
311 989.242 1221.71
312 645.192 1167.71
313 495.549 889.272
314 448.707 1192.96
315 628.69 337.894
316 888.923 547.504
317 733.856 186.494
318 1097.61 318.554
319 1105.6 1256.62
320 510.73 1146.55
321 722.845 605.995
322 1049.85 894.986
323 1058.73 1130.3
324 1037.81 1112.69
325 714.923 923.784
326 616.233 672.622
327 1064.18 2.89524
328 57.793 779.167
329 1190.72 182.825
330 174.135 394.949
331 912.309 538.437
332 377.297 837.892
333 545.733 184.455
334 1164.87 1104.95
335 896.328 830.779
336 531.141 1209.6
337 371.05 170.288
338 655.56 713.503
339 225.138 950.334
340 271.38 1070.98
341 758.051 946.589
342 789.879 237.641
343 763.189 39.8385
344 1013.58 39.3367
345 443.008 696.334
346 1260.74 1167.05
347 965.013 603.329
348 468.141 823.329
349 250.187 124.573
350 1079.74 517.476
351 1178.05 886.184
352 1074.21 587.618
353 20.7685 1232.91
354 305.313 191.51
355 135.227 324.537
356 1019.12 775.239
357 770.945 111.254
358 1057.36 445.297
359 710.903 686.442
360 563.066 1026.04
361 567.158 1038.16
362 403.69 777.4
363 115.529 446.909
364 118.936 1039.79
365 389.622 381.631
366 223.628 560.296
367 151.633 254.173
368 131.328 383.061
369 117.547 158.968
370 536.245 1245.16
371 657.236 1221.87
372 418.343 174.025
373 819.595 397.42
374 797.939 258.41
375 975.657 816.226
376 80.063 264.055
377 871.522 779.987
378 858.033 27.456
379 220.627 1105.36
380 234.338 860.272
381 484.872 405.188
382 713.346 345.73
383 216.911 1232.22
384 489.604 132.563
385 163.6 599.006
386 776.619 635.447
387 484.393 986.591
388 986.389 972.038
389 498.583 735.854
390 325.039 535.04
391 262 643.4
392 65.5868 972.53
393 1063.51 1127.76
394 905.206 1170.33
395 259.568 1175.39
396 801.482 1045.88
397 1043.17 884.901
398 683.778 1047.65
399 264.101 1194.59
400 746.47 497.325
401 723.782 895.478
402 312.605 835.991
403 283.734 1020.21
404 989.361 604.844
405 1168.48 765.501
406 1218.39 1221.84
407 1005.86 938.212
408 662.585 1082.16
409 343.955 559.669
410 42.9654 834.563
411 450.924 125.585
412 562.69 479.384
413 934.738 758.785
414 766.93 1087.65
415 1012.18 381.1
416 317.396 1211.68
417 669.573 168.194
418 508.999 492.886
419 293.114 654.363
420 625.201 906.365
421 930.205 710.453
422 722.227 637.223
423 407.69 903.276
424 586.73 296.018
425 136.174 1145.29
426 486.571 1052.87
427 77.9013 568.171
428 528.015 587.077
429 790.555 851.634
430 1142.81 909.385
431 96.4653 825.105
432 910.627 367.28
433 744.826 883.057
434 780.943 479.615
435 575.69 808.515
436 342.951 361.945
437 755.796 1105.83
438 1148.39 747.937
439 779.862 154.065
440 450.075 968.332
441 573.258 881.127
442 452.005 25.9414
443 1046.49 297.485
444 482.253 878.454
445 641.778 233.086
446 943.775 144.183
447 1068.88 999.099
448 641.963 522.842
449 497.132 1118.1
450 604.294 1.38972
451 625.215 937.826
452 512.264 659.583
453 282.923 820.868
454 1.08089 112.413
455 974.847 21.9266
456 628.615 966.701
457 137.813 921.453
458 865.793 588.476
459 641.315 46.5169
460 495.824 509.678
461 990.613 728.259
462 569.513 1086.76
463 901.98 1043.1
464 346.387 7.60483
465 968.3 997.67
466 716.453 1223.38
467 484.316 635.563
468 325.919 906.822
469 436.293 350.789
470 503.53 231.851
471 698.992 1245.65
472 816.067 177.459
473 373.232 254.511
474 946.303 44.5867
475 212.444 1185.08
476 661.645 422.907
477 927.982 27.7171
478 978.632 1246.82
479 428.689 68.4049
480 508.077 1024.69
481 920.107 1199.84
482 1189.4 1071.63
483 421.453 61.7283
484 932.836 951.028
485 380.049 347.815
486 927.619 810.474
487 1032.44 1050.9
488 131.328 527.204
489 1066.63 904.791
490 196.647 769.169
491 124.335 480.373
492 1140.96 1231.03
493 662.319 367.271
494 127.157 328.32
495 694.433 1194.34
496 937.332 569.445
497 1088.19 478.38
498 51.3037 881.976
499 68.3383 142.098
500 877.335 164.179
501 1080.73 835.537
502 1025.26 534.114
503 897.427 396.995
504 695.081 642.203
505 493.851 921.613
506 428.223 320.107
507 379.354 444.477
508 99.0172 49.6823
509 1140.28 511.84
510 770.141 719.486
511 120.85 417.108
512 1137.1 392.286
513 519.087 676.53
514 844.026 972.492
515 688.061 1.46692
516 714.098 933.435
517 722.806 1142.58
518 110.826 377.008
519 485.579 92.7249
520 103.765 941.618
521 671.696 1061.75
522 126.931 67.3717
523 916.405 1181.3
524 263.505 18.8089
525 459.994 1176.47
526 800.923 832.362
527 1094.32 1006.39
528 1239.02 738.827
529 778.83 1201.11
530 200.149 990.297
531 1215.35 279.68
532 673.935 120.258
533 108.668 1113.43
534 614.138 1017.4
535 371.72 881.745
536 1022.91 483.968
537 502.035 415.255
538 1162.98 683.734
539 148.362 119.023
540 997.661 749.027
541 97.3227 1076.92
542 869.151 85.1678
543 773.253 522.774
544 200.994 27.3328
545 258.165 1064.75
546 1166.45 1026.97
547 233.897 886.677
548 200.119 1089.58
549 798.93 1170.81
550 779.46 437.799
551 537.858 512.853
552 4.36216 736.703
553 599.584 859.927
554 790.632 89.598
555 914.288 688.488
556 53.0794 360.438
557 907.236 282.932
558 928.446 59.1401
559 448.724 1002.02
560 734.387 928.986
561 172.621 1228.05
562 66.0115 1240.45
563 255.746 102.53
564 459.996 394.804
565 605.296 154.065
566 1113.02 558.164
567 786.581 380.482
568 85.7357 1179.13
569 586.791 465.294
570 992.935 223.329
571 294.986 974.076
572 1173.46 804.452
573 655.212 1106.99
574 1067.7 946.242
575 118.589 372.337
576 203.091 576.114
577 517.437 272.963
578 135.404 995.885
579 669.881 455.874
580 175.529 77.2854
581 657.104 318.37
582 463.756 212.356
583 733.538 235.636
584 537.936 262.504
585 1264.46 735.972
586 293.398 417.88
587 1169.42 641.633
588 498.445 354.811
589 546.081 761.371
590 180.255 309.791
591 383.253 236.985
592 574.145 657.799
593 910.686 33.7006
594 73.8073 64.3221
595 747.667 1027.01
596 268.833 681.501
597 345.73 495.511
598 239.34 954.001
599 341.136 1201.83
600 1021.11 82.9583
601 205.2 320.223
602 450.847 193.674
603 82.495 812.761
604 343.822 768.483
605 424.751 635.804
606 287.185 621.241
607 650.078 1011.83
608 115.462 176.735
609 131.068 1177.72
610 1191.15 598.899
611 1202.26 116.321
612 805.137 1216.94
613 765.424 110.993
614 146.074 993.076
615 788.533 36.3256
616 353.886 781.946
617 959.598 592.298
618 217.434 351.445
619 1240.63 849.502
620 751.797 146.199
621 939.909 459.735
622 356.112 1080.32
623 1246.75 752.762
624 1154 0.656254
625 985.308 1074.13
626 824.14 791.413
627 461.617 1090.81
628 153.023 631.78
629 266.004 1141.31
630 293.864 367.348
631 445.134 313.419
632 153.718 482.125
633 1161.15 1107.8
634 990.365 147.806
635 924.53 388.271
636 970.566 344.813
637 355.613 397.815
638 11.5038 12.3144
639 336.533 695.051
640 222.543 202.352
641 104.653 1162.89
642 1007.14 368.043
643 765.038 781.261
644 1102.94 1227.39
645 1076.71 663.473
646 222.547 528.371
647 795.157 201.123
648 215.606 1000.56
649 1040.09 724.012
650 771.678 655.646
651 296.164 1232.64
652 562.68 232.353
653 276.472 1248.77
654 962.979 10.9724
655 735.621 539.48
656 827.206 483.582
657 395.914 763.851
658 397.477 793.22
659 979.367 506.744
660 667.488 598.195
661 530.485 1136.64
662 1051.98 469.733
663 68.6365 1016.27
664 124.071 274.316
665 634.096 490.308
666 780.402 349.252
667 1023.74 798.546
668 863.322 1038.09
669 122.334 761.65
670 819.645 396.618
671 894.398 220.356
672 81.7067 348.21
673 1008.34 482.077
674 265.698 1104.41
675 837.765 893.403
676 919.219 1103.17
677 819.005 1174.67
678 519.467 847.921
679 260.494 929.411
680 368.931 416.374
681 595.261 325.85
682 656.639 141.867
683 72.1981 87.7451
684 206.72 810.206
685 267.713 782.371
686 594.489 509.292
687 670.586 1002.88
688 233.99 101.883
689 77.8972 1025.19
690 65.0464 272.586
691 672.961 666.754
692 228.492 498.415
693 1224.07 973.003
694 324.653 622.592
695 1071.05 409.01
696 582.17 40.9598
697 427.183 104.113
698 479.259 1196.86
699 766.328 301.452
700 1251.1 985.935
701 1169.18 229.226
702 102.067 234.987
703 940.765 1005.03
704 866.794 1027.36
705 1212.08 39.3844
706 877.101 479.915
707 641.963 94.2304
708 67.0131 133.606
709 587.847 951.153
710 962.13 187.35
711 1173.34 710.608
712 154.442 681.617
713 1152.85 331.997
714 232.544 284.939
715 649.383 101.835
716 1182.18 22.6306
717 772.389 864.364
718 928.565 445.336
719 1158.29 574.232
720 836.57 1087.42
721 804.877 968.679
722 385.54 846.191
723 671.889 246.481
724 667.439 34.241
725 907.191 319.364
726 1102.93 1207.13
727 822.929 843.257
728 379.315 1183.31
729 1014.18 1160.11
730 85.5061 736.597
731 808.119 1218.06
732 881.321 760.84
733 324.432 188.617
734 318.669 399.359
735 236.522 719.882
736 969.867 661.205
737 301.684 1051.83
738 559.196 318.37
739 723.308 1044.53
740 1152.64 576.278
741 1146.13 247.447
742 1263.94 499.65
743 389.815 683.317
744 1146.52 865.754
745 506.397 281.765
746 369.934 205.417
747 644.326 30.0351
748 940.313 891.888
749 437.007 40.4579
750 926.422 670.315
751 1153.27 940.142
752 394.405 892.043
753 1150.96 309.289
754 25.3623 640.398
755 1.54413 233.597
756 540.831 995.648
757 708.237 750.494
758 907.368 1092.67
759 311.103 1103.83
760 555.847 831.167
761 979.44 1197.83
762 444.747 617.583
763 983.967 212.211
764 698.602 557.941
765 648.765 1254.99
766 466.282 1131.39
767 511.492 474.472
768 639.192 984.42
769 437.915 766.621
770 358.817 749.288
771 626.53 779.939
772 1060.82 144.571
773 1105.01 221.746
774 461.192 575.351
775 313.767 227.836
776 171.774 1093.02
777 1194.31 474.172
778 1145.05 547.664
779 241.077 740.148
780 2.54781 1011.4
781 1076.41 397.313
782 803.928 804.23
783 1213.14 527.947
784 460.189 59.6511
785 888.386 160.367
786 166.838 1065.3
787 507.516 96.9712
788 572.949 632.436
789 1201.91 1004.34
790 1029.97 174.836
791 824.349 429.779
792 496.403 144.222
793 1261.71 116.35
794 100.523 1201.29
795 749.388 165.385
796 97.0474 537.937
797 744.849 739.608
798 609.429 832.71
799 661.697 77.9013
800 1121.51 234.176
801 13.2409 252.002
802 458.275 1163.62
803 1073.9 862.048
804 209.422 1206.17
805 992.169 963.198
806 847.293 75.4398
807 156.536 731.994
808 612.478 447.019
809 569.817 849.504
810 111.779 377.81
811 381.018 241.463
812 1258.79 420.157
813 1177.76 1194.82
814 433.514 221.428
815 853.555 273.822
816 456.042 1233.91
817 627.225 1206.28
818 624.342 751.328
819 671.403 356.925
820 583.317 165.839
821 50.1456 242.235
822 1159.62 980.56
823 571.057 316.353
824 828.236 198.738
825 1249.44 997.777
826 1143.04 182.641
827 491.149 96.0153
828 6.71696 168.551
829 1262.01 697.067
830 114.43 912.232
831 664.879 287.256
832 1027.23 1003.34
833 963.459 51.5353
834 929.797 264.123
835 377.925 664.718
836 1220.19 1061.6
837 133.577 405.99
838 1035.5 1086.41
839 1060.11 594.103
840 907.543 1254.64
841 590.282 30.274
842 781.808 806.614
843 797.581 300.719
844 1037.92 537.173
845 376.154 304.579
846 221.747 644.751
847 712.574 903.894
848 613.917 542.375
849 817.075 368.004
850 653.711 458.143
851 122.094 782.448
852 667.356 566.888
853 775.075 689.299
854 873.243 374.567
855 534.847 249.463
856 228.374 461.926
857 201.74 31.4321
858 527.551 414.214
859 342.926 758.601
860 546.776 973.843
861 885.712 135.777
862 719.641 990.442
863 742.807 1064.87
864 1163.09 970.571
865 1209.94 558.945
866 1074.52 807.116
867 401.697 1046.26
868 855.323 1129.76
869 557.001 375.65
870 82.0866 710.492
871 997.968 247.138
872 326.004 484.557
873 60.3368 17.3806
874 329.816 251.625
875 679.571 358.238
876 403.503 467.648
877 50.0297 19.9193
878 916.566 425.871
879 173.946 93.8535
880 1018.08 1108.95
881 984.384 731.762
882 868.505 794.685
883 1057.53 767.393
884 247.083 744.54
885 397.266 973.341
886 555.384 726.512
887 100.362 498.676
888 702.731 45.6381
889 1074.74 824.419
890 567.158 361.644
891 785.622 77.2927
892 1002.6 190.584
893 296.666 210.928
894 557.893 796.741
895 292.149 1104.98
896 1196.28 608.888
897 906.712 1164.63
898 485.049 440.896
899 717.325 357.398
900 11.5038 1050.21
901 128.626 709.999
902 92.2393 660.742
903 613.801 1208.37
904 1216.5 1247.78
905 785.498 1066.3
906 1126.75 1038.44
907 1014.39 358.354
908 622.322 592.445
909 917.234 1111.62
910 878.2 216.41
911 307.787 69.756
912 283.081 537.395
913 65.2048 909.646
914 35.1289 283.077
915 618.269 553.039
916 1036.11 637.956
917 482.087 1208.75
918 966.701 494.854
919 901.131 1163.46
920 633.186 73.3166
921 768.397 137.938
922 1009.88 1020.99
923 160.916 391.639
924 240.035 592.598
925 1201.91 429.038
926 654.701 1138.56
927 769.169 917.785
928 1049.39 112.76
929 896.81 72.5758
930 5.44305 199.356
931 29.4928 853.285
932 711.465 817.461
933 754.581 530.254
934 1059.62 298.75
935 923.856 1220.57
936 1238.66 1013.14
937 1127.24 487.375
938 445.635 163.571
939 185.488 351.945
940 440.43 1089.51
941 1210.39 695.176
942 506.744 577.629
943 187.341 941.657
944 196.21 889.418
945 874.956 715.781
946 768.86 278.599
947 575.998 303.074
948 346.055 1126.37
949 126.271 48.4176
950 977.996 680.198
951 1159.64 501.774
952 364.27 343.453
953 835.119 761.873
954 1022.8 75.0464
955 775.693 613.443
956 908.896 240.468
957 941.146 796.423
958 1245.33 585.302
959 505.084 15.9137
960 261.498 277.673
961 1003.26 92.8793
962 361.584 606.842
963 1135.05 1207.28
964 888.784 707.915
965 744.209 893.017
966 885.133 478.409
967 952.189 593.91
968 584.227 934.004
969 511.531 1043.65
970 728.134 895.131
971 676.56 448.771
972 866.128 1175.89
973 826.572 560.836
974 1035.11 1074.91
975 996.944 1059.67
976 1060.96 133.422
977 316.894 467.755
978 381.983 118.135
979 405.285 948.789
980 12.3144 309.906
981 379.469 722.738
982 438.069 787.621
983 344.842 108.33
984 676.962 903.778
985 403.483 847.379
986 70.913 1050.28
987 726.975 409.233
988 1248.68 828.936
989 716.36 321.419
990 627.054 386.341
991 633.747 208.428
992 77.3608 692.657
993 383.986 304.728
994 118.81 626.809
995 73.6935 100.098
996 906.21 163.957
997 1055.58 995.624
998 846.645 839.243
999 625.144 493.812
1000 840.276 822.982
1001 1145.15 154.336
1002 1210.36 131.174
1003 1063.29 725.972
1004 186.531 127.902
1005 267.199 1056.54
1006 719.525 947.902
1007 1016.85 616.609
1008 356.848 1243.64
1009 952.766 1157.33
1010 1128.64 219.275
1011 943.04 254.434
1012 202.947 825.529
1013 91.0629 428.882
1014 880.771 107.008
1015 958.995 935.743
1016 851.138 323.726
1017 674.128 1147.14
1018 1152.56 1168.94
1019 162.288 453.896
1020 226.253 231.937
1021 987.315 338.135
1022 963.42 1145.29
1023 270.46 729.301
1024 640.006 533.844
1025 604.357 686.712
1026 1080.23 53.8901
1027 324.301 779.671
1028 654.903 227.614
1029 268.123 1148.45
1030 130.286 496.321
1031 1020.48 920.609
1032 277.41 1173.38
1033 1180.14 98.7856
1034 1243.34 444.786
1035 648.294 1105.72
1036 1064.6 360.631
1037 1250.28 381.593
1038 448.346 541.226
1039 246.674 8
1040 381.686 728.018
1041 739.698 143.845
1042 508.219 618.964
1043 127.275 1231.29
1044 1006.29 852.599
1045 265.508 438.418
1046 629.425 611.629
1047 780.687 1260.66
1048 290.708 392.179
1049 760.136 503.781
1050 1143.39 997.623
1051 1259.25 406.655
1052 768.214 0.193016
1053 129.63 883.636
1054 1078.53 970.793
1055 82.0866 527.252
1056 539.467 363.149
1057 7.37321 1186.98
1058 441.736 1036.69
1059 525.274 714.352
1060 669.944 412.986
1061 1223.24 674.6
1062 930.945 656.688
1063 320.291 1189.06
1064 982.153 744.192
1065 181.612 438.65
1066 43.9406 2.12318
1067 60.5846 996.889
1068 228.399 1047.97
1069 1200.52 301.53
1070 4.70959 1078.3
1071 688.864 1079.59
1072 815.531 506.744
1073 339.564 519.329
1074 490.221 5.63607
1075 58.0186 1135.91
1076 680.034 1214.43
1077 714.692 293.741
1078 1072.69 877.305
1079 1140.27 493.928
1080 1253.5 657.878
1081 63.3092 844.715
1082 57.3258 484.007
1083 544.6 897.833
1084 131.759 458.297
1085 824.112 786.116
1086 1145.21 836.493
1087 1214.53 957.446
1088 479.568 1109.74
1089 657.374 650.618
1090 716.266 1232.26
1091 836.099 1045.53
1092 575.72 52.1915
1093 896.297 910.388
1094 1083.92 201.277
1095 1152.5 261.43
1096 614.679 1024.18
1097 411.559 1256.03
1098 398.086 1154.13
1099 435.345 516.829
1100 617.304 738.064
1101 456.416 248.103
1102 864.295 872.124
1103 638.513 103.843
1104 1126.76 657.723
1105 201.393 15.1416
1106 769.478 610.89
1107 56.9783 1210.95
1108 324.578 952.698
1109 208.782 1231.44
1110 1206.93 84.5024
1111 983.343 423.602
1112 720.319 262.695
1113 159.701 630.67
1114 450.384 877.182
1115 1175.12 831.629
1116 164.213 1251.36
1117 89.3197 869.662
1118 1085.25 1120.92
1119 1031.59 554.66
1120 355.661 1165.86
1121 567.349 1254.3
1122 68.671 594.074
1123 1154.65 1178.13
1124 1040.74 42.8109
1125 904.611 139.744
1126 314.311 393.444
1127 1028.04 236.56
1128 254.869 848.73
1129 615.443 419.433
1130 585.434 1237.24
1131 291.724 366.894
1132 1068.8 1196.4
1133 326.969 559.632
1134 620.943 1209.13
1135 612.218 1254.8
1136 1261.8 706.139
1137 603.155 777.314
1138 497.441 50.6565
1139 21.5792 274.585
1140 593.032 521.992
1141 413.682 595.077
1142 824.835 1128.26
1143 900.19 1245.92
1144 593.295 228.347
1145 131.405 1180.25
1146 1095.56 857.579
1147 504.869 378.514
1148 647.837 924.894
1149 328.616 875.791
1150 1146.49 855.031
1151 677.988 285.248
1152 1213.26 46.1786
1153 1246.25 641.85
1154 1118.88 6.63975
1155 952.959 709.257
1156 385.231 1231.22
1157 387.118 678.793
1158 414.405 373.139
1159 279.333 1005.03
1160 584.298 190.507
1161 1020.86 806.614
1162 338.682 1261.56
1163 704.679 199.317
1164 313.226 1042.56
1165 1128.95 1256.3
1166 1058.23 919.229
1167 958.826 914.085
1168 829.25 77.9399
1169 1147.6 376.815
1170 650.726 1180.06
1171 1050.12 79.7156
1172 256.673 405.913
1173 1015.31 11.9375
1174 1025.11 1025.3
1175 344.148 40.0407
1176 1116.79 428.225
1177 963.52 986.861
1178 608.61 580.824
1179 110.83 672.12
1180 1164.9 659.536
1181 218.34 167.963
1182 768.358 1248.24
1183 498.174 1178.52
1184 144.738 971.883
1185 131.597 804.531
1186 491.419 336.774
1187 949.403 852.368
1188 310.601 304.048
1189 829.581 755.088
1190 714.622 783.538
1191 71.7024 397.574
1192 543.647 797.233
1193 798.198 576.23
1194 183.664 718.337
1195 321.729 514.358
1196 653.822 675.595
1197 412.166 552.414
1198 237.664 812.443
1199 1211.52 50.686
1200 1260.66 1029.55
1201 1099.34 175.953
1202 185.736 1201.68
1203 211.391 982.962
1204 1153.83 355.081
1205 1115.13 264.586
1206 444.323 652.355
1207 367.243 748.711
1208 626.569 565.809
1209 686.028 167.701
1210 905.013 1142.31
1211 174.023 332.76
1212 1175.93 1103.67
1213 281.649 491.882
1214 730.141 346.55
1215 464.285 462.466
1216 1255.51 221.003
1217 1065.45 10.5092
1218 552.042 219.932
1219 474.858 644.519
1220 509.215 813.755
1221 829.418 216.641
1222 1173.19 83.1513
1223 1129.92 797.504
1224 950.198 325.579
1225 430.326 731.308
1226 245.785 243.209
1227 368.236 577.737
1228 461.926 677.563
1229 662.138 729.648
1230 332.918 417.995
1231 1068.11 1218.09
1232 1026.82 974.19
1233 273.359 320.059
1234 733.075 684.289
1235 194.57 57.7118
1236 109.208 860.822
1237 64.0203 1107.6
1238 272.041 515.864
1239 10.3457 609.352
1240 1015.11 848.23
1241 88.9418 277.518
1242 780.673 175.075
1243 1112.7 101.912
1244 831.582 37.7245
1245 610.026 424.635
1246 460.225 137.128
1247 904.193 349.638
1248 62.013 418.999
1249 1080.27 882.98
1250 1260.66 317.752
1251 1125.95 326.622
1252 115.076 195.216
1253 546.042 895.989
1254 452.119 665.288
1255 800.746 107.982
1256 728.327 1117.29
1257 1255.37 167.586
1258 497.843 783.345
1259 819.936 1115.29
1260 1045.72 11.0405
1261 101.65 1153.36
1262 964.158 425.677
1263 978.051 543.147
1264 1045.62 1034.5
1265 300.028 486.101
1266 391.501 85.9325
1267 1008.38 234.408
1268 1085.44 27.2539
1269 1072.92 307.204
1270 846.584 1056.38
1271 951.492 1205.42
1272 255.525 118.984
1273 568.316 277.605
1274 819.221 562.381
1275 539.582 764.762
1276 555.825 164.497
1277 1200.86 224.757
1278 713.889 429.229
1279 640.195 72.5832
1280 721.561 1174.08
1281 361.535 640.127
1282 378.659 220.965
1283 838.65 19.3788
1284 169.043 704.247
1285 57.7504 648.62
1286 1105.19 687.021
1287 402.554 331.186
1288 72.5841 120.982
1289 1084.9 307.792
1290 594.087 541.072
1291 387.515 173.676
1292 35.5922 756.709
1293 1018.55 939.071
1294 1192.95 246.761
1295 229.319 129.089
1296 132.37 76.5887
1297 985.298 312.965
1298 768.474 311.914
1299 1191.18 201.556
1300 1219.05 70.4508
1301 271.303 567.235
1302 1196.77 889.958
1303 426.299 965.977
1304 919.181 1190.03
1305 478.332 1170.41
1306 98.9887 199.077
1307 471.298 637.455
1308 1214.38 986.659
1309 263.119 1209.32
1310 336.063 32.3495
1311 435.405 1067.65
1312 900.602 308.98
1313 816.486 822.866
1314 622.013 1117.69
1315 943.038 114.188
1316 303.515 31.2777
1317 726.048 1031.83
1318 464.821 308.094
1319 1029.3 151.054
1320 265.86 860.967
1321 441.901 1147.53
1322 319.059 1001.26
1323 1083.08 506.483
1324 880.11 532.502
1325 1201.22 390.394
1326 243.956 1011.71
1327 254.22 91.6054
1328 459.709 434.749
1329 144.965 1083.37
1330 1170.99 1134.66
1331 138.354 411.789
1332 1005.92 777.005
1333 913.697 627.765
1334 411.128 744.356
1335 563.855 970.532
1336 837.689 448.656
1337 1135.4 738.952
1338 1031.4 975.889
1339 434.816 1162.31
1340 760.715 568.046
1341 580.554 375.186
1342 1262.65 1148.06
1343 770.435 755.196
1344 174.734 155.889
1345 1017.73 179.235
1346 91.4733 886.021
1347 828.703 667.96
1348 548.954 1079.42
1349 155.571 181.821
1350 966.762 95.8517
1351 1051.59 406.916
1352 415.734 641.787
1353 867.53 557.664
1354 575.494 27.456
1355 450.306 326.39
1356 1221.95 1052.76
1357 857.708 8.84927
1358 866.047 859.114
1359 69.3354 104.701
1360 165.531 419.578
1361 930.561 127.199
1362 702.338 799.897
1363 1260.96 476.759
1364 385.299 653.593
1365 475.171 886.561
1366 369.278 434.519
1367 562.312 322.453
1368 651.323 949.175
1369 178.578 1029.97
1370 505.239 303.121
1371 1063.29 1042.37
1372 945.122 470.573
1373 669.449 900.352
1374 54.2761 161.979
1375 66.7449 1255.72
1376 219.073 73.8479
1377 494.584 72.1971
1378 1212.1 167.963
1379 225.25 298.943
1380 843.712 54.2852
1381 550.597 570.517
1382 890.228 781.831
1383 395.374 611.282
1384 176.867 824.026
1385 542.702 617.728
1386 195.204 581.026
1387 836.107 192.832
1388 1115.47 1096.41
1389 1046.67 567.12
1390 148.545 114.96
1391 148.7 40.3881
1392 754.13 243.981
1393 775.047 698.449
1394 576.909 1210.83
1395 1153 742.069
1396 73.2343 55.2503
1397 852.513 293.007
1398 180.159 941.425
1399 210.133 308.989
1400 254.564 1212.37
1401 180.911 954.821
1402 775.286 480.001
1403 443.78 747.522
1404 1091.2 549.603
1405 95.7725 87.484
1406 302.95 716.861
1407 140.987 726.676
1408 1088.68 1258.05
1409 671.232 211.237
1410 703.842 948.683
1411 713.889 462.235
1412 365.92 1096.1
1413 741.992 1017.78
1414 1061.01 598.427
1415 867.288 463.084
1416 717.934 294.272
1417 554.423 1055.72
1418 574.239 1117.57
1419 463.817 86.4031
1420 972.398 76.2891
1421 622.013 165.222
1422 915.465 614.302
1423 977.433 635.409
1424 692.444 533.187
1425 398.523 1235.3
1426 1258.13 260.195
1427 875.326 174.486
1428 249.068 634.444
1429 844.931 358.933
1430 112.165 198.198
1431 1074.72 1239.43
1432 783.606 409.31
1433 930.392 520.14
1434 740.371 539.634
1435 986.927 461.317
1436 914.351 1003.5
1437 364.993 370.484
1438 1216.38 586.083
1439 451.619 409.001
1440 614.988 10.3457
1441 669.997 209.393
1442 1185.86 238.375
1443 337.276 41.6529
1444 762.316 324.074
1445 1060.47 450.345
1446 99.4967 1090.04
1447 1040.55 738.981
1448 353.993 992.961
1449 871.274 357.899
1450 241.426 921.96
1451 1089.73 1160.53
1452 166.38 1173.35
1453 60.4912 1217.62
1454 7.1802 810.638
1455 772.73 1108.99
1456 1208.2 988.126
1457 975.233 1166.82
1458 1209.81 789.985
1459 51.011 377.81
1460 1223.71 923.196
1461 510.525 463.354
1462 229.925 798.98
1463 316.544 567.129
1464 354.906 294.552
1465 21.695 581.721
1466 230.075 669.543
1467 353.335 1023.46
1468 1078.23 743.584
1469 113.571 1065.41
1470 1184.27 186.299
1471 527.736 32.6288
1472 731.183 57.2963
1473 251.252 768.937
1474 545.309 1108.81
1475 845.912 1079.35
1476 185.835 863.206
1477 505.639 175.374
1478 631.124 882.092
1479 860.868 256.904
1480 413.162 1056.77
1481 1011.1 245.641
1482 532.135 242.583
1483 922.462 688.497
1484 607.153 1247.74
1485 1202.82 840.585
1486 716.977 667.497
1487 802.908 1196.71
1488 852.413 121.33
1489 1251.94 874.48
1490 246.288 477.917
1491 1081.14 1207.78
1492 500.919 1065.42
1493 1118.33 1155.09
1494 444.516 1025.61
1495 957.319 348.664
1496 1188.22 59.2559
1497 305.002 169.554
1498 292.887 1240.83
1499 262.544 333.377
1500 241.93 253.825
1501 1164.37 342.335
1502 1131.27 16.7152
1503 141.95 538.63
1504 1137.71 1116.34
1505 1029.98 671.543
1506 267.459 1038.78
1507 466.613 941.387
1508 58.9694 292.265
1509 808.737 496.978
1510 527.316 269.344
1511 63.0004 954.387
1512 973.611 378.736
1513 1091.89 1080.86
1514 893.896 769.323
1515 101.218 361.065
1516 1029.22 634.607
1517 12.0828 1074.76
1518 53.8352 187.157
1519 866.256 241.502
1520 840.266 623.751
1521 902.89 902.581
1522 1025.51 169.361
1523 931.379 396.995
1524 634.714 922.155
1525 1206.6 407.727
1526 897.805 680.622
1527 317.076 120.721
1528 1003.34 684.551
1529 543.147 130.982
1530 433.977 980.985
1531 244.049 692.155
1532 1157.95 47.9929
1533 786.441 1132.46
1534 743.071 507.593
1535 370.707 577.967
1536 1164.74 484.239
1537 905.824 304.511
1538 1203.07 307.561
1539 346.927 889.89
1540 1213.72 408.113
1541 872.81 174.071
1542 801.876 1106.96
1543 756.523 285.634
1544 828.347 986.775
1545 750.477 1170.5
1546 926.4 1074.17
1547 7.52762 241.116
1548 1004.49 247.06
1549 683.925 1117.29
1550 687.793 412.244
1551 89.7179 1068.39
1552 1237.05 358.671
1553 400.969 331.34
1554 1185.47 1084.64
1555 609.465 820.327
1556 61.0317 1046.12
1557 38.6784 407.881
1558 1173.58 888.655
1559 1093.66 447.613
1560 1007.58 705.203
1561 1114.77 930.262
1562 940.528 1047.97
1563 1088.44 71.1843
1564 909.144 705.405
1565 360.552 450.499
1566 266.019 365.118
1567 290.18 141.065
1568 613.492 615.065
1569 379.045 829.66
1570 1165.22 101.227
1571 16.7924 263.004
1572 1085.07 1068.66
1573 482.844 50.6878
1574 268.794 1142
1575 1116.88 346.897
1576 720.606 925.822
1577 1238.23 906.914
1578 602.866 858.737
1579 463.505 847.195
1580 1140.92 624.995
1581 859.655 732.805
1582 609.246 11.2335
1583 851.201 85.6605
1584 439.575 1066.54
1585 953.499 807.733
1586 1153.19 729.532
1587 618.655 356.626
1588 201.249 219.777
1589 353.335 212.588
1590 431.175 123.153
1591 556.388 132.448
1592 1045.49 633.179
1593 946.246 497.682
1594 1254.42 519.599
1595 91.3352 609.94
1596 875.45 40.9138
1597 762.474 1237.93
1598 909.885 936.977
1599 947.802 1142.05
1600 1084.68 32.706
1601 323.927 1080.81
1602 747.512 882.556
1603 187.496 497.711
1604 13.7427 1214.69
1605 325.884 55.0482
1606 290.255 822.518
1607 490.685 609.004
1608 968.709 683.972
1609 365.148 694.163
1610 1140.3 512.119
1611 55.3793 698.256
1612 329.285 277.055
1613 244.049 1125.01
1614 50.5295 1224.15
1615 417.034 170.056
1616 271.72 445.134
1617 974.747 1247.93
1618 896.366 799.318
1619 539.21 860.35
1620 952.457 169.815
1621 32.6949 204.134
1622 408.306 907.956
1623 814.18 737.823
1624 869.161 422.898
1625 960.486 1099.26
1626 1.31251 447.961
1627 974.901 829.476
1628 490.663 492.277
1629 1024.21 460.854
1630 1162.73 1048.86
1631 277.612 996.58
1632 1045.45 662.44
1633 405.151 912.116
1634 655.499 651.863
1635 796.075 928.184
1636 1069.96 588.901
1637 588.544 982.962
1638 1215.04 1252.64
1639 517.244 112.799
1640 1125.67 131.289
1641 142.639 286.166
1642 392.284 161.988
1643 823.863 595.965
1644 815.547 256.682
1645 495.395 60.7706
1646 880.192 1028.55
1647 378.476 1176.7
1648 635.795 1063.03
1649 661.168 83.9637
1650 232.777 202.244
1651 1185.16 801.412
1652 548.938 210.204
1653 1262.52 1131.15
1654 364.024 791.404
1655 579.812 1228.05
1656 1133.68 281.417
1657 964.578 30.4965
1658 527.736 777.16
1659 926.235 882.054
1660 320.522 594.914
1661 685.902 223.167
1662 771.06 886.021
1663 1095.04 959.444
1664 443.281 1077.96
1665 1254.57 569.822
1666 330.173 63.2412
1667 564.318 424.481
1668 41.8885 877.962
1669 964.733 190.67
1670 1178.52 972.957
1671 612.984 1007.21
1672 1002.9 954.396
1673 643.686 256.75
1674 542.218 1009.78
1675 1232.41 784.687
1676 1164.98 1088.73
1677 1225.81 716.514
1678 1106.06 1178.32
1679 597.423 1238.13
1680 989.918 123.028
1681 106.892 908.806
1682 671.387 334.342
1683 863.269 943.664
1684 200.08 511.956
1685 963.574 195.911
1686 1231.02 1174.31
1687 893.345 1146.87
1688 747.937 1226.39
1689 966.23 85.1587
1690 562.101 624.291
1691 1219.36 132.611
1692 826.302 601.015
1693 1263.1 337.238
1694 659.497 426.836
1695 1037.58 507.362
1696 1214.92 298.412
1697 607.421 770.443
1698 23.6495 664.023
1699 825.848 357.398
1700 964.655 159.865
1701 27.8248 826.928
1702 557.932 1060.04
1703 448.027 416.499
1704 1226.08 685.795
1705 213.453 1096.02
1706 991.446 825.915
1707 1001.48 1218.63
1708 614.864 1185.17
1709 74.7398 335.587
1710 420.811 1032.22
1711 689.211 1198.14
1712 294.118 1144.31
1713 703.543 1017.24
1714 527.742 259.152
1715 594.605 316.894
1716 952.526 529.095
1717 71.3996 389.313
1718 703.883 659.651
1719 1263.7 1205.35
1720 854.636 327.548
1721 524.617 942.266
1722 999.28 267.491
1723 149.179 1261.68
1724 806.614 45.5132
1725 1216.77 431.198
1726 890.653 501.263
1727 713.966 1056.57
1728 65.3166 1127.87
1729 327.124 389.708
1730 502.768 211.091
1731 431.777 1254
1732 325.602 894.136
1733 1123.28 909.839
1734 753.358 792.369
1735 282.876 233.318
1736 36.1691 608.048
1737 194.57 1198.21
1738 617.497 255.138
1739 786.926 1227.78
1740 399.543 494.546
1741 770.983 1153.23
1742 768.175 445.944
1743 1175.86 855.293
1744 153.023 1134.55
1745 882.662 754.316
1746 12.0442 1199.87
1747 373.025 717.827
1748 183.922 899.455
1749 803.999 278.184
1750 844.951 551.108
1751 653.132 721.349
1752 393.753 1011.22
1753 1154.4 778.125
1754 405.835 813.833
1755 930.561 202.512
1756 1250.88 1239.33
1757 979.672 391.243
1758 201.629 45.5132
1759 629.348 1088.22
1760 289.91 1232.45
1761 188.477 526.788
1762 110.828 1031.91
1763 3.89892 140.332
1764 123.849 133.721
1765 602.356 474.047
1766 952.032 434.132
1767 409.875 182.834
1768 754.075 763.147
1769 423.4 912.58
1770 487.53 909.887
1771 668.916 883.048
1772 134.802 222.046
1773 108.591 931.466
1774 1059.77 145.495
1775 833.791 491.998
1776 508.404 382.828
1777 544.112 521.77
1778 807.382 68.9159
1779 522.118 1232.26
1780 328.607 954.348
1781 564.484 1046.15
1782 1219.48 894.445
1783 33.5441 30.8826
1784 866.583 411.626
1785 511.917 1151.23
1786 1254.33 366.894
1787 1067.88 345.122
1788 554.565 873.089
1789 134.455 592.752
1790 265.592 570.024
1791 455.59 450.885
1792 1261.81 715.828
1793 265.799 609.969
1794 780.441 519.685
1795 33.3125 974.701
1796 643.708 90.6017
1797 157.308 486.246
1798 92.4161 662.942
1799 440.306 1234.95
1800 277.132 1253.22
1801 1149.99 1116.17
1802 1250.64 541.255
1803 555.77 339.563
1804 609.451 1029.7
1805 1052.4 1177.37
1806 1007.86 609.738
1807 175.722 537.357
1808 113.3 187.148
1809 1144.98 381.872
1810 14.5148 496.292
1811 1204.1 84.5024
1812 622.371 1159.49
1813 1161.9 1143.4
1814 96.6218 929.42
1815 245.847 844.609
1816 1052.59 34.4727
1817 295.199 734.088
1818 982.451 749.829
1819 1258.82 1065.49
1820 772.442 623.798
1821 94.0414 1155.12
1822 1255.46 939.65
1823 936.768 636.798
1824 62.2588 967.551
1825 533.689 238.847
1826 366.663 821.09
1827 674.668 996.233
1828 1063.17 734.512
1829 582.386 1058.24
1830 999.668 1221.6
1831 1179 705.83
1832 506.086 462.398
1833 1009.48 935.442
1834 622.091 1120.84
1835 1027.08 69.2247
1836 966.701 643.863
1837 720.645 914.249
1838 1035.13 13.4725
1839 320.291 272.548
1840 655.73 655.019
1841 914.045 760.56
1842 977.571 1230.52
1843 295.971 100.909
1844 911.923 890.739
1845 1252.2 296.945
1846 543.023 1028.75
1847 817.62 432.896
1848 357.234 981.872
1849 1086.48 1199.17
1850 902 1096.46
1851 7.2188 861.932
1852 688.516 298.712
1853 23.548 368.083
1854 280.552 528.671
1855 1240.43 569.059
1856 747.22 1073.79
1857 84.1651 598.581
1858 600.284 386.311
1859 390.534 525.042
1860 674.012 721.532
1861 610.944 1017.9
1862 319.419 432.047
1863 969.615 667.606
1864 1167.94 546.662
1865 617.732 598.359
1866 537.858 69.7651
1867 133.027 451.621
1868 855.563 741.22
1869 480.996 533.651
1870 300.981 1186.93
1871 598.736 229.274
1872 363.242 576.278
1873 395.49 856.373
1874 118.29 49.1896
1875 537.631 978.562
1876 827.856 944.784
1877 234.165 1164.35
1878 174.178 401.096
1879 953.846 901.317
1880 312.981 461.463
1881 855.215 1191.29
1882 759.364 532.463
1883 239.185 864.287
1884 858.69 451.194
1885 1210.4 1187.74
1886 1013.18 1143.13
1887 379.004 321.033
1888 320.224 328.87
1889 600.207 441.514
1890 159.817 1031.63
1891 644.401 672.168
1892 133.297 465.169
1893 1261.44 1128.19
1894 1024.61 659.499
1895 781.522 449.003
1896 382.105 812.529
1897 734.233 126.705
1898 653.904 700.927
1899 759.715 291.145
1900 944.539 1202.18
1901 232.009 603.184
1902 1235.69 926.177
1903 1130.84 765.511
1904 96.4694 890.46
1905 119.052 1048.51
1906 1017.46 955.584
1907 1070.81 466.49
1908 571.134 959.994
1909 509.832 633.874
1910 770.607 647.607
1911 169.312 795.544
1912 479.182 519.097
1913 400.789 1165.89
1914 652.79 681.81
1915 120.781 314.162
1916 72.8036 1024.46
1917 240.73 1106.87
1918 108.938 747.56
1919 822.866 405.497
1920 449.187 696.295
1921 64.2743 938.753
1922 630.226 394.37
1923 901.852 196.413
1924 32.579 76.9748
1925 930.221 1122.58
1926 1246.74 848.507
1927 947.13 1221.49
1928 26.5976 509.022
1929 202.805 240.893
1930 321.951 332.296
1931 850.747 270.029
1932 521.838 823.792
1933 1216.77 480.378
1934 471.461 787.119
1935 1246.81 36.1417
1936 705.715 375.773
1937 756.698 106.39
1938 624.108 1078.5
1939 423.477 1110.66
1940 9.92102 429.075
1941 1196.35 270.077
1942 828.386 394.611
1943 443.744 1147.33
1944 973.628 413.642
1945 577.542 482.154
1946 79.4454 446.725
1947 230.652 781.908
1948 582.677 1114.13
1949 102.607 481.498
1950 396.416 277.18
1951 566.165 675.17
1952 447.141 16.7924
1953 807.648 738.286
1954 203.284 592.375
1955 412.591 567.699
1956 1171.84 454.977
1957 861.623 986.389
1958 610.077 930.732
1959 608.397 897.138
1960 842.013 617.767
1961 1135.55 229.968
1962 254.781 102.486
1963 492.884 921.883
1964 171.037 1144.31
1965 271.303 222.325
1966 534.539 726.937
1967 14.0516 176.85
1968 6.48534 39.0278
1969 9.95963 651.67
1970 19.3788 852.985
1971 1029.66 390.635
1972 250.978 962.88
1973 23.1863 1098.12
1974 312.995 22.9394
1975 6.83277 664.515
1976 8.06807 66.2136
1977 344.968 0.926477
1978 985.347 729.33
1979 435.181 1069.62
1980 1099.61 634.984
1981 492.075 988.937
1982 1118.06 827.585
1983 1192.19 760.253
1984 1114.79 939.302
1985 252.148 1239.28
1986 724.505 937.517
1987 34.7347 987.363
1988 63.039 774.187
1989 816.651 950.063
1990 1136.67 800.138
1991 457.594 824.642
1992 557.26 668.038
1993 1207.87 675.016
1994 511.568 280.153
1995 911.653 287.912
1996 712.646 869.006
1997 708.678 1008.87
1998 629.078 346.28
1999 145.573 202.512
2000 97.7047 327.866
2001 572.099 714.043
2002 1228.28 457.988
2003 58.7764 799.242
2004 723.834 971.72
2005 951.453 1256.61
2006 1101.77 1061.79
2007 934.159 796.239
2008 760.448 277.142
2009 1050.66 498.183
2010 940.52 590.986
2011 560.825 960.032
2012 1251.27 184.339
2013 188.337 687.098
2014 695.244 707.374
2015 680.806 112.721
2016 754.422 462.891
2017 1099.99 174.418
2018 1256.44 1202.15
2019 696.17 224.014
2020 433.782 790.742
2021 1030.67 796.046
2022 822.614 727.207
2023 616.377 1254.1
2024 165.338 518.141
2025 767.391 178.54
2026 203.246 656.833
2027 948.217 1058.96
2028 974.046 142.725
2029 859.616 969.181
2030 302.068 145.881
2031 934.236 384.874
2032 271.681 710.347
2033 87.0157 349.243
2034 1051.05 327.364
2035 460.613 1227.9
2036 1103.01 1215.38
2037 305.197 976.391
2038 89.151 409.001
2039 635.563 140.563
2040 626.607 1216.31
2041 271.574 1040.25
2042 141.481 1013.91
2043 624.141 1068.34
2044 1228.04 469.029
2045 352.64 532.386
2046 278.02 974.615
2047 686.826 1097.72
2048 1154.94 587.234
2049 129.126 1190.15
2050 889.911 892.747
2051 247.485 1006.62
2052 257.29 81.0281
2053 1162.46 441.321
2054 122.218 418.497
2055 222.046 646.102
2056 1140.84 713.898
2057 438.88 724.591
2058 550.79 760.145
2059 536.009 513.046
2060 625.542 1197.98
2061 470.303 1254.49
2062 1192.89 161.834
2063 291.393 791.867
2064 230.106 53.7448
2065 280.141 820.868
2066 716.961 1155.4
2067 316.485 1052.13
2068 761.062 864.142
2069 607.344 237.805
2070 1110 325.627
2071 261.535 354.348
2072 800.198 8.23162
2073 418.536 363.874
2074 361.44 323.611
2075 676.984 453.549
2076 988.394 594.142
2077 192.841 287.642
2078 153.448 963.429
2079 659.343 1243.38
2080 588.691 144.376
2081 435.944 1201.57
2082 357.697 643.284
2083 1188.48 340.789
2084 863.57 385.694
2085 290.731 750.34
2086 340.403 202.783
2087 358.354 195.952
2088 847.017 134.88
2089 1243.86 69.4949
2090 477.19 577.079
2091 758.978 102.153
2092 122.338 710.453
2093 799.373 35.6785
2094 716.055 641.903
2095 43.7232 456.839
2096 520.815 1214.96
2097 321.256 162.22
2098 1174 39.6841
2099 597.261 834.833
2100 1058.3 281.07
2101 479.854 706.091
2102 56.962 220.549
