1 175.481 701.163
2 353.839 96.581
3 771.813 835.434
4 997.361 812.22
5 901.944 796.232
6 89.5861 900.103
7 650.838 519.079
8 399.305 939.624
9 175.39 715.964
10 300.181 315.5
11 473.084 847.743
12 974.701 224.712
13 785.099 278.298
14 634.907 981.445
15 616.536 881.314
16 543.333 960.91
17 301.553 605.396
18 346.141 210.486
19 522.782 862.911
20 350.505 592.242
21 443.864 752.682
22 407.88 761.38
23 117.698 24.2664
24 772.159 108.04
25 712.18 989.074
26 208.413 586.967
27 567.186 480.972
28 324.98 858.52
29 101.056 159.429
30 704.672 670.461
31 296.03 411.668
32 586.383 101.291
33 668.02 659.322
34 508.103 979.4
35 336.863 950.503
36 110.446 518.54
37 137.608 56.917
38 79.9585 764.733
39 790.002 744.896
40 806.042 360.637
41 764.275 862.087
42 42.4512 274.976
43 770.535 309.885
44 895.566 497.391
45 669.179 225.623
46 663.727 414.624
47 136.906 602.252
48 487.955 457.045
49 332.29 83.7469
50 499.689 284.31
51 996.371 327.59
52 466.31 628.319
53 655.624 129.921
54 629.627 807.463
55 827.228 886.231
56 824.824 38.3312
57 186.508 794.397
58 950.499 801.874
59 315.287 579.485
60 706.749 67.1144
61 329.63 440.569
62 699.821 703.96
63 774.316 781.278
64 480.637 68.5446
65 427.582 4.12
66 155.937 454.451
67 947.447 478.286
68 956.267 832.209
69 831.861 130.222
70 735.185 773.949
71 692.272 828.455
72 560.045 25.2998
73 868.374 873.749
74 869.536 892.361
75 278.024 731.559
76 898.862 973.545
77 951.439 527.303
78 494.919 96.6563
79 366.802 948.611
80 874.126 565.864
81 900.048 81.9422
82 788.018 65.3706
83 652.913 432.081
84 735.375 184.515
85 779.292 792.356
86 772.929 689.413
87 855.458 21.8859
88 245.28 779.931
89 513.413 730.216
90 345.866 169.469
91 452.101 812.346
92 262.49 554.46
93 295.154 382.096
94 368.872 107.395
95 341.441 356.243
96 567.156 390.519
97 264.992 499.44
98 890.959 287.515
99 585.858 590.472
100 264.168 536.637
101 279.412 334.758
102 437.666 652.734
103 173.278 48.1887
104 422.316 587.669
105 733.706 786.92
106 557.699 750.847
107 156.905 778.619
108 444.326 195.166
109 266.505 568.529
110 490.616 626.942
111 633.717 473.647
112 321.085 307.199
113 177.16 157.811
114 935.776 479.694
115 68.2717 498.249
116 112.18 176.55
117 408.104 623.253
118 231.69 664.632
119 38.0353 325.999
120 864.661 770.261
121 179.634 694.728
122 812.778 483.566
123 593.432 592.181
124 385.723 19.9591
125 442.915 501.942
126 534.684 423.632
127 802.881 409.807
128 572.222 620.157
129 282.663 657.45
130 677.114 538.163
131 890.746 230.48
132 961.657 552.202
133 628.096 261.365
134 145.421 748.623
135 448.197 340.678
136 246.59 133.702
137 741.739 134.011
138 787.555 174.322
139 684.683 706.259
140 202.827 207.851
141 606.802 323.806
142 217.332 609.21
143 245.065 557.577
144 16.2053 388.474
145 22.309 106.876
146 909.757 162.847
147 898.784 961.058
148 821.362 848.598
149 463.78 77.1203
150 31.8613 981.479
151 578.814 644.799
152 900.052 126.107
153 243.629 358.658
154 621.57 566.428
155 412.641 636.712
156 52.3392 680.17
157 233.659 294.996
158 701.374 299.051
159 445.277 883.057
160 160.527 477.34
161 712.814 629.719
162 28.7724 961.943
163 627.216 547.868
164 313.859 158.611
165 596.02 447.436
166 661.857 142.552
167 684.225 293.501
168 187.486 638.752
169 334.835 174.444
170 356.446 778.365
171 597.111 710.99
172 272.097 276.65
173 47.9769 841.731
174 137.899 733.639
175 174.988 651.601
176 516.984 939.116
177 672.384 238.655
178 392.163 315.317
179 848.018 57.0738
180 786.825 420.026
181 302.988 889.767
182 178.686 969.303
183 943.754 53.3158
184 697.165 905.885
185 388.757 827.514
186 978.709 639.607
187 323.771 184.942
188 565.569 527.818
189 797.766 608.055
190 742.698 24.4148
191 146.641 11.6012
192 783.361 919.649
193 725.32 883.908
194 808.85 151.101
195 814.304 661.977
196 204.657 594.134
197 469.782 177.282
198 746.683 504.41
199 819.279 347.636
200 769.633 598.106
201 743.669 56.0972
202 785.821 681.326
203 435.286 975.066
204 199.99 376.877
205 178.085 661.092
206 771.63 958.037
207 612.569 470.203
208 145.911 286.512
209 319.531 802.488
210 105.808 590.11
211 124.441 846.435
212 383.145 683.01
213 252.901 12.883
214 957.299 63.6311
215 631.445 57.6495
216 358.342 750.058
217 130.406 445.753
218 447.144 98.7579
219 945.891 726.218
220 497.452 428.541
221 86.9952 951.933
222 448.525 443.926
223 391.903 838.221
224 394.087 917.452
225 126.608 749.992
226 212.486 436.388
227 630.36 953.175
228 907.859 201.182
229 841.338 195.257
230 638.752 75.6595
231 813.32 463.428
232 263.643 305.006
233 12.7262 470.142
234 483.413 321.883
235 223.199 922.06
236 902.308 832.169
237 959.99 14.6693
238 634.336 821.741
239 132.694 146.005
240 35.7612 907.773
241 118.778 930.408
242 457.756 223.67
243 750.314 638.02
244 776.116 18.3763
245 383.953 487.991
246 422.644 453.413
247 471.145 204.352
248 945.121 73.397
249 566.133 138.676
250 999.833 279.432
251 362.814 811.213
252 199.488 574.179
253 409.192 827.784
254 350.932 327.86
255 657.338 93.2646
256 417.096 269.666
257 412.427 239.788
258 887.722 598.682
259 189.239 729.148
260 542.772 490.188
261 253.151 465.072
262 776.391 656.457
263 594.427 344.436
264 206.3 836.97
265 582.798 914.247
266 189.184 683.849
267 634.771 339.549
268 413.984 723.716
269 696.158 90.9798
270 525.98 225.658
271 944.297 294.524
272 145.422 117.165
273 520.701 871.155
274 765.347 769.223
275 898.007 664.052
276 562.901 348.796
277 619.102 560.859
278 2.99081 765.225
279 491.836 372.163
280 185.644 993.551
281 134.009 70.3146
282 455.55 389.298
283 91.6415 914.731
284 442.406 286.115
285 112.699 454.089
286 733.057 412.462
287 580.096 221.32
288 281.779 448.321
289 821.309 241.401
290 372.678 951.537
291 475.845 972.69
292 252.51 633.507
293 132.542 268.644
294 215.369 877.926
295 375.77 133.065
296 928.678 194.006
297 16.9378 343.486
298 208.197 943.327
299 79.8975 10.6551
300 808.059 157.17
301 713.706 943.358
302 261.147 127.449
303 153.519 234.783
304 423.476 373.241
305 214.617 383.404
306 194.937 825.973
307 385.357 772.641
308 885.128 452.168
309 150.822 467.544
310 632.918 665.43
311 319.698 757.653
312 829.188 572.069
313 759.575 216.441
314 656.066 627.857
315 470.992 181.484
316 948.784 358.104
317 889.607 307.566
318 929.868 142.064
319 698.059 686.182
320 74.0018 734.646
321 161.992 552.45
322 644.516 932.802
323 485.795 893.556
324 819.782 262.754
325 84.1496 25.0252
326 260.872 923.551
327 929.594 234.138
328 261.928 37.0394
329 918.73 752.068
330 224.603 256.207
331 138.493 155.461
332 829.859 248.36
333 137.089 538.168
334 10.4373 544.267
335 609.546 752.499
336 347.241 248.39
337 237.725 828.578
338 839.446 467.666
339 679.831 615.807
340 565.02 261.666
341 929.001 723.319
342 290.719 899.838
343 986.192 506.825
344 55.8433 416.486
345 431.715 724.784
346 204.354 224.86
347 244.026 488.392
348 951.775 661.829
349 501.048 399.003
350 794.859 384.462
351 225.41 411.664
352 423.414 569.262
353 617.695 970.859
354 341.275 662.221
355 161.596 862.239
356 434.12 895.356
357 779.87 453.662
358 948.722 398.606
359 713.311 35.5887
360 565.325 236.824
361 225.99 40.2234
362 292.171 710.44
363 596.144 771.085
364 122.618 105.903
365 793.42 506.577
366 705.362 112.43
367 239.87 506.607
368 641.028 843.369
369 78.6942 592.948
370 966.409 936.343
371 874.975 358.78
372 557.787 844.935
373 591.092 431.811
374 670.034 589.404
375 941.179 808.653
376 227.075 328.627
377 746.483 934.389
378 492.156 540.056
379 410.187 412.126
380 328.349 427.31
381 200.959 345.225
382 732.963 495.01
383 366.894 960.448
384 101.688 899.568
385 664.754 466.754
386 365.581 481.45
387 475.143 68.0299
388 527.842 536.397
389 940.575 945.28
390 275.683 980.987
391 282.388 971.042
392 755.411 960.753
393 25.1176 590.568
394 133.406 411.939
395 896.286 426.378
396 475.315 130.471
397 838.191 492.451
398 812.199 522.996
399 821.01 630.268
400 551.351 846.431
401 344.005 156.428
402 350.505 392.869
403 718.579 734.204
404 452.254 41.4747
405 539.933 607.811
406 688.72 489.059
407 708.39 454.547
408 336.909 399.616
409 172.968 430.01
410 895.431 372.849
411 593.158 207.469
412 553.282 698.325
413 988.682 259.59
414 584.08 453.169
415 285.25 603.188
416 11.2613 630.563
417 432.569 423.052
418 79.8382 786.309
419 999.757 781.905
420 270.028 777.616
421 569.576 829.558
422 39.0027 996.128
423 745.872 59.3484
424 65.1209 134.743
425 653.761 40.4107
426 177.309 127.445
427 428.482 696.585
428 597.73 177.313
429 857.112 335.799
430 443.798 668.223
431 953.782 897.584
432 925.688 853.908
433 335.438 973.693
434 318.827 67.5579
435 543.093 454.333
436 939.756 127.449
437 780.725 98.4874
438 802.261 984.008
439 474.107 135.533
440 229.203 689.23
441 899.503 29.1798
442 358.776 795.587
443 214.822 15.6865
444 818.783 531.938
445 330.332 146.326
446 783.38 192.409
447 21.9428 370.006
448 690.156 249.55
449 886.328 527.268
450 984.761 108.646
451 218.072 78.3105
452 288.797 258.766
453 458.51 792.57
454 107.548 147.5
455 526.7 261.395
456 902.236 705.836
457 544.437 41.0068
458 971.313 164.621
459 109.809 262.494
460 566.479 395.184
461 112.486 852.504
462 1.95318 70.685
463 944.792 213.39
464 397.198 40.9295
465 567.553 778.863
466 425.639 413.465
467 185.212 512.41
468 467.757 929.594
469 223.548 313.307
470 55.9443 449.039
471 545.854 20.1769
472 468.032 19.4708
473 271.861 916.292
474 865.688 623.066
475 482.882 744.656
476 889.554 482.955
477 845.882 696.009
478 154.571 241.89
479 830.866 268.323
480 171.37 768.7
481 863.704 276.838
482 919.218 461.318
483 915.922 714.042
484 480.554 677.664
485 836.268 650.777
486 397.32 252.881
487 440.026 855.8
488 580.297 795.953
489 151.189 877.865
490 606.543 676.168
491 610.055 570.482
492 124.621 593.036
493 37.2631 206.854
494 185.003 129.755
495 320.568 625.145
496 154.395 380.112
497 349.803 709.098
498 805.75 938.235
499 582.324 521.704
500 144.749 37.7209
501 15.656 569.296
502 319.484 951.72
503 664.937 36.6222
504 749.132 832.458
505 389.222 565.722
506 427.198 905.026
507 268.885 213.843
508 66.189 60.4308
509 351.115 76.1437
510 55.5076 649.194
511 437.452 813.898
512 686.061 954.619
513 144.209 26.9478
514 974.963 541.28
515 855.434 612.293
516 642.75 861.328
517 659.583 451.949
518 614.307 183.772
519 497.972 803.74
520 443.617 215.003
521 732.841 838.557
522 968.479 919.675
523 997.675 307.081
524 589.923 368.729
525 191.75 949.248
526 198.92 809.351
527 695.303 969.577
528 321.163 226.268
529 897.153 907.01
530 46.6933 663.751
531 630.329 942.446
532 951.605 385.164
533 951.982 189.951
534 39.9792 710.322
535 614.277 581.042
536 888.791 346.141
537 279.764 204.83
538 741.319 164.434
539 236.366 532.033
540 927.772 984.257
541 226.203 828.246
542 929.716 877.377
543 428.704 470.722
544 490.982 103.793
545 933.86 809.9
546 629.749 142.342
547 541.246 508.931
548 410.301 986.82
549 959.161 843.776
550 264.168 863.491
551 693.35 474.994
552 156.255 938.143
553 259.896 721.091
554 309.936 6.9277
555 73.4113 13.6317
556 278.97 814.574
557 172.704 629.566
558 942.656 41.9324
559 506.088 924.833
560 845.759 106.723
561 853.877 135.044
562 688.101 366.562
563 495.895 304.605
564 681.234 348.922
565 112.238 803.461
566 882.339 286.085
567 445.479 169.321
568 861.661 804.987
569 689.476 276.376
570 835.553 599.19
571 299.038 515.859
572 239.418 163.03
573 802.881 269.997
574 250.269 94.9431
575 528.117 5.2797
576 923.429 746.503
577 993.745 86.7946
578 524.522 578.116
579 101.535 910.127
580 460.443 293.802
581 388.07 283.914
582 164.098 599.235
583 782.189 298.811
584 78.4326 203.864
585 417.433 927.875
586 939.848 430.987
587 839.045 165.838
588 564.369 652.293
589 545.411 653.584
590 338.453 783.502
591 551.469 87.3786
592 794.916 701.407
593 256.96 191.264
594 155.264 940.214
595 57.6133 932.249
596 463.302 305.918
597 820.093 121.372
598 773.125 332.381
599 163.879 216.716
600 919.868 987.182
601 325.602 556.139
602 959.72 398.724
603 188.635 531.968
604 380.857 393.078
605 361.989 530.904
606 557.024 138.178
607 926.17 680.532
608 984.132 950.652
609 510.425 521.199
610 627.635 813.98
611 30.7932 871.948
612 456.984 551.073
613 852.749 374.706
614 556.688 404.157
615 962.493 458.606
616 504.435 195.078
617 591.51 910.127
618 588.163 893.521
619 164.159 980.655
620 682.15 755.215
621 191.656 118.782
622 781.108 268.166
623 48.7452 827.133
624 650.793 912.961
625 497.787 586.535
626 972.655 403.703
627 227.906 361.313
628 127.11 302.286
629 239.366 73.5843
630 563.765 303.419
631 698.66 331.584
632 339.337 456.954
633 698.435 972.655
634 726.099 647.725
635 801.752 727.256
636 121.846 975.982
637 90.8628 638.696
638 162.481 519.181
639 89.6471 524.145
640 895.901 160.426
641 741.783 398.606
642 46.8764 327.667
643 938.871 988.132
644 774.468 500.294
645 25.7881 294.382
646 329.447 553.854
647 302.272 101.23
648 771.451 16.1953
649 771.937 816.741
650 486.465 874.905
651 849.607 783.166
652 999.949 611.198
653 857.601 865.22
654 470.803 339.28
655 945.28 715.114
656 973.357 622.826
657 5.70696 91.5597
658 641.774 851.517
659 242.958 244.199
660 161.865 556.54
661 526.414 51.973
662 78.1884 156.289
663 355.71 369.488
664 290.597 200.079
665 528.132 618.213
666 673.453 330.048
667 239.756 908.204
668 843.519 617.79
669 684.256 570.269
670 268.686 729.484
671 544.077 74.5872
672 307.566 650.75
673 212.166 216.014
674 789.575 904.447
675 944.945 749.168
676 290.139 687.643
677 836.299 464.085
678 785.455 714.499
679 848.476 11.5096
680 116.919 312.209
681 528.733 1.89215
682 562.792 168.462
683 186.66 97.2666
684 362.896 447.981
685 579.434 100.009
686 889.357 525.899
687 838.666 627.556
688 22.4921 399.797
689 846.334 445.424
690 603.05 332.473
691 139.799 485.977
692 153.241 971.364
693 889.991 156.961
694 226.48 769.589
695 244.775 124.027
696 492.843 502.888
697 500.778 909.059
698 644.368 873.78
699 183.877 197.673
700 915.25 38.0302
701 861.568 588.946
702 632.957 283.582
703 358.304 22.6447
704 76.4495 502.121
705 621.876 778.466
706 712.577 514.237
707 279.275 23.9265
708 646.443 8.60622
709 557.201 149.083
710 694.052 629.113
711 618.946 90.9493
712 283.122 942.019
713 515.712 916.044
714 789.844 942.782
715 139.225 826.472
716 629.935 668.142
717 209.815 453.444
718 991.762 446.154
719 85.8661 874.935
720 2.8077 670.064
721 38.0261 745.48
722 706.717 853.694
723 653.144 402.33
724 75.3372 192.714
725 617.023 68.3615
726 513.443 167.398
727 108.434 683.828
728 484.872 377.732
729 318.888 501.205
730 445.252 58.0809
731 465.938 864.834
732 781.424 113.468
733 540.73 126.255
734 892.361 224.067
735 465.737 949.527
736 391.675 172.403
737 913.694 821.772
738 101.407 613.152
739 531.088 713.523
740 373.571 218.635
741 653.005 260.872
742 505.051 539.201
743 5.58489 285.535
744 631.666 988.372
745 714.56 873.653
746 673.818 211.127
747 413.962 62.1357
748 117.008 170.481
749 543.261 738.823
750 861.317 347.122
751 124.671 409.776
752 478.25 590.598
753 505.325 227.302
754 287.394 899.655
755 764.824 568.163
756 538.812 698.009
757 55.2477 219.337
758 51.8907 840.484
759 85.0856 368.118
760 50.2335 972.751
761 563.646 689.016
762 504.948 160.715
763 388.169 281.293
764 354.405 969.974
765 706.778 252.358
766 850.545 978.24
767 85.6655 340.159
768 436.232 446.303
769 477.737 239.051
770 539.537 915.952
771 152.503 338.912
772 17.6397 782.881
773 758.776 244.213
774 570.177 952.365
775 139.653 860.26
776 610.309 738.979
777 415.54 120.033
778 660.085 396.104
779 516.465 893.037
780 288.059 606.922
781 290.017 909.97
782 57.789 408.433
783 0.549333 81.3218
784 90.7804 125.832
785 891.768 660.939
786 825.261 540.696
787 906.296 849.609
788 737.611 490.131
789 941.033 680.353
790 279.519 996.891
791 347.816 698.63
792 935.667 247.902
793 587.39 298.536
794 483.643 530.233
795 795.842 734.733
796 882.2 555.777
797 73.8548 616.749
798 635.368 218.791
799 729.82 981.937
800 628.805 600.757
801 112.371 482.345
802 952.116 490.127
803 121.952 800.413
804 306.589 828.089
805 8.24 594.775
806 92.6847 538.926
807 741.128 559.648
808 909.018 73.9158
809 132.817 365.646
810 374.34 782.285
811 665.12 147.404
812 507.981 665.731
813 10.8951 91.9828
814 792.037 481.893
815 600.346 308.516
816 698.721 194.952
817 5.768 369.553
818 39.2163 525.346
819 810.383 217.139
820 502.457 283.151
821 818.15 586.814
822 529.124 195.624
823 766.048 616.722
824 474.755 531.388
825 557.787 188.94
826 951.964 594.016
827 167.396 107.612
828 311.563 9.58281
829 964.317 418.26
830 153.996 181.162
831 307.352 343.455
832 667.739 347.758
833 757.958 900.087
834 377.941 187.017
835 417.954 510.422
836 976.897 868.317
837 971.3 98.6969
838 856.258 650.065
839 203.07 502.386
840 610.645 725.262
841 116.764 439.166
842 321.574 542.867
843 23.1635 480.976
844 12.4516 204.661
845 667.381 712.276
846 100.188 248.12
847 990.825 699.153
848 907.712 770.444
849 813.153 805.648
850 563.985 469.44
851 360.332 793.455
852 920.571 237.22
853 228.553 645.257
854 634.176 436.632
855 605.153 879.151
856 373.472 158.238
857 475.448 336.344
858 490.595 847.686
859 59.8948 450.758
860 510.086 242.256
861 324.057 369.355
862 517.899 486.683
863 990.542 681.021
864 941.034 13.1535
865 671.355 618.366
866 738.776 537.818
867 56.3241 173.136
868 659.669 372.997
869 654.38 771.97
870 934.019 136.269
871 324.381 331.405
872 722.434 586.631
873 752.276 203.101
874 413.253 500.961
875 724.306 921.751
876 606.281 451.8
877 316.884 65.9241
878 49.1597 43.7067
879 713.614 91.9828
880 232.49 669.977
881 551.47 782.057
882 75.1061 400.499
883 849.522 398.423
884 16.9683 754.574
885 765.452 302.046
886 282.573 583.483
887 548.374 403.882
888 544.298 538.408
889 990.346 795.363
890 923.256 874.996
891 641.121 656.396
892 449.782 902.62
893 791.101 173.559
894 531.083 43.1227
895 860.195 712.516
896 818.11 994.48
897 838.221 498.367
898 371.044 531.24
899 396.954 603.931
900 117.513 783.044
901 895.779 516.896
902 266.016 436.968
903 398.907 996.983
904 349.559 642.51
905 997.095 948.489
906 480.728 599.872
907 74.0074 48.2192
908 861.562 608.726
909 187.414 407.107
910 106.971 338.623
911 72.1318 723.506
912 989.565 334.666
913 525.019 791.837
914 822.376 947.36
915 355.815 688.162
916 509.745 608.753
917 688.209 911.5
918 674.538 186.499
919 852.687 734.489
920 760.918 642.419
921 568.743 935.667
922 993.066 75.0145
923 347.989 605.064
924 205.634 750.664
925 730.918 452.288
926 733.16 930.631
927 516.19 988.403
928 806.848 957.004
929 904.538 2.07526
930 949.95 550.558
931 984.14 294.142
932 203.742 264.412
933 19.9591 162.363
934 119.344 91.8038
935 465.219 435.747
936 526.048 586.143
937 899.458 30.8584
938 292.886 444.99
939 655.516 899.263
940 61.7084 36.4391
941 186.834 142.037
942 338.528 473.159
943 108.7 939.547
944 912.87 617.542
945 862.972 809.473
946 901.206 791.925
947 891.69 313.216
948 776.33 813.379
949 593.289 620.93
950 326.182 757.714
951 342.144 306.67
952 834.347 113.228
953 100.436 496.2
954 93.3052 803.068
955 208.655 438.917
956 203.528 771.355
957 375.164 811.182
958 985.955 392.533
959 992.57 376.358
960 108.951 715.445
961 911.252 53.4379
962 581.936 119.209
963 791.192 228.462
964 623.341 464.919
965 956.755 916.383
966 844.213 917.875
967 286.434 689.871
968 161.3 87.165
969 733.879 329.661
970 504.563 836.848
971 432.702 904.817
972 97.7508 472.61
973 902.676 325.179
974 534.053 271.92
975 14.008 951.754
976 832.967 332.987
977 498.88 349.681
978 400.098 808.775
979 383.221 564.017
980 364.971 41.3221
981 550.829 200.873
982 31.6477 428.022
983 750.999 142.495
984 167.333 759.701
985 433.304 220.928
986 37.904 575.274
987 584.674 449.019
988 674.072 167.52
989 843.013 304.152
990 40.1831 319.108
991 228.248 104.678
992 944.259 216.197
993 264.666 790.582
994 881.575 203.467
995 131.827 837.798
996 98.3778 553.362
997 931.211 570.181
998 760.087 320.078
999 905.913 397.843
1000 340.336 872.646
1001 943.787 898.74
1002 184.997 119.867
1003 689.871 548.723
1004 300.838 836.394
1005 670.432 817.992
1006 782.855 403.455
1007 498.026 756.279
1008 506.516 191.752
1009 172.735 145.39
1010 954.009 674.402
1011 652.737 797.683
1012 363.933 381.272
1013 42.0545 698.573
1014 217.906 243.039
1015 89.9686 874.162
1016 691.544 201.178
1017 232.612 917.6
1018 201.27 49.3526
1019 480.317 639.825
1020 636.097 413.805
1021 17.7618 182.657
1022 369.396 313.307
1023 275.735 306.833
1024 99.9952 652.459
1025 564.318 589.774
1026 966.615 999.791
1027 482.993 95.3703
1028 661.162 544.058
1029 821.223 638.285
1030 176.153 565.604
1031 734.428 731.197
1032 382.031 544.363
1033 985.391 898.679
1034 660.39 519.12
1035 711.844 432.752
1036 640.126 883.393
1037 105.595 199.29
1038 295.785 208.869
1039 546.312 881.741
1040 103.375 356.552
1041 88.0154 298.017
1042 557.878 99.1588
1043 514.965 491.383
1044 873.074 750.546
1045 394.011 249.977
1046 506.668 177.408
1047 252.443 633.69
1048 127.424 58.9618
1049 846.644 407.208
1050 938.444 636.407
1051 217.247 628.106
1052 496.546 511.006
1053 839.94 299.326
1054 225.44 889.584
1055 946.44 510.758
1056 60.5487 914.217
1057 319.309 633.385
1058 565.715 618.858
1059 264.87 192.668
1060 84.4447 537.405
1061 962.96 602.623
1062 654.653 48.8907
1063 656.575 8
1064 538.499 970.977
1065 609.546 761.96
1066 136.387 558.061
1067 559.191 157.51
1068 983.361 532.186
1069 671.163 578.692
1070 618.305 151.341
1071 354.961 258.248
1072 419.294 961.703
1073 463.79 446.002
1074 986.023 230.506
1075 935.89 43.3363
1076 202.216 369.793
1077 228.401 223.487
1078 887.999 906.186
1079 721.305 714.743
1080 168.372 250.526
1081 74.6806 150.369
1082 77.3949 216.895
1083 428.39 669.24
1084 862.636 343.917
1085 152.861 170.629
1086 670.461 810.236
1087 407.158 204.814
1088 819.637 42.9742
1089 157.226 910.184
1090 857.692 98.3306
1091 606.085 728.298
1092 317.516 427.778
1093 310.642 871.731
1094 507.936 754.147
1095 412.146 242.809
1096 184.899 981.353
1097 30.1828 228.248
1098 712.119 455.123
1099 260.75 75.1407
1100 107.456 989.898
1101 129.124 803.278
1102 850.978 791.197
1103 374.649 863.298
1104 402.548 351.608
1105 808.039 743.435
1106 235.871 592.399
1107 414.283 423.902
1108 995.347 171.178
1109 766.863 155.034
1110 192.505 291.849
1111 978.794 318.329
1112 750.734 659.078
1113 880.612 427.168
1114 987.543 725.643
1115 646.047 227.485
1116 122.135 714.87
1117 838.429 700.892
1118 560.442 699.515
1119 106.572 35.3751
1120 925.163 568.869
1121 819.042 1.28178
1122 360.281 123.604
1123 892.759 894.436
1124 835.2 453.997
1125 198.157 516.831
1126 735.146 142.983
1127 120.701 674.825
1128 49.7766 608.844
1129 848.14 833.155
1130 255.014 50.4166
1131 445.533 926.973
1132 4.15052 532.579
1133 866.087 29.1452
1134 342.814 837.218
1135 85.0181 413.739
1136 333.157 490.009
1137 333.689 624.5
1138 720.267 689.173
1139 825.763 376.934
1140 640.494 867.676
1141 791.955 977.543
1142 453.2 58.5387
1143 613.697 22.2216
1144 368.45 89.816
1145 526.414 469.68
1146 416.96 714.286
1147 969.726 919.095
1148 257.479 838.801
1149 583.423 372.36
1150 550.586 374.981
1151 143.949 43.2184
1152 678.915 989.288
1153 679.485 568.438
1154 697.806 183.604
1155 37.0261 918.119
1156 597.264 271.131
1157 266.559 806.791
1158 233.833 759.301
1159 158.499 874.207
1160 363.118 99.0631
1161 453.064 32.3538
1162 413.862 143.834
1163 284.829 332.747
1164 869.863 780.332
1165 208.808 483.81
1166 184.943 281.659
1167 698.867 102.054
1168 641.957 318.19
1169 784.816 891.541
1170 274.478 26.4332
1171 213.715 796.842
1172 6.74459 631.092
1173 9.00296 14.2521
1174 530.564 227.001
1175 779.565 845.58
1176 492.67 411.943
1177 816.736 227.214
1178 608.25 735.618
1179 340.779 521.352
1180 724.122 330.092
1181 344.487 662.042
1182 949.7 543.84
1183 620.533 683.462
1184 956.969 193.919
1185 879.14 477.741
1186 635.945 671.289
1187 645.039 639.149
1188 997.27 147.404
1189 77.8222 369.976
1190 149.602 617.512
1191 523.089 586.234
1192 680.074 19.1656
1193 220.618 748.196
1194 949.126 363.022
1195 88.3834 931.338
1196 820.215 11.2207
1197 559.618 69.6432
1198 554.545 210.303
1199 222.604 659.234
1200 22.432 521.749
1201 988.297 648.457
1202 565.661 351.451
1203 142.798 745.877
1204 470.321 88.2332
1205 76.9001 535.051
1206 326.406 744.133
1207 269.526 323.348
1208 132.878 181.28
1209 804.224 671.896
1210 310.025 545.396
1211 146.444 630.543
1212 115.428 433.76
1213 173.141 69.8263
1214 149.681 464.583
1215 339.353 341.384
1216 393.628 713.1
1217 391.736 270.058
1218 924.049 937.162
1219 812.86 138.524
1220 41.7396 653.981
1221 135.077 877.926
1222 575.023 970.523
1223 858.28 545.614
1224 224.031 224.681
1225 336.222 742.001
1226 45.4421 863.556
1227 474.288 940.855
1228 776.177 522.908
1229 618.519 883.698
1230 864.132 116.947
1231 566.607 138.31
1232 766.954 705.653
1233 679.464 667.562
1234 867.261 157.689
1235 606.891 275.22
1236 591.435 753.258
1237 743.043 797.601
1238 256.525 719.108
1239 34.9603 851.588
1240 787.608 225.593
1241 200.781 86.7336
1242 13.3061 687.586
1243 469.941 16.6978
1244 246.101 971.591
1245 266.901 410.81
1246 466.355 965.88
1247 562.992 565.146
1248 848.218 322.001
1249 227.912 547.384
1250 648 222.576
1251 142.338 494.587
1252 605.792 519.425
1253 241.554 408.098
1254 893.919 515.004
1255 580.623 829.768
1256 963.836 842.982
1257 156.089 277.539
1258 900.937 629.597
1259 44.6791 82.0074
1260 522.385 115.818
1261 298.227 717.708
1262 967.986 476.52
1263 818.323 795.099
1264 416.974 76.453
1265 740.013 648.671
1266 463.814 931.272
1267 860.164 935.728
1268 437.912 678.701
1269 395.384 603.137
1270 957.64 74.6829
1271 962.784 864.197
1272 311.343 590.354
1273 265.45 183.359
1274 559.207 387.066
1275 884.199 221.904
