1 547.948 361.982
2 885.948 135.12
3 374.94 472.127
4 565.693 916.63
5 899.622 1179.37
6 221.624 986.113
7 950.679 518.875
8 1026.29 304.416
9 905.189 965.846
10 826.898 1370.88
11 1323.5 378.55
12 395.777 664.867
13 1190.53 354.752
14 904.148 800.126
15 869.526 1301.66
16 735.486 202.419
17 1445.57 38.8263
18 1333.36 280.968
19 1289.68 773.136
20 544.101 770.387
21 1274.12 536.813
22 441.196 608.243
23 176.312 1236.76
24 847.022 248.635
25 852.862 899.169
26 561.392 1059.82
27 639.974 883.914
28 686.102 395.208
29 54.4553 519.147
30 859.238 360.896
31 1349.7 506.122
32 700.224 571.709
33 1440.56 1090.77
34 751.425 311.839
35 312.111 431.252
36 427.129 563.746
37 1272.37 948.995
38 1447.42 394.677
39 453.659 1214.67
40 848.199 570.026
41 505.17 288.832
42 773.573 947.966
43 1082.45 137.157
44 565.883 785.732
45 818.867 700.438
46 67.0846 183.102
47 782.922 455.967
48 1310.2 1471.15
49 861.192 16.3743
50 1301.68 1419.33
51 731.639 836.656
52 21.9994 1142.97
53 240.273 1018.04
54 658.375 408.343
55 49.0686 1073.53
56 1131.71 907.395
57 441.26 1445.52
58 1469.03 556.503
59 1134.35 81.6935
60 500.876 1424.25
61 461.869 1011.15
62 1038.78 789.341
63 1419.89 1246.12
64 353.647 1324.75
65 244.03 739.832
66 1329.33 995.311
67 1245.31 419.482
68 44.2251 597.56
69 592.502 1447.29
70 422.653 792.793
71 511.69 1357.39
72 859.126 318.539
73 1313.27 452.346
74 735.059 57.126
75 634.84 525.722
76 950.41 942.205
77 1248.8 1350.7
78 21.9089 672.554
79 621.732 1384.73
80 307.836 1267.9
81 1096.48 810.707
82 1400.54 621.596
83 403.503 151.494
84 394.133 860.002
85 1171.4 329.403
86 1379.81 1159.89
87 1466.12 112.927
88 148.519 1059.32
89 1115.77 1208.65
90 1453.67 586.108
91 1004.68 239.911
92 658.805 1252.14
93 1183.62 878.528
94 595.2 702.566
95 284.979 499.999
96 376.353 194.464
97 965.665 509.196
98 1339.84 772.242
99 291.605 774.547
100 130.364 1292.57
101 413.27 1178.99
102 1067.6 580.754
103 831.707 419.252
104 873.002 628.748
105 470.95 924.066
106 936.334 834.891
107 1044.9 1247.98
108 75.7644 721.623
109 1166.72 1199.19
110 367.008 236.051
111 847.792 379.591
112 301.519 98.9852
113 687.64 362.254
114 155.58 1291.43
115 1095.85 1089.02
116 906.457 955.703
117 755.222 1458.71
118 44.5873 210.25
119 353.057 1467.12
120 67.5373 1447.75
121 201.532 1246.12
122 536.722 874.713
123 1044.78 1022.79
124 569.443 1311.67
125 640.107 869.203
126 1071.68 715.75
127 601.104 106.874
128 904.787 1205.49
129 789.621 421.791
130 1400.18 1394.32
131 1173.48 1433.16
132 1083.81 304.099
133 1356.81 703.257
134 1476.55 662.106
135 1134.14 798.621
136 760.473 95.376
137 225.245 170.596
138 1017.87 565.693
139 1339.28 451.836
140 850.508 680.792
141 561.794 965.303
142 74.4177 1116.95
143 302.152 78.1627
144 1107.53 1272.62
145 467.158 667.542
146 959.6 71.747
147 910.005 303.181
148 809.251 85.2695
149 194.962 63.8586
150 207.003 943.835
151 1472.95 1346.67
152 1317.52 639.431
153 108.639 895.095
154 613.448 958.242
155 761.062 271.042
156 811.669 264.433
157 1260.74 35.3077
158 375.574 891.474
159 398.796 741.404
160 1080.91 980.319
161 597.098 223.117
162 1420.91 503.316
163 1164.77 98.9068
164 992.87 271.631
165 332.933 128.552
166 127.738 850.405
167 768.938 944.287
168 1277.01 696.282
169 10.0944 582.293
170 1086.5 1387.81
171 1323.11 1099.55
172 850.739 1032.66
173 816.694 702.216
174 593.565 545.187
175 1254.55 1425.57
176 382.319 930.481
177 432.569 528.755
178 502.591 437.589
179 991.703 1070.68
180 997.394 1289
181 18.8308 285.721
182 944.096 519.657
183 838.152 887.762
184 466.786 1236.75
185 661.712 1431.13
186 904.211 1356.26
187 761.65 1270.76
188 1324.04 42.1308
189 322.632 1007.54
190 1403.79 912.873
191 460.313 1112.27
192 1128.82 274.766
193 868.705 226.241
194 1054.93 1207.02
195 982.061 916.823
196 1221.69 804.608
197 1229.75 845.109
198 721.906 1299.64
199 556.966 834.212
200 1346.17 805.287
201 688.073 1159.89
202 514.677 41.645
203 608.936 171.185
204 300.84 1255.09
205 1045.8 1469.6
206 819.526 1126.17
207 997.546 487.201
208 563.248 492.53
209 932.032 25.0201
210 624.021 668.842
211 1060.86 205.135
212 327.972 953.489
213 1393.05 1440.78
214 1453.8 1206.93
215 1391.28 1458.96
216 690.922 645.135
217 1365.24 309.35
218 752.775 720.548
219 851.504 478.781
220 673.155 820.529
221 1407.78 609.103
222 1054.43 33.2254
223 1402.03 1428.83
224 931.037 1472.33
225 187.085 543.376
226 237.15 758.334
227 1191.13 118.042
228 59.6157 40.8633
229 888.813 1317.66
230 1104.68 1028.71
231 1254.33 1174.42
232 896.363 28.5177
233 1048.6 347.044
234 440.813 1294.03
235 502.284 1387.04
236 875.545 853.031
237 1169.41 448.815
238 1205.7 1288.99
239 1154.47 961.546
240 996.175 285.075
241 673.517 1437.34
242 950.753 113.606
243 385.066 352.431
244 394.224 1068.56
245 57.5334 1210.47
246 1363.6 1048.32
247 250.006 998.29
248 1058.84 1391.62
249 651.2 1177.01
250 664.916 1374.56
251 792.273 712.31
252 1033.66 1425.78
253 1436.15 1072.21
254 1443.7 1108.16
255 868.026 1002.36
256 958.739 855.759
257 379.784 723.977
258 1336.76 915.329
259 729.476 72.6071
260 1449.77 21.6825
261 646.855 1102.55
262 1373.88 222.381
263 768.762 507.106
264 213.068 1192.89
265 319.334 923.918
266 1251.66 998.755
267 690.315 227.961
268 1194.89 304.585
269 892.605 1023.02
270 173.108 473.111
271 244.213 256.475
272 1364.59 1461.87
273 788.584 403.372
274 670.625 668.163
275 902.79 1015.67
276 39.5174 1300.58
277 1088.07 516.579
278 1266.78 361.904
279 532.373 845.121
280 1199.28 650.431
281 322.748 619.683
282 124.709 665.591
283 715.892 543.557
284 691.714 664.27
285 35.6246 500.995
286 939.745 550.211
287 484.259 1058.36
288 883.488 1329.74
289 151.642 1110.74
290 532.965 657.888
291 620.221 191.012
292 14.3494 1003.63
293 181.608 205.27
294 1020.44 1192.59
295 1459.41 566.507
296 196.3 571.622
297 1140.12 744.075
298 937.836 1425.43
299 680.442 981.508
300 234.049 104.656
301 1322.5 173.732
302 542.086 769.119
303 888.397 1198.73
304 500.237 129.766
305 1372.07 831.994
306 192.789 301.054
307 1039.38 974.76
308 127.109 1278.31
309 1442.4 1291.62
310 1287.78 355.147
311 365.661 542.471
312 798.904 1482.28
313 887.92 628.51
314 24.6701 1022.69
315 373.266 392.73
316 825.647 1350.84
317 987.8 1087.24
318 66.2746 96.3719
319 615.649 270.816
320 850.689 352.748
321 426.521 495.156
322 366.523 886.087
323 1385.65 321.798
324 428.101 2.03698
325 1078.97 993.459
326 685.522 423.285
327 662.279 608.548
328 1115 784
329 656.93 1303.93
330 1096.86 248.104
331 1167.22 763.811
332 1254.47 181.143
333 1166.47 447.807
334 1066.79 167.576
335 1149.62 408.935
336 378.335 963.616
337 374.443 825.472
338 121.314 688.134
339 137.917 865.615
340 408.784 1204.4
341 1407.46 1246.32
342 336.202 18.016
343 666.636 960.369
344 83.4257 832.401
345 811.189 660.752
346 845.347 1107.39
347 462.44 575.561
348 1436.35 1025.09
349 962.406 472.794
350 246.248 256.614
351 1142.16 380.146
352 299.315 1164.97
353 1072.58 836.373
354 685.983 860.693
355 1121.12 418.894
356 1032.07 540.241
357 262.785 833.846
358 1366.24 1406.59
359 1304.21 232.113
360 398.653 1382.37
361 262.767 958.048
362 1042.59 906.14
363 723.717 582.894
364 720.113 753.185
365 628.799 95.4666
366 1256.94 1395.83
367 1217.98 1301.62
368 450.128 1194.61
369 812.575 955.797
370 832.76 819.5
371 1215.35 394.36
372 596.881 57.3071
373 479.958 401.104
374 1197.2 1367.57
375 930.131 1217.35
376 1391.67 426.77
377 1434.15 160.514
378 1163.39 1116.4
379 707.421 1423.43
380 1061.38 592.173
381 1183.29 1110.73
382 1344.5 1007.07
383 463.708 344.657
384 853.46 58.6612
385 691.804 181.008
386 94.7876 306.667
387 619.133 1164.69
388 798.909 982.052
389 57.341 81.2982
390 775.819 1226.08
391 688.5 1454.68
392 620.33 380.78
393 175.543 1174.06
394 1066.26 983.319
395 900.409 653.723
396 1288.59 1125.41
397 1402.48 452.441
398 910.124 992.768
399 385.669 908.358
400 578.684 48.9328
401 683.385 941.979
402 481.033 656.801
403 1045.7 1299.9
404 835.287 382.08
405 1392.98 739.787
406 295.091 296.029
407 1302.4 635.991
408 708.462 734.355
409 540.479 1265.15
410 995.856 1245.55
411 525.707 1162.99
412 1110.33 818.867
413 645.542 968.653
414 1376.86 601.272
415 623.588 128.688
416 830.127 757.79
417 1116.18 527.171
418 96.0097 512.957
419 88.6119 1322.4
420 1012.56 925.465
421 1276.2 599.404
422 215.105 1075.62
423 160.741 1393.69
424 307.363 740.68
425 892.696 1302.81
426 1093.9 1175.11
427 1242.51 408.89
428 172.193 424.824
429 103.841 160.51
430 1237.22 863.59
431 44.0441 25.337
432 575.425 314.407
433 393.272 365.299
434 435.817 316.864
435 194.317 884.276
436 645.363 327.818
437 611.457 1033.15
438 887.676 1389.09
439 1375.14 1084.25
440 235.2 137.19
441 1014.24 1012.83
442 875.857 499.682
443 224.883 967.476
444 959.102 705.792
445 993.818 537.582
446 801.213 1386.04
447 790.213 60.9737
448 74.5988 402.055
449 1129.21 1137.63
450 1217.44 1215.85
451 309.395 1115.12
452 1170.76 1399.13
453 734.853 1112.54
454 278.948 323.201
455 173.845 959.768
456 270.421 255.162
457 779.466 1142.07
458 1370.9 567.129
459 1285.55 1438.25
460 956.974 664.192
461 234.434 650.555
462 849.829 853.631
463 901.397 875.404
464 1349.99 527.521
465 559.764 582.803
466 615.395 1452.49
467 404.047 232.171
468 625.716 160.695
469 1309.39 831.636
470 1147.23 676.595
471 1196.8 837.426
472 331.666 972.76
473 223.163 1401.94
474 1198.17 921.712
475 1477.17 1470.61
476 416.585 1470.16
477 848.888 643.369
478 868.569 177.172
479 945.087 1230.38
480 943.349 63.1796
481 121.525 1186.05
482 287.208 801.337
483 1451.08 269.865
484 415.924 230.619
485 338.647 714.969
486 720.729 1176.79
487 1115.72 1408.82
488 26.2544 641.818
489 1479.57 868.421
490 446.823 1030.61
491 1193.41 487.641
492 98.4994 618.551
493 441.298 40.9538
494 1050.77 1165.06
495 1080.69 1101.63
496 587.154 420.285
497 602.132 830.85
498 1096.03 1327.11
499 1095.17 56.5828
500 959.554 248.454
501 331.259 1014.81
502 1343.96 848.335
503 186.452 1203.86
504 501.912 1242.86
505 1346.71 1206.8
506 365.751 101.94
507 484.53 1249.12
508 1068.33 673.867
509 1101.96 644.32
510 345.336 139.601
511 1158.59 856.755
512 1109.14 1461.64
513 1384.7 275.297
514 849.678 1421.31
515 161.824 147.511
516 947.559 423.104
517 1274.09 564.685
518 914.831 204.332
519 1169.03 379.138
520 767.494 365.253
521 573.388 47.0278
522 1007.8 368.06
523 1002.56 75.0393
524 1252.97 792.238
525 180.839 414.186
526 355.793 1294.01
527 1359.77 1028.45
528 369.056 605.832
529 222.212 728.692
530 771.153 251.006
531 600.14 1314.07
532 506.238 524.455
533 446.371 589.955
534 813.07 685.735
535 911.255 403.685
536 1375.36 24.6746
537 920.253 1274.43
538 506.348 568.17
539 1055.36 298.972
540 1387.28 191.057
541 750.469 157.605
542 24.308 766.946
543 860.854 73.9198
544 1095.08 918.35
545 197.225 855.17
546 1299.55 645.633
547 472.399 249.327
548 105.571 584.523
549 736.708 1469.57
550 1436.61 792.295
551 1207.21 1190.35
552 1369.17 1127.35
553 263.784 141.864
554 141.502 1263.41
555 717.244 853.574
556 1252.05 373.945
557 987.375 1460.29
558 1171.9 13.0328
559 724.849 452.288
560 805.195 522.146
561 700.452 1163.07
562 890.795 598.046
563 329.04 982.764
564 644.592 1269.45
565 176.267 32.5962
566 143.096 991.693
567 562.776 1404.93
568 623.95 72.1092
569 923.445 259.092
570 294.15 92.9648
571 847.249 542.64
572 267.262 907.86
573 580.2 367.698
574 1114.91 506.88
575 1311.69 157.107
576 1289.14 1139.31
577 498.519 1176.79
578 174.317 28.6414
579 980.92 318.901
580 35.0361 1377.36
581 743.093 491.353
582 349.229 1224.91
583 130.883 1125.95
584 1193.17 1070.08
585 103.071 115.191
586 328.648 1342.87
587 1354.32 253.298
588 589.039 477.103
589 141.339 947.419
590 309.712 1185.93
591 949.279 1332.96
592 255.935 4.52663
593 137.462 576.227
594 1294.08 1091.04
595 993.776 1121.74
596 1457.9 1227.75
597 887.219 875.347
598 894.035 314.769
599 761.343 390.237
600 651.404 753.548
601 1403.07 784.86
602 967.523 100.94
603 1165.83 318.267
604 103.55 1336.89
605 438.228 454.56
606 777.188 1092.32
607 863.142 833.261
608 992.01 99.4831
609 809.949 744.392
610 780.893 865.434
611 871.484 1314.43
612 1215.9 270.828
613 155.797 891.462
614 752.373 324.469
615 1214.27 1457.38
616 946.424 439.84
617 1219.49 23.9006
618 134.754 1136.95
619 1160.26 995.274
620 1193.58 571.532
621 1132.51 451.486
622 448.322 16.3864
623 833.533 33.0775
624 331.213 807.55
625 1324.99 454.7
626 544.87 277.301
627 520.653 716.067
628 1362.04 1172.17
629 1045.83 885.363
630 332.119 1259.08
631 128.285 793.789
632 1262.46 107.553
633 710.997 1231.02
634 336.762 416.302
635 778.58 1152.61
636 1271.53 953.036
637 49.6458 1126.08
638 791.616 107.009
639 202.974 292.136
640 797.617 1194.25
641 1000.75 479.596
642 957.155 813.933
643 1416.43 71.7923
644 897.499 734.659
645 780.778 39.3243
646 1272.98 488.23
647 153.412 124.877
648 164.784 280.425
649 1243.28 1250.88
650 1041.31 653.781
651 1119.34 1340.15
652 256.343 449.901
653 965.213 765.815
654 1227.79 642.633
655 290.758 1463.68
656 601 192.382
657 597.191 1396.19
658 1302.72 1268.81
659 1050.39 164.724
660 882.285 696.953
661 402.417 878.516
662 1078.33 680.578
663 1008.58 15.2139
664 459 464.387
665 128.348 1.35799
666 442.568 515.39
667 164.85 733.178
668 1069.78 698.911
669 1283.19 254.384
670 404.657 1366.36
671 516.669 418.022
672 1155.88 594.968
673 1183.31 712.849
674 342.276 674.829
675 776.902 443.959
676 1198.61 1408.96
677 902.292 745.762
678 642.136 463.333
679 284.471 567.627
680 1099.38 240.08
681 1125.25 1261.8
682 896.182 1086.44
683 1371.47 90.4299
684 614.211 1380.84
685 305.685 1202.21
686 947.83 300.646
687 1305.25 1353.09
688 977.177 1326.85
689 640.655 835.751
690 121.721 1457.29
691 1354.41 1008.08
692 1386.41 1208.47
693 101.081 1241.05
694 1125.83 954.666
695 1451.43 426.318
696 717.151 1262.47
697 724.685 274.437
698 653.283 1335.49
699 53.7116 441.391
700 1472.18 362.027
701 526.809 1191.09
702 743.589 300.827
703 126.472 699.352
704 59.2535 940.267
705 162.053 715.841
706 990.516 640.744
707 512.131 35.6698
708 77.179 1346.49
709 734.988 788.176
710 776.498 610.901
711 37.3899 477.329
712 1030.78 161.786
713 213.385 1115.22
714 1200.33 216.554
715 1316.62 259.466
716 1056 139.869
717 228.051 1388.21
718 337.641 1042.29
719 775.746 30.2257
720 835.197 39.8796
721 1314.74 1318.5
722 1382.16 140.009
723 379.965 1348.26
724 73.5124 397.298
725 1028.27 239.718
726 1327.61 8.72426
727 275.994 210.398
728 1164.61 1261.51
729 1366.77 943.575
730 296.738 1438.43
731 1333.05 971.369
732 1094.3 612.984
733 125.257 20.1314
734 268.655 1136.86
735 479.822 489.917
736 429.52 1326.84
737 970.554 576.692
738 493.127 297.897
739 893.69 361.451
740 1116.33 559.763
741 196.003 837.2
742 813.49 1025.96
743 822.352 1444.31
744 1414.43 114.343
745 1316.72 614.848
746 337.445 1233.37
747 178.485 806.814
748 1170.09 580.132
749 964.126 556.368
750 628.548 445.589
751 1144.47 1056.83
752 569.495 567.911
753 508.427 319.851
754 372.722 783.785
755 1126.11 929.395
756 721.678 352.884
757 574.649 19.4645
758 788.357 1138.66
759 821.135 1023.01
760 707.846 1064.06
761 1352.92 1396
762 846.705 1057.27
763 1396.87 811.488
764 750.786 286.486
765 227.101 1480.56
766 464.568 836.837
767 506.937 1199.74
768 1387.73 494.896
769 555.127 58.6651
770 631.894 1360.98
771 152.728 309.881
772 1060.45 775.942
773 957.65 187.81
774 407.759 76.0473
775 287.804 441.56
776 544.87 616.605
777 755.426 1207.84
778 1007.27 1288
779 43.0902 1326.26
780 167.44 897.675
781 824.932 1089.14
782 1012.32 1169.18
783 371.979 941.493
784 1429.93 1342.33
785 64.7308 77.3479
786 476.104 1395.23
787 514.481 683.653
788 448.272 621.777
789 28.9251 353.258
790 1032.84 386.981
791 1395.83 1303.79
792 402.553 201.435
793 843.084 450.58
794 990.83 1447.33
795 1386.96 651.188
796 380.689 811.431
797 766.494 491.777
798 991.105 1095.43
799 1242.02 1280.76
800 1247.49 334.382
801 978.605 154.086
802 603.309 680.566
803 404.182 112.067
804 392.187 87.545
805 953.715 877.396
806 813.815 507.616
807 1081.5 1148.63
808 568.046 1217.53
809 619.831 1213.59
810 944.481 270.466
811 365.887 1140.29
812 754.018 1315.62
813 371.246 509.641
814 658.986 635.39
815 1361.2 1316.07
816 278.525 1094.48
817 1143.2 940.485
818 1425.98 1180.62
819 1250.98 64.8213
820 591.8 1288.04
821 1345.18 1366.36
822 346.377 692.516
823 592.149 293.416
824 489.634 701.796
825 54.5264 158.963
826 1443.27 51.4677
827 1364.17 361.089
828 95.8917 529.027
829 778.942 1216.97
830 421.678 1417.41
831 1226.45 767.806
832 690.896 1035.51
833 1116.04 629.279
834 121.449 742.412
835 271.507 1454.18
836 1253.01 1225.4
837 679.582 494.172
838 1230.84 920.852
839 1296.47 730.326
840 549.714 1047.73
841 261.096 1356.36
842 595.887 1004.94
843 801.449 1253.65
844 247.994 845.257
845 1187.61 1235.72
846 145.667 344.793
847 53.3333 14.1562
848 971.474 1427.06
849 337.631 392.277
850 259.089 1236.04
851 470.226 168.514
852 907.226 458.185
853 432.451 524.171
854 484.575 1202.67
855 1319.6 337.596
856 48.8597 80.2985
857 273.544 1044.34
858 1425.21 199.126
859 1052.3 1109.3
860 1287.77 1145.82
861 515.292 1038.91
862 1398.91 681.438
863 558.92 1369.93
864 107.643 1375.04
865 978.521 1138.25
866 59.9325 690.434
867 722.993 1176.69
868 250.516 1298.81
869 1439.89 842.179
870 1249.71 1193.54
871 342.892 57.0355
872 1107.85 846.475
873 1098.97 1297.14
874 643.938 1395.06
875 699.044 1147.08
876 1010.75 1408.27
877 1280.38 85.0553
878 478.215 1057.78
879 1135.78 211.209
880 740.103 961.501
881 1124.7 1045.2
882 820.632 721.857
883 37.5257 1106.81
884 1145.03 631.962
885 1480.47 515.447
886 593.434 130.276
887 1219.16 1112.97
888 571.225 1330.96
889 1409.95 301.379
890 542.154 1021.07
891 1224.37 169.963
892 782.195 191.555
893 1128.26 546.714
894 757.253 691.068
895 899.014 1122.69
896 430.558 170.868
897 1400.94 139.68
898 313.795 1297.29
899 479.732 707.648
900 64.0404 927.086
901 673.924 280.968
902 639.157 793.518
903 463.753 799.629
904 1157.85 940.859
905 1002.33 464.646
906 537.175 883.96
907 1308.06 1387.32
908 1434.85 476.732
909 1326.41 801.608
910 924.536 1142.06
911 70.7512 275.614
912 1262.66 110.676
913 490.098 900.21
914 1174.21 751.453
915 564.832 1013.14
916 234.389 1175.15
917 693.069 104.112
918 1288.28 425.186
919 1138.54 698.237
920 1381.3 485.798
921 120.632 1478.35
922 1162.98 1290.04
923 599.506 1470.02
924 1092.25 880.507
925 333.341 1274.25
926 960.143 45.2994
927 1040.58 51.5461
928 997.234 635.526
929 276.262 1352.91
930 897.24 784.283
931 1127.08 194.769
932 228.459 322.926
933 430.799 551.15
934 756.309 1003.87
935 1440.72 1148.26
936 948.673 1166.42
937 1391.94 1005.17
938 733.947 827.274
939 1193.31 796.086
940 763.642 1241.25
941 1159.91 14.2589
942 209.082 1196.42
943 1191.88 1376.23
944 167.47 876.849
945 1265.46 184.098
946 495.572 534.504
947 1391.98 929.214
948 1052.68 117.511
949 289.483 769.65
950 849.059 822.035
951 297.988 312.745
952 110.142 431.569
953 464.749 132.132
954 397.845 178.168
955 907.055 1401.72
956 1219.16 854.162
957 821.447 760.835
958 225.019 622.683
959 714.256 1371.7
960 921.485 894.766
961 587.643 793.925
962 438.856 1261.34
963 140.054 1221.77
964 8.37426 329.538
965 14.0325 1045.97
966 317.271 1023.79
967 1031.66 845.619
968 1272.23 731.639
969 904.013 581.84
970 1244.32 505.159
971 1227.03 1328.97
972 1006 1074.93
973 1333.27 1104.09
974 584.653 939.592
975 127.248 450.025
976 0.0905325 396.351
977 1369.67 1047.77
978 1197.06 225.188
979 376.588 1096.21
980 1322.36 1337.52
981 136.206 211.529
982 360.835 363.521
983 1448.62 1235.45
984 455.298 45.0399
985 838.105 120.816
986 602.133 83.7879
987 240.094 361.982
988 1032.57 362.254
989 877.396 1270.48
990 495.439 501.595
991 1197.75 919.037
992 90.3515 1090.92
993 1042.44 449.799
994 157.346 1073.58
995 554.175 955.48
996 776.803 1112.74
997 1347.65 938.827
998 1032.51 732.894
999 175.995 413.903
1000 443.428 1094.86
1001 275.355 875.771
1002 1422.22 736.153
1003 7.55947 1058.05
1004 705.056 578.82
1005 329.679 332.604
1006 1081.23 1227.53
1007 1204.54 52.6778
1008 671.027 616.65
1009 1259.49 304.054
1010 1385.93 38.3858
1011 1316.81 77.7222
1012 88.7671 628.929
1013 1144.1 1156.27
1014 546.496 1464.62
1015 676.595 1018.75
1016 468.28 1007.4
1017 820.27 178.111
1018 420.026 643.999
1019 202.793 591.211
1020 945.793 713.94
1021 625.104 745.215
1022 275.4 1435.02
1023 353.901 597.877
1024 1241.25 246.191
1025 1283.12 620.555
1026 1195.84 676.229
1027 488.332 731.548
1028 67.2834 277.437
1029 847.593 803.295
1030 313.894 817.056
1031 673.539 150.725
1032 637.574 1104.27
1033 1170.95 160.556
1034 528.801 726.161
1035 561.845 1255.04
1036 40.7849 1190.37
1037 430.301 366.961
1038 713.846 1128.76
1039 644.139 901.07
1040 637.123 1239.15
1041 469.004 816.863
1042 947.465 659.744
1043 530.698 340.707
1044 188.531 1453.99
1045 862.141 1069.69
1046 82.5592 656.756
1047 1248.82 365.92
1048 150.437 54.2251
1049 241.377 84.7263
1050 493.346 480.003
1051 1340.97 101.759
1052 172.781 665.776
1053 123.26 555.01
1054 712.056 159.37
1055 327.047 1136.85
1056 1070.93 487.596
1057 1329.87 908.165
1058 1405.22 53.4142
1059 1157.13 771.337
1060 1443.27 550.788
1061 366.847 717.244
1062 330.461 1369.44
1063 166.906 332.197
1064 237.95 276.701
1065 1442.14 762.058
1066 107.982 870.832
1067 606.07 481.312
1068 1219.11 950.139
1069 1214.04 972.768
1070 1367.49 757.803
1071 974.95 1361.65
1072 126.293 1112.96
1073 213.983 1051.08
1074 1104.45 1310.9
1075 475.609 991.15
1076 135.527 641.876
1077 553.8 637.111
1078 278.113 702.397
1079 1382.6 284.498
1080 180.477 696.817
1081 189.082 1152.24
1082 909.807 508.826
1083 144.264 453.387
1084 1088.95 99.5405
1085 1120.7 149.379
1086 990.007 1228.12
1087 180.177 823.937
1088 324.016 1224.26
1089 1104.06 27.555
1090 1222.48 890.885
1091 355.567 869.022
1092 1185.56 822.929
1093 57.9586 1227.61
1094 400.923 653.044
1095 618.473 233.607
1096 822.106 1166.87
1097 1076.3 551.569
1098 944.571 1389.62
1099 80.3977 790.654
1100 578.438 4.97929
1101 8.60059 1171.48
1102 997.061 63.418
1103 804.836 211.167
1104 633.087 1465.03
1105 465.382 392.866
1106 829.705 1334.63
1107 317.548 193.139
1108 921.503 48.3896
1109 1447.78 1257.9
1110 621.596 1065.25
1111 666.121 845.936
1112 763.144 1205.7
1113 74.8106 327.082
1114 1131.67 1450.36
1115 1321.14 132.313
1116 1030.21 57.4429
1117 1406.29 296.222
1118 772.77 115.968
1119 1389.63 182.094
1120 406.129 966.389
1121 120.318 89.8867
1122 1171.99 1135.96
1123 811.905 778.082
1124 979.743 1323.03
1125 133.496 223.208
1126 437.272 893.137
1127 396.125 1112.1
1128 6.06568 1181.22
1129 1479.93 707.195
1130 741.714 667.858
1131 959.884 843.039
1132 1061.29 1358.38
1133 119.513 139.873
1134 1215.09 1252.56
1135 213.928 121.618
1136 233.008 37.6163
1137 911.614 278.375
1138 330.866 391.813
1139 1193.04 1413.8
1140 1384.24 329.716
1141 405.028 930.674
1142 657.753 366.282
1143 1399.06 99.3473
1144 307.68 944.929
1145 570.812 1296.32
1146 1102.49 1130.03
1147 595.07 1238.56
1148 1200.8 256.796
1149 188.76 334.518
1150 1068.87 1236.13
1151 1326.08 871.828
1152 809.86 1046.05
1153 1279.72 475.555
1154 351.502 100.174
1155 124.573 373.706
1156 549.895 938.493
1157 447.677 459.679
1158 97.4583 1435.08
1159 1040.48 900.832
1160 815.506 332.843
1161 1140.37 402.269
1162 1318.11 173.72
1163 359.776 700.981
1164 1060.4 926.193
1165 1106.99 1356.8
1166 1322.79 272.186
1167 1279.9 200.982
1168 911.527 1035.69
1169 1283.07 1035.18
1170 235.562 756.807
1171 1090.69 727.338
1172 176.357 153.634
1173 834.217 973.167
1174 223.615 478.827
1175 773.374 874.499
1176 1423.58 1359.3
1177 1107.3 437.351
1178 1291.77 132.268
1179 255.935 508.962
1180 616.119 713.17
1181 1113.43 119.808
1182 411.108 939.501
1183 1321.96 866.973
1184 356.157 1089.83
1185 304.231 1305.71
1186 841.291 454.066
1187 89.763 348.221
1188 1278.27 727.507
1189 1330.05 1079.27
1190 310.78 244.335
1191 422.187 1086.75
1192 968.069 1199.42
1193 775.049 689.45
1194 460.996 1247.98
1195 430.751 1148.09
1196 1360.41 264.343
1197 420.795 1456.08
1198 1015.82 387.253
1199 384.673 574.791
1200 390.287 26.345
1201 36.4393 1358.62
1202 401.693 1055.24
1203 224.469 635.979
1204 261.364 775.049
1205 1032.02 733.132
1206 1132.2 744.947
1207 1212.31 725.487
1208 595.251 583.98
1209 145.214 322.699
1210 989.525 655.41
1211 1271.55 767.432
1212 168.332 54.9985
1213 373.175 1421.5
1214 424.956 293.552
1215 346.065 872.371
1216 507.09 20.2219
1217 1307.78 553.561
1218 1084.49 1371.51
1219 1477.51 1425.66
1220 286.264 171.831
1221 336.011 153.543
1222 141.64 1195.74
1223 1482.85 1161.76
1224 933.481 1407.33
1225 732.056 913.066
1226 122.541 311.07
1227 518.616 534.039
1228 209.881 1332.01
1229 626.032 1346.67
1230 1188.15 63.089
1231 231.356 1220.73
1232 151.914 1043.42
1233 127.425 705.701
1234 338.863 44.3571
1235 1482.13 899.202
1236 192.675 177.666
1237 629.288 809.089
1238 857.657 1043.87
1239 679.97 514.904
1240 541.566 1219.7
1241 1293.21 1193.03
1242 788.63 135.153
1243 938.777 1300.27
1244 554.693 856.709
1245 1079.08 177.217
1246 263.993 1287.51
1247 960.232 784.135
1248 507.571 649.74
1249 1024.74 748.025
1250 946.291 698.763
1251 1245.18 1473.64
1252 47.1222 1380.94
1253 562.75 1180.08
1254 162.506 1372.87
1255 1066.74 725.89
1256 1182.72 600.219
1257 127.47 589.4
1258 935.778 259.783
1259 165.956 1224.54
1260 1194.65 349.678
1261 1063.4 1031.94
1262 43.2341 172.86
1263 1283.25 1017.27
1264 107.962 543.286
1265 656.632 801.427
1266 623.63 1144.86
1267 348.731 541.916
1268 1252.11 1067.97
1269 233.186 1309.1
1270 1407.83 148.428
1271 117.194 478.464
1272 1478.9 541.924
1273 1258.9 25.666
1274 654.822 1009.56
1275 371.862 887.795
1276 796.453 549.668
1277 1135.08 290.655
1278 1014.28 1283.51
1279 556.591 1172.61
1280 393.349 1445.03
1281 1283.3 706.787
1282 314.68 1355.44
1283 943.132 624.448
1284 524.229 32.9086
1285 364.122 1393.97
1286 1080.06 1264.2
1287 1062.32 952.662
1288 748.251 238.088
1289 1039.5 1304.62
1290 484.233 374.261
1291 654.195 927.728
1292 1154.93 1076.02
1293 113.246 711.257
1294 176.81 687.41
1295 453.296 760.066
1296 1291.83 1041.21
1297 424.914 268.688
1298 590.408 777.806
1299 1329.67 1327.92
1300 284.77 207.319
1301 1376.91 718.557
1302 728.578 215.286
1303 510.865 1365.91
1304 1259.99 1155.56
1305 51.1686 1464.68
1306 351.855 334.563
1307 334.181 522.463
1308 71.7018 501.867
1309 1135.64 292.511
1310 145.833 804.698
1311 1028.9 1441.19
1312 781.613 848.245
1313 1371.7 680.883
1314 97.7299 137.054
1315 1074.17 1273.39
1316 312.156 644.048
1317 886.179 1240.88
1318 730.386 0.316864
1319 150.239 532.331
1320 1356.77 1203.39
1321 1256.64 811.159
1322 90.8514 1427.42
1323 146.029 817.18
1324 116.599 1301.99
1325 1252.2 521.92
1326 673.562 141.095
1327 189.462 983.579
1328 646.745 686.78
1329 1338.62 1253.23
1330 980.213 422.684
1331 137.236 100.932
1332 1368.63 615.712
1333 264.446 432.507
1334 63.5263 137.371
1335 1367.68 899.564
1336 811.488 576.194
1337 159.598 1204.43
1338 822.242 1078.19
1339 1480.62 1190.26
1340 1134.06 478.645
1341 507.942 1146.91
1342 50.0645 179.559
1343 517.872 1075.07
1344 1019.67 1220.47
1345 921.123 896.136
1346 504.809 987.653
1347 1410.68 974.628
1348 0.543195 407.985
1349 177.625 10.2754
1350 368.784 596.877
1351 523.313 245.204
1352 786.388 911.613
1353 1197.16 1040.13
1354 115.293 422.367
1355 316.954 10.0453
1356 268.746 806.916
1357 395.501 1150.22
1358 93.1757 363.262
1359 836.656 1373.23
1360 1064.57 1478.02
1361 801.666 349.262
1362 211.348 1252.97
1363 1135.28 1216.89
1364 1294.99 131.17
1365 417.083 330.444
1366 1053.31 201.559
1367 790.756 246.327
1368 30.0568 246.339
1369 968.2 1112.13
1370 155.897 519.566
1371 794.423 297.58
1372 1402.44 1106.3
1373 930.81 1128.94
1374 960.646 1046.47
1375 423.556 1203.22
1376 1376.66 416.314
1377 495.575 1073.16
1378 486.721 444.741
1379 1364.71 1123.09
1380 1055.7 286.264
1381 1062.81 123.215
1382 567.641 322.736
1383 741.87 434.194
1384 214.788 397.845
1385 411.335 772.605
1386 237.197 506.756
1387 1152.84 314.407
1388 1283.69 739.968
1389 811.234 1445.49
1390 570.298 514.587
1391 496.073 158.058
1392 1154.75 885.997
1393 147.828 1255.36
1394 1113.15 1066.38
1395 1156.37 1462.69
1396 577.824 353.427
1397 268.587 880.067
1398 1477.61 173.584
1399 811.991 317.033
1400 42.6828 231.525
1401 1347.35 539.483
1402 477.242 692.426
1403 499.086 453.387
1404 230.088 466.831
1405 430.98 213.068
1406 1320.5 988.932
1407 302.877 1069.09
1408 820.315 1237.3
1409 805.875 468.913
1410 625.906 212.649
1411 83.0862 619.276
1412 534.73 1078.06
1413 920.638 1451.68
1414 1376.82 497.781
1415 457.021 1030.85
1416 1394.81 1472.1
1417 1193.63 1037.54
1418 1373.97 393.134
1419 304.506 88.3559
1420 1389.76 902.922
1421 614.305 1188.47
1422 324.858 225.652
1423 1356.74 1350.1
1424 532.422 669.986
1425 1162.03 1071.05
1426 232.623 58.0645
1427 719.126 23.6169
1428 810.719 592.852
1429 916.099 601.951
1430 1336.71 466.559
1431 103.369 1034.47
1432 623.271 419.199
1433 983.817 441.379
1434 979.263 1150.57
1435 881.411 1435.43
1436 923.881 455.683
1437 107.915 1403.34
1438 508.301 1358.97
1439 316.23 460.494
1440 889.699 1143.52
1441 965.892 356.608
1442 114.443 235.883
1443 157.708 1429.05
1444 1399.09 1379.53
1445 72.8334 596.202
1446 861.1 1473.19
1447 335.766 845.529
1448 360.572 1166.06
1449 898.763 39.5627
1450 806.234 574.338
1451 1287.19 402.948
1452 1190.28 974.221
1453 89.4461 921.971
1454 530.837 607.008
1455 694.022 1040.93
1456 577.643 20.0982
1457 130.231 1073.31
1458 1237 1371.7
1459 223.612 774.506
1460 102.834 1364.19
1461 930.81 1263.06
1462 1220.38 1269.54
1463 291.741 39.8343
1464 400.833 1315.03
1465 1091.78 836.43
1466 649.56 947.366
1467 1067.44 229.307
1468 783.423 167.617
1469 722.676 1387.77
1470 927.058 1063.03
1471 721.725 900.56
1472 870.603 434.692
1473 781.097 929.621
1474 1266.71 475.148
1475 1300.26 581.433
1476 29.6947 1160.8
1477 141.367 834.846
1478 1120.2 497.781
1479 703.983 1395.01
1480 22.3163 266.425
1481 697.01 473.621
1482 1406.38 870.606
1483 1392.09 377.192
1484 286.207 416.256
1485 1406.7 1171.4
1486 887.561 618.597
1487 857.75 822.023
1488 629.959 324.004
1489 292.076 1026.96
1490 670.303 367.788
1491 652.107 296.663
1492 1120.79 13.1234
1493 1043.87 1437.06
1494 723.245 774.596
1495 1016.56 1035.15
1496 175.543 966.558
1497 1256.95 64.7186
1498 418.579 420.059
1499 683.765 385.43
1500 589.619 493.312
1501 204.535 1139.44
1502 13.8062 620.51
1503 701.645 31.958
1504 82.4719 948.905
1505 854.525 1183.84
1506 1327.67 986.809
1507 764.276 1407
1508 1422.67 311.103
1509 925.005 633.547
1510 677.138 295.589
1511 1184.3 732.046
1512 145.293 253.853
1513 1031.71 633.86
1514 720.413 873.672
1515 108.718 1259.44
1516 994.455 86.6728
1517 150.754 1050.75
1518 479.958 221.476
1519 669.732 514.139
1520 207.093 1237.4
1521 1178.83 1241.43
1522 463.667 1277.76
1523 198.226 936.106
1524 195.012 152.083
1525 1391.03 575.877
1526 34.8098 901.881
1527 622.762 1355.08
1528 1053.98 1474.05
1529 212.37 442.704
1530 1324.18 1235.49
1531 846.958 1103.04
1532 371.374 762.362
1533 27.5219 843.298
1534 1153.61 416.709
1535 92.2947 222.969
1536 670.71 741.268
1537 803.703 651.517
1538 321.39 558.948
1539 1119.79 470.992
1540 867.8 430.75
1541 1190.82 436.717
1542 1421.97 1276.91
1543 1350.03 585.334
1544 757.162 253.989
1545 178.349 1463.22
1546 373.13 1345.35
1547 1225.58 1203.45
1548 1373.73 819.048
1549 282.919 932.654
1550 208.841 1003.01
1551 528.212 433.865
1552 400.923 707.545
1553 709.549 1104.27
1554 1019.71 411.141
1555 1224.48 13.7609
1556 671.57 951.53
1557 555.643 536.179
1558 1423.62 137.462
1559 992.418 510.875
1560 1391.47 1314.38
1561 1247.18 230.167
1562 656.949 97.3556
1563 561.488 1260.52
1564 321.662 922.391
1565 417.083 1226.44
1566 1438.23 275.943
1567 577.64 1134.41
1568 1217.28 1014.68
1569 7.55947 1392.07
1570 749.047 1157.91
1571 217.864 1405.92
1572 1384.45 506.065
1573 79.9499 1255.18
1574 830.406 863.952
1575 474.116 862.277
1576 596.627 451.35
1577 834.144 1065.88
1578 837.924 755.074
1579 692.003 1208.05
1580 329.06 1277.36
1581 203.268 65.274
1582 729.83 1404.34
1583 211.212 199.159
1584 1138.13 1173.61
1585 941.538 341.579
1586 540.851 922.922
1587 477.378 753.498
1588 548.537 124.199
1589 305.075 122.898
1590 323.563 989.837
1591 1130.56 719.812
1592 904.088 894.367
1593 855.604 1395.14
1594 327.322 510.151
1595 999.885 826.698
1596 844.352 286.219
1597 345.336 445.013
1598 1173.64 1311.99
1599 1014.74 527.895
1600 1464.91 1412.26
1601 52.3456 524.488
1602 974.673 673.517
1603 665.505 1283.12
1604 557.481 202.102
1605 1056.9 1007.12
1606 598.51 103.656
1607 1206.92 1444.67
1608 355.34 55.4843
1609 1135.98 1198.55
1610 1048 90.2941
1611 724.894 539.438
1612 215.332 865.672
1613 187.04 1312.13
1614 1033.07 47.1222
1615 215.452 333.79
1616 853.903 502.591
1617 1064.96 1374.23
1618 618.926 367.924
1619 841.138 203.649
1620 1216.21 1253.06
1621 1065.25 446.585
1622 240.5 702.385
1623 717.957 1465.4
1624 74.0604 192.563
1625 1019.27 1446.85
1626 89.8875 1441.49
1627 603.399 242.627
1628 722.948 349.814
1629 1163.03 1441.36
1630 451.078 569.437
1631 815.185 772.7
1632 775.803 61.4716
1633 339.044 838.591
1634 892.525 389.685
1635 769.481 1330.63
1636 1288.31 96.2813
1637 1135.5 458.683
1638 705.404 447.185
1639 1064.56 417.491
1640 999.073 254.623
1641 888.401 258.232
1642 376.859 737.931
1643 206.522 126.914
1644 277.935 161.691
1645 478.73 117.828
1646 1274.76 886.766
1647 788.991 707.726
1648 1186.99 788.719
1649 1236.99 684.233
1650 1166.29 878.108
1651 30.6905 733.902
1652 121.993 289.614
1653 361.367 552.055
1654 327.139 595.058
1655 651.889 619.876
1656 704.596 1198.15
1657 1014.96 377.973
1658 381.996 420.614
1659 828.424 998.471
1660 1406.69 420.693
1661 1075.21 150.827
1662 701.944 1055.05
1663 586.615 814.974
1664 470.95 832.932
1665 988.226 1352.5
1666 517.292 1298.5
1667 782.536 1013.01
1668 435.869 706.335
1669 915.51 225.015
1670 1117.19 1337.07
1671 858.701 1106.3
1672 1331.49 379.739
1673 1116.53 1432.09
1674 1467.37 1034.73
1675 1396.42 222.846
1676 422.105 631.452
1677 1177.12 128.816
1678 128.013 541.249
1679 111.808 441.877
1680 280.289 853.812
1681 589.52 627.794
1682 174.141 1176.41
1683 763.053 629.654
1684 118.326 373.99
1685 1272.22 292.136
1686 1189.89 903.515
1687 343.873 632.868
1688 163.547 791.514
1689 243.035 305.173
1690 796.958 561.154
1691 855.53 90.1251
1692 1463.49 746.667
1693 654.188 54.6778
1694 17.2464 574.19
1695 512.097 297.309
1696 526.954 999.208
1697 1092.37 359.583
1698 284.101 524.5
1699 929.905 173.822
1700 806.192 494.443
1701 662.019 1138.43
1702 666.148 279.824
1703 214.924 921.485
1704 1173.84 183.509
1705 510.251 11.4855
1706 1189.14 509.517
1707 1395.68 681.574
1708 1367.47 154.798
1709 1142.86 614.704
1710 745.994 708.767
1711 477.758 1412.34
1712 11.4976 1199.47
1713 1150.8 275.622
1714 89.4105 1102.73
1715 1277.37 492.09
1716 472.087 1427.34
1717 1418.96 1442.77
1718 971.233 944.797
1719 146.753 135.243
1720 914.288 336.226
1721 1195.93 491.398
1722 59.6124 1285.32
1723 418.622 438.89
1724 229.451 257.927
1725 254.442 1007.52
1726 528.251 1136.04
1727 1444.25 664.509
1728 644.999 722.948
1729 642.889 995.981
1730 406.624 1131.46
1731 926.555 38.5216
1732 491.23 1289.62
1733 175.452 1463.32
1734 1312 1176.42
1735 264.219 1111.82
1736 1340.49 888.338
1737 1186.02 1325.84
1738 984.156 729.997
1739 973.131 683.381
1740 277.392 1224.59
1741 343.396 1071.68
1742 115.474 1155.6
1743 563.927 1125.71
1744 97.3241 116.696
1745 696.193 1332.9
1746 270.953 1463.22
1747 709.413 603.206
1748 1372.54 728.515
1749 1398.64 755.527
1750 960.822 1053.3
1751 497.733 1336.17
1752 598.038 692.879
1753 328.901 782.868
1754 766.684 624.753
1755 615.304 1436.3
1756 1264.42 665.628
1757 359.188 311.872
1758 1286.56 1258.36
1759 283.797 1094.67
1760 239.187 95.4213
1761 652.242 1374.33
1762 1153.78 1388.09
1763 893.375 71.7349
1764 169.7 451.066
1765 364.618 578.536
1766 1071.14 490.188
1767 640.453 14.0204
1768 1389.9 1398.41
1769 1435.03 11.3166
1770 44.9171 1334.72
1771 45.8062 943.11
1772 51.4225 454.654
1773 454.7 954.982
1774 303.688 614.263
1775 212.027 1039.18
1776 1335.22 949.765
1777 828.192 1252.61
1778 1039.81 815.958
1779 566.553 831.258
1780 146.891 960.052
1781 1253.4 590.803
1782 1178.77 237.093
1783 649.797 600.354
1784 417.491 1176.59
1785 344.391 1211
1786 103.175 681.109
1787 342.103 1401.3
1788 654.369 1313.21
1789 800.514 10.8518
1790 1077.81 335.32
1791 1443.13 1295.83
1792 998.638 1391.67
1793 831.587 524.624
1794 562.207 1103.63
1795 1293.03 706.512
1796 717.826 182.83
1797 52.8884 972.859
1798 1477.53 830.443
1799 513.095 277.47
1800 614.671 902.745
1801 384.039 754.905
1802 1434.44 1266.91
1803 219.65 624.436
1804 1369.3 76.0352
1805 1091.03 205.373
1806 1460.86 746.202
1807 364.152 917.996
1808 940.462 140.688
1809 423.194 552.792
1810 1136.86 834.788
1811 745.969 645.995
1812 1170.12 1263.16
1813 711.314 415.635
1814 437.112 907.77
1815 199.378 245.557
1816 707.195 1187.47
1817 712.834 403.989
1818 279.089 613.165
1819 1199.74 1061.66
1820 665.55 551.705
1821 481.588 659.575
1822 1184.84 1307.24
1823 616.708 629.971
1824 389.29 1202.98
1825 677.324 831.813
1826 18.7855 984.484
1827 1252.06 1271.98
1828 1339.79 237.286
1829 1298.78 413.359
1830 324.289 275.355
1831 356.291 217.9
1832 1396.51 1312.94
1833 608.043 1394.84
1834 979.698 981.554
1835 191.547 229.624
1836 457.252 256.693
1837 993.892 122.116
1838 900.047 218.669
1839 817.011 544.01
1840 1227.17 770.522
1841 455.537 847.418
1842 934.388 1382.92
1843 599.144 782.427
1844 992.966 778.534
1845 813.024 227.541
1846 1460.69 244.895
1847 126.809 1401.16
1848 680.986 469.942
1849 1281.63 351.345
1850 1447.66 487.913
1851 1018.76 473.745
1852 688.681 511.237
1853 767.63 473.292
1854 44.8847 43.1388
1855 54.908 1201.59
1856 70.5345 749.914
1857 603.824 71.9734
1858 916.939 85.7674
1859 238.87 659.213
1860 997.306 1388.89
1861 1183.38 734.536
1862 54.2839 1481.55
1863 146.482 1471.52
1864 918.679 928.411
1865 1034.42 1197.42
1866 374.714 1077.88
1867 684.468 1462.41
1868 860.195 984.755
1869 241.184 1442.28
1870 347.242 627.967
1871 212.299 593.939
1872 1413.03 1359.57
1873 371.436 280.096
1874 657.402 573.421
1875 547.337 211.698
1876 288.867 535.455
1877 420.653 1453.09
1878 122.717 667.361
1879 706.063 413.224
1880 1318.2 1225.49
1881 1030.12 182.909
1882 1404.99 197.723
1883 831.994 864.767
1884 352.28 794.728
1885 1447.08 888.293
1886 393.682 1015.5
1887 1122.6 437.622
1888 890.117 924.325
1889 76.5453 824.649
1890 831.722 940.349
1891 1453.72 454.247
1892 455.042 66.6651
1893 517.982 1182.26
1894 721.273 749.066
1895 1261.13 862.808
1896 761.647 764.457
1897 34.4476 951.768
1898 1383.83 331.304
1899 558.851 480.547
1900 442.478 606.194
1901 166.997 1458.07
1902 826.761 1435.94
1903 250.232 140.404
1904 845.941 796.81
1905 977.299 1155.83
1906 938.745 1362.1
1907 647.317 133.717
1908 147.38 720.413
1909 1075.54 1257.39
1910 187.267 473.711
1911 1066.56 187.764
1912 348.596 634.53
1913 623.588 288.379
1914 1366.32 843.298
1915 873.82 1043.84
1916 1381.62 881.244
1917 94.7645 564.557
1918 501.794 719.598
1919 508.612 573.569
1920 900.527 1299.4
1921 1177.69 1004.72
1922 1341.01 789.024
1923 501.052 1427.34
1924 1198.04 237.195
1925 1303.13 435.597
1926 305.095 673.731
1927 1186.39 1182.13
1928 219.098 1274.74
1929 51.0037 915.045
1930 1310.84 161.103
1931 466.559 171.106
1932 850.345 264.672
1933 594.165 857.479
1934 1354.28 415.125
1935 609.417 1032.3
1936 869.429 662.155
1937 365.299 91.7547
1938 1075.21 689.541
1939 762.014 1325.12
1940 168.006 1322
1941 129.597 843.22
1942 62.794 388.339
1943 1356.14 1089.09
1944 186.859 736.388
1945 538.85 893.375
1946 606.186 559.174
1947 206.007 1142.07
1948 768.395 729.771
1949 246.661 68.6689
1950 137.836 1.31272
1951 1074.71 90.442
1952 282.767 358.645
1953 1037.43 799.979
1954 538.226 607.519
1955 471.222 46.5337
1956 1178.6 139.646
1957 460.368 401.602
1958 584.931 703.076
1959 58.3935 244.483
1960 855.804 965.71
1961 483.625 1260.57
1962 330.987 735.927
1963 1114.95 672.735
1964 592.083 1315.35
1965 440.051 495.756
1966 344.374 1118.39
1967 1189.99 400.154
1968 1202.27 1472.68
1969 473.757 553.549
1970 966.706 617.794
1971 1412.67 353.517
1972 169.647 332.798
1973 1064.26 73.5456
1974 273.997 750.186
1975 238.736 992.87
1976 257.825 1114.26
1977 898.298 1219.02
1978 116.063 931.16
1979 399.973 1310.4
1980 972.274 1215.25
1981 15.1642 609.543
1982 984.074 964.114
1983 1312.18 222.027
1984 1103.59 878.108
1985 644.111 261.763
1986 186.523 93.5654
1987 709.34 999.558
1988 1375.14 261.446
1989 812.032 422.696
1990 1156.71 257.01
1991 15.3905 1031.89
1992 1009.09 845.529
1993 1466.64 380.315
1994 225.694 94.8328
1995 354.357 821.854
1996 343.988 694.426
1997 60.584 315.177
1998 264.871 1184.47
1999 52.5541 754.362
2000 632.777 479.279
2001 1049.72 258.108
2002 1138.4 85.6316
2003 767.58 619.095
2004 1426.66 963.538
2005 1285.92 974.208
2006 139.465 600.219
2007 960.55 103.75
2008 544.915 143.811
2009 146.895 1429.83
2010 775.317 920.07
2011 625.009 1343.85
2012 900.527 785.415
2013 380.463 131.136
2014 645.633 1107.67
2015 1105.4 1108.57
2016 541.52 180.872
2017 206.947 1016.45
2018 742.684 351.266
2019 483.198 1165.46
2020 1394.42 530.837
2021 39.6532 418.396
2022 45.9751 594.614
2023 242.76 178.077
2024 992.76 287.474
2025 44.7683 1134.78
2026 536.134 241.302
2027 807.46 1208.82
2028 1454.23 41.147
2029 988.633 483.44
2030 927.551 1457.92
2031 652.548 1054.75
2032 785.663 1280.76
2033 1304.71 200.925
2034 590.091 1412.17
2035 162.54 191.205
2036 1309.87 550.8
2037 1195.55 1156.46
2038 1071.02 1198.7
2039 1121.29 171.333
2040 546.299 1219.1
2041 1003.51 828.225
2042 321.47 613.889
2043 642.482 1282.26
2044 569.133 984.167
2045 360.905 1342.28
2046 204.073 991.998
2047 781.115 20.0982
2048 663.785 1423.44
2049 621.26 343.876
2050 839.473 1111.32
2051 1005.73 519.476
2052 179.979 385.397
2053 1262.82 1318.83
2054 192.744 1450.68
2055 1441.15 1016.71
2056 1288.66 1382.83
2057 68.8597 304.222
2058 46.3785 1090.18
2059 1220.89 193.151
2060 1451.93 641.003
2061 53.1604 822.805
2062 287.984 448.079
2063 1482.7 190.649
2064 783.559 391.043
2065 409.614 188.715
2066 645.452 892.153
2067 488.649 1117.17
2068 1409.86 802.661
2069 1026.73 325.498
2070 86.2775 662.369
2071 937.416 284.951
2072 162.704 408.841
2073 380.497 1236.81
2074 1205.1 1461.95
2075 417.264 741.959
2076 1248.65 1164.84
2077 1086.54 935.337
2078 447.593 1331.13
2079 781.25 1350.69
2080 146.87 1062.49
2081 376.58 244.426
2082 695.193 205.011
2083 1441.78 323.325
2084 1077.74 651.596
2085 858.927 609.543
2086 1056.96 1147.36
2087 429.486 289.387
2088 1195.07 546.092
2089 414.147 1435.17
2090 695.723 1314.8
2091 359.424 803.871
2092 50.0451 182.637
2093 524.41 668.353
2094 218.229 382.624
2095 64.6127 794.287
2096 670.962 178.744
2097 1329.79 1132.41
2098 509.127 313.909
2099 970.835 649.921
2100 1410.23 918.712
2101 1328.66 662.822
2102 1439.78 279.881
2103 831.994 730.993
2104 681.665 828.463
2105 798.671 125.783
2106 758.039 1272.15
2107 131.17 1321.9
2108 909.399 853.541
2109 1371.88 1259.52
2110 178.032 219.393
2111 364.348 701.129
2112 156.621 1099.14
2113 895.819 326.267
2114 1141.07 66.5414
2115 1369.03 477.423
2116 95.3938 377.34
2117 1245.68 10.8518
2118 1246.43 326.46
2119 514.089 996.751
2120 565.372 1329.68
2121 253.853 349.818
2122 1436.3 362.583
2123 1120.97 789.115
2124 1168.68 526.842
2125 53.432 502.139
2126 453.157 727.688
2127 205.554 575.639
2128 858.554 238.043
2129 509.098 1083.36
2130 1009.81 238.224
2131 359.007 182.197
2132 1324.81 1103.58
2133 828.011 1436.12
2134 1458.78 65.9529
2135 1362.86 628.115
2136 102.834 1412.57
2137 634.769 215.241
2138 992.734 689.71
2139 1275.15 1356.09
2140 99.9576 104.52
2141 936 1102.91
2142 570.083 974.389
2143 1193.85 1017.36
2144 57.3976 49.7355
2145 1368.99 1062.08
2146 355.657 1061.81
2147 1459.36 216.044
2148 128.828 431.466
2149 458.366 984.122
2150 557.409 1146.81
2151 1409.37 702.212
2152 428.458 1406.55
2153 1291.94 1057.95
2154 1312.54 1059.37
2155 98.2731 783.152
2156 289.019 1378.57
2157 482.351 222.438
2158 1477.18 672.657
2159 1278.55 298.021
2160 574.138 339.168
2161 1026.64 690.311
2162 1202.11 848.561
2163 1449.28 931.625
2164 1479.77 122.162
2165 149.062 863.586
2166 982.732 1115.18
2167 886.042 924.428
2168 536.767 115.191
2169 480.556 392.356
2170 1454.99 1093
2171 327.527 835.027
2172 112.487 487.201
2173 359.867 773.823
2174 887.636 1292.8
2175 1046.42 785.041
2176 499.649 92.9648
2177 1275.3 192.336
2178 255.302 682.105
2179 930.584 1197.64
2180 1365.68 1427.55
2181 367.934 578.548
2182 1071.84 552.199
2183 1195.66 393.216
2184 449.565 151.914
2185 389.427 1310.94
2186 314.248 61.2453
2187 398.117 1023.65
2188 1065.25 1146.99
2189 188.597 1026.59
2190 1108.34 269.232
2191 350.613 906.218
2192 1226.72 1339.66
2193 345.972 311.465
2194 724.747 313.909
2195 1126.13 1421.57
2196 265.015 1463.28
2197 420.187 985.072
2198 1267.39 687.776
2199 1113.96 170.234
2200 1408.19 1136.85
2201 737.478 164.407
2202 1471.98 8.67899
2203 814.929 1268.8
2204 589.627 397.166
2205 371.048 441.334
2206 608.857 1448.2
2207 129.688 35.5793
2208 713.442 89.8535
2209 1079.28 510.649
2210 56.7817 1349.43
2211 359.912 10.2754
2212 1132.47 971.595
2213 543.467 802.707
2214 196.814 609.136
2215 1056.65 309.169
2216 382.455 1264.68
2217 942.35 708.191
2218 221.394 1385.68
2219 341.579 402.055
2220 201.658 404.306
2221 483.58 113.573
2222 0.36213 722.314
2223 884.141 764.864
2224 1419.96 92.6026
2225 822.035 217.673
2226 107.789 1465.3
2227 861.96 1042.92
2228 156.527 621.823
2229 331.98 342.608
2230 1349.98 235.282
2231 1426.07 1339.69
2232 81.0201 490.086
2233 877.894 168.333
2234 970.735 184.143
2235 370.459 1313.4
2236 1136.59 1190.68
2237 1053.44 415.577
2238 407.623 353.11
2239 699.002 121.133
2240 277.346 36.3819
2241 1170.99 1233.04
2242 1482.38 462.033
2243 1345.99 27.024
2244 935.128 391.006
2245 447.91 410.339
2246 750.334 648.575
2247 951.107 659.892
2248 1329.93 752.687
2249 762.872 1306.16
2250 1302.9 600.716
2251 1373.56 341.625
2252 4.66243 1375.58
2253 966.205 454.914
2254 571.089 1413.3
2255 477.785 1459.93
2256 447.366 1423.07
2257 1220.31 35.3982
2258 1.58432 1095.76
2259 972.727 141.593
2260 1220.02 1085.08
2261 1201.46 930.176
2262 1450.29 1204.98
2263 461.173 1030.85
2264 1191.5 85.0515
2265 538.863 617.839
2266 257.899 1289.41
2267 14.9831 192.608
2268 55.1973 811.534
2269 1067.05 714.425
2270 856.94 981.327
2271 712.219 891.824
2272 1301.28 515.797
2273 1437.52 605.832
2274 26.4808 994.624
2275 276.899 728.968
2276 10.8186 849.557
2277 1241.17 235.29
2278 1216.58 726.874
2279 5.74882 383.801
2280 397.908 674.784
2281 700.043 112.125
2282 635.165 515.537
2283 266.075 945.114
2284 312.84 205.678
2285 5.56775 1264.29
2286 687.386 681.891
2287 1435.17 1307.5
2288 17.9254 66.2577
2289 499.712 853.36
2290 999.031 216.373
2291 634.452 471.979
2292 420.433 430.252
2293 925.197 877.112
2294 866.215 1065.87
2295 855.086 1225.71
2296 1145.28 1037.86
2297 809.134 435.869
2298 1205.01 498.291
2299 897.278 654.007
2300 980.15 28.0651
2301 1141.66 417.943
2302 273.117 1212.22
2303 437.277 988.525
2304 688.501 750.276
2305 1344.53 55.3032
2306 694.882 1221.92
2307 515.719 141.05
2308 341.152 541.237
2309 143.358 941.312
2310 1179.14 1202.31
2311 1104.65 603.387
2312 1230.61 44.4515
2313 501.912 857.207
2314 1329.02 163.988
2315 682.434 882.906
2316 1330.19 671.694
2317 59.8873 904.918
2318 654.975 1125.18
2319 418.356 1101.74
2320 1198.7 85.689
2321 1361.2 572.166
2322 634.814 432.564
2323 246.248 332.933
2324 1319.19 818.855
2325 669.941 138.276
2326 1205.58 1270.61
2327 453.387 141.321
2328 997.668 1005.94
2329 666.908 770.465
2330 1332.27 531.381
2331 39.1893 102.619
2332 46.0778 1070.14
2333 1478.98 1279.72
2334 423.455 1272.97
2335 845.781 530.928
2336 795.69 914.918
2337 664.101 1299.31
2338 1002.06 23.7979
2339 612.05 1296.2
2340 1178.23 600.412
2341 533.282 1148.54
2342 1183.42 173.732
2343 1470.99 1149.39
2344 1477 411.874
2345 914.288 1207.79
2346 871.492 336.769
2347 710.118 625.16
2348 1171.43 1133.18
2349 686.508 856.664
2350 132.132 1311.09
2351 1046.89 1084.48
2352 943.077 972.624
2353 879.709 940.859
2354 926.379 361.949
2355 1237.81 148.597
2356 751.139 530.475
2357 556.175 1472.87
2358 1108.49 502.908
2359 829.504 951.937
2360 553.086 882.816
2361 164.918 300.42
2362 1003.02 1253.74
2363 796.324 140.416
2364 56.1754 440.169
2365 72.1512 1004.19
2366 917.544 344.419
2367 368.467 284.182
2368 560.649 754.091
2369 1091.7 458.86
2370 295.681 150.012
2371 1251.39 1115.86
2372 788.9 924.597
2373 662.535 1015.82
2374 479.14 905.552
2375 1156.67 1037.31
2376 636.217 496.604
2377 306.679 1418.15
2378 655.654 1259.4
2379 479.506 1404.88
2380 608.018 160.457
2381 924.066 1449.05
2382 1450.6 1243.41
2383 1043.07 1139.04
2384 949.777 1360.92
2385 92.4337 166.082
2386 1214.24 108.051
2387 607.473 957.279
2388 1195.84 335.83
2389 1208.38 268.326
2390 779.847 1091.05
2391 730.824 1081.99
2392 150.872 705.689
2393 923.861 745.034
2394 829.806 184.098
2395 1262.25 1105.31
2396 410.746 1128.85
2397 39.6419 529.842
2398 518.596 1396.01
2399 407.089 1467.31
2400 1167.51 663.422
2401 602.72 94.7302
2402 1133.55 236.064
2403 1014.01 1325.03
2404 1228.66 900.663
2405 699.319 980.229
2406 99.3271 981.904
2407 1373.51 1193.8
2408 1104.97 1088.73
2409 271.924 783.106
2410 1329.11 1235.04
2411 647.222 188.884
2412 778.606 13.3988
2413 1153.86 980.558
2414 472.811 679.492
2415 1209.97 666.126
2416 1136.95 32.3533
2417 170.967 1393.75
2418 990.29 1465.45
2419 1463.33 1069.69
2420 83.3805 1155.23
2421 29.0609 1454.03
2422 426.57 354.073
2423 377.702 1167.77
2424 1270.71 1204.9
2425 994.579 997.397
2426 1201.47 762.914
2427 1116.58 863.125
2428 731.458 515.706
2429 582.939 636.567
2430 1434.76 1312.81
2431 944.227 1151.48
2432 17.2012 1134.18
2433 1320.33 1136.4
2434 21.9994 266.437
2435 250.159 805.196
2436 50.9132 1218.01
2437 135.356 648.291
2438 332.571 1383.79
2439 710.789 635.629
2440 871.78 907.905
2441 883.179 1012.83
2442 7.1068 1404.97
2443 1446.85 1038.68
2444 1027.52 1120.74
2445 224.901 442.33
2446 1462.61 1479.47
2447 686.508 502.908
2448 1383.25 305.411
2449 524.904 693.706
2450 75.4766 337.822
2451 971.369 1370.89
2452 1467.17 1389.35
2453 316.366 375.393
2454 906.792 409.343
2455 437.182 85.5532
2456 81.1171 89.9319
2457 1295.45 212.525
2458 973.134 1029.67
2459 1318.51 862.853
2460 720.413 226.92
2461 148.063 530.656
2462 883.142 807.402
2463 186.406 966.933
2464 354.525 69.4837
2465 853.224 1457.98
2466 1214.1 276.169
2467 1064.86 1305.57
2468 750.786 828.056
2469 1095.53 1440.99
2470 1345.13 1350.79
2471 868.841 156.971
2472 1090.24 1108.52
2473 480.844 666.126
2474 541.118 173.46
2475 764.046 1068
2476 1181.27 4.57189
2477 75.2325 803.6
2478 339.044 1339.96
2479 946.744 88.5287
2480 832.534 1403.42
2481 128.092 1061.16
2482 800.941 1279.04
2483 48.6337 218.805
2484 845.71 61.1547
2485 1286.56 1144.18
2486 288.482 148.642
2487 1449.61 725.651
2488 322.861 112.351
2489 569.611 285.494
2490 1116.87 1245.86
2491 1113.69 109.363
2492 303.8 1419.4
2493 1106.83 350.168
2494 1359.03 437.182
2495 1482.15 999.014
2496 1478.6 101.203
2497 419.347 939.037
2498 267.433 898.49
2499 962.267 572.298
2500 948.061 1343.72
2501 557.861 1346.76
2502 783.14 1409.82
2503 1347.81 1203.81
2504 490.551 510.015
2505 147.477 268.598
2506 1058.89 836.373
2507 1101.83 1181.71
2508 1036.82 650.748
2509 96.1003 1089.64
2510 1443.99 963.028
2511 337.424 216.282
2512 106.961 1024.92
2513 831.687 1055.51
2514 576.513 353.336
2515 602.919 954.937
2516 1265.92 182.683
2517 283.57 199.624
2518 1139.6 939.037
2519 1440.51 1434.31
2520 204.004 187.798
2521 1375.7 930.765
2522 1259.08 590.486
2523 473.218 1302.16
2524 6.42781 877.339
2525 975.805 760.461
2526 881.269 682.434
2527 1058.64 1237.84
2528 176.765 910.395
2529 757.898 604.576
2530 1134.18 854.977
2531 1404.82 540.208
2532 599.235 172.102
2533 1465.95 262.351
2534 1459.43 20.3246
2535 1326.77 924.062
2536 589.774 397.878
2537 87.1828 664.147
2538 207.184 1029.3
2539 175.543 461.852
2540 1451.33 1087.42
2541 141.067 32.308
2542 714.935 581.84
2543 1338.95 232.442
2544 58.9544 891.824
2545 1454.54 1101.55
2546 302.775 1061.8
2547 1457.99 982.64
2548 243.5 13.7941
2549 795.226 328.621
2550 148.672 1107.7
2551 38.8385 1263.51
2552 1269.6 283.4
2553 405.587 1366.36
2554 973.078 976.258
2555 146.074 1178.64
2556 726.944 195.777
2557 1320.42 633.037
2558 1162.71 440.531
2559 827.563 1189.37
2560 1159.5 1386.82
2561 206.086 1247.09
2562 1340.02 701.94
2563 880.026 1410.5
2564 1287.4 1302.45
2565 796.55 296.21
2566 564.018 194.056
2567 1199.18 1280.89
2568 210.666 654.402
2569 1480.65 57.1592
2570 1155.38 612.996
2571 210.053 922.617
2572 130.865 1280.72
2573 705.339 1445.44
2574 729.606 1358.88
2575 1238.26 643.188
2576 796.777 1249.38
2577 707.331 783.74
2578 279.564 696.512
2579 1255.96 1395.92
2580 108.594 1358.58
2581 2.94231 1314.75
2582 14.4399 803.431
2583 261.775 1124.49
2584 281.936 651.065
2585 304.775 833.747
2586 885.272 1327.89
2587 1212.4 1087.87
2588 921.046 909.173
2589 322.26 1144.96
2590 1216.98 1474.19
2591 1084.67 1357.12
2592 504.538 377.838
2593 333.024 775.773
2594 827.057 247.018
2595 926.012 1094.86
2596 446.642 1289.59
2597 436.593 320.078
2598 730.426 1074.17
2599 18.4686 1436.51
2600 23.629 191.691
2601 181.97 645.666
2602 336.057 480.679
2603 1408.57 1026.82
2604 452.178 1020.06
2605 1023.73 743.725
2606 1329.01 677.319
2607 1150.71 649.514
2608 1143.2 817.237
2609 1011.93 377.327
2610 395.027 665.324
2611 1032.12 615.033
2612 186.497 1118.83
2613 483.14 1246.26
2614 254.985 82.0103
2615 997.94 1191.4
2616 631.148 561.516
2617 775.626 310.017
2618 884.639 852.714
2619 694.203 811.476
2620 455.243 30.7237
2621 476.02 1281.07
2622 514.361 534.142
2623 915.918 477.094
2624 980.555 1087.56
2625 1454.77 717.108
2626 1083.27 325.271
2627 1071.72 498.686
2628 1082.23 381.957
2629 1321.41 971.04
2630 232.94 548.853
2631 461.795 1086.53
2632 1415.07 139.239
2633 1058.63 568.227
2634 415.813 860.014
2635 1421.72 1227.8
2636 1479.37 1026.45
2637 620.712 1273.93
2638 42.6861 681.109
2639 1352.19 446.552
2640 795.826 209.353
2641 8.51006 1031.56
2642 686.319 356.834
2643 373.081 853.529
2644 669.773 132.766
2645 1219.25 826.776
2646 4.52663 238.146
2647 520.698 1012.74
2648 1438.61 608.379
2649 696.829 1029.75
2650 896.77 1370.65
2651 512.459 1387.41
2652 2.48964 686.735
2653 386.981 631.872
2654 1076.02 370.311
2655 423.372 1282.29
2656 198.357 741.416
2657 1158.27 479.493
2658 897.594 1011.33
2659 1054.43 108.639
2660 1367.83 1047.59
2661 942.062 401.273
2662 1157.73 129.959
2663 1259.67 697.417
2664 446.597 922.107
2665 472.218 1455.39
2666 447.095 1115.22
2667 1031.01 348.414
2668 339.859 746.305
2669 850.34 774.777
2670 644.818 1414.53
2671 536.948 910.609
2672 624.946 343.921
2673 460.557 104.01
2674 607.337 543.409
2675 303.627 1035.38
2676 1249.44 295.091
2677 863.59 327.897
2678 268.668 580.347
2679 1045.8 215.373
2680 1161.76 777.493
2681 1119.25 1156.82
2682 720.503 1206.74
2683 58.2577 159.609
2684 1309.06 783.683
2685 1131.39 138.062
2686 324.408 976.031
2687 1158.05 1341.51
2688 938.053 757.395
2689 170.971 1323.22
2690 343.254 172.283
2691 963.674 510.332
2692 491.592 892.005
2693 1450.47 341.205
2694 1260.3 323.959
2695 624.493 1147.53
2696 767.923 931.172
2697 1099.88 1022.07
2698 233.891 1359.93
2699 517.625 865.853
2700 452.98 181.246
2701 1367.27 507.163
2702 205.325 1356.58
2703 1084.34 798.904
2704 419.075 409.886
2705 1387.55 715.882
2706 1316.61 1439.05
2707 1480.57 851.265
2708 433.15 1385.63
2709 971.283 1380.02
2710 949.872 1281.11
2711 404.768 997.352
2712 698.187 1280.62
2713 730.261 164.724
2714 1252.16 352.217
2715 106.01 1223.59
2716 751.861 1433.43
2717 1383.79 596.293
2718 823.439 1130.06
2719 314.4 374.488
2720 596.745 213.023
2721 1123.83 660.332
2722 1033.74 552.837
2723 1279.74 811.488
2724 148.79 1121.29
2725 208.526 1407.06
2726 429.709 607.461
2727 560.894 65.7145
2728 1118.53 1467.02
2729 1246.9 1414.3
2730 222.031 1194.26
2731 1149.58 547.314
2732 1346.64 131.532
2733 1023.39 698.311
2734 1283.88 997.385
2735 448.252 280.458
2736 684.822 680.702
2737 764.445 883.314
2738 504.008 795.18
2739 819.572 947.74
2740 1336.31 794.468
2741 652.925 1033.97
2742 783.333 36.1556
2743 1295.43 247.561
2744 1450.24 1130.71
2745 888.215 207.896
2746 453.186 1138.13
2747 742.562 80.9813
2748 520.788 1312.86
2749 55.6953 35.4766
2750 799.719 896.091
2751 330.534 1141.07
2752 785.699 399.656
2753 1144.69 912.07
2754 1441.96 1059.23
2755 705.475 692.755
2756 1107.01 1389.67
2757 1172.49 941.584
2758 219.541 1056.77
2759 882.375 176.526
2760 1029.94 308.387
2761 673.53 260.948
2762 711.088 991.739
2763 435.688 904.227
2764 421.274 512.04
2765 1333.54 1303.2
2766 743.178 432.416
2767 952.09 539.076
2768 616.3 609.465
2769 239.775 49.645
2770 577.96 883.133
2771 185.399 753.864
2772 325.872 191.102
2773 1392.43 1098.92
2774 934.902 1071.14
2775 667.994 848.426
2776 619.934 884.548
2777 1113.87 44.5873
2778 1133.29 287.256
2779 517.393 1022.43
2780 1278.09 1336.98
2781 1169.45 366.702
2782 1159.83 1116.95
2783 1322.78 102.075
2784 1447.71 781.917
2785 902.247 312.37
2786 652.971 105.516
2787 244.845 1391.98
2788 584.071 1156.41
2789 33.5843 857.796
2790 316.384 1278.36
2791 1193.55 391.282
2792 103.595 157.831
2793 906.232 458.728
2794 505.485 946.427
2795 689.085 1445.58
2796 1443.13 1048.64
2797 519.295 1448.57
2798 141.31 69.9816
2799 1238.35 1017.12
2800 1004.28 1294.66
2801 1288.32 896.713
2802 1109.43 1458.87
2803 1456.8 1209.61
2804 950.098 530.43
2805 917.23 82.5657
2806 472.72 744.856
2807 1322.86 715.071
2808 1039.3 810.809
2809 616.116 377.961
2810 420.376 421.384
2811 258.787 341.036
2812 425.492 219.62
2813 1109.65 146.029
2814 892.104 85.8701
2815 784.325 93.4174
2816 195.329 285.211
2817 649.712 1081.86
2818 259.09 765.724
2819 615.338 725.108
2820 529.57 50.653
2821 1332.4 421.96
2822 894.145 1283.21
2823 1129.63 1225.12
2824 334.246 953.172
2825 127.017 355.657
2826 1478.6 859.911
2827 10.9092 793.37
2828 427.404 571.396
2829 682.751 717.684
2830 321.934 695.199
2831 833.578 1339.75
2832 521.032 1166.69
2833 1291.49 1451.55
2834 1108.58 526.718
2835 390.467 749.914
2836 18.4686 763.449
2837 1402.17 963.978
2838 356.663 1006.3
2839 358.695 321.967
2840 555.462 1077.64
2841 950.773 318.901
2842 500.781 1233.4
2843 0.407396 1464.08
2844 37.7407 463.243
2845 1289.01 1406.2
2846 687.413 838.15
2847 77.1305 1324.72
2848 688.752 322.827
2849 796.822 128.511
2850 437.272 1069.51
2851 519.97 426.939
2852 820.365 973.768
2853 407.101 190.209
2854 311.017 1213.23
2855 738.034 31.7317
2856 1466 785.641
