1 641.975 847.109
2 70.99 532.939
3 805.181 482.044
4 1008.85 575.726
5 649.959 240.838
6 915.468 1189.46
7 371.288 1206.42
8 1269.29 123.94
9 1269.84 722.554
10 575.235 430.211
11 959.053 1250.58
12 298.89 241.616
13 837.284 1317.87
14 394.545 879.184
15 261.067 452.318
16 1253.8 652.047
17 577.487 830.46
18 141.137 68.5827
19 877.83 1209.24
20 556.85 1165.5
21 767.266 446.888
22 1106.64 163.288
23 737.663 720.138
24 171.109 31.3638
25 528.557 1277.62
26 264.967 92.7559
27 149.022 1291.66
28 977.843 171.518
29 767.882 432.803
30 606.816 897.675
31 158.375 269.95
32 413.712 715.282
33 338.901 458.705
34 1002.99 1297.63
35 1284.37 749.824
36 1048.91 372.353
37 959.504 916.346
38 886.579 870.743
39 518.362 708.387
40 170.489 1270.9
41 1142.85 592.447
42 83.4866 507.839
43 319.728 893.131
44 432.705 406.091
45 1278.05 940.028
46 927.361 189.591
47 201.39 826.857
48 798.425 643.531
49 1202.62 957.824
50 1045.08 497.653
51 312.205 1263.45
52 582.658 0.491339
53 1031.96 1288.84
54 283.761 199.254
55 930.431 548.989
56 596.824 743.288
57 442.288 909.345
58 386.143 1188.52
59 267.303 427.849
60 404.986 68.6646
61 454.501 604.346
62 248.74 292.976
63 1078.08 403.773
64 92.9858 247.635
65 923.675 1082.79
66 1187.94 1068.25
67 165.849 1152.07
68 564.233 1085.65
69 1075.38 980.712
70 304.499 747.587
71 994.06 1256.33
72 1257.66 1229.22
73 104.778 599.927
74 152.645 1247.88
75 12.5701 528.368
76 1258.62 53.3102
77 632.234 178.816
78 967.231 1329.81
79 178.028 269.228
80 690.752 134.397
81 831.108 834.057
82 988.614 72.7181
83 553.002 770.583
84 997.237 654.683
85 1190.29 708.961
86 1100.27 624.378
87 932.912 925.027
88 1074.11 228.038
89 1129.54 452.564
90 1132.8 1281.57
91 1288.78 205.15
92 1175.98 725.748
93 307.613 943.779
94 308.888 291.487
95 896.49 622.321
96 1153.43 947.562
97 312.246 872.167
98 253.817 447.578
99 234.409 409.531
100 802.279 230.847
101 1261.84 472.504
102 629.592 70.2614
103 755.679 707.159
104 1194.38 522.989
105 460.049 252.384
106 684.826 1299.8
107 902.534 900.346
108 43.115 81.0457
109 860.653 197.231
110 970.355 740.094
111 743.452 485.647
112 1057.78 280.391
113 897.921 854.044
114 328.209 664.92
115 1119.56 121.852
116 189.883 1081.98
117 504.053 1001.31
118 140.473 264.192
119 692.542 538.712
120 211.707 147.704
121 804.333 752.173
122 699.924 345.37
123 450.235 158.759
124 1182.43 277.827
125 1003.53 163.206
126 153.216 351.077
127 228.882 665.19
128 1156.82 1306.26
129 492.853 20.1858
130 550.053 1097.57
131 472.013 165.638
132 976.535 631.534
133 179.231 1292.88
134 246.245 318.428
135 939.316 1319.2
136 439.156 865.468
137 601.849 6.79685
138 33.3291 834.022
139 147.669 763.842
140 110.072 1341.04
141 90.7338 625.638
142 42.2667 259.279
143 673.789 1053.73
144 758.435 1237.93
145 873.927 422.853
146 455.798 96.2362
147 721.367 962.126
148 663.282 518.69
149 796.052 492.485
150 743.366 287.483
151 796.063 411.553
152 452.687 865.042
153 421.328 1242.82
154 442.422 1257.66
155 500.638 301.887
156 544.572 176.022
157 454.337 558.954
158 638.64 509.657
159 521.965 287.483
160 236.006 919.918
161 557.833 1289.66
162 95.9265 1007.71
163 1293.12 645.373
164 134.332 1044.6
165 958.347 1124.88
166 84.0619 194.872
167 101.924 1258.83
168 949.493 1299.73
169 156.831 300.044
170 657.657 78.8756
171 834.866 844.053
172 454.857 1324.62
173 1082.38 896.734
174 1030.73 537.786
175 417.791 1050.65
176 836.23 57.5685
177 595.871 1255.1
178 1272.8 312.983
179 238.393 350.242
180 313.474 256.806
181 563.197 1124.18
182 767.841 1266.32
183 988.472 237.619
184 1084.38 1019.99
185 842.565 1334.03
186 81.9727 645.66
187 298.951 345.304
188 378.199 146.844
189 8.10709 915.405
190 58.1417 738.072
191 905.232 121.581
192 600.856 582.041
193 1009.67 45.9968
194 1142.57 693.786
195 70.1302 313.883
196 11.874 1053.88
197 30.8724 437.087
198 1229.49 1188.47
199 750.531 837.625
200 810.135 547.515
201 657.165 1232.4
202 1282.19 412.765
203 582.576 355.294
204 460.982 798.753
205 657.475 680.929
206 395.691 765.915
207 776.315 534.494
208 1105.7 1265.29
209 993.036 957.587
210 580.143 1240.65
211 1021.57 847.288
212 1033.74 880.535
213 958.409 1281.21
214 429.389 265.609
215 372.107 349.096
216 165.533 953.99
217 1045.44 864.264
218 594.438 1308.23
219 381.975 696.022
220 632.025 1218.89
221 1204.44 151.061
222 981.858 654.709
223 182.034 468.45
224 235.035 1197.24
225 981.563 1054.58
226 1161.92 1219.95
227 780.771 599.761
228 79.2514 1279.85
229 427.271 1004.58
230 558.202 982.063
231 985.502 1129.05
232 455.102 775.046
233 1254.71 516.683
234 1129.98 55.5213
235 198.216 850.835
236 279.051 320.844
237 1079.92 742.044
238 359.07 226.507
239 323.547 601.046
240 50.7307 871.855
241 875.074 762.327
242 1257.25 919.499
243 704.293 1177.12
244 331.859 1202.06
245 1127.13 966.094
246 830.998 219.357
247 335.339 939.398
248 7.94331 138.813
249 320.581 814.435
250 88.1953 564.957
251 585.676 250.828
252 1209.47 1067.39
253 272.153 592.35
254 587.764 333.905
255 102.17 921.342
256 1139.1 1084.4
257 464.724 1177.63
258 472.404 134.75
259 761.904 37.8331
260 93.0908 1074.74
261 41.1003 1147.07
262 236.088 524.094
263 6.55118 199.197
264 1134.79 1058.65
265 223.582 10
266 1055.74 1221.55
267 1154.89 427.48
268 17.5654 432.721
269 381.086 1095
270 957.275 1004.71
271 752.597 966.913
272 24.8126 1124.35
273 840.345 864.731
274 598.696 318.879
275 430.904 584.702
276 563.137 1007.34
277 397.083 57.0866
278 828.194 515.594
279 438.397 685.666
280 352.691 1286.5
281 192.728 1089.15
282 907.093 1264.43
283 304.466 952.664
284 1331.44 257.379
285 465.923 587.027
286 258.692 111.304
287 261.373 1128.81
288 491.134 367.203
289 509.158 646.038
290 130.819 735.493
291 865.124 640.394
292 624.011 41.6567
293 272.693 11.0961
294 437.414 191.458
295 842.891 1148.07
296 381.398 116.98
297 412.103 485.745
298 200.123 733.912
299 769.15 1049.13
300 566.761 234.409
301 345.905 1265.16
302 989.842 95.9905
303 131.924 328.132
304 149.378 203.594
305 1317.11 1045.24
306 363.189 996.239
307 1049.29 677.408
308 969.042 757.127
309 61.3354 705.112
310 1192.81 1338.63
311 427.71 1070.42
312 109.609 998.661
313 1020.18 1112.24
314 1294.6 238.642
315 991.14 214.677
316 837.978 1102.83
317 1124.76 577.953
318 1214.1 94.2551
319 962.041 1002.17
320 246.406 464.929
321 808.047 882.331
322 143.553 664.453
323 883.797 67.7638
324 1210.71 36.2362
325 619.089 393.112
326 843.467 1165.06
327 835.275 326.617
328 590.325 446.995
329 395.364 629.052
330 1163.26 1302.43
331 237.112 1177.22
332 301.03 47.4551
333 95.6514 1169.71
334 145.756 286.573
335 986.812 828.003
336 193.792 632.23
337 31.3638 688.324
338 687.751 514.816
339 334.972 840.598
340 966.053 431.534
341 397.37 1223.2
342 1077.01 329.115
343 715.855 309.88
344 277.729 863.691
345 700.976 739.014
346 1137.75 384.939
347 426.605 58.5102
348 317.282 388.453
349 1263.15 803.109
350 881.338 819.798
351 1130.14 501.288
352 427.023 190.762
353 544.99 825.49
354 1118.64 290.192
355 1202.62 1103.6
356 298.406 1129.87
357 302.031 550.545
358 930.811 784.504
359 1072.14 697.635
360 524.954 40.5921
361 327.109 1021.95
362 1004.23 464.249
363 168.447 641.893
364 138.066 387.682
365 1021.44 1163.05
366 630.544 500.076
367 1000.21 1194.87
368 1010.07 155.647
369 642.788 482.715
370 1095.59 1140.03
371 859.261 474.894
372 437.046 384.482
373 254.3 1125.55
374 706.041 403.72
375 876.916 811.502
376 1274.04 1316.02
377 101.871 965.701
378 724.726 909.386
379 606.025 1074.11
380 70.589 196.658
381 1100.69 550.913
382 705.562 1030.93
383 1324.64 272.939
384 372.967 265.339
385 1323 1282.29
386 460.253 350.422
387 1072.81 486.072
388 814.394 446.274
389 775.168 988
390 1006.33 6.05984
391 1086.96 305.858
392 461.408 291.487
393 1225.03 1096.64
394 880.601 946.976
395 680.594 463.946
396 908.005 346.655
397 1026.08 465.19
398 100.082 881.723
399 410.567 1117.51
400 1332.43 930.529
401 237.685 364.532
402 460.11 698.028
403 368.872 188.362
404 378.989 613.902
405 243.499 700.869
406 1326.33 96.589
407 1021.25 933.272
408 1027.59 1022.2
409 1023.01 1158.31
410 845.711 1118.98
411 1338.9 1158.63
412 1158.13 989.612
413 238.872 389.852
414 216.191 504.4
415 653.106 1136.1
416 1134.92 302.394
417 740.652 378.265
418 291.937 525.937
419 356.611 795.805
420 116.447 87.8268
421 1229.1 821.042
422 824.08 424.476
423 50.0346 331.915
424 1280.06 714.053
425 929.819 534.961
426 380.583 336.091
427 549.48 152.97
428 1260.28 935.606
429 298.214 1050.56
430 901.77 154.362
431 761.795 218.154
432 565.492 308.561
433 110.123 116.406
434 1091.75 845.194
435 1146.5 1007.42
436 369.827 1039.1
437 471.153 818.176
438 1338.39 798.22
439 708.019 195.88
440 1005.96 152.494
441 366.686 284.419
442 806.123 80.1291
443 1061.66 518.444
444 676.778 805.115
445 390.745 109.824
446 824.092 1197
447 1322.57 446.847
448 673.543 114.318
449 1060.55 1223.04
450 1094.7 1321.17
451 912.661 1244.78
452 1164.55 1043.09
453 286.373 1039.65
454 555.54 595.395
455 816.156 653.398
456 899.172 676.164
457 368.304 1156.5
458 49.8299 1330.96
459 828.847 741.553
460 899.682 792.652
461 202.268 313.817
462 1262.78 810.192
463 269.861 481.676
464 1046.16 673.175
465 410.513 46.8567
466 1193.4 925.902
467 820.339 620.079
468 32.5921 1046.48
469 404.947 736.312
470 1204.85 1246.46
471 151.946 119.027
472 1070.83 791.383
473 1061.55 212.964
474 168.488 549.987
475 275.518 1105.12
476 138.744 223.436
477 147.536 353.779
478 528.54 151.594
479 634.154 1335.06
480 401.055 1290.07
481 274.986 184.589
482 525.29 1016.22
483 347.337 348.195
484 665.643 556.907
485 1257.91 1332.22
486 678.867 204.208
487 570.157 265.732
488 1289.67 1265.65
489 581.704 743.354
490 72.7181 845.814
491 1136.71 262.539
492 83.0362 819.307
493 567.509 806.835
494 870.133 1239.74
495 1268.16 771.156
496 852.413 783.046
497 243.868 1277.97
498 1171.8 500.142
499 459.688 897.757
500 811.446 756.866
501 867.112 228.12
502 852.186 1065.92
503 435.584 1166.4
504 837.714 109.978
505 619.168 724.535
506 356.806 374.948
507 985.707 489.128
508 1085.86 1187.93
509 593.66 366.636
510 1040.76 966.831
511 835.972 417.597
512 680.831 1169.4
513 767.061 100.576
514 475.979 492.608
515 696.109 95.4173
516 923.348 770.926
517 1326.18 74.7401
518 496.315 740.816
519 553.486 947.357
520 746.384 355.704
521 835.03 255.921
522 160.013 781.436
523 346.23 1298.48
524 1053.06 249.272
525 1008.43 1103.73
526 775.794 1286.34
527 382.55 633.95
528 411.373 952.312
529 1257.82 580.885
530 563.115 1010.23
531 905.651 979.115
532 310.609 185.972
533 538.847 773.452
534 1265.07 291.332
535 205.433 357.08
536 340.375 837.216
537 792.816 982.475
538 1265.04 675.181
539 300.384 44.5228
540 583.26 877.694
541 1214.96 189.165
542 668.302 1148.81
543 1339.79 702.368
544 982.636 256.167
545 456.413 557.836
546 939.071 885.899
547 1078.98 190.655
548 643.842 413.068
549 1228.2 386.617
550 911.169 86.7622
551 391.567 911.817
552 773.121 120.419
553 1305.47 867.253
554 143.635 238.718
555 1257.74 155.156
556 307.17 797.452
557 201.94 258.091
558 394.504 926.255
559 360.869 405.764
560 884.409 104.696
561 516.021 228.186
562 1310.71 579.257
563 224.206 61.3921
564 1041.48 588.05
565 623.581 124.759
566 1034.92 1051.18
567 85.4929 586.183
568 1270.11 1078.77
569 506.079 514.145
570 334.602 467.509
571 519.867 388.894
572 1291.83 1249.4
573 332.986 1305.87
574 1161.48 1138.88
575 470.743 417.858
576 1174.26 170.044
577 585.144 853.464
578 1284.15 11.7669
579 866.038 18.589
580 812.165 259.263
581 395.809 266.387
582 333.087 1082.52
583 39.3071 786.633
584 1086.47 604.592
585 1207.91 1109.85
586 260.696 1322.9
587 539.694 116.447
588 814.068 1221.36
589 1169.75 488.186
590 397.598 859.653
591 251.394 1148.44
592 1119.01 1239.74
593 733.652 899.559
594 885.259 33.1654
595 174.837 24.5417
596 785.931 55.726
597 692.964 567.061
598 384.554 232.157
599 681.937 583.956
600 270.113 952.992
601 1090.77 1214.77
602 257.052 549.373
603 666.309 446.274
604 1081.56 305.613
605 966.967 900.91
606 746.998 462.718
607 981.981 1075.7
608 860.173 1281.25
609 1242.97 436.595
610 1045.16 1118.94
611 697.209 1105.81
612 541.127 650.123
613 708.879 755.531
614 971.946 486.957
615 836.741 665.887
616 158.345 559.102
617 1097.08 85.9024
618 14.5764 951.902
619 141.118 277.499
620 100.356 672.74
621 895.927 1329.91
622 130.442 23.8866
623 530.392 1049.72
624 893.212 54.4567
625 1287.93 845.061
626 20.3905 744.715
627 682.428 1271.99
628 1095.44 462.063
629 495.282 490.494
630 906.89 1170.37
631 1296.24 996.164
632 1000.13 689.896
633 51.3449 1114.21
634 239.141 1229.22
635 216.476 1238.07
636 674.315 661.316
637 100.929 935.017
638 195.471 214.976
639 402.984 657.584
640 61.0205 244.62
641 1313.76 536.46
642 564.753 921.669
643 202.699 917.616
644 461.102 1056.87
645 98.3086 1235.28
646 390.819 117.512
647 645.824 945.31
648 279.624 1268.9
649 18.3433 491.641
650 1287.07 387.15
651 162.687 437.742
652 975.117 967.175
653 108.219 828.765
654 1159.69 1230.64
655 303.77 66.8378
656 675.121 32.9354
657 1144.78 779.59
658 155.041 177.757
659 891.288 1209.4
660 334.069 338.22
661 1086.45 1200.79
662 619.209 893.09
663 754.368 194.463
664 523.03 1316.19
665 290.138 563.402
666 464.11 1018.05
667 105.168 273.814
668 822.173 564.876
669 28.0882 893.581
670 751.216 679.316
671 1113.5 869.383
672 554.885 961.631
673 1055.79 136.731
674 1264.3 970.394
675 781.568 333.128
676 205.871 1299.69
677 601.891 1211.24
678 153.83 702.901
679 4.29921 1246.85
680 240.879 755.679
681 326.435 1094.31
682 222.008 411.307
683 805.756 320.926
684 392.552 920.825
685 318.674 77.9181
686 841.54 999.398
687 467.631 728.942
688 1089.33 775.505
689 315.071 492.009
690 1219.83 421.732
691 1240.02 1124.47
692 1199.85 658.926
693 1265.99 652.016
694 328.91 317.732
695 856.58 286.835
696 831.193 1045.99
697 196.016 976.822
698 467.672 1040.02
699 977.694 89.2346
700 1010.11 790.031
701 145.018 316.299
702 78.822 628.709
703 1016.32 106.104
704 1261.51 346.287
705 968.551 111.78
706 983.847 130.655
707 1112.1 779.959
708 702.287 842.154
709 945.827 1260.9
710 661.346 1087.29
711 439.298 543.231
712 224.309 1279.9
713 1156.37 366.416
714 474.236 1196.83
715 1290.33 243.556
716 408.179 671.594
717 97.5307 5.15905
718 88.9323 798.794
719 836.998 137.222
720 566.658 738.891
721 748.877 23.7638
722 146.009 1185.9
723 396.715 811.855
724 1268.31 867.556
725 412.636 216.696
726 1147.32 1159.44
727 1223.88 916.403
728 814.312 299.972
729 328.951 596.979
730 749.961 1138.12
731 368.504 894.498
732 574.583 127.502
733 440.098 1030.35
734 164.066 601.972
735 1313.18 207.959
736 793.608 621.666
737 1246.02 497.578
738 572.105 999.194
739 925.272 712.564
740 711.704 646.151
741 1142.77 323.546
742 273.839 1074.89
743 1307.21 48.274
744 299.761 72.6362
745 529.909 1067.8
746 995.158 521.187
747 186.321 1132.29
748 615.792 731.905
749 705.41 318.142
750 990.866 433.688
751 1227.28 695.049
752 990.346 1165.21
753 753.879 1208.28
754 620.438 1157.92
755 1131.14 408.548
756 1111.86 213.461
757 1341.51 1305.28
758 880.667 773.219
759 640.406 226.633
760 804.035 1088.94
761 702.115 781.572
762 442.164 472.053
763 410.823 7.28819
764 41.5591 544.69
765 852.718 6.34646
766 198.173 401.644
767 879.127 31.2094
768 439.666 243.254
769 149.121 1279.34
770 1242.93 462.022
771 332.186 521.572
772 734.183 922.668
773 97.5716 540.611
774 257.813 336.91
775 1082.62 73.4551
776 579.37 188.976
777 979.079 431.723
778 847.645 516.274
779 1165.06 640.173
780 1128.99 818.995
781 505.137 595.805
782 4.0126 892.041
783 897.862 585.389
784 625.312 858.164
785 316.504 184.671
786 493.099 458.992
787 266.101 812.853
788 257.257 71.5874
789 1020.12 1073.47
790 65.6756 208.164
791 1215.08 72.1039
792 1258.58 472.176
793 598.655 143.896
794 474.183 888.069
795 6.26457 567.824
796 250.378 973.342
797 1179.25 24.4126
798 306.186 38.611
799 118.983 78.1732
800 1079.35 108.627
801 329.402 28.5795
802 719.279 667.172
803 463.25 108.831
804 1307.41 815.638
805 429.208 424.107
806 273.138 500.567
807 969.393 566.472
808 90.611 1035.23
809 161.609 760.403
810 873.641 303.565
811 721.197 1069.48
812 631.575 143.962
813 825.953 723.578
814 631.691 383.776
815 1212.05 1066.45
816 725.702 795.575
817 497.974 435.49
818 719.731 997.622
819 911.568 371.165
820 67.6 1220.66
821 860.254 326.551
822 711.335 555.458
823 732.586 1149.71
824 1254.65 1258.29
825 803.288 174.057
826 977.644 43.3606
827 1085.41 317.528
828 1324.51 998.605
829 822.705 1036.04
830 1103.26 730.088
831 941.58 451.172
832 684.762 99.3732
833 668.776 905.291
834 926.503 1061.63
835 254.689 715.512
836 466.384 1329.23
837 556.811 1121.73
838 1137.69 113.761
839 156.196 277.893
840 39.053 1227.75
841 1284.11 364.778
842 494.696 192.891
843 279.08 1247.06
844 921.342 995.959
845 52.8189 157.146
846 1233.09 857.77
847 819.106 688.939
848 766.324 804.693
849 475.657 1141.35
850 123.162 1107.07
851 555.605 262.554
852 418.252 1114.29
853 752.787 870.079
854 118.044 1201.57
855 944.621 775.209
856 638.016 1260.98
857 1305.74 541.225
858 1086.55 1275.57
859 112.517 1317.99
860 806.901 142.734
861 2.0063 351.978
862 264.545 103.058
863 1262.25 1021.86
864 984.561 443.351
865 1074.05 801.496
866 822.746 624.712
867 1308.23 880.929
868 773.858 1101.27
869 56.3811 391.597
870 602.836 789.499
871 633.909 275.083
872 899.6 836.422
873 1010.49 356.482
874 507.102 930.406
875 655.487 936.453
876 851.49 707.339
877 460.712 1308.12
878 387.166 724.044
879 916.06 200.605
880 423.792 504.031
881 881.994 441.959
882 1326.6 1010.03
883 1235.39 966.561
884 669.411 634.482
885 108.556 1097.95
886 58.4714 1133.4
887 546.882 602.34
888 1128.59 548.671
889 464.028 346.967
890 441.214 1151.71
891 419.155 1068.72
892 464.561 606.271
893 120.296 447.159
894 756.776 1114.13
895 316.381 392.825
896 1207.21 388.362
897 335.641 830.526
898 105.702 1201.42
899 43.7291 332.145
900 31.4457 984.561
901 724.871 1270
902 273.921 928.957
903 1051.46 20.652
904 1161.07 431.446
905 729.772 528.696
906 192.668 572.957
907 303.361 1029.11
908 815.819 578.305
909 130.041 188.151
910 1195.02 517.83
911 240.248 153.625
912 524.913 643.172
913 1064.7 1179.95
914 1174.67 940.012
915 578.317 440.419
916 542.683 1048.25
917 1138.51 830.501
918 635.219 837.905
919 1239.16 552.397
920 695.216 1205.76
921 232.362 122.639
922 999.997 723.742
923 1325.12 310.693
924 912.42 324.252
925 817.879 395.364
926 521.065 1157.69
927 1263.93 746.277
928 1293.01 1202.92
929 1317.49 1291.03
930 224.705 906.249
931 1312.77 837.625
932 216.631 786.019
933 451.102 359.184
934 837.814 264.929
935 892.398 47.3323
936 265.417 1047.96
937 217.172 136.035
938 436.076 793.282
939 181.164 664.142
940 672.297 454.857
941 617.613 1019.49
942 175.81 1025.73
943 563.893 59.0016
944 757.901 1073.14
945 998.106 465.502
946 594.235 753.427
947 1284.27 255.455
948 254.026 293.902
949 108.485 1146.7
950 657.902 991.946
951 955.817 153.298
952 1170.51 671.455
953 333.959 217.622
954 514.299 277.786
955 377.594 762.86
956 863.959 347.254
957 438.888 469.08
958 362.526 1243.7
959 45.1213 379.943
960 1284.93 1322.4
961 533.36 1181.26
962 568.964 1255.8
963 561.109 307.43
964 1011.39 273.348
965 466.713 891.795
966 958.397 384.309
967 902.969 1315.29
968 1087.36 1320.53
969 155.623 581.31
970 1258.21 105.515
971 260.433 1011.95
972 1024.05 880.863
973 229.07 1073.18
974 1039.59 916.28
975 750.642 167.071
976 660.688 1148.71
977 1201.11 847.493
978 726.649 783.153
979 111.165 611.071
980 659.407 1041.07
981 1167.05 1288.31
982 191.417 1251.7
983 727.582 1090.21
984 807.471 873.846
985 911.842 367.112
986 523.153 496.539
987 139.214 1225.37
988 534.682 570.214
989 486.324 841.638
990 510.583 701.074
991 580.312 960.255
992 952.643 1226.92
993 7.69764 102.69
994 377.471 1160.07
995 142.734 904.595
996 290.445 728.901
997 54.4976 980.072
998 1181.93 1024.24
999 874.903 812.183
1000 932.194 1159.35
1001 1287.35 794.551
1002 999.587 172.91
1003 1297.14 221.962
1004 1122.5 760.019
1005 437.905 687.26
1006 1259.69 1053.45
1007 85.0646 1306.69
1008 374.646 677.228
1009 1195.71 1186.07
1010 511.711 956.39
1011 626.129 867.008
1012 870.572 1268.65
1013 650 47.1842
1014 409.653 1268.96
1015 1248.16 437.798
1016 1138.47 234.287
1017 677.638 264.913
1018 756.212 639.691
1019 226.15 1052.82
1020 779.427 1168.65
1021 1152.23 891.222
1022 472.844 509.764
1023 1085.12 364.167
1024 712.21 205.83
1025 1104.65 162.028
1026 1064.61 817.055
1027 725.707 1304.3
1028 194.529 557.219
1029 2.45669 580.353
1030 1115.63 3.43937
1031 93.5716 91.389
1032 702.246 816.498
1033 103.956 1088.28
1034 307.168 511.288
1035 150.485 42.8031
1036 282.233 679.562
1037 1237.44 636.34
1038 1036.17 600.539
1039 1168.26 165.335
1040 37.2189 1203.86
1041 770.182 869.597
1042 1196.25 155.918
1043 1125.52 846.331
1044 565.114 494.876
1045 1246.43 832.501
1046 891.587 717.042
1047 872.936 1053.9
1048 1134.45 1177.1
1049 958.11 1048.65
1050 701.959 434.794
1051 1231.23 1042.23
1052 724.806 318.567
1053 742.997 519.068
1054 1185.66 131.761
1055 1.43307 57.011
1056 430.535 756.62
1057 803.659 452.687
1058 331.256 1167.27
1059 503.335 1302.22
1060 1143.06 808.227
1061 781.392 1304.52
1062 570.239 705.209
1063 23.1339 777.257
1064 1059.82 179.968
1065 1009.58 626.513
1066 1229.04 299.282
1067 1317.74 761.575
1068 1055.44 219.424
1069 735.37 8.69606
1070 953.322 354.353
1071 838.305 726.649
1072 1224.54 390.491
1073 932.345 660.891
1074 109.446 459.074
1075 221.962 1157.06
1076 1254.94 593.455
1077 485.074 1226.15
1078 168.447 889.2
1079 148.302 751.641
1080 308.642 970.205
1081 602.013 630.479
1082 198.923 883.975
1083 306.104 1217.95
1084 944.721 501.534
1085 174.794 1008.82
1086 52.1764 475.002
1087 182.819 1328.35
1088 766.898 591.572
1089 917.124 284.976
1090 51.9507 658.557
1091 179.054 136.592
1092 1161.86 196.822
1093 628.182 371.698
1094 729.638 1292.14
1095 973.19 958.085
1096 845.219 356.507
1097 284.239 357.531
1098 47.9989 1324.44
1099 149.613 798.138
1100 1211.72 207.427
1101 1023.34 583.767
1102 158.469 1246.09
1103 1174.18 767.307
1104 1027.89 1142.16
1105 482.494 1055.27
1106 924.781 267.427
1107 1233.01 89.4803
1108 449.984 1160.87
1109 122.057 722.201
1110 1192.15 265.691
1111 964.538 347.924
1112 634.453 606.516
1113 580.762 809.644
1114 752.157 525.159
1115 955.121 851.776
1116 251.556 965.244
1117 238.875 830.853
1118 9.82677 36.3591
1119 1226.3 559.594
1120 617.08 1106.94
1121 1016.51 474.715
1122 462.628 312.737
1123 1085.53 1166.49
1124 240.328 1312.59
1125 132.345 1135.25
1126 152.073 518.608
1127 972.477 1116.16
1128 1133.62 708.601
1129 1087.17 1070.64
1130 822.173 449.288
1131 773.88 695.572
1132 123.981 1088.27
1133 369.323 1322.11
1134 182.463 696.038
1135 1152.39 638.094
1136 410.465 423.427
1137 151.455 818.79
1138 491.912 1285.03
1139 491.535 943.984
1140 840.242 1020.08
1141 347.327 1055.45
1142 223.429 936.123
1143 186.054 1259.42
1144 1231.36 1019.75
1145 909.345 624.778
1146 697.303 818.954
1147 291.036 88.0315
1148 67.643 961.77
1149 969.698 401.767
1150 186.703 58.5669
1151 111.199 492.198
1152 18.589 852.677
1153 805.017 1279.75
1154 777.789 1179.42
1155 704.088 97.6693
1156 582.564 212.561
1157 271.551 575.235
1158 1058.92 158.186
1159 963.515 787.877
1160 193.96 1164.43
1161 706.189 1118.45
1162 674.691 867.31
1163 648.69 734.076
1164 1134.76 582.072
1165 1002.84 712.129
1166 988.614 190.066
1167 1188.06 956.488
1168 428.857 1236.86
1169 540.918 968.551
1170 1134.93 33.9528
1171 1262.88 703.121
1172 1024.11 933.338
1173 567.824 50.5669
1174 735.861 54.7181
1175 539.899 40.863
1176 326.435 215.14
1177 872.916 396.674
1178 1269.99 38.0378
1179 590.826 1336.33
1180 418.866 1125.22
1181 353.94 787.099
1182 312.146 1242.98
1183 560.396 86.2047
1184 294.611 1212.46
1185 48.6016 1155.05
1186 6.51024 1019.53
1187 623.368 696.85
1188 1203.25 408.589
1189 880.233 1247.57
1190 1025.28 739.849
1191 394.913 457.288
1192 1272.44 503.392
1193 937.392 403.798
1194 722.321 372.885
1195 885.146 472.028
1196 1250.58 664.003
1197 640.583 751.994
1198 559.742 662.201
1199 661.956 168.545
1200 71.4415 149.751
1201 866.885 246.579
1202 167.908 434.236
1203 1061.65 892.409
1204 529.736 1326.98
1205 807.761 367.316
1206 27.9664 267.657
1207 497.472 105.572
1208 1256.97 348.359
1209 503.622 435.039
1210 245.112 679.644
1211 1254.84 498.34
1212 161.745 927.335
1213 1142.25 926.066
1214 837.052 1070.02
1215 817.71 604.567
1216 130.094 1015.98
1217 1137.14 1000.9
1218 1037.71 719.581
1219 868.208 953.197
1220 1219.58 51.8394
1221 670.718 760.715
1222 424.95 970.327
1223 1059.65 527.779
1224 1108.46 868.948
1225 828.765 427.874
1226 616.302 1185.52
1227 827.783 1135.34
1228 1143.75 740.693
1229 139.335 1007.71
1230 134.803 237.562
1231 216.557 920.441
1232 650.368 703.924
1233 966.209 34.926
1234 573.42 330.507
1235 658.447 973.644
1236 161.551 542.847
1237 1265.89 1107.24
1238 221.331 241.779
1239 101.535 1188.85
1240 52.6142 675.427
1241 440.239 595.83
1242 342.094 850.072
1243 1160.91 930.923
1244 620.133 550.595
1245 927.745 414.781
1246 1140.41 182.287
1247 395.896 102.117
1248 1300.65 315.89
1249 664.549 538.768
1250 1067.84 962.214
1251 362.157 1223.53
1252 534.364 632.942
1253 1059.49 763.105
1254 399.213 728.302
1255 93.0509 612.945
1256 831.93 109.789
1257 630.674 499.339
1258 1181.51 1258.78
1259 524.281 0.859842
1260 1061 270.047
1261 965.153 314.8
1262 221.839 883.181
1263 709.042 1155.46
1264 673.707 144.879
1265 784.913 1113.02
1266 407.731 564.139
1267 667.26 1316.46
1268 668.447 1278.59
1269 410.617 1109.16
1270 552.995 911.228
1271 1085.16 989.064
1272 500.592 1039.57
1273 1231.79 121.704
1274 319.247 541.455
1275 1277.73 206.419
1276 665.436 327.928
1277 1.59685 799.572
1278 330.817 464.617
1279 178.788 835.987
1280 662.641 290.35
1281 1129.4 1060.94
1282 1202.41 572.942
1283 1182.56 222.535
1284 1052.54 164.885
1285 1327.31 1229.21
1286 91.7701 355.606
1287 1080.37 950.264
1288 250.132 155.402
1289 1131.59 355.254
1290 342.157 719.975
1291 638.863 1007.28
1292 564.604 19.3008
1293 672.724 1229.78
1294 94.0934 470.8
1295 1329.29 609.096
1296 1085.49 984.331
1297 543.584 553.083
1298 305.039 1331.75
1299 220.552 953.949
1300 704.909 972.236
1301 549.994 530.318
1302 1274.45 66.4693
1303 794.763 293.083
1304 620.479 540.841
1305 378.658 25.5654
1306 1130.7 1099.22
1307 1011.67 1268.51
1308 700.444 258.542
1309 1222.82 399.213
1310 2.45669 1242.2
1311 17.7701 446.954
1312 952.647 580.967
1313 949.962 1039.11
1314 376.736 458.598
1315 123.942 145.764
1316 426.318 1092.51
1317 1334.12 343.379
1318 804.403 379.764
1319 1272.85 772.589
1320 1296.36 467.811
1321 1264.43 1318.55
1322 95.3606 772.072
1323 272.529 602.094
1324 180.046 400.86
1325 897.921 126.315
1326 311.468 629.543
1327 1113.61 236.554
1328 379.162 774.816
1329 710.477 415.099
1330 1289.6 1077.44
1331 677.638 1078.59
1332 49.1748 553.739
1333 0.532283 1264.5
1334 878.131 267.411
1335 1114.97 906.699
1336 650.614 567.783
1337 994.264 552.305
1338 322.728 829.027
1339 1285.18 481.88
1340 308.274 1108.59
1341 238.176 139.09
1342 924.983 603.946
1343 1259.49 720.727
1344 851.817 792.979
1345 1080.23 619.43
1346 163.288 250.05
1347 1314.48 21.3323
1348 92.3538 275.641
1349 469.364 524.995
1350 846.986 967.077
1351 64.8483 847.534
1352 138.926 483.641
1353 353.191 160.299
1354 57.264 224.797
1355 317.765 1226.01
1356 324.652 1314.94
1357 887.164 1280.57
1358 588.583 202.161
1359 1225.77 749.307
1360 811.609 503.679
1361 672.572 1255.14
1362 596.877 787.59
1363 357.367 522.989
1364 1147.88 448.526
1365 798.66 1007.74
1366 1237.6 1175.12
1367 370.633 78
1368 1029.54 422.69
1369 1177 457.493
1370 354.186 242.721
1371 352.712 689.676
1372 901.596 914.586
1373 772.589 1135.87
1374 1191.37 354.91
1375 707.077 890.92
1376 769.927 212.233
1377 769.602 391.49
1378 1184.33 603.978
1379 394.75 293.534
1380 1333.34 516.29
1381 993.159 837.052
1382 1027.76 397.984
1383 773.449 1257.19
1384 929.244 1138.8
1385 839.903 1140.52
1386 903.776 225.156
1387 742.167 932.331
1388 1050.44 405.846
1389 1331.61 550.013
1390 284.949 1324.2
1391 940.627 1174.5
1392 207.222 852.12
1393 1167.47 1157.16
1394 353.235 1005.38
1395 955.981 897.568
1396 432.91 433.253
1397 1117.39 479.316
1398 275.572 1245.79
1399 887.071 546.957
1400 870.214 944.246
1401 1076.89 1329.52
1402 514.671 1206.66
1403 329.647 903.26
1404 434.957 11.7512
1405 437.373 1178.57
1406 793.975 933.912
1407 876.928 1026.18
1408 167.178 621.313
1409 1093.4 48.5197
1410 994.615 799.096
1411 766.972 994.976
1412 281.057 688.668
1413 170.576 220.488
1414 394.995 227.997
1415 680.189 962.466
1416 1167.42 1138.41
1417 99.0866 882.731
1418 1066.39 357.096
1419 264.094 711.269
1420 334.921 758.709
1421 611.635 575.235
1422 541.414 146.844
1423 37.7144 225.729
1424 948.83 687.464
1425 697.203 64.8315
1426 448.142 711.376
1427 950.354 1279.95
1428 131.868 637.102
1429 61.0205 1097.38
1430 983.488 827.921
1431 1066.2 883.754
1432 72.822 584.57
1433 795.313 316.028
1434 721.653 153.805
1435 169.115 377.241
1436 296.3 1332.8
1437 777.42 1030.19
1438 641.618 117.446
1439 623.45 930.513
1440 510.787 731.168
1441 808.743 920.768
1442 1234.47 70.5638
1443 5.52756 68.8378
1444 44.6215 755.408
1445 141.751 114.702
1446 1325.52 979.361
1447 1227.77 1207.14
1448 1260.77 447.282
1449 618.39 1207.05
1450 1190.84 792.447
1451 1116.73 908.239
1452 660.523 434.441
1453 484.91 1107.27
1454 1140.11 1086.96
1455 194.406 522.227
1456 1061.38 862.677
1457 294.304 27.8016
1458 560.986 940.094
1459 708.838 1033.98
1460 808.417 347.54
1461 593.946 237.194
1462 524.995 671.332
1463 1110.02 1138.76
1464 582.809 1230.04
1465 1012.44 50.2961
1466 197.15 1094.78
1467 610.684 1327.16
1468 10.1134 291.994
1469 1163.92 65.1024
1470 509.91 1146.83
1471 1119.31 290.97
1472 1220.03 779.713
1473 805.111 906.535
1474 564.425 98.2268
1475 902.998 1050.87
1476 931.518 295.008
1477 299.605 1288.58
1478 736.007 683.083
1479 21.9874 937.735
1480 1171.35 185.644
1481 1053.43 249.206
1482 190.107 30.6425
1483 1230.17 1150.31
1484 634.482 602.11
1485 688.324 672.438
1486 134.668 1128.61
1487 291.539 1121.36
1488 252.507 1194.85
1489 715.115 695.039
1490 1326.63 196.592
1491 266.861 857.468
1492 685.685 221.348
1493 665.927 882.035
1494 163.902 1127.56
1495 937.762 607.499
1496 268.967 861.087
1497 258.302 13.5118
1498 193.979 873.568
1499 709.288 1329.64
1500 1263.31 20.8976
1501 304.753 169.405
1502 355.483 1314.76
1503 885.783 531.849
1504 1292.69 617.326
1505 346.967 727.263
1506 201.817 162.224
1507 233.427 234.712
1508 959.298 1275.27
1509 841.357 1078.91
1510 1125.55 396.633
1511 142.838 1142.81
1512 288.755 636.135
1513 294.227 777.061
1514 918.282 1071.9
1515 151.171 388.69
1516 1031.95 1288.9
1517 1330.67 916.526
1518 621.791 571.483
1519 192.646 449.461
1520 883.795 223.698
1521 715.921 263.521
1522 205.25 1187.4
1523 1024.77 14.863
1524 340.469 421.814
1525 868.85 1111.79
1526 20.4315 1316.23
1527 733.058 470.416
1528 344.697 1184.86
1529 746.673 185.48
1530 405.887 290.016
1531 1280.02 1118.51
1532 843.342 185.685
1533 628.894 1061.58
1534 596.403 991.931
1535 599.241 615.934
1536 1182.37 1270.17
1537 470.613 1187.13
1538 396.237 68.9102
1539 1338.87 974.79
1540 898.865 1297.72
1541 1267.55 135.291
1542 495.065 409.219
1543 516.48 448.797
1544 386.347 673.968
1545 712.932 1198.29
1546 31.1591 727.682
1547 474.942 1252.3
1548 501.165 579.754
1549 298.038 116.038
1550 521.597 95.9087
1551 417.977 396.592
1552 368.669 1167.46
1553 895.014 1027.08
1554 36.6866 8.85984
1555 1129.42 532.775
1556 1098.14 375.194
1557 100.245 596.076
1558 80.8661 980.507
1559 188.756 464.044
1560 171.951 1337.56
1561 1232.05 554.491
1562 945.499 1014.65
1563 877.858 401.439
1564 918.887 911.285
1565 1259.59 246.693
1566 1063.63 592.472
1567 64.716 510.009
1568 194.428 1036.36
1569 0.204724 162.305
1570 1305.67 46.6772
1571 547.72 1173.52
1572 593.987 585.757
1573 59.4929 413.134
1574 808.97 816.031
1575 186.463 1220.5
1576 1099.35 620.192
1577 506.202 66.5858
1578 258.296 986.116
1579 793.494 897.2
1580 290.258 569.477
1581 533.977 1104.05
1582 101.216 848.296
1583 532.447 866.327
1584 327.499 409.613
1585 1101.92 1240.47
1586 905.783 391.367
1587 1219.09 145.814
1588 1183 487.628
1589 1332.96 1260.75
1590 766.976 781.723
1591 1111.41 738.579
1592 876.478 549.235
1593 624.216 778.772
1594 1331.49 718.951
1595 693.893 449.616
1596 420.583 1085.5
1597 501.288 1161.57
1598 921.539 364.835
1599 590.507 309.666
1600 1248.57 332.406
1601 1157.36 1129.55
1602 89.7921 653.946
1603 721.543 604.346
1604 608.792 912.416
1605 1024.29 806.45
1606 782.008 977.436
1607 978.705 1115.44
1608 380.583 250.476
1609 382.835 634.891
1610 1205.43 243.024
1611 1016.81 297.587
1612 818.541 1145.43
1613 244.597 293.754
1614 1293.24 906.372
1615 722.577 299.194
1616 623.877 48.6835
1617 673.298 362.951
1618 1278.01 582.359
1619 136.51 1046.26
1620 88.359 1280.69
1621 386.143 1206.93
1622 1045.86 328.296
1623 331.268 0.737008
1624 1041.97 1339.81
1625 839.096 13.3638
1626 1321.36 820.494
1627 862.085 104.057
1628 982.636 1126.24
1629 949.954 972.523
1630 666.214 337.222
1631 1263.11 166.277
1632 453.15 836.683
1633 615.414 1029.33
1634 932.678 513.628
1635 771.251 25.7953
1636 794.016 1080.37
1637 1062.3 1.88346
1638 459.938 820.126
1639 1260.22 2.29291
1640 774.718 81.9874
1641 1042.46 654.274
1642 1000.9 687.546
1643 913.116 272.365
1644 205.543 967.323
1645 622.457 877.464
1646 435.645 164.721
1647 35.2535 906.028
1648 1325.59 560.699
1649 1069.53 561.641
1650 571.017 319.165
1651 654.762 661.997
1652 81.6976 1009.78
1653 1112.23 326.101
1654 33.0425 165.376
1655 1316.74 950.387
1656 1245.43 33.1811
1657 386.604 304.507
1658 1041.09 1219.68
1659 1316.31 1219.58
1660 926.934 887.127
1661 1244.88 899.779
1662 83.6735 807.965
1663 815.131 183.367
1664 526.661 213.817
1665 756.948 1114.29
1666 37.4646 82.2583
1667 110.124 481.88
1668 683.915 383.408
1669 521.065 431.37
1670 171.52 793.937
1671 469.772 33.0929
1672 434.694 978.624
1673 819.921 665.493
1674 833.608 245.357
1675 644.014 1055.49
1676 486.806 46.9228
1677 1105.64 391.94
1678 852.678 1008.28
1679 1037.09 1260.26
1680 642.662 160.75
1681 758.732 737.761
1682 796.503 249.887
1683 396.482 1133.97
1684 1131.79 428.734
1685 932.356 1310.91
1686 644.975 296.482
1687 68.6667 24.8126
1688 714.695 147.074
1689 979.035 1069.15
1690 873.723 1158.76
1691 805.859 420.11
1692 601.258 1191.18
1693 389.222 361.789
1694 935.787 1315.76
1695 1193.13 879.266
1696 1213.6 564.768
1697 547.842 470.8
1698 292.551 1119.82
1699 31.7732 408.482
1700 963.269 317.2
1701 1292.75 175.244
1702 543.175 196.986
1703 1122.26 928.057
1704 1016.79 1062.29
1705 183.813 986.69
1706 131.392 24.7717
1707 432.828 1291.24
1708 1205.46 927.172
1709 205.339 872.372
1710 1252.34 1124.28
1711 689.882 240.731
1712 125.888 66.6331
1713 880.601 255.02
1714 96.3653 990.907
1715 820.272 1202.84
1716 931.635 491.216
1717 522.62 1268.04
1718 1165.66 66.674
1719 141.711 904.488
1720 127.968 786.274
1721 708.305 583.849
1722 1170.25 1272.28
1723 92.822 970.885
1724 984.683 284.894
1725 1247.8 903.792
1726 524.709 1326.47
1727 239.282 351.43
1728 400.422 1340.88
1729 1028.33 1067.65
1730 1008.01 663.757
1731 1061.86 96.9575
1732 665.559 531.849
1733 506.079 823.54
1734 1297.54 113.31
1735 1084.39 68.4346
1736 419.36 1125.78
1737 99.6819 1115.46
1738 178.368 1319.49
1739 1090.48 1312.94
1740 1204.04 1050.5
1741 1341.22 1198.35
1742 1199.96 765.03
1743 403.442 1198.39
1744 228.759 614.992
1745 588.05 349.833
1746 765.489 1326.51
1747 810.872 638.51
1748 143.064 358.841
1749 722.608 546.901
1750 1232.75 244.4
1751 1103.19 198.869
1752 643.206 762.435
1753 1247 1011.27
1754 1202.88 276.583
1755 168.161 629.912
1756 1257.54 1042.92
1757 204.929 477.72
1758 1081.98 360.11
1759 1175.85 908.731
1760 154.567 48.3716
1761 197.395 71.6283
1762 113.417 872.085
1763 46.5564 300.183
1764 455.605 86.3527
1765 102.998 322.129
1766 1292.75 382.031
1767 572.135 951.477
1768 588.922 179.717
1769 413.054 449.181
1770 423.82 84.6898
1771 190.353 174.753
1772 425.909 1134.35
1773 1232.7 980.425
1774 848.787 1251.44
1775 319.598 1010.64
1776 922.062 1340.39
1777 503.912 648.731
1778 1074.24 278.605
1779 1195.93 96.5071
1780 691.231 939.48
1781 1332.52 1177.08
1782 338.179 574.661
1783 1010.74 935.442
1784 595.011 808.472
1785 1273.43 86.6961
1786 1240.15 1289.56
1787 716.576 112.205
1788 36.5228 761.779
1789 219.178 540.693
1790 973.242 557.096
1791 1223.19 1206.93
1792 837.978 1192.93
1793 387.555 794.838
1794 1236.2 1229.82
1795 751.543 1164.04
1796 871.389 212.11
1797 1158.99 94.3118
1798 777.175 941.978
1799 756.818 824.932
1800 451.45 1311.52
1801 877.716 338.532
1802 1079.41 1027.35
1803 56.926 610.545
1804 1222.01 1118.82
1805 1059.94 1286.12
1806 1328.29 749.578
1807 686.811 838.06
1808 1052.04 989.105
1809 1328.91 347.54
1810 1255.86 1148.64
1811 790.371 643.301
1812 770.964 140.252
1813 323.251 325.43
1814 103.993 1242.68
1815 1102.55 963.883
1816 471.603 862.724
1817 228.208 1175.17
1818 1012.43 26.1228
1819 1118.83 100.561
1820 928.109 707.707
1821 452.646 1231.23
1822 582.904 288.129
1823 616.745 835.194
1824 1148.74 720.794
1825 202.229 713.587
1826 1329.62 1159.6
1827 1051.24 750.372
1828 776.192 21.6598
1829 1036.49 907.846
1830 329.045 757.373
1831 832.964 47.2252
1832 196.271 314.293
1833 384.976 933.395
1834 1143.52 1312.09
1835 885.512 848.419
1836 675.572 736.066
1837 913.726 887.603
1838 1094.37 1073.53
1839 150.69 415.058
1840 1302.54 1273.28
1841 1253.01 363.14
1842 870.583 909.77
1843 515.969 509.452
1844 629.978 118.699
1845 1077.1 927.335
1846 311.099 747.874
1847 1153.62 703.735
1848 820.834 573.613
1849 1149.32 869.521
1850 49.4425 504.976
1851 492.731 328.23
1852 884.207 576.75
1853 468.656 209.802
1854 583.997 298.094
1855 756.5 87.0236
1856 497.808 878.816
1857 1283.46 636.57
1858 458.442 1143.4
1859 1041 512.589
1860 49.2157 228.104
1861 633.931 921.915
1862 1110.1 119.846
1863 1044.91 467.017
1864 490.037 1053.52
1865 68.2142 946.195
1866 746.466 73.2252
1867 276.498 216.435
1868 1139.25 1205.11
1869 121.773 380.132
1870 34.7213 1298.09
1871 411.355 685.868
1872 219.497 81.1276
1873 404.026 597.222
1874 0.204724 876.441
1875 902.621 1085.33
1876 777.514 480.693
1877 607.376 510.132
1878 1032.4 958.397
1879 7.37008 20.1606
1880 410.718 741.439
1881 780.187 301.682
1882 48.2037 1188.77
1883 1276.05 737.269
1884 426.403 753.156
1885 74.7244 433.131
1886 11.7512 117.102
1887 913.48 645.962
1888 754.779 1257.68
1889 1317.77 683.59
1890 701.439 1177.17
1891 537.6 127.225
1892 221.553 504.277
1893 1087.74 1009.76
1894 1217.19 1198.5
1895 623.427 692.664
1896 1107.62 341.849
1897 541.742 886.293
1898 1099.15 679.153
1899 27.3921 1240.32
1900 1246.28 267.002
1901 252.253 820.101
1902 1130.04 1178.8
1903 777.197 1268.47
1904 949.688 334.822
1905 710.967 613.436
1906 27.557 1085.71
1907 255.66 842.072
1908 112.856 1308.98
1909 1218.4 187.298
1910 778.198 1259.42
1911 313.813 19.4898
1912 653.913 1127.88
1913 649.327 973.997
1914 882.396 466.542
1915 316.913 127.543
1916 645.373 1022.48
1917 1067.68 1197.57
1918 93.7354 752.69
1919 810.752 732.75
1920 934.21 70.589
1921 9.5811 382.507
1922 836.711 684.86
1923 200.794 429.471
1924 185.603 692.828
1925 1051 999.644
1926 713.845 1258.21
1927 374.863 560.961
1928 270.687 380.885
1929 985.105 730.227
1930 183.147 293.304
1931 1084.98 1269.62
1932 109.159 1075.01
1933 502.068 843.587
1934 524.456 1217.76
1935 1168.42 771.32
1936 27.3627 1110.2
1937 724.929 247.896
1938 703.351 166.539
1939 890.359 718.501
1940 717.827 721.464
1941 291.581 271.792
1942 1098.18 143.676
1943 323.722 196.699
1944 618.227 1168.57
1945 848.255 666.762
1946 1035.7 146.598
1947 620.49 855.805
1948 213.732 704.866
1949 201.205 531.194
1950 953.197 1220.03
1951 335.79 1177.14
1952 5.69134 412.069
1953 508.609 984.576
1954 227.472 197.313
1955 924.494 90.0378
1956 563.729 1299.97
1957 755.679 471.235
1958 988.901 748.406
1959 877.184 828.699
1960 779.14 230.822
1961 764.381 1225.86
1962 490.929 759.543
1963 92.7108 1227.98
1964 132.069 621.559
1965 446.34 789.786
1966 956.515 1228.35
1967 1306.84 599.449
1968 1204.57 312.787
1969 430.097 651.924
1970 1047.62 704.472
1971 47.1297 471.742
1972 136.931 1064.24
1973 565.051 401.521
1974 950.815 163.043
1975 1061.13 447.691
1976 1246.12 992.053
1977 911.302 955.915
1978 57.8551 351.159
1979 114.647 188.894
1980 1136.21 559.348
1981 236.205 585.965
1982 525.621 1276.39
1983 984.888 238.586
1984 1270.44 854.642
1985 339.146 904.022
1986 339.015 911.817
1987 1109.61 53.9402
1988 660.422 882.894
1989 1190.03 883.427
1990 111.68 481.405
1991 299.125 1021.98
1992 979.056 356.548
1993 934.321 80.063
1994 738.482 1092.04
1995 50.4042 1199.95
1996 611.186 23.6252
1997 168.488 173.172
1998 200.957 1267.86
1999 230.315 1116.01
2000 1231.79 953.949
2001 559.88 1192.93
2002 1043.23 45.6693
2003 1205.93 1118.26
2004 500.633 160.176
2005 930.074 515.291
2006 954.875 986.746
2007 205.011 1197.84
2008 846.535 640.746
2009 646.52 103.77
2010 839.206 65.8142
2011 515.785 809.127
2012 586.822 1149.69
2013 732.954 552.157
2014 1144.2 956.693
2015 269.462 1079.28
2016 286 316.831
2017 1174.92 13.1024
2018 1256.99 612.576
2019 573.977 76.0094
2020 416.164 219.398
2021 61.6451 178.397
2022 38.1932 817.424
2023 349.57 1120.7
2024 723.66 213.871
2025 1183.57 881.027
2026 421.64 512.179
2027 1068.13 852.677
2028 435.952 561.395
2029 894.564 752.255
2030 461.277 8.8189
2031 404.167 1032.75
2032 1264.4 1100.6
2033 632.182 1009.1
2034 570.088 939.046
2035 1113.52 272.693
2036 360.929 581.31
2037 349.587 340.17
2038 22.1417 161.38
2039 22.0693 979.458
2040 368.362 19.326
2041 579.659 1121.62
2042 133.89 649.565
2043 353.027 58.674
2044 475.042 614.419
2045 557.628 597.877
2046 72.6772 1106.18
2047 674.403 495.883
2048 555.716 184.416
2049 863.848 1248.67
2050 1337.61 437.102
2051 1054.04 371.002
2052 268.721 719.115
2053 848.787 649.427
2054 253.942 550.356
2055 312.082 185.48
2056 238.097 389.074
2057 173.311 1063.89
2058 1024.59 1211.45
2059 1040.41 599.31
2060 412.929 484.885
2061 322.113 885.024
2062 123.256 1007.18
2063 1096.08 127.912
2064 907.502 1256.2
2065 603.978 1193.95
2066 513.08 105.94
2067 6.10079 303.361
2068 637.442 1234.53
2069 1142.44 1167.91
2070 83.4163 570.624
2071 487.817 530.318
2072 445.8 776.52
2073 676.685 691.978
2074 842.441 1044.44
2075 213.159 809.94
2076 304.151 295.09
2077 598.368 739.972
2078 1123.54 810.52
2079 180.957 1236.43
2080 1205.7 980.154
2081 54.1816 707.707
2082 1130.86 509.723
2083 6.34646 670.431
2084 6.46929 543.625
2085 764.903 799.817
2086 181.959 1031.25
2087 896.019 196.085
2088 1285.26 655.937
2089 1020.96 947.587
2090 1281.21 123.301
2091 189.37 367.808
2092 946.37 121.417
2093 688.204 827.757
2094 1327.21 1079.02
2095 1288.48 1290.64
2096 191.032 97.6126
2097 400.852 1279.4
2098 418.99 376.529
2099 170.956 503.581
2100 175.768 67.1653
2101 756.416 1305.49
2102 438.438 1287.57
2103 31.4866 970.327
2104 963.064 918.041
2105 372.394 1100.39
2106 640.132 382.359
2107 533.635 274.224
2108 758.709 1234.41
2109 75.4121 371.795
2110 1285.1 402.652
2111 958.174 671.742
2112 1323.05 332.857
2113 348.154 304.271
2114 977.663 1153.21
2115 583.487 727.263
2116 171.436 185.112
2117 296.975 1137.49
2118 254.28 1156.54
2119 351.061 1269.33
2120 1301.23 1243.95
2121 1141.87 449.575
2122 837.732 802.929
2123 1275.58 711.31
2124 473.896 139.515
2125 410.472 900.583
2126 1129.3 809.03
2127 1236.29 62.8504
2128 689.839 1.76063
2129 1297.81 164.532
2130 1184.08 833.121
2131 541.765 1197.41
2132 514.104 1145.49
2133 718.543 602.069
2134 841.563 784.545
2135 312.041 339.228
2136 448.715 288.513
2137 353.928 756.293
2138 850.507 85.5496
2139 185.603 230.724
2140 1157.63 27.3921
2141 270.73 931.742
2142 612.331 913.726
2143 424.189 396.076
2144 1060.8 1321.99
2145 252.179 969.427
2146 1305.69 226.318
2147 154.157 514.923
2148 710.476 323.751
2149 226.835 562.107
2150 529.01 66.9039
2151 1166.61 1290.56
2152 1284.4 37.5213
2153 421.12 393.987
2154 244.197 822.173
2155 392.101 863.527
2156 179.186 967.814
2157 881.543 774.734
2158 1243.93 835.071
2159 771.833 1174.72
2160 520.409 988.179
2161 348.728 294.205
2162 472.72 359.537
2163 711.163 87.1874
2164 854.479 137.222
2165 570.853 671.266
2166 836.872 154.69
2167 509.641 544.116
2168 365.024 51.4425
2169 981.656 512.548
2170 1198.5 88.3338
2171 1294.8 1321.96
2172 1286.74 792.913
2173 892.887 522.554
2174 191.172 652.416
2175 1325.11 849.376
2176 906.724 1191.21
2177 1036.42 765.153
2178 670.431 280.513
2179 1239.59 576.479
2180 661.26 413.272
2181 1165.3 399.008
2182 1336.87 463.128
2183 454.449 1312.32
2184 878.186 95.2787
2185 707.171 648.076
2186 590.958 1257.43
2187 517.033 30.5858
2188 1100.72 629.446
2189 258.485 171.206
2190 140.002 107.685
2191 1191.41 678.186
2192 696.513 1293.22
2193 4.25827 331.178
2194 776.163 897.307
2195 48.8283 1111.41
2196 1175.71 222.101
2197 937.883 108.929
2198 197.968 670.365
2199 688.076 423.461
2200 964.784 692.992
2201 1326.1 599.761
2202 568.859 770.025
2203 61.7669 602.028
2204 275.971 778.198
2205 557.014 534.265
2206 277.074 483.329
2207 85.2084 256.806
2208 86.4346 1327.04
2209 57.8877 1029.56
2210 901.187 150.898
2211 384.554 140.85
2212 1218.31 48.3559
2213 965.369 754.164
2214 1178.51 343.748
2215 648.649 1006.69
2216 589.156 276.787
2217 1167.43 188.847
2218 735.861 541.389
2219 382.274 1234.59
2220 946.463 1027.35
2221 1153.91 544.705
2222 992.913 1231.66
2223 272.92 1314.8
2224 330.507 665.165
2225 950.412 1294.27
2226 1203.98 123.301
2227 68.4189 965.005
2228 565.45 681.527
2229 1140.2 688.201
2230 965.931 119.805
2231 229.436 93.8457
2232 670.472 613.272
2233 594.889 79.1464
2234 435.093 37.1528
2235 852.145 877.704
2236 268.026 188.526
2237 669.858 440.239
2238 198.214 115.178
2239 1219.83 302.255
2240 372.722 398.164
2241 531.178 245.915
2242 1188.83 427.808
2243 690.65 870.079
2244 1196.25 1184.02
2245 1230.56 1339.36
2246 1058.51 721.49
2247 1217.13 741.241
2248 627.073 235.367
