1 665.119 832.942
2 353.676 593.921
3 614.614 340.438
4 127.567 58.1277
5 205.117 517.415
6 769.311 60.3961
7 664.962 268.014
8 768.487 602.68
9 984.712 82.0379
10 238.747 595.935
11 60.5182 772.515
12 728.608 933.291
13 160.619 711.696
14 751.642 123.6
15 344.174 377.3
16 942.543 258.431
17 697.277 203.396
18 309.366 665.186
19 355.083 225.257
20 617.866 680.323
21 584.704 95.4009
22 999.636 326.334
23 373.943 172.495
24 334.727 38.9416
25 567.395 505.33
26 715.103 14.9846
27 127.934 83.3766
28 309.214 126.52
29 391.106 779.799
30 806.55 764.55
31 986.665 777.646
32 224.404 674.581
33 262.825 848.252
34 826.167 237.983
35 182.786 789.61
36 534.074 736.473
37 112.905 180.09
38 353.771 316.05
39 282.618 317.702
40 542.559 544.532
41 558.368 382.035
42 425.643 752.011
43 849.422 0.885037
44 721.213 939.238
45 219.947 404.248
46 447.938 863.643
47 237.129 781.793
48 130.965 148.843
49 460.738 959.72
50 334.544 107.063
51 584.216 372.391
52 861.847 980.092
53 557.332 489.151
54 197.729 463.607
55 290.319 583.915
56 134.489 724.544
57 649.281 792.047
58 832.678 625.023
59 459.535 741.879
60 755.364 511.83
61 629.627 324.534
62 607.642 632.653
63 534.678 317.183
64 802.076 115.883
65 10.1321 726.432
66 181.28 374.438
67 877.987 391.709
68 54.6984 269.971
69 447.035 364.609
70 470.675 641.438
71 673.849 976.963
72 86.6115 975.056
73 82.7662 949.435
74 76.4794 337.504
75 487.383 731.685
76 464.156 371.715
77 696.646 812.464
78 823.947 405.87
79 1.43437 9.15555
80 837.58 755.638
81 349.439 15.1108
82 353.954 612.389
83 572.588 600.93
84 625.815 18.9867
85 659.621 206.214
86 794.702 447.405
87 682.659 764.295
88 577.013 952.717
89 444.112 333.374
90 133 396.954
91 294.137 999.546
92 60.261 418.409
93 790.241 274.056
94 138.432 732.536
95 239.296 471.755
96 250.496 456.486
97 566.82 913.907
98 623.721 183.498
99 873.836 494.827
100 90.1212 76.9718
101 820.162 650.736
102 361.339 938.139
103 860.53 129.677
104 711.68 58.325
105 107.883 317.209
106 440.461 11.9022
107 781.61 351.73
108 280.398 654.046
109 866.638 355.083
110 353.252 65.3748
111 818.843 208.859
112 804.529 393.968
113 720.042 960.204
114 225.105 182.796
115 468.398 140.513
116 462.654 189.158
117 649.955 68.7013
118 298.563 918.851
119 99.9582 273.141
120 78.9209 471.424
121 654.227 303.079
122 44.9019 858.547
123 232.179 645.654
124 357.555 243.568
125 32.0444 261.09
126 787.164 218.12
127 418.012 180.979
128 202.172 261.269
129 229.377 835.967
130 436.165 392.59
131 891.073 711.02
132 940.184 785.363
133 859.859 900.54
134 295.938 95.0693
135 382.387 793.441
136 731.346 454.604
137 141.606 195.003
138 767.785 785.272
139 278.054 272.077
140 954.424 17.4913
141 758.593 530.538
142 365.791 55.3952
143 247.935 810.022
144 490.739 329.879
145 802.769 439.135
146 553.88 44.317
147 31.8613 521.439
148 244.76 562.247
149 851.477 37.5419
150 175.341 203.99
151 236.183 730.709
152 186.881 208.716
153 925.026 958.953
154 503.275 293.222
155 783.41 45.4726
156 629.302 452.777
157 647.993 571.978
158 132.786 380.81
159 116.916 672.567
160 668.477 417.829
161 831.05 880.886
162 656.691 890.469
163 939.116 109.016
164 152.44 587.786
165 628.315 627.404
166 174.261 952.544
167 68.92 327.83
168 552.57 962.645
169 313.314 548.605
170 413.771 820.063
171 622.944 665.242
172 458.449 523.641
173 736.993 37.9081
174 369.854 892.884
175 994.572 360.118
176 156.833 519.171
177 569.445 162.668
178 541.673 27.2835
179 734.003 343.974
180 411.224 921.968
181 246.04 88.4773
182 194.641 431.109
183 800.134 658.925
184 597.379 222.606
185 910.164 32.0181
186 354.208 870.178
187 687.979 76.3878
188 797.863 683.645
189 758.613 399.752
190 480.539 236.98
191 32.9295 622.124
192 291.574 194.617
193 368.171 566.947
194 879.177 62.1357
195 198.112 579.52
196 219.856 295.938
197 434.004 711.57
198 421.722 107.578
199 642.293 467.015
200 289.499 479.781
201 111.24 878.235
202 628.088 406.934
203 959.9 678.976
204 558.989 978.702
205 329.6 150.033
206 589.16 818.262
207 165.807 148.66
208 380.474 971.347
209 524.662 683.13
210 327.862 874.142
211 829.402 681.971
212 614.187 490.463
213 153.753 20.4373
214 366.178 157.384
215 528.576 10.6204
216 722.787 184.55
217 437.727 924.162
218 902.418 339.366
219 389.639 416.46
220 987.71 413.862
221 780.145 948.794
222 541.386 339.03
223 86.829 823.227
224 276.711 699.484
225 377.8 636.484
226 101.596 841.67
227 478.713 112.003
228 489.059 703.055
229 825.678 684.866
230 405.093 481.826
231 467.706 49.3179
232 456.737 637.857
233 918.394 727.989
234 691.519 318.664
235 327.097 432.193
236 104.994 100.227
237 856.594 150.843
238 272.713 698.451
239 319.987 357.712
240 309.793 397.473
241 707.584 125.187
242 387.312 528.296
243 218.019 5.12711
244 374.92 465.839
245 521.805 271.344
246 680.563 479.568
247 269.915 698.298
248 350.169 574.847
249 904.508 956.881
250 577.441 540.121
251 171.3 250.531
252 452.986 769.219
253 584.492 105.991
254 729.616 613.666
255 951.079 903.23
256 114.2 622.517
257 310.554 422.834
258 847.438 793.878
259 756.829 490.127
260 864.406 777.154
261 497.279 409.711
262 604.487 141.545
263 240.211 667.017
264 190.13 721.004
265 453.369 255.139
266 199.18 867.31
267 423.688 283.517
268 179.833 29.4809
269 863.491 569.567
270 653.401 713.039
271 86.9167 540.703
272 653.706 513.997
273 926.475 380.356
274 287.729 808.226
275 422.04 94.2921
276 816.647 819.365
277 660.447 776.792
278 581.234 434.588
279 793.152 235.029
280 119.269 390.179
281 763.122 917.773
282 940.977 447.741
283 565.915 300.001
284 103.549 588.244
285 947.22 936.587
286 89.8252 866.516
287 352.552 118.904
288 503.343 913.378
289 562.487 796.171
290 910.69 586.016
291 875.973 846.16
292 176.122 780.653
293 858.211 280.77
294 157.262 294.264
295 1.648 770.169
296 281.411 247.54
297 677.225 554.525
298 592.914 682.546
299 651.814 862.941
300 512.262 565.447
301 164.037 78.5852
302 57.9546 628.132
303 151.329 490.575
304 989.221 813.074
305 734.468 76.2699
306 870.54 97.0794
307 430.984 35.2835
308 166.509 965.514
309 679.8 721.462
310 674.978 286.634
311 191.514 118.381
312 686.579 393.353
313 277.841 915.545
314 133.897 570.727
315 317.667 682.608
316 856.527 735.578
317 588.61 250.5
318 929.61 851.955
319 602.032 991.245
320 736.595 463.149
321 354.961 331.801
322 635.131 188.391
323 564.562 722.011
324 63.2584 717.922
325 468.34 809.626
326 521.458 479.385
327 617.054 34.3375
328 125.577 546.037
329 577.733 553.152
330 647.557 635.762
331 681.137 750.943
332 560.024 655.176
333 724.479 851.1
334 987.241 128.931
335 730.371 739.28
336 815.067 160.07
337 321.908 495.743
338 552.7 930.178
339 696.412 231.182
340 276.027 623.558
341 270.684 344.117
342 486.129 234.569
343 171.27 646.87
344 21.5461 341.319
345 501.84 784.6
346 892.325 837.524
347 298.471 982.879
348 750.76 880.123
349 94.427 554.888
350 259.723 130.345
351 550.249 884.614
352 429.609 503.012
353 826.533 516.927
354 442.391 515.035
355 157.14 929.746
356 514.584 599.384
357 691.977 580.248
358 804.05 923.098
359 275.491 32.9499
360 997.95 239.814
361 724.448 804.503
362 359.203 128.609
363 508.234 245.22
364 308.649 751.478
365 157.567 881.619
366 71.8918 213.446
367 835.627 324.782
368 652.364 417.127
369 8.81985 124.672
370 22.9499 176.767
371 472.199 551.622
372 314.676 223.705
373 14.9541 608.193
374 940.489 525.411
375 106.854 40.3496
376 777.262 333.75
377 23.0415 501.928
378 269.112 295.45
379 646.382 255.353
380 510.293 455.676
381 146.432 175.96
382 156.089 112.007
383 534.327 877.869
384 840.358 404.344
385 771.54 843.353
386 341.155 445.544
387 191.849 905.148
388 536.454 458.087
389 417.915 306.009
390 593.251 753.628
391 175.101 608.452
392 141.498 747.673
393 207.001 105.014
394 808.161 145.756
395 454.133 342.051
396 808.863 634.179
397 254.433 379.955
398 555.835 73.8589
399 111.434 353.465
400 809.201 723.69
401 322.855 495.102
402 470.352 987.548
403 714.097 898.805
404 74.9229 58.2904
405 504.031 271.619
406 353.527 812.037
407 271.096 761.01
408 823.154 256.539
409 607.593 655.42
410 983.292 961.913
411 144.078 152.837
412 995.37 269.265
413 1.52593 414.201
414 711.692 241.707
415 282.907 136.574
416 551.469 907.319
417 701.041 12.944
418 59.0228 161.447
419 961.694 652.978
420 614.657 354.106
421 428.297 218.822
422 238.185 893.185
423 906.949 875.576
424 207.678 391.892
425 777.642 557.176
426 994.166 456.866
427 893.797 270.154
428 908.323 199.194
429 368.206 753.624
430 894.528 683.314
431 620.398 562.12
432 351.817 975.127
433 651.173 850.948
434 542.528 288.16
435 172.378 646.234
436 195.716 612.964
437 284.28 293.653
438 354.259 379.319
439 954.75 939.726
440 698.782 849.731
441 764.702 185.695
442 416.15 692.465
443 521.867 509.354
444 195.221 354.934
445 185.064 913.48
446 924.375 98.5484
447 106.571 409.65
448 26.9173 699.484
449 202.185 454.791
450 815.943 410.504
451 816.858 910.703
452 444.197 201.365
453 381.237 590.258
454 759.27 590.904
455 95.8835 794.981
456 847.407 473.678
457 449.69 849.727
458 688.467 755.703
459 426.84 213.756
460 448.677 129.982
461 246.132 95.8281
462 167.028 666.514
463 929.594 357.132
464 74.8877 374.71
465 655.965 644.144
466 834.493 903.871
467 777.917 14.5615
468 58.651 34.5206
469 150.524 301.421
470 45.1674 900.174
471 453.552 955.63
472 889.34 666.341
473 533.939 657.369
474 829.243 703.574
475 55.4696 832.148
476 452.04 587.786
477 114.362 701.926
478 884.487 299.112
479 262.185 156.794
480 843.839 280.801
481 504.715 806.578
482 561.054 623.467
483 857.418 167.079
484 386.587 297.617
485 226.936 39.2815
486 393.316 184.881
487 740.654 362.564
488 478.774 52.4003
489 57.7197 970.122
490 531.046 820.037
491 372.478 711.936
492 56.7949 304.392
493 236.61 222.358
494 308.337 373.703
495 580.674 839.157
496 779.514 254.891
497 522.715 934.141
498 891.842 110.477
499 972.801 165.716
500 690.62 988.163
501 102.286 57.8367
502 153.722 826.167
503 576.003 699
504 601.856 81.637
505 885.22 770.749
506 214.82 254.28
507 150.766 8.3357
508 421.278 443.892
509 166.155 236.736
510 983.948 974.12
511 255.531 935.453
512 518.357 982.543
513 504.276 424.787
514 817.225 377.762
515 70.1016 658.742
516 370.405 971.683
517 852.138 224.895
518 868.086 464.522
519 523.423 953.001
520 236.772 104.255
521 177.618 764.432
522 199.072 657.155
523 513.99 29.7861
524 768.456 926.664
525 558.916 861.141
526 120.701 981.17
527 865.799 965.64
528 810.217 593.707
529 878.79 120.857
530 792.23 96.5037
531 567.186 472.905
532 626.746 859.222
533 772.807 134.159
534 955.26 848.36
535 937.135 170.537
536 337.077 541.008
537 811.811 832.732
538 350.918 326.09
539 446.581 780.694
540 695.948 298.719
541 895.047 188.883
542 45.1674 842.036
543 331.869 738.888
544 462.142 128.029
545 334.64 961.368
546 404.579 947.081
547 655.965 426.252
548 165.123 799.498
549 822.729 996.708
550 994.456 31.7087
551 29.0841 684.042
552 912.473 591.27
553 369.206 456.343
554 641.346 526.815
555 907.254 861.538
556 478.832 540.483
557 317.454 71.9321
558 766.002 408.098
559 536.637 382.061
560 446.617 855.007
561 942.726 347.64
562 713.624 446.12
563 132.221 910.733
564 86.1544 931.873
565 41.3313 651.91
566 825.566 528.92
567 752.068 572.71
568 769.341 287.729
569 912.015 231.229
570 967.38 426.313
571 416.381 442.889
572 603.552 799.371
573 473.128 183.39
574 565.081 452.803
575 949.33 218.594
576 274.776 808.73
577 69.9484 896.487
578 757.042 982.853
579 4.76089 444.319
580 911.008 635.827
581 1.43437 439.853
582 381.42 37.2326
583 755.882 295.877
584 955.676 705.075
585 259.333 351.146
586 232.645 493.088
587 908.308 81.1487
588 384.655 701.224
589 63.5701 956.633
590 899.493 256.406
591 922.941 54.8459
592 97.1893 480.274
593 275.338 636.586
594 239.466 324.656
595 907.224 525.987
596 361.729 132.328
597 142.582 916.074
598 516.373 716.391
599 491.714 586.204
600 426.801 97.5066
601 178.198 233.009
602 348.43 479.541
603 220.468 842.925
604 614.791 893.281
605 361.309 267.251
606 527.952 760.678
607 603.412 741.97
608 102.786 895.173
609 937.003 561.056
610 188.751 799.86
611 431.257 839.595
612 750.542 876.191
613 259.271 393.994
614 408.002 807.646
615 8.72829 49.4747
616 719.149 94.3327
617 750.628 543.936
618 365.142 671.346
619 990.068 748.039
620 548.422 398.816
621 643.941 499.181
622 892.178 995.884
623 63.0512 83.8343
624 109.958 127.567
625 889.917 140.1
626 176.855 275.246
627 357.982 934.634
628 868.282 483.383
629 893.033 462.661
630 54.8287 748.833
631 243.782 896.878
632 523.118 787.642
633 972.162 623.07
634 610.584 612.236
635 100.375 248.604
636 122.044 440.535
637 789.859 877.346
638 221.473 414.563
639 128.775 364.544
640 746.3 143.803
641 704.062 701.346
642 819.727 815.947
643 290.801 882.26
644 265.938 353.225
645 411.014 668.752
646 118.442 956.603
647 915.519 636.738
648 238.459 28.0507
649 559.191 237.591
650 120.792 315.932
651 907.132 475.478
652 680.837 911.531
653 310.129 753.262
654 966.889 399.884
655 909.208 611.381
656 79.3878 115.913
657 779.039 29.8818
658 653.584 445.391
659 470.84 165.598
660 965.972 11.5401
661 561.327 77.5212
662 308.208 37.7819
663 469.485 75.8385
664 104.831 814.508
665 838.697 866.817
666 291.393 963.439
667 167.577 58.7786
668 663.466 173.07
669 389.623 894.772
670 661.214 774.895
671 884.748 421.491
672 895.401 755.032
673 408.888 380.81
674 205.583 177.256
675 122.94 437.792
676 384.613 369.034
677 459.7 457.9
678 743.966 161.596
679 227.454 204.081
680 464.905 959.99
681 127.149 838.103
682 44.0687 676.874
683 721.581 653.401
684 831.904 820.917
685 504.013 532.308
686 3.20444 192.755
687 841.894 187.109
688 724.367 212.928
689 240.09 89.8201
690 918.546 924.365
691 629.933 393.174
692 600.674 922.208
693 522.263 572.776
694 751.946 122.654
695 681.915 366.898
696 634.571 469.741
697 687.844 17.7923
698 766.436 414.045
699 811.335 746.06
700 592.242 712.139
701 796.65 387.223
702 425.428 60.2435
703 836.658 312.758
704 35.4015 873.898
705 625.013 278.085
706 580.615 374.004
707 3.17392 332.32
708 694.946 165.476
709 832.484 528.886
710 384.038 86.6115
711 530.352 249.397
712 454.299 308.969
713 62.2616 941.588
714 117.278 809.843
715 508.133 166.387
716 364.027 765.958
717 474.312 622.277
718 1.92267 158.483
719 250.148 739.04
720 661.33 112.766
721 166.57 411.298
722 907.21 729.793
723 157.903 126.957
724 924.039 27.6844
725 32.8314 541.734
726 629.311 9.03763
727 144.241 213.237
728 863.674 948.001
729 335.776 856.994
730 655.782 79.6838
731 862.554 767.571
732 771.233 330.794
733 121.349 768.477
734 658.162 412.767
735 218.301 221.503
736 330.699 263.379
737 650.472 136.357
738 486.465 769.04
739 564.593 661.428
740 529.253 42.8785
741 40.5378 812.651
742 650.166 989.807
743 133.472 649.515
744 614.018 435.865
745 536.238 888.302
746 98.6385 993.475
747 616.429 932.34
748 915.314 52.3698
749 645.926 487.965
750 237.374 441.21
751 920.433 515.549
752 831.272 228.771
753 447.03 300.367
754 860.127 494.038
755 250.734 39.4604
756 903.976 538.347
757 270.534 211.463
758 280.007 585.07
759 223.359 324.416
760 898.648 710.959
761 614.887 159.372
762 962.086 191.626
763 162.795 39.5215
764 8.14844 288.278
765 385.113 502.125
766 533.421 338.943
767 709.061 688.101
768 702.445 369.248
769 640.25 518.117
770 767.077 902.345
771 864.162 659.54
772 44.8012 657.739
773 861.829 346.481
774 683.776 684.138
775 70.0038 136.513
776 408.216 137.455
777 455.611 398.606
778 687.051 808.313
779 349.317 575.278
780 519.175 87.2261
781 758.097 548.723
782 797.734 625.111
783 252.785 604.602
784 818.354 461.963
785 455.567 985.844
786 655.746 322.463
787 690.97 577.14
788 135.374 621.453
789 343.15 614.093
790 708.604 560.045
791 999.346 317.606
792 765.191 531.785
793 944.908 514.729
794 149.022 999.424
795 105.228 228.496
796 862.423 40.4717
797 605.213 509.541
798 864.722 304.152
799 919.418 622.704
800 176.458 480.3
801 735.505 576.194
802 261.761 871.965
803 714.276 957.813
804 759.042 602.832
805 655.568 256.02
806 360.24 550.188
807 469.86 654.988
808 8.85037 251.127
809 552.554 912.198
810 623.205 206.553
811 179.632 518.54
812 956.1 979.614
813 583.361 254.799
814 362.707 182.348
815 66.1647 153.101
816 60.2453 582.995
817 38.3321 635.517
818 491.165 746.884
819 256.386 532.09
820 406.69 692.103
821 912.351 596.423
822 275.355 283.67
823 208.93 982.334
824 138.127 692.866
825 703.041 602.653
826 752.177 187.963
827 968.749 486.831
828 352.245 743.126
829 3.20444 747.555
830 758.873 948.881
831 342.523 459.914
832 648.978 975.433
833 604.658 131.417
834 618.856 520.981
835 383.337 507.187
836 15.5644 80.4204
837 745.842 366.741
838 933.958 826.014
839 999.689 506.119
840 502.884 407.056
841 736.29 44.7401
842 395.4 853.999
843 999.529 802.667
844 406.898 731.869
845 93.2951 858.612
846 529.918 96.0764
847 275.643 410.718
848 406.934 535.726
849 14.5573 390.153
850 684.194 46.2092
851 589.657 54.9985
852 80.6909 725.761
853 235.238 796.598
854 755.058 98.2391
855 473.764 700.613
856 594.495 84.6278
857 331.431 182.108
858 916.044 248.512
859 909.848 753.567
860 343.381 344.68
861 813.227 496.597
862 298.42 9.34281
863 974.641 164.865
864 909.299 544.288
865 567.523 188.269
866 790.861 663.411
867 303.171 829.554
868 682.816 783.227
869 182.152 558.34
870 139.836 560.595
871 702.933 793.913
872 799.249 65.981
873 906.888 903.317
874 147.893 78.04
875 133.885 763.604
876 513.749 364.36
877 628.162 589.378
878 660.878 233.955
879 292.025 858.058
880 665.015 13.1881
881 722.078 824.519
882 244.606 70.6198
883 932.862 968.627
884 671.272 40.8948
885 67.2498 458.174
886 71.3523 333.663
887 281.772 165.842
888 942.383 327.036
889 355.113 333.72
890 41.9028 670.949
891 738.977 729.179
892 546.342 766.218
893 730.247 756.157
894 374.242 994.48
895 659.505 604.358
896 644.782 655.721
897 474.069 10.4415
898 194.525 628.101
899 711.875 319.498
900 170.577 380.112
901 412.429 159.646
902 555.071 352.31
903 556.339 199.469
904 788.462 39.5867
905 811.504 422.62
906 692.489 307.905
907 421.217 246.289
908 69.216 735.343
909 452.888 156.656
910 954.497 457.32
911 366.857 721.553
912 469.592 828.781
913 843.485 540.788
914 874.456 10.7425
915 257.851 944.456
916 882.718 730.216
917 625.874 932.375
918 131.748 271.554
919 837.55 337.051
920 715.751 691.794
921 283.761 625.267
922 949.811 890.194
923 552.09 467.94
924 466.72 202.124
925 489.486 990.844
926 97.354 859.371
927 703.513 205.913
928 729.814 375.011
929 661.763 343.093
930 197.424 941.588
931 708.778 520.371
932 346.507 446.49
933 735.71 209.387
934 465.158 573.809
935 505.564 154.214
936 930.662 568.01
937 541.246 139.657
938 67.2323 264.901
939 278.207 65.1306
940 789.831 683.314
941 480.524 381.664
942 356.648 643.574
943 872.491 77.7306
944 605.762 352.279
945 96.3775 896.847
946 980.553 677.332
947 684.103 147.557
948 253.385 844.111
949 895.322 274.793
950 805.469 840.297
951 713.95 485.218
952 516.245 724.662
953 231.721 701.777
954 125.584 527.456
955 626.423 571.555
956 102.176 237.373
957 256.539 14.7404
958 911.002 462.36
959 512.497 436.903
960 853.572 554.888
961 401.321 810.667
962 78.9078 530.351
963 948.431 425.052
964 422.651 255.165
965 737.358 645.161
966 841.487 887.712
967 530.381 601.524
968 334.086 454.944
969 183.876 456.561
970 190.069 308.023
971 587.293 322.245
972 140.342 448.622
973 215.033 565.661
974 571.781 316.542
975 118.139 611.046
976 832.148 227.119
977 647.741 142.277
978 73.7632 126.351
979 346.171 658.528
980 261.299 982.757
981 959.603 130.528
982 358.41 274.911
983 13.0924 962.68
984 511.287 436.567
985 962.371 652.215
986 482.162 360.428
987 521.867 602.466
988 688.56 116.459
989 386.731 565.569
990 835.484 693.381
991 877.652 990.665
992 913.841 916.654
993 410.316 276.62
994 609.006 840.938
995 852.077 874.986
996 996.698 553.697
997 870.696 785.333
998 374.859 204.234
999 529.344 416.547
1000 619.543 730.617
1001 698.471 192.606
1002 537.959 106.3
1003 532.329 29.3324
1004 134.648 729.427
1005 241.523 281.34
1006 430.562 849.93
1007 130.955 92.8373
1008 687.416 542.257
1009 595.066 815.428
1010 379.461 397.137
1011 551.563 859.951
1012 448.286 505.631
1013 606.311 164.495
1014 926.542 988.189
1015 400.794 741.177
1016 754.021 84.2006
1017 226.142 104.77
1018 62.6332 83.1324
1019 201.3 941.317
1020 760.308 244.087
1021 289.254 272.622
1022 230.805 272.718
1023 212.213 879.12
1024 441.788 526.54
1025 358.877 895.906
1026 322.125 99.3683
1027 757.486 558.763
1028 743.036 295.114
1029 996.85 351.756
1030 358.348 220.012
1031 526.292 562.216
1032 384.198 322.28
1033 467.605 887.36
1034 834.162 956.515
1035 348.004 213.054
1036 995.897 82.1253
1037 173.035 480.365
1038 755.303 591.636
1039 417.676 673.822
1040 411.621 876.614
1041 634.665 973.026
1042 274.645 645.41
1043 606.16 619.866
1044 671.072 633.965
1045 122.488 429.033
1046 417.784 366.776
1047 200.507 115.574
1048 55.8664 783.17
1049 128.172 387.772
1050 341.954 558.31
1051 248.071 884.213
1052 939.752 361.766
1053 412.061 883.973
1054 290.262 138.493
1055 766.35 912.08
1056 16.8157 823.237
1057 533.03 909.09
1058 989.075 444.476
1059 555.406 256.62
1060 227.668 674.825
1061 883.084 986.637
1062 806.674 419.328
1063 114.2 159.402
1064 668.203 736.507
1065 576.046 57.3443
1066 730.864 977.844
1067 445.296 529.008
1068 212.036 479.755
1069 473.464 634.388
1070 102.634 288.587
1071 728.416 952.849
1072 575.884 266.396
1073 860.922 567.217
1074 698.019 765.313
1075 869.869 51.4889
1076 171.721 624.348
1077 460.755 121.804
1078 681.936 265.694
1079 270.021 246.777
1080 878.004 280.561
1081 59.3372 179.205
1082 461.837 64.8213
1083 688.041 318.892
1084 731.59 186.838
1085 459.761 633.874
1086 625.568 287.763
1087 754.266 488.601
1088 837.703 604.789
1089 570.309 272.011
1090 968.81 343.032
1091 542.072 942.412
1092 447.523 470.138
1093 308.826 406.114
1094 920.652 604.694
1095 24.141 310.648
1096 982.56 551.168
1097 481.338 656.885
1098 975.686 632.866
1099 199.448 846.461
1100 942.198 370.617
1101 632.801 111.244
1102 636.77 999.363
1103 57.0598 898.913
1104 169.561 541.551
1105 267.403 181.406
1106 288.607 329.299
1107 809.827 511.887
1108 282.357 258.313
1109 2.74667 70.7461
1110 779.017 342.723
1111 646.962 909.822
1112 821.902 17.3345
1113 330.449 171.457
1114 142.583 20.5695
1115 540.452 476.455
1116 180.914 206.248
1117 315.195 930.788
1118 794.519 238.415
1119 826.885 332.591
1120 957.03 100.715
1121 911.618 447.131
1122 408.094 161.168
1123 438.734 274.575
1124 434.37 441.638
1125 705.039 990.783
1126 874.807 305.368
1127 919.065 663.049
1128 450.758 47.8572
1129 822.443 644.647
1130 997.072 760.063
1131 873.989 236.854
1132 212.134 49.501
1133 261.537 527.608
1134 47.4465 211.544
1135 907.195 632.378
1136 929.527 349.437
1137 565.325 415.88
1138 805.445 109.378
1139 745.689 82.3126
1140 135.863 928.159
1141 823.215 784.879
1142 34.0447 223.975
1143 217.078 984.954
1144 970.885 141.946
1145 48.4024 17.3997
1146 236.702 713.157
1147 238.115 925.016
1148 517.389 820.551
1149 149.663 439.349
1150 889.557 186.926
1151 96.4181 551.962
1152 474.99 556.814
1153 508.234 217.963
1154 656.943 713.37
1155 977.386 854.244
1156 998.117 727.504
1157 568.163 297.254
1158 141.203 588.187
1159 933.502 785.363
1160 227.638 917.635
1161 347.819 955.626
1162 575.367 308.516
1163 48.2747 390.606
1164 747.087 86.9472
1165 826.106 981.262
1166 54.9028 770.749
1167 35.493 325.087
1168 659.659 344.253
1169 813.532 847.214
1170 548.57 104.805
1171 796.001 272.992
1172 511.185 797.605
1173 431.562 791.101
1174 32.4717 932.585
1175 957.732 862.728
1176 117.557 705.958
1177 917.975 406.323
1178 436.05 404.492
1179 996.843 197.76
1180 931.211 794.092
1181 729.402 921.48
1182 1.52593 987.858
1183 575.07 114.994
1184 356.67 355.942
1185 235.162 233.558
1186 826.93 998.173
1187 389.447 94.5158
1188 686.728 833.216
1189 844.966 663.411
1190 873.868 381.207
1191 249.001 514.76
1192 431.976 196.086
1193 816.821 369.945
1194 946.991 290.841
1195 476.816 936.369
1196 332.041 793.512
1197 733.207 451.831
1198 297.668 558.977
1199 881.651 891.14
1200 137.028 361.614
1201 711.312 59.5416
1202 389.661 638.508
1203 915.221 430.311
1204 630.106 49.0738
1205 391.125 778.714
1206 366.574 241.772
1207 4.12 623.28
1208 803.706 973.819
1209 221.839 818.354
1210 591.168 651.509
1211 761.925 746.945
1212 999.366 945.83
1213 198.937 587.699
1214 28.2907 314.375
1215 647.84 430.311
1216 790.606 655.202
1217 823.786 433.367
1218 990.784 306.894
1219 7.99585 274.148
1220 459.151 871.857
1221 516.007 887.208
1222 231.727 262.429
1223 901.702 746.395
