1 515.685 483.925
2 455.747 98.4449
3 50.6043 604.321
4 247.293 539.501
5 598.435 661.539
6 595.042 572.134
7 450.629 231.795
8 770.251 719.092
9 648.997 717.744
10 626.713 281.902
11 229.374 282.219
12 626.282 128.136
13 288.085 615.588
14 230.722 384.46
15 398.598 178.536
16 304.126 718.358
17 188.383 61.1555
18 136.425 193.324
19 345.681 70.5404
20 146.908 431.526
21 119.004 513.191
22 157.818 587.618
23 224.25 178.549
24 117.205 149.709
25 388.198 501.594
26 263.403 744.882
27 512.275 80.3981
28 194.482 118.846
29 676.162 455.969
30 586.024 22.5994
31 344.144 433.417
32 659.33 240.485
33 769.846 347.714
34 342.584 210.071
35 475.403 683.395
36 698.123 756.749
37 183.206 19.8099
38 117.134 628.585
39 555.387 708.487
40 517.447 436.575
41 143.022 128.822
42 659.59 249.572
43 402.794 661.411
44 302.468 320.198
45 417.545 61.1417
46 326.325 342.868
47 403.532 759.808
48 269.491 216.444
49 46.5475 536.925
50 277.131 703.144
51 53.8509 474.668
52 649.574 333.128
53 548.603 685.325
54 653.137 49.251
55 584.062 184.105
56 167.841 762.044
57 633.185 296.166
58 629.831 252.542
59 14.0419 77.585
60 257.508 451.847
61 695.499 58.4133
62 669.33 218.571
63 101.815 357.652
64 579.922 403.29
65 405.159 304.842
66 352.297 602.974
67 351.614 263.51
68 701.68 186.681
69 606.425 642.84
70 352.229 53.0806
71 501.996 259.633
72 626.046 578.625
73 619.387 511.749
74 763.252 398.667
75 429.311 720.165
76 628.15 568.082
77 309.41 493.452
78 448.135 608.151
79 264.763 130.821
80 197.726 365.656
81 179.873 389.849
82 147.115 307.29
83 78.557 497.187
84 114.684 228.736
85 475.131 639.79
86 162.262 417.153
87 486.672 351.317
88 143.847 588.979
89 466.597 540.788
90 96.6974 708.77
91 744.767 533.686
92 1.56021 110.609
93 687.771 437.497
94 95.4958 86.7807
95 492.096 422.888
96 772.174 335.573
97 437.897 703.475
98 280.578 289.717
99 461.68 679.434
100 509.339 53.2934
101 63.2042 336.117
102 389.036 93.4707
103 55.3638 663.477
104 326.036 734.575
105 193.307 526.051
106 651.781 45.6952
107 681.177 313.272
108 613.079 580.408
109 431.634 285.944
110 724.98 702.118
111 394.655 334.263
112 415.536 123.243
113 135.195 167.486
114 543.145 554.641
115 48.0592 354.863
116 312.441 12.066
117 104.766 149.648
118 649.26 476.11
119 77.4549 641.067
120 391.778 198.738
121 82.5729 393.551
122 160.615 555.6
123 493.428 315.55
124 288.191 63.614
125 82.4547 650.57
126 235.146 488.747
127 415.205 651.775
128 233.653 323.814
129 319.488 21.7582
130 38.036 425.994
131 539.265 114.203
132 587.372 430.358
133 568.247 231.535
134 685.005 391.258
135 184.4 36.8875
136 515.797 454.683
137 615.374 162.413
138 27.8237 601.39
139 440.173 240.518
140 684.861 625.28
141 60.6354 463.51
142 573.265 509.749
143 266.208 556.404
144 481.845 524.632
145 101.098 43.0476
146 361.685 492.294
147 344.04 311.868
148 691.007 275.401
149 458.914 107.229
150 562.148 54.7117
151 647.151 483.074
152 369.179 364.295
153 87.9864 119.342
154 155.123 335.492
155 251.856 774.536
156 48.9338 65.9543
157 427.639 399.494
158 54.5364 739.975
159 578.203 219.423
160 416.93 744.078
161 682.757 80.2424
162 229.233 476.171
163 451.56 278.389
164 124.108 303.329
165 466.644 708.794
166 507.683 22.5196
167 452.839 232.944
168 508.794 248.688
169 494.019 33.2234
170 504.87 505.39
171 593.132 456.456
172 435.606 42.7738
173 415.749 333.105
174 50.1395 762.966
175 293.871 44.263
176 666.458 735.26
177 267.458 689.462
178 321.851 599.367
179 689.51 751.889
180 687.733 500.341
181 397.877 548.39
182 567.656 291.286
183 736.241 429.257
184 177.223 49.1328
185 49.3121 621.602
186 556.774 322.703
187 443.289 478.89
188 530.918 748.863
189 131.27 104.26
190 78.5542 542.703
191 683.608 146.447
192 340.625 636.33
193 131.129 59.085
194 297.232 258.295
195 622.015 651.09
196 220.439 512.373
197 368.982 393.608
198 6.3354 737.648
199 417.427 623.682
200 540.267 179.471
201 579.611 92.3222
202 285.849 150.016
203 412.274 167.912
204 218.174 666.28
205 178.358 402.284
206 350.456 266.039
207 420.957 538.831
208 484.329 504.113
209 316.392 467.685
210 424.984 568.744
211 601.295 330.448
212 246.014 82.502
213 712.519 88.4119
214 405.253 441.705
215 274.807 59.4633
216 103.692 567.018
217 102.548 347.44
218 602.783 389.873
219 18.1788 443.549
220 4.3024 327.465
221 685.05 641.695
222 186.343 154.471
223 365.254 508.25
224 587.61 36.0976
225 341.52 126.481
226 530.08 70.7393
227 164.46 136.41
228 69.2402 413.063
229 621.318 168.432
230 218.616 243.592
231 351.827 591.792
232 148.811 196.714
233 533.567 726.216
234 713.512 492.374
235 708.382 659.718
236 111.236 620.813
237 626.826 512.623
238 707.106 124.935
239 671.235 198.714
240 767.942 44.9959
241 552.019 345.941
242 161.306 263.851
243 326.672 558.99
244 385.868 425.015
245 228.051 675.817
246 107.411 218.477
247 257.742 361.907
248 180.228 210.369
249 497.589 647.676
250 194.787 661.87
251 741.931 364.04
252 364.853 218.274
253 319.537 569.203
254 692.596 672.876
255 482.152 406.917
256 127.95 700.591
257 6.31176 518.226
258 598.753 109.39
259 583.593 752.47
260 293.367 654.295
261 656.945 74.8053
262 262.21 384.97
263 149.969 542.787
264 225.048 224.126
265 102.883 367.335
266 402.895 35.5401
267 23.0485 526.783
268 399.147 647.308
269 431.161 320.41
270 699.352 746.854
271 510.493 629.2
272 146.719 159.07
273 85.9559 204.53
274 185.83 393.386
275 446.598 376.28
276 273.241 99.7588
277 683.679 545.482
278 210.832 224.254
279 260.059 366.886
280 456.653 159.141
281 166.615 387.32
282 637.461 0.803744
283 285.282 699.47
284 108.91 178.644
285 65.7284 754.267
286 549.655 419.224
287 351.465 22.1502
288 578.878 75.2683
289 461.633 264.976
290 275.566 641.553
291 756.804 435.724
292 731.527 99.7588
293 178.561 504.832
294 209.802 718.581
295 290.483 110.255
296 171.686 321.498
297 616.976 561.945
298 38.3197 719.115
299 421.057 395.962
300 759.005 472.838
301 291.05 140.726
302 135.472 449.137
303 410.47 748.981
304 457.772 672.71
305 28.6511 173.95
306 709.635 47.1136
307 228.429 753.983
308 510.513 126.164
309 188.475 451.87
310 631.105 38.3532
311 743.135 525.815
312 127.157 145.511
313 28.462 672.507
314 331.474 373.694
315 421.766 525.8
316 617.405 613.834
317 279.204 186.256
318 126.067 292.1
319 346.863 190.96
320 190.831 270.696
321 43.4967 684.483
322 637.109 109.106
323 524.94 374.153
324 325.445 579.452
325 207.13 735.922
326 295.4 68.4837
327 769.786 296.511
328 640.634 751.099
329 463.27 534.537
330 355.881 456.267
331 279.141 128.018
332 498.819 72.1341
333 547.924 621.186
334 272.682 415.806
335 288.331 477.022
336 144.036 747.931
337 505.248 298.567
338 592.359 350.503
339 173.254 282.422
340 195.806 312.714
341 711.739 251.454
342 562.455 539.88
343 475.881 756.654
344 213.158 260.2
345 225.13 634.188
346 279.648 424.093
347 39.4071 106.023
348 266.293 143.61
349 267.367 171.624
350 227.24 0.378233
351 628.663 270.919
352 266.063 97.0974
353 700.274 388.36
354 31.9134 35.3037
355 675.691 377.524
356 364.167 8.28367
357 711.709 340.206
358 2.86038 264.778
359 22.3157 316.496
360 759.494 670.002
361 370.84 454.362
362 161.248 678.431
363 121.543 212.671
364 591.327 455.804
365 493.523 576.356
366 330.481 88.0907
367 217.957 461.822
368 631.838 426.386
369 489.697 145.525
370 469.398 18.4014
371 661.221 0.52007
372 628.884 395.466
373 572.269 597.088
374 685.256 142.816
375 634.201 605.655
376 767.436 593.778
377 644.177 95.3244
378 559.385 364.673
379 14.2074 461.231
380 547.704 318.496
381 699.423 136.566
382 445.357 566.768
383 65.1978 750.14
384 235.355 521.687
385 171.221 17.4322
386 93.9435 245.118
387 238.028 688.564
388 493.622 365.988
389 647.747 273.448
390 754.889 402.038
391 700.04 674.365
392 438.463 414.009
393 301.877 166.47
394 30.164 272.422
395 55.5686 120.751
396 612.791 524.112
397 716.633 168.3
398 685.263 10.0941
399 496.832 202.742
400 231.765 615.952
401 239.035 602.014
402 542.513 765.992
403 80.4807 245.53
404 27.0673 297.48
405 415.252 247.719
406 516.193 470.97
407 322.018 226.595
408 101.276 19.2761
409 58.3252 92.8561
410 686.875 421.848
411 522.103 132.76
412 336.012 550.659
413 714.686 35.9656
414 585.576 773.945
415 547.103 668.3
416 88.9765 338.282
417 608.363 227.304
418 634.036 215.886
419 102.005 526.571
420 165.808 428.713
421 649.402 27.8099
422 630.986 624.013
423 739.823 614.685
424 328.27 416.387
425 551.158 333.885
426 89.121 85.514
427 219.777 653.491
428 562.702 734.159
429 3.35681 283.225
430 67.4672 477.519
431 509.077 232.14
432 274.029 666.328
433 566.451 150.428
434 222.856 570.422
435 643.736 99.4141
436 475.202 160.985
437 390.572 652.475
438 38.581 562.323
439 114.126 585.277
440 348.213 747.705
441 156.699 608.184
442 563.309 97.324
443 0.0945581 50.3049
444 622.193 523.663
445 179.055 726.24
446 63.283 327.502
447 125.55 643.445
448 658.03 209.352
449 308.094 526.179
450 634.808 110.714
451 196.657 651.09
452 66.6399 95.1255
453 413.642 618.103
454 412.439 597.806
455 757.097 728.226
456 738.596 602.099
457 43.1658 552.939
458 148.858 735.733
459 711.739 469.727
460 712.724 349.78
461 238.719 359.439
462 473.843 295.518
463 713.583 285.187
464 360.227 570.398
465 713.583 678.181
466 148.785 768.106
467 300.908 261.321
468 6.3354 387.452
469 356.082 683.183
470 152.404 76.5212
471 650.59 596.364
472 686.752 512.316
473 707.271 312.231
474 310.458 675.58
475 633.729 165.818
476 232.69 254.111
477 692.851 591.495
478 469.741 1.0165
479 163.822 480.426
480 705.599 483.027
481 423.928 198.653
482 286.464 437.365
483 303.153 244.787
484 124.052 630.49
485 565.789 696.029
486 765.838 208.794
487 490.879 492.624
488 736.041 129.072
489 200.014 314.973
490 56.1937 446.905
491 558.862 58.366
492 5.72077 683.372
493 283.249 240.897
494 574.007 188.194
495 687.227 406.506
496 369.25 105.811
497 519.975 493.452
498 94.9172 153.137
499 664.481 707.555
500 426.185 711.584
501 158.307 706.042
502 773.01 233.45
503 224.93 342.074
504 403.179 63.6947
505 86.4025 167.817
506 161.752 235.142
507 379.657 416.42
508 460.616 598.421
509 401.754 306.487
510 86.5153 137.45
511 53.2519 654.234
512 220.675 82.2754
513 324.099 739.194
514 774.386 569.736
515 645.924 119.531
516 295.116 182.426
517 450.144 563.827
518 224.115 541.166
519 758.595 367.902
520 531.132 737.658
521 617.155 504.052
522 701.34 557.846
523 438.289 614.401
524 625.882 128.538
525 511.575 124.023
526 675.949 629.521
527 625.377 262.03
528 506.335 599.38
529 135.951 226.987
530 636.944 606.898
531 239.769 634.509
532 530.448 447.104
533 687.629 260.579
534 11.7488 140.821
535 29.5731 209.919
536 646.595 463.061
537 329.582 9.39473
538 326.568 274.039
539 180.819 513.413
540 515.673 290.209
541 362.276 142.296
542 200.37 93.2678
543 279.798 58.0922
544 439.908 584.252
545 170.245 576.034
546 545.683 514.538
547 523.709 379.864
548 229.398 576.744
549 294.218 109.83
550 361.332 691.173
551 773.776 699.73
552 261.001 432.934
553 36.6806 704.657
554 619.319 562.195
555 304.484 24.0512
556 63.7715 48.1163
557 223.822 106.577
558 192.095 723.015
559 538.69 149.236
560 4.98794 735.105
561 663.432 765.874
562 542.917 554.678
563 182.542 26.7462
564 613.804 750.494
565 394.996 372.782
566 711.645 273.141
567 404.408 182.497
568 616.166 369.368
569 301.097 67.1225
570 551.631 686.279
571 535.896 53.5672
572 768.59 681.173
573 560.622 265.742
574 613.02 76.6867
575 174.026 214.326
576 626.533 623.044
577 534.553 677.887
578 84.703 355.089
579 651.059 706.113
580 74.63 11.1913
581 401.932 445.473
582 439.416 416.789
583 344.369 402.615
584 209.99 301.508
585 204.34 422.273
586 3.2859 515.659
587 105.235 61.6617
588 3.47501 183.277
589 425.559 27.739
590 372.013 768.886
591 123.824 584.899
592 301.996 249.336
593 372.415 36.8777
594 380.857 389.731
595 670.376 149.662
596 542.011 223.914
597 313.996 447.993
598 461.029 522.467
599 405.323 188.772
600 301.782 121.578
601 676.637 11.7252
602 633.079 232.211
603 245.154 460.153
604 63.8766 754.229
605 445.227 317.583
606 328.094 380.384
607 685.476 766.323
608 760.841 179.211
609 148.358 61.581
610 9.40854 718.132
611 616.384 359.203
612 146.069 635.228
613 736.442 625.961
614 757.81 558.839
615 3.1677 432.07
616 452.934 402.652
617 713.122 289.939
618 562.453 391.471
619 127.329 759.312
620 366.132 625.985
621 701.08 109.995
622 266.607 470.72
623 458.702 221.039
624 638.504 503.475
625 687.604 284.63
626 320.578 587.121
627 62.118 407.806
628 328.18 204.293
629 9.07758 404.506
630 755.677 22.0557
631 184.144 155.926
632 167.793 353.563
633 672.24 446.693
634 7.16278 11.1677
635 416.606 773.188
636 702.711 465.354
637 572.951 584.818
638 688.974 301.901
639 463.902 600.113
640 594.957 179.859
641 606.307 379.982
642 139.205 589.05
643 206.56 295.447
644 352.915 307.361
645 150.277 313.045
646 42.6286 478.393
647 320.812 133.398
648 185.884 480.223
649 2.83674 663.193
650 759.63 343.8
651 765.644 242.423
652 352.136 713.782
653 76.0484 316.189
654 392.112 570.304
655 215.926 433.644
656 271.287 35.0436
657 287.6 183.429
658 703.631 737.894
659 732.647 484.148
660 227.555 369.604
661 643.397 763.023
662 560.99 708.831
663 378.185 471.231
664 743.201 747.553
665 180.133 332.689
666 91.3195 415.016
667 437.876 88.6817
668 692.671 726.608
669 222.284 41.5824
670 771.568 626.684
671 173.596 70.8339
672 772.357 452.035
673 108.553 664.943
674 161.191 432.013
675 376.768 638.159
676 584.418 348.717
677 693.018 68.2099
678 769.208 418.467
679 291.553 718.273
680 542.835 436.727
681 416.127 488.875
682 482.953 421.999
683 481.396 718.084
684 674.003 643.799
685 228.145 10.4822
686 208.855 160.097
687 367.067 724.112
688 51.2505 246.773
689 357.607 362.688
690 466.81 98.9315
691 179.1 442.769
692 286.73 737.752
693 443.005 9.70205
694 119.947 504.94
695 159.803 611.565
696 52.0543 563.033
697 217.436 393.183
698 365.503 290.672
699 349.37 181.835
700 72.5326 682.743
701 272.263 241.383
702 583.826 614.652
703 567.089 741.889
704 481.146 551.662
705 6.14628 629.474
706 563.165 8.59099
707 172.741 279.372
708 254.339 61.0846
709 556.434 457.165
710 507.424 292.029
711 668.929 76.8521
712 209.541 548.201
713 527.306 171.032
714 766.877 529.242
715 189.765 255.26
716 496.621 281.037
717 98.2932 26.3344
718 437.804 724.491
719 251.692 762.162
720 568.854 725.294
721 651.127 723.687
722 226.609 533.176
723 248.671 718.203
724 704.009 0.378233
725 634.054 605.749
726 433.549 530.576
727 72.618 386.493
728 456.553 632.712
729 50.2734 174.814
730 542.278 141.033
731 256.914 321.673
732 261.303 213.772
733 147.797 488.795
734 204.152 558.626
735 383.906 695.225
736 523.308 0.0709186
737 27.6832 340.277
738 189.945 243.771
739 324.974 689.707
740 11.5597 344.357
741 272.296 632.58
742 531.771 538.093
743 494.255 324.581
744 596.851 166.304
745 600.962 329.606
746 376.98 252.078
747 197.661 364.39
748 774.565 177.472
749 230.043 187.532
750 146.352 462.271
751 5.3189 73.4106
752 738.491 418.737
753 308.118 52.8915
754 385.206 44.2158
