1 701.193 470.691
2 381.909 568.896
3 50.9603 101.932
4 532.548 979.034
5 396.741 847.886
6 280.557 879.059
7 818.287 424.181
8 806.299 903.718
9 447.632 200.14
10 692.19 116.341
11 527.184 848.588
12 873.282 324.412
13 476.131 316.725
14 230.535 850.002
15 921.471 342.3
16 443.19 587.207
17 270.281 178.503
18 596.057 524.756
19 342.866 821.914
20 293.818 551.291
21 165.624 463.397
22 37.2566 746.025
23 151.067 907.838
24 883.787 94.8515
25 75.3502 362.794
26 617.878 697.409
27 829.373 957.183
28 652.9 33.1473
29 424.39 89.3623
30 608.903 105.34
31 792.566 532.888
32 979.487 517.228
33 551.069 729.301
34 760.796 292.127
35 805.886 640.726
36 228.155 77.8589
37 796.824 19.8717
38 94.6554 643.971
39 514.817 968.753
40 131.711 892.178
41 303.432 241.157
42 354.045 277.173
43 320.414 344.574
44 751.305 379.624
45 20.4169 820.46
46 719.321 989.888
47 157.964 675.106
48 682.09 507.832
49 939.851 728.568
50 918.375 831.115
51 856.838 804.381
52 458.688 534.231
53 382.122 954.165
54 534.898 444.96
55 265.084 319.468
56 291.164 631.341
57 659.81 264.447
58 792.591 815.642
59 782.039 297.555
60 106.421 336.288
61 254.902 695.059
62 892.972 653.157
63 142.582 552.141
64 344.462 510.992
65 712.571 169.713
66 308.206 552.115
67 435.266 732.078
68 62.2272 194.621
69 199.042 100.864
70 588.824 585.243
71 120.827 593.819
72 475.008 55.7268
73 337.504 561.876
74 365.666 517.075
75 153.203 815.882
76 921.171 141
77 599.536 489.273
78 105.35 412.92
79 577.715 646.138
80 771.343 579.276
81 605.914 778.837
82 407.141 103.916
83 311.398 985.036
84 548.509 263.409
85 508.896 809.355
86 708.345 854.278
87 153.233 542.959
88 207.617 155.116
89 514.377 906.587
90 315.592 160.776
91 524.485 579.492
92 516.047 339.244
93 938.919 106.3
94 485.488 482.624
95 215.003 356.67
96 123.997 100.534
97 599.93 75.0349
98 736.564 605.156
99 187.689 228.862
100 264.674 403.638
101 673.599 635.273
102 742.525 716.33
103 333.72 922.9
104 357.433 490.585
105 824.138 799.437
106 103.535 830.504
107 972.289 554.617
108 353.467 778.684
109 880.209 761.777
110 896.42 535.508
111 695.114 399.976
112 663.015 932.162
113 416.826 461.719
114 514.451 350.566
115 514.765 137.211
116 250.069 46.9375
117 285.012 826.807
118 718.24 270.516
119 197.76 281.564
120 549.852 615.379
121 474.396 930.479
122 575.306 873.566
123 672.628 939.451
124 33.3944 325.785
125 84.2213 876.614
126 625.324 204.871
127 266.549 411.084
128 379.589 22.6184
129 415.473 580.37
130 13.0619 809.473
131 55.8184 22.9804
132 414.258 103.157
133 140.818 61.6169
134 852.362 585.854
135 873.498 204.525
136 719.352 166.3
137 250.404 258.766
138 796.153 655.725
139 963.86 771.848
140 985.994 789.152
141 739.006 400.678
142 171.27 782.194
143 569.821 513.264
144 112.783 441.267
145 745.547 698.725
146 639.576 467.086
147 449.812 417.178
148 934.517 889.981
149 279.094 398.912
150 859.92 315.399
151 330.424 196.177
152 263.605 845.733
153 379.376 782.525
154 934.827 810.175
155 861.385 425.463
156 771.966 341.136
157 178.862 42.8216
158 724.815 671.306
159 878.719 501.938
160 56.3843 764.428
161 845.318 665.944
162 467.286 874.386
163 643.178 677.816
164 74.528 626.881
165 866.536 887.757
166 120.945 726.253
167 522.08 558.875
168 147.116 787.255
169 101.899 82.2779
170 790.119 451.582
171 910.611 723.659
172 128.18 269.601
173 235.45 485.157
174 398.663 704.266
175 211.31 726.955
176 250.933 422.681
177 620.075 887.387
178 530.728 115.665
179 123.386 749.569
180 588.136 289.946
181 331.034 166.692
182 524.597 163.03
183 611.957 820.429
184 445.391 174.932
185 541.004 746.151
186 484.819 443.037
187 267.464 126.32
188 690.598 312.571
189 70.5795 285.094
190 823.817 544.332
191 109.287 315.073
192 87.1303 141.057
193 335.149 148.202
194 591.021 563.738
195 291.879 790.8
196 172.063 88.2637
197 637.318 627.617
198 197.211 985.783
199 839.093 845.698
200 733.975 969.024
201 345.851 87.7712
202 817.764 841.69
203 965.056 826.289
204 701.141 437.792
205 862.58 43.3058
206 480.462 223.853
207 279.55 938.963
208 422.836 709.586
209 798.12 109.23
210 720.45 514.272
211 153.991 390.702
212 344.005 149.087
213 169.793 947.756
214 736.733 621.21
215 492.555 41.1431
216 903.067 391.282
217 416.822 689.265
218 806.53 361.797
219 118.87 431.043
220 503.494 907.407
221 154.82 591.998
222 763.933 991.119
223 537.767 754.936
224 479.598 198.126
225 162.376 396.466
226 802.362 321.974
227 618.397 187.078
228 750.109 263.501
229 102.206 701.254
230 178.991 610.645
231 254.198 574.088
232 60.016 857.422
233 268.74 197.668
234 499.65 701.869
235 363.445 862.335
236 261.135 347.911
237 825.188 222.755
238 671.47 362.529
239 743.982 940.428
240 614.002 464.618
241 582.385 552.477
242 419.152 226.997
243 978.258 527.146
244 175.951 205.573
245 787.799 58.5955
246 309.061 958.743
247 346.629 621.91
248 809.32 245.922
249 885.25 391.858
250 885.678 908.235
251 666.925 136.926
252 952.454 439.802
253 955.412 721.488
254 968.377 552.293
255 86.2453 415.632
256 945.428 849.666
257 169.661 279.214
258 427.063 658.014
259 647.195 177.923
260 525.956 244.972
261 322.149 13.6459
262 193.701 782.464
263 576.525 292.917
264 796.629 476.241
265 232.99 634.144
266 45.6252 470.443
267 900.443 573.264
268 346.263 428.026
269 119.907 830.378
270 408.246 193.461
271 311.885 526.967
272 319.507 46.5144
273 572.223 654.138
274 528.489 772.515
275 944.847 464.343
276 398.48 648.797
277 423.414 865.505
278 330.515 481.552
279 636.282 121.529
280 7.29392 454.181
281 296.335 840.51
282 170.11 884.335
283 979.771 352.794
284 617.788 341.227
285 295.328 744.072
286 578.977 896.333
287 317.148 364.177
288 748.619 740.257
289 261.391 310.805
290 270.547 442.095
291 808.223 440.87
292 593.066 731.915
293 695.824 746.269
294 686.941 247.051
295 940.682 270.089
296 427.351 272.046
297 933.927 188.849
298 376.494 976.383
299 711.034 389.498
300 607.472 857.971
301 384.825 658.925
302 482.08 362.503
303 592.059 720.729
304 238.051 922.154
305 134.46 149.51
306 784.326 142.46
307 383.765 381.791
308 629.994 980.499
309 148.808 643.056
310 584.948 863.765
311 635.442 273.114
312 379.774 251.66
313 514.908 426.5
314 687.613 187.933
315 312.326 24.9947
316 826.38 383.211
317 415.902 902.676
318 184.455 935.427
319 867.916 749.569
320 412.915 388.139
321 975.609 323.989
322 664.052 871.487
323 932.646 14.3437
324 284.914 708.125
325 403.546 246.559
326 489.686 252.636
327 808.008 488.209
328 346.57 110.813
329 137.441 223.827
330 444.987 479.633
331 705.741 34.0323
332 89.3582 160.71
333 876.417 69.0634
334 929.38 70.7766
335 604.755 735.191
336 710.196 660.136
337 692.97 676.02
338 575.488 445.875
339 641.905 946.379
340 96.8963 615.182
341 172.185 677.297
342 468.849 572.375
343 405.408 507.797
344 358.348 133.03
345 174.071 478.016
346 293.558 542.09
347 373.833 723.93
348 309.147 474.018
349 537.069 364.208
350 955.328 482.016
351 271.981 406.968
352 762.23 386.425
353 865.932 999.974
354 637.413 587.115
355 591.256 532.395
356 263.155 762.81
357 313.822 723.323
358 769.849 884.335
359 10.9256 569.445
360 566.96 949.756
361 793.542 57.1612
362 737.968 956.603
363 64.3579 496.933
364 572.619 308.206
365 431.593 563.225
366 127.83 669.672
367 939.726 336.222
368 469.4 918.337
369 806.665 868.038
370 576.72 990.173
371 754.357 83.808
372 448.532 413.77
373 343.333 61.5558
374 334.574 5.64592
375 260.052 231.208
376 552.326 330.092
377 548.16 969.634
378 45.7778 751.828
379 59.8163 989.599
380 426.262 936.186
381 277.23 936.939
382 191.135 323.771
383 3.20444 935.213
384 340.699 685.771
385 725.923 733.879
386 468.795 656.484
387 87.7582 515.905
388 201.263 947.813
389 810.327 272.199
390 426.801 641.713
391 82.4397 121.285
392 392.976 79.9321
393 537.238 211.127
394 221.924 378.037
395 482.864 431.043
396 89.2705 310.302
397 541.704 840.052
398 77.3662 224.437
399 691.048 564.806
400 975.069 406.812
401 668.874 791.498
402 492.172 244.596
403 322.153 430.799
404 816.614 171.457
405 188.24 740.745
406 261.025 856.868
407 557.207 88.0358
408 237.872 174.478
409 138.096 358.78
410 523.453 147.256
411 218.652 864.315
412 626.935 242.134
413 354.045 319.193
414 374.555 991.363
415 595.661 624.199
416 715.005 779.778
417 575.032 492.538
418 757.408 547.171
419 685.158 418.989
420 542.375 164.953
421 63.3259 771.359
422 877.285 965.762
423 829.615 866.303
424 958.509 749.809
425 964.249 177.042
426 283.054 828.795
427 106.357 259.56
428 717.338 21.3224
429 476.577 933.901
430 31.5256 534.989
431 547.68 529.771
432 487.994 398.759
433 935.486 487.655
434 801.57 628.502
435 891.995 582.415
436 788.965 715.985
437 212.784 60.0035
438 200.781 815.872
439 864.254 181.803
440 504.374 185.252
441 408.734 134.556
442 902.78 6.74459
443 115.691 12.6347
444 368.908 800.627
445 571.856 374.71
446 12.3905 398.12
447 399.206 37.9692
448 295.484 972.995
449 153.573 529.425
450 804.254 502.4
451 640.736 220.252
452 471.664 67.2323
453 68.3615 921.968
454 503.748 318.918
455 690.583 71.0776
456 889.34 869.442
457 962.32 954.517
458 591.51 476.913
459 945.656 151.189
460 844.22 691.824
461 662.282 518.448
462 632.008 331.736
463 299.205 926.546
464 725.852 210.944
465 551.439 148.595
466 482.618 482.711
467 286.569 208.446
468 703.063 858.516
469 377.575 210.669
470 748.606 79.1244
471 573.116 31.4077
472 668.632 45.5031
473 635.65 919.095
474 923.319 22.9846
475 313.87 607.99
476 695.547 42.6649
477 454.682 971.923
478 245.064 658.563
479 759.46 118.931
480 31.1594 962.711
481 115.39 176.122
482 628.895 616.356
483 942.887 249.855
484 929.075 594.44
485 897.732 916.257
486 590.453 884.095
487 967.919 701.01
488 879.706 612.938
489 314.47 484.024
490 965.433 303.633
491 507.92 793.607
492 539.683 136.239
493 444.075 453.413
494 764.665 857.696
495 75.1615 733.517
496 412.854 631.876
497 852.718 695.883
498 888.256 122.532
499 400.48 749.413
500 240.394 904.172
501 727.495 452.136
502 135.322 925.108
503 195.23 8.36622
504 89.3277 774.926
505 229.999 123.203
506 587.957 390.993
507 50.128 59.9425
508 641.804 845.764
509 419.303 361.644
510 913.053 639.424
511 636.006 903.47
512 439.544 997.38
513 499.435 29.4504
514 313.12 795.801
515 240.152 748.776
516 310.434 49.2264
517 779.532 684.947
518 821.924 623.951
519 551.775 55.3952
520 420.976 471.24
521 307.688 643.33
522 752.723 597.146
523 941.277 987.217
524 243.007 292.032
525 991.201 239.377
526 41.4376 19.1046
527 827.784 598.625
528 320.841 572.802
529 507.958 967.396
530 110.219 480.239
531 474.902 610.435
532 781.976 558.096
533 42.0332 655.995
534 768.914 260.419
535 706.107 818.11
536 734.736 540.33
537 670.689 808.374
538 405.744 805.933
539 511.037 821.039
540 346.995 348.552
541 821.894 445.326
542 375.378 122.841
543 658.04 347.392
544 260.34 471.21
545 569.629 853.572
546 66.2501 684.748
547 244.746 575.854
548 257.698 152.257
549 913.358 50.7523
550 587.451 927.671
551 768.456 856.75
552 154.18 850.052
553 193.945 661.798
554 400.698 875.484
555 190.158 502.945
556 546.001 415.697
557 155.95 249.249
558 875.975 969.604
559 34.7301 40.9905
560 487.923 146.092
561 366.699 293.497
562 981.957 780.942
563 887.951 717.49
564 930.601 697.169
565 918.302 42.4818
566 200.676 409.009
567 172.826 485.397
568 726.334 400.285
569 580.981 391.156
570 973.627 333.877
571 243.782 375.408
572 430.525 784.635
573 172.189 692.007
574 714.56 179.758
575 829.676 940.554
576 411.603 286.97
577 43.0006 778.253
578 857.136 399.335
579 124.332 962.497
580 486.81 295.175
581 204.531 759.976
582 85.4 558.584
583 984.017 90.2738
584 612.887 205.624
585 28.6874 350.139
586 265.64 952.228
587 834.378 571.494
588 999.071 791.498
589 920.549 687.617
590 790.246 777.306
591 532.243 474.018
592 232.307 189.337
593 811.031 25.4524
594 762.139 327.464
595 966.491 884.854
596 137.739 497.7
597 25.2998 204.108
598 61.4338 382.126
599 919.984 783.766
600 576.489 630.757
601 699.881 760.556
602 643.459 662.282
603 938.78 624.409
604 7.90429 483.779
605 142.918 304.788
606 728.417 961.581
607 976.311 282.88
608 75.4352 430.681
609 556.23 698.263
610 23.1941 225.898
611 432.386 944.456
612 526.713 254.097
613 526.25 758.965
614 97.7081 709.895
615 381.964 285.348
616 25.7271 796.258
617 168.593 423.479
618 484.683 222.881
619 813.898 174.322
620 67.5375 604.362
621 892.331 860.652
622 920.042 419.935
623 632.038 999.455
624 68.2089 336.65
625 735.099 773.893
626 60.7929 864.41
627 627.03 696.744
628 580.663 827.819
629 395.001 3.69274
630 771.691 905.24
631 733.546 772.949
632 60.4877 894.955
633 909.652 210.395
634 816.828 155.156
635 98.7553 522.233
636 190.771 730.033
637 50.6089 136.056
638 861.802 513.067
639 872.901 918.485
640 338.559 176.092
641 772.631 98.1822
642 390.637 661.245
643 22.5532 906.735
644 164.878 888.703
645 23.7739 175.787
646 612.533 906.892
647 887.6 621.666
648 997.118 933.215
649 257.922 333.968
650 858.991 649.129
651 29.5659 317.183
652 224.342 509.191
653 395.978 793.664
654 110.445 299.179
655 304.941 642.236
656 132.941 460.738
657 746.904 374.894
658 87.4382 261.214
659 687.82 113.93
660 58.0942 951.754
661 189.001 710.288
662 139.31 816.126
663 473.434 640.13
664 240.12 36.1686
665 241.084 527.456
666 504.42 713.614
667 304.941 316.07
668 322.376 21.9775
669 885.192 442.86
670 564.653 325.785
671 841.853 763.634
672 582.189 487.965
673 587.293 563.677
674 727.927 841.09
675 301.92 901.399
676 957.549 512.868
677 540.941 676.687
678 541.798 600.883
679 164.586 19.8107
680 964.815 569.663
681 994.493 126.931
682 861.66 116.86
683 451.568 242.504
684 756.584 875.637
685 387.31 173.593
686 266.987 995.152
687 614.368 754.696
688 94.4548 623.772
689 400.739 39.0678
690 988.665 580.893
691 595.351 19.2308
692 373.845 689.906
693 555.362 391.949
694 786.739 207.866
695 722.221 538.245
696 52.7055 1.92267
697 230.781 450.213
698 521.556 674.886
699 132.535 250.531
700 417.601 304.518
701 260.478 872.768
702 752.007 950.289
703 338.572 408.083
704 192.907 264.443
705 294.83 634.449
706 280.438 228.787
707 362.646 702.75
708 685.318 914.457
709 231.483 127.75
710 618.17 222.348
711 947.172 977.294
712 549.198 312.483
713 394.026 641.168
714 620.136 168.07
715 687.148 147.425
716 744.835 430.433
717 619.037 345.286
718 679.983 835.021
719 519.913 10.4415
720 426.618 371.14
721 168.185 726.341
722 27.8634 418.779
723 306.223 597.308
724 215.371 399.522
725 888.288 88.9351
726 380.293 633.08
727 957.155 76.8456
728 367.254 409.986
729 755.791 497.883
730 946.593 213.786
731 246.965 118.813
732 28.7484 615.711
733 799.606 316.406
734 429.151 105.838
735 775.927 327.346
736 120.365 200.175
737 5.34074 293.623
738 527.482 430.586
739 706.643 665.019
740 519.717 288.909
741 906.919 382.336
742 797.534 103.488
743 486.038 773.675
744 478.327 756.741
745 416.678 149.602
746 918.892 949.649
747 148.869 369.797
748 11.8107 150.46
749 133.885 450.488
750 808.536 120.949
751 377.911 563.834
752 769.89 932.646
753 541.477 293.466
754 822.626 812.738
755 534.156 263.039
756 865.078 413.469
757 373.974 718.284
758 879.581 623.025
759 692.343 490.463
760 453.352 463.637
761 69.6432 241.161
762 803.615 730.766
763 839.803 523.61
764 227.119 334.513
765 421.936 933.932
766 29.2062 460.467
767 585.616 39.0332
768 20.4169 839.629
769 100.865 761.502
770 656.111 800.474
771 168.221 812.285
772 640.492 290.75
773 277.598 454.451
774 905.637 174.383
775 585.767 123.543
776 967.315 176.672
777 308.267 588.153
778 487.564 109.535
779 224.595 166.086
780 203.253 215.892
781 763.995 345.683
782 675.286 287.794
783 558.092 751.553
784 116.788 961.669
785 692.109 89.5149
786 931.487 130.013
787 927.894 34.4901
788 99.6429 530.198
789 744.165 909.09
790 183.182 573.752
791 167.785 239.697
792 861.08 643.09
793 942.559 238.567
794 370.007 836.116
795 82.2474 100.986
796 50.2945 100.715
797 658.559 7.62963
798 352.306 451.068
799 706.809 874.355
800 919.12 545.854
801 356.426 765.591
802 490.283 547.722
803 186.499 433.241
804 706.805 97.9075
805 319.224 218.456
806 693.716 527.242
807 597.665 222.48
808 988.999 490.066
809 381.606 532.823
810 94.2412 115.055
811 666.548 759.941
812 673.782 603.477
813 880.392 295.633
814 991.1 836.085
815 98.1475 651.224
816 668.418 33.6314
817 743.426 477.187
818 642.615 543.504
819 850.218 185.278
820 765.032 858.119
821 230.28 251.686
822 524.402 704.337
823 970.432 149.972
824 935.241 286.203
825 219.979 623.31
826 9.82696 199.748
827 18.6468 370.59
828 619.678 196.94
829 142.277 968.505
830 263.331 38.8195
831 949.095 225.536
832 883.511 259.407
833 892.997 455.489
834 315.646 579.49
835 780.826 568.747
836 692.19 145.299
837 42.787 480.85
838 160.833 13.8249
839 20.1117 719.264
840 734.543 438.189
841 935.575 687.495
842 83.3766 686.61
843 544.651 853.999
844 172.155 805.357
845 0.518815 973.571
846 993.6 851.833
847 878.996 232.616
848 830.357 295.877
849 639.792 434.431
850 484.939 750.511
851 386.761 53.32
852 758.972 296.494
853 8.54518 594.989
854 356.626 690.97
855 72.573 411.668
856 470.382 988.956
857 272.256 773.038
858 444.008 980.529
859 579.699 134.041
860 39.3013 674.677
861 225.196 801.909
862 694.306 576.098
863 875.54 27.3751
864 586.322 642.327
865 829.021 980.071
866 263.758 961.032
867 339.549 989.461
868 342.808 325.728
869 479.72 60.2172
870 540.849 586.434
871 415.641 693.415
872 400.698 775.954
873 826.136 837.184
874 714.164 548.814
875 724.778 608.604
876 915.923 47.3994
877 995.775 133.549
878 813.963 281.507
879 412.711 393.846
880 899.466 534.963
881 667.564 239.361
882 784.722 752.403
883 922.086 822.199
884 176.489 386.613
885 575.06 362.137
886 138.737 936.892
887 485.36 520.65
888 61.8 440.142
889 930.479 365.673
890 245.767 602.557
891 641.621 249.829
892 521.317 959.323
893 710.654 0.0915555
894 683.004 67.2364
895 156.652 836.604
896 862.789 785.302
897 122.983 880.188
898 778.863 768.242
899 35.9674 971.012
900 560.32 468.642
901 216.836 473.525
902 724.602 702.109
903 325.449 394.822
904 230.287 644.52
905 589.984 931.669
906 805.384 816.034
907 532.701 764.336
908 875.271 192.759
909 939.543 933.439
910 609.596 64.1541
911 438.843 899.14
912 68.2634 239.692
913 253.497 307.505
914 294.398 166.875
915 663.442 408.887
916 531.999 710.776
917 122.868 347.138
918 824.543 361.496
919 616.718 527.604
920 618.152 24.1443
921 988.069 452.651
922 24.2012 348.603
923 79.2593 160.924
924 375.408 681.605
925 54.0483 316.66
926 988.875 315.795
927 782.779 785.886
928 826.228 363.13
929 773.104 918.332
930 123.823 566.214
931 59.5896 858.058
932 610.706 176.798
933 889.036 707.389
934 397.392 870.453
935 327.616 260.235
936 443.434 857.513
937 11.6886 435.686
938 714.805 34.547
939 663.045 538.32
940 185.149 663.019
941 501.909 426.226
942 64.8213 795.835
943 532.396 917.753
944 908.972 343.638
945 921.935 591.449
946 493.753 26.4637
947 147.008 270.673
948 99.973 132.058
949 342.967 806.33
950 615.04 103.397
951 828.272 648.187
952 80.2118 742.947
953 420.974 61.3117
954 545.994 521.653
955 584.643 845.825
956 939.634 896.97
957 737.809 411.302
958 252.571 258.374
959 276.514 73.1529
960 738.619 335.647
961 338.193 100.406
962 542.814 829.798
963 737.718 815.337
964 163.336 152.196
965 89.3582 903.958
966 924.314 438.128
967 90.8536 652.913
968 906.02 518.204
969 920.234 613.182
970 336.484 354.137
971 740.745 617.882
972 41.9324 991.15
973 284.829 279.554
974 80.9831 689.871
975 334.69 858.547
976 943.047 323.897
977 531.236 670.008
978 728.05 385.968
979 285.723 578.478
980 412.976 613.788
981 609.105 499.741
982 254.837 104.485
983 18.189 605.487
984 694.571 629.109
985 369.305 950.316
986 855.665 740.684
987 709.391 307.997
988 857.631 837.397
989 940.092 743.954
990 805.614 608.264
991 823.695 88.4773
992 344.92 205.668
993 998.878 921.435
994 913.266 670.736
995 628.103 417.894
996 493.271 151.982
997 537.553 457.442
998 279.946 425.459
999 615.65 880.402
1000 500.742 896.272
1001 67.1037 561.083
1002 214.05 203.227
1003 525.193 622.211
1004 673.177 35.8187
1005 350.713 887.482
1006 630.911 409.41
1007 654.5 509.69
1008 262.703 231.88
1009 225.961 946.841
1010 939.879 399.98
1011 629.773 986.179
1012 253.413 937.838
1013 941.864 210.185
1014 701.254 133.915
1015 397.626 748.562
1016 999.905 160.405
1017 161.931 762.566
1018 933.103 9.00711
1019 689.047 649.682
1020 438.476 524.129
1021 750.901 363.693
1022 473.435 162.332
1023 538.005 621.3
1024 2.19733 580.676
1025 92.4266 868.221
1026 212.165 240.486
1027 848.126 809.141
1028 582.385 907.468
1029 281.979 20.0507
1030 814.264 272.469
1031 322.703 552.385
1032 950.707 880.703
1033 556.627 603.904
1034 848.691 708.243
1035 803.531 904.084
1036 782.588 966.185
1037 864.101 581.84
1038 800.653 989.898
1039 830.897 740.292
1040 374.065 596.977
1041 899.962 158.639
1042 188.421 140.42
1043 855.924 466.994
1044 479.843 583.85
1045 87.2829 1.00711
1046 552.056 809.656
1047 887.356 932.707
1048 323.407 760.709
1049 270.791 856.537
1050 992.532 713.218
1051 889.035 85.3908
1052 923.477 371.414
1053 559.648 772.485
1054 756.035 148.412
1055 298.196 990.722
1056 615.619 433.581
1057 567.12 720.878
1058 844.648 212.897
1059 934.446 373.852
1060 956.542 262.555
1061 977.585 870.88
1062 962.523 635.792
1063 186.987 832.108
1064 807.703 909.757
1065 708.518 336.924
1066 939.238 975.376
1067 458.388 326.975
1068 686.089 854.488
1069 481.368 673.853
1070 306.65 659.108
1071 55.7268 52.2071
1072 325.571 762.261
1073 355.663 87.0693
1074 812.677 120.033
1075 723.624 892.666
1076 109.989 460.315
1077 752.786 917.635
1078 359.517 47.3994
1079 750.267 696.925
1080 844.67 364.422
1081 991.519 987.579
1082 783.419 136.54
1083 686.714 200.755
1084 366.985 513.047
1085 925.291 604.694
1086 546.556 375.718
1087 244.618 591.88
1088 553.606 400.8
1089 816.462 396.165
1090 884.091 227.459
1091 426.606 123.081
1092 386.664 243.084
1093 413.892 432.635
1094 725.761 413.739
1095 665.761 177.801
1096 313.822 937.777
1097 44.7336 868.435
1098 261.33 63.6963
1099 655.232 953.307
1100 879.879 624.744
1101 68.9357 263.527
1102 112.409 627.857
1103 454.017 331.893
1104 815.243 595.695
1105 152.074 494.827
1106 416.364 632.282
1107 220.025 187.51
1108 95.7837 607.349
1109 946.379 811.701
1110 528.184 350.051
1111 44.7096 840.693
1112 306.467 260.323
1113 516.77 189.158
1114 9.43022 787.866
1115 167.969 543.382
1116 5.49333 777.306
1117 702.072 826.476
1118 680.465 118.046
1119 130.192 479.354
1120 260.82 413.892
1121 629.156 807.036
1122 168.472 710.013
1123 812.274 88.229
1124 154.25 776.7
1125 478.342 502.396
1126 944.304 262.581
1127 557.024 271.588
1128 270.089 190.619
1129 429.969 767.724
1130 667.052 65.3138
1131 119.886 948.881
1132 784.265 667.989
1133 276.514 524.587
1134 957.976 39.1858
1135 902.587 664.907
1136 260.928 273.446
1137 961.533 180.548
1138 50.4184 73.8243
1139 329.899 227.764
1140 618.488 779.29
1141 375.835 266.644
1142 494.247 338.912
1143 925.169 669.855
1144 504.136 953.036
1145 707.389 310.831
1146 959.19 23.4687
1147 312.389 732.505
1148 156.255 383.119
1149 2.34993 121.712
1150 829.524 136.052
1151 457.527 78.2536
1152 564.226 803.156
1153 112.583 768.43
1154 672.353 50.9354
1155 263.527 710.654
1156 518.473 101.448
1157 217.048 694.972
1158 471.816 887.269
1159 795.312 68.2699
1160 507.288 795.74
1161 173.247 253.792
1162 965.056 444.014
1163 811.992 684.595
1164 965.789 115.913
1165 55.7748 893.826
1166 41.8038 4.15052
1167 183.599 443.831
1168 795.848 128.056
1169 459.7 9.19022
1170 137.211 990.417
1171 399.627 823.455
1172 504.654 231.792
1173 638.508 695.826
1174 363.628 705.501
1175 12.4821 151.158
1176 2.01422 36.1686
1177 792.291 454.848
1178 541.919 540.757
1179 136.665 140.939
1180 382.305 434.187
1181 306.437 964.389
1182 68.392 670.37
1183 449.608 399.854
1184 62.5324 370.804
1185 595.176 516.099
1186 776.91 242.561
1187 132.078 311.354
1188 95.3795 496.876
1189 77.1905 966.735
1190 998.529 17.0945
1191 774.071 514.943
1192 865.444 649.22
1193 111.911 292.52
1194 35.1508 471.389
1195 250.101 3.60118
1196 201.88 315.958
1197 36.1505 990.604
1198 533.433 106.815
1199 710.532 88.1721
1200 997.674 73.7369
1201 182.44 121.163
1202 949.095 253.094
1203 668.569 982.147
1204 331.652 631.967
1205 373.876 22.6184
1206 95.1567 42.0892
1207 782.922 474.628
1208 2.68563 93.2646
1209 2.50252 374.218
1210 54.445 73.9769
1211 468.917 805.933
1212 489.731 611.198
1213 589.618 988.495
1214 95.4619 378.891
1215 56.2761 232.86
1216 297.189 509.384
1217 9.36918 918.302
1218 548.296 917.539
1219 930.418 799.284
1220 145.849 880.188
1221 873.808 980.468
1222 297.128 560.411
1223 860.256 492.62
1224 782.281 171.06
1225 119.48 581.901
1226 724.082 264.534
1227 949.309 344.249
1228 0.122074 360.458
1229 470.612 775.113
1230 962.004 25.9407
1231 754.069 732.998
1232 838.377 885.556
1233 62.5935 53.4379
1234 994.683 878.907
1235 106.58 203.41
1236 861.34 411.42
1237 503.372 449.298
1238 995.836 291.853
1239 222.388 64.9781
1240 438.307 926.821
1241 187.109 96.8394
1242 846.004 799.253
1243 886.319 69.5558
1244 414.899 672.445
1245 884.732 969.512
1246 225.288 837.218
1247 964.599 747.826
1248 467.98 261.914
1249 601.888 970.855
1250 579.157 127.842
1251 888.73 246.655
1252 36.6832 643.914
1253 257.759 894.253
1254 255.47 782.407
1255 998.201 657.8
1256 122.526 804.197
1257 618.986 886.959
1258 54.5227 469.196
1259 615.894 828.883
1260 263.283 272.286
1261 626.256 756.554
1262 780.527 760.8
1263 769.434 927.824
1264 630.787 321.665
1265 833.644 782.468
1266 353.374 853.576
1267 521.112 564.566
1268 143.461 279.061
1269 861.568 582.202
1270 636.854 617.664
1271 222.313 503.895
1272 40.4305 998.631
1273 531.653 502.019
1274 422.973 498.219
1275 3.44859 943.728
1276 123.814 632.287
1277 512.894 385.087
1278 44.9556 42.9701
1279 187.531 221.813
1280 625.728 388.43
1281 306.406 926.912
1282 592.106 743.191
1283 335.851 675.409
1284 964.049 471.668
1285 270.18 808.71
1286 235.474 752.709
1287 320.475 740.536
1288 345.531 966.525
1289 327.48 174.478
1290 633.1 147.012
1291 909.956 294.569
1292 677.786 365.341
1293 601.369 418.958
1294 664.107 277.265
1295 979.431 952.391
1296 151.708 593.005
1297 749.962 198.313
1298 252.388 144.139
1299 625.493 36.5307
1300 500.802 9.43022
1301 487.542 42.2987
1302 194.189 504.593
1303 804.254 313.734
1304 446.303 341.868
1305 938.719 888.913
1306 512.911 934.629
1307 920.53 800.958
1308 313.083 385.479
1309 595.202 79.2566
1310 541.551 746.117
1311 629.719 501.999
1312 531.87 197.52
1313 465.926 793.607
1314 228.425 28.1686
1315 1.25126 209.387
1316 693.319 501.633
1317 776.177 261.33
1318 22.9887 427.324
1319 47.8465 400.403
