1 348.523 860.923
2 1262.13 1115.71
3 196.29 278.712
4 458.132 1244.7
5 338.084 583.48
6 219.641 1043.37
7 93.0184 553.14
8 1096.6 885.638
9 678.948 562.68
10 868.351 142.586
11 894.27 840.614
12 1172.11 354.803
13 281.816 268.926
14 888.586 1009.47
15 273.635 1092.63
16 578.305 1067.33
17 769.718 595.927
18 338.696 1033.04
19 1089.37 883.074
20 1136.21 193.546
21 1273.95 259.033
22 1311.51 996.368
23 1275.87 1253.28
24 259.754 545.959
25 1253.94 395.364
26 1297.95 133.046
27 858.841 1229.96
28 899.805 308.847
29 839.014 1041.78
30 618.943 727.222
31 275.408 923.757
32 280.611 226.476
33 158.244 566.775
34 99.4961 810.561
35 224.665 350.447
36 324.652 1252.43
37 981.554 82.8472
38 1237.05 765.219
39 1094.21 1337.68
40 1023.42 444.186
41 532.611 615.364
42 405.641 1146.27
43 751.394 858.261
44 876.998 520.624
45 573.064 1270.32
46 345.435 860.063
47 1157.26 823.663
48 1009.8 1231.21
49 743.172 48.1102
50 878.649 813.779
51 890.881 1112.73
52 684.782 336.157
53 471.309 920.62
54 1034.1 172.961
55 288.047 696.979
56 797.033 345.042
57 425.757 212.954
58 733.673 1179.87
59 586.745 658.368
60 1082.99 250.746
61 995.902 1181.36
62 614.05 710.041
63 785.118 108.217
64 1287.19 1234.28
65 222.126 619.143
66 1242.85 19.2031
67 58.3874 747.326
68 1237.3 467.402
69 117.717 173.033
70 894.4 17.622
71 823.279 977.609
72 458.542 807.899
73 254.374 484.255
74 1192.3 114.17
75 203.541 1222.25
76 410.813 1126.57
77 65.7186 764.564
78 732.477 1136.88
79 351.43 1106.1
80 1297.24 408.589
81 298.447 1152.29
82 846.997 386.167
83 819.225 487.137
84 419.114 1110.26
85 272.202 712.523
86 702.463 1040.86
87 517.543 415.222
88 967.486 867.187
89 1222.87 379.452
90 1101.8 621.436
91 930.904 957.291
92 956.8 161.905
93 554.435 700.608
94 1151.59 991.414
95 575.943 1076.32
96 916.963 598.957
97 281.824 520.255
98 402.979 1038.08
99 287.392 1201.9
100 609.364 406.501
101 1107.93 506.283
102 1116.36 1217.13
103 525.118 1030.48
104 305.899 837.953
105 236.129 425.008
106 964.047 909.713
107 1094.66 21.4236
108 814.23 614.189
109 557.997 78.2614
110 208.698 967.707
111 712.811 572.016
112 338.596 1010.6
113 516.683 1214.6
114 279.285 739.71
115 1015.41 1143.63
116 1005.95 920.236
117 968.674 1063.75
118 1123.61 917.789
119 166.523 521.228
120 991.401 420.872
121 366.047 584.611
122 1209.35 1248.38
123 107.685 384.12
124 956.063 550.479
125 594.528 245.802
126 971.294 581.754
127 266.224 213.953
128 812.387 438.085
129 217.952 116.094
130 1231.77 1047.71
131 76.6709 732.299
132 508.208 1225.82
133 562.165 171.616
134 1044.28 1311.96
135 158.131 1225.62
136 530.122 15.9685
137 344.797 121.458
138 949.675 663.732
139 271.118 22.0441
140 583.189 991.931
141 739.968 114.211
142 93.4772 828.97
143 322.485 967.732
144 971.471 724.192
145 1072.59 705.578
146 751.935 30.274
147 542.397 1177.71
148 402.447 233.304
149 437.111 966.97
150 1209.02 330.998
151 986.894 276.173
152 741.472 479.72
153 280.104 352.331
154 1215.45 97.6976
155 306.362 245.439
156 1142.1 1187.61
157 223.846 153.477
158 562.419 1117.18
159 560.658 359.301
160 677.579 510.378
161 512.507 381.402
162 613.718 683.575
163 1209.69 368.309
164 689.76 747.956
165 739.487 373.065
166 1059.9 90.5291
167 1181.12 899.559
168 579.914 55.7417
169 1215.04 978.705
170 1180.65 999.464
171 1011.79 142.652
172 502.079 864.592
173 1066.61 723.783
174 610.57 1084.32
175 1228.76 733.584
176 1210.75 1213.58
177 917.835 176.882
178 1121.28 631.165
179 1130.36 799.449
180 593.701 312.057
181 1331.8 104.368
182 1051.1 658.844
183 959.502 1051.55
184 992.896 1124.59
185 45.5716 368.627
186 665.027 78.9984
187 879.06 1131.96
188 904.494 23.052
189 321.868 790.768
190 131.392 1311.56
191 953.32 800.882
192 22.0693 1291.93
193 1069.07 886.825
194 967.118 1085.41
195 601.235 804.403
196 186.217 161.912
197 965.726 792.135
198 279.49 922.422
199 1051.96 1281.99
200 792.44 1269.25
201 381.476 773.449
202 1211.8 77.7543
203 697.578 412.888
204 528.202 280.57
205 467.122 512.482
206 719.401 318.116
207 311.817 623.361
208 21.2094 965.112
209 87.0488 1124.43
210 603.376 151.676
211 278.057 1286.49
212 571.413 988.951
213 1233.01 1023.8
214 491.543 617.162
215 1257.01 168.954
216 367.153 752.787
217 1032.1 683.493
218 832.892 953.729
219 316.918 900.624
220 1056.71 372.942
221 1063.65 1036.23
222 988.123 561.411
223 465.524 127.068
224 1110.71 1171.61
225 114.974 789.581
226 420.176 422.894
227 846.507 263.647
228 1318.43 294.598
229 282.356 1194.79
230 134.496 654.79
231 1193.63 1147.48
232 366.784 39.0614
233 218.728 385.824
234 866.926 1001.28
235 1201.9 894.743
236 177.356 311.631
237 1020.47 1190.72
238 787.965 950.167
239 623.307 958.4
240 1279.81 1073.71
241 995.534 1255.17
242 734.06 1324.85
243 279.94 822.639
244 763.704 1144.25
245 899.968 45.5055
246 925.582 457.323
247 1043 316.709
248 813.247 531.235
249 972.739 617.464
250 1338.52 873.272
251 418.506 545.672
252 736.915 1248.83
253 323.537 34.2803
254 657.943 962.327
255 451.8 16.4756
256 517.502 290.724
257 186.217 849.934
258 225.729 1316.64
259 408.548 938.907
260 1159.85 418.8
261 948.245 214.715
262 570.805 1158.06
263 1288.48 716.176
264 207.848 995.124
265 61.5811 534.265
266 1216.8 1174.77
267 1127.62 225.811
268 575.444 1339.77
269 1086 68.2299
270 1263.35 367.603
271 371.779 744.557
272 488.455 292.28
273 593.987 403.364
274 729.31 1036.16
275 1066.12 1328.1
276 956.424 1197.49
277 42.2961 46.3905
278 417.392 353.682
279 974.283 966.97
280 847.723 381.335
281 801.13 130
282 16.7874 699.231
283 824.928 1214.15
284 484.943 372.287
285 407.462 406.224
286 1278.7 1010.37
287 1091.63 746.098
288 874.828 66.5354
289 1066.47 308.126
290 816.072 770.148
291 1026.9 20.7339
292 32.715 210.882
293 720.835 428.529
294 1288.99 54.3024
295 1253.73 682.935
296 648.157 373.663
297 423.82 1192.04
298 760.123 1049.54
299 739.014 627.194
300 1318.95 925.682
301 869.383 1162.28
302 356.466 705.946
303 1274.51 848.475
304 842.759 1095.33
305 640.579 661.874
306 608.29 198.542
307 963.515 1272.75
308 849.975 1057.73
309 736.189 393.112
310 1205.68 212.34
311 732.258 549.521
312 332.841 616.957
313 838.368 1141.95
314 9.78583 23.748
315 563.475 1234.54
316 1042.4 530.4
317 531.383 40.2646
318 462.202 981.622
319 1303.44 973.644
320 1327.87 1165.86
321 608.236 475.959
322 1120.21 590.359
323 349.997 63.0709
324 116.243 497.972
325 1219.84 231.887
326 902.243 679.946
327 664.618 468.548
328 1169.57 785.093
329 721.665 341.767
330 829.972 471.647
331 1142.32 485.049
332 934.377 824.016
333 154.252 1162.18
334 1041.74 225.115
335 147.811 10.7024
336 106.989 431.452
337 369.622 996.45
338 612.576 385.455
339 183.761 697.864
340 833.139 146.869
341 84.0199 57.4047
342 192.454 215.206
343 354.624 311.345
344 120.022 891.001
345 1265.38 587.247
346 551.568 449.713
347 456.741 177.742
348 774.279 1207.87
349 439.461 995.288
350 1098 293.058
351 302.255 18.0724
352 270.154 419.244
353 197.429 1320.2
354 864.295 754.132
355 476.388 231.559
356 694.957 249.395
357 999.569 582.359
358 641.066 1189.57
359 727.706 1178.61
360 508.535 367.537
361 1302.37 353.452
362 799.472 1113.45
363 310.157 328.025
364 330.179 486.973
365 105.474 1023.19
366 72.4724 1108.35
367 982.393 1308.52
368 831.59 888.012
369 525.03 398.287
370 1007.2 858.255
371 231.462 955.572
372 1159.89 896.79
373 48.695 1275.15
374 620.479 645.046
375 883.099 343.65
376 34.7213 14.9858
377 820.331 643.833
378 1228.39 31.1181
379 1327.91 675.156
380 581.581 918.041
381 338.71 183.924
382 1096.67 1203.04
383 438.806 1118.86
384 141.429 487.956
385 1029.86 245.505
386 943.493 822.148
387 951.518 27.811
388 1099.53 956.227
389 300.904 1226.36
390 548.006 773.178
391 183.924 1195.02
392 891.288 284.74
393 808.961 285.225
394 129.644 1049.88
395 922.869 704.104
396 465.134 485.008
397 1157.51 617.244
398 597.931 808.431
399 182.696 433.483
400 1003.65 536.926
401 898.957 414.035
402 1206.28 702.916
403 700.567 536.838
404 1161.03 727.647
405 354.389 738.047
406 1051.22 1078.42
407 7.2063 1054.17
408 1174.68 1147.21
409 313.312 756.104
410 949.675 679.783
411 287.959 1253.61
412 773.687 491.109
413 413.156 1082.09
414 61.622 351.528
415 1086.02 275.37
416 1303.45 426.031
417 683.743 187.987
418 1207.87 181.934
419 59.2472 1070.31
420 848.173 31.5685
421 222.991 66.674
422 808.375 160.094
423 473.732 302.967
424 811.14 674.239
425 304.263 1307.1
426 950.786 683.943
427 116.324 1091.59
428 1300.12 1300.78
429 585.206 868.579
430 1139.45 647.723
431 803.269 44.7937
432 605.833 738.564
433 531.587 281.43
434 641.894 1019.17
435 667.115 629.732
436 984.397 705.03
437 662.542 846.551
438 401.956 636.979
439 171.641 246.176
440 353.518 32.2394
441 43.1885 1100.76
442 665.723 1116.89
443 1191.66 806.589
444 193.383 803.625
445 522.93 897.036
446 167.833 1068.66
447 1165.33 1012.03
448 1306.34 1087.54
449 511.565 916.649
450 182.409 153.6
451 237.574 509.436
452 1117.18 21.2252
453 551.855 1240.67
454 150.964 74.0693
455 399.008 261.433
456 264.363 905.471
457 421.528 934.009
458 763.89 655.175
459 361.789 1184.29
460 259.918 328.394
461 575.194 1157.27
462 657.557 628.258
463 51.7543 574.964
464 1092.19 450.844
465 1251.93 354.296
466 1234.78 1238.8
467 930.39 137.345
468 154.69 689.102
469 383.572 1166.82
470 228.276 839.82
471 1270.74 509.068
472 634.025 93.8551
473 341.902 574.513
474 276.091 1035.84
475 547.802 1113.8
476 806.333 517.068
477 408.581 1076.83
478 138.999 681.568
479 185.319 289.046
480 969.72 717.288
481 194.041 1261.64
482 304.957 35.0898
483 489.313 350.913
484 83.621 996.075
485 1012.2 781.975
486 160.913 1241.75
487 300.427 768.126
488 1209.16 1276.84
489 370.682 1322.6
490 1130.55 941.093
491 429.573 542.488
492 780.082 774.104
493 1004.69 1289.6
494 788.475 1303.85
495 129.55 94.9669
496 379.92 754.041
497 153.052 985.134
498 732.672 162.894
499 603.428 551.011
500 510.173 198.337
501 724.449 499.216
502 64.6026 329.197
503 958.397 1177.71
504 729.556 496.907
505 1248.94 267.631
506 163.966 261.638
507 489.437 36.7433
508 245.465 992.192
509 1073.41 764.252
510 973.997 1020.84
511 1283.13 207.713
512 612.617 757.153
513 482.735 200.384
514 529.204 402.324
515 590.876 216.803
516 575.727 108.381
517 952.91 88.2362
518 537.814 1147.41
519 1326.43 919.14
520 1053.64 381.811
521 336.403 523.767
522 767.962 377.716
523 220.242 1275.69
524 629.048 243.433
525 1139.89 192.942
526 28.6614 1167.5
527 129.222 1179.5
528 1237.65 1338.46
529 622.894 899.282
530 61.4709 88.8252
531 157.22 977.027
532 584.611 1322.56
533 151.168 542.564
534 344.338 62.359
535 333.701 1134.58
536 1298.98 743.15
537 376.296 818.242
538 811.131 696.636
539 1157.51 868.702
540 1011.9 460.794
541 1158 501.379
542 955.203 501.263
543 889.366 362.132
544 80.0399 445.946
545 91.494 1336.78
546 942.494 741.609
547 1260.32 795.972
548 8.27087 825.874
549 774.063 1092.02
550 656.674 810.094
551 1254.12 110.976
552 74.0199 836.315
553 552.592 1289.45
554 1235.47 945.99
555 47.9874 1232.53
556 64.652 636.422
557 336.403 972.277
558 208.779 663.962
559 343.528 1026.87
560 346.312 942.69
561 668.152 1198.83
562 686.688 113.386
563 1112.85 408.916
564 593.66 591.342
565 716.834 136.444
566 169.43 615.663
567 436.955 868.441
568 1261.12 567.496
569 1128.26 1046.96
570 501.861 586.135
571 303.721 956.447
572 1225.76 429.061
573 349.342 1321.68
574 667.606 394.75
575 301.805 1153.7
576 159.004 1205.54
577 137.045 715.118
578 1196.65 1306.76
579 713.733 232.91
580 370.922 147.745
581 62.5638 193.628
582 872.322 870.57
583 1279.04 696.227
584 107.165 815.458
585 399.95 455.307
586 1269.55 246.094
587 92.6583 912.252
588 419.112 549.071
589 211.155 250.869
590 849.893 263.562
591 742.904 99.348
592 443.609 371.534
593 319.546 1173.6
594 202.699 460.359
595 96.1207 954.671
596 1319.89 1293.91
597 1017.11 1117.44
598 1003.21 286.041
599 166.801 593.864
600 1169.26 266.69
601 546.953 425.499
602 723.578 72.5701
603 731.685 518.321
604 983.578 267.14
605 1042.29 1156.41
606 1308.64 849.212
607 158.252 1125.17
608 975.143 328.009
609 934.026 479.997
610 1080.72 354.173
611 1271.68 421.937
612 443.31 256.822
613 343.691 187.052
614 725.054 777.789
615 1007.53 478.768
616 1170.78 36.1953
617 79.4226 416.214
618 324.593 646.29
619 932.585 553.534
620 394.34 1093.11
621 756.704 1069.45
622 557.915 433.074
623 18.9984 1255.66
624 865.288 1026.45
625 1308.53 493.877
626 1164.35 452.866
627 699.598 1100.15
628 367.205 447.036
629 558.624 1277.54
630 87.7774 276.255
631 157.272 631.329
632 597.14 1001.27
633 298.59 891.134
634 756.367 324.488
635 876.213 235.638
636 307.416 170.265
637 623.795 1212.5
638 371.883 257.15
639 803.555 238.217
640 78.3685 974.652
641 414.362 841.146
642 1267 141.603
643 247.894 911.924
644 515.037 1227.85
645 114.809 570.035
646 841.872 49.052
647 943.7 531.194
648 202.999 618.513
649 1184.7 151.332
650 1069.73 1305.32
651 194.898 1173.91
652 365.757 1281.08
653 76.6488 875.458
654 1028.69 54.211
655 913.194 1325.48
656 1105.23 1176.39
657 1206.77 60.885
658 350.979 656.101
659 371.65 1061.51
660 469.515 246.422
661 169.143 716.838
662 1004.07 203.209
663 856.935 927.401
664 960.935 1335.55
665 880.438 492.608
666 985.668 1211.82
667 218.277 756.835
668 355.688 1305.37
669 127.666 399.54
670 433.61 1233.52
671 161.65 27.8835
672 748.536 36.8504
673 492.116 760.756
674 619.743 888.217
675 558.142 534.822
676 896.51 1129.77
677 401.383 905.786
678 321.376 104.466
679 1183.55 580.107
680 527.607 119.846
681 737.049 768.945
682 1220.59 519.099
683 914.79 360.765
684 1228.96 1146.09
685 945.212 1216.55
686 619.537 575.537
687 1052.28 1230.94
688 439.257 1016.83
689 603.775 1137.33
690 628.24 254.513
691 267.083 386.274
692 278.463 684.271
693 768.906 898.838
694 670.395 234.901
695 174.612 679.987
696 846.231 844.324
697 640.542 1093.28
698 158.991 722.39
699 609.1 1314.04
700 321.195 684.239
701 146.46 829.707
702 206.894 1221.88
703 895.464 617.613
704 1070.05 113.638
705 1146.7 24.3622
706 533.061 941.291
707 234.155 481.691
708 341.931 1223.61
709 928.712 1010.44
710 1163.06 790.4
711 54.5281 616.302
712 978.91 976.592
713 703.064 1279.45
714 1028.58 196.003
715 1031.16 1207.01
716 622.362 164.353
717 1317.07 4.42205
718 47.8205 1091.48
719 1064.58 104.573
720 1317.67 609.137
721 1181.57 59.5905
722 314.932 797.622
723 1075.72 604.882
724 510.91 680.806
725 303.279 635.931
726 334.97 895.965
727 1040.08 936.368
728 595.402 852.488
729 100.888 211.046
730 49.0131 931.143
731 852.841 106.62
732 1046.56 1074.94
733 815.663 1078.45
734 10.8504 237.326
735 228.382 1324.65
736 115.252 878.718
737 802.765 333.471
738 882.784 565.817
739 453.915 1105.98
740 783.071 803.6
741 1105.54 224.469
742 84.1543 427.276
743 1071.13 524.513
744 21.2409 974.693
745 523.208 721.424
746 1079.4 1146.5
747 80.9669 460.756
748 697.046 17.8268
749 961.653 878.775
750 611.02 1052.42
751 589.197 830.239
752 208.368 734.035
753 760.554 1076.65
754 1211.11 693.909
755 1225.19 543.339
756 760.756 550.954
757 927.076 1332.92
758 1193.1 326.781
759 393.173 297.383
760 539.258 527.14
761 54.7842 105.72
762 1147.95 969.001
763 46.3087 514.734
764 308.11 365.024
765 858.327 1169.67
766 1207.34 328.435
767 412.888 446.34
768 1273.63 1104.49
769 1238.75 1083.57
770 1102.85 244.778
771 913.931 437.496
772 685.09 216.353
773 12.0787 584.381
774 563.813 818.75
775 1263.59 1199.91
776 921.628 1023.62
777 505.546 1280.92
778 1260.73 1261.55
779 550.66 1313.08
780 944.353 10.0472
781 435.735 162.888
782 54.8252 1131.8
783 873.196 860.907
784 186.167 778.772
785 317.241 807.572
786 1194.1 590.712
787 249.068 668.195
788 1256.14 1182.04
789 684.375 422.157
790 142.449 277.197
791 461.523 1201.38
792 1274.82 283.748
793 639.881 882.255
794 526.63 1070.14
795 407.402 1278.77
796 783.398 1061.91
797 739.342 1180.4
798 561.704 557.997
799 104.525 1266.3
800 664.904 619.455
801 1329.07 202.809
802 379.91 447.011
803 65.0436 952.967
804 602.831 819.43
805 723.376 94.8441
806 356.163 862.709
807 90.3842 244.646
808 931.66 333.962
809 804.444 421.543
810 758.814 911.899
811 831.133 994.756
812 662.201 31.6094
813 841.131 1268.55
814 428.734 785.42
815 1037.91 352.756
816 1004.38 22.4787
817 994.633 1126.43
818 145.54 1139.14
819 1225.27 244.211
820 118.888 156.302
821 249.745 546.041
822 311.531 1121.64
823 726.948 1040.83
824 1045.99 1181.38
825 247.512 1072.02
826 1299.05 1327.86
827 633.407 289.613
828 525.306 953.745
829 924.494 841.868
830 1069.15 723.389
831 297.375 373.105
832 878.718 1039.1
833 26.7895 941.257
834 510.688 605.288
835 726.935 192.768
836 65.2661 1191.88
837 843.94 1199.62
838 323.751 81.9307
839 816.932 278.712
840 854.274 334.929
841 572.573 456.535
842 742.079 927.893
843 838.47 1013.6
844 434.589 826.973
845 917.064 83.8551
846 1289.07 64.7496
847 208.565 648.214
848 423.247 432.46
849 807.449 75.4205
850 1274.7 1220.36
851 348.189 467.304
852 15.5181 14.2646
853 191.593 763.745
854 1001.23 1002.08
855 1132.26 141.153
856 1258.77 169.389
857 173.074 942.183
858 828.438 671.061
859 751.093 914.749
860 129.163 1294.72
861 169.512 196.428
862 254.554 128.91
863 232.62 1284.99
864 96.5785 461.244
865 761.657 710.639
866 539.121 297.26
867 186.094 976.06
868 901.483 955.131
869 492.927 1129.18
870 273.248 878.938
871 658.755 1040.83
872 382.507 327.313
873 505.406 560.126
874 759.446 987.846
875 597.811 1020.44
876 470.702 143.553
877 370.778 80.9638
878 38.0787 671.496
879 810.504 661.48
880 80.8252 321.499
881 482.904 1174.83
882 584.951 575.25
883 258.712 405.682
884 715.676 1022.61
885 419.931 1289
886 13.8394 642.387
887 1293.34 827.864
888 693.361 1227.46
889 73.3134 837.282
890 783.685 747.172
891 754.45 420.217
892 153.023 797.622
893 436.104 1322.21
894 266.756 447.077
895 760.635 273.446
896 905.005 936.466
897 864.687 1296.33
898 311.304 297.31
899 1261.63 732.554
900 273.657 253.71
901 746.917 379.436
902 269.622 95.2126
903 201.285 315.235
904 203.087 1020.08
905 1095.44 1267.46
906 525.323 1045.99
907 1307.74 1332.59
908 732.709 586.961
909 1042.75 990.705
910 650.778 1160.72
911 329.813 276.066
912 805.505 1314.66
913 1125.74 555.802
914 788.645 538.179
915 60.9008 611.972
916 362.935 360.249
917 422.06 726.853
918 697.946 1210.33
919 906.397 579.181
920 680.053 976.331
921 458.799 526.608
922 1271.99 989.965
923 759.263 209.285
924 388.731 1333.49
925 772.098 945.024
926 1013.93 457.861
927 745.033 53.474
928 86.8157 89.3827
929 131.761 890.69
930 1140.87 630.567
931 997.072 1281.75
932 902.384 1071.08
933 1204.64 658.655
934 1057.69 406.516
935 854.696 305.776
936 848.869 3.60315
937 935.041 1238.88
938 606.07 513.244
939 28.4273 90.4882
940 1139.21 557.767
941 153.052 586.387
942 853.209 799.131
943 1321.95 651.694
944 490.11 102.46
945 899.968 207.921
946 869.956 858.753
947 493.509 233.934
948 312.32 1009.72
949 369.686 201.014
950 653.8 672.806
951 60.6005 489.742
952 761.657 26.0913
953 829.729 719.975
954 801.657 457.071
955 897.635 1298.94
956 701.59 801.25
957 853.765 1053.24
958 317.912 592.063
959 189.82 1104.98
960 547.392 617.08
961 848.883 1248.55
962 390.064 952.639
963 1332.37 232.132
964 430.986 1082.68
965 462.022 488.472
966 1189.41 697.716
967 1089.97 79.285
968 679.644 787.575
969 1187.86 818.913
970 238.286 746.762
971 210.62 623.14
972 1123.4 475.181
973 912.579 783.162
974 469.187 94.0661
975 286.287 851.663
976 809.737 904.759
977 1289.15 27.7764
978 417.794 499.912
979 210.907 131.72
980 1288.97 273.676
981 713.794 1136.48
982 416.964 95.3606
983 32.674 1012.3
984 819.606 880.331
985 1221.96 468.164
986 418.211 103.509
987 1203.05 977.738
988 203.55 305.792
989 126.081 447.168
990 692.134 7.53386
991 1075.21 959.871
992 309.584 411.128
993 498.586 774.718
994 886.213 157.408
995 238.545 834.431
996 800.374 1099.74
997 716.21 691.37
998 1239.81 1044.63
999 572.217 328.68
1000 69.7291 615.779
1001 460.425 1268.72
1002 1090.69 706.709
1003 898.99 1254.59
1004 261.814 781.474
1005 139.294 343.855
1006 292.942 172.009
1007 192.044 750.479
1008 886.784 759.732
1009 838.154 74.3307
1010 961.726 228.309
1011 715.063 267.713
1012 1197.47 710.885
1013 1197.84 558.57
1014 192.85 677.187
1015 1134.79 754.507
1016 759.896 299.364
1017 733.036 232.935
1018 1046.82 628.217
1019 1275.15 394.217
1020 320.063 85.2976
1021 1123.57 34.6803
1022 187.077 1063.19
1023 1102.85 1095.62
1024 1254.34 10.9323
1025 1074.33 1296.08
1026 999.452 1111.66
1027 720.138 833.474
1028 592.145 66.5039
1029 419.463 690.633
1030 846.52 1166.66
1031 205.588 926.46
1032 522.579 175.94
1033 164.069 763.335
1034 1182.81 766.979
1035 898.12 576.299
1036 748.964 8
1037 65.2252 358.35
1038 888.394 294.885
1039 991.064 411.02
1040 35.9496 385.332
1041 128.321 143.061
1042 521.597 61.4583
1043 998.4 64.4882
1044 36.8504 565.861
1045 453.988 343.241
1046 409.155 509.083
1047 310.567 459.115
1048 1219.3 313.531
1049 1151.16 1018.77
1050 1093.84 1291.85
1051 487.326 591.653
1052 1235.88 903.505
1053 1263.19 180.567
1054 327.039 880.74
1055 828.438 812.485
1056 696.303 997.269
1057 579.539 10.8252
1058 1313.97 465.027
1059 680.486 1287.07
1060 14.4126 681.978
1061 1045.32 238.995
1062 1209.31 607.351
1063 292.797 934.608
1064 1111.55 632.803
1065 718.173 1303.09
1066 749.987 606.762
1067 38.7339 329.008
1068 519.869 1051.32
1069 839.121 1267.74
1070 162.503 1033.28
1071 684.803 714.709
1072 184.173 1283.01
1073 632.148 939.767
1074 1056.66 326.627
1075 32.5102 186.151
1076 440.945 670.513
1077 1146.99 101.518
1078 487.285 860.472
1079 769.436 125.143
1080 1267.92 956.309
1081 1225.23 527.083
1082 98.9449 1018.91
1083 477.419 773.71
1084 377.094 137.959
1085 1054.99 997.622
1086 673.679 1247.4
1087 926.05 262.989
1088 34.4346 660.85
1089 912.848 326.494
1090 581.712 1097.66
1091 744.951 820.224
1092 168.899 155.55
1093 530.359 312.123
1094 98.1858 943.386
1095 1096.87 849.827
1096 886.62 645.43
1097 946.891 907.43
1098 745.211 1229
1099 980.753 949.266
1100 152.438 1030.84
1101 491.27 620.765
1102 1152.11 393.326
1103 685.134 536.135
1104 518.058 701.483
1105 1193.87 949.143
1106 486.377 587.575
1107 1177.48 1061.31
1108 1208.45 1142.79
1109 976.003 121.09
1110 1129.26 608.113
1111 710.539 1062.99
1112 265.724 1165.47
1113 423.288 1181.15
1114 411.66 1148.63
1115 912.334 478.498
1116 316.627 436.898
1117 738.687 362.255
1118 208.45 384.324
1119 504.113 835.127
1120 447.869 483.779
1121 219.26 1150.98
1122 214.838 870.586
1123 1154.83 444.794
1124 927.915 901.294
1125 544.836 53.074
1126 205.823 657.836
1127 898.947 470.006
1128 495.907 1051.34
1129 1190.1 183.679
1130 3.31654 728.164
1131 413.994 307.798
1132 1125.27 301.272
1133 328.594 277.238
1134 1208.03 928.835
1135 59.3291 1157.4
1136 855.42 385.905
1137 1271.26 574.057
1138 946.196 28.6362
1139 1324.58 242.573
1140 105.141 296.891
1141 278.185 570.198
1142 971.909 877.653
1143 713.857 139.008
1144 899.223 1017.74
1145 1109.89 284.624
1146 858.392 197.027
1147 1146.05 343.83
1148 1146.98 563.115
1149 1266.44 1288.76
1150 307.593 259.263
1151 630.101 48.6992
1152 52.4315 125.471
1153 1176.93 1117.55
1154 560.331 929.956
1155 157.775 332.964
1156 829.923 1125.63
1157 853.873 221.644
1158 698.714 752.362
1159 1251.6 1115.64
1160 272.542 45.1213
1161 1298.48 860.334
1162 97.0236 165.269
1163 1056.06 744.214
1164 131.25 158.539
1165 425.727 249.068
1166 109.182 587.518
1167 1192.77 874.214
1168 1206.69 859.367
1169 944.107 598.246
1170 169.238 1333.1
1171 810.262 43.0425
1172 700.088 1320.69
1173 890.86 168.202
1174 534.863 495.531
1175 987.918 742.06
1176 839.37 1143.14
1177 1080.86 827.578
1178 300.846 1063.13
1179 162.779 1151.62
1180 653.032 29.1118
1181 281.877 957.619
1182 102.057 1194.32
1183 638.333 1300.9
1184 480.82 190.476
1185 689.8 1016.95
1186 849.565 1200.22
1187 212.995 339.065
1188 652.047 1311.28
1189 766.529 830.976
1190 798.958 818.668
1191 249.027 658.696
1192 1020.1 497.931
1193 1134.87 214.305
1194 1044.23 1223.97
1195 425.467 1008.72
1196 1221.59 643.546
1197 940.363 747.572
1198 789.278 572.425
1199 1189.41 346.148
1200 987.397 187.748
1201 682.852 485.115
1202 938.131 992.069
1203 325.77 533.609
1204 48.8472 1324.83
1205 390.167 165.474
1206 950.128 252.712
1207 442.368 1325.43
1208 446.673 609.644
1209 615.464 791.071
1210 155.959 24.6646
1211 1031.57 822.664
1212 619.005 914.759
1213 748.8 1230.27
1214 922.469 317.937
1215 1014.49 1259.3
1216 1026.4 399.883
1217 646.11 324.57
1218 227.257 492.608
1219 695.776 1266.43
1220 367.585 215.795
1221 1165.95 1069.81
1222 656.346 889.414
1223 1058.43 33.4677
1224 363.849 376.12
1225 526.838 402.053
1226 109.077 954.727
1227 861.194 133.729
1228 655.691 1006.15
1229 151.165 1139.41
1230 430.835 115.383
1231 291.197 1275.72
1232 1096.9 182.098
1233 23.2567 1064.24
1234 458.821 75.7228
1235 25.7543 1053.85
1236 139.991 1271.22
1237 258.907 1250.27
1238 1209.46 818.913
1239 1164.27 599.679
1240 1067.61 768.961
1241 280.118 557.096
1242 1309.01 1275.33
1243 421.528 844.693
1244 875.855 405.083
1245 450.025 1093.37
1246 118.208 260.494
1247 187.446 1290.05
1248 173.893 1216.28
1249 488.451 172.961
1250 1013.18 1285.07
1251 212.463 208.057
1252 523.514 976.224
1253 675.193 537.32
1254 407.893 888.438
1255 156.002 50.8283
1256 410.775 908.444
1257 1223.76 1075.17
1258 945.376 1162.28
1259 875.934 716.822
1260 825.858 362.649
1261 1308.32 1009.09
1262 191.09 165.827
1263 15.0677 1125.06
1264 1273.4 1105.16
1265 1230.39 1224.6
1266 943.934 927.364
1267 31.8142 716.699
1268 1245.38 555.253
1269 1144.61 1321.62
1270 533.184 27.7354
1271 754.084 290.791
1272 749.005 166.605
1273 1140.27 79.0646
1274 83.0394 136.592
1275 183.539 1050.11
1276 298.079 932.529
1277 765.068 876.277
1278 1132.96 341.899
1279 644.693 972.532
1280 658.499 267.165
1281 720.54 286.753
1282 338.901 235.883
1283 830.649 903.326
1284 633.439 619.046
1285 37.0362 1313.68
1286 638.366 1299.28
1287 1263.8 1298.48
1288 885.269 286.041
1289 1252.79 291.65
1290 482.488 799.383
1291 1019.57 421.568
1292 701.631 604.649
1293 165.768 128.813
1294 696.583 721.449
1295 33.2073 283.518
1296 1117.14 1241.78
1297 446.954 309.42
1298 1221.63 936.794
1299 1185.48 885.723
1300 80.0472 852.472
1301 596.239 95.0331
1302 1003.48 1060.45
1303 535.54 133.726
1304 457.011 1206.65
1305 1328.36 692.305
1306 1130.82 422.756
1307 147.238 1078.65
1308 340.755 554.076
1309 333.641 534.331
1310 745.688 480.053
1311 782.152 189.181
1312 1224.83 1204.56
1313 659.829 221.528
1314 1288.32 442.139
1315 1002.78 1255.45
1316 1089.09 156.983
1317 1007.98 214.274
1318 452.277 670.841
1319 432.787 398.762
1320 264.479 826.359
1321 617.244 781.49
1322 642.366 563.288
1323 729.531 1199.28
1324 817.874 550.438
1325 524.856 749.905
1326 1137.98 808.227
1327 278.343 900.189
1328 1270.95 815.842
1329 182.737 631.984
1330 714.201 716.822
1331 462.309 1159.64
1332 1258.81 1132.58
1333 991.626 482.781
1334 259.361 338.173
1335 522.743 641.32
1336 1065.76 1300.98
1337 1049.01 1130.04
1338 509.805 1191.54
1339 860.765 91.0772
1340 1308.33 769.534
1341 159.931 409.613
1342 664.372 314.825
1343 292.819 463.348
1344 1103.59 374.246
1345 339.743 703.474
1346 1274.2 760.935
1347 649.715 1123.99
1348 13.2661 654.876
1349 414.817 90.8252
1350 87.8698 296.17
1351 1157.29 466.705
1352 383.669 1204.73
1353 268.599 107.858
1354 701.613 663.798
1355 765.262 1135.29
1356 1308.38 160.227
1357 264.435 465.134
1358 1339.09 635.105
1359 819.29 1180.29
1360 1094.62 117.921
1361 849.115 261.408
1362 514.309 495.679
1363 367.071 1266.11
1364 1240.43 321.294
1365 1335.04 593.087
1366 1093.84 1095.97
1367 445.071 963.975
1368 545.877 124.431
1369 1269.52 1032.81
1370 394.463 380.91
1371 907.912 1069.7
1372 1035.32 867.704
1373 965.685 528.246
1374 449.902 1229.1
1375 577.967 968.92
1376 1099.41 181.266
1377 517.011 192.866
1378 1131.38 520.696
1379 976.699 171.395
1380 716.906 918.557
1381 912.989 970.68
1382 829.461 446.274
1383 464.397 643.792
1384 945.645 1089.95
1385 673.134 1333.18
1386 118.733 1071.65
1387 1044.27 73.1276
1388 948.831 547.893
1389 1096.34 493.754
1390 1166.92 1289.78
1391 358.392 771.253
1392 362.772 149.162
1393 940.794 1244.52
1394 801.458 163.713
1395 824.929 694.727
1396 1200.79 150.734
1397 216.324 368.561
1398 747.603 1036.48
1399 1329.18 444.702
1400 75.0446 311.713
1401 128.61 543.068
1402 1178.84 540.611
1403 1327.73 661.03
1404 625.515 117.348
1405 1073.51 809.972
1406 181.058 555.515
1407 250.173 495.965
1408 1171.31 729.679
1409 1142.2 710.116
1410 126.315 441.713
1411 1067.53 1104.09
1412 244.768 308.658
1413 458.05 1040.88
1414 459.393 1073.59
1415 434.916 128.935
1416 229.537 1061.92
1417 463.824 451.458
1418 568.683 360.356
1419 1239.92 1067.53
1420 255.865 1110.72
1421 611.512 204.274
1422 3.27559 67.7638
1423 564.466 1195.24
1424 664.494 818.324
1425 1308.68 1221.57
1426 1184.29 421.871
1427 646.839 194.202
1428 125.602 1312.63
1429 1338.87 1025.87
1430 337.889 729.408
1431 560.991 474.076
1432 994.556 236.416
1433 1038.94 654.315
1434 1225.15 661.587
1435 57.3638 1087.88
1436 358.219 233.975
1437 367.849 999.26
1438 836.709 1318.59
1439 1297.9 340.948
1440 1071.4 791.849
1441 345.288 1179.19
1442 1324.05 124.646
1443 1234.07 2.45669
1444 423.679 1028.41
1445 1011.54 668.098
1446 520.411 271.276
1447 1013.63 837.077
1448 1035.5 1242.73
1449 693.293 509.124
1450 1173.86 154.091
1451 1318.03 1244.31
1452 170.29 728.302
1453 747.653 254.104
1454 786.297 931.184
1455 1332.68 1086.73
1456 1190.04 660.318
1457 294.721 1263.7
1458 478.646 897.102
1459 266.461 0.696063
1460 782.784 1181.51
1461 790.646 1078.3
1462 105.722 122.302
1463 524.995 1058.65
1464 195.225 1134.83
1465 874.132 137.165
1466 963.392 141.669
1467 304.425 62.2929
1468 591.368 626.498
1469 669.073 801.184
1470 1052.6 959.149
1471 1110.18 529.008
1472 882.812 804.567
1473 420.629 814.066
1474 1133.64 921.219
1475 643.981 858.409
1476 426.576 142.013
1477 1126.11 1129.1
1478 1253.77 0.122835
1479 175.326 793.921
1480 1182.19 586.797
1481 815.543 964.088
1482 880.841 614.705
1483 13.7575 401.972
1484 1148.91 267.452
1485 347.991 644.038
1486 63.8866 1205.88
1487 1032.73 377.446
1488 656.379 322.866
1489 849.905 790.211
1490 567.622 667.213
1491 914.261 887.209
1492 1112.74 951.861
1493 185.768 473.496
1494 956.677 690.986
1495 552.551 1125.25
1496 688.705 599.638
1497 1136.06 476.123
1498 687.642 292.51
1499 187.934 817.874
1500 960.62 870.504
1501 406.062 721.162
1502 902.806 1047.9
1503 318.633 216.353
1504 1102.01 993.584
1505 614.337 1184.67
1506 432.624 548.104
1507 1158.04 68.9102
1508 570.444 1032.11
1509 862.659 185.603
1510 111.781 839.288
1511 353.272 471.496
1512 270.031 1113.13
1513 605.679 382.712
1514 100.806 969.959
1515 697.046 671.864
1516 445.316 222.51
1517 1055.31 1091.61
1518 290.135 1238.52
1519 834.661 225.934
1520 1050.03 49.6661
1521 1300.2 515.02
1522 83.3638 1174.59
1523 994.687 648.787
1524 99.6598 219.26
1525 844.201 599.735
1526 187.122 1015.52
1527 51.0173 1029.15
1528 63.6714 886.989
1529 1319.33 1043.45
1530 385.825 513.121
1531 1206 321.924
1532 551.468 451.704
1533 389.55 290.561
1534 530.053 1013.93
1535 1319.01 484.009
1536 81.4509 942.403
1537 207.058 458.803
1538 1103.59 8.90079
1539 16.1732 902.179
1540 1131.43 1250.66
1541 279.94 602.094
1542 80.8483 764.538
1543 276.994 1321.33
1544 108.668 117.225
1545 940.127 1099.98
1546 562.074 850.646
1547 472.586 576.356
1548 1317.89 1054.35
1549 1191.41 311.975
1550 370.113 1061.7
1551 822.46 26.7937
1552 756.661 218.62
1553 1196.57 774.186
1554 215.105 601.332
1555 386.192 513.49
1556 916.102 155.443
1557 60.7853 1251.74
1558 1078.86 1046.36
1559 719.77 444.554
1560 7.32913 912.416
1561 808.991 655.871
1562 1281.96 201.956
1563 50.252 859.31
1564 1014.42 1074.93
1565 914.28 100.781
1566 232.935 1029.85
1567 723.578 662.652
1568 641.096 1169.11
1569 1125.36 1139.59
1570 497.81 57.5276
1571 1302.29 696.718
1572 617.49 1135.48
1573 175.092 865.411
1574 612.465 454.913
1575 666.009 662.013
1576 1045.28 920.17
1577 8.92598 713.03
1578 516.356 336.035
1579 521.433 1243.45
1580 961.316 784.381
1581 944.979 904.063
1582 765.641 140.359
1583 480.038 738.523
1584 513.298 330.072
1585 956.309 936.573
1586 690.986 1161.77
1587 28.8367 667.32
1588 165.745 1161.34
1589 161.691 564.441
1590 947.587 1001.72
1591 1214.44 916.715
1592 747.553 727.386
1593 774.35 590.85
1594 110.998 1293.09
1595 595.115 482.674
1596 492.649 998.538
1597 1098.92 726.894
1598 877.408 465.887
1599 392.948 1322.15
1600 1187.11 557.48
1601 431.887 808.866
1602 264.875 642.016
1603 183.2 379.436
1604 1330.1 309.052
1605 1304.18 516.028
1606 929.2 1137.2
1607 494.115 704.661
1608 1181.86 679.194
1609 330.427 1170.43
1610 1172.37 1097.28
1611 106.047 516.438
1612 840.61 625.679
1613 788.53 618.882
1614 919.174 1079.27
1615 763.265 889.543
1616 346.598 566.406
1617 265.896 487.669
1618 1212.34 863.871
1619 764.236 415.279
1620 737.008 333.783
1621 627.615 980.768
1622 619.455 129.099
1623 1161.2 249.191
1624 1161.41 456.913
1625 265.007 953.663
1626 422.85 805.427
1627 739.539 955.833
1628 377.761 338.016
1629 601.861 376.463
1630 532.365 721.137
1631 694.578 651.279
1632 0 265.814
1633 268.313 538.932
1634 525.568 154.444
1635 443.392 276.476
1636 643.449 1290.95
1637 60.9974 515.987
1638 1146.13 762.901
1639 379.121 170.29
1640 1169.33 956.12
1641 1191.5 13.6504
1642 671.864 771.622
1643 152.532 551.502
1644 1284.77 624.46
1645 1290.91 577.814
1646 191.622 235.981
1647 123.799 80.4976
1648 1186.46 412.535
1649 384.677 274.085
1650 970.252 1035.7
1651 981.677 1123.17
1652 505.543 722.759
1653 168.242 907.682
1654 729.127 585.118
1655 507.536 1108.83
1656 347.868 411.25
1657 903.513 53.9244
1658 1185.12 1167.71
1659 1079.89 117.594
1660 740.938 1016.74
1661 914.012 663.102
1662 786.51 592.063
1663 929.769 1266.59
1664 895.587 944.532
1665 791.432 759.578
1666 701.14 606.271
1667 1005.07 611.02
1668 2.41575 593.783
1669 864.592 244.605
1670 1005.07 1332.8
1671 52.4546 176.4
1672 1306.42 816.973
1673 607.418 870.831
1674 746.016 1254.48
1675 1286.18 1165.43
1676 1153.43 678.513
1677 104.573 911.531
1678 761.424 998.457
1679 96.9795 1244.33
1680 60.9375 212.013
1681 1195.76 983.66
1682 576.258 748.8
1683 525.971 782.825
1684 1242.96 1289.97
1685 1341.33 253.096
1686 190.476 175.858
1687 473.54 990.268
1688 642.049 1341.08
1689 1232.49 822.787
1690 841.909 70.9575
1691 322.494 495.694
1692 674.608 1209.94
1693 353.641 578.035
1694 229.25 590.476
1695 1055.17 590.277
1696 315.921 1248.26
1697 1328.33 1186.91
1698 1177.98 1047.94
1699 466.403 1206.29
1700 1190.8 790.334
1701 1332.95 366.088
1702 712.147 1006.67
1703 1047.41 179.953
1704 705.153 748.161
1705 1166.31 939.685
1706 900.114 1219.35
1707 562.964 1169.65
1708 1203.53 849.212
1709 802.74 309.512
1710 975.424 172.551
1711 417.761 51.9181
1712 166.482 449.672
1713 892.721 297.465
1714 609.424 9.76063
1715 249.723 1129.87
1716 1104.2 1012.24
1717 263.357 318.116
1718 574.122 966.601
1719 885.72 1313.49
1720 1110.44 394.069
1721 280.76 514.161
1722 702.45 1304.38
1723 1317.38 209.556
1724 1020.67 934.787
1725 985.976 1181.01
1726 66.0441 928.564
1727 576.135 226.343
1728 989.608 411.865
1729 4.58583 788.403
1730 397.82 522.62
1731 1156.08 288.129
1732 328.903 1051.15
1733 948.938 831.345
1734 277.107 837.118
1735 68.422 257.379
1736 118.904 463.225
1737 444.695 653.946
1738 652.784 877.628
1739 552.101 272.831
1740 1138.33 1107.44
1741 875.628 460.794
1742 675.795 126.331
1743 348.154 257.257
1744 170.417 497.291
1745 120.583 1246.79
1746 1024.94 724.57
1747 764.646 324.611
1748 1314.83 78.2047
1749 647.198 193.972
1750 846.016 540.898
1751 377.278 880.412
1752 1189.76 130.246
1753 1114.6 1269.78
1754 785.282 827.307
1755 410.309 866.976
1756 716 205.061
1757 85.2882 417.285
1758 110.838 745.729
1759 202.964 766.135
1760 815.491 1294.73
1761 1302.83 1056.38
1762 1099.66 66.4945
1763 1282.93 468.205
1764 852.68 95.4835
1765 739.628 363.713
1766 983.168 337.14
1767 854.069 222.387
1768 1071.78 261.735
1769 940.26 1287.85
1770 398.948 1292.85
1771 1073.78 827.553
1772 852.127 500.346
1773 555.99 526.019
1774 473.59 431.82
1775 991.715 298.611
1776 267.289 856.828
1777 1137.41 1309.7
1778 201.502 1263.19
1779 594.715 692.419
1780 640.951 405.068
1781 526.236 84.6079
1782 1317.8 377.839
1783 834.092 571.6
1784 815.623 904.693
1785 14.085 807.899
1786 606.182 207.468
1787 826.268 321.842
1788 1194.48 658.532
1789 326.904 1124.51
1790 464.307 1253.79
1791 878.677 434.794
1792 993.827 53.9402
1793 357.121 343.773
1794 838.543 1015.51
1795 47.9055 1054.25
1796 536.05 104.466
1797 580.639 1233.64
1798 689.81 585.364
1799 446.507 1234.32
1800 779.877 335.011
1801 395.478 907.682
1802 975.348 135.707
1803 141.477 730.866
1804 539.735 597.729
1805 1265.89 860.227
1806 1091.76 904.693
1807 597.468 692.173
1808 331.818 720.646
1809 821.377 664.372
1810 1322.56 1121.77
1811 710.652 386.438
1812 1277.81 988.794
1813 240.646 1115.63
1814 263.357 801.168
1815 16.5417 355.606
1816 233.304 44.1953
1817 885.537 547.408
1818 620.151 20.1858
1819 1102.53 772.057
1820 1090.85 144.126
1821 635.763 334.822
1822 720.776 459.074
1823 211.603 1005.66
1824 219.137 111.943
1825 987.336 772.113
1826 1168.74 39.5118
1827 488.472 108.709
1828 1150 861.48
1829 263.972 110.674
1830 1115.54 1086.32
1831 1130.41 546.507
1832 918.775 725.502
1833 1014.33 648.214
1834 1191.94 1234.67
1835 295.861 295.065
1836 1154.69 209.039
1837 1266.08 761.304
1838 1178.56 967.66
1839 1015.19 1164.92
1840 323.833 1117.52
1841 817.669 674.608
1842 204.317 505.26
1843 303.026 443.162
1844 981.859 759.83
1845 422.256 831.156
1846 1112.15 599.244
1847 312.328 52.6709
1848 41.305 1189.91
1849 4.95433 817.48
1850 44.1197 1133.27
1851 744.746 744.557
1852 939.644 283.436
1853 1125.57 710.476
1854 689.978 245.465
1855 178.818 378.961
1856 1239.93 1317.09
1857 111.984 298.488
1858 1252.26 1134.68
1859 225.156 1039.71
1860 1093.82 209.162
1861 1025.05 688.954
1862 96.7937 238.627
1863 900.501 1264.35
1864 903.531 1150.71
1865 1135 374.318
1866 97.285 985.912
1867 703.005 433.606
1868 880.601 600.661
1869 848.809 268.353
1870 722.393 205.502
1871 250.768 1020.59
1872 1207.08 170.331
1873 1326.54 943.959
1874 30.6383 178.602
1875 308.479 149.449
1876 950.629 89.3417
1877 231.666 55.726
1878 1200.79 273.323
1879 88.3181 994.346
1880 1157.18 302.598
1881 864.164 487.94
1882 153.054 1195.1
1883 1128.7 1329.05
1884 943.738 376.57
1885 988.258 1306.94
1886 492.239 558.954
1887 392.784 1053.96
1888 604.276 142.872
1889 778.169 344.346
1890 760.264 1285.89
1891 872.211 511.32
1892 570.157 162.715
1893 40.1669 992.724
1894 651.801 1063.22
1895 151.824 227.94
1896 256.46 602.888
1897 224.41 1045.98
1898 587.313 1089.67
1899 257.339 1022.61
1900 218.646 1340.67
1901 1294.39 1242.28
1902 525.2 885.024
1903 535.272 1216.8
1904 1096.95 322.293
1905 815.54 703.531
1906 49.095 535.19
1907 495.66 688.586
1908 5.69134 350.463
1909 446.997 1127.79
1910 1057.2 574.047
1911 136.758 288.784
1912 447.405 1005.93
1913 876.22 432.803
1914 1.02362 44.7685
1915 1295.91 30.5858
1916 712.932 1320.57
1917 1055.35 1186.13
1918 777.882 727.647
1919 1098.43 546.712
1920 509.552 372.557
1921 1294.84 140.85
1922 894.727 562.296
1923 1011.73 1000.95
1924 1273.92 1244.93
1925 522.686 529.786
1926 647.053 19.0551
1927 1254.88 653.112
1928 382.507 768.264
1929 838.358 645.209
1930 1035.99 416.46
1931 226.876 718.762
1932 287.802 957.373
1933 405.162 1156.79
1934 1067.76 1118.08
1935 38.5512 846.085
1936 826.74 890.567
1937 474.142 418.595
1938 828.666 85.9024
1939 552.635 506.365
1940 774.116 820.576
1941 1179.91 676.343
1942 247.143 943.836
1943 992.177 40.3055
1944 1054 533.732
1945 592.431 162.403
1946 823.565 953.499
1947 178.806 116.857
1948 694.589 241.329
1949 1328.46 424.803
1950 627.011 945.515
1951 1054.1 293.877
1952 1085.98 977.698
1953 322.359 1005.87
1954 813.066 645.143
1955 0 1021.94
1956 576.67 1178.39
1957 378.24 1089.42
1958 600.459 505.014
1959 1284.11 904.529
1960 921.63 714.053
1961 1129.1 363.197
1962 79.6913 436.324
1963 1123.94 1157.64
1964 335.033 138.86
1965 269.827 776.356
1966 1211.47 577.42
1967 712.727 866.614
1968 1009.91 511.622
1969 889.458 413.313
1970 42.5533 499.241
1971 1208.45 256.765
1972 308.204 51.115
1973 70.8346 191.269
1974 1236.49 291.42
1975 287.681 983.839
1976 31.0362 97.4488
1977 1148.46 1330.79
1978 42.8094 868.4
1979 1310.69 1024.78
1980 1296.78 1340.35
1981 733.773 768.592
1982 865.82 635.398
1983 888.954 1220.44
1984 1100.11 1070.27
1985 504.277 918.271
1986 1113.05 1235.53
1987 1120.61 858.507
1988 203.519 397.836
1989 122.425 1104.04
1990 1340.84 713.439
1991 1341.62 798.261
1992 381.524 985.257
1993 782.293 221.962
1994 19.8583 1150.39
1995 283.707 255.061
1996 170.086 485.172
1997 164.517 1306.89
1998 980.467 1134.83
1999 487.349 1313.57
2000 393.235 716.346
2001 1163.9 1085.65
2002 789.291 1047.09
2003 108.135 654.11
2004 287.187 565.342
2005 1026.47 198.517
2006 24.3213 974.201
2007 1333.97 46.063
2008 542.009 369.241
2009 1334.82 67.2724
2010 934.262 510.557
2011 515.537 346.271
2012 928.499 385.348
2013 79.3512 382.139
2014 1068.77 270.579
2015 1127.87 1041.28
2016 739.2 637.839
2017 35.5926 562.501
2018 39.831 461.203
2019 1039.92 1135.36
2020 733.388 1274.47
2021 267.042 396.428
2022 572.585 1073.43
2023 1289.35 962.132
2024 1063.73 828.97
2025 1107.48 897.732
2026 730.582 404.535
2027 817.406 1225.7
2028 948.161 313.556
2029 856.016 122.998
2030 667.824 609.505
2031 261.066 84.0346
2032 300.494 1312.08
2033 33.6682 554.435
2034 434.384 695.827
2035 258.157 1219.97
2036 493.222 927.893
2037 718.42 194.422
2038 1340.23 820.945
2039 279.694 758.954
2040 972.277 725.543
2041 816.031 395.994
2042 61.9087 497.603
2043 1020.43 464.397
2044 978.46 11.4394
2045 44.7444 1234.63
2046 508.015 442.532
2047 945.131 1084.03
2048 337.754 394.315
2049 1034.19 327.846
2050 1258.03 488.488
2051 695.531 0.327559
2052 545.438 872.756
2053 1238.02 168.954
2054 910.554 786.935
2055 1250.43 133.439
2056 531.424 225.647
2057 34.0777 842.866
2058 1055.19 81.8488
2059 158.457 806.696
2060 559.839 676.957
2061 787.165 926.869
2062 1263.86 123.669
2063 194.5 1167.13
2064 820.558 860.431
2065 1041.81 1268.27
2066 1244.07 1064.77
2067 575.808 1220.62
2068 93.7648 171.6
2069 1171.56 832.327
2070 108.058 1245.3
2071 1191.37 234.261
2072 190.948 333.291
2073 850.384 1254.08
2074 1338.38 94.4598
2075 681.806 809.25
2076 619.824 789.883
2077 112.598 819.609
2078 676.257 25.2787
2079 888.854 1070.18
2080 190.907 279.424
2081 681.428 721.178
2082 1029.9 163.165
2083 301.928 9.92441
2084 1277.36 673.912
2085 254.423 1306.65
2086 257.261 1089.83
2087 1055.2 760.28
2088 1133.32 702.589
2089 1185.72 910.138
2090 659.797 928.589
2091 1333.83 1323.13
2092 1302.99 1195.22
2093 1165.13 429.241
2094 603.118 849.279
2095 1225.36 1270.27
2096 816.359 1095.85
2097 1234.98 223.641
2098 1162.03 325.635
2099 260.86 330.302
2100 172.104 851.326
2101 306.022 1302.62
2102 502.598 800.841
2103 1252.34 733.896
2104 993.437 1253.42
2105 731.644 691.083
2106 737.294 841.868
2107 471.48 916.976
2108 483.641 421.282
2109 1025.59 123.654
2110 13.3071 748.39
2111 351.553 711.663
2112 188.072 899.575
2113 1230.72 75.011
2114 1311.38 553.099
2115 394.913 778.624
2116 858.942 636.242
2117 918.68 885.187
2118 956.309 570.214
2119 958.05 185.824
2120 1116.32 210.268
2121 574.224 788.475
2122 408.139 313.638
2123 843.874 1286.71
2124 1303.32 1165.8
2125 323.874 782.498
2126 113.581 696.923
2127 1016.12 470.334
2128 604.92 377.568
2129 77.2546 850.138
2130 655.159 915.379
2131 87.9611 805.304
2132 44.0588 1283.38
2133 782.622 798.973
2134 445.316 341.578
2135 855.853 447.773
2136 416.319 921.833
2137 418.866 611.798
2138 952.329 105.694
2139 244.452 674.378
2140 875.71 1044.68
2141 912.345 616.932
2142 562.05 1279.17
2143 955.563 117.225
2144 1063.26 752.009
2145 249.968 1203.25
2146 870.745 52.7937
2147 939.235 560.387
2148 799.776 1033.34
2149 363.877 103.427
2150 844.201 1190.64
2151 1335.89 168.913
2152 1315.23 740.954
2153 869.505 185.235
2154 1276.83 682.224
2155 735.943 779.345
2156 12.611 1035.74
2157 341.235 280.202
2158 1336.75 1310.89
2159 240.387 1194.98
2160 115.505 846.183
2161 197.766 332.939
2162 584.406 47.3732
2163 254.044 216.205
2164 1016.71 1193.67
2165 779.029 682.69
2166 1130.28 397.698
2167 1271.44 381.934
2168 509.641 1137.75
2169 919.357 1121.05
2170 1197.02 710.926
2171 713.096 963.858
2172 175.817 870.661
2173 651.597 1062.99
2174 240.551 87.4992
2175 394.217 1223.37
2176 1042.74 227.94
2177 1165.13 512.23
2178 509.735 1272.4
2179 488.145 959.216
2180 430.618 392.006
2181 589.986 314.35
2182 1185.35 1116.03
2183 299.025 729.228
2184 739.876 166.031
2185 479.956 1253.95
2186 1063.63 497.685
2187 872.412 770.296
2188 763.644 1228.4
2189 390.863 420.872
2190 359.087 368.929
2191 587.109 47.3071
2192 472.504 507.553
2193 973.968 74.126
2194 573.875 757.496
2195 1081.64 781.105
2196 1037.01 701.058
2197 48.6425 1107.52
2198 202.27 1150.98
2199 163.75 659.786
2200 1126.43 1104.42
2201 436.29 998.482
2202 504.441 883.483
2203 587.764 1155.28
2204 1060.62 715.307
2205 422.756 142.693
2206 1263.35 920.318
2207 566.964 821.616
2208 100.449 122.236
2209 267.699 697.25
2210 385.087 440.255
2211 470.715 77.7134
2212 1011.67 1323.83
2213 896.398 964.595
2214 23.4205 1013.75
2215 345.902 1042.95
2216 473.571 102.378
2217 999.505 233.304
2218 545.357 214.403
2219 1154.83 730.431
2220 34.61 747.956
2221 654.176 1259.56
2222 261.128 199.376
2223 353.991 1333.21
2224 788.252 1333.57
2225 319.902 352.208
2226 789.868 1053.39
2227 618.104 692.148
2228 984.765 1223.9
2229 408.139 559.143
2230 67.4898 1215.75
2231 151.866 581.253
2232 1058.81 100.658
2233 502.764 1208.37
2234 1341.46 274.715
2235 937.998 1161.57
2236 581.622 1075.87
2237 198.533 874.132
2238 666.91 1333.57
2239 920.4 352.413
2240 181.468 425.172
2241 509.355 188.813
2242 432.951 601.496
2243 236.17 483.083
2244 289.431 63.8331
2245 108.094 1227.69
2246 94.337 1341.17
2247 982.69 707.298
2248 225.055 831.304
2249 1073.02 274.699
2250 1209.26 122.236
2251 1157.43 926.721
2252 919.99 800.775
2253 28.2635 989.474
2254 1048.57 627.66
2255 1067.6 1059
2256 1172.17 1223.69
2257 975.646 958.29
2258 750.643 974.299
2259 243.532 660.866
2260 1026.49 353.37
2261 1033.72 875.729
2262 1124.04 737.868
2263 634.195 73.7008
2264 922.816 674.772
2265 726.065 899.978
2266 167.26 950.412
2267 373.879 729.49
2268 520.451 824.646
2269 676.043 984.453
2270 425.54 485.197
2271 807.506 1302.8
2272 497.316 30.5449
2273 883.429 1340.76
2274 243.071 945.024
2275 347.879 501.288
2276 995.82 820.06
2277 20.1449 294.45
2278 100.665 682.674
2279 900.173 1.47402
2280 1266.3 1063.03
2281 3.52126 420.504
2282 322.564 896.079
2283 653.287 958.167
2284 618.893 653.537
2285 1189.98 1009.88
2286 259.672 1238.25
2287 1225.11 370.224
2288 355.454 1188.44
2289 1246.1 595.805
2290 784.995 486.466
2291 1156.14 733.118
2292 696.513 313.024
