1 111.22 51.1968
2 75.6619 179.816
3 135.105 396.292
4 315.617 349.276
5 246.833 352.099
6 215.916 28.1701
7 264.581 342.449
8 324.215 368.724
9 437.967 23.1769
10 22.9155 37.3165
11 354.374 162.69
12 311.195 233.126
13 245.765 333.307
14 381.926 402.804
15 279.302 268.096
16 51.9181 304.07
17 307.946 83.7207
18 380.855 192.768
19 159.903 129.509
20 299.307 129.429
21 170.181 306.188
22 333.52 254.27
23 170.142 178.781
24 134.548 369.039
25 145.482 138.708
26 95.4425 314.402
27 217.359 66.1627
28 392.003 297.546
29 88.6278 373.881
30 159.494 403.555
31 240.906 221.334
32 198.217 129.415
33 195.252 167.956
34 346.394 413.436
35 254.936 49.2451
36 344.428 99.305
37 337.413 248.126
38 141.055 73.7144
39 160.654 428.27
40 349.473 67.1653
41 30.6404 167.096
42 122.435 344.826
43 76.78 416.657
44 112.066 197.928
45 49.0299 218.127
46 442.552 326.756
47 80.7706 193.794
48 164.462 350.722
49 213.072 154.037
50 237.862 416.341
51 216.668 26.9029
52 297.627 210.539
53 342.477 181.388
54 417.984 163.397
55 270.837 394.258
56 179.079 13.494
57 10.5092 309.75
58 229.783 385.158
59 85.9181 100.356
60 139.931 71.2441
61 122.075 298.989
62 173.049 225.77
63 175.899 229.196
64 138.795 276.38
65 140.481 169.623
66 264.245 300.958
67 298.707 154.27
68 296.414 4.28556
69 287.542 208.18
70 15.8457 152.87
71 399.581 231.648
72 249.463 170.319
73 115.159 216.517
74 161.732 341.209
75 394.715 292.935
76 155.981 21.9423
77 306.814 27.7879
78 210.457 117.089
79 164.115 381.649
80 251.585 109.639
81 394.376 182.355
82 43.4373 82.7244
83 69.3218 367.728
84 404.333 377.839
85 96.5575 127.586
86 430.214 98.147
87 144.795 317.241
88 178.951 419.714
89 151.564 81.9034
90 264.722 109.762
91 158.416 270.714
92 216.641 253.847
93 49.5045 45.1213
94 5.75958 385.141
95 119.085 332.188
96 198.05 296.743
97 233.831 67.368
98 3.91706 130.628
99 393.735 216.53
100 374.536 73.4845
101 143.239 294.912
102 7.80682 16.1869
103 356.63 49.0929
104 201.205 191.583
105 58.4829 432.351
106 312.513 414.426
107 344.188 21.0614
108 386.806 273.826
109 173.524 278.876
110 278.497 92.3716
111 169.054 303.661
112 439.007 44.4136
113 14.358 228.431
114 28.6614 272.709
115 93.6546 279.626
116 446.042 118.494
117 220.17 207.045
118 203.988 42.3664
119 4.72231 194.106
120 86.6803 244.211
121 118.249 102.54
122 296.311 73.4845
123 276.091 441.975
124 60.2026 158.62
125 237.216 184.32
126 52.2866 407.376
127 54.0199 214.458
128 406.733 213.994
129 221.116 141.481
130 75.852 281.387
131 222.871 405.518
132 439.715 315.073
133 209.06 166.184
134 91.2115 249.3
135 240.525 85.0037
136 361.298 126.834
137 192.645 54.2541
138 171.84 30.2331
139 96.8588 63.9444
140 32.5102 346.175
141 55.0866 164.601
142 21.4005 4.05354
143 46.0493 92.1554
144 168.965 10.6478
145 70.589 134.436
146 441.862 233.618
147 343.841 256.151
148 158.197 360.793
149 246.679 61.3659
150 220.324 18.9848
151 362.786 271.424
152 352.467 337.177
153 212.428 256.083
154 396.885 434.768
155 15.3816 343.837
156 13.9486 314.852
157 213.719 441.538
158 356.398 354.789
159 172.31 382.339
160 197.272 46.1722
161 346.776 33.7543
162 230.8 216.721
163 400.632 197.329
164 242.489 90.0063
165 300.626 245.378
166 124.623 155.907
167 4.28556 110.92
168 325.28 306.977
169 420.041 13.5486
170 131.378 419.999
171 26.9554 426.074
172 250.541 308.356
173 434.379 107.987
174 264.982 183.244
175 229.237 369.093
176 368.131 211.455
177 302.24 191.54
178 424.516 425.529
179 423.915 161.216
180 411.375 150.324
181 230.274 249.081
182 80.7013 250.542
183 117.457 99.0751
184 40.1753 101.584
185 59.9118 248.374
186 312.764 118.081
187 89.6777 39.0362
188 341.851 260.014
189 91.9737 233.715
190 20.2814 430.385
191 442.813 88.6824
192 155.982 60.421
193 401.517 316.779
194 335.641 221.635
195 277.06 357.096
196 70.0021 420.299
197 53.4467 83.2976
198 117.834 22.2058
199 253.817 6.91968
200 255.075 424.735
201 128.471 437.264
202 67.7365 119.165
203 386.315 373.924
204 225.388 152.178
205 391.284 241.959
206 317.296 444.93
207 275.423 344.785
208 158.691 436.788
209 83.8394 203.293
210 214.967 395.12
211 155.866 395.243
212 116.775 237.726
213 324.888 189.875
214 340.415 50.3895
215 307.044 319.147
216 434.856 338.055
217 69.9066 46.3087
218 76.6625 181.361
219 194.777 137.793
220 410.765 117.978
221 432.472 444.977
222 40.8168 395.268
223 296.414 89.2598
224 139.745 341.592
225 49.4782 300.272
226 437.191 173.306
227 319.396 385.564
228 52.4231 65.0341
229 321.552 370.335
230 239.299 192.768
231 412.492 357.872
232 426.877 57.1727
233 446.315 290.013
234 326.672 317.186
235 1.78793 98.9795
236 5.1727 214.99
237 435.758 395.295
238 120.514 52.0409
239 149.146 257.379
240 118.026 10.2929
241 2.64777 288.227
242 312.819 412.617
243 162.469 118.633
244 136.701 208.696
245 313.315 424.421
246 390.792 326.972
247 438.084 434.1
248 107.535 129.047
249 43.5874 415.333
250 248.686 200.644
251 87.3627 102.253
252 444.215 118.422
253 226.057 174.152
254 311.208 107.899
255 51.8509 64.3926
256 402.188 261.993
257 204.752 424.3
258 136.06 346.476
