1 766.467 201.933
2 371.208 1145.36
3 326.931 122.642
4 1102.13 648.697
5 857.84 575.844
6 1167.79 1098.84
7 88.3617 1059.81
8 133.333 26.877
9 698.748 572.022
10 34.2796 137.514
11 393.212 1024.53
12 188.499 1140.88
13 536.137 189.86
14 1130.34 343.26
15 293.575 1042.99
16 1010.95 584.848
17 631.973 726.328
18 628.344 782.255
19 1161.14 211.198
20 744.491 863.438
21 165.695 188.654
22 224.63 1061.86
23 437.289 767.75
24 746.789 126.425
25 160.512 304.386
26 780.48 425.641
27 1212.64 903.71
28 195.594 1225.58
29 567.467 1231.4
30 549.496 134.696
31 648.838 333.377
32 1045.73 500.606
33 299.908 532.038
34 1037.92 510.913
35 816.061 1065.34
36 275.411 37.4542
37 785.482 1175.39
38 1194.24 248.189
39 80.7619 373.177
40 541.796 627.341
41 934.366 979.325
42 1152 437.422
43 132.265 799.25
44 451.832 320.136
45 360.322 1183.81
46 177.627 940.953
47 1156.55 1085.25
48 712.692 10.4615
49 473.042 1064.87
50 495.588 668.192
51 1040.8 745.784
52 642.241 638.034
53 774.207 1055.46
54 272.075 491.689
55 1029.47 84.0097
56 640.388 665.326
57 808.69 155.696
58 568.316 498.946
59 654.17 1227.27
60 1200.02 558.404
61 132.397 1214.84
62 38.4874 995.075
63 1088.65 405.488
64 704.354 80.5354
65 912.378 69.4949
66 1131.42 177.043
67 1207.11 826.07
68 133.142 984.111
69 900.304 515.632
70 494.391 720.529
71 168.332 969.22
72 488.33 657.036
73 308.285 951.332
74 814.991 206.613
75 1036.48 936.593
76 573.026 158.205
77 832.177 278.677
78 577.79 971.883
79 962.339 228.222
80 777.507 708.639
81 918.872 1063.33
82 1232.08 1222.22
83 470.975 430.396
84 1052.01 50.0775
85 293.77 405.256
86 517.013 1152.65
87 884.21 452.275
88 1155.47 275.241
89 884.487 304.309
90 742.108 366.662
91 746.95 235.064
92 831.188 466.76
93 1046.64 101.15
94 795.38 31.502
95 962.709 827.653
96 1177.82 923.769
97 541.509 371.401
98 560.695 619.05
99 295.083 273.002
100 244.821 107.094
101 529.327 872.857
102 1076.51 1163.96
103 852.088 528.323
104 223.246 1080.55
105 563.44 947.718
106 464.774 470.119
107 341.669 139.521
108 261.661 1235.03
109 156.42 587.125
110 559.978 449.727
111 1116.56 1204.43
112 863.897 119.4
113 453.858 415.804
114 223.472 1005.35
115 825.127 256.827
116 1101.04 1117.33
117 307.574 385.762
118 953.016 393.561
119 858.299 1072.78
120 1142.35 1125.09
121 467.624 1043.14
122 630.931 1099.16
123 1097.67 1016.62
124 742.185 961.799
125 94.0374 533.351
126 1183.31 1153.43
127 452.854 359.666
128 1221.83 292.575
129 201.551 464.985
130 404.986 11.7354
131 982.573 547.046
132 1106.01 549.48
133 1052.86 997.361
134 363.14 741.22
135 247.678 1014.65
136 1102.9 1128.18
137 330.374 479.066
138 729.831 190.044
139 1119.46 895.056
140 501.344 908.728
141 423.579 1058.96
142 824.607 905.331
143 83.7303 1094.98
144 582.329 1046.26
145 866.294 1247.01
146 50.6474 974.084
147 288.868 560.335
148 636.876 47.4819
149 971.72 636.953
150 301.375 432.935
151 791.559 635.842
152 203.632 805.842
153 546.422 739.415
154 85.6219 331.486
155 262.815 20.3916
156 345.921 851.818
157 926.519 653.977
158 395.616 826.186
159 315.002 12.2464
160 154.683 1202.31
161 761.8 353.614
162 539.594 335.114
163 109.661 617.883
164 428.959 50.765
165 9.49639 894.899
166 559.383 590.166
167 600.456 313.651
168 1180.76 475.137
169 769.516 1235.2
170 460.122 613.761
171 557.044 476.634
172 439.006 845.217
173 672.584 181.474
174 597.98 714.391
175 839.835 780.751
176 808.976 41.6546
177 1144.47 611.561
178 1111.85 705.328
179 442.47 956.056
180 201.962 1112.05
181 194.164 31.5774
182 247.215 905.594
183 815.18 1245.7
184 320.87 175.731
185 93.6493 1126.06
186 137.698 696.72
187 181.474 68.8772
188 173.19 636.798
189 1049.43 1150.58
190 766.997 164.99
191 495.572 1192.8
192 1038.27 1047.07
193 879.269 262.009
194 1232.7 272.811
195 12.4302 748.67
196 903.313 10.6159
197 29.1454 1145.75
198 1163.43 503.656
199 930.916 292.11
200 96.9042 117.324
201 481.723 206.566
202 706.52 385.453
203 836.619 1038.32
204 286.088 1111.08
205 491.551 1160.54
206 6.79416 402.631
207 185.797 610.318
208 1082.24 452.352
209 496.768 477.367
210 699.374 1157.53
211 125.985 442.865
212 412.779 957.63
213 366.413 234.553
214 1222.66 1010.55
215 257.329 1132.47
216 1012.6 428.119
217 895.797 228.531
218 1121.46 263.36
219 442.74 127.12
220 762.297 1254.64
221 261.575 757.897
222 685.048 180.016
223 558.627 444.44
224 661.582 830.364
225 998.502 1168.63
226 1162.15 595.077
227 676.665 628.306
228 899.841 270.27
229 1141.84 156.266
230 478.873 582.03
231 915.176 153.216
232 877.721 350.478
233 125.306 953.19
234 249.444 650.155
235 550.459 1078.11
236 1108.74 1023.29
237 516.618 976.815
238 933.155 928.523
239 628.537 558.125
240 883.611 722.545
241 783.706 395.19
242 659.558 623.103
243 1060.55 810.165
244 1110.21 1185.77
245 157.416 599.285
246 779.961 224.325
247 226.109 372.684
248 586.301 277.366
249 112.014 164.876
250 464.379 294.774
251 71.9726 681.008
252 205.083 1213.31
253 651.053 924.787
254 630.22 591.642
255 1018.61 623.673
256 386.837 85.2745
257 1102.43 799.134
258 1034.29 63.357
259 232.068 112.142
260 907.151 678.299
261 695.282 559.438
262 1064.75 318.052
263 976.584 647.878
264 813.833 251.277
265 599.128 30.7281
266 1247.66 368.168
267 679.764 773.068
268 380.947 468.102
269 193.711 478.023
270 94.5392 859.191
271 994.912 704.856
272 1135.3 976.236
273 294.234 1008.16
274 611.32 377.346
275 88.6614 1191.1
276 403.889 672.47
277 536.111 761.38
278 199.138 106.352
279 190.283 755.783
280 271.584 420.312
281 622.978 656.023
282 492.036 849.463
283 436.639 0.501842
284 900.574 862.173
285 685.014 843.017
286 105.85 143.218
287 426.334 975.744
288 140.554 388.927
289 210.387 551.91
290 1018.59 195.882
291 474.858 276.592
292 173.792 324.469
293 693.437 717.758
294 978.205 844.261
295 511.377 50.879
296 737.815 657.297
297 126.541 260.233
298 870.821 1187.32
299 294.079 1225.07
300 479.466 438.996
301 424.211 294.621
302 1076.45 493.774
303 48.9173 1078.14
304 185.488 266.68
305 1163.46 1174.24
306 848.051 344.157
307 1152.65 1186.93
308 333.995 752.376
309 325.888 1216.77
310 260.332 504.669
311 412.784 776.812
312 38.6072 260.07
313 1006.77 159.942
314 1120.8 274.314
315 702.651 891.116
316 1094 188.964
317 619.307 247.255
318 834.231 506.783
319 521.413 297.013
320 1126.05 1039.51
321 834.116 316.392
322 338.087 197.726
323 983.638 171.678
324 257.985 148.043
325 186.772 1173.39
326 1031.17 1210.52
327 85.0418 551.912
328 663.473 1078.39
329 493.52 749.22
330 1000.88 305.776
331 783.837 673.085
332 269.026 581.759
333 211.33 294.667
334 1168.24 658.493
335 1140.62 362.879
336 871.305 55.7136
337 946.25 1227.13
338 1023.29 675.826
339 1239.4 1103.09
340 263.174 187.35
341 856.875 969.211
342 903.845 1133.71
343 884.824 252.542
344 602.828 849.656
345 26.9064 447.72
346 170.24 549.719
347 737.718 797.504
348 1145.01 1237.62
349 306.008 505.123
350 971.295 620.594
351 1129.39 677.602
352 413.016 101.14
353 928.754 745.003
354 749.812 525.469
355 306.446 367.234
356 470.931 835.537
357 233.125 727.979
358 1149.53 1040.09
359 73.7991 289.881
360 832.504 119.332
361 1158.99 450.192
362 1207.89 740.534
363 454.282 932.508
364 149.24 346.039
365 580.679 1252.95
366 662.933 991.108
367 366.88 656.256
368 1052.36 721.85
369 846.761 601.013
370 1169.87 524.116
371 991.653 1211.49
372 1114.27 402.023
373 991.403 83.7009
374 384.99 909.646
375 637.27 111.418
376 854.289 443.946
377 1229.34 655.723
378 692.287 91.8848
379 615.963 1134.02
380 1158.64 889.813
381 259.607 630.631
382 151.4 1140.27
383 1044.74 397.815
384 1113.61 725.316
385 700.764 1145.55
386 608.502 472.503
387 111.992 205.253
388 597.909 1010.21
389 338.572 882.739
390 691.113 1251.41
391 434.672 919.151
392 128.896 493.272
393 1114.4 854.669
394 1186.27 314.162
395 400.478 311.644
396 999.668 886.021
397 686.909 41.4304
398 916.363 1132.42
399 678.933 1149.83
400 485.909 397.227
401 551.662 1116.29
402 361.505 687.909
403 415.181 1253.41
404 531.682 360.517
405 846.568 693.13
406 1022.75 28.8752
407 1028.27 198.961
408 998.693 1159.61
409 1113.56 64.699
410 932.422 811.333
411 109.324 834.224
412 559.476 1085.42
413 289.431 63.8974
414 221.997 1020.21
415 391.058 294.359
416 786.656 433.514
417 654.637 1016.46
418 938.125 405.527
419 93.7265 497.836
420 1016.06 10.5387
421 1216.7 332.074
422 728.095 428.804
423 413.054 43.708
424 371.335 345.655
425 968.178 250.274
426 1051.67 675.449
427 1195.19 638.458
428 830.316 827.121
429 1143.14 148.199
430 501.34 1113.59
431 201.818 864.48
432 643.29 1151.07
433 627.271 1009.79
434 1101.19 365.843
435 952.766 1235.57
436 712.885 974.152
437 598.812 282.151
438 667.527 888.076
439 549.72 207.887
440 949.025 786.279
441 509.087 683.74
442 1029.08 379.045
443 402.758 786.812
444 476.479 1254.57
445 919.93 767.393
446 1058.42 619.967
447 58.7764 527.213
448 16.2133 810.513
449 1093.26 440.233
450 1009.57 672.506
451 1226.07 629.087
452 824.562 1124.91
453 325 145.341
454 453.317 1115.68
455 521.684 1183.04
456 1201.68 68.6365
457 939.053 612.517
458 746.822 1105.13
459 1171.22 702.549
460 449.66 1221.33
461 830.353 597.008
462 646.295 973.611
463 273.465 1170.73
464 989.25 566.425
465 1034.5 187.389
466 520.873 457.295
467 329.478 1086.92
468 557.816 745.244
469 379.473 1194.16
470 377.379 1201.45
471 841.936 461.656
472 1030.63 1024.61
473 205.564 230.509
474 496.329 1117.41
475 323.997 456.599
476 115.84 569.32
477 1003.26 782.564
478 1081.35 229.535
479 444.03 583.805
480 550.906 63.743
481 245.401 841.829
482 935.209 335.616
483 829.985 547.239
484 108.629 1154.24
485 1010.21 1183.31
486 1249.86 4.8254
487 1238.37 16.7924
488 255.878 1101.01
489 241.821 148.284
490 662.624 336.89
491 29.8017 168.58
492 963.534 1095.34
493 837.842 993.385
494 844.599 748.516
495 630.4 394.225
496 883.676 1104.44
497 158.389 1251.05
498 1227.39 731.424
499 621.357 1089.82
500 433.678 395.808
501 634.733 1034.64
502 240.9 611.899
503 1192.72 185.064
504 468.527 475.477
505 169.648 1237.89
506 1229.48 484.055
507 785.15 1153.62
508 465.941 772.305
509 795.458 893.056
510 781.908 211.391
511 1028.74 276.978
512 1062.67 112.026
513 987.447 1119.62
514 109.554 349.166
515 723.54 70.1898
516 583.256 946.784
517 754.075 532.107
518 937.964 369.741
519 340.374 973.457
520 396.378 149.317
521 545.154 675.17
522 1089.8 266.439
523 470.504 885.519
524 377.891 566.125
525 635.583 519.917
526 248.643 918.756
527 821.862 1247.35
528 584.645 255.244
529 1134.2 108.754
530 893.741 1078.69
531 1058.73 1064.21
532 1058.34 474.674
533 406.299 905.331
534 788.046 1145.1
535 391.91 980.415
536 241.703 669.234
537 306.509 583.873
538 508.414 237.95
539 798.7 558.202
540 258.603 122.42
541 129.437 1090.67
542 917.204 722.227
543 1061.51 306.008
544 412.012 1081.28
545 70.3838 769.516
546 242.853 746.047
547 993.569 923.661
548 341.445 372.638
549 208.033 748.593
550 304.386 250.891
551 1024.34 1234.53
552 778.815 1006.04
553 937.402 882.276
554 620.778 1215.38
555 81.8646 616.379
556 1223.21 1255.8
557 1099.96 936.477
558 727.168 897.138
559 662.26 198.391
560 280.733 538.939
561 399.698 729.755
562 339.409 105.58
563 101.441 412.977
564 838.23 1146.17
565 1234.99 415.071
566 133.799 701.883
567 512.764 1014.66
568 695.469 229.187
569 842.57 161.979
570 325.949 1058.38
571 535.649 510.913
572 727.063 446.532
573 543.671 1052.18
574 438.124 868.991
575 373.602 934.014
576 475.205 866.612
577 387.576 408.617
578 125.759 915.098
579 980.96 631.133
580 929.411 757.047
581 1036.49 870.309
582 367.695 792.64
583 177.52 452.593
584 31.7704 696.595
585 836.917 68.8295
586 323.919 263.322
587 114.688 478.255
588 652.085 300.11
589 56.6695 950.179
590 1086.14 1094.09
591 544.228 686.828
592 703.621 808.119
593 272.953 129.745
594 635.74 9.73714
595 216.139 561.059
596 571.201 993.617
597 846.414 842.399
598 1181.61 759.18
599 813.833 1116.45
600 283.425 986.428
601 31.1914 255.099
602 281.856 1226.55
603 716.553 413.558
604 515.623 894.899
605 660.631 375.295
606 911.151 947.091
607 860.664 660.348
608 155.928 336.204
609 307.861 1095.29
610 900.69 41.8862
611 546.274 1207.39
612 623.484 756.237
613 1021.16 1001.6
614 1086.83 1158.98
615 1104.17 642.977
616 918.677 485.242
617 187.66 78.9913
618 210.237 527.86
619 701.034 32.3881
620 275.897 847.458
621 239.75 1162.73
622 1042.35 211.082
623 1183.56 1225.57
624 127.545 512.264
625 722.845 1201.64
626 985.926 348.55
627 126.05 240.468
628 654.011 1240.55
629 618.5 820.327
630 986.846 844.445
631 155.662 368.129
632 496.592 427.038
633 504.003 218.156
634 834.353 179.312
635 544.821 801.682
636 531.828 1037.51
637 217.405 438.966
638 167.967 732.659
639 955.275 467.909
640 583.266 100.525
641 1042.13 161.477
642 486.246 537.125
643 518.904 2.62502
644 75.199 726.165
645 161.13 213.06
646 165.248 655.53
647 236.205 81.4233
648 878.03 1007.48
649 362.677 319.673
650 960.602 724.861
651 147.464 162.953
652 909.26 146.918
653 1138.98 558.443
654 256.548 278.138
655 615.975 847.041
656 836.078 73.664
657 1197.93 805.619
658 1130.55 756.748
659 232.7 862.204
660 985.04 899.57
661 1029.79 530.717
662 1165.42 710.917
663 411.433 94.973
664 803.068 734.928
665 1112.31 1222.3
666 867.142 943.163
667 933.832 175.066
668 1224.77 1163.08
669 111.679 181.56
670 152.487 535.002
671 814.209 334.969
672 1161.65 858.033
673 661.582 915.861
674 344.909 72.381
675 805.958 919.923
676 1094.63 27.4174
677 809.972 622.023
678 48.9265 1093.41
679 224.014 444.371
680 869.058 869.267
681 182.804 757.163
682 1191.26 1088.16
683 1073.9 1107.8
684 1044.34 657.799
685 583.179 955.207
686 454.167 1166.32
687 1187.82 1041.52
688 874.092 935.519
689 435.076 674.514
690 1243.26 449.042
691 442.693 986.437
692 76.3256 1181.41
693 60.5725 849.55
694 226.794 466.327
695 1108.91 866.217
696 40.4562 1250.78
697 1217.95 1198.63
698 566.193 82.4582
699 109.17 10.6545
700 310.252 332.605
701 836.763 501.889
702 571.713 698.641
703 229.149 341.763
704 477.713 694.858
705 1243.07 221.012
706 917.287 183.481
707 1013.84 832.324
708 727.439 486.632
709 1127.65 758.785
710 919.963 294.002
711 318.133 708.6
712 510.34 1097.5
713 642.644 213.369
714 602.452 892.699
715 362.699 538.708
716 729.639 618.818
717 1244.08 311.566
718 789.813 1205.05
719 199.347 950.76
720 840.58 1164.58
721 128.085 930.964
722 882.392 955.584
723 1048.89 252.079
724 698.486 929.797
725 387.962 945.122
726 427.868 526.509
727 622.03 463.161
728 244.716 406.925
729 527.937 542.722
730 102.028 819.825
731 539.796 628.46
732 594.412 497.913
733 225.134 817.925
734 21.6564 990.529
735 921.729 965.582
736 815.145 390.326
737 1012.95 1066.14
738 561.985 304.309
739 725.836 277.596
740 979.156 695.128
741 1144.2 787.051
742 399.61 771.185
743 1263.94 1188.17
744 562.526 550.752
745 771.794 51.3037
746 1099.53 85.4289
747 870.657 835.112
748 181.744 50.8036
749 243.586 458.191
750 52.4211 320.522
751 780.981 691.856
752 913.246 93.0723
753 522.765 1135.37
754 164.169 633.951
755 917.593 108.243
756 659.883 152.137
757 795.718 269.682
758 964.192 1186.97
759 621.087 1262.98
760 59.9812 1097.49
761 638.613 157.964
762 479.838 714.246
763 894.96 368.322
764 587.116 415.718
765 50.0724 1154.39
766 1139.88 207.386
767 614.006 394.332
768 268.485 27.4413
769 781.835 763.61
770 23.3163 933.08
771 1043.25 941.069
772 547.471 795.419
773 33.3146 383.523
774 284.272 594.19
775 807.811 485.908
776 1209.34 576.23
777 1156.47 959.174
778 928.947 862.473
779 853.23 946.589
780 191.24 681.24
781 210.192 186.26
782 667.141 528.941
783 1101.81 350.488
784 726.474 317.629
785 716.9 556.783
786 568.548 165.492
787 412.089 163.678
788 350.054 606.157
789 157.655 1012.92
790 1063.14 236.492
791 1108.36 908.451
792 429.769 1008.02
793 517.374 1129.72
794 201.1 1123.59
795 277.017 297.785
796 77.5924 1034.38
797 746.127 208.505
798 899.107 459.889
799 214.199 791.645
800 737.486 941.378
801 1199.55 996.319
802 1127.25 174.872
803 42.3457 74.8607
804 21.3862 226.919
805 504.497 500.722
806 210.928 215.444
807 615.821 25.6343
808 461.434 1238.59
809 939.051 645.291
810 919.809 1201.77
811 43.1584 1004.57
812 721.408 1014.99
813 384.758 183.066
814 319.943 66.5151
815 1072.94 60.4617
816 103.148 1039.43
817 1253.56 679.532
818 373.618 569.127
819 154.76 1190.8
820 1164.08 298.017
821 1122.62 385.337
822 1034.35 446.031
823 227.373 1109.22
824 461.306 160.058
825 338.28 1032.84
826 795.48 828
827 99.072 1210.03
828 111.998 87.677
829 952.225 1105.87
830 1186.12 391.089
831 1219.35 797.397
832 472.406 853.169
833 1178.15 328.822
834 333.802 971.181
835 660.753 542.577
836 882.392 707.83
837 1126.67 460.922
838 963.79 279.68
839 503.386 824.535
840 806.112 1011.67
841 636.683 22.5846
842 1259.17 946.28
843 618.655 889.572
844 469.978 29.5792
845 1116.94 102.993
846 1009.32 827.199
847 637.18 639.848
848 140.14 391.368
849 644.094 757.59
850 780.258 442.702
851 605.221 605.346
852 708.527 350.826
853 380.975 993.771
854 591.87 218.996
855 826.454 19.581
856 602.21 1160.91
857 391.514 714.393
858 1252.47 1062.13
859 64.1361 13.4339
860 661.736 367.387
861 506.049 321.526
862 1135.34 243.972
863 132.098 666.146
864 1031.59 596.043
865 210.58 1082.36
866 146.306 852.166
867 897.291 325.888
868 899.04 633.363
869 1001.89 123.414
870 627.186 739.26
871 506.795 1205.08
872 52.5755 823.059
873 797.426 50.8882
874 1253.28 983.734
875 1062.92 754.5
876 301.231 779.555
877 1068.07 417.841
878 796.384 144.802
879 889.456 586.151
880 452.413 885.296
881 711.126 211.777
882 290.367 85.2359
883 577.118 934.207
884 449.843 258.68
885 987.305 515.739
886 1053.27 324.237
887 764.15 1028.55
888 1045.09 1000.8
889 53.6971 605.987
890 132.447 1070.85
891 978.219 813.331
892 334.651 216.525
893 314.831 271.351
894 774.736 479.229
895 1212.49 1185.2
896 243.895 707.722
897 1247.72 260.959
898 977.549 106.39
899 841.666 86.4417
900 583.912 1122.97
901 132.612 34.3568
902 326.189 186.376
903 267.754 972.848
904 861.081 106.091
905 1226.64 1004.93
906 932.615 417.764
907 314.608 724.707
908 848.909 151.209
909 730.216 604.805
910 797.619 576.423
911 1018.89 975.119
912 8.72432 115.385
913 374.449 806.961
914 224.825 169.236
915 768.508 1093.78
916 825.568 798.16
917 773.068 810.281
918 672.831 772.035
919 719.239 258.062
920 564.649 404.369
921 249.523 1247.27
922 204.751 2.50921
923 87.5093 584.886
924 425.948 557.507
925 289.061 1176.82
926 220.694 786.231
927 236.577 907.561
928 912.506 879.613
929 438.031 536.787
930 944.543 44.0463
931 213.437 1217.98
932 633.168 324.585
933 1053.18 604.419
934 616.007 128.742
935 749.597 373.139
936 21.1546 795.312
937 771.331 745.582
938 762.375 984.806
939 4.09194 236.599
940 558.241 919.151
941 1128.32 4.51657
942 303.017 1256.23
943 455.946 235.866
944 530.948 48.1859
945 367.521 1101.16
946 798.198 794.231
947 742.484 110.067
948 157.617 677.255
949 138.978 61.504
950 399.659 196.722
951 1059 1202.45
952 1080.9 366.956
953 845.42 958.093
954 50.7022 193.025
955 613.598 530.919
956 392.633 1251.72
957 860.943 1054.15
958 586.46 970.687
959 697.946 851.085
960 949.72 735.738
961 415.988 345.353
962 529.211 828.039
963 873.706 1171.42
964 953.741 483.082
965 613.558 792.641
966 720.722 252.86
967 222.933 1234.66
968 698.988 457.641
969 107.935 103.389
970 473.592 187.882
971 1111.35 57.7908
972 692.31 1127.41
973 146.731 1041.94
974 74.4656 899.611
975 22.0424 646.536
976 1262.44 658.725
977 82.1476 1004.27
978 675.391 118.898
979 272.224 882.083
980 303.934 691.501
981 374.654 381.061
982 115.793 194.329
983 545.53 163.648
984 53.5812 779.283
985 1097.32 1075.1
986 8.4541 659.96
987 151.737 261.575
988 450.075 8.33829
989 134.764 1222.49
990 93.4868 148.709
991 18.9928 628.624
992 251.384 534.663
993 295.028 293.509
994 1150.41 763.426
995 156.398 456.792
996 235.364 1142.89
997 282.344 130.402
998 618.076 685.863
999 706.387 1175.58
1000 532.606 885.133
1001 213.943 22.3604
1002 497.248 126.049
1003 1037.63 1244.73
1004 1110.04 126.696
1005 92.9565 849.041
1006 750.677 1030.51
1007 1140.69 491.535
1008 72.7203 29.7631
1009 238.121 324.769
1010 576.076 1217.62
1011 721.648 542.77
1012 1153.39 144.801
1013 802.908 637.184
1014 1208.28 369.124
1015 168.036 809.287
1016 185.344 978.639
1017 1065.68 804.886
1018 990.723 491.766
1019 906.326 52.9636
1020 742.919 586.962
1021 742.065 512.073
1022 1259.81 1144.2
1023 854.382 1198.59
1024 351.647 1021.26
1025 354.593 415.177
1026 532.954 559.631
1027 616.631 745.891
1028 666.754 62.0739
1029 592.25 44.4709
1030 51.8055 860.127
1031 29.377 471.152
1032 1222.9 773.038
1033 609.39 352.563
1034 320.638 916.403
1035 1116.85 968.911
1036 290.991 616.526
1037 859.925 288.491
1038 318.901 867.221
1039 464.813 598.32
1040 259.568 249.796
1041 1140.03 234.099
1042 62.7688 515.044
1043 8.10667 557.507
1044 1158.87 549.217
1045 327.008 1234.65
1046 731.719 695.128
1047 145.534 778.674
1048 553.724 528.98
1049 1236.11 1239.09
1050 1091.28 488.865
1051 1118.99 42.5885
1052 180.316 565.228
1053 1086.88 1034.95
1054 965.616 528.98
1055 1219.48 564.958
1056 790.208 346.464
1057 727.301 841.057
1058 242.737 383.262
1059 932.692 21.8108
1060 1158.71 823.338
1061 161.018 137.128
1062 1085.99 770.172
1063 1223.52 670.962
1064 37.4837 303.507
1065 211.44 388.164
1066 1239.13 155.494
1067 819.877 851.009
1068 425.617 116.427
1069 435.521 385.771
1070 280.8 837.197
1071 340.391 1253.11
1072 560.6 398.394
1073 1023.87 558.868
1074 47.1731 532.724
1075 491.805 138.547
1076 481.807 997.507
1077 225.563 769.911
1078 1024.02 1123.97
1079 117.61 1127.64
1080 960.992 1020.29
1081 909.784 731.608
1082 1143.24 563.182
1083 1113.63 880.973
1084 1045.95 1063.68
1085 487.018 357.861
1086 216.387 987.315
1087 214.255 239.957
1088 371.247 492.268
1089 753.148 1076.11
1090 803.719 1086.37
1091 862.381 276.254
1092 776.426 505.557
1093 329.517 161.988
1094 298.892 951.221
1095 1143.54 620.826
1096 409.271 63.8111
1097 1137.68 1174.23
1098 407.032 553.772
1099 1139.18 397.613
1100 440.202 144.617
1101 895.239 402.332
1102 839.707 1217.55
1103 651.815 249.038
1104 577.427 1026.07
1105 504.999 60.2687
1106 6.90997 89.6752
1107 1049.46 28.4597
1108 175.439 551.524
1109 743.227 729.262
1110 969.481 265.129
1111 1077.16 374.683
1112 1154.74 419.076
1113 972.885 693.424
1114 1195.34 606.535
1115 306.239 347.699
1116 299.677 453.365
1117 85.2968 746.672
1118 706.175 314.77
1119 938.521 984.198
1120 768.864 952.457
1121 1210.36 1027.9
1122 911.846 220.231
1123 337.083 722.584
1124 248.527 1147.4
1125 201.801 419.858
1126 764.922 346.087
1127 254.55 880.039
1128 1108.48 195.525
1129 594.13 1068.66
1130 327.78 1046.22
1131 634.647 189.203
1132 213.827 123.878
1133 1136.18 1255.19
1134 764.493 923.583
1135 717.672 423.062
1136 68.3277 13.1269
1137 1033.55 131.907
1138 827.498 1185.17
1139 1208.32 823.531
1140 541.796 149.859
1141 812.492 613.607
1142 356.423 74.1954
1143 329.594 646.072
1144 1010.16 729.407
1145 523.459 77.8241
1146 29.9175 1111.27
1147 293.472 1188.94
1148 112.258 288.066
1149 125.278 1168.63
1150 474.116 875.646
1151 872.973 865.87
1152 86.977 1062.48
1153 356.153 1171.58
1154 885.866 915.629
1155 825.231 531.336
1156 155.92 667.758
1157 82.4178 70.5758
1158 327.085 1057.57
1159 766.389 1165.47
1160 1184.16 1025.42
1161 202.783 725.084
1162 980.49 341.909
1163 946.077 710.762
1164 337.276 477.715
1165 566.618 823.84
1166 924.022 130.604
1167 214.595 515.825
1168 1247.02 1206.66
1169 1088.19 1056.66
1170 474.355 664.942
1171 1065.22 1152.78
1172 903.085 911.122
1173 557.7 1093.48
1174 679.185 1125.9
1175 111.679 1024.85
1176 413.556 279.844
1177 1066.65 461.771
1178 269.759 403.837
1179 476.055 197.889
1180 70.4935 435.029
1181 531.178 1018.24
1182 281.919 805.147
1183 1257.48 1063.48
1184 499.314 624.493
1185 134.164 873.243
1186 896.251 790.98
1187 302.533 673.317
1188 873.089 1066.22
1189 1249.36 130.99
1190 10.8089 971.806
1191 366.265 486.593
1192 568.083 254.713
1193 145.881 724.321
1194 714.854 146.075
1195 670.229 718.097
1196 467.97 822.914
1197 23.0075 463.981
1198 8.4155 921.854
1199 554.574 576.895
1200 600.434 545.039
1201 86.973 1083.36
1202 913.429 13.7041
1203 323.003 464.435
1204 525.979 175.538
1205 182.99 487.946
1206 180.509 842.129
1207 936.432 565.189
1208 650.255 1227
1209 635.679 394.1
1210 503.617 801.711
1211 473.135 844.184
1212 612.98 990.52
1213 151.093 1029.55
1214 1112.12 1263.41
1215 57.0596 334.613
1216 880.6 1056.03
1217 458.066 316.941
1218 1179.79 122.42
1219 823.713 101.256
1220 52.7706 280.075
1221 654.517 498.222
1222 1083.31 703.698
1223 355.572 522.542
1224 831.143 932.725
1225 601.708 1196.86
1226 674.538 903.971
1227 63.4637 312.84
1228 280.275 524.858
1229 1.93016 1245.26
1230 3.39708 798.469
1231 964.8 642.289
1232 1160.98 293.925
1233 473.121 1138.25
1234 877.153 381.44
1235 292.792 1078.84
1236 64.1199 646.922
1237 1221.91 715.543
1238 189.194 448.145
1239 13.6269 713.889
1240 90.5082 51.0426
1241 538.927 679.117
1242 295.601 667.15
1243 157.377 403.558
1244 1109.35 285.316
1245 760.483 188.345
1246 156.536 278.368
1247 1092.53 1253.84
1248 543.765 333
1249 1005.81 1094.9
1250 1255.85 516.318
1251 190.738 954.233
1252 294.967 1067.76
1253 606.023 627.002
1254 981.96 398.887
1255 446.276 257.329
1256 826.263 978.755
1257 1096.15 609.043
1258 61.0317 186.887
1259 240.437 685.13
1260 655.072 605.761
1261 196.104 931.379
1262 752.155 637.997
1263 1064.96 337.131
1264 1031.59 101.681
1265 48.447 685.323
1266 562.487 909.887
1267 126.05 705.83
1268 1165.35 1007.54
1269 561.02 201.549
1270 774.303 8.84927
1271 122.025 165.144
1272 370.591 516.472
1273 474.143 1010.21
1274 794.847 873.361
1275 647.662 1075.11
1276 1054.25 684.126
1277 1044.26 521.413
1278 58.0592 513.818
1279 1038.56 955.275
1280 274.517 1051.29
1281 1126.9 1135.98
1282 1194.61 113.734
1283 1239.15 101.675
1284 336.843 691.345
1285 964.038 270.84
1286 709.99 91.9528
1287 915.491 161.554
1288 1187.67 927.212
1289 420.891 232.4
1290 1166.3 743.816
1291 63.6079 656.457
1292 476.248 229.38
1293 700.29 129.282
1294 1139.37 1052.79
1295 207.029 638.69
1296 864.208 866.96
1297 2.3548 1039.05
1298 871.737 800.553
1299 748.709 1107.56
1300 1224.03 1111.66
1301 1050.21 63.4251
1302 991.986 410.352
1303 135.652 1099.47
1304 211.645 336.234
1305 408.375 414.29
1306 604.681 309.993
1307 1108.62 149.095
1308 452.777 447.72
1309 1016.65 573.991
1310 812.437 1191.88
1311 521.172 389.043
1312 23.2005 358.934
1313 698.834 402.525
1314 599.469 859.23
1315 1012.41 855.224
1316 58.4838 340.364
1317 961.915 1214.19
1318 1162.29 67.6328
1319 807.193 361.789
1320 125.653 733.191
1321 311.451 1041.37
1322 73.6549 926.911
1323 835.458 695.514
1324 463.988 1137.83
1325 541.832 1226.24
1326 420.263 1126.95
1327 656.409 1058.28
1328 858.744 997.7
1329 114.729 115.231
1330 639.115 448.26
1331 1005.38 246.559
1332 581.017 880.886
1333 300.028 160.01
1334 1180.68 87.098
1335 932.306 600.521
1336 296.304 212.327
1337 542.221 566.82
1338 85.2704 573.653
1339 843.673 1020.44
1340 269.944 200.167
1341 230.693 37.6381
1342 558.032 937.218
1343 3.86032 877.103
1344 1081.86 140.409
1345 1027.37 817.162
1346 657.055 268.447
1347 733.361 274.98
1348 837.535 1040.86
1349 569.072 244.367
1350 111.533 1182.07
1351 4.59378 381.863
1352 161.246 231.272
1353 1107.76 646.565
1354 296.367 342.989
1355 348.664 110.723
1356 807.731 971.72
1357 483.119 1166.74
1358 133.99 1005.3
1359 1263.21 59.1015
1360 938.614 207.617
1361 132.502 468.295
1362 649.422 1010.9
1363 1019.55 114.42
1364 1122.47 1185.54
1365 906.172 1046.77
1366 874.025 545.965
1367 788.564 642.203
1368 927.48 1171.49
1369 698.137 972.453
1370 1130.42 960.032
1371 420.194 61.5426
1372 740.722 1222.42
1373 1191.18 42.8882
1374 865.618 526.742
1375 679.88 912.898
1376 862.589 44.1712
1377 1128.18 697.029
1378 222.159 296.164
1379 932.381 84.8498
1380 49.9911 128.828
1381 610.938 665.181
1382 1212.06 703.275
1383 383.687 885.403
1384 67.4398 967.512
1385 1221.94 389.392
1386 485.35 117.045
1387 579.009 734.165
1388 101.797 0.96508
1389 278.319 797.542
1390 241.849 910.456
1391 692.194 595.302
1392 668.867 1199.75
1393 949.045 163.648
1394 157.582 215.338
1395 182.67 468.025
1396 1027.21 245.178
1397 254.936 234.755
1398 1074.67 867.53
1399 1195.85 450.422
1400 400.254 1009.16
1401 1209.73 288.173
1402 92.5319 309.684
1403 1029.49 0.347429
1404 669.292 582.609
1405 365.897 387.538
1406 622.361 781.878
1407 1251.17 754.74
1408 1116.25 830.441
1409 1151.69 776.658
1410 967.467 1249.55
1411 1028.43 292.033
1412 1206.04 301.684
1413 7.02578 361.442
1414 875.135 435.801
1415 1051.51 649.383
1416 862.434 1206.04
1417 62.334 78.0171
1418 394.092 1139.81
1419 827.46 8.30883
1420 874.362 422.791
1421 430.464 967.367
1422 103.997 687.33
1423 307.745 44.5095
1424 770.619 887.219
1425 182.642 502.382
1426 375.532 1104.4
1427 172.329 616.03
1428 1204.57 142.176
1429 917.679 1180.95
1430 1046.96 924.045
1431 1219.92 707.249
1432 922.659 249.54
1433 1121.72 438.541
1434 675.186 432.018
1435 342.331 664.863
1436 938.21 324.807
1437 436.137 316.941
1438 34.5113 438.725
1439 47.4047 627.379
1440 1114.05 460.275
1441 1079.92 1205.38
1442 280.8 565.112
1443 1098.21 122.488
1444 1151.6 1079.7
1445 676.879 947.94
1446 830.778 303.655
1447 481.861 355.699
1448 326.368 1080.46
1449 794.779 1015.97
1450 244.915 623.635
1451 808.853 757.24
1452 1216.27 494.082
1453 672.035 867.105
1454 862.241 590.166
1455 995.961 149.703
1456 489.334 825.259
1457 722.42 81.5686
1458 689.297 471.123
1459 452.892 716.707
1460 456.02 638.15
1461 674.942 1039.52
1462 1138 855.872
1463 0.84927 193.441
1464 988.512 175.77
1465 26.7134 726.049
1466 513.691 842.601
1467 695.055 413.942
1468 54.4732 489.227
1469 707.79 717.45
1470 483.471 142.909
1471 1053.79 866.96
1472 695.156 10.2004
1473 1240.48 1166.17
1474 306.186 856.228
1475 687.716 1260.17
1476 1255.65 987.007
1477 170.279 1148.91
1478 372.637 627.504
1479 962.995 1011.75
1480 850.857 736.858
1481 678.683 611.938
1482 405.896 894.552
1483 665.613 1131.12
1484 788.818 934.004
1485 871.737 320.879
1486 1061.84 1153.62
1487 121.61 138.324
1488 129.105 374.721
1489 470.859 328.783
1490 1100.96 523.083
1491 1198.55 911.971
1492 875.559 888.568
1493 484.763 1081.39
1494 24.5902 392.209
1495 399.937 815.956
1496 579.318 807.386
1497 78.6733 770.558
1498 97.0484 292.033
1499 1013.32 1055
1500 993.338 520.844
1501 91.6826 710.029
1502 992.334 1121.12
1503 894.205 538.09
1504 430.988 814.877
1505 535.166 1076.73
1506 129.938 908.951
1507 381.554 535.812
1508 372.545 732.766
1509 845.002 828.309
1510 909.453 241.356
1511 672.258 220.463
1512 788.745 818.735
1513 214.518 724.63
1514 858.302 1247.2
1515 1211.41 201.431
1516 360.192 405.15
1517 352.211 796.114
1518 450.253 1172.12
1519 728.134 577.506
1520 748.13 662.508
1521 1264.59 854.182
1522 1170.72 806.266
1523 751.759 1033.56
1524 357.687 751.459
1525 82.8973 565.006
1526 886.547 1143.78
1527 487.057 440.812
1528 1200.51 499.989
1529 507.169 918.563
1530 1164 373.997
1531 685.245 122.142
1532 61.6533 1047.12
1533 600.438 591.71
1534 703.651 429.576
1535 1169.74 834.64
1536 1087.03 694.858
1537 987.817 905.138
1538 578.396 361.712
1539 540.599 780.913
1540 678.455 116.282
1541 936.938 1074.13
1542 506.947 0.231619
1543 939.563 995.238
1544 1003.81 477.29
1545 6.29232 871.701
1546 914.977 211.044
1547 216.062 1201.03
1548 1143.27 972.067
1549 131.521 95.2818
1550 1201.6 586.884
1551 721.88 379.286
1552 347.632 656.37
1553 355.613 557.208
1554 371.556 937.054
1555 67.3626 394.293
1556 1194.34 273.774
1557 1200.39 404.793
1558 929.99 776.204
1559 1091 538.015
1560 440.473 759.72
1561 597.559 1263.18
1562 261.459 639.346
1563 245.778 1153.67
1564 153.448 423.245
1565 363.912 616.193
1566 1140.88 1247.77
1567 1187.47 35.4083
1568 545.904 494.709
1569 82.6495 1104.55
1570 170.309 533.505
1571 488.16 85.1292
1572 902.427 2.31619
1573 374.134 848.228
1574 728.826 8.07721
1575 982.25 391.87
1576 1122.2 376.574
1577 1207.28 870.271
1578 1221.6 637.116
1579 1182.26 237.264
1580 500.982 1034.95
1581 1234.06 937.951
1582 211.594 362.995
1583 593.524 99.9914
1584 542.722 674.446
1585 1081.01 790.487
1586 852.32 140.37
1587 626.53 31.8954
1588 1020.63 909.115
1589 876.679 633.256
1590 132.407 984.497
1591 119.516 931.457
1592 1094.4 808.013
1593 313.619 962.609
1594 639.941 349.677
1595 387.132 1088.69
1596 1023.15 945.788
1597 288.112 1002.41
1598 363.256 35.4855
1599 608.541 294.428
1600 389.661 1193.3
1601 1035.3 909.955
1602 756.285 759.411
1603 4.16915 57.6437
1604 257.294 162.722
1605 819.853 799.318
1606 580.241 1186.62
1607 1066.99 441.35
1608 1212.6 882.778
1609 549.594 656.379
1610 23.3935 1021.6
1611 343.8 1232.88
1612 389.453 93.8444
1613 922.499 494.854
1614 511.299 64.9692
1615 642.782 933.203
1616 475.707 18.9156
1617 533.651 398.424
1618 844.12 1135.37
1619 1004.49 266.362
1620 255.553 138.547
1621 576.344 587.164
1622 142.253 870.936
1623 945.238 174.718
1624 752.106 1216.7
1625 383.007 1242.91
1626 1153.49 477.869
1627 444.091 247.987
1628 381.816 53.0113
1629 519.577 295.98
1630 108.745 251.277
1631 323.495 923.813
1632 509.566 457.139
1633 234.321 9.81435
1634 231.629 902.282
1635 461.131 635.032
1636 49.8022 1131.93
1637 938.505 1111.36
1638 1097.04 100.686
1639 57.9434 1167.71
1640 442.084 198.15
1641 895.842 785.275
1642 782.41 453.628
1643 584.182 868.572
1644 11.6196 273.658
1645 742.957 156.227
1646 140.323 1182.43
1647 523.921 704.904
1648 774.738 708.725
1649 359.703 502.932
1650 876.679 1046.96
1651 1209.28 429.615
1652 936.144 270.608
1653 244.049 69.3313
1654 190.029 10.7794
1655 561.971 499.024
1656 78.9049 224.092
1657 1000.06 802.106
1658 1124.81 410.052
1659 1131.32 198.652
1660 152.318 1114.24
1661 683.441 593.601
1662 1114.24 546.476
1663 683.663 1057.34
1664 434.247 223.869
1665 700.577 1102.55
1666 1247.97 419.038
1667 443.837 869.267
1668 284.969 602.373
1669 1130.62 82.9674
1670 844.152 402.37
1671 92.3775 1254.57
1672 516.125 600.164
1673 745.582 948.606
1674 745.428 981.573
1675 762.254 1092.16
1676 654.275 59.4875
1677 954.155 957.253
1678 1240.26 842.64
1679 38.0668 34.6657
1680 287.324 179.205
1681 659.034 551.572
1682 1049.91 497.296
1683 388.503 603.995
1684 1.1967 941.348
1685 949.446 505.123
1686 322.298 1138.49
1687 1011.87 48.4562
1688 333.253 953.846
1689 418.729 32.1179
1690 388.068 699.413
1691 125.745 1233.34
1692 775.616 495.404
1693 260.417 1108.57
1694 1075.56 60.1915
1695 527.281 1209.32
1696 5.59746 0.193016
1697 1199.94 249.463
1698 171.475 182.525
1699 1111.12 392.712
1700 628.344 859.037
1701 363.565 909.877
1702 235.132 991.485
1703 1254.59 1225.2
1704 217.876 1037.51
1705 604.542 292.265
1706 166.668 370.784
1707 1109.22 624.793
1708 195.161 881.32
1709 909.53 1158.65
1710 761.381 28.5369
1711 919.837 937.131
1712 61.2673 758.283
1713 550.906 1077.27
1714 738.788 586.894
1715 383.214 1155.55
1716 542.385 116.668
1717 167.432 571.337
1718 330.21 205.601
1719 678.914 992.604
1720 936.942 317.096
1721 1219.09 780.788
1722 510.45 741.876
1723 79.9858 1015.65
1724 561.599 111.718
1725 358.699 1172.11
1726 869.46 938.907
1727 1153.62 324.623
1728 718.603 1208.64
1729 152.984 151.372
1730 1183.19 564.649
1731 606.407 375.995
1732 589.432 1177.48
1733 213.524 591.401
1734 704.705 92.5705
1735 1201.06 1133.9
1736 928.175 610.287
1737 750.832 710.337
1738 528.399 1195.66
1739 434.904 999.755
1740 597.273 1038.12
1741 312.993 521.191
1742 1110.81 39.809
1743 153.966 590.947
1744 820.946 854.984
1745 686.922 83.4307
1746 621.589 695.437
1747 398.539 1129.57
1748 1219.78 1125.37
1749 467.215 388.01
1750 468.373 585.881
1751 929.014 766.283
1752 220.223 825.963
1753 203.238 807
1754 855.656 732.543
1755 481.601 1192.31
1756 122.025 317.782
1757 1233.1 613.945
1758 1264.1 1038.01
1759 1.54413 513.779
1760 1201.97 144.424
1761 714.198 335.579
1762 992.582 376.661
1763 1146.55 647.453
1764 131.932 278.184
1765 19.9579 422.483
1766 651.969 405.835
1767 856.952 189.889
1768 263.908 29.116
1769 1028.76 1246.42
1770 214.804 203.448
1771 783.915 477.067
1772 832.053 290.528
1773 269.597 1168.3
1774 231.294 1137.68
1775 8.76293 201.702
1776 512.882 918.341
1777 463.943 1251.79
1778 106.854 678.49
1779 886.6 1119.73
1780 757.047 625.219
1781 284.414 614.1
1782 552.164 522.031
1783 238.43 929.188
1784 258.182 579.019
1785 888.839 1149.11
1786 969.905 757.588
1787 238.102 696.402
1788 1164.43 199.009
1789 555.191 1057.2
1790 1016.38 736.481
1791 186.283 433.089
1792 173.29 1063.33
1793 430.468 357.436
1794 190.777 1015.23
1795 57.793 832.324
1796 545.425 1229.28
1797 210.812 409.734
1798 943.743 1236.24
1799 100.021 105.811
1800 645.385 146.006
1801 415.265 692.473
1802 266.015 700.108
1803 265.204 182.786
1804 756.968 174.525
1805 570.984 181.521
1806 550.404 1103.29
1807 1055.88 311.807
1808 345.923 136.385
1809 478.216 881.668
1810 643.94 1148.3
1811 623.171 839.813
1812 52.929 951.492
1813 1023.45 557.98
1814 420.033 379.006
1815 1179.44 337.98
1816 374.876 133.229
1817 69.632 70.5372
1818 712.538 236.638
1819 79.2767 304
1820 260.968 203.902
1821 425.283 567.592
1822 27.6968 1257.05
1823 379.354 583.835
1824 734.31 685.67
1825 117.661 253.276
1826 1127.52 273.976
1827 703.891 135.15
1828 381.207 460.575
1829 782.564 315.474
1830 334.186 904.714
1831 503.363 804.452
1832 976.632 1065.56
1833 1253.17 768.011
1834 460.382 721.61
1835 318.732 1213.38
1836 722.784 302.495
1837 1031.49 407.775
1838 797.932 556.156
1839 183.404 103.852
1840 33.4283 1230.33
1841 1166.63 723.279
1842 794.098 28.7685
1843 1047.92 737.244
1844 537.125 898.614
1845 779.563 1151.96
1846 495.549 1149.22
1847 91.9894 827.778
1848 926.708 546.669
1849 877.605 58.9875
1850 1008.08 336.243
1851 1108.68 853.526
1852 1002.89 785.073
1853 206.621 23.5093
1854 837.805 893.394
1855 283.069 613.646
1856 35.6673 315.745
1857 396.64 234.678
1858 871.776 528.294
1859 281.958 123.153
1860 1175.22 293.772
1861 836.184 505.277
1862 436.818 1033.95
1863 1209.09 502.691
1864 845.178 1117.02
1865 666.83 249.068
1866 905.584 611.243
1867 1013.49 722.893
1868 1188.01 488.137
1869 1022.89 459.58
1870 730.488 895.681
1871 400.006 695.745
1872 861.197 96.6329
1873 106.931 551.379
1874 1078.02 240.305
1875 686.944 959.839
1876 1037.23 1126.06
1877 350.72 1261.25
1878 246.559 252.04
1879 279.256 226.262
1880 895.247 1030.75
1881 148.043 51.8827
1882 313.94 3.6287
1883 95.5815 429.779
1884 790.945 120.519
1885 1137.17 1153.58
1886 850.197 1162.43
1887 860.62 567.621
1888 216.375 527.29
1889 13.6655 980.492
1890 504.593 607.469
1891 1201.91 527.32
1892 1224.88 938.251
1893 117.277 205.957
1894 182.315 304.241
1895 865.823 1219.44
1896 1053.37 151.132
1897 48.9651 911.971
1898 289.485 785.498
1899 408.645 330.559
1900 59.4489 944.089
1901 672.931 767.055
1902 891.019 854.25
1903 49.6152 210.658
1904 1220.86 1038.16
1905 121.446 778.211
1906 1237 1008.63
1907 641.429 32.6197
1908 213.707 740.294
1909 314.13 1236.77
1910 1136.86 113.262
1911 52.4394 496.321
1912 270.454 941.609
1913 203.477 1125.33
1914 1189.13 182.825
1915 39.5723 107.24
1916 1140.69 552.219
1917 1163.23 210.194
1918 1.93016 154.924
1919 920.438 1019.33
1920 1214.42 541.68
1921 1015.49 984.429
1922 1038.71 648.225
1923 698.448 51.1878
1924 324.509 1047.65
1925 543.224 1024.95
1926 537.084 362.214
1927 426.488 1063.45
1928 928.33 1008.63
1929 787.194 1121.15
1930 480.61 444.091
1931 376.96 996.194
1932 933.541 105.117
1933 849.193 544.855
1934 1234.18 524.926
1935 1127.29 1231.61
1936 193.711 165.685
1937 1024.76 84.5796
1938 959.328 34.0866
1939 88.0397 834.138
1940 586.637 849.116
1941 694.819 181.406
1942 216.369 796.616
1943 175.088 1132.01
1944 848.151 141.056
1945 938.019 880.432
1946 204.829 1112.32
1947 1016.96 150.06
1948 437.423 430.464
1949 239.108 1171.07
1950 1091.89 776.165
1951 180.354 1182.15
1952 527.358 619.118
1953 649.021 1008.35
1954 661.08 336.629
1955 142.714 1209.68
1956 536.778 763.272
1957 1210.29 862.087
1958 344.688 193.566
1959 592.984 1101.05
1960 514.733 108.175
1961 1199.59 604.14
1962 127.193 78.7983
1963 920.686 95.7359
1964 465.207 297.669
1965 362.561 13.2795
1966 257.947 176.31
1967 1058.07 118.058
1968 879.507 695.051
1969 206.643 498.724
1970 153.856 1191.33
1971 608.271 324.807
1972 1063.52 686.481
1973 1104.21 605.616
1974 955.279 720.22
1975 234.9 1065.65
1976 965.968 824.178
1977 1035.14 275.82
1978 967.628 1142.43
1979 1260.62 272.586
1980 1008.58 756.516
1981 302.031 770.404
1982 215.058 252.165
1983 444.246 1099.53
1984 437.218 1020.78
1985 1109.61 937.479
1986 1058.5 998.086
1987 1063.6 351.53
1988 1262.75 1252.56
1989 825.174 273.86
1990 500.182 557.246
1991 1004.83 769.014
1992 858.198 325.734
1993 790.084 630.043
1994 319.009 56.8625
1995 411.463 505.625
1996 276.013 318.293
1997 1246.18 167.036
1998 267.675 657.383
1999 761.381 345.469
2000 23.4179 775.5
2001 912.927 73.2394
2002 57.4192 885.712
2003 525.073 477.869
2004 840.006 1238.13
2005 656.795 511.84
2006 1054.02 13.7813
2007 1182.22 751.15
2008 981.95 22.1582
2009 639.73 91.6917
2010 454.668 1183.62
2011 1219.61 139.212
2012 1141.58 1118.84
2013 1211.06 114.458
2014 1.42832 585.109
2015 1159.97 1016.69
2016 870.738 714.284
2017 428.095 917.984
2018 773.612 1.1967
2019 655.367 1243.3
2020 720.065 263.669
2021 1154.15 971.266
2022 31.9553 1216.82
2023 1230.71 754.963
2024 1013.76 1188.9
2025 768.204 1253.73
2026 860.431 31.5774
2027 772.365 781.068
2028 329.438 1189.36
2029 277.596 913.708
2030 1213.3 831.676
2031 177.968 467.176
2032 372.907 166.003
2033 836.609 228.308
2034 1124.78 416.799
2035 722.875 1004.03
2036 1237.66 69.5244
2037 743.227 795.573
2038 1147.01 587.541
2039 240.382 296.241
2040 14.9394 629.811
2041 361.742 216.303
2042 677.651 811.68
2043 545.309 341.068
2044 465.979 1223.07
2045 788.393 74.3498
2046 1183.13 363.837
2047 143.248 155.996
2048 790.748 672.545
2049 706.965 367.087
2050 1099.58 658.532
2051 801.35 252.628
2052 713.812 1064.76
2053 1111.73 611.938
2054 900.265 404.03
2055 599.5 987.238
2056 616.609 912.357
2057 160.792 615.807
2058 1212.57 300.844
2059 611.089 677.641
2060 1192.06 448.771
2061 924.431 434.981
2062 685.361 734.396
2063 1131.61 1148.48
2064 1002.91 713.319
2065 64.5059 466.645
2066 44.0463 870.975
2067 267.327 47.7908
2068 326.097 195.062
2069 449.303 375.888
2070 947.014 1195.27
2071 823.329 448.887
2072 169.082 628.035
2073 1264.75 1142.36
2074 244.446 833.366
2075 1031.28 1024.99
