1 866.017 407.331
2 82.2112 39.4035
3 579.448 408.155
4 769.189 825.77
5 300.455 522.446
6 505.778 413.495
7 493.173 363.266
8 775.719 48.0708
9 872.921 123.696
10 393.001 623.249
11 770.501 357.118
12 951.373 178.904
13 309.566 40.7158
14 380.831 584.114
15 14.2827 75.9301
16 677.247 549.547
17 582.597 419.324
18 95.706 742.576
19 73.8243 730.892
20 822.285 434.191
21 281.939 586.657
22 841.863 973.575
23 500.626 606.464
24 198.052 830.744
25 950.714 324.996
26 436.567 108.341
27 811.688 891.018
28 457.294 388.287
29 64.6687 213.507
30 195.863 33.5135
31 986.193 331.004
32 892.286 776.696
33 807.367 283.765
34 714.31 819.914
35 592.517 264.931
36 843.013 101.474
37 680.671 274.85
38 651.55 177.557
39 737.742 998.265
40 87.0711 278.943
41 396.191 138.361
42 829.127 822.779
43 369.349 148.34
44 719.942 371.136
45 643.133 912.721
46 779.595 876.186
47 765.221 798.853
48 564.959 51.3321
49 145.302 962.131
50 333.903 148.747
51 434.126 854.461
52 419.068 993.321
53 86.0012 908.902
54 678.732 143.773
55 954.626 208.899
56 889.654 932.863
57 172.124 794.885
58 552.289 900.117
59 717.515 846.278
60 719.413 328.369
61 727.181 535.234
62 856.146 533.189
63 722.283 49.9588
64 760.24 848.933
65 451.949 229.438
66 24.5369 114.292
67 761.101 197.703
68 58.9007 449.755
69 134.159 933.134
70 235.725 171.823
71 608.045 859.737
72 676.53 540.365
73 47.9751 654.195
74 267.922 800.749
75 61.2506 547.441
76 982.118 633.045
77 857.678 961.307
78 40.2631 16.3926
79 566.594 488.422
80 748.345 348.068
81 354.063 328.796
82 242.47 97.7549
83 303.232 1.58696
84 466.707 708.731
85 414.794 541.795
86 583.209 962.157
87 880.026 944.029
88 195.807 628.254
89 996.646 99.1283
90 339.665 580.497
91 940.947 241.737
92 924.291 984.059
93 179.388 272.107
94 27.7413 126.255
95 749.84 108.805
96 884.823 682.913
97 597.798 151.83
98 473.105 858.486
99 452.986 969.329
100 639.637 436.679
101 798.52 504.994
102 864.078 756.666
103 925.383 789.514
104 317.209 649.525
105 603.169 90.4
106 794.824 700.156
107 831.853 413.622
108 355.413 215.308
109 672.506 314.375
110 743.248 814.447
111 711.547 42.4717
112 347.758 957.121
113 559.216 770.44
114 540.989 530.595
115 574.436 984.165
116 238.404 408.124
117 706.697 131.626
118 364.041 344.249
119 841.703 699
120 8.60622 606.677
121 882.225 67.9689
122 624.963 321.909
123 377.683 65.9546
124 515.103 47.3342
125 417.722 381.732
126 848.585 308.502
127 375.561 538.412
128 678.871 714.656
129 746.057 903.958
130 990.915 441.298
131 458.186 672.292
132 108.593 95.1466
133 845.577 672.937
134 332.621 186.132
135 333.872 757.714
136 287.942 716.823
137 166.903 485.265
138 647.268 411.756
139 545.535 744.747
140 807.91 614.46
141 152.031 510.727
142 817.692 174.326
143 109.548 333.842
144 772.73 981.079
145 345.47 771.844
146 213.25 753.99
147 553.88 8.63674
148 266.03 353.221
149 173.437 439.955
150 519.303 243.934
151 430.78 88.6604
152 367.504 166.234
153 531.571 447.981
154 639.19 729.946
155 611.731 806.608
156 150.7 416.883
157 889.767 932.493
158 518.733 70.3146
159 86.9508 773.003
160 796.838 922.748
161 365.461 11.7801
162 282.601 26.0975
163 313.242 623.101
164 601.672 448.032
165 52.181 455.855
166 173.498 706.646
167 140.507 883.851
168 820.704 774.594
169 462.752 696.437
170 419.996 156.045
171 842.855 642.628
172 456.757 726.558
173 179.327 888.276
174 882.412 280.958
175 848.736 251.442
176 310.468 975.89
177 525.437 716.457
178 763.909 385.697
179 808.039 554.094
180 62.2068 136.845
181 126.682 187.445
182 222.971 543.901
183 951.684 679.102
184 365.179 697.653
185 522.263 674.677
186 380.932 416.446
187 999.24 65.5274
188 11.0782 763.695
189 786.401 245.098
190 378.582 353.364
191 306.317 546.495
192 280.526 380.993
193 423.444 623.829
194 21.363 792.749
195 363.18 445.117
196 671.363 753.506
197 255.138 794.554
198 536.729 262.83
199 417.883 18.2237
200 656.392 154.454
201 32.3431 746.456
202 580.266 694.418
203 633.93 386.853
204 151.488 543.051
205 921.112 431.532
206 479.69 865.749
207 626.057 245.617
208 109.043 843.104
209 641.041 669.454
210 975.625 602.618
211 984.178 857.051
212 563.681 572.71
213 437.574 507.096
214 94.2106 460.677
215 689.718 754.072
216 734.397 168.096
217 593.951 16.2095
218 247.279 721.152
219 205.933 315.104
220 814.203 733.793
221 912.442 193.583
222 611.53 973.937
223 225.776 185.465
224 879.421 766.32
225 492.721 765.256
226 922.666 809.076
227 195.254 458.453
228 706.32 506.119
229 448.365 899.228
230 179.984 209.666
231 699.848 883.928
232 104.181 197.994
233 204.061 379.488
234 480.348 930.265
235 440.613 690.878
236 231.025 112.892
237 285.195 912.259
238 48.0667 247.322
239 202.764 61.4705
240 920.798 470.661
241 691.451 928.713
242 856.152 217.627
243 335.759 453.631
244 128.844 507.405
245 431.367 284.219
246 906.034 355.968
247 3.6317 212.368
248 808.496 356.487
249 816.776 571.734
250 23.011 591.662
251 927.292 570.456
252 890.957 164.346
253 819.788 83.7775
254 988.557 754.544
255 0.305185 405.886
256 843.715 29.424
257 382.177 602.161
258 824.152 517.384
259 611.835 357.972
260 307.962 301.558
261 705.863 651.91
262 136.671 429.979
263 589.005 811.213
264 120.893 176.34
265 919.401 549.089
266 611.592 346.782
267 411.737 886.685
268 672.933 909.665
269 944.578 269.574
270 672.597 486.892
271 604.266 102.237
272 807.093 835.658
273 530.423 470.189
274 834.071 619.617
275 368.804 254.28
276 193.42 957.461
277 145.43 977.477
278 636.488 175.699
279 801.904 606.041
280 803.287 713.248
281 753.756 282.785
282 236.213 53.4115
283 728.416 957.356
284 195.318 347.687
285 448.134 303.389
286 575.335 596.244
287 601.911 882.382
288 114.225 97.7813
289 518.557 791.671
290 277.841 950.865
291 193.528 654.897
292 704.782 65.0655
293 367.504 886.048
294 755.76 846.191
295 870.663 883.572
296 403.228 241.222
297 768.822 125.191
298 134.841 148.595
299 469.405 258.095
300 416.595 313.944
301 3.84533 637.536
302 6.53096 238.166
303 665.212 682.394
304 901 709.555
305 282.083 501.149
306 178.765 612.476
307 360.668 267.495
308 202.612 688.223
309 530.137 647.542
310 486.886 388.012
311 922.697 581.046
312 481.46 900.662
313 195.772 892.972
314 551.347 640.649
315 270.945 576.01
316 904.813 906.908
317 174.749 62.8071
318 264.84 464.099
319 819.704 25.3609
320 246.149 516.408
321 291.269 866.777
322 801.752 446.699
323 235.878 429.67
324 537.937 636.128
325 929.056 742.581
326 122.684 409.288
327 787.194 685.405
328 355.785 740.44
329 895.505 208.523
330 360.179 645.349
331 548 367.142
332 666.008 571.189
333 939.177 384.141
334 524.003 624.531
335 707.461 801.833
336 334.683 64.6992
337 664.038 817.931
338 919.624 46.2702
339 509.28 181.585
340 103 228.156
341 819.752 460.036
342 58.0767 570.517
343 627.43 965.565
344 504.685 407.792
345 14.6794 61.9567
346 227.332 498.768
347 229.767 394.36
348 689.535 584.368
349 259.707 986.267
350 745.75 17.243
351 297.153 373.825
352 665.426 705.012
353 163.976 172.586
354 56.3084 455.249
355 792.627 194.037
356 549.821 117.777
357 569.384 306.379
358 524.064 919.095
359 348.891 123.696
360 193.609 530.585
361 446.256 472.976
362 698.538 211.28
363 653.314 230.968
364 953.459 115.181
365 43.8551 304.518
366 45.1064 414.903
367 431.77 465.564
368 15.1372 571.947
369 818.564 771.996
370 400.673 561.419
371 271.605 217.221
372 584.05 569.663
373 690.39 930.754
374 163.055 884.457
375 300.638 754.011
376 855.861 629.566
377 808.527 333.222
378 988.977 892.575
379 439.178 436.327
380 291.604 901.914
381 8.63674 368.515
382 958.739 698.721
383 988.415 35.6498
384 550.279 215.892
385 345.592 794.737
386 937.162 521.718
387 456.773 651.631
388 17.1209 432.498
389 240.761 426.425
390 737.266 267.987
391 901.548 445.509
392 412.702 203.04
393 600.055 609.058
394 3.54015 852.417
395 535.037 388.963
396 635.124 458.174
397 709.311 462.416
398 232.018 838.195
399 545.671 665.857
400 736.671 527.045
401 759.789 132.328
402 993.54 960.361
403 407.758 20.4779
404 269.946 326.644
405 258.944 381.882
406 656.905 646.783
407 394.148 714.656
408 458.405 224.346
409 252.083 530.656
410 4.76089 694.087
411 512.758 441.393
412 93.4272 580.645
413 86.3099 21.9428
414 301.248 920.377
415 916.166 522.446
416 201.767 783.109
417 85.8124 926.973
418 146.397 283.537
419 457.411 99.1588
420 658.004 785.184
421 565.289 962.889
422 740.593 522.481
423 529.069 833.556
424 266.451 867.061
425 123.319 896.573
426 663.015 985.036
427 760.66 677.48
428 501.053 950.534
429 785.189 921.297
430 654.012 730.277
431 396.069 45.2021
432 358.959 798.12
433 955.851 844.569
434 213.807 391.801
435 589.465 306.803
436 103.736 613.33
437 904.159 319.441
438 641.346 858.669
439 401.747 936.282
440 973.513 707.45
441 815.882 150.033
442 595.38 679.037
443 480.639 120.243
444 495.151 996.006
445 662.587 265.542
446 950.56 949.893
447 269.906 350.281
448 960.417 537.95
449 789.95 49.9283
450 347.243 854.889
451 502.64 166.723
452 452.559 818.419
453 157.09 73.0918
454 168.741 345.286
455 324.771 275.098
456 246.59 935.087
457 242.134 831.115
458 817.042 397.402
459 577.197 846.038
460 264.918 669.088
461 472.579 802.427
462 750.938 642.175
463 489.792 190.466
464 643.33 87.5271
465 37.5072 720.546
466 637.458 983.032
467 728.69 440.168
468 409.499 927.156
469 258.387 813.013
470 613.361 930.54
471 441.697 501.728
472 55.1108 345.683
473 320.566 208.751
474 699.814 612.842
475 206.153 233.711
476 398.114 833.023
477 822.596 431.322
478 239.946 308.027
479 197.189 981.017
480 712.464 564.531
481 814.508 994.877
482 382.763 597.587
483 433.716 860.378
484 923.195 877.716
485 917.112 620.899
486 772.809 2.04474
487 172.569 441.969
488 377.728 936.552
489 4.76089 292.51
490 423.841 925.738
491 453.23 41.4788
492 435.56 529.47
493 961.415 501.592
494 242.967 955.321
495 929.35 221.046
496 556.81 309.336
497 93.6918 931.516
498 194.83 474.309
499 236.269 589.007
500 422.333 358.318
501 123.007 646.555
502 389.9 337.814
503 550.168 342.758
504 355.571 559.103
505 908.231 471.633
506 724.694 862.575
507 935.41 339.091
508 574.45 246.773
509 45.5947 685.877
510 995.02 911.893
511 232.673 71.6575
512 931.428 593.681
513 86.2148 9.58281
514 911.527 404.787
515 450.257 979.207
516 317.667 509.846
517 429.923 840.968
518 692.404 713.679
519 655.354 773.893
520 484.262 545.091
521 518.204 212.897
522 92.3665 758.629
523 79.104 634.148
524 498.941 723.472
525 72.9698 109.5
526 304.454 973.361
527 66.4258 806.696
528 66.4388 460.514
529 205.542 903.073
530 200.842 751.309
531 235.481 637.322
532 954.318 85.0592
533 275.76 453.112
534 778.06 415.54
535 219.751 493.423
536 366.753 724.998
537 58.0157 994.297
538 272.459 43.0821
539 445.504 99.8871
540 928.275 519.354
541 52.1117 841.033
542 13.7944 371.441
543 494.02 346.049
544 975.412 293.435
545 986.009 199.225
546 611.645 769.345
547 708.853 675.531
548 863.812 854.461
549 624.7 668.569
550 317.376 771.711
551 884.872 93.2687
552 659.993 341.811
553 907.315 431.322
554 558.794 205.99
555 817.318 469.222
556 733.39 701.468
557 797.693 227.393
558 68.3004 261.33
559 727.134 427.839
560 942.169 75.0492
561 307.657 944.46
562 225.122 181.315
563 205.826 332.168
564 668.288 886.074
565 217.2 916.44
566 495.043 566.092
567 344.953 240.425
568 268.855 242.805
569 244.514 414.584
570 324.931 435.459
571 223.853 148.564
572 184.973 145.059
573 228.919 227.581
574 227.779 580.344
575 794.967 485.183
576 889.401 831.751
577 977.351 619.011
578 495.804 548.774
579 354.367 167.825
580 221.595 900.394
581 222.114 361.16
582 901.364 25.1982
583 457.869 874.508
584 156.05 395.707
585 717.063 808.134
586 586.411 285.033
587 468.001 25.9144
588 540.513 916.841
589 5.49333 917.268
590 210.397 103.458
591 781.176 732.109
592 152.989 676.111
593 361.187 114.617
594 662.191 231.697
595 727.715 184.55
596 430.067 13.6764
597 40.1929 862.362
598 107.015 42.6344
599 630.024 660.604
600 382.689 829.497
601 834.181 525.163
602 825.946 50.7523
603 308.07 178.472
604 572.691 844.6
605 626.82 574.267
606 441.908 78.8903
607 231.355 434.222
608 695.812 406.527
609 318.951 284.86
610 884.365 667.2
611 926.689 746.666
612 29.8166 936.892
613 231.117 1.67852
614 687.53 317.728
615 557.024 786.68
616 861.446 469.409
617 865.719 282.693
618 747.121 602.588
619 909.513 14.3194
620 981.988 74.6829
621 779.778 160.761
622 341.488 315.596
623 432.841 512.955
624 281.106 675.069
625 482.631 948.668
626 533.494 372.295
627 691.269 215.39
628 957.06 935.213
629 84.4142 822.783
630 447.694 581.306
631 503.037 951.14
632 147.923 729.82
633 18.8604 966.338
634 639.76 648.854
635 785.77 70.3798
636 188.757 133.997
637 128.981 697.897
638 286.275 712.18
639 492.24 247.719
640 392.315 330.306
641 956.682 132.237
642 482.24 481.22
643 305.607 782.8
644 347.918 123.966
645 778.253 660.577
646 608.434 383.618
647 194.726 921.11
648 832.783 783.807
649 128.941 100.685
650 175.31 867.641
651 755.419 392.136
652 619.146 496.139
653 344.005 591.906
654 284.633 562.582
655 689.994 127.008
656 586.566 20.661
657 487.96 312.072
658 699.911 359.203
659 702.872 244.362
660 610.327 468.368
661 651.784 186.163
662 700.278 543.87
663 459.273 890.656
664 237.892 658.01
665 521.439 61.8
666 286.386 473.159
667 697.815 510.396
668 259.493 852.05
669 51.6068 498.89
670 799.554 504.17
671 125.286 331.177
672 784.906 285.501
673 394.452 424.791
674 308.176 835.17
675 68.6 898.255
676 590.848 38.0261
677 930.795 642.598
678 496.567 592.002
679 332.163 806.97
680 754.448 360.576
681 853.603 607.506
682 320.186 569.937
683 414.314 88.9309
684 284.402 398.633
685 730.211 471.48
686 784.465 301.238
687 66.608 224.128
688 595.355 60.9354
689 671.651 22.3701
690 84.096 941.099
691 531.938 148.951
692 544.044 103.488
693 42.2681 781.579
694 526.17 27.3141
695 758.181 85.7306
696 89.6329 361.553
697 659.157 699.61
698 527.36 716.819
699 488.602 766.533
700 935.484 581.713
701 292.949 195.288
702 671.102 893.246
703 339.476 602.069
704 488.479 128.273
705 677.024 474.96
706 222.907 327.525
707 927.879 263.405
708 771.203 864.41
709 520.823 59.0838
710 70.9555 294.219
711 211.893 224.712
712 345.744 292.581
713 564.722 503.983
714 76.4183 852.992
715 641.632 344.987
716 377.392 116.276
717 587.552 744.412
718 206.489 653.727
719 531.497 605.766
720 437.959 662.313
721 304.746 309.458
722 193.359 860.351
723 173.803 977.024
724 160.375 123.818
725 912.585 304.687
726 989.123 991.913
727 329.686 187.017
728 145.156 421.251
729 523.532 705.592
730 493.585 424.696
731 457.634 247.967
732 218.757 282.545
733 217.2 649.682
734 428.724 728.294
735 54.3784 567.984
736 165.001 529.653
737 692.434 967.532
738 711.051 724.575
739 473.83 821.558
740 714.682 872.311
741 921.323 422.336
742 786.706 903.928
743 282.388 985.382
744 977.695 960.479
745 137.7 354.869
746 162.369 71.2038
747 981.631 372.422
748 868.862 516.164
749 397.229 59.1449
750 157.874 771.39
751 245.348 477.706
752 202.63 816.039
753 357.217 47.2427
754 107.566 525.346
755 870.174 249.188
756 6.65304 179.907
757 845.546 979.16
758 551.531 363.72
759 189.476 230.811
760 891.209 809.534
761 624.47 293.318
762 105.805 320.556
763 730.125 627.131
764 268.16 298.929
765 420.949 79.6432
766 548.869 167.364
767 117.726 572.588
768 814.142 894.07
769 408.734 640.431
770 442.213 374.371
771 681.204 783.319
772 125.396 740.871
773 384.381 156.163
774 562.487 604.759
775 524.332 450.64
776 225.684 252.113
777 92.6652 432.905
778 997.629 77.9748
779 602.734 93.1425
780 768.7 942.904
781 697.816 470.874
782 128.905 198.706
783 876.234 961.638
784 685.171 302.443
785 432.678 305.918
786 962.065 125.161
787 753.814 756.188
788 933.594 950.015
789 99.3455 547.004
790 576.346 930.052
791 934.721 773.4
792 457.24 749.535
793 83.9941 380.016
794 596.149 894.375
795 226.191 13.707
796 542.222 754.57
797 815.121 83.3197
798 756.791 576.25
799 807.52 256.864
800 102.636 603.076
801 172.918 599.994
802 352.184 681.478
803 200.974 912.839
804 299.692 87.1955
805 507.675 298.048
806 773.583 846.492
807 502.121 833.735
808 208.747 857.662
809 19.715 731.289
810 421.308 139.653
811 714.469 696.07
812 439.161 320.754
813 958.055 724.235
814 287.729 641.224
815 122.837 333.14
816 19.837 472.461
817 940.733 786.706
818 2.34993 177.012
819 777.337 182.993
820 855.586 331.74
821 858.638 496.754
822 168.371 765.038
823 628.864 833.572
824 141.31 607.628
825 419.921 244.148
826 465.163 747.83
827 140.356 945.891
828 931.608 879.594
829 758.691 665.293
830 67.1712 800.928
831 830.836 471.847
832 748.788 135.079
833 756.462 200.201
834 686.178 602.409
835 715.11 208.781
836 347.929 237.53
837 157.585 136.631
838 804.437 217.51
839 749.185 833.129
840 913.846 818.567
841 678.345 87.4397
842 816.044 661.733
843 16.0833 473.8
844 581.957 851.527
845 707.48 271.035
846 866.765 133.675
847 90.2029 233.711
848 373.068 469.287
849 703.452 337.722
850 950.591 770.627
851 27.6498 489.887
852 294.132 843.108
853 175.359 24.9988
854 878.231 386.059
855 172.362 311.873
856 627.4 748.527
857 986.169 487.751
858 849.513 808.958
859 317.135 780.485
860 501.48 398.149
861 35.9369 709.773
862 145.97 708.518
863 202.179 559.74
864 824.897 309.153
865 137.608 687.8
866 934.883 99.3377
867 518.42 715.572
868 424.39 615.166
869 988.771 459.273
870 128.025 46.0261
871 960.784 314.341
872 837.214 269.59
873 276.681 884.766
874 797.695 761.807
875 0.274667 876.003
876 406.873 182.44
877 135.838 164.332
878 831.812 756.951
879 488.662 516.434
880 449.69 285.592
881 671.469 944.212
882 662.893 756.31
883 99.2767 779.569
884 599.475 688.288
885 173.645 975.65
886 474.763 332.32
887 735.954 396.405
888 888.723 833.399
889 518.496 669.424
890 825.312 16.0569
891 810.694 821.227
892 642.034 195.353
893 70.5893 186.137
894 162.969 91.9869
895 2.04474 63.4785
896 684.347 836.665
897 537.776 988.529
898 393.393 218.696
899 771.571 559.008
900 677.368 446.856
901 846.126 522.263
902 250.13 734.001
903 426.2 447.924
904 679.694 423.51
905 157.6 488.327
906 562.243 797.605
907 270.384 27.7923
908 998.926 302.622
909 22.187 986.012
910 929.459 384.72
911 35.1573 821.863
912 691.369 622.486
913 464.936 492.97
914 699.719 245.521
915 376.11 501.938
916 723.472 44.6222
917 314.312 818.389
918 241.907 195.776
919 557.604 617.333
920 575.101 234.413
921 460.778 778.771
922 244.758 704.001
923 858.541 49.5357
924 994.798 511.433
925 277.718 205.695
926 948.472 55.9751
927 68.9718 159.001
928 304.744 167.368
929 293.313 483.657
930 947.691 880.428
931 953.125 239.147
932 927.671 972.411
933 970.429 143.193
934 958.129 230.995
935 437.33 446.364
936 887.762 427.019
937 729.806 405.042
938 50.8077 962.161
939 188.757 207.862
940 813.442 991.363
941 352.062 174.413
942 169.195 990.722
943 632.282 50.8785
944 508.219 653.1
945 332.072 976.169
946 73.0003 831.416
947 925.735 866.089
948 574.084 285.257
949 82.3102 673.365
950 724.174 118.111
951 659.819 371.353
952 471.206 494.308
953 805.452 95.5129
954 914.001 414.262
955 354.656 715.69
956 746.133 736.416
957 851.486 926.725
958 278.512 169.805
959 180.883 945.346
960 944.945 349.594
961 761.573 461.003
962 678.802 167.608
963 934.66 738.334
964 171.606 395.764
965 942.778 796.411
966 605.695 746.117
967 381.78 843.348
968 931.608 590.686
969 139.845 929.354
970 938.133 630.726
971 608.495 779.504
972 488.595 221.385
973 901.395 650.99
974 946.26 531.816
975 461.165 107.918
976 755.443 222.999
977 201.209 287.393
978 828.122 983.951
979 351.255 874.848
980 1.77007 223.212
981 127.964 824.462
982 884.122 585.105
983 628.85 504.41
984 810.389 551.276
985 291.004 81.0572
986 320.78 414.441
987 412.658 909.055
988 185.119 540.853
989 912.473 289.411
990 975.93 44.4696
991 422.498 880.494
992 86.2758 378.43
993 267.342 623.741
994 390.671 44.9742
995 0.457778 281.065
996 966.708 253.487
997 147.956 8.94607
998 212.561 797.327
999 90.1822 696.101
1000 171.758 45.1105
1001 746.782 921.079
1002 941.282 450.362
1003 282.907 625.202
1004 51.1795 362.499
1005 352.605 363.358
1006 385.939 312.758
1007 998.827 436.724
1008 531.571 78.4936
1009 2.01422 626.519
1010 798.486 192.271
1011 632.103 431.796
1012 133.154 663.538
1013 528.581 991.699
1014 153.06 303.602
1015 894.345 932.223
1016 837.855 101.417
1017 35.1813 676.077
1018 774.133 743.309
1019 817.15 4.18104
1020 938.141 920.778
1021 36.6293 302.825
1022 309.214 591.937
1023 264.358 620.661
1024 609.79 50.6344
1025 861.904 506.825
1026 905.578 1.52593
1027 531.283 979.465
1028 695.442 367.233
1029 804.224 494.801
1030 157.781 295.572
1031 538.897 910.154
1032 83.346 671.625
1033 467.111 958.983
1034 264.857 926.572
1035 621.967 767.545
1036 513.773 654.286
1037 298.257 96.229
1038 908.231 449.619
1039 863.935 615.746
1040 997.644 826.598
1041 577.593 195.445
1042 750.169 890.992
1043 329.966 548.025
1044 547.129 210.582
1045 320.629 522.42
1046 62.4278 639.76
1047 787.349 543.203
1048 249.673 777.642
1049 619.709 495.564
1050 612.476 924.044
1051 308.725 275.185
1052 801.538 596.519
1053 355.283 553.148
1054 46.0764 267.041
1055 879.866 59.4847
1056 380.255 957.095
1057 802.728 377.396
1058 420.676 616.631
1059 498.489 358.322
1060 949.95 49.3484
1061 446.677 14.8625
1062 437.788 843.566
1063 114.134 405.534
1064 500.381 552.171
1065 664.998 638.848
1066 839.002 872.65
1067 849.3 378.033
1068 409.711 766.141
1069 993.356 158.025
1070 89.7244 717.647
1071 328.684 23.8655
1072 699.454 259.499
1073 704.972 196.417
1074 605.731 397.168
1075 75.0542 898.801
1076 894.82 182.073
1077 156.285 258.038
1078 454.841 194.922
1079 163.87 178.564
1080 204.993 531.175
1081 13.7944 165.537
1082 413.648 532.243
1083 469.696 372.33
1084 445.753 409.715
1085 115.696 117.1
1086 847.163 376.328
1087 192.053 730.766
1088 145.665 621.296
1089 697.775 403.062
1090 611.469 456.225
1091 471.206 959.929
1092 961.669 828.883
1093 586.444 239.605
1094 458.65 264.569
1095 384.93 598.468
1096 340.22 907.533
1097 489.053 947.695
1098 609.149 151.921
1099 625.006 869.442
1100 518.204 48.9517
1101 272.134 802.057
1102 271.95 397.416
1103 514.542 179.724
1104 552.477 835.871
1105 640.858 63.2385
1106 256.868 620.96
1107 772.698 386.761
1108 515.787 211.493
1109 583.636 137.215
1110 983.422 143.044
1111 265.603 510.64
1112 397.809 553.117
1113 853.053 162.302
1114 767.802 350.2
1115 879.36 702.251
1116 125.584 783.074
1117 683.798 440.626
1118 592.914 541.002
1119 649.739 721.061
1120 635.504 886.349
1121 916.542 960.086
1122 747.85 975.65
1123 30.6341 998.051
1124 596.881 120.827
1125 679.485 138.91
1126 582.476 972.655
1127 141.264 724.448
1128 286.578 239.239
1129 546.366 754.055
1130 517.801 626.885
1131 130.07 698.141
1132 982.049 681.147
1133 45.8388 750.668
1134 828.211 172.159
1135 440.779 66.9312
1136 697.836 415.448
1137 759.287 157.018
1138 145.909 744.865
1139 849.208 204.539
1140 112.552 587.085
1141 94.9431 33.9671
1142 267.305 759.793
1143 781.443 968.963
1144 896.712 397.9
1145 681.441 255.867
1146 195.257 687.495
1147 400.311 796.965
1148 413.741 485.061
1149 655.538 837.794
1150 600.604 273.263
1151 820.957 518.453
1152 468.804 890.835
1153 124.149 170.507
1154 10.2237 329.478
1155 406.112 456.134
1156 242.805 946.074
1157 825.709 573.077
1158 766.686 770.291
1159 396.13 233.074
1160 98.4222 831.206
1161 576.678 449.355
1162 981.195 982.116
1163 460.312 342.147
1164 104.953 751.305
1165 230.628 464.16
1166 732.688 513.661
1167 772.362 562.155
1168 134.22 642.816
1169 993.928 697.383
1170 522.165 432.909
1171 12.5736 499.619
1172 825.374 757.286
1173 859.174 111.301
1174 902.524 788.419
1175 726.157 859.462
1176 513.932 12.1505
1177 175.27 126.377
1178 534.886 680.319
1179 123.082 281.385
1180 372.417 735.073
1181 978.729 181.677
1182 853.199 563.829
1183 450.02 821.562
1184 15.1677 40.1624
1185 193.588 901.669
1186 124.607 433.515
1187 495.248 616.814
1188 12.299 106.666
1189 619.054 197.18
1190 182.897 821.741
1191 785.73 414.96
1192 361.187 976.44
1193 407.361 689.906
1194 97.7517 839.717
1195 534.959 439.436
1196 111.667 58.7218
1197 604.68 530.111
1198 596.6 8.09156
1199 646.399 0.0305185
1200 463.372 738.609
1201 792.057 230.985
1202 629.963 743.893
1203 334.485 590.629
1204 54.1704 876.186
1205 215.339 945.677
1206 548.282 96.9004
1207 927.276 132.058
1208 807.184 718.213
1209 370.802 697.627
1210 785.18 435.316
1211 516.19 733.364
1212 137.394 462.172
1213 867.482 887.879
1214 821.079 109.165
1215 318.094 878.384
1216 469.558 276.563
1217 899.167 548.666
1218 179.144 83.1061
1219 656.117 186.106
1220 11.7191 746.605
1221 527.573 129.704
1222 143.468 247.296
1223 514.899 321.39
1224 63.5395 138.89
1225 210.303 453.23
1226 869.275 249.829
1227 941.099 715.69
1228 767.771 668.294
1229 493.271 936.892
1230 767.389 474.837
1231 988.854 494.369
1232 323.665 827.819
1233 682.67 593.101
1234 138.066 510.426
1235 345.463 386.853
1236 720.773 774.194
1237 40.5378 246.681
1238 164.42 332.107
1239 810.205 629.292
1240 681.204 941.435
1241 577.044 480.605
1242 479.324 627.674
1243 184.271 93.6308
1244 930.716 336.074
1245 958.098 281.594
1246 729.209 367.29
1247 263.894 329.6
1248 61.5049 145.116
1249 951.506 908.754
1250 51.0824 214.789
1251 625.493 823.725
1252 877.407 911.104
1253 469.461 598.193
1254 585.467 719.173
1255 997.514 174.906
1256 96.408 19.1961
1257 581.272 174.906
1258 605.152 98.8536
1259 116.459 800.535
1260 647.816 965.667
1261 374.798 148.015
1262 549.089 273.419
1263 753.716 611.412
1264 624.219 816.771
1265 188.246 514.481
1266 70.8436 854.091
1267 158.208 580.37
1268 884.131 935.209
1269 798.669 945.097
1270 390.332 849.208
1271 281.581 584.586
1272 822.804 571.219
1273 857.356 667.379
1274 38.7067 665.395
1275 821.223 463.82
