1 687.967 781.331
2 669.377 365.108
3 904.122 582.599
4 129.291 465.133
5 956.951 52.7567
6 1016.42 103.708
7 253.802 1023.47
8 685.566 821.358
9 789.01 783.153
10 383.091 935.052
11 306.646 1041.27
12 856.925 1132.55
13 323.798 718.805
14 440.107 1172.37
15 990.75 1172.8
16 992.555 369.261
17 834.312 975.423
18 348.698 1130.03
19 521.651 824.969
20 366.625 900.314
21 335.895 525.456
22 247.655 17.6217
23 40.9126 1075.21
24 196.098 621.834
25 351.778 231.609
26 66.0769 1084.58
27 195.644 301.988
28 1007.22 647.994
29 640.916 565.338
30 898.38 643.011
31 661.968 79.1006
32 290.758 268.875
33 698.223 868.626
34 183.412 1141.94
35 1092.42 1063.37
36 1064.38 354.981
37 1032.64 431.606
38 598.451 416.923
39 350.592 266.203
40 973.337 562.052
41 738.413 386.666
42 930.949 18.0025
43 600.155 711.547
44 985.983 43.8712
45 692.915 917.286
46 310.149 456.502
47 1149.39 571.207
48 796.979 143.268
49 538.479 479.613
50 489.074 457.353
51 508.063 614.159
52 239.163 103.8
53 342.927 1083.48
54 126.89 547.391
55 585.5 978.111
56 49.254 670.365
57 728.851 732.383
58 982.475 27.8244
59 160.112 1158.52
60 715.905 262.483
61 251.831 136.154
62 1006.15 626.147
63 286.244 182.339
64 891.821 802.506
65 233.054 650.902
66 1021.91 996.347
67 58.7274 879.35
68 674.893 575.81
69 1103.63 106.741
70 1088.57 490.265
71 289.747 801.192
72 736.651 1142.66
73 917.062 1167.67
74 929.881 433.428
75 1011.38 828.327
76 600.021 662.855
77 69.8367 948.104
78 648.427 1115.78
79 1077.23 191.419
80 677.893 857.524
81 575.515 433.665
82 719.707 589.496
83 962.187 595.743
84 22.3521 320.243
85 1114.72 711.17
86 883.614 703.984
87 419.828 599.642
88 75.0322 361.408
89 241.359 407.718
90 666.626 627.35
91 373.59 201.819
92 75.3977 109.16
93 431.162 133.065
94 793.95 437.998
95 627.592 997.791
96 460.98 516.806
97 306.995 377.205
98 364.529 749.771
99 1124.4 317.84
100 288.943 718.805
101 272.955 746.955
102 570.249 285.522
103 487.846 1136.98
104 16.0689 666.988
105 184.99 581.082
106 483.515 701.817
107 378.288 1086.01
108 605.838 185.316
109 88.6139 685.006
110 1052.34 874.712
111 711.926 1074.56
112 561.727 688.509
113 338.86 874.473
114 950.497 242.659
115 113.566 165.367
116 1094.35 197.052
117 683.237 513.134
118 589.83 743.958
119 577.651 879.062
120 798.238 836.449
121 630.083 709.742
122 1179.94 774.776
123 404.359 1104.39
124 83.3768 1164.86
125 713.735 387.769
126 271.138 908.744
127 888.46 1111.9
128 971.817 215.938
129 1002.41 221.065
130 192.936 197.664
131 23.1826 1049.21
132 746.646 153.395
133 411.798 551.58
134 1052.82 697.376
135 340.679 410.085
136 554.794 155.634
137 757.84 824.194
138 587.582 810.956
139 166.521 195.591
140 281.693 662.363
141 191.347 164.337
142 334.413 887.259
143 947.877 828.722
144 1068.75 633.514
145 63.9508 1002.07
146 142.15 496.296
147 935.893 278.3
148 233.596 621.956
149 551.448 237.929
150 655.649 885.345
151 533.596 1108
152 486.674 795.395
153 1033.29 1047.24
154 779.831 327.445
155 226.755 1060.19
156 862.572 714.239
157 136.993 979.792
158 865.159 811.608
159 1123.27 940.685
160 306.935 676.865
161 136.647 649.51
162 666.301 435.506
163 375.544 949.835
164 641.07 966.448
165 865.574 1009.67
166 114.168 218.557
167 68.1757 907.877
168 949.171 547.483
169 280.663 126.26
170 660.017 1140.12
171 46.6749 987.267
172 675.844 947.799
173 670.688 450.708
174 442.997 340.77
175 796.695 66.151
176 980.747 507.815
177 983.313 155.365
178 508.826 605.131
179 152.3 640.539
180 176.089 431.045
181 352.975 836.435
182 484.235 886.5
183 260.171 1116.59
184 347.559 1090.34
185 1152.3 1125.64
186 999.473 757.515
187 345.573 500.432
188 160.244 521.917
189 869.89 941.496
190 910.412 262.756
191 778.864 477.482
192 377.458 545.297
193 224.279 975.909
194 524.534 721.244
195 621.21 297.619
196 1090.17 448.883
197 997.683 79.4617
198 776.22 977.281
199 920.082 801.714
200 1018.84 1150.41
201 228.215 562.991
202 510.451 683.004
203 306.177 856.457
204 319.573 354.239
205 184.125 1085.23
206 728.483 246.776
207 822.911 524.931
208 897.694 755.999
209 968.181 866.046
210 524.895 573.121
211 1139.09 717.128
212 270.052 940.412
213 369.838 217.98
214 542.876 1019.95
215 1085.97 51.9097
216 775.316 607.873
217 1064.92 973.345
218 136.965 465.261
219 801.642 681.668
220 944.493 903.492
221 180.444 955.707
222 480.355 861.223
223 704.939 766.346
224 346.909 298.232
225 512.852 384.535
226 584.651 34.5408
227 932.829 495.701
228 973.092 677.929
229 375.32 551.13
230 281.318 431.298
231 831.293 132.688
232 439.639 623.17
233 168.213 1050.46
234 19.7161 189.433
235 965.798 398.205
236 625.261 1111.43
237 628.422 135.215
238 1005.63 573.157
239 1003.29 206.402
240 28.7797 774.904
241 745.223 961.665
242 998.911 739.171
243 17.9106 296.158
244 222.474 895.383
245 1087.78 874.945
246 32.2101 710.245
247 593.793 349.184
248 61.5664 797.489
249 1115.18 896.864
250 687.533 406.438
251 1103.49 367.381
252 931.731 1030.54
253 129.017 343.209
254 424.184 88.2725
255 435.757 170.134
256 470.606 768.24
257 198.063 821.683
258 655.505 961.898
259 390.927 564.146
260 305.028 859.418
261 1015.36 707.956
262 759.176 233.326
263 255.009 717.525
264 737.159 298.505
265 785.212 1058.24
266 283.087 819.5
267 77.6004 877.637
268 753.416 973.922
269 696.127 149.696
270 216.84 268.403
271 117.755 1075.9
272 564.255 798.773
273 1014.73 332.643
274 624.363 5.4165
275 347.234 739.769
276 836.509 43.7128
277 676.358 1037.15
278 769.824 413.893
279 890.833 698.098
280 616.841 540.911
281 665.074 639.291
282 132.83 1069.29
283 434.662 366.897
284 584.765 132.977
285 416.424 1160.43
286 1146.82 337.445
287 474.474 483.113
288 589.466 958.756
289 745.739 680.132
290 930.716 1042.71
291 1074.52 529.445
292 892.719 564.722
293 369.55 106.969
294 477.302 1154.8
295 115.781 407.463
296 91.7916 1156.44
297 595.1 758.235
298 1113.08 1131.27
299 1071.2 901.883
300 1177.86 127.288
301 43.1514 45.7514
302 846.96 667.585
303 505.143 810.761
304 843.106 201.422
305 1148.8 1069.76
306 566.927 777.015
307 1073.9 587.76
308 260.245 24.2856
309 1090.59 379.263
310 716.634 351.442
311 899.907 918.024
312 463.327 641.783
313 530.961 871.02
314 924.741 981.959
315 555.245 112.877
316 410.689 858.318
317 1100.38 388.941
318 409.125 561.855
319 367.371 427.309
320 937.812 408.44
321 928.677 738.808
322 963.341 295.452
323 115.046 171.595
324 6.82479 778.351
325 795.329 1121.11
326 591.879 1077.69
327 958.648 435.667
328 900.649 92.8027
329 350.664 1065.24
330 396.813 408.835
331 850.099 27.3353
332 612.063 61.6759
333 171.637 136.712
334 445.092 564.471
335 758.875 948.737
336 871.587 873.32
337 726.645 89.9475
338 944.06 561.566
339 706.61 1156.57
340 766.083 560.627
341 32.499 1144.02
342 935.916 859.887
343 591.3 992.772
344 304.478 398.401
345 965.641 663.071
346 412.99 1015.49
347 895.889 324.554
348 53.2721 365.903
349 690.769 247.568
350 418.669 235.618
351 133.037 134.146
352 102.408 753.94
353 187.158 499.582
354 807.396 717.578
355 864.581 1080.14
356 823.92 404.632
357 986.019 264.867
358 639.363 224.171
359 1028.67 179.683
360 670.028 695.045
361 1036.25 813.722
362 480.954 992.375
363 131.981 1130.13
364 615.241 122.396
365 597.85 211.135
366 1021.19 1007.79
367 197.084 239.879
368 69.2989 571.294
369 953.13 417.54
370 650.434 379.372
371 838.51 747.027
372 847.574 343.731
373 902.172 892.117
374 1092.9 927.396
375 1046 19.1358
376 161.989 153.054
377 606.828 253.131
378 625.055 1168.88
379 874.413 257.248
380 1102.68 1102.76
381 588.588 98.4916
382 147.943 750.185
383 554.974 632.103
384 1045.85 765.19
385 900.439 454.644
386 1079.94 281.008
387 977.027 932.777
388 827.473 1015.94
389 807.708 168.561
390 457.514 1103.87
391 50.4095 483.821
392 448.992 36.3102
393 445.633 679.59
394 175.061 774.704
395 23.8326 91.2499
396 303.324 55.8622
397 650.269 483.224
398 805.104 116.527
399 633.104 1152.41
400 294.152 770.37
401 874.677 761.054
402 76.3726 244.484
403 770.045 644.816
404 975.259 170.764
405 885.376 1046.43
406 850.078 1159.2
407 799.186 239.518
408 921.212 490.791
409 88.7583 455.042
410 1060.11 624.036
411 179.559 99.1219
412 760.729 778.276
413 1151.16 480.407
414 1004.4 960.02
415 918.71 108.583
416 64.4771 126.044
417 577.688 478.477
418 728.915 217.041
419 433.898 968.723
420 536.074 255.045
421 861.219 114.83
422 887.326 618.275
423 663.304 102.155
424 700.823 71.7702
425 909.779 980.298
426 1039.6 450.219
427 932.432 1064.09
428 639.321 914.952
429 342.772 997.269
430 1073.22 895.042
431 43.7248 451.286
432 878.208 150.49
433 296.427 19.0661
434 389.699 1055.02
435 889.605 358.753
436 941.026 1086.95
437 303.866 341.44
438 805.578 426.262
439 769.215 1107.98
440 240.962 286.822
441 479.38 541.742
442 181.453 251.687
443 422.595 248.962
444 790.195 344.561
445 11.1941 410.462
446 425.231 172.461
447 206.353 714.059
448 1022.13 58.0287
449 1082.3 418.354
450 79.4059 536.772
451 657.486 116.547
452 610.15 92.4974
453 1030.61 614.287
454 532.538 310.51
455 531.431 265.517
456 484.632 908.347
457 690.387 451.264
458 172.714 224.407
459 405.225 975.584
460 629.385 930.879
461 898.859 479.813
462 378.397 1141.94
463 962.981 539.033
464 320.584 490.574
465 16.8634 1173.18
466 702.159 290.069
467 57.219 498.751
468 306.761 482.919
469 146.995 260.337
470 613.111 604.609
471 217.211 689.701
472 754.41 95.703
473 263.213 197.738
474 475.027 771.104
475 312.48 523.47
476 118.874 995.247
477 758.38 1117.75
478 17.9828 741.049
479 749.607 956.048
480 219.506 689.496
481 225.336 233.724
482 160.689 282.869
483 568.588 231.954
484 337.917 936.821
485 105.63 598.342
486 215.938 1022.19
487 361.828 506.768
488 399.738 261.745
489 1100.79 777.376
490 1080.28 304.227
491 784.67 907.119
492 554.959 12.4218
493 1107.99 512.276
494 823.019 460.077
495 959.515 496.548
496 589.171 275.411
497 347.053 455.597
498 476.723 1131.63
499 383.806 750.799
500 375.265 631.186
501 621.423 142.293
502 1021.5 464.23
503 637.767 310.221
504 949.512 777.034
505 1072.14 260.409
506 70.0173 83.2335
507 1111.43 688.132
508 302.42 1149
509 52.1494 825.547
510 302.638 82.8724
511 935.562 383.291
512 687.823 466.577
513 268.767 595.165
514 1089.91 1060.71
515 437.725 62.7427
516 967.631 1059.67
517 819.281 254.575
518 45.6069 679.14
519 256.171 364.831
520 1131.43 595.907
521 1103.27 1012.8
522 528.801 957.512
523 1073.55 992.772
524 563.019 943.735
525 65.1785 813.377
526 165.282 768.854
527 611.207 841.707
528 973.925 787.775
529 728.266 998.8
530 582.671 723.861
531 187.916 603.651
532 631.642 489.021
533 813.63 865.576
534 955.855 1001.4
535 1110.38 1043.09
536 465.259 722.472
537 677.397 206.172
538 604.546 637.305
539 97.6053 615.711
540 638.582 1030.06
541 921.238 777.412
542 687.569 754.121
543 550.362 296.969
544 1124.26 602.001
545 994.407 719.058
546 122.228 148.268
547 1120.57 743.488
548 66.1174 17.9467
549 339.812 282.633
550 60.6998 1116.48
551 980.154 1167.44
552 1146.07 796.153
553 713.317 892.458
554 62.1092 378.741
555 705.364 491.457
556 836.589 884.462
557 295.956 790.503
558 785.392 518.956
559 196.836 382.152
560 474.47 625.786
561 254.656 1001.84
562 458.506 574.221
563 289.891 1070.25
564 1134.72 463.761
565 1125.19 237.531
566 617.3 788.823
567 956.915 1026.82
568 962.559 45.9655
569 512.762 35.785
570 1075.1 904.519
571 102.119 890.348
572 956.993 624.867
573 933.225 1131.63
574 537.623 650.18
575 444.875 898.128
576 495.573 144.821
577 496.91 735.905
578 28.3102 348.553
579 213.615 725.325
580 1121.14 28.5991
581 1116.79 139.513
582 758.352 1015.63
583 524.234 231.463
584 873.052 381.177
585 322.089 966.034
586 1137.88 538.075
587 474.594 369.838
588 790.195 360.053
589 922.967 130.991
590 574.654 502.759
591 755.856 550.191
592 280.581 868.12
593 469.429 1064.02
594 533.427 211.083
595 671.908 24.8437
596 297.113 783.153
597 265.192 847.971
598 989.016 239.156
599 1094.42 821.213
600 1039.61 295.472
601 1021.91 945.993
602 25.2409 867.976
603 642.649 856.926
604 701.473 184.772
605 584.44 433.592
606 573.556 600.637
607 98.6525 701.292
608 425.628 1150.43
609 875.089 730.2
610 989.739 1121.5
611 378.26 646.405
612 873.898 1180.79
613 964.579 989.811
614 326.904 1150.5
615 1051.59 299.352
616 476.219 1060.98
617 725.955 321.579
618 753.037 562.413
619 561.708 1073.69
620 95.7637 860.029
621 92.1122 727.744
622 803.685 284.978
623 91.8342 1029.97
624 834.709 190.408
625 969.986 276.855
626 578.972 1065.06
627 975.435 521.015
628 579.421 320.404
629 509.295 618.817
630 975.259 418.787
631 540.66 542.572
632 433.753 306.16
633 834.548 744.299
634 229.681 935.282
635 303.034 632.197
636 1110.68 1082.36
637 474.119 432.184
638 80.3447 70.0008
639 620.297 340.517
640 17.1522 456.972
641 324.719 120.716
642 177.481 417.359
643 403.421 900.619
644 313.77 686.27
645 53.2622 586.462
646 380.656 369.261
647 1051.99 838.979
648 812.18 8.28888
649 490.127 739.28
650 1165.05 156.99
651 1053.15 126.007
652 964.396 752.877
653 737.908 1098.39
654 1103.26 104.358
655 1173.45 864.581
656 1084.17 1135.7
657 1097.74 438.917
658 831.649 1026.1
659 362.219 31.5798
660 204.176 803.178
661 157.684 381.43
662 814.822 177.914
663 66.5934 257.123
664 434.403 288.447
665 1073.04 787.414
666 204.491 340.373
667 1171.47 580.343
668 1106.88 978.364
669 562.708 652.616
670 1138.47 610.223
671 137.848 922.899
672 689.949 798.753
673 1123.12 1106.7
674 485.427 504.24
675 1047.34 20.4383
676 643.559 836.018
677 1088.82 744.516
678 1142.01 942.579
679 487.268 464.88
680 71.6783 838.891
681 1121.91 154.801
682 302.204 997.863
683 289.5 60.9011
684 781.391 702.431
685 496.367 328.89
686 169.536 41.6906
687 114.15 777.376
688 1137.25 61.9647
689 799.796 578.718
690 555.414 506.498
691 18.7772 957.312
692 486.871 873.051
693 249.768 491.296
694 216.082 553.911
695 845.28 1089.76
696 713.497 375.275
697 988.857 973.87
698 75.4338 580.849
699 53.9844 16.2692
700 65.7563 283.88
701 818.866 1082.06
702 33.3361 1047.25
703 70.6163 75.648
704 1151.92 337.484
705 882.889 1144.92
706 332.32 963.484
707 354.717 580.993
708 485.318 662.907
709 820.845 305.871
710 379.838 65.2869
711 474.702 497.182
712 788.735 853.407
713 470.946 52.1986
714 129.202 814.697
715 165.492 644.091
716 395.215 818.489
717 845.175 988.403
718 406.481 38.5655
719 350.556 819.624
720 764.637 657.524
721 400.567 60.8289
722 1100.38 1061.38
723 501.243 173.039
724 215.659 298.36
725 106.159 27.588
726 129.274 524.1
727 439.484 325.89
728 796.225 898.617
729 108.366 298.377
730 284.149 532.695
731 730.97 1091.79
732 920.552 1123.11
733 819.155 568.407
734 337.303 8.88306
735 401.435 584.404
736 553.927 1143.06
737 925.138 336.926
738 374.569 199.255
739 625.497 679.104
740 689.444 162.045
741 372.366 909.755
742 349.581 277.65
743 835.838 328.023
744 266.346 526.864
745 512.148 1027.69
746 467.985 883.717
747 98.984 176.722
748 751.738 538.781
749 724.727 41.8154
750 300.58 109.413
751 802.298 931.707
752 285.619 365.433
753 1069.76 262.411
754 48.0263 1016.79
755 676.773 703.767
756 1082.69 216.624
757 459.34 949.873
758 997.611 1151.55
759 1135.14 102.767
760 263.13 1045.82
761 183.199 564.202
762 897.754 904.142
763 121.52 1090.49
764 366.48 691.093
765 169.248 743.199
766 694.947 324.845
767 86.1885 228.682
768 1076.29 852.087
769 495.672 1140.32
770 135.578 895.419
771 849.993 241.198
772 588.484 442.728
773 517.492 80.0394
774 355.773 127.56
775 427.506 446.5
776 100.169 5.34428
777 209.599 1027.98
778 38.5217 330.948
779 883.539 1012.6
780 1110.16 552.013
781 546.668 1048.33
782 1082.61 698.459
783 1057.08 1154.93
784 916.833 474.252
785 187.7 433.845
786 516.409 520.128
787 1068.09 995.825
788 168.066 535.222
789 1171.68 512.545
790 769.861 313.129
791 973.706 44.1264
792 913.156 52.0345
793 986.886 1105.25
794 675.13 1026.1
795 980.717 364.875
796 542.805 1116.77
797 177.718 133.518
798 258.692 248.312
799 302.566 612.064
800 989.775 799.278
801 75.5268 1099.77
802 1172.45 967.045
803 823.462 766.238
804 856.645 953.229
805 278.805 707.139
806 829.12 1026.75
807 517.637 925.952
808 137.868 313.435
809 448.733 667.599
810 254.034 1111.49
811 838.447 104.105
812 1023.79 710.608
813 1012.49 139.224
814 897.426 205.088
815 178.87 265.589
816 211.665 326.579
817 684.796 530.347
818 860.475 841.202
819 604.445 75.9032
820 781.206 1050.04
821 3.53878 436.301
822 816.041 495.104
823 39.2877 853.387
824 1101.17 173.781
825 623.377 613.167
826 881.415 914.975
827 1174.23 1162.27
828 1109.81 88.3086
829 736.391 885.148
830 827.144 588.757
831 754.446 815.78
832 880.985 152.24
833 151.12 964.698
834 189.468 815.544
835 247.929 841.652
836 1127.32 427.109
837 625.822 1055.93
838 413.532 960.092
839 510.704 330.065
840 706.658 830.674
841 806.011 741.683
842 906.505 184.47
843 912.824 254.431
844 15.4551 765.371
845 1155.05 1107.91
846 1175.82 528.325
847 681.251 752.841
848 537.208 369.078
849 556.933 811.283
850 644.455 457.008
851 1040.12 1129.77
852 561.438 53.6209
853 353.852 937.018
854 366.155 285.919
855 202.071 161.395
856 949.713 849.688
857 381.827 0
858 807.853 941.19
859 983.285 88.5778
860 1167.48 248.401
861 343.514 165.259
862 760.91 210.196
863 1037.64 13.597
864 682.407 1169.13
865 779.542 563.227
866 636.8 693.584
867 47.9541 143.412
868 732.599 726.389
869 471.014 829.358
870 928.532 915.316
871 1114.79 510.109
872 322.209 876.642
873 787.703 405.912
874 963.956 379.624
875 756.974 450.869
876 561.113 896.811
877 228.39 402.407
878 327.291 164.156
879 1118.46 768.348
880 416.168 748.199
881 324.882 1014.82
882 502.228 939.618
883 973.347 373.686
884 211.641 213.193
885 622.139 630.011
886 943.879 129.671
887 773.919 1160.14
888 752.749 687.554
889 866.177 511.734
890 88.429 446.122
891 0.68609 390.658
892 1087.56 1025.05
893 1029.39 400.624
894 229.985 150.526
895 1015.55 1008.82
896 1084.55 478.802
897 611.667 645.791
898 738.409 808.394
899 225.499 576.532
900 651.063 656.335
901 108.872 906.686
902 518.574 844.56
903 117.61 717.975
904 1152.57 416.998
905 1180.96 72.2922
906 911.272 839.288
907 210.228 888.631
908 116.996 86.664
909 469.791 708.261
910 11.6635 543.383
911 680.204 196.366
912 244.236 458.597
913 892.338 642.561
914 603.769 557.811
915 247.462 927.938
916 349.256 644.005
917 322.039 151.554
918 1010.16 642.272
919 1116.67 675.618
920 803.088 670.618
921 18.4522 630.805
922 372.311 1058.91
923 333.446 257.339
924 1119.01 402.554
925 888.382 849.343
926 169.539 1011.87
927 798.727 875.687
928 999.38 84.3168
929 161.953 382.91
930 1160.72 11.3943
931 1182.02 462.422
932 516.512 1011.57
933 472.933 145.198
934 61.3148 1139.25
935 1034.3 368.105
936 164.048 674.965
937 249.913 16.3414
938 421.618 397.988
939 1020.65 699.559
940 734.281 403.024
941 1145.3 642.397
942 313.687 185.786
943 643.624 170.656
944 201.647 1106.66
945 1074.92 969.95
946 1078.84 174.195
947 18.8494 597.509
948 238.058 757.499
949 40.3611 938.135
950 212.941 1102.75
951 1019.17 646.569
952 1173.98 629.72
953 823.567 662.277
954 553.458 182.845
955 910.087 508.376
956 620.069 145.776
957 806.931 1084.33
958 228.179 231.646
959 313.326 224.674
960 839.541 1173.07
961 451.753 876.498
962 339.776 905.767
963 691.506 162.759
964 145.291 205.774
965 459.423 110.569
966 1111.14 425.412
967 440.506 277.344
968 713.569 857.215
969 808.033 295.291
970 302.891 846.329
971 511.137 1173.21
972 614.556 396.074
973 486.51 409.704
974 722.128 529.914
975 413.676 526.359
976 525.418 368.305
977 1011.77 495.449
978 571.585 240.456
979 308.118 592.693
980 371.3 570.738
981 21.2688 391.324
982 570.512 136.66
983 439.711 139.513
984 231.79 882.456
985 203.155 131.838
986 80.0985 755.529
987 122.846 43.7292
988 250.874 691.382
989 937.989 941.118
990 174.628 632.522
991 1055.39 1174.19
992 530.624 1079.06
993 1090.56 820.852
994 712.121 398.241
995 1140.25 768.91
996 452.721 1142.16
997 463.659 375.816
998 269.799 1181.19
999 428.012 122.052
1000 522.608 784.851
1001 1056.43 280.847
1002 645.295 159.642
1003 741.178 1046.88
1004 201.992 93.2918
1005 445.236 1084.4
1006 697.32 324.809
1007 807.961 133.174
1008 697.712 524.626
1009 315.9 1011.3
1010 929.206 577.202
1011 821.826 13.7579
1012 988.135 965.434
1013 827.208 595.04
1014 386.955 81.0866
1015 903.995 966.034
1016 960.165 699.615
1017 321.891 362.328
1018 317.172 725.377
1019 261.436 3.50267
1020 824.831 628.53
1021 519.166 1163.68
1022 170.836 478.116
1023 759.63 1141.6
1024 203.263 786.148
1025 174.359 78.5589
1026 183.944 1134
1027 604.108 467.5
1028 92.8749 418.932
1029 250.396 443.214
1030 397.866 959.334
1031 1023.54 163.056
1032 710.672 1.84161
1033 707.142 50.229
1034 1129.48 170.403
1035 993.273 74.6032
1036 638.147 848.115
1037 114.153 801.822
1038 421.966 984.178
1039 421.404 1017.54
1040 595.269 1010.9
1041 17.73 572.379
1042 923.657 126.296
1043 361.064 464.972
1044 627.628 541.072
1045 271.042 362.058
1046 1166.7 57.8679
1047 978.4 340.77
1048 334.15 1170.22
1049 973.236 676.915
1050 110.813 729.891
1051 905.132 601.195
1052 1102.04 921.655
1053 625.642 751.591
1054 957.086 912.266
1055 573.896 1085.77
1056 49.6151 936.079
1057 427.477 153.215
1058 986.739 194.725
1059 343.46 681.215
1060 1.15552 150.868
1061 390.493 672.837
1062 992.194 1069.58
1063 666.467 977.642
1064 846.269 327.609
1065 718.201 15.8884
1066 525.834 392.768
1067 607.218 1088.36
1068 905.951 1098
1069 1171.03 289.855
1070 375.806 1120.85
1071 540.052 198.877
1072 234.66 527.567
1073 249.985 957.998
1074 818.325 277.358
1075 1015.17 98.2914
1076 620.741 1043.31
1077 29.5741 163.073
1078 1049.32 1023.45
1079 39.4682 786.728
1080 795.864 542.661
1081 270.825 99.0497
1082 364.783 886.881
1083 868.517 1096.61
1084 761.921 1140.19
1085 290.216 429.276
1086 680.325 1021.5
1087 175.76 1105.54
1088 217.129 737.33
1089 414.687 1121.05
1090 1145.05 318.871
1091 265.336 450.292
1092 915.388 674.462
1093 553.448 898.236
1094 80.8098 690.154
1095 631.837 821.972
1096 184.662 831.794
1097 503.137 983.6
1098 181.759 897.225
1099 585.596 316.09
1100 510.77 856.815
1101 395.549 141.479
1102 479.12 386.216
1103 878.448 464.466
1104 742.277 422.595
1105 4.04432 947.887
1106 489.724 583.968
1107 1164.71 664.832
1108 842.239 783.298
1109 950.039 404.899
1110 889.606 311.793
1111 774.583 208.049
1112 922.222 610.042
1113 217.771 659.966
1114 697.525 194.869
1115 533.408 443.053
1116 1124.54 726.264
1117 1012.13 878.664
1118 1133.06 237.154
1119 506.85 652.544
1120 598.126 50.3373
1121 239.656 1093.94
1122 658.105 731.933
1123 430.786 583.138
1124 862.338 811.556
1125 546.462 295.472
1126 54.165 287.363
1127 722.778 348.209
1128 1089.46 1080.39
1129 1144.49 370.488
1130 7.76365 199.688
1131 157.151 888.087
1132 716.314 187.447
1133 780.553 56.1346
1134 363.05 957.945
1135 1090.6 200.663
1136 1105.33 476.708
1137 668.63 820.561
1138 600.263 101.577
1139 327.105 667.693
1140 1138.66 807.672
1141 1001.52 644.455
1142 621.67 33.1851
1143 377.566 198.264
1144 533.489 1139.36
1145 614.375 959.512
1146 429.524 30.2438
1147 310.474 470.477
1148 949.837 934.418
1149 6.24703 853.118
1150 44.1526 284.883
1151 8.48585 298.16
1152 435.848 359.242
1153 636.619 294.641
1154 542.216 700.951
1155 26.8297 1152.54
1156 77.7109 718.681
1157 404.619 341.492
1158 785.934 598.631
1159 766.719 734.802
1160 515.939 383.633
1161 456.632 419.076
1162 321.559 590.976
1163 486.365 959.876
1164 123.467 1178.61
1165 728.086 749.679
1166 146.029 6.21092
1167 1011.15 356.514
1168 705.483 117.43
1169 720.314 315.132
1170 505.215 938.013
1171 295.985 975.856
1172 203.559 49.7957
1173 841.209 1039.46
1174 199.58 1142.74
1175 668.324 980.406
1176 138.735 227.224
1177 254.431 483.621
1178 14.4801 809.766
1179 305.15 1045.15
1180 1096.41 31.7046
1181 894.233 999.597
1182 127.897 319.34
1183 924.993 227.926
1184 80.9586 988.097
1185 328.03 329.74
1186 932.396 476.471
1187 689.809 1034.33
1188 432.34 340.212
1189 473.655 552.447
1190 467.428 678.49
1191 1092.29 184.378
1192 928.857 157.259
1193 787.088 528.814
1194 1181.89 968.398
1195 92.7906 906.308
1196 204.62 786.476
1197 809.73 1115.65
1198 1173.28 162.351
1199 183.078 1076.42
1200 63.5897 495.499
1201 984.208 530.945
1202 431.587 601.52
1203 879.028 74.2618
1204 750.727 436.534
1205 95.8063 262.231
1206 646.477 904.322
1207 204.383 794.961
1208 973.466 708.045
1209 842.683 856.151
1210 77.3826 661.894
1211 1115 951.085
1212 974.934 1058.31
1213 921.464 139.621
1214 691.808 1053.56
1215 296.788 1089.98
1216 829.872 1172.69
1217 236.629 51.0792
1218 1010.77 369.244
1219 1046 440.759
1220 264.722 1022.78
1221 747.368 291.913
1222 90.5715 620.187
1223 423.544 709.978
1224 242.561 595.381
1225 1143.17 1181.86
1226 674.968 794.331
1227 751.69 466.2
1228 61.3148 1002.67
1229 834.971 511.859
1230 1022.31 487.432
1231 36.9219 540.442
1232 155.279 601.484
1233 504 5.52483
1234 462.569 177.95
1235 202.758 78.7198
1236 999.163 147.529
1237 497.921 122.144
1238 7.76365 526.395
1239 764.339 629.18
1240 485.21 774.74
1241 930.265 1109.9
1242 590.452 1064.69
1243 621.164 869.348
1244 499.577 72.6008
1245 1169.24 883.684
1246 271.764 1123.51
1247 977.317 1076.76
1248 486.943 629
1249 441.04 78.1256
1250 221.571 1166.01
1251 571.332 206.474
1252 1182.34 10.9774
1253 144.919 741.085
1254 405.479 809.839
1255 270.428 555.536
1256 1120.39 720.864
1257 708.659 711.82
1258 976.857 1026.66
1259 1122.7 1157.16
1260 621.67 208.391
1261 474.037 261.492
1262 1104.88 811.211
1263 80.5493 330.462
1264 683.269 995.789
1265 934.23 89.0448
1266 709.345 671.14
1267 229.623 774.904
1268 637.233 1092.33
1269 279.176 840.913
1270 362.045 907.083
1271 8.16086 19.5191
1272 1177.12 226.14
1273 642.036 598.92
1274 445.272 163.562
1275 977.941 271.82
1276 890.782 454.103
1277 689.448 818.252
1278 715.086 1070.34
1279 219.425 867.94
1280 185.136 1104.73
1281 694.395 174.684
1282 2.56381 138.032
1283 727.756 425.034
1284 1118.8 552.266
1285 486.51 284.675
1286 146.813 420.79
1287 318.644 928.424
1288 166.365 1128.17
1289 775.029 448.145
1290 509.873 1095.13
1291 940.072 1088.64
1292 237.18 175.856
1293 477.338 172.662
1294 963.523 115.68
1295 411.433 180.389
1296 1046.5 829.555
1297 1128.33 666.049
1298 477.131 209.097
1299 397.138 504.276
1300 212.868 857.323
1301 254.416 632.647
1302 655.417 625.084
1303 491.168 350.303
1304 1024.08 49.7957
1305 812.701 798.392
1306 412.1 1172.53
1307 544.286 549.325
1308 767.101 1091.41
1309 334.341 1048.06
1310 783.521 173.183
1311 866.17 170.473
1312 957.773 206.766
1313 725.387 1006.73
1314 583.183 381.161
1315 120.427 664.352
1316 1059.94 507.221
1317 289.5 93.4362
1318 175.603 760.476
1319 331.706 182.642
1320 44.5411 913.258
1321 951.498 886.123
1322 616.743 760.837
1323 208.7 968.073
1324 411.871 16.1247
1325 323.907 1166.55
1326 633.126 567.071
1327 366.378 534.52
1328 777.711 1058.35
1329 83.8682 506.948
1330 543.311 803.05
1331 194.343 338.459
1332 439.627 622.303
1333 912.628 989.397
1334 678.777 501.387
1335 36.2183 27.588
1336 334.702 29.3935
1337 887.929 893.634
1338 973.092 838.654
1339 182.993 1019.96
1340 333.945 105.605
1341 457.007 442.186
1342 350.985 352.128
1343 349.545 256.273
1344 678.659 925.46
1345 905.562 1156.48
1346 989.197 1174.91
1347 1015.68 553.477
1348 370.741 131.799
1349 1067.55 222.277
1350 173.287 479.577
1351 693.961 323.421
1352 137.228 322.462
1353 556.997 240.296
1354 548.222 316.415
1355 99.5552 60.7567
1356 595.774 698.8
1357 271.843 1089.42
1358 653.771 559.183
1359 200.085 269.525
1360 1073.38 524.1
1361 557.647 338.242
1362 883.199 642.758
1363 1068.14 388.383
1364 190.119 109.197
1365 117.791 600.42
1366 109.38 235.023
1367 917.734 113.622
1368 1073.59 872.943
1369 7.07756 186.058
1370 579.091 436.498
1371 1036.54 797.309
1372 786.041 378.649
1373 170.207 22.3521
1374 1040.44 1055.41
1375 588.773 23.8523
1376 725.739 259.595
1377 98.0512 1052.1
1378 875.291 318.668
1379 207.271 242.334
1380 280.105 642.2
1381 905.241 876.987
1382 181.958 898.128
1383 115.75 1079.8
1384 1028.34 408.893
1385 546.922 174.142
1386 1080.12 934.093
1387 353.859 1147.52
1388 977.57 769.215
1389 740.327 1156.55
1390 908.512 773.693
1391 642.486 462.136
1392 691.044 58.7509
1393 451.331 460.98
1394 148.924 778.604
1395 681.008 1175.54
1396 107.102 1000.93
1397 1175.47 326.615
1398 868.607 873.537
1399 601.252 89.0669
1400 922.899 1153.64
1401 915.497 664.929
1402 1001.37 933.932
1403 424.365 180.694
1404 344.417 481.113
1405 829.41 401.093
1406 53.7415 236.773
1407 345.438 320.64
1408 985.051 1010.65
1409 1073.92 959.787
1410 856.421 307.749
1411 1087.24 622.392
1412 457.343 1087.96
1413 631.851 586.896
1414 637.734 93.9582
1415 265.285 696.273
1416 348.57 408.424
1417 789.638 474.288
1418 299.983 388.905
1419 503.928 220.507
1420 719.961 113.313
1421 822.116 723.752
1422 883.828 699.595
1423 311.99 8.61387
1424 500.758 1084.89
1425 1041.23 1145.18
1426 377.692 864.726
1427 47.1662 150.057
1428 993.728 661.555
1429 510.197 543.203
1430 881.553 1069.78
1431 716.335 37.1211
1432 962.03 384.21
1433 976.637 309.426
1434 394.472 112.483
1435 1098.39 466.055
1436 317.161 886.303
1437 165.41 229.696
1438 488.776 1035.94
1439 1176.08 233.993
1440 389.12 156.845
1441 911.705 810.597
1442 1129.38 605.656
1443 603.841 493.371
1444 129.767 649.241
1445 505.359 987.247
1446 186.504 197.558
1447 972.695 402.771
1448 581.551 950.018
1449 462.499 846.632
1450 916.724 604.465
1451 843.89 491.385
1452 146.209 1066.65
1453 851.871 419.887
1454 290.433 984.125
1455 1087.26 163.073
1456 899.365 782.828
1457 1035.2 250.676
1458 57.451 503.537
1459 568.01 1125.73
1460 157.909 510.94
1461 548.99 1142.38
1462 783.163 364.731
1463 1076.42 633.1
1464 762.823 998.947
1465 779.621 170.964
1466 865.963 376.647
1467 278.006 1066.28
1468 702.924 364.369
1469 255.596 53.4789
1470 285.774 440.614
1471 58.426 516.301
1472 1020.26 910.822
1473 930.113 196.547
1474 741.568 280.053
1475 289.783 296.427
1476 883.232 756.704
1477 348.75 387.963
1478 324.241 569.98
1479 1173.18 615.514
1480 899.536 859.149
1481 1176.93 383.183
1482 427.181 920.319
1483 1034.08 346.351
1484 1116.47 22.3521
1485 290.397 955.815
1486 562.289 916.419
1487 256.092 493.624
1488 529.842 872.345
1489 686.97 775.048
1490 401.755 227.168
1491 605.384 550.625
1492 1062.07 619.125
1493 1112.02 297.349
1494 415.734 649.041
1495 265.913 339.129
1496 990.081 977.714
1497 616.219 679.574
1498 645.683 848.785
1499 162.17 984.739
1500 429.968 827.083
1501 1107.02 1093.16
1502 795.921 845.21
1503 163.325 1172.85
1504 341.816 612.048
1505 1108.94 213.719
1506 1133.06 923.26
1507 28.8519 474.252
1508 72.1116 554.216
1509 1157.87 433.139
1510 1031.61 767.357
1511 840.044 925.771
1512 141.334 726.352
1513 150.08 1167.93
1514 957.962 1154.87
1515 897.369 62.2175
1516 92.8027 356.786
1517 1122.98 1079.26
1518 184.554 446.175
1519 377.674 1004.29
1520 304.082 201.947
1521 638.172 308.218
1522 622.669 947.437
1523 722.159 981.397
1524 697.908 186.817
1525 1135.59 302.71
1526 516.806 1001.33
1527 582.851 1046.03
1528 1127.39 845.876
1529 1135.84 289.838
1530 743.959 233.812
1531 475.614 1172.85
1532 478.349 1126.99
1533 319.76 266.584
1534 45.6468 107.752
1535 556.248 2.27493
1536 246.266 1137.12
1537 567.468 517.781
1538 518.835 802.6
1539 46.2054 946.426
1540 219.714 510.09
1541 802.529 932.902
1542 95.9442 267.069
1543 1140.35 630.769
1544 846.49 870.27
1545 434.699 48.3874
1546 1001.98 826.036
1547 938.274 728.43
1548 301.348 896.142
1549 647.462 264.975
1550 402.518 758.851
1551 370.525 421.532
1552 779.325 343.945
1553 210.611 408.332
1554 487.856 733.125
1555 114.887 463.203
1556 228.685 518.704
1557 518.323 1107.01
1558 819.923 1036.38
1559 1026.61 1084.82
1560 1059.83 1155.99
1561 862.668 114.902
1562 1011.96 153.07
1563 641.201 173.22
1564 1066.2 847.754
1565 842.915 659.099
1566 12.133 90.9085
1567 730.984 100.658
1568 894.332 684.737
1569 193.109 496.713
1570 646.495 1151.75
1571 790.159 485.065
1572 187.84 110.894
1573 859.815 241.648
1574 307.942 459.572
1575 428.888 624.161
1576 67.8507 1049.48
1577 678.011 929.218
1578 1093.4 538.111
1579 40.1247 1014.4
1580 544.603 628.242
1581 1077.23 0.32499
1582 537.389 249.195
1583 901.811 413.84
1584 186.328 917.194
1585 95.0513 621.02
1586 974.424 65.3952
1587 414.18 473.024
1588 985.839 215.055
1589 634.814 785.701
1590 689.051 1019.15
1591 355.322 326.29
1592 668.095 50.3209
1593 682.19 575.593
1594 695.351 1136.33
1595 1157.57 117.883
1596 1019.89 325.623
1597 895.961 519.281
1598 803.385 80.1116
1599 421.295 788.048
1600 190.79 167.081
1601 50.1994 649.53
1602 856.55 722.797
1603 1059.6 657.238
1604 1003.79 524.373
1605 860.284 8.3611
1606 839.413 196.133
1607 872.706 668.396
1608 733.798 24.5548
1609 141.984 175.422
1610 272.037 735.725
1611 102.425 194.941
1612 9.67748 997.502
1613 979.339 298.902
1614 1143.49 786.114
1615 1007.97 1095.54
1616 396.794 827.661
1617 408.44 307.693
1618 1142.95 683.779
1619 37.1025 44.7961
1620 635.134 457.208
1621 483.766 1061.06
1622 872.044 224.965
1623 882.39 27.1547
1624 941.589 903.961
1625 646.614 1036.43
1626 560.174 383.163
1627 494.424 119.885
1628 213.013 1040.24
1629 490.061 328.851
1630 476.781 278.769
1631 168.604 373.269
1632 749.932 911.163
1633 814.172 482.213
1634 890.851 577.976
1635 464.139 28.2577
1636 1113.56 1126.09
1637 69.0784 1068.96
1638 960.345 1035.63
1639 844.283 671.413
1640 591.698 992.302
1641 1118.07 82.5474
1642 251.037 1076.28
1643 142.569 275.916
1644 825.022 94.0304
1645 849.56 318.96
1646 298.63 9.35249
1647 59.2992 1108.43
1648 1154.91 821.719
1649 792.903 1140.79
1650 50.7159 988.258
1651 751.542 146.698
1652 136.099 33.7267
1653 31.1191 59.0234
1654 383.473 1120.77
1655 396.761 244.609
1656 757.913 548.025
1657 140.272 963.234
1658 147.654 1158.43
1659 431.56 60.8814
1660 574.839 651.747
1661 430.034 483.729
1662 1121.87 118.694
1663 820.961 447.964
1664 504.488 24.2495
1665 301.663 46.7263
1666 843.818 1129
1667 116.192 849.774
1668 765.387 706.203
1669 232.808 281.261
1670 948.15 773.062
1671 696.59 818.164
1672 402.131 700.878
1673 1147.86 701.167
1674 87.1761 340.465
1675 354.505 410.715
1676 631.797 688.384
1677 249.809 221.535
1678 553.097 406.346
1679 296.896 915.119
1680 481.761 892.478
1681 360.048 809.858
1682 635.351 371.014
1683 268.307 109.919
1684 1073.19 397.427
1685 644.801 655.252
1686 478.067 388.255
1687 519.803 889.842
1688 1111.33 737.783
1689 1102.98 581.551
1690 939.149 176.273
1691 335.967 973.617
1692 705.372 856.476
1693 750.275 797.67
1694 1153.93 1070.44
1695 570.205 766.851
1696 458.748 703.856
1697 1086.19 317.824
1698 1182.68 139.673
1699 91.5093 896.811
1700 888.662 1042.98
1701 680.24 570.774
1702 539.158 201.783
1703 1130.53 1108.29
1704 50.0298 1026.39
1705 1017.66 952.276
1706 1012.34 716.009
1707 44.7249 270.159
1708 524.1 826.738
1709 779.542 1161.91
1710 546.019 481.779
1711 950.415 99.2664
1712 103.563 572.76
1713 850.516 693.995
1714 30.5304 1100.33
1715 77.3476 370.219
1716 66.2684 844.235
1717 10.7608 788.462
1718 176.216 869.548
1719 559.271 812.944
1720 408.115 642.308
1721 122.983 1033.31
1722 897.484 833.743
1723 470.415 240.837
1724 706.528 514.098
1725 1145.66 1027.08
1726 1049.29 1032.82
1727 664.333 584.151
1728 279.239 532.353
1729 46.4013 432.87
1730 213.655 538.689
1731 39.0272 487.196
1732 784.02 160.492
1733 693.498 741.322
1734 175.206 213.863
1735 48.3972 1164.94
1736 767.419 12.819
1737 468.595 1044.5
1738 1059.43 29.7743
1739 896.213 825.149
1740 990.131 894.609
1741 633.44 566.91
1742 1173.36 38.5294
1743 573.896 43.0628
1744 933.696 17.5691
1745 48.8207 527.097
1746 289.281 675.076
1747 712.912 661.463
1748 518.684 331.309
1749 541.834 791.35
1750 418.08 710.645
1751 866.712 716.875
1752 90.1042 45.6988
1753 280.614 802.059
1754 212.507 554.036
1755 801.016 597.604
1756 374.178 665.527
1757 776.473 314.068
1758 572.472 516.826
1759 307.02 278.625
1760 549.775 1092.18
1761 1003.1 119.56
1762 781.838 1109.44
1763 1028.88 468.619
1764 900.764 557.341
1765 282.38 769.921
1766 223.846 803.158
1767 1058.53 927.991
1768 230.346 822.622
1769 664.864 608.67
1770 787.76 243.257
1771 48.2495 1006.1
1772 1164.07 551.78
1773 742.71 514.406
1774 1075.82 597.801
1775 817.121 1074.47
