1 594.929 338.014
2 136.59 662.679
3 839.024 43.6199
4 711.267 810.436
5 843.874 306.677
6 698.902 715.664
7 532.51 317.459
8 559.803 272.283
9 677.501 795.45
10 836.703 56.7496
11 792.842 200.96
12 201.64 447.773
13 77.7806 778.965
14 418.465 307.414
15 688.819 709.393
16 128.294 421.35
17 140.823 803.884
18 143.154 137.42
19 265.734 28.1722
20 808.006 540.5
21 504.086 433.226
22 782.757 365.067
23 675.418 414.337
24 281.26 735.154
25 586.665 188.838
26 536.878 674.719
27 51.2084 208.002
28 599.866 547.815
29 184.199 447.418
30 125.619 565.776
31 56.3402 832.985
32 853.073 25.495
33 675.04 94.148
34 623.918 682.471
35 790.837 865.768
36 502.009 711.733
37 351.88 686.047
38 183.542 711.895
39 777.709 364.628
40 198.121 165.909
41 415.792 203.607
42 81.2199 458.173
43 545.136 4.0126
44 36.8924 257.218
45 577.243 501.875
46 783.737 100.079
47 788.065 481.266
48 159.112 94.7832
49 316.483 385.075
50 599.87 885.421
51 832.355 616.357
52 33.5748 756.39
53 678.562 811.391
54 228.202 772.503
55 340.199 435.819
56 546.623 739.164
57 261.907 536.951
58 840.907 689.621
59 154.089 118.058
60 795.177 581.802
61 652.069 585.35
62 68.5228 514.486
63 811.882 198.749
64 466.333 602.709
65 729.302 369.951
66 600.43 780.983
67 521.583 41.1108
68 480.416 525.978
69 179.507 62.9008
70 483.414 516.945
71 214.016 889.543
72 791.996 778.009
73 507.297 852.338
74 648.143 319.07
75 677.484 797.117
76 603.918 53.1758
77 674.217 885.965
78 226.711 179.83
79 842.079 4.64042
80 557.697 380.05
81 668.794 174.728
82 550.578 416.382
83 792.42 649.579
84 826.541 397.284
85 769.253 159.141
86 496.361 617.722
87 550.683 522.322
88 564.699 104.464
89 661.123 276.871
90 127.748 402.982
91 647.286 756.907
92 437.237 221.184
93 329.033 372.027
94 204.97 683.861
95 668.495 806.48
96 582.236 173.142
97 289.562 144.456
98 434.616 117.566
99 582.509 681.159
100 739.983 26.6688
101 680.968 583.574
102 136.92 749.457
103 718.419 876.741
104 326.102 872.115
105 198.555 192.823
106 124.172 549.071
107 768.699 245.959
108 92.674 256.588
109 452.25 40.2992
110 741.323 293.639
111 469.747 470.784
112 538.289 220.04
113 471.767 576.122
114 443.297 440.103
115 593.428 721.667
116 580.162 120.298
117 721.205 509.247
118 179.937 491.095
119 766.723 520.657
120 322.728 747.956
121 564.848 699.122
122 310.467 568.861
123 458.509 331.244
124 366.429 456.654
125 157.682 477.392
126 626.688 767.853
127 332.609 641.281
128 144.262 279.189
129 866.289 782.675
130 323.897 799.271
131 683.225 693.417
132 774.295 675.399
133 109.799 419.931
134 399.744 242.448
135 460.351 662.106
136 829.955 472.477
137 551.173 515.878
138 382.368 18.8619
139 300.754 344.783
140 262.156 891.509
141 770.263 201.176
142 145.787 297.97
143 811.11 757.808
144 186.081 590.727
145 336.596 763.185
146 668.521 52.4094
147 672.798 574.35
148 467.372 591.517
149 200.829 502.421
150 71.242 210.429
151 133.917 709.44
152 344.145 591.164
153 479.74 134.599
154 458.57 386.083
155 526.415 140.577
156 892.262 411.305
157 676.907 832.466
158 836.626 484.978
159 786.196 708.076
160 880.269 569.982
161 33.4383 738.484
162 312.382 574.22
163 715.231 853.894
164 435.626 459.101
165 595.339 479.847
166 464.09 757.4
167 754.696 839.863
168 120.38 650.232
169 442.398 795.459
170 209.711 357.233
171 709.902 458.337
172 607.404 100.561
173 290.818 840.571
174 133.753 190.259
175 574.595 535.286
176 501.19 72.0084
177 531.517 727.047
178 818.742 22.358
179 524.174 191.267
180 160.643 722.059
181 678.866 435
182 278.207 95.2924
183 803.994 409.312
184 557.751 233.932
185 802.356 735.042
186 439.784 811.364
187 320.271 275.834
188 112.59 598.098
189 73.1465 62.6625
190 510.801 210.295
191 82.2131 629.869
192 476.281 561.902
193 115.557 478.236
194 573.146 397.14
195 334.192 189.986
196 214.864 291.609
197 541.783 264.67
198 650.014 76.294
199 536.724 244.823
200 24.8399 411.769
201 534.946 97.431
202 725.243 557.426
203 743.477 620.488
204 221.894 530.811
205 194.625 556.168
206 76.4577 394.547
207 244.987 630.142
208 375.066 781.256
209 144.508 146.394
210 354.801 2.62047
211 734.973 263.278
212 423.641 648.13
213 829.598 133.726
214 102.854 235.442
215 813.167 877.404
216 352.101 304.987
217 483.042 730.513
218 693.06 11.1465
219 139.836 152.342
220 660.304 136.84
221 464.506 753.304
222 83.8236 512.605
223 661.722 139.922
224 783.63 31.9916
225 165.772 644.509
226 827.632 129.006
227 487.234 493.224
228 408.466 376.64
229 774.568 431.777
230 744.269 113.938
231 81.9443 29.8898
232 96.758 724.89
233 82.4903 681.159
234 137.193 322.648
235 507.105 314.077
236 863.666 793.484
237 284.334 241.957
238 679.714 372.516
239 92.8084 742.576
240 324.048 168.286
241 744.815 277.197
242 403.198 359.605
243 616.294 198.992
244 635.355 178.52
245 32.5648 73.6462
246 403.853 112.682
247 193.123 866.694
248 452.168 682.36
249 659.952 160.697
250 130.377 604.701
251 555.767 876.495
252 500.729 447.309
253 228.611 237.892
254 160.206 436.554
255 49.8709 272.911
256 416.628 98.3517
257 882.536 813.411
258 777.871 655.173
259 575.677 656.949
260 62.2551 667.813
261 506.242 822.037
262 259.32 67.6955
263 209.501 761.304
264 249.537 593.237
265 337.086 411.714
266 579.452 592.418
267 783.74 748.855
268 477.743 287.597
269 419.931 834.268
270 350.442 727.618
271 154.389 724.479
272 495.206 202.049
273 382.45 268.298
274 250.906 123.954
275 712.852 230.028
276 733.077 317.787
277 388.485 120.844
278 144.813 126.849
279 794.595 609.488
280 150.872 377.894
281 471.439 278.807
282 105.346 294.13
283 497.644 818.763
284 574.104 296.141
285 769.583 213.459
286 423.901 533.075
287 828.705 505.016
288 271.683 523.576
289 780.464 164.888
290 143.143 785.652
291 666.337 381.06
292 514.465 565.531
293 266.606 127.857
294 261.61 0.191076
295 332.472 884.255
296 540.199 409.424
297 110.161 640.432
298 868.584 664.743
299 280.307 187.475
300 74.6793 834.02
301 774.335 684.844
302 531.219 483.514
303 399.332 212.559
304 141.749 880.726
305 488.754 185.217
306 219.41 420.176
307 73.2115 191.842
308 613.384 269.308
309 68.548 362.717
310 669.697 60.8441
311 885.684 233.167
312 168.664 821.684
313 368.286 521.667
314 443.133 414.665
315 34.9123 860.334
316 4.12178 42.1732
317 551.811 52.2824
318 100.779 333.239
319 272.109 337.167
320 170.686 83.9664
321 276.414 255.168
322 762.885 342.028
323 637.321 303.513
324 310.77 306.513
325 751.861 350.108
326 571.88 800.127
327 43.5926 812.894
328 707.84 41.4908
329 675.853 28.4976
330 302.555 330.072
331 602.272 171.261
332 177.755 374.566
333 544.477 728.846
334 828.615 216.025
335 722.473 784.395
336 582.618 308.26
337 57.3774 498.765
338 145.955 467.3
339 499.832 329.852
340 630.028 364.848
341 317.184 362.31
342 824.724 421.841
343 225.029 376.993
344 761.497 302.012
345 891.011 455.826
346 422.301 150.039
347 5.04987 843.601
348 366.266 779.565
349 648.103 670.024
350 649.713 306.213
351 29.2892 443.269
352 710.093 669.977
353 388.731 174.353
354 202.814 857.741
355 204.533 120.817
356 338.003 523.005
357 22.0283 555.924
358 60.0924 667.838
359 147.32 96.4388
360 609.256 811.775
361 117.453 577.824
362 722.022 802.474
363 288.088 549.617
364 227.108 417.831
365 443.763 779.292
366 712.34 635.221
367 626.648 277.197
368 637.995 702.068
369 334.956 460.384
370 290.736 604.483
371 464.05 803.038
372 18.5617 393.18
373 863.093 830.035
374 272.046 765.232
375 642.179 713.451
376 815.622 777.736
377 715.607 170.167
378 48.0441 105.501
379 146.665 610.026
380 15.7774 334.74
381 338.602 378.44
382 773.722 263.578
383 587.859 453.123
384 239.454 313.583
385 776.269 724.697
386 304.244 470.35
387 763.091 128.785
388 144.071 247.691
389 555.95 328.216
390 127.475 411.278
391 298.098 28.3612
392 100.124 15.6157
393 105.921 252.421
394 845.757 348.443
395 253.558 357.23
396 549.094 367.96
397 446.545 650.07
398 834.102 612.818
399 234.322 801.073
400 657.111 254.543
401 348.85 223.614
402 663.664 625.503
403 472.094 353.684
404 49.4614 449.584
405 299.88 502.23
406 264.124 215.561
407 43.9118 224.76
408 358.95 484.571
409 318.056 90.1701
410 538.016 858.862
411 227.546 840.737
412 363.536 55.4488
413 422.66 150.677
414 530.072 491.339
415 827.168 731.387
416 208.191 1.41942
417 198.06 797.199
418 561.623 228.993
419 459.395 695.135
420 147.759 71.5464
421 323.456 236.472
422 183.16 56.0672
423 591.08 615.213
424 574.648 137.657
425 285.004 398.832
426 523.267 832.519
427 32.0462 306.379
428 253.394 110.606
429 697.295 541.628
430 437.421 733.441
431 9.90866 579.261
432 80.401 26.8346
433 417.793 430.986
434 871.788 94.9102
435 369.533 723.198
436 209.417 579.809
437 247.217 441.088
438 555.824 383.608
439 828.164 839.807
440 365.636 493.497
441 289.291 265.214
442 577.459 7.50656
443 568.451 18.2068
444 61.0142 426.7
445 511.238 76.5123
446 742.385 65.8688
447 387.189 280.172
448 657.577 751.941
449 619.905 460.903
450 335.318 484.899
451 477.272 871.063
452 553.902 283.229
453 616.93 550.408
454 202.65 683.345
455 378.849 621.379
456 218.009 524.34
457 854.417 527.836
458 175.353 785.762
459 556.6 338.207
460 277.886 276.078
461 430.95 497.617
462 582.263 537.497
463 177.033 27.3806
464 75.1475 356.605
465 731.29 864.028
466 626.249 711.185
467 783.742 582.409
468 398.026 260.794
469 178.331 630.451
470 368.796 630.963
471 161.459 599.244
472 402.041 408.838
473 378.65 834.24
474 491.311 235.733
475 240.288 47.8257
476 331.544 74.9039
477 171.441 41.6819
478 471.576 769.955
479 849.766 584.556
480 636.733 441.167
481 735.58 27.1874
482 377.976 583.246
483 58.4147 689.375
484 609.369 287.242
485 343.158 333.646
486 126.219 204.461
487 603.036 522.657
488 749.936 834.538
489 333.646 158.511
490 313.365 121.852
491 197.543 474.578
492 116.852 757.426
493 238.711 275.65
494 247.935 659.304
495 891.88 720.25
496 432.796 353.52
497 276.842 400.334
498 589.291 96.359
499 367.439 836.913
500 209.829 507.378
501 657.959 471.74
502 272.556 544.829
503 678.566 817.451
504 331.093 67.6409
505 819.311 74.5197
506 576.859 854.902
507 250.746 817.999
508 805.403 317.052
509 413.379 77.9066
510 851.708 428.502
511 82.3538 589.881
512 795.364 741.132
513 250.228 707.584
514 691.614 426.839
515 263.603 58.506
516 751.257 374.455
517 92.5543 398.203
518 781.72 123.028
519 223.068 260.302
520 829.873 296.823
521 245.151 617.533
522 544.976 634.7
523 73.7008 190.696
524 490.274 63.3102
525 384.418 552.54
526 308.502 593.919
527 130.755 93.0541
528 809.016 514.679
529 132.162 858.07
530 890.452 631.288
531 446.326 879.66
532 321.741 670.486
533 588.132 77.9863
534 458.801 792.584
535 750.538 536.407
536 620.206 417.911
537 582.673 223.943
538 144.456 465.054
539 343.418 856.405
540 692.063 98.6226
541 216.025 521.039
542 564.865 436.936
543 670.923 745.634
544 457.491 541.673
545 209.993 481.757
546 130.341 841.037
547 709.688 394.381
548 156.924 538.589
549 420.149 268.435
550 516.069 576.097
551 424.733 12.6656
552 229.564 716.017
553 742.549 421.487
554 25.3039 570.828
555 527.425 878.541
556 207.591 627.878
557 327.223 628.67
558 293.518 213.186
559 467.62 439.941
560 760.111 439.147
561 63.7102 91.8898
562 282.639 820.481
563 883.152 581.008
564 603.555 738.757
565 765.329 352.836
566 126.186 814.366
567 403.242 808.006
568 285.279 147.895
569 445.72 36.4157
570 547.078 425.008
571 776.997 856.241
572 723.372 761.795
573 598.44 165.256
574 365.711 150.486
575 151.414 206.062
576 486.152 604.401
577 123.83 166.973
578 428.51 762.175
579 433.197 112.382
580 443.54 686.539
581 97.4299 715.726
582 605.82 536.025
583 57.6861 343.964
584 670.65 139.84
585 473.568 24.5144
586 271.139 294.53
587 781.064 885.419
588 510.883 72.2289
589 613.421 224.951
590 306.404 27.4352
591 96.8609 528.953
592 104.945 881.161
593 541.237 840.3
594 486.969 430.415
595 649.659 872.183
596 425.207 300.401
597 339.032 169.812
598 481.552 637.022
599 404.836 259.945
600 671.551 153.461
601 793.976 811.728
602 891.847 866.885
603 743.15 679.687
604 29.7407 687.847
605 372.863 869.999
606 531.219 587.341
607 810.585 142.543
608 117.531 151.334
609 428.72 658.205
610 831.7 164.409
611 751.066 274.169
612 498.572 779.754
613 826.322 561.739
614 443.842 778.372
615 866.583 249.928
616 805.795 454.272
617 691.122 241.138
618 3.73963 281.512
619 643.49 665.354
620 139.355 787.67
621 786.629 392.225
622 540.445 764.689
623 638.303 660.743
624 226.079 159.422
625 285.495 121.226
626 11.0824 94.801
627 325.949 676.493
628 797.751 540.063
629 33.1906 781.747
630 32.5375 739.656
631 11.9013 176.911
632 316.42 836.206
633 791.013 628.861
634 857.449 110.36
635 546.627 174.452
636 199.074 323.055
637 703.105 409.831
638 248.481 744.924
639 123.582 740.109
640 673.682 600.607
641 808.334 322.182
642 782.538 467.019
643 756.876 184.743
644 413.816 579.618
645 474.366 239.584
646 164.353 660.386
647 350.688 680.777
648 462.711 55.8761
649 258.581 201.86
650 462.513 658.448
651 479.71 458.528
652 777.812 652.582
653 784.582 638.442
654 620.899 814.203
655 570.362 364.873
656 698.984 458.858
657 496.498 126.356
658 691.313 705.934
659 333.51 594.629
660 865.19 258.308
661 464.97 627.632
662 172.605 344.731
663 849.251 152.836
664 7.86142 385.73
665 7.45197 124.475
666 58.4063 334.847
667 559.198 625.064
668 885.033 757.999
669 541.155 471.551
670 613.892 586.032
671 187.2 648.403
672 632.435 200.85
673 390.906 646.329
674 531.465 348.796
675 433.306 219.057
676 243.049 696.884
677 729.493 343.719
678 778.473 467.809
679 349.529 452.334
680 355.129 376.911
681 526.114 683.097
682 350.406 308.67
683 649.604 327.214
684 826.007 246.843
685 224.105 90.5428
686 270.026 238.902
687 129.474 520.957
688 260.519 67.0971
689 321.799 885.774
690 151.087 108.367
691 882.108 372.792
692 774.919 125.621
693 338.232 78.6688
694 628.886 254.623
695 216.708 521.511
696 821.72 201.367
697 446.137 0.709711
698 61.663 116.129
699 635.599 651.679
700 50.2068 403.58
701 324.936 45.1507
702 515.005 347.187
703 276.155 559.771
704 123.093 858.532
705 830.675 828.726
706 880.896 190.731
707 98.6499 774.186
708 672.506 340.418
709 893.77 673.627
710 890.324 330.373
711 773.831 345.575
712 872.157 75.1842
713 403.471 861.264
714 756.006 706.738
715 454.982 186.681
716 226.261 19.2189
717 790.427 232.569
718 659.968 267.616
719 794.877 83.6913
720 196.93 684.955
721 737.936 783.33
722 229.938 745.799
723 380.004 762.232
724 381.06 613.081
725 589.77 841.144
726 52.0399 16.926
727 371.479 721.642
728 594.24 564.714
729 670.94 509.766
730 59.6997 63.0005
731 893.489 208.029
732 327.968 824.632
733 296.059 250.046
734 498.106 440.05
735 413.421 92.7538
736 713.186 450.813
737 409.831 645.676
738 719.677 61.5811
739 549.902 530.784
740 117.648 502.366
741 173.497 850.427
742 129.85 831.982
743 48.126 644.582
744 553.274 742.715
745 463.905 402.381
746 715.569 776.206
747 71.6535 347.406
748 724.206 745.524
749 169.73 366.104
750 847.653 405.52
751 18.5071 165.692
752 191.798 873.629
753 381.251 828.506
754 391.187 282.711
755 687.929 880.451
756 342.608 763.051
757 394.272 742.415
758 104.71 261.119
759 324.703 849.115
760 554.637 699.859
761 164.798 360.124
762 689.663 472.697
763 791.137 539.929
764 745.51 83.9916
765 831.072 291.2
766 844.611 691.588
767 257.898 373.556
768 669.776 107.603
769 685.39 761.93
770 283.675 553.932
771 418.4 593.373
772 721.445 740.258
773 811.857 140.771
774 23.748 616.493
775 163.152 749.619
776 142.49 50.2803
777 805.972 390.562
778 367.712 713.371
779 134.988 841.308
780 844.884 355.593
781 673.434 642.698
782 848.493 710.912
783 45.2598 92.1008
784 45.094 218.891
785 853.592 473.978
786 789.134 400.768
787 322.946 667.677
788 637.26 868.086
789 222.986 877.64
790 65.0331 483.015
791 887.391 502.068
792 231.072 618.133
793 315.643 460.55
794 668.376 335.286
795 615.32 47.3963
796 511.7 379.15
797 245.463 209.176
798 42.001 242.014
799 8.29816 610.463
800 146.583 317.214
801 458.333 81.5076
802 717.6 328.897
803 788.857 857.986
804 376.857 865.957
805 480.884 494.014
806 183.047 394.028
807 558.898 337.033
808 269.224 743.588
809 491.502 261.913
810 710.776 819.225
811 232.223 698.41
812 457.749 329.117
813 64.3507 38.4903
814 115.483 417.804
815 585.552 461.069
816 37.5328 592.827
817 70.6709 559.746
818 559.425 28.9365
819 0.900787 326.66
820 518.583 852.609
821 701.193 567.114
822 247.687 460.63
823 247.252 284.676
824 190.772 501.058
825 415.154 469.256
826 891.108 277.035
827 291.309 188.349
828 379.395 894.102
829 879.013 15.5885
830 647.147 360.888
831 99.116 14.1144
832 416.779 803.532
833 492.89 377.869
834 819.945 729.183
835 166.919 862.547
836 233.413 841.228
837 324.678 413.955
838 794.795 639.889
839 877.72 455.173
840 79.9244 366.268
841 882.375 81.0709
842 20.7181 718.664
843 524.164 490.576
844 436.39 458.257
845 325.606 641.224
846 482.23 825.642
847 411.017 233.222
848 669.718 493.222
849 720.794 572.357
850 151.551 216.708
851 283.975 305.121
852 222.961 11.6283
853 503.395 693.797
854 417.037 127.803
855 776.099 857.906
856 519.851 556.607
857 764.733 46.8136
858 430.44 612.972
859 871.183 17.1423
860 476.162 145.818
861 229.644 797.717
862 95.6199 376.968
863 553.957 420.506
864 273.886 98.7317
865 806.341 173.199
866 282.929 212.451
867 165.854 545.033
868 763.84 452.525
869 95.7102 547.108
870 285.067 437.728
871 810.69 812.264
872 111.971 297.317
873 582.173 622.31
874 97.0667 224.653
875 389.552 496.034
876 359.878 211.66
877 162.961 555.54
878 8.7895 532.777
879 776.315 296.579
880 377.403 523.194
881 12.7475 889.025
882 674.28 492.267
883 684.598 612.999
884 32.8189 878.079
885 211.876 347.677
886 328.978 363.402
887 53.978 466.553
888 149.159 108.176
889 757.862 187.147
890 239.225 577.434
891 124.172 172.378
892 23.1475 352.563
893 517.052 125.13
894 546.906 306.459
895 160.422 313.64
896 145.829 79.7627
897 860.579 173.772
898 3.9853 679.303
899 158.02 583
900 312.355 780.712
901 650.782 49.1339
902 575.712 304.059
903 633.94 403.635
904 840.271 540.256
905 481.375 290.217
906 480.794 499.309
907 329.415 388.267
908 36.4388 308.151
909 505.583 45.094
910 10.7549 579.236
911 122.043 763.324
912 105.869 40.8084
913 275.941 883.074
914 132.932 672.288
915 832.05 610.597
916 605.684 777.516
917 498.284 673.407
918 712.483 127.703
919 41.1884 794.44
920 502.23 632.598
921 709.547 716.153
922 316.941 316.943
923 482.163 843.903
924 136.538 653.127
925 139.221 243.322
926 30.4063 814.94
927 403.698 126.574
928 582.623 440.676
929 735.67 159.63
930 254.591 479.276
931 775.488 889.379
932 735.916 142.133
933 603.036 389.579
934 748.949 103.975
935 892.896 518.528
936 356.63 180.05
937 464.705 592.008
938 554.885 62.2929
939 717.136 546.507
940 201.407 74.0304
941 492.521 791.794
942 510.28 557.369
943 447.183 36.7958
944 850.862 841.253
945 594.108 105.558
946 600.552 439.423
947 209.146 89.0982
948 550.362 666.366
949 725.766 79.6336
950 885.951 35.2945
951 849.388 697.592
952 746.807 715.091
953 890.782 249.247
954 2.94803 494.316
955 468.901 810.663
956 405.109 397.684
957 424.926 12.4745
958 297.669 698.303
959 232.504 609.426
960 520.063 862.053
961 584.199 247.007
962 708.069 583.548
963 822.919 131.572
964 610.037 755.45
965 565.749 123.435
966 837.596 465.107
967 1.11916 547.217
968 234.751 588.899
969 337.167 513.041
970 431.013 209.913
971 500.336 713.478
972 198.442 676.411
973 230.238 401.751
974 711.313 23.6136
975 687.45 246.326
976 16.6782 204.752
977 466.043 356.687
978 762.921 592.939
979 533.377 171.179
980 332.907 474.444
981 89.7218 667.101
982 761.587 231.584
983 872.563 642.152
984 885.885 54.1564
985 411.481 695.11
986 490.698 525.652
987 313.447 443.981
988 287.952 417.146
989 8.43464 761.957
990 253.23 755.569
991 893.606 736.626
992 854.274 53.9947
993 52.7013 496.034
994 622.581 211.441
995 29.3984 705.592
996 837.678 278.562
997 489.646 210.784
998 772.712 516.972
999 250.583 661.533
1000 886.881 836.533
1001 383.544 467.456
1002 839.288 339.49
1003 329.577 111.727
1004 3.54856 214.797
1005 495.979 154.69
1006 273.293 485.907
1007 673.19 351.989
1008 196.687 694.564
1009 163.71 633.854
1010 591.981 264.26
1011 468.464 456.674
1012 373.17 334.492
1013 340.852 421.596
1014 881.495 876.712
1015 666.793 432.487
1016 355.838 65.9506
1017 431.349 212.831
1018 477.398 736.353
1019 197.682 251.677
1020 170.686 445.673
1021 456.653 517.625
1022 577.915 781.258
1023 619.767 96.8777
1024 568.206 156.903
1025 482.738 197.93
1026 824.174 620.233
1027 888.976 529.337
1028 705.862 361.898
1029 754.778 418.841
1030 820.54 30.6835
1031 205.459 632
1032 819.506 212.176
1033 559.977 202.131
1034 638.65 128.705
1035 135.964 855.422
1036 370.448 574.948
1037 148.267 252.275
1038 353.923 28.252
1039 262.047 688.804
