1 975.057 539.076
2 38.4852 499.608
3 108.742 741.809
4 547.439 258.995
5 1061.27 1364.76
6 1025.2 1078.25
7 923.976 698.075
8 1247.64 852.972
9 251.462 1096.7
10 1418.28 818.59
11 557.006 348.835
12 294.549 411.801
13 1069.74 1217.49
14 304.525 1222.26
15 908.138 42.1355
16 1134.51 461.255
17 784.407 67.6662
18 843.262 1370.44
19 1339.65 630.041
20 720.984 974.035
21 316.679 347.369
22 213.324 445.369
23 420.181 777.93
24 388.067 662.333
25 694.009 14.3256
26 757.441 1330.68
27 858.241 602.288
28 160.26 780.162
29 661.198 1134
30 340.74 997.068
31 237.625 720.959
32 275.365 816.226
33 334.499 1077.11
34 217.921 498.511
35 252.707 1276.68
36 521.394 774.077
37 1509.3 967.103
38 1229.26 817.786
39 1466.88 978.795
40 1317.82 69.7465
41 725.518 1493.04
42 1148.27 396.823
43 292.61 740.92
44 252.446 1311.19
45 718.595 482.318
46 167.935 317.243
47 1180.84 1223.06
48 1092.76 6.66635
49 381.099 1169.64
50 946.716 321.933
51 695.145 302.454
52 347.548 616.103
53 659.354 452.329
54 679.677 832.878
55 111.768 1330.53
56 163.396 80.3271
57 240.057 215.744
58 1455.96 522.018
59 311.758 1437.96
60 875.175 867.949
61 924.259 250.012
62 1356.58 1499.56
63 38.0597 1283.25
64 556.617 631.79
65 300.837 370.526
66 1419.98 607.877
67 456.15 1105.67
68 1391.39 575.906
69 384.284 958.583
70 1094.27 838.825
71 243.331 1226.52
72 1173.56 1380.79
73 1437.43 484.1
74 1083.4 1110.22
75 1405.51 1088.71
76 1499.83 694.161
77 249.854 686.114
78 128.035 1406.41
79 427.923 1426.89
80 867.098 1417.71
81 468.961 1036.92
82 642.57 372.985
83 1336.76 160.985
84 915.748 1531.66
85 652.357 800.255
86 1540.39 457.141
87 13.1436 762.942
88 1265.75 1169.5
89 352.045 782.658
90 286.409 404.151
91 695.144 1234.74
92 1284.15 1232.85
93 931.303 829.285
94 333.223 1380.84
95 442.08 323.871
96 395.388 111.588
97 732.022 389.438
98 383.265 401.541
99 501.349 1208.88
100 639.603 453.227
101 541.927 868.469
102 832.198 407.924
103 190.209 370.645
104 865.086 1375.63
105 263.486 951.123
106 65.6062 575.963
107 134.367 1270.29
108 114.037 121.281
109 1401.68 708.156
110 258.129 1484.95
111 68.3655 1418.66
112 1321.5 1282.48
113 772.351 100.184
114 1527.72 770.365
115 1407.78 124.07
116 814.618 242.551
117 1101.27 51.4495
118 356.342 468.418
119 452.236 98.9177
120 596.284 986.833
121 748.286 1242.21
122 1331.92 351.719
123 731.825 530.056
124 1057.63 550.575
125 701.149 1499.03
126 127.795 99.1442
127 18.1079 1002.18
128 876.349 334.121
129 517.027 270.72
130 727.683 432.566
131 583.937 377.864
132 1298.47 1517.72
133 559.267 39.7144
134 705.869 45.0195
135 1087.61 737.658
136 576.285 1337
137 1329.43 367.841
138 85.2454 1339.43
139 763.88 891.305
140 654.862 862.286
141 1226.61 827.242
142 1025.29 1042.93
143 81.9346 442.967
144 931.729 1337.82
145 584.7 384.308
146 909.15 314.359
147 334.038 561.543
148 656.759 15.9572
149 403.669 218.25
150 216.302 909.744
151 1103.3 225.001
152 1228.22 1193.16
153 1108.84 1441.02
154 1283.44 570.233
155 20.6137 210.817
156 559.028 1498.18
157 337.917 304.345
158 1088.95 135.785
159 302.113 16.983
160 1419.13 161.127
161 101.766 78.824
162 764.361 773.013
163 1541.25 1220
164 646.146 775.991
165 1275.55 800.104
166 609.619 147.653
167 1321.4 259.846
168 813.476 141.554
169 511.37 500.79
170 336.58 1337.86
171 653.919 545.468
172 1439.39 1381.49
173 570.103 1308.83
174 837.312 1414.36
175 85.6709 1206.81
176 1480.73 1339.42
177 525.034 1402.68
178 1118.23 510.188
179 220.935 865.207
180 401.778 620.207
181 130.568 161.08
182 1426.03 190.771
183 465.699 1163.51
184 143.303 1441.41
185 1227.65 290.492
186 338.613 1363.29
187 837.164 47.7519
188 881.897 1480.08
189 868.812 140.372
190 1421.16 1128.2
191 1340.66 300.09
192 942.934 519.833
193 643.043 1019.29
194 1240.18 1404
195 1177.06 892.591
196 126.377 45.7189
197 405.1 1286.94
198 57.9641 1051.87
199 904.732 346.027
200 1478.51 369.344
201 202.592 779.074
202 500.496 1443.35
203 610.421 1495.02
204 112.808 1171.2
205 58.7679 864.309
206 1097.11 922.661
207 1467.73 20.7653
208 739.539 1441.49
209 883.362 1191.05
210 661.957 1113
211 554.063 789.145
212 1436.17 1513.69
213 1466.27 1011.63
214 590.47 1384.73
215 1514.06 880.157
216 689.284 560.848
217 1510.24 1317.15
218 244.624 611.886
219 111.011 228.585
220 235.544 1233.94
221 436.814 1205.58
222 640.916 1016.13
223 341.497 552.172
224 632.31 1069.89
225 1351.89 56.0257
226 1400.03 749.184
227 767.387 1268.41
228 416.748 273.273
229 1336.86 611.413
230 19.999 550.234
231 1241.98 517.479
232 360.232 870.313
233 1187.08 1520.64
234 230.781 562.148
235 267.883 647.038
236 1015.7 572.928
237 847.036 1518.7
238 200.56 559.336
239 54.6546 177.817
240 571.131 1048.7
241 959.2 748.107
242 427.97 1144.58
243 905.019 1450.29
244 1430.03 716.372
245 837.219 1292.8
246 751.785 331.767
247 1158.53 1392.27
248 360.077 988.677
249 566.642 950.451
250 1137.58 1138.81
251 1245 1195.64
252 251.433 762.872
253 668.384 249.397
254 229.893 898.832
255 191.655 967.188
256 1481.4 512.988
257 306.416 888.043
258 565.896 977.211
259 1353.17 771.358
260 620.69 1390.35
261 1467.44 1462.97
262 1497.75 261.936
263 326.982 1207.38
264 1284.38 997.494
265 1346.93 798.307
266 1021.61 663.099
267 556.427 556.593
268 674.173 1484.15
269 479.788 1366.99
270 598.742 1371.67
271 1462.81 661.68
272 1416.51 1004.16
273 80.5635 1479.75
274 115.645 1305.64
275 1240.6 82.2656
276 363.812 809.607
277 1411.92 1460.22
278 1200.13 1024.74
279 858.118 81.0934
280 957.779 65.4254
281 208.028 487.566
282 686.779 690.18
283 452.149 80.3843
284 493.171 1492.6
285 459.363 915.937
286 120.253 474.219
287 1287.03 498.227
288 362.772 1194.14
289 204.955 378.999
290 1112.66 972.814
291 1200.94 593.693
292 1288.07 1232.07
293 606.496 415.725
294 1320.42 1374.12
295 1048.22 288.591
296 1482.49 1305.72
297 1276.58 386.28
298 486.265 1052.9
299 611.98 878.823
300 715.25 324.949
301 452.662 385.334
302 1166.78 894.378
303 1013.62 1498.43
304 474.062 694.019
305 1056.24 1148.36
306 1270.62 1486.46
307 1445.89 572.36
308 874.474 859.307
309 1262.4 744.466
310 396.438 1140.95
311 150.069 1442.11
312 472.292 477.377
313 513.924 637.889
314 349.251 1319.85
315 326.226 1526.15
316 367.683 313.035
317 1302.11 855.278
318 1348.97 450.627
319 20.6137 948.513
320 94.5109 1074.8
321 1376.31 1125.54
322 451.309 220.415
323 30.0222 1320.79
324 307.621 1431.71
325 787.274 687.91
326 1443.33 1192.65
327 1498.75 335.786
328 319.438 991.499
329 1273.65 37.1614
330 788.938 1477.93
331 1271.43 444.376
332 1212.66 1461.4
333 872.393 1034.85
334 899.626 1304.39
335 1364.1 1030.93
336 985.769 12.851
337 651.695 90.8231
338 1298.47 1217.48
339 302.633 1470.62
340 1499.32 801.238
341 83.022 683.476
342 417.285 111.522
343 617.748 16.0276
344 314.893 1166.04
345 961.798 401.778
346 703.04 597.04
347 326.974 1178.71
348 1222.66 254.182
349 1150.87 1000.38
350 1449.1 1276.53
351 107.137 1011.73
352 1019.81 863.846
353 1035.19 1011.88
354 8.88847 1356.34
355 854.616 547.643
356 266.843 369.911
357 507.647 624.188
358 346.652 859.146
359 1480.28 9.93844
360 1092.76 671.741
361 1409.01 1179.39
362 303.43 364.673
363 1425.89 1199.47
364 1347.02 318.85
365 325.424 1353.13
366 1284.15 271.013
367 1465.7 1051.02
368 1505.16 478.322
369 1214.69 931.739
370 1007 1465.9
371 1205.14 1028.27
372 1179.85 778.838
373 98.2196 487.363
374 370.963 227.564
375 713.311 664.791
376 103.872 191.159
377 562.492 1024.73
378 310.287 1126.05
379 655.708 604.095
380 425.94 33.4736
381 205.9 261.359
382 415.907 425.143
383 198.329 984.502
384 1177.86 643.052
385 349.433 1064.45
386 320.079 386.8
387 1317.15 511.891
388 637.193 70.1247
389 364.061 163.123
390 1174.74 967.661
391 34.7514 1044.07
392 861.188 111.106
393 929.102 777.315
394 856.602 930.499
395 478.456 181.221
396 726.916 1246.13
397 1157.83 24.3014
398 383.114 88.9792
399 72.3487 855.099
400 763.04 1065.41
401 776.504 1103.22
402 794.714 819.819
403 831.497 120.987
404 1067.41 1193.76
405 1198.59 136.495
406 382.432 43.9695
407 1209.16 960.957
408 763.699 1389.21
409 839.101 194.847
410 1049.33 671.079
411 104.912 75.7179
412 657.456 352.702
413 471.119 1252.61
414 636.663 856.744
415 938.844 14.3167
416 147.038 255.874
417 218.554 675.911
418 680.82 941.904
419 772.966 1047.49
420 155.342 213.995
421 138.634 1438.14
422 346.425 234.126
423 872.961 404.01
424 382.556 544.523
425 617.931 1091.83
426 1253.98 1087.48
427 1448.43 1246.89
428 531.133 1222.08
429 1055.3 191.206
430 356.211 35.7903
431 1068.32 1172.99
432 620.207 71.5805
433 1446.31 877.226
434 1525.2 1101.9
435 1088.08 1526.78
436 865.401 476.881
437 591.319 1147.85
438 1148.34 965.259
439 548.278 1257.86
440 430.856 702.331
441 1461.44 289.963
442 1034.48 1410.77
443 1088.74 983.83
444 413.353 88.8945
445 1307.22 233.606
446 829.192 1162.5
447 1102.27 297.811
448 1270.63 596.378
449 913.479 659.978
450 1183.58 896.553
451 184.814 1323.48
452 692.734 353.657
453 35.6589 532.173
454 235.213 1258.76
455 294.844 321.64
456 299.513 1303.02
457 69.7366 1531.27
458 1206.33 1340.69
459 1167.9 366.696
460 703.702 255.109
461 1213.15 1425.37
462 338.778 430.297
463 539.495 791.593
464 1516.61 453.132
465 907.288 1510.31
466 694.577 559.747
467 286.795 1101.84
468 849.369 549.288
469 1456.2 23.6868
470 703.467 1221.1
471 900.432 1058.2
472 570.538 241.606
473 1177.04 483.712
474 879.043 384.946
475 563.824 1204.62
476 1021.13 1413.31
477 182.308 1065.53
478 836.18 1087.28
479 1249.15 1128.89
480 1524.46 435.639
481 130.541 686.87
482 750.831 351.955
483 232.566 1548.16
484 113.312 541.45
485 115.503 1242.38
486 684.215 688.251
487 1154.98 678.124
488 570.463 826.07
489 1007.12 1029.37
490 1452.55 1196
491 49.9476 1270.01
492 854.857 428.207
493 1259.93 394.26
494 1071.39 1246.18
495 668.425 159.236
496 539.549 1423.24
497 407.735 309.83
498 403.149 1172.71
499 104.904 666.068
500 646.072 1297.9
501 387.041 259.572
502 531.464 269.963
503 294.194 1452.41
504 513.472 1314.41
505 579.957 307.787
506 59.9518 392.038
507 1460.02 678.417
508 1185.81 790.185
509 881.785 926.207
510 1435.49 1442.07
511 1329.72 821.909
512 864.687 254.324
513 1222.26 1265.1
514 599.593 463.193
515 1391.75 944.494
516 390.525 841.804
517 571.227 84.0622
518 272.658 1122.67
519 662.238 203.253
520 1356.67 1066.77
521 287.581 232.991
522 692.449 853.019
523 1361.22 416.198
524 1494.4 136.92
525 300.034 764.56
526 1373.65 461.17
527 451.137 570.989
528 376.223 1013.48
529 1461.4 239.327
530 548.295 918.963
531 1023.73 1228.46
532 1446.03 989.041
533 265.708 1346.67
534 819.131 947.085
535 886.624 1137.36
536 1407.93 1109.76
537 255.827 82.5591
538 137.393 152.144
539 1464.56 62.8437
540 1372.75 1421.78
541 558.321 1113.52
542 1334.17 33.8991
543 1399.72 1534.55
544 133.705 1356.63
545 1169.05 1032.34
546 125.812 624.698
547 80.5004 968.191
548 1034.23 235.696
549 434.743 191.112
550 1434.12 593.126
551 909.461 1078.86
552 908.45 1231.96
553 1267.36 652.829
554 758.528 835.705
555 1191.26 839.629
556 876.696 939.435
557 1403.24 267.978
558 807.52 1432.08
559 667.129 841.294
560 265.046 56.4985
561 806.537 1171.43
562 551.712 1477.61
563 1022.03 1477.38
564 230.769 888.445
565 388.681 171.411
566 1052.91 1332.61
567 965.629 288.828
568 1268.35 1054.42
569 923.408 486.89
570 989.551 161.742
571 760.531 679.4
572 1509.72 741.005
573 263.453 1113.01
574 40.5667 1460.32
575 556.522 298.142
576 1308.76 334.84
577 1203.91 576.616
578 437.693 1459.42
579 907.853 273.392
580 566.104 1201.7
581 1271.24 1055.04
582 500.961 386.554
583 331.001 1543.39
584 418.089 167.52
585 26.098 666.682
586 440.851 1277.76
587 851.044 968.465
588 1152.71 191.741
589 1144.84 179.103
590 187.653 813.909
591 1144.58 1322.45
592 802.846 222.411
593 533.497 520.567
594 1001.9 1154.51
595 106.52 39.9607
596 924.214 1359.57
597 582.963 967.34
598 160.371 1155.45
599 243.818 676.138
600 216.065 469.775
601 285.852 777.954
602 227.177 639.213
603 813.619 289.868
604 1072.62 526.122
605 1444.09 1539.64
606 1543.13 1311.47
607 750.425 763.793
608 284.525 1510.31
609 777.646 813.002
610 75.9775 303.494
611 1248.13 728.864
612 975.94 891.409
613 1001.32 1447.36
614 530.294 152.627
615 1507.87 313.318
616 696.421 1279.81
617 199.139 1086.1
618 745.969 422.354
619 1427.31 432.32
620 317.952 1043.69
621 800.482 1037.19
622 1226.05 1534.54
623 200.889 154.234
624 1520.4 817.512
625 115.733 917.923
626 41.0855 936.551
627 258.38 292.951
628 146.501 989.078
629 1117.75 1009.46
630 860.509 844.404
631 1386.18 1202.69
632 500.31 551.473
633 1262.26 1499.84
634 705.971 1289.58
635 1086.57 506.794
636 950.026 1273.93
637 404.898 833.445
638 509.964 907.522
639 923.541 1044.92
640 756.175 1418.47
641 1073.62 635.535
642 344.05 77.7268
643 583.699 937.507
644 519.553 780.057
645 1355.54 164.446
646 1424.66 466.219
647 971.682 691.693
648 491.088 736.088
649 1097.38 446.976
650 731.332 954.48
651 284.856 501.726
652 423.715 1023.69
653 967.613 1422.37
654 1219.79 1217.82
655 548.772 198.478
656 1142.65 1291.24
657 684.365 404.094
658 1456.15 1423.1
659 765.123 591.013
660 674.861 1175.08
661 1120.23 542.064
662 790.045 205.428
663 264.878 709.621
664 885.963 200.132
665 184.057 281.131
666 788.399 1407.92
667 466.739 463.818
668 741.246 724.268
669 156.257 805.399
670 555.033 1183.68
671 607.058 941.137
672 652.073 1387.7
673 643.584 820.964
674 1071.34 53.8036
675 1072.19 599.404
676 688.525 507.777
677 160.196 346.518
678 133.942 1019.15
679 125.918 833.634
680 805.446 955.132
681 587.437 424.661
682 1124.86 1265.91
683 799.395 480.166
684 1000.88 909.366
685 945.109 538.708
686 175.216 585.409
687 445.18 513.082
688 1276.16 623.375
689 1088.74 1147.13
690 207.461 57.6903
691 962.786 1368.69
692 843.695 406.647
693 1031.31 23.545
694 291.901 1264.48
695 1082.55 802.846
696 1485.93 276.63
697 1516.76 792.775
698 281.736 1138.05
699 220.651 1409.73
700 996.785 1293.65
701 1306.37 1161.09
702 1262.49 1241.42
703 1295.02 208.511
704 1185.76 837.653
705 1370.19 977.032
706 259.609 133.422
707 560.524 62.3138
708 612.587 124.911
709 703.749 702.709
710 1041.67 870.55
711 815.706 1403.68
712 495.686 250.163
713 730.131 452.092
714 968.372 716.231
715 99.2388 549.241
716 928.088 214.718
717 488.783 1515.86
718 1243.91 57.3121
719 1304.62 218.051
720 561.912 216.548
721 894.851 1417.2
722 556.004 1285.52
723 405.229 136.447
724 60.8954 891.589
725 1527.16 502.222
726 84.5842 221.975
727 1006.57 316.874
728 704.375 650.144
729 194.234 794.724
730 864.734 1120.23
731 480.639 280.98
732 520.448 616.283
733 1124.58 41.7573
734 868.895 643.468
735 1514.11 47.9883
736 799.678 715.38
737 1283.72 697.886
738 370.053 76.4601
739 596.662 679.235
740 57.6357 1402.84
741 208.174 1052.61
742 1249.02 838.352
743 670.231 188.384
744 793.674 1225.92
745 81.4618 1113.23
746 446.846 712.732
747 81.9819 531.285
748 1271.64 154.471
749 885.567 149.591
750 852.397 625.124
751 1024.68 1502.73
752 612.595 750.376
753 166.422 1209.93
754 1377.48 398.563
755 709.238 1518.51
756 1230.58 689.306
757 1371.09 1377.25
758 707.563 1349.68
759 1275.26 1137.54
760 496.998 1244.4
761 918.494 170.016
762 1272.61 1102.65
763 1065.34 267.647
764 51.2505 251.336
765 1149.97 714.292
766 978.565 1383.4
767 993.664 149.827
768 643.657 911.659
769 1248.64 297.905
770 1329.75 1291.44
771 749.941 238.533
772 1542.5 1117.03
773 1449.95 931.729
774 262.824 863.326
775 1252.04 196.775
776 944.271 969.93
777 459.363 954.291
778 46.6172 888.147
779 164.815 1001.63
780 1458.97 640.121
781 209.033 415.026
782 112.007 47.6573
783 1204.11 441.303
784 1253.37 992.303
785 1085.1 754.858
786 601.214 117.404
787 390.762 794.109
788 971.815 846.626
789 978.299 1107.47
790 983.783 238.712
791 385.23 932.769
792 131.675 1348.12
793 358.293 1334.37
794 385.638 194.516
795 525.764 1373.32
796 139.38 1511.62
797 699.344 617.522
798 897.463 81.5091
799 859.723 1273.34
800 1536.3 274.181
801 871.306 1403.49
802 1198.62 1455.58
803 792.399 657.534
804 212.153 331.71
805 683.797 1046.95
806 523.048 463.666
807 1084.33 1164.39
808 924.689 1449.4
809 1365.71 1084.91
810 216.444 1150.03
811 1333.27 901.636
812 606.401 889.083
813 650.087 1071.01
814 175.133 844.443
815 1213.8 1515.41
816 1008.37 75.3727
817 606.715 73.7554
818 621.673 206.184
819 778.97 1076.52
820 388.823 1274.84
821 305.834 970.791
822 1445.39 381.779
823 109.208 1181.18
824 1184.97 754.82
825 1022.47 1271.39
826 1499.17 1240.27
827 1262.27 621.058
828 283.138 18.5432
829 723.559 1132.96
830 565.196 673.869
831 504.518 552.787
832 1542.18 195.83
833 1275.62 1032.15
834 1429.53 1480.4
835 550.871 895.523
836 265.661 447.648
837 912.638 921.044
838 875.467 68.5547
839 188.927 665.557
840 148.486 733.488
841 533.89 595.527
842 1183.87 549.43
843 1499.01 1106.19
844 807.952 862.427
845 1332.84 528.06
846 1291.48 1478.62
847 186.658 844.395
848 1474.45 367.085
849 38.296 425.928
850 1236.09 906.813
851 732.358 1149.59
852 282.067 689.896
853 105.557 2.41123
854 1191.25 587.689
855 985.674 254.551
856 1298.2 1353.36
857 989.551 219.044
858 1496.76 397.39
859 480.433 1135.65
860 574.395 1515.92
861 1367.83 337.904
862 330.059 1391.65
863 155.098 1101.98
864 13.0017 1372.51
865 879.58 453.926
866 265.049 1513.46
867 261.501 178.006
868 149.686 753.628
869 1458.23 127.417
870 1060.96 399.263
871 785.326 117.347
872 240.18 304.818
873 1194.79 1074.79
874 1105.2 624.897
875 1248.21 737.601
876 409.957 401.173
877 1048.85 97.3949
878 1041.91 1114.79
879 1481.78 1010.65
880 840.669 40.7644
881 917.45 1175.69
882 867.025 365.855
883 1215.02 420.406
884 1066.19 1350.34
885 1443.57 454.305
886 269.396 276.062
887 954.754 798.733
888 1508.02 1355.88
889 1156.27 333.696
890 779.254 1180.13
891 927.135 521.356
892 959.103 1132.38
893 405.891 507.078
894 1338.85 1155.75
895 999.012 632.83
896 199.801 162.934
897 321.545 977.788
898 918.68 364.096
899 217.342 551.936
900 210.933 136.447
901 951.491 1067.48
902 113.564 596.908
903 1315.26 954.47
904 532.553 1508.39
905 695.617 1100.99
906 1154.93 169.07
907 1420.74 1032.76
908 1154.03 1175.55
909 68.8383 443.525
910 835.468 701.3
911 1099 590.185
912 35.4593 1142.4
913 236.915 675.391
914 1260.46 616.482
915 409.768 526.415
916 272.091 1470.63
917 130.691 713.829
918 1006.84 901.716
919 1531.27 1277.81
920 1431.47 171.245
921 748.428 986.903
922 394.139 836.991
923 1039.57 1248.7
924 736.033 1189.08
925 780.388 1354.17
926 1254.33 669.944
927 323.247 684.554
928 628.906 853.019
929 1344.47 493.272
930 1521.83 1078.82
931 1056.76 779.197
932 1356.23 1075.79
933 517.669 1338.67
934 460.782 349.497
935 423.006 413.786
936 1063.06 1397.25
937 522.765 697.366
938 1209.15 822.855
939 1495.3 528.968
940 947.559 1257.16
941 827.809 1145.24
942 895.418 1212.81
943 1268.83 794.724
944 754.952 997.73
945 795.567 365.335
946 919.058 1395.83
947 325.233 802.43
948 173.857 1189.41
949 1182.92 1009.1
950 689.605 242.835
951 1167.88 123.266
952 1160.8 876.942
953 552.089 164.825
954 721.054 1320.8
955 1115.37 1490.62
956 588.76 909.896
957 178.075 1539.31
958 511.985 106.544
959 383.813 1033.43
960 490.048 862.616
961 190.535 1197.02
962 793.343 139.625
963 610.697 1079.86
964 1406.03 138.717
965 1086.8 788.946
966 389.016 448.915
967 1315.23 1310.67
968 1068.91 485.235
969 1213.66 359.44
970 784.211 183.216
971 405.277 1392.76
972 999.803 985.873
973 902.052 1286.57
974 454.486 1277.16
975 1548.97 1235.18
976 381.252 648.385
977 918.54 1102.41
978 152.617 730.131
979 1415.3 92.3833
980 991.915 572.276
981 498.132 372.701
982 199.512 1371.38
983 181.271 1459.17
984 197.251 908.146
985 1356.5 505.896
986 826.533 417.711
987 1507.26 82.6207
988 192.851 1029.56
989 524.619 711.881
990 1125.95 1531.68
991 466.432 858.078
992 202.874 1018.64
993 881.235 225.72
994 1302.96 147.369
995 535.766 340.623
996 301.786 1161.75
997 1337.47 1351.05
998 1192.14 1229.41
999 1083.16 669.387
1000 159.52 946.149
1001 219.094 199.116
1002 1177.34 1268.92
1003 1259.57 98.7187
1004 994.422 938.83
1005 1336.23 1523.24
1006 1081.79 949.279
1007 1459.22 727.625
1008 510.209 1309.64
1009 1023.78 1131.39
1010 1236.35 73.4012
1011 700.111 306.888
1012 1080.61 1076.73
1013 1374.4 786.44
1014 1171.63 317.692
1015 392.889 740.816
1016 1177.77 1244.15
1017 1046.9 145.809
1018 427.025 234.031
1019 633.891 200.379
1020 278.562 928.665
1021 1055.41 721.219
1022 1088.98 643.998
1023 1039.85 695.522
1024 907.805 761.439
1025 1420.93 547.303
1026 850.808 755.756
1027 635.147 1209.93
1028 1229.07 484.809
1029 1284.54 777.751
1030 1193.99 712.836
1031 91.6097 622.722
1032 502.151 245.851
1033 1518.98 720.58
1034 1135.27 98.601
1035 688.289 1533.83
1036 1372.89 860.337
1037 943.447 566.782
1038 331.615 243.204
1039 1298.61 478.441
1040 683.372 1439.17
1041 1085.53 455.77
1042 458.276 768.295
1043 1313.98 1203.64
1044 22.4576 630.041
1045 1452.74 956.891
1046 486.079 1013.97
1047 796.862 624.887
1048 432.225 877.31
1049 135.232 713.914
1050 1546.3 1303.2
1051 1535.47 618.704
1052 1029.51 612.784
1053 1190.44 1052.9
1054 889.934 474.881
1055 401.257 671.788
1056 914.755 1483.34
1057 729.974 1300.41
1058 1487.07 1398.28
1059 43.9905 351.945
1060 589.712 1097.68
1061 1071.12 331.673
1062 80.641 153.941
1063 1140.04 452.14
1064 971.928 1104.31
1065 1368.3 1308.65
1066 1164.91 177.202
1067 0.851023 143.171
1068 53.0944 289.656
1069 716.609 1121.89
1070 1227.05 490.577
1071 6.61907 742.717
1072 1216.65 281.972
1073 518.483 1072.95
1074 1216.05 165.865
1075 789.526 929.327
1076 668.148 922.472
1077 1545.18 1434.13
1078 1116.67 1155.64
1079 1106.09 1277.77
1080 163.633 610.903
1081 869.068 734.386
1082 1188.5 649.898
1083 231.304 804.416
1084 401.864 589.343
1085 314.311 1467.36
1086 906.701 426.126
1087 459.082 915.086
1088 31.2515 1490.66
1089 306.747 211.584
1090 545.83 298.095
1091 685.881 1450.62
1092 789.04 109.687
1093 151.342 730.708
1094 1464.91 1452
1095 969.552 472.404
1096 1154.98 695.012
1097 846.591 1111.72
1098 66.1434 243.97
1099 489.956 52.362
1100 1219.85 233.322
1101 930.547 566.224
1102 604.286 584.511
1103 1404.42 1472
1104 351.047 580.848
1105 351.381 1494.36
1106 464.283 1395.58
1107 341.828 670.37
1108 1336.54 546.593
1109 728.715 387.547
1110 887.097 501.263
1111 1249.54 109.782
1112 1026.05 754.206
1113 947.425 385.523
1114 615.006 563.661
1115 1530.61 1483.25
1116 646.258 767.718
1117 1211.95 444.092
1118 619.734 1447.03
1119 175.407 652.404
1120 1379.58 1137.3
1121 817.513 320.599
1122 1325.28 1427.07
1123 342.303 1263.65
1124 1356.77 1237.92
1125 459.838 269.727
1126 588.38 458.806
1127 748.363 1515.29
1128 898.512 619.498
1129 757.694 862.711
1130 179.708 102.795
1131 1369.53 1325.99
1132 309.255 117.347
1133 1130.82 220.014
1134 823.696 1459.79
1135 595.605 1181.04
1136 610.184 393.031
1137 312.562 358.967
1138 61.5101 455.203
1139 1239.09 1111.68
1140 983.736 1368.08
1141 1170.96 481.136
1142 1340.31 857.463
1143 478.842 1469.93
1144 546.671 1180.57
1145 299.749 727.933
1146 361.827 489.159
1147 1278.14 979.727
1148 567.963 537.114
1149 770.98 1208.89
1150 1062.41 170.346
1151 1310.72 688.525
1152 1402.42 19.5735
1153 1369.2 504.326
1154 1046.16 1230.3
1155 214.242 1536.91
1156 173.364 705.356
1157 1468.58 170.772
1158 1383.77 911.682
1159 78.436 204.019
1160 1228.78 307.125
1161 269.727 1513.83
1162 606.025 1277.36
1163 1029.74 1068.55
1164 699.588 1189.54
1165 1535.47 38.2586
1166 924.542 1502.34
1167 1191.01 1293.56
1168 843.368 94.3789
1169 734.208 874.616
1170 618.753 1306.05
1171 205.761 958.347
1172 234.173 1242.59
1173 1401.26 642.901
1174 590.472 757.671
1175 1092.29 1163.87
1176 1140.48 417.437
1177 599.036 1324.01
1178 1363.72 217.494
1179 648.682 791.783
1180 1286.23 318.718
1181 116.259 12.397
1182 734.993 187.131
1183 944.835 139.672
1184 703.276 1145.01
1185 1475.86 29.3701
1186 787.197 526.594
1187 1328.31 732.694
1188 561.631 694.823
1189 294.711 804.321
1190 1140.68 1407.51
1191 1040.57 51.1658
1192 838.211 1332.89
1193 1489.43 915.333
1194 569.119 441.728
1195 359.352 775.576
1196 1078.15 1333.13
1197 1243.44 126.992
1198 1279.91 878.634
1199 1233.42 20.33
1200 1078 896.506
1201 822.041 1547.74
1202 486.171 1096.97
1203 562.479 1415.16
1204 153.657 405.428
1205 287.335 24.6324
1206 462.72 320.789
1207 1260 1442.86
1208 1055.74 334.452
1209 794.099 1493.6
1210 382.677 147.794
1211 801.053 750.792
1212 891.222 993.475
1213 770.743 197.106
1214 90.7022 15.6494
1215 391.518 1095.6
1216 971.018 448.631
1217 1088.33 1290.02
1218 984.303 1257.87
1219 564.29 364.248
1220 632.216 1255.17
1221 328.164 525.862
1222 1510.91 684.942
1223 913.621 794.903
1224 290.182 847.288
1225 79.1924 321.876
1226 24.1596 811.65
1227 1345.99 1481.4
1228 1204.78 949.127
1229 37.7392 1013.86
1230 1402.77 376.522
1231 1469.1 1515.15
1232 0.709186 1056.22
1233 506.078 1534.59
1234 264.622 902.52
1235 1147.83 381.779
1236 769.94 1061.05
1237 60.613 1100.47
1238 1493.64 467.212
1239 1154.08 1159.53
1240 629.237 1546.79
1241 1096.92 1268.19
1242 655.713 712.07
1243 572.279 563.803
1244 752.352 463.108
1245 608.009 1135.61
1246 1308.31 1177.87
1247 211.716 107.654
1248 762.263 567.207
1249 270.382 1061.85
1250 542.852 136.447
1251 507.399 476.431
1252 495.725 1000.34
1253 586.071 1223.44
1254 1082.49 802.515
1255 400.685 120.562
1256 1069.64 1054.56
1257 1400.17 1012.76
1258 1405.47 1355.36
1259 668.479 225.578
1260 860.621 1168.84
1261 240.879 1354.17
1262 885.265 496.572
1263 1339.28 1037.94
1264 353.224 154.281
1265 565.11 73.8026
1266 1377.19 503.957
1267 79.2895 107.465
1268 1363.15 1447.78
1269 442.867 14.9875
1270 700.96 1412.05
1271 483.668 1353.58
1272 1035.3 288.318
1273 355.302 945.44
1274 125.245 1029.03
1275 223.346 972.767
1276 883.315 601.603
1277 756.229 558.026
1278 545.459 1251.82
1279 1030.92 1387.84
1280 1042.65 413.513
1281 1166.23 408.406
1282 1314.74 1201.75
1283 1113.89 822.477
1284 1183.54 1474.54
1285 1496.85 1327.55
1286 1031.29 890.417
1287 1346.7 68.1764
1288 1303.29 279.287
1289 1031.35 1522.4
1290 822.656 944.126
1291 1054.77 976.228
1292 141.602 485.046
1293 907.599 603.045
1294 324.145 1402.97
1295 144.816 167.557
1296 461.302 114.084
1297 1531.94 112.902
1298 1246.47 362.11
1299 1356.27 379.661
1300 994.801 41.3317
1301 1146.19 1088.27
1302 426.629 402.534
1303 628.721 652.064
1304 927.048 1220.27
1305 1088.18 554.678
1306 558.933 1033.62
1307 549.856 1003.07
1308 820.245 1006.24
1309 1044.1 1428.73
1310 138.002 753.723
1311 734.811 269.254
1312 727.826 1280.27
1313 495.485 728.959
1314 754.282 142.121
1315 76.4975 1207.79
1316 63.354 1098.95
1317 317.925 215.262
1318 1265.38 1101.28
1319 798.213 31.7814
1320 163.114 1139.15
1321 1421.4 1168.42
1322 1275.18 214.515
1323 462.484 658.125
1324 26.5236 521.876
1325 1540.99 1470.86
1326 1273.84 923.512
1327 482.814 289.773
1328 195.121 315.976
1329 151.768 237.577
1330 251.602 736.75
1331 1419.23 1539.12
1332 97.915 379.235
1333 1281.8 1423.49
1334 1287.83 425.37
1335 1535.11 1145.49
1336 831.97 685.003
1337 1443.38 991.253
1338 1132.48 1489.57
1339 439.223 1482.54
1340 1526.36 1275.47
1341 1421.11 209.163
1342 641.53 754.385
1343 772.923 47.941
1344 827.289 378.573
1345 1047.64 1196.87
1346 554.631 997.754
1347 117.583 1214.39
1348 567.065 715.616
1349 416.434 530.991
1350 992.323 1209.02
1351 410.761 649.861
1352 953.382 1468.4
1353 491.564 1071.75
1354 299.325 538.377
1355 197.721 250.069
1356 1454.53 293.083
1357 1243.12 1136.97
1358 510.425 998.828
1359 1243.16 1336.64
1360 1347.84 400.256
1361 973.686 1423.01
1362 704.253 132.287
1363 800.077 1030.88
1364 1411.52 422.023
1365 1080 471.089
1366 676.8 357.761
1367 1047.52 1118.95
1368 802.034 590.279
1369 1042.97 951.066
1370 980.676 155.274
1371 783.539 1288.65
1372 1545.14 851.317
1373 303.618 224.292
1374 720.249 237.067
1375 117.549 305.281
1376 440.001 2.41123
1377 446.354 495.447
1378 219.422 856.697
1379 374.498 1243.87
1380 1282.07 218.713
1381 1201.61 269.595
1382 1241.45 868.006
1383 483.665 962.507
1384 1335.92 683.949
1385 246.513 73.6706
1386 173.231 383.433
1387 595.264 612.359
1388 480.355 87.0408
1389 471.632 1118.58
1390 1468.77 1389.34
1391 1432.16 517.28
1392 1166.91 1364.86
1393 692.955 496.204
1394 312.186 522.127
1395 1463.79 888.941
1396 1367.77 309.168
1397 1479.64 1059.16
1398 903.534 300.374
1399 273.699 909.234
1400 1389.87 186.8
1401 1298.45 28.5566
1402 1318.76 1547.52
1403 780.061 77.6564
1404 1331.08 1016.65
1405 1431.28 159.198
1406 1038.3 1091.01
1407 323.909 491.513
1408 412.226 345.421
1409 1171.81 933.478
1410 199.058 282.351
1411 1189.31 417.295
1412 274.599 1368.26
1413 162.371 1053.33
1414 30.9205 587.736
1415 1345.56 897.367
1416 299.25 1219.15
1417 718.642 542.112
1418 1242.21 1195.05
1419 504.846 537.431
1420 423.384 582.573
1421 877.641 283.117
1422 275.838 404.236
1423 1235.87 1439.58
1424 110.89 1309.2
1425 617.89 1182.12
1426 219.385 1334.55
1427 593.629 1541.92
1428 663.704 1365.37
1429 899.593 905.357
1430 1456.01 1512.61
1431 866.531 1302.74
1432 7.70649 337.667
1433 1395.96 663.964
1434 0.472791 1184.97
1435 188.995 20.9446
1436 15.933 1515.86
1437 405.419 758.933
1438 648.243 997.021
1439 1189.79 793.768
1440 756.896 815.243
1441 177.533 1294.09
1442 544.657 1233.63
1443 1089.64 1131.77
1444 984.681 1335.6
1445 1039.94 738.934
1446 612.277 847.572
1447 740.761 1016.18
1448 1234.23 125.583
1449 1415.7 1369.21
1450 556.108 126.235
1451 38.0612 51.4869
1452 1366.78 967.141
1453 1498.57 1365.1
1454 375.349 729.138
1455 1190.53 698.464
1456 989.733 171.718
1457 1248.65 661.718
1458 1194.65 296.913
1459 47.6119 162.545
1460 1459.02 1217.25
1461 271.902 162.603
1462 496.829 1455.64
1463 596.378 668.219
1464 208.264 938.064
1465 936.693 997.376
1466 163.964 1015.38
1467 1242.16 1392.94
1468 675.476 129.191
1469 660.725 639.143
1470 680.254 1323.49
1471 647.961 235.743
1472 68.0463 1163.96
1473 800.93 1402.31
1474 1341.13 434.788
1475 131.058 687.353
1476 134.255 903.078
1477 831.733 1047.67
1478 114.226 275.505
1479 1542.63 1260.71
1480 864.152 254.787
1481 486.265 1091.31
1482 366.886 889.981
1483 1111.29 1199.61
1484 390.336 1464.8
1485 1365.09 619.271
1486 1066.57 553.6
1487 943.882 445.899
1488 1390.62 597.938
1489 115.786 538.461
1490 275.306 543.378
1491 221.107 728.58
1492 1141.93 872.167
1493 443.924 1168.7
1494 1491.18 1367.45
1495 1505.24 623.185
1496 288.544 1098.26
1497 1191.01 538.897
1498 1119.9 568.966
1499 537.516 1395.17
1500 1364.14 146.447
1501 330.483 910.5
1502 27.1855 1466.27
1503 856.434 513.593
1504 1057.82 486.549
1505 212.335 879.627
1506 88.0927 1235.08
1507 727.058 648.622
1508 1238.43 1305.62
1509 51.2032 975.462
1510 366.696 869.567
1511 451.042 1248.9
1512 565.129 1517.19
1513 827.48 1157.64
1514 556.002 185.57
1515 202.97 925.545
1516 859.155 188.643
1517 524.582 222.732
1518 184.798 1524.67
1519 1486.41 599.735
1520 1517.63 892.203
1521 1120.07 784.181
1522 798.354 644.187
1523 384.002 1257.62
1524 1032.83 131.02
1525 403.718 1309.04
1526 854.38 1311.38
1527 396.104 441.407
1528 210.345 510.709
1529 598.364 292.468
1530 300.225 103.125
1531 1403.29 1267.04
1532 425.937 1406.65
1533 1248.12 220.651
1534 579.547 46.1069
1535 1253.98 713.252
1536 453.454 80.9516
1537 919.163 384.001
1538 407.598 399.518
1539 273.226 836.518
1540 1266.61 460.461
1541 704.269 304.062
1542 603.756 1069.38
1543 222.233 1244.01
1544 1424.66 400.501
1545 562.952 391.14
1546 366.791 1543.29
1547 1240.41 907.285
1548 806.593 559.028
1549 81.8874 1016.74
1550 741.005 13.5789
1551 1185.06 646.069
1552 1439.59 1296.44
1553 949.558 347.785
1554 324.715 1035.66
1555 692.148 1468.02
1556 583.69 403.101
1557 1146.61 805.494
1558 974.894 1148.75
1559 1269.63 1148.51
1560 13.0963 439.847
1561 118.576 307.456
1562 1045.27 992.067
1563 673.493 949.458
1564 1080.66 883.514
1565 856.946 1259.43
1566 134.887 84.3084
1567 1088.9 85.7642
1568 579.955 817.418
1569 315.611 1537.1
1570 714.691 82.6438
1571 112.713 150.074
1572 885.559 797.211
1573 419.507 338.67
1574 740.296 341.27
1575 1297.67 124.013
1576 100.509 35.8001
1577 1440.5 464.99
1578 972.861 205.452
1579 1187.38 125.29
1580 1024.63 1327.23
1581 1386.76 115.266
1582 426.457 39.4406
1583 1138.25 717.129
1584 396.626 932.24
1585 1289.7 352.324
1586 1468.72 229.54
1587 374.498 53.8981
1588 1131.81 553.128
1589 417.268 1156.36
1590 400.702 903.787
1591 189.069 423.961
1592 377.476 339.369
1593 74.8085 201.939
1594 475.58 926.433
1595 235.923 565.93
1596 1241.08 143.502
1597 736.137 1035.98
1598 40.0927 324.723
1599 368.883 599.603
1600 361.15 753.213
1601 200.503 439.327
1602 1357.19 901.328
1603 1047.84 302.17
1604 1155.82 1283.01
1605 214.611 349.629
1606 1.7966 1501.91
1607 878.398 67.6662
1608 218.148 528.485
1609 1226.04 79.4672
1610 633.828 1162.07
1611 94.4163 1286.99
1612 130.076 663.761
1613 1181.55 322.963
1614 1133.01 1118.15
1615 497.99 178.63
1616 286.854 389.873
1617 977.894 108.364
1618 791.983 1308.98
1619 362.783 731.596
1620 250.059 591.556
1621 774.999 878.823
1622 1086.02 1071.07
1623 1514.73 671.363
1624 1401.87 768.247
1625 290.908 200.899
1626 339.086 1441.73
1627 1496.29 925.64
1628 644.177 142.783
1629 224.153 1392.27
1630 24.0178 1152.95
1631 926.161 1017.4
1632 654.723 526.524
1633 1378.47 1164.82
1634 1062.46 439.28
1635 52.2434 909.328
1636 726.207 285.386
1637 466.881 405.087
1638 295.778 834.973
1639 1379.32 1336.44
1640 1341.93 1467.46
1641 141.979 1338.71
1642 1204.62 1315.82
1643 936.799 92.6197
1644 323.893 617.238
1645 840.385 309.499
1646 1309.25 586.922
1647 1009.99 1077.92
1648 117.11 1264.02
1649 104.149 143.587
1650 1358.14 570.385
1651 1375.4 885.689
1652 1525.89 757.222
1653 195.073 1301.69
1654 869.35 573.117
1655 1409.73 87.0979
1656 781.29 1217.15
1657 1207.63 986.015
1658 755.957 39.5253
1659 211.16 38.4004
1660 209.884 1418.15
1661 167.474 132.155
1662 1141.9 709.527
1663 1396.15 188.842
1664 30.8745 802.619
1665 1132.66 885.679
1666 142.869 651.232
1667 1024.59 425.653
1668 92.2415 415.205
1669 1476.38 1138.39
1670 555.765 1126.52
1671 848.793 1127.9
1672 51.0351 844.887
1673 1093.8 1470.83
1674 681.843 281.783
1675 203.489 27.3371
1676 983.121 13.7582
1677 517.803 55.1747
1678 1013.81 1513.79
1679 80.2824 1303.82
1680 1409.91 252.99
1681 1115.74 1005.56
1682 396.583 1016.45
1683 1140.09 235.544
1684 744.84 986.62
1685 743.257 640.206
1686 415.063 372.427
1687 495.477 177.968
1688 966.291 1532.03
1689 170.346 1137.87
1690 1179.38 1111.34
1691 491.655 211.81
1692 1218.01 987.943
1693 645.333 1232.33
1694 1161.36 1126.99
1695 964.966 509.668
1696 1129.78 1191.54
1697 258.569 40.7644
1698 1014.18 644.603
1699 178.092 254.229
1700 1508.87 830.126
1701 1071.52 1030.74
1702 931.353 14.7511
1703 659.59 418.703
1704 1078.58 823.365
1705 1129.47 211.101
1706 1488.63 1410.71
1707 43.8855 89.9248
1708 550.518 264.253
1709 824.547 208.274
1710 1478.32 1237.11
1711 344.44 1317.53
1712 1399.27 992.246
1713 1418.56 356.887
1714 831.603 160.711
1715 469.447 1335.12
1716 1393.79 941.052
1717 729.518 483.098
1718 401.021 1032.39
1719 1460.06 115.702
1720 87.1826 705.035
1721 751.028 18.297
1722 1118.27 1312.51
1723 464.28 757.421
1724 664.283 1274.12
1725 67.0246 1256.73
1726 1341.07 848.811
1727 1054.04 95.8347
1728 426.98 1242.23
1729 107.091 653.941
1730 621.28 60.6689
1731 68.6965 500.78
1732 720.486 370.857
1733 348.447 1426.75
1734 969.174 725.923
1735 394.828 604.983
1736 681.244 111.059
1737 160.202 579.547
1738 693.481 1396.62
1739 1138.73 863.515
1740 864.072 762.588
1741 209.304 1045.6
1742 924.684 710.52
1743 798.874 161.742
1744 1272 952.494
1745 507.224 1387.26
1746 268.784 1440.32
1747 539.021 1355.41
1748 922.379 819.687
1749 617.37 25.247
1750 966.432 1489.06
1751 954.139 356.825
1752 1124.11 1386.06
1753 1338.8 835.006
1754 160.607 1392.2
1755 1047.8 517.848
1756 971.632 508.889
1757 762.233 307.361
1758 872.062 988.568
1759 1126.09 22.8456
1760 1174.94 167.061
1761 721.964 863.647
1762 988.322 843.327
1763 522.008 1339.23
1764 1394.21 431.81
1765 1483.05 568.683
1766 747.181 732.92
1767 1183.16 52.9053
1768 998.773 788.483
1769 736.372 166.328
1770 992.813 1218.01
1771 732.731 906.293
1772 902.888 1051.39
1773 1527.88 302.822
1774 174.885 846.815
1775 1177.08 630.892
1776 306.888 933.431
1777 556.096 1458.24
1778 1348.97 362.498
1779 299.779 1303.39
1780 751.454 514.279
1781 154.765 514.359
1782 124.781 1077.11
1783 356.818 480.639
1784 702.58 1089.78
1785 1435.35 1020.47
1786 924.353 1460.29
1787 1057.87 357.855
1788 1520.69 650.759
1789 486.785 848.792
1790 728.05 1345.99
1791 127.505 1385.66
1792 133.138 1090.69
1793 360.219 1061.65
1794 440.925 425.323
1795 1475.53 219.068
1796 1426.8 58.8152
1797 1300.47 1345.9
1798 463.32 1058.78
1799 113.33 1458.99
1800 1010.68 1352.47
1801 753.773 607.252
1802 1256.82 517.29
1803 400.824 381.826
1804 381.258 1002.89
1805 22.9776 126.282
1806 929.329 169.363
1807 98.8618 1271.96
1808 955.012 874.862
1809 596.285 887.154
1810 954.092 1055.7
1811 643.925 1327.45
1812 272.753 959.208
1813 896.08 1338.9
1814 869.911 1198.44
1815 587.064 330.433
1816 900.207 1394.84
1817 537.752 838.031
1818 448.208 1439.17
1819 111.249 93.5751
1820 724.368 504.903
1821 2.55307 379.013
1822 352.117 26.098
1823 815.548 673.481
1824 1136.92 1042.03
1825 492.364 413.219
1826 831.623 869.226
1827 1342.91 291.58
1828 321.17 816.155
1829 384.137 697.934
1830 712.517 619.498
1831 988.274 1385.84
1832 1467.32 690.038
1833 39.4796 682.001
1834 84.204 347.738
1835 1411.94 1100.24
1836 627.329 1473.75
1837 789.419 32.2916
1838 622.618 702.047
1839 76.8022 778.97
1840 46.0498 1186.61
1841 711.533 101.177
1842 411.139 806.118
1843 1198.52 17.768
1844 946.527 52.1257
1845 1031.36 418.051
1846 861.476 1100.33
1847 223.157 510.544
1848 722.464 1261.97
1849 1046.67 435.818
1850 1476.34 104.203
1851 208.74 454.163
1852 870.502 737.956
1853 877.077 1026.49
1854 1220.37 1392.61
1855 1256.45 195.32
1856 1180.3 1061.32
1857 901.612 578.601
1858 816.749 1240.3
1859 1208.09 1400.83
1860 1156.49 1028.71
1861 740.343 985.448
1862 1300.38 1212.48
1863 577.798 1191.53
1864 439.234 1384.62
1865 560.588 46.2488
1866 351.851 1407.21
1867 668.242 1290.62
1868 1270.96 878.502
1869 1541.9 349.875
1870 117.063 606.837
1871 1330.24 1384.53
1872 647.347 1506.62
1873 1115.03 906.482
1874 51.7252 1132.55
1875 1292 18.2266
1876 519.267 580.171
1877 1302.3 1520.79
1878 692.922 64.5458
1879 1068.22 110.586
1880 572.505 1153.38
1881 416.01 662.309
1882 950.549 834.334
1883 1450.29 1536.67
1884 184.344 936.173
1885 432.699 1367.41
1886 766.424 1158.67
1887 715.808 433.407
1888 195.586 1174.71
1889 210.281 1495.01
1890 491.487 640.83
1891 84.4614 268.687
1892 940.8 1070.78
1893 413.24 172.049
1894 1222.59 615.583
1895 908.326 228.642
1896 531.796 189.778
1897 1003.69 270.72
1898 89.7842 742.565
1899 1126.87 1429.15
1900 53.9756 1423.76
1901 1453.6 47.941
1902 11.2524 709.116
1903 216.646 487.967
1904 1059.38 197.437
1905 1469.15 532.788
1906 471.913 968.086
1907 1464.81 217.767
1908 577.514 1402.77
1909 746.016 727.507
1910 239.421 1411.47
1911 158.898 569.534
1912 785.611 1453.5
1913 1302.63 788.379
1914 56.073 1133
1915 1068.32 754.432
1916 416.577 547.113
1917 1467.34 547.029
1918 193.939 118.103
1919 1460.26 445.804
1920 1050.02 1448.58
1921 1472.28 859.354
1922 718.559 570.526
1923 1289.91 288.034
1924 1371.57 311.805
1925 800.298 1343.7
1926 123.599 1401.98
1927 820.2 1314.64
1928 1368.11 1047.96
1929 697.981 1437.53
1930 889.508 1436.68
1931 1373.36 304.771
1932 698.643 685.688
1933 1446.26 137.686
1934 1.04014 464.28
1935 385.186 134.982
1936 1525.03 1492.33
1937 1183.16 108.316
1938 367.831 1219.14
1939 1189.57 1505.37
1940 391.746 618.788
1941 1476.81 167.661
1942 1070.35 1501.82
1943 609.713 135.691
1944 156.687 955.425
1945 453.824 292.421
1946 91.7804 56.1675
1947 187.698 229.162
1948 157.677 390.218
1949 404.531 1349.06
1950 1314.83 244.527
1951 313.224 1160.06
1952 1110.13 812.538
1953 267.127 714.018
1954 1064.03 931.124
1955 1165.81 1028.14
1956 332.469 1083.88
1957 934.768 1247.18
1958 441.776 6.66635
1959 312.136 101.896
1960 1042.56 688.866
1961 448.489 703.465
1962 253.321 540.873
1963 1093.66 929.365
1964 708.1 779.868
1965 8.84119 1069.88
1966 424.02 876.979
1967 38.1069 405.182
1968 1363.8 111.352
1969 1454.49 921.233
1970 1300.38 57.8794
1971 200.652 1218.49
1972 1087.2 1231.81
1973 561.461 25.3514
1974 1471.87 282.219
1975 331.71 1232.85
1976 186.878 465.415
1977 30.4017 67.0417
1978 1039.62 914.198
1979 200.484 1476.77
1980 580.823 733.204
1981 782.61 1132.48
1982 115.316 602.004
1983 1338.8 991.547
1984 1.98572 1547.36
1985 540.988 1009.12
1986 868.055 1347.17
1987 1240.52 271.855
1988 1367.59 1291.3
1989 504.091 820.789
1990 200.274 930.027
1991 1166.99 1352.11
1992 1272.52 727.578
1993 206.751 624.604
1994 1238.33 1332.38
1995 879.441 703.182
1996 555.105 809.144
1997 1196.63 520.779
1998 129.97 1100.86
1999 506.691 943.889
2000 1121.41 1233.42
2001 982.508 1441.61
2002 909.812 1520.54
2003 276.772 1209.31
2004 1322.48 1246.23
2005 649.806 243.913
2006 1432.27 976.275
2007 1131.88 78.1996
2008 1346.98 557.761
2009 1253.46 1122.27
2010 1045.58 135.512
2011 583.66 219.28
2012 1468.44 1383.92
2013 53.248 1422.92
2014 1534.86 595.064
2015 1442.2 453.69
2016 1410.97 620.207
2017 904.827 998.629
2018 237.814 367.689
2019 1329.35 663.798
2020 827.951 662.168
2021 268.358 1208.52
2022 1465.6 262.456
2023 193.148 64.0257
2024 1119.71 1281.18
2025 487.884 448.546
2026 474.741 721.006
2027 1181.37 505.863
2028 1087.05 280.365
2029 1210.35 923.077
2030 1147.04 253.179
2031 278.143 657.567
2032 665.406 525.885
2033 892.582 48.8393
2034 365.299 570.385
2035 1336.43 1320.6
2036 276.062 492.081
2037 347.454 441.502
2038 406.11 370.11
2039 1422.36 1407.22
2040 994.421 1318.27
2041 328.779 1277.24
2042 467.968 605.314
2043 1524.92 406.184
2044 1291.24 830.514
2045 61.0582 4.63335
2046 1490.28 1448.02
2047 560.021 1242.27
2048 1166.66 1310.96
2049 218.146 442.022
2050 731.975 1216.31
2051 504.989 494.516
2052 1044.02 851.553
2053 1191.27 1323.06
2054 918.597 666.162
2055 876.365 1256.26
2056 183.955 1445.46
2057 1018.01 599.13
2058 880.1 883.325
2059 984.256 1099.44
2060 660.972 1417.66
2061 1331.43 179.495
2062 43.1487 1057.82
2063 2.22212 898.785
2064 1372.61 230.117
2065 990.517 1039.2
2066 1067.94 311.475
2067 115.125 927.143
2068 1073.05 794.346
2069 1152.36 139.048
2070 13.1909 1475.44
2071 713.188 744.787
2072 372.864 337.62
2073 178.62 1122.27
2074 153.042 482.635
2075 180.653 176.351
2076 990.018 957.496
2077 131.911 846.248
2078 279.419 1372.24
2079 670.323 185.344
2080 757.613 154.461
2081 144.204 1488.45
2082 170.349 1418.32
2083 1130.55 582.488
2084 670.581 405.891
2085 1417.43 238.485
2086 1046.53 496.927
2087 1372.99 871.59
2088 1444.09 806.392
2089 1503.12 208.18
2090 1467.1 1316.02
2091 1.7966 1331.52
2092 801.279 963.368
2093 1017.82 944.646
2094 1368.14 329.441
2095 1539.83 787.679
2096 558.179 400.653
2097 1077.93 33.1426
2098 605.817 707.248
2099 1344.77 1509.44
2100 140.655 622.202
2101 828.785 1278.01
2102 50.9589 814.146
2103 545.175 1096.64
2104 864.377 594.203
2105 1269.11 404.236
2106 374.545 198.903
2107 704.593 1396.44
2108 993.475 121.706
2109 1399.99 545.799
2110 995.586 77.7366
2111 701.575 1122.23
2112 15.6021 245.567
2113 628.293 1484.34
2114 141.364 1356.21
2115 892.014 786.771
2116 521.063 1042.23
2117 330.236 991.537
2118 254.279 126.708
2119 76.1666 98.435
2120 1205.81 941.894
2121 1464.89 39.478
2122 931.466 811.508
2123 298.115 46.0025
2124 694.671 976.029
2125 1037.91 138.386
2126 951.796 421.02
2127 1136.87 785.305
2128 1349.31 1401.08
2129 1111.2 1390.81
2130 652.615 1517.15
2131 1443.31 802.856
2132 67.089 142.556
2133 885.123 330.491
2134 967.569 621.342
2135 523.474 382.582
2136 875.656 283.202
2137 702.851 1027.04
2138 1280.51 217.588
2139 59.5244 1236.82
2140 525.176 1329.64
2141 251.48 393.882
2142 914.238 512.988
2143 878.306 444.66
2144 204.34 1235.18
2145 810.375 522.68
2146 1464.91 1042.22
2147 63.1176 396.539
2148 708.997 824.358
2149 1476.35 312.997
2150 166.659 313.612
2151 471.041 1400.88
2152 1169.73 450.049
2153 953.666 809.607
2154 998.819 713.914
2155 1249.37 1452.18
2156 44.726 723.89
2157 896.08 1383.35
2158 271.949 172.437
2159 1357.1 1410.76
2160 927.666 1499.72
2161 36.3103 1027.11
2162 1107.65 1418.19
2163 1433.5 1503.86
2164 628.339 127.049
2165 584.939 35.7198
2166 712.448 1093.29
2167 511.127 768.758
2168 1311.38 767.103
2169 1357.13 1188.32
2170 805.399 1313.09
2171 1267.46 540.731
2172 723.701 967.519
2173 1121.42 1523.39
2174 314.122 330.018
2175 161.677 1007.81
2176 605.646 1439.7
2177 901.529 1520.22
2178 108.884 1231.91
2179 359.929 879.58
2180 154.13 741.525
2181 434.308 269.264
2182 1485.37 1058.39
2183 579.027 320.552
2184 1173.8 377.722
2185 1242.5 371.969
2186 1101.74 344.381
2187 1357.25 942.755
2188 529.857 1359.98
2189 908.184 180.181
2190 1225.79 756.654
2191 587.206 725.166
2192 1131.65 105.962
2193 751.548 490.625
2194 196.586 10.2837
2195 254.409 484.445
2196 433.503 567.988
2197 776.362 1113.34
2198 645.123 1263.25
2199 1511.23 1134.75
2200 1.7966 181.94
2201 947.331 1173
2202 248.35 1440.55
2203 516.335 1497.01
2204 683.561 282.029
2205 1245.52 963.358
2206 427.166 896.269
2207 139.372 792.029
2208 842.987 665.878
2209 1034.47 820.765
2210 1499.36 1439.17
2211 419.129 1260.89
2212 1450.33 102.984
2213 815.802 996.653
2214 55.6947 820.444
2215 538.048 528.874
2216 1110.59 1366.27
2217 1353.55 744.892
2218 188.833 583.717
2219 465.368 1544.76
2220 597.241 1023.13
2221 1011.5 598.931
2222 133.563 140.996
2223 1230.82 1542.82
2224 1283.16 571.108
2225 645.501 268.98
2226 247.884 607.688
2227 840.764 1475.2
2228 949.033 598.137
2229 61.3682 1515.25
2230 772.209 568.294
2231 128.835 674.257
2232 1365.14 1390.52
2233 166.228 642.343
2234 1526.03 1337
2235 420.275 1489.01
2236 618.469 443.724
2237 696.894 723.616
2238 727.948 31.1195
2239 863.79 832.774
2240 1455.63 1238.29
2241 270.287 450.522
2242 1105.27 951.728
2243 306.588 584.852
2244 806.658 1352.29
2245 356.77 284.535
2246 96.3097 992.104
2247 271.24 1041.89
2248 1443.43 1373.28
2249 942.397 1407.46
2250 999.028 331.578
2251 447.118 1237.92
2252 1548.74 86.4734
2253 1514.96 1168.03
2254 1004.68 1291.96
2255 770.176 1528.72
2256 1351.46 1104.07
2257 928.608 918.869
2258 445.038 130.169
2259 632.027 117.451
2260 185.192 707.768
2261 69.9286 599.996
2262 95.7033 775.812
2263 778.214 241.653
2264 1241.36 259.444
2265 322.065 25.9188
2266 323.344 471.146
2267 158.368 93.4806
2268 752.163 501.75
2269 493.499 877.169
2270 894.947 1169.64
2271 851.827 32.065
2272 1208.74 434.116
2273 393.882 953.298
2274 1001.94 660.489
2275 1020.23 742.376
2276 194.79 1524.24
2277 649.295 614.486
2278 1356.53 566.555
2279 1.74933 983.499
2280 808.85 455.912
2281 1260.89 90.6813
2282 181.41 70.4931
2283 1428.02 1408.44
2284 1133.82 1087.66
2285 950.963 942.981
2286 580.682 1360.18
2287 1042.6 1539.03
2288 1366.89 17.3613
2289 747.474 1018.96
2290 1508.32 886.492
2291 1540.54 1289.11
2292 628.909 82.2656
2293 395.206 1208.31
2294 1412.79 793.211
2295 911.919 118.387
2296 1277.34 342.206
2297 1126.75 611.612
2298 1438.17 1319.7
2299 1120.8 1053.24
2300 796.91 1366.84
2301 1046.15 1181.56
2302 691.598 1126
2303 914.188 1514.4
2304 810.789 1436.68
2305 498.777 1279.94
2306 960.939 1017.21
2307 1469.91 1160.25
2308 246.324 311.238
2309 3.78233 914.151
2310 1370.58 1165.15
2311 137.96 1070.63
2312 1494.44 414.165
2313 919.011 891.731
2314 309.678 1075.37
2315 217.316 1254.98
2316 91.1068 1202.03
2317 1308.73 931.077
2318 1161.93 145.95
2319 422.769 59.0516
2320 1168.27 30.2113
2321 691.787 685.604
2322 1413.66 102.217
2323 883.882 138.67
2324 6.71363 1340.88
2325 162.974 424.046
2326 563.33 876.564
2327 450.571 452.272
2328 930.925 299.135
2329 1241.14 385.854
2330 810.592 1547.08
2331 1218.75 232.944
2332 941.752 730.131
2333 1324.14 1446.23
2334 673.869 1.18198
2335 1229.4 1.51293
2336 505.555 1141.75
2337 1121.84 1299.42
2338 893.926 767.197
2339 994.735 940.286
2340 1158.9 1077.3
2341 787.945 703.796
2342 1198.43 345.918
2343 1065.8 377.25
2344 807.037 346.792
2345 537.61 582.455
2346 1263.82 424.67
2347 1245 1170.16
2348 252.888 533.072
2349 367.106 535.965
2350 1455.3 283.485
2351 967.181 1095.37
2352 882.258 799.111
2353 137.357 1339.27
2354 204.151 1175.64
2355 1515.74 85.1496
2356 714.954 110.406
2357 1189.97 705.981
2358 1231.93 1282.59
2359 1246.84 761.382
2360 545.178 1279.3
2361 769.609 796.757
2362 1461.87 558.602
2363 46.1917 335.975
2364 1046.52 1540.07
2365 1237.77 560.187
2366 629.116 362.914
2367 1234.88 1050.69
2368 786.913 1462.54
2369 11.7725 754.74
2370 1418.19 1050.54
2371 272.614 531.001
2372 1087.18 430.58
2373 1091.96 12.9313
2374 611.602 339.937
2375 643.326 61.321
2376 509.955 311.805
2377 763.226 841.189
2378 876.499 267.647
2379 1459.77 34.9865
2380 1101.04 614.392
2381 9.07758 1217.59
2382 371.661 768.2
2383 16.1694 927.379
2384 1392.22 1489.21
2385 317.195 582.015
2386 346.083 826.732
2387 1309.54 1204.06
2388 570.812 657.415
2389 240.18 175.146
2390 462.107 474.739
2391 1261.22 192.142
2392 629.051 1262.03
2393 452.652 1322.93
2394 697.662 1500.26
2395 220.699 1487.45
2396 1528.91 632.263
2397 1329.28 605.371
2398 406.742 1312.86
2399 301.215 1438.42
2400 29.0766 1097.5
2401 746.395 1189.88
2402 462.626 1507.11
2403 1379.23 642.901
2404 750.227 320.671
2405 715.474 1365.33
2406 245.142 93.386
2407 118.576 1222.84
2408 598.364 486.795
2409 1057.63 1201.46
2410 350.359 1190.82
2411 149.481 1329.73
2412 632.133 936.845
2413 1079.05 573.637
2414 1479.58 1346.42
2415 1515.67 1532.5
2416 792.445 1483.25
2417 1532.02 1205.34
2418 1347.56 1384.9
2419 74.6838 81.5564
2420 43.8486 263.023
2421 888.858 611.46
2422 324.412 667.165
2423 48.3782 482.577
2424 357.146 301.404
2425 800.009 907.995
2426 631.64 1211.25
2427 65.702 442.958
2428 1126.8 513.072
2429 1326.49 81.0462
2430 1532.24 1032.76
2431 676.972 924.542
2432 989.787 206.373
2433 571.746 688.299
2434 1307.55 1005.59
2435 1544.63 1190.31
2436 1477.52 581.448
2437 4.16056 615.725
2438 1524.09 377.571
2439 851.922 1213.32
2440 1170.72 125.11
2441 199.301 111.163
2442 217.72 292.856
2443 806.498 306.898
2444 256.442 1066.52
2445 1142.74 969.174
2446 85.1982 549.913
2447 370.857 217.494
2448 199.045 649.425
2449 375.624 709.848
2450 869.077 1084.83
2451 1414.45 745.118
2452 1527.54 738.414
2453 1383.86 919.767
2454 1113.37 323.058
2455 277.209 206.383
2456 3.78233 117.583
2457 559.453 889.225
2458 714.766 1463.45
2459 217.514 685.178
2460 1048.65 1474.27
2461 871.401 696.289
2462 1079.24 392.558
2463 86.56 163.964
2464 11.867 1198.62
2465 1471.04 1083.49
2466 741.139 781.155
2467 769.261 882.889
2468 598.222 550.848
2469 904.732 89.8686
2470 252.831 1053.67
2471 1367.32 270.767
2472 1395.11 716.066
2473 1548.35 664.328
2474 1016.62 856.565
2475 1393.01 203.924
2476 1065.24 1223.54
2477 696.623 176.172
2478 1473.89 368.172
2479 110.54 798.213
2480 1344.43 1024.78
2481 359.191 1212
2482 141.364 690.038
2483 791.813 1149.87
2484 320.1 1403.1
2485 508.091 808.435
2486 1328.6 533.649
2487 1151.05 764.692
2488 1504.61 298.908
2489 494.066 15.1534
2490 1176.92 1496.96
2491 778.639 1008.84
2492 1047.09 69.2166
2493 1324.61 819.876
2494 927.284 612.146
2495 408.728 1365.05
2496 1521.17 817.597
2497 210.696 1507.54
2498 764.219 184.057
2499 1429.29 991.877
2500 130.159 855.042
2501 898.778 1187
2502 945.99 1468.36
2503 1481.92 1155.04
2504 994.214 1239.57
2505 1000.75 641.955
2506 798.213 179.718
2507 1505.67 716.193
2508 1448.87 64.2995
2509 1195.94 1464.94
2510 226.23 1276.12
2511 370.064 184.398
2512 86.6153 810.032
2513 253.144 542.291
2514 477.312 82.0292
2515 784.549 764.077
2516 32.5753 1113.61
2517 1522.43 210.345
2518 578.518 501.489
2519 1116.18 534.301
2520 778.781 589.547
2521 254.456 1095.5
2522 968.892 1269.99
2523 987.473 276.866
2524 827.195 1331.4
2525 838.43 1509.68
2526 709.848 1379.84
2527 280.49 187.367
2528 961.999 866.162
2529 404.861 600.218
2530 346.066 762.763
2531 1051.06 579.169
2532 935.227 1291.67
2533 1384.61 841.284
2534 931.965 241.218
2535 1119.74 752.645
2536 750.841 1470.57
2537 425.865 236.736
2538 54.514 868.337
2539 425.95 479.136
2540 675.61 369.212
2541 1273.51 306.936
2542 636.663 803.933
2543 1530.94 864.475
2544 468.802 868.29
2545 1337.75 190.214
2546 1344.49 1371.91
2547 1541.2 1155.97
2548 208.02 875.807
2549 1364.64 620.018
2550 1387.74 244.669
2551 188.826 1029.5
2552 615.074 240.046
2553 1510.99 327.134
2554 485.84 1129.79
2555 608.455 1031.21
2556 368.476 964.456
2557 433.265 1094.75
2558 954.604 766.867
2559 1510.06 1128.27
2560 493.641 636.211
2561 468.725 464.47
2562 1109.4 1321.73
2563 696.971 1434.17
2564 1336.06 859.543
2565 1393.57 262.881
2566 1042.18 532.315
2567 1021.3 1076.27
2568 588.389 207.376
2569 470.486 1299.14
2570 1426.01 1507.6
2571 795.888 619.791
2572 493.444 1198.95
2573 1543.47 1015.39
2574 1136.35 1020.01
2575 32.3782 1304
2576 1372.89 959.34
2577 364.427 1488.21
2578 752.068 66.106
2579 606.969 392.993
2580 514.585 546.225
2581 865.228 885.689
2582 265 1393.36
2583 1247.27 1091.54
2584 1155.31 1339.76
2585 360.911 805.635
2586 1403.09 1086.85
2587 694.482 550.338
2588 289.247 355.407
2589 12.198 192.105
2590 1338.14 456.442
2591 1398.6 1218
2592 1495.28 916.505
2593 1326.74 1112.77
2594 382.063 1090.07
2595 1086.22 846.768
2596 802.326 287.325
2597 203.442 1476.44
2598 1438.61 760.626
2599 891.212 52.726
2600 981.052 1188.69
2601 380.029 1507.02
2602 1317.34 1259.09
2603 174.538 1253.76
2604 1190.53 5.10614
2605 1006.51 789.513
2606 669.984 45.2559
2607 274.408 1402.21
2608 1300.36 841.01
2609 728.572 450.049
2610 414.07 362.546
2611 836.887 947.047
2612 1215.88 1503.3
2613 909.528 913.914
2614 222.564 1539.69
2615 339.021 45.057
2616 743.227 229.502
2617 1265.65 1527.88
2618 699.846 1221.17
2619 0 1440.4
2620 317.148 619.403
2621 1145.19 1188.74
2622 902.729 1089.36
2623 918.963 1068.94
2624 1056.12 367.463
2625 1066.91 1296.49
2626 1461.86 344.722
2627 1211.62 1042.79
2628 415.347 694.151
2629 707.626 938.206
2630 204.482 1285.2
2631 820.386 887.759
2632 1302.44 849.142
2633 498.617 711.597
2634 540.589 1467.73
2635 58.165 663.997
2636 847.451 23.3184
2637 440.718 122.888
2638 515.997 646.163
2639 601.579 306.652
2640 225.759 341.166
2641 1176.16 46.4852
2642 615.763 1006.53
2643 66.758 1368.41
2644 496.347 197.636
2645 631.555 1059.24
2646 207.271 360.456
2647 430.192 172.947
2648 1208.74 459.836
2649 656.99 1237.34
2650 907.628 1537.24
2651 611.413 1486.26
2652 806.439 1426.48
2653 1093.84 1039.77
2654 420.453 1136.4
2655 179.613 1344.38
2656 6.38267 918.065
2657 6.05172 523.048
2658 656.659 485.533
2659 1151.1 612.595
2660 950.262 1350.9
2661 970.876 751.075
2662 668.384 1087.38
2663 941.184 227.28
2664 1448.96 533.791
2665 417.758 632.972
2666 746.67 139.767
2667 1430.06 599.745
2668 942.075 374.639
2669 1260.98 133.573
2670 1347.76 102.227
2671 1513.97 959.316
2672 624.982 1102.55
2673 887.713 634.296
2674 677.908 985.873
2675 1508.58 364.768
2676 800.909 735.993
2677 229.209 488.393
2678 963.172 901.092
2679 625.597 1428.25
2680 930.358 549.619
2681 1135.98 635.11
2682 1182.45 529.157
2683 1531.09 230.06
2684 1341.59 1053.01
2685 1516.33 940.428
2686 209.068 260.674
2687 1030.12 959.954
2688 618.289 698.653
2689 1405.99 1257.43
2690 72.1006 1247.27
2691 297.574 1538.79
2692 627.488 1416.07
2693 1181.6 560.73
2694 985.91 313.99
2695 1217.53 1383.44
2696 1320.98 1418.7
2697 1003.5 1318.33
2698 553.828 778.734
2699 1462 18.9687
2700 426.346 25.0106
2701 840.149 567.69
2702 1090.78 132.911
2703 454.269 291.769
2704 610.94 1032.25
2705 803.461 833.01
2706 1058.3 1379.63
2707 578.877 733.923
2708 880.926 750.423
2709 1496.91 1443.91
2710 1300.09 537.894
2711 1527.43 145.714
2712 1328.78 988.464
2713 918.814 949.411
2714 0.661907 48.8018
2715 1388.64 659.789
2716 328.873 267.694
2717 1283.9 1373.56
2718 649.993 1010.45
2719 78.2469 589.854
2720 985.58 1369.01
2721 990.166 509.574
2722 296.487 836.981
2723 1419.51 629.483
2724 1334.91 444.197
2725 102.879 1499.84
2726 343.145 816.604
2727 1495.72 1406.09
2728 1012.2 1449.06
2729 576.531 1432.89
2730 977.374 1315.83
2731 1246.26 166.848
2732 61.6637 1383.48
2733 1353.65 1246.66
2734 761.98 434.778
2735 607.489 1393.88
2736 1006.47 701.234
2737 518.131 556.674
2738 981.364 438.513
2739 787.341 1494.8
2740 333.979 171.444
2741 1334.78 660.961
2742 886.483 821.427
2743 632.972 626.022
2744 1024.48 1039.67
2745 1488.49 220.651
2746 639.187 1212.38
2747 1497.94 674.399
2748 149.165 1538.19
2749 1185.69 728.098
2750 833.277 922.604
2751 275.591 1451.9
2752 1312.86 652.177
2753 474.351 103.73
2754 1399.65 199.849
2755 1037.35 426.609
2756 111.579 771.841
2757 1123.87 1020.71
2758 47.9238 368.456
2759 1525.74 244.953
2760 1327.35 493.131
2761 1067.85 171.812
2762 379.367 1497.19
2763 1468.73 772.824
2764 876.932 1335.8
2765 109.925 397.097
2766 1416.62 1533.74
2767 530.235 706.302
2768 805.382 1426.47
2769 1093.04 285.528
2770 14.7038 511.522
2771 362.725 1106
2772 1340.98 352.712
2773 1362.3 1335.3
2774 1068.12 614.155
2775 1007.38 902.662
2776 830.504 1166.04
2777 75.4574 835.752
2778 713.5 823.469
2779 946.149 165.912
2780 693.094 604.473
2781 1070.82 964.493
2782 172.722 1295.55
2783 36.0267 389.779
2784 1067.93 880.194
2785 1353.78 46.0025
2786 938.726 418.004
2787 1401.19 476.431
2788 1218.48 414.496
2789 537.374 227.28
2790 155.473 1018.5
2791 677.178 663.997
2792 491.629 1438.66
2793 1049.22 221.219
2794 598.742 1374.21
2795 353.175 111.72
2796 400.123 1343.49
2797 870.023 1049.97
2798 325.849 1346.57
2799 116.59 913.668
2800 1098.74 903.976
2801 1204.62 755.482
2802 873.86 1210.02
2803 734.275 334.83
2804 500.307 1455.89
2805 155.711 1149.74
2806 1224.69 1434.02
2807 347.115 931.124
2808 726.443 742.471
2809 967.755 1535.26
2810 412.557 769.751
2811 1236.73 998.865
2812 846.106 67.0043
2813 646.24 612.463
2814 213.146 855.798
2815 24.6797 244.112
2816 88.8374 1470.48
2817 499.172 595.206
2818 1542.85 1336.54
2819 428.577 1483.15
2820 516.051 1300.6
2821 1193.28 791.168
2822 1099.33 1450.81
2823 571.368 169.458
2824 1208.1 959.198
2825 1369.25 528.958
2826 1537.22 1366
2827 1406.46 1286.18
2828 846.343 1233.9
2829 861.551 232.434
2830 427.461 1530.39
2831 1045.31 158.206
2832 490.011 375.065
2833 561.912 17.2569
2834 71.7224 733.488
2835 161.789 1409.35
2836 38.2973 1531.18
2837 1118.07 572.654
2838 80.3744 1299.51
2839 1292.37 642.027
2840 726.49 86.0577
2841 996.513 967.046
2842 1230.49 1221.13
2843 0.0945581 99.1442
2844 278.078 1496.86
2845 1372.32 689.518
2846 1503.19 1117.25
2847 671.09 1135.79
2848 1169.01 115.04
2849 977.164 88.4591
2850 1076.3 1486.31
2851 1444 611.838
2852 447.213 1023.65
2853 524.175 1064.2
2854 194.498 623.28
2855 281.074 114.142
2856 476.281 886.577
2857 302.058 889.556
2858 778.622 1092.72
2859 19.7154 295.977
2860 1085.58 984.965
2861 470.001 329.204
2862 494.029 1338.34
2863 945.96 15.0919
2864 1171.66 659.165
2865 939.587 316.392
2866 1214.76 856.47
2867 441.066 990.459
2868 699.683 1209.69
2869 1189.78 569.524
2870 1346.37 457.094
2871 1057.91 600.633
2872 637.227 534.689
2873 925.488 1105.62
2874 526.039 1249.4
2875 884.024 1215.12
2876 197.012 779.159
2877 203.301 509.479
2878 966.384 858.399
2879 509.527 1505.66
2880 1092.25 1477.75
2881 130.348 1414.33
2882 1110.96 196.019
2883 484.138 1164.29
2884 442.401 1431.09
2885 1259.85 1253.43
2886 100.264 1218.62
2887 47.6402 1404.71
2888 1404.14 264.479
2889 187.899 1193.09
2890 843.459 590.242
2891 1164.25 919.413
2892 613.682 1173.32
2893 967.424 1468.54
2894 868.044 516.335
2895 1003.55 722.755
2896 1358.48 860.952
2897 213.675 917.035
2898 48.5083 304.203
2899 151.788 515.2
2900 320.174 1160.7
2901 858.966 102.028
2902 228.775 1235.31
2903 54.6546 1124.86
2904 32.7184 162.366
2905 113.659 266.475
2906 732.116 28.6511
2907 460.614 751.737
2908 739.957 207.366
2909 1059.63 1013.91
2910 593.163 902.794
2911 913.574 1079.33
2912 1181.13 79.5234
2913 479.544 1378.14
2914 548.676 441.596
2915 1454.49 1430.63
2916 411.613 332.76
2917 1461.91 392.464
2918 1467.07 1288.73
2919 39.1944 46.0124
2920 1451.58 507.919
2921 406.695 126.093
2922 1234.81 843.941
2923 1435.89 689.102
2924 1299.13 888.667
2925 1397.66 1316.25
2926 378.414 660.3
2927 160.465 832.216
2928 1392.8 398.241
2929 921.942 1129.45
2930 785.825 245.189
2931 1548.71 705.12
2932 963.737 548.674
2933 774.62 1451.1
2934 826.344 1129.31
2935 1401.12 1407.59
2936 450.333 308.979
2937 1371.94 1074.75
2938 1483.72 1062.12
2939 1212.55 1497.04
2940 615.017 1156.27
2941 1334.21 780.294
2942 1085.72 1148.37
2943 940.05 1239.8
2944 435.015 250.248
2945 1265.72 406.222
2946 651.931 453.454
2947 523.362 241.228
2948 747.009 1015.38
2949 293.745 400.69
2950 488.026 1219.37
2951 831.404 620.846
2952 347.312 1221.12
2953 871.345 397.759
2954 1262.49 378.148
2955 391.492 1526.69
2956 366.386 860.999
2957 1366.41 423.337
2958 849.369 1286.65
2959 587.718 622.76
2960 953.611 333.469
2961 1343.88 806.118
2962 41.8905 451.988
2963 1093.99 1541.73
2964 695.995 264.111
2965 1504.14 868.8
2966 1172.01 885.49
2967 167.462 1123.92
2968 1491.28 1005.21
2969 1330.29 1134.52
2970 259.562 1323.35
2971 180.145 290.861
2972 670.42 504.988
2973 1193.05 437.956
2974 1519.36 64.4039
2975 1070.45 475.779
2976 550.139 492.516
2977 276.677 454.21
2978 521.537 512.562
2979 1210.44 1148.17
2980 3.26226 1293.09
2981 361.685 636.433
2982 1235.9 1101.84
2983 134.719 965.779
2984 1268.4 877.32
2985 497.896 178.668
2986 176.296 228.736
2987 1045.95 697.035
2988 994.515 460.191
2989 169.117 1486.36
2990 750.933 641.067
2991 833.049 696.336
2992 986.998 88.1853
2993 1419.3 0.803744
2994 677.416 1491.42
2995 725.781 387.509
2996 61.8528 1027.42
2997 1444.09 102.889
2998 1154.56 915.701
2999 789.411 44.6886
3000 261.217 1474.35
3001 1469.95 1173.04
3002 622.003 1088.23
3003 74.1913 1431.89
3004 1038.2 994.941
3005 622.618 108.752
3006 753.715 1319.99
3007 113.801 12.8599
3008 1175.31 1242.13
3009 952.484 1299.32
3010 559.17 1285.81
3011 214.978 135.265
3012 998.044 370.158
3013 838.601 381.022
3014 689.045 702.057
3015 106.898 29.7957
3016 1328.77 979.859
3017 1315.34 1046.01
3018 147.408 1310.53
3019 397.475 515.919
3020 1336.15 1014.1
3021 496.195 1116.51
3022 42.9294 1533.88
3023 48.9824 629.814
3024 1030.07 1099.62
3025 775.235 888.279
3026 261.068 1009.75
3027 34.9405 15.9803
3028 1078.72 1500.13
3029 538.32 288.318
3030 226.987 648.385
3031 1363.72 761.24
3032 1059.24 735.237
3033 218.335 711.786
3034 1080.89 1428.06
3035 233.418 61.0373
3036 1101.16 259.761
3037 1175.88 517.574
3038 616.776 1442.06
3039 1035.74 265.897
3040 630.608 260.518
3041 407.026 924.542
3042 228.783 637.038
3043 1539.34 193.287
3044 1124.77 1503.24
3045 88.0914 574.545
3046 1151.34 249.539
3047 753.875 623.28
3048 1126.8 1220.57
3049 978.451 577.666
3050 463.808 28.8501
3051 1295.12 476.016
3052 1322.4 1299.57
3053 848.973 1509.86
3054 861.803 226.041
3055 205.145 1267.88
3056 42.6286 970.261
3057 790.175 1464.19
3058 1091.14 237.776
3059 466.145 1483.76
3060 173.656 1420.5
3061 729.374 1262.5
3062 605.95 846.258
3063 261.264 430.429
3064 1034.61 113.669
3065 1151.86 745.364
3066 612.502 561.864
3067 1064.21 1517.94
3068 403.935 287.551
3069 1086.52 903.513
3070 1168.68 1110.44
3071 1521.77 1079.52
3072 101.697 619.271
3073 1318.43 1161.79
3074 116.006 576.994
3075 871.109 180.606
3076 669.822 225.616
3077 1071.77 336.888
3078 321.167 1244.72
3079 828.613 311.144
3080 1047.66 30.6467
3081 707.221 1324.67
3082 149.034 202.601
3083 51.7442 1259.37
3084 1295.89 689.376
3085 294.229 241.738
3086 843.413 1243.01
3087 1431.7 1216.55
3088 198.564 643.809
3089 712.827 463.95
3090 81.2832 551.699
3091 1358.23 375.169
3092 218.24 1114.08
3093 672.31 1200.96
3094 132.601 984.407
3095 627.346 1529.57
3096 293.246 338.386
3097 3.26226 1132.71
3098 367.276 1131.87
3099 31.3946 77.0649
3100 407.356 906.434
3101 1535.81 75.0087
3102 343.56 8.70919
3103 1148.88 1005.73
