1 230.396 205.423
2 349 160.709
3 70.1932 219.276
4 248.822 218.946
5 267.616 400.509
6 68.8304 226.493
7 157.515 310.922
8 383.094 234.166
9 137.002 175.41
10 319.493 311.074
11 333.764 369.077
12 389.004 59.7953
13 144.303 229.36
14 399.427 443.285
15 48.8199 374.47
16 55.4667 61.4194
17 247.155 315.18
18 421.824 99.9737
19 258.349 360.535
20 138.304 152.26
21 373.404 174.002
22 22.7517 264.054
23 72.6362 133.862
24 245.396 3.57585
25 284.949 64.3108
26 233.532 94.1186
27 215.409 414.376
28 17.6199 347.747
29 121.636 247.566
30 345.288 406.746
31 233.783 435.462
32 431.429 325.02
33 7.08346 40.1417
34 261.037 322.539
35 105.111 27.7333
36 163.01 36.4682
37 325.648 199.483
38 143.018 347.24
39 135.277 432.596
40 208.232 190.491
41 98.0861 434.96
42 302.351 260.282
43 165.246 258.226
44 13.6756 276.337
45 92.8766 393.34
46 297.26 143.607
47 433.945 38.9113
48 253.599 171.286
49 49.9528 445.913
50 59.7333 412.765
51 108.176 229.648
52 132.552 248.094
53 96.8483 196.66
54 183.692 330.657
55 259.163 259.659
56 32.0189 104.343
57 158.388 150.584
58 201.509 78.9963
59 223.339 10.3139
60 93.6955 420.028
61 182.23 208.996
62 237.895 372.516
63 189.107 289.373
64 252.425 207.06
65 370.688 110.81
66 418.349 350.47
67 201.935 341.439
68 307.824 283.953
69 229.796 394.929
70 12.9795 189.304
71 229.209 113.84
72 19.7081 365.743
73 402.033 129.661
74 236.633 237.712
75 438.983 185.057
76 59.2115 251.92
77 374.112 61.3795
78 234.928 258.719
79 210.784 32.7181
80 203.369 431.971
81 104.404 258.267
82 398.242 382.562
83 130.157 300.508
84 179.413 331.299
85 193.56 361.448
86 256.56 289.141
87 249.477 44.8073
88 109.309 55.8583
89 351.334 433.827
90 333.409 34.7916
91 52.2457 142.543
92 322.684 121.991
93 217.171 161.543
94 383.476 35.7606
95 48.8199 133.673
96 44.8483 245.248
97 116.802 66.3307
98 434.182 411.264
99 327.15 86.0525
100 261.242 435.558
101 225.006 148.125
102 291.719 386.52
103 293.525 333.168
104 75.8436 267.916
105 384.145 215.411
106 10.2226 210.088
107 342.694 195.65
108 318.571 233.795
109 249.813 166.266
110 111.974 170.292
111 224.765 301.709
112 438.662 406.407
113 382.003 12.3654
114 278.275 275.463
115 75.1066 22.358
116 152.847 106.457
117 104.969 401.494
118 378.972 319.263
119 183.145 295.254
120 404.435 365.23
121 111.698 197.286
122 157.919 86.189
123 110.81 382.973
124 101.666 363.236
125 433.168 299.173
126 297.206 332.679
127 33.6294 289.821
128 321.502 84.8514
129 187.951 228.209
130 2.36115 437.539
131 324.998 427.451
132 413.105 262.347
133 67.7501 322.468
134 312.273 221.009
135 40.5764 86.7916
136 286.792 123.067
137 14.3989 18.0934
138 111.725 311.318
139 296.168 174.562
140 21.8919 384.227
141 429.002 147.784
142 390.462 278.589
143 68.801 114.429
144 206.471 344.497
145 364.415 235.87
146 332.554 231.027
147 391.782 47.8268
148 401.355 159.712
149 422.792 132.47
150 330.289 338.916
151 243.103 113.651
152 75.6 69.7291
153 12.2971 400.893
154 240.54 402.57
155 155.494 187.83
156 322.07 157.133
157 126.247 417.947
158 176.759 127.734
159 318.96 342.872
160 98.1291 172.924
161 401.191 380.68
162 68.2005 115.71
163 261.479 419.344
164 429.333 79.7627
165 371.067 414.853
166 187.714 271.151
167 67.7501 277.866
168 387.98 14.1806
169 213.145 90.211
170 288.96 44.168
171 255.182 313.333
172 71.5234 195.976
173 254.682 207.618
174 374.039 73.6735
175 221.157 292.619
176 82.9543 230.138
177 413.734 432.719
178 366.469 351.716
179 326.094 265.978
180 218.746 352.945
181 249.491 137.793
182 229.319 61.431
183 378.208 244.211
184 171.9 37.9013
185 376.64 400.934
186 27.515 115.46
187 433.741 283.736
188 210.509 118.413
189 10.0042 330.548
190 200.098 170.576
191 67.5192 207.727
192 2.85249 130.016
193 259.754 299.514
194 34.9071 164.735
195 394.995 207.086
196 421.035 1.70604
197 272.31 11.7648
198 36.8483 59.3564
199 64.6877 409.792
200 69.5108 87.8541
201 19.2168 43.1695
202 356.379 25.8929
203 351.702 302.271
204 129.978 297.057
205 104.542 375.328
206 194.073 186.397
207 125.324 403.403
208 40.6121 300.494
209 153.101 35.2829
210 108.894 319.181
211 218.86 330.127
212 414.553 394.779
213 218.089 62.0273
214 418.252 62.4819
215 96.1438 0.0272966
216 3.08451 142.995
217 222.413 278.694
218 366.401 103.511
219 431.711 309.389
220 397.056 194.761
221 68.2163 311.945
222 172.528 21.5118
223 370.099 113.322
224 374.275 191.897
225 256.956 208.901
226 390.629 135.432
227 319.563 20.3108
228 272.038 56.2719
229 403.239 183.121
230 264.545 265.175
231 446.071 99.6189
232 1.25564 375.233
233 192.111 266.84
234 135.339 82.8199
235 339.134 413.163
236 441.376 374.85
237 366.247 320.53
238 418.743 269.406
239 428.923 428.231
240 160.042 58.21
241 78.8052 339.897
242 3.28924 157.462
243 371.924 370.553
244 445.243 99.5937
245 270.472 103.45
246 110.06 112.696
247 1.99265 241.82
248 144.988 432.353
249 439.186 314.552
250 285.356 196.067
251 189.329 382.043
252 226.949 257.163
253 344.523 173.704
254 52.8052 190.109
255 17.2241 87.7858
256 78.6961 219.451
257 298.584 223.6
258 351.839 175.381
259 372.347 320.082
260 210.565 26.9417
261 252.125 170.224
262 5.78688 438.615
263 446.679 118.428
264 41.4635 19.4898
265 105.925 206.473
266 440.179 358.773
267 3.76693 27.7764
268 262.989 418.827
269 164.75 159.646
270 333.919 103.823
271 98.9228 360.958
272 76.7034 356.427
273 5.48661 292.237
274 40.5764 69.6493
275 227.121 70.3842
276 274.891 250.489
277 29.7533 321.281
278 316.018 96.5344
279 403.423 278.496
280 252.324 352.686
281 185.317 207.768
282 203.496 425.008
283 431.298 127.109
