1 332.835 951.663
2 841.365 782.189
3 47.5173 281.812
4 144.688 93.0815
5 349.218 288.496
6 799.471 144.983
7 887.814 510.727
8 196.203 768.69
9 1.06815 735.282
10 788.157 823.821
11 134.372 400.433
12 340.729 711.417
13 435.081 260.297
14 753.014 31.2551
15 763.78 85.9706
16 565.081 571.673
17 401.593 726.463
18 810.772 558.031
19 818.215 934.385
20 87.6797 599.632
21 855.22 528.432
22 885.617 690.18
23 364.818 807.249
24 580.259 448.286
25 110.721 807.768
26 910.001 847.804
27 882.412 413.774
28 874.66 769.036
29 296.915 527.913
30 65.3706 839.534
31 870.51 392.777
32 651.631 718.925
33 126.142 966.155
34 587.97 922.391
35 839.167 593.738
36 114.658 506.424
37 864.623 639.916
38 531.131 271.096
39 830.867 751.264
40 182.947 217.235
41 262.783 523.336
42 988.13 340.638
43 154.899 492.477
44 363.323 869.232
45 368.344 542.314
46 489.029 200.72
47 741.573 946.104
48 585.99 618.336
49 354.467 495.956
50 874.416 881.867
51 985.529 890.015
52 821.039 818.114
53 855.708 539.755
54 782.067 129.921
55 152.715 271.757
56 259.936 524.003
57 146.855 133.152
58 403.15 301.924
59 786.752 681.967
60 307.718 190.1
61 20.539 744.713
62 187.649 669.21
63 233.314 427.351
64 335.308 986.877
65 625.691 694.418
66 207.038 678.488
67 873.522 972.065
68 618.538 542.318
69 882.864 224.891
70 142.582 724.906
71 332.591 607.98
72 419.211 633.324
73 476.563 328.562
74 204.585 22.1606
75 126.259 190.836
76 740.623 648.152
77 617.634 207.678
78 751.915 397.08
79 857.282 287.088
80 630.97 259.011
81 971.039 823.776
82 730.608 487.202
83 253.687 657.861
84 333.171 927.305
85 800.167 899.808
86 473.189 137.7
87 812.189 210.399
88 576.931 466.357
89 228.708 38.6711
90 115.026 907.045
91 68.6972 515.519
92 715.476 204.321
93 472.438 591.422
94 373.854 629.383
95 673.464 496.845
96 707.606 585.589
97 239.479 8.18311
98 655.249 133.091
99 951.537 784.299
100 480.814 510.727
101 643.117 463.881
102 565.325 580.95
103 432.508 60.3392
104 786.955 81.5354
105 227.607 186.9
106 59.0246 590.293
107 594.304 305.887
108 596.332 809.351
109 302.901 973.846
110 963.159 276.589
111 632.008 679.668
112 482.988 260.235
113 226.691 158.33
114 616.094 521.81
115 913.694 158.456
116 868.954 222.606
117 494.716 606.922
118 271.395 149.419
119 196.299 858.486
120 137.089 789.762
121 700.43 348.064
122 947.298 831.965
123 347.806 667.592
124 601.388 90.3858
125 843.35 93.757
126 451.277 15.1718
127 832.189 260.842
128 476.852 857.33
129 673.849 407.575
130 183.782 337.565
131 186.926 593.28
132 422.057 15.5034
133 200.523 328.288
134 126.659 979.766
135 657.196 170.873
136 317.409 593.742
137 195.105 638.742
138 106.901 508.992
139 696.556 761.319
140 539.323 103.279
141 103.305 61.7126
142 420.836 582.664
143 769.2 162.389
144 726.085 901.094
145 421.578 560.289
146 607.288 189.825
147 430.708 977.162
148 520.127 329.773
149 108.892 551.5
150 159.917 287.397
151 558.4 25.0598
152 580.706 748.314
153 265.232 842.59
154 282.51 100.62
155 17.4566 440.931
156 270.241 792.047
157 248.004 825.44
158 93.4477 786.584
159 166.114 367.107
160 278.866 546.408
161 299.783 307.631
162 533.464 965.514
163 265.18 489.063
164 134.892 466.876
165 778.253 303.659
166 90.1212 547.384
167 580.035 918.733
168 829.531 250.761
169 614.128 865.448
170 452.204 439.711
171 719.506 542.985
172 604.63 898.618
173 277.169 880.494
174 61.6954 789.819
175 766.991 40.2844
176 716.239 922.117
177 679.356 602.13
178 826.075 562.059
179 833.155 57.1816
180 803.186 640.095
181 165.807 291.421
182 179.605 940.937
183 722.556 593.131
184 359.243 156.869
185 870.108 726.707
186 274.852 96.9615
187 897.695 10.9256
188 244.515 342.509
189 466.14 124.21
190 448.347 422.132
191 361.119 317.885
192 781.314 879.391
193 317.929 237.281
194 443.505 885.434
195 411.115 473.041
196 319.998 246.406
197 443.739 207.556
198 937.752 438.795
199 498.276 499.71
200 833.196 510.243
201 369.291 707.942
202 366.588 215.888
203 524.333 888.581
204 525.62 645.196
205 361.461 175.364
206 696.524 581.229
207 118.412 953.154
208 591.754 560.198
209 534.745 779.447
210 108.969 701.655
211 547.685 379.925
212 756.06 833.389
213 901.914 639.245
214 996.845 190.928
215 306.995 387.711
216 835.2 951.968
217 61.5807 342.692
218 649.739 279.733
219 856.38 754.143
220 624.564 956.759
221 458.419 861.171
222 49.9588 642.374
223 106.571 233.67
224 95.7878 310.495
225 909.292 147.191
226 221.427 916.959
227 851.863 22.1564
228 605.886 435.499
229 415.49 530.045
230 427.351 96.3164
231 692.099 651.753
232 907.529 432.604
233 862.88 99.1283
234 765.893 798.155
235 587.155 707.846
236 935.423 206.305
237 344.371 969.364
238 11.6276 385.052
239 730.34 237.953
240 408.24 411.607
241 829.951 196.849
242 718.012 510.453
243 652.211 180.12
244 943.383 554.918
245 155.982 242.744
246 370.855 653.589
247 892.361 459.09
248 956.223 730.491
249 430.525 474.227
250 388.411 269.021
251 756.329 846.583
252 154.225 883.877
253 126.617 294.66
254 786.37 349.254
255 295.741 409.746
256 347.209 752.285
257 692.892 967.071
258 683.107 303.924
259 705.613 784.6
260 981.523 391.068
261 857.326 169.347
262 317.759 845.55
263 57.8344 504.628
264 191.015 746.757
265 818.628 862.087
266 375.015 846.156
267 829.243 710.902
268 812.159 713.248
269 384.956 686.091
270 510.361 548.906
271 354.839 471.607
272 484.725 229.764
273 846.723 15.1718
274 723.772 646.02
275 433.363 894.65
276 688.576 335.266
277 201.788 239.194
278 843.623 138.131
279 592.153 192.083
280 323.435 514.027
281 451.592 314.371
282 923.423 730.129
283 164.373 381.726
284 731.498 739.647
285 590.045 828.883
286 677.053 872.803
287 57.4228 931.883
288 645.192 435.56
289 740.16 50.264
290 522.235 368.45
291 980.242 101.661
292 189.642 247.627
293 473.025 339.122
294 0.61037 977.813
295 86.7031 562.822
296 524.195 511.521
297 987.567 695.212
298 345.195 97.6939
299 650.603 180.303
300 401.868 314.286
301 421.278 39.552
302 776.05 341.872
303 943.909 933.291
304 629.255 54.9069
305 531.022 290.323
306 424.522 227.973
307 919.279 640.98
308 247.444 880.215
309 318.369 331.099
310 694.238 312.326
311 431.627 518.265
312 321.11 943.113
313 531.68 157.72
314 108.188 663.599
315 925.124 348.033
316 809.477 406.537
317 626.692 390.027
318 426.592 293.181
319 96.2729 108.04
320 268.41 353.103
321 108.121 64.6382
322 895.9 78.7135
323 463.759 168.035
324 129.276 722.227
325 758.143 305.098
326 341.443 215.064
327 475.143 239.357
328 615.82 640.588
329 915.281 941.561
330 277.37 14.6794
331 35.9822 192.301
332 448.64 920.713
333 223.047 450.474
334 878.384 367.524
335 806.308 191.111
336 886.776 143.258
337 312.418 49.963
338 585.897 34.4554
339 394.848 852.779
340 470.138 454.821
341 930.847 985.87
342 426.984 357.101
343 653.951 762.505
344 25.0252 151.834
345 502.124 813.261
346 131.535 982.33
347 39.0942 656.824
348 506.936 709.285
349 560.596 308.485
350 331.4 69.7695
351 624.47 108.467
352 727.317 907.956
353 726.432 128.243
354 177.007 843.928
355 557.451 68.9413
356 146.306 900.479
357 818.408 227.627
358 333.263 405.809
359 517.472 134.377
360 915.677 915.804
361 437.96 365.768
362 557.53 879.578
363 838.282 268.166
364 364.36 723.506
365 277.291 649.469
366 219.49 896.058
367 184.362 709.559
368 751.238 989.766
369 481.395 831.111
370 373.608 988.769
371 212.348 209.387
372 289.712 39.0984
373 828.028 910.825
374 114.703 120.324
375 244.608 881.012
376 776.279 603.29
377 288.675 691.061
378 132.115 602.496
379 842.86 501.175
380 954.118 81.5659
381 296.488 282.927
382 977.05 52.8927
383 653.709 237.745
384 829.005 479.603
385 538.285 705.378
386 59.0533 726.432
387 561.893 103.793
388 844.503 65.9241
389 858.671 613.426
390 474.664 404.828
391 749.467 526.326
392 433.983 369.427
393 661.58 729.637
394 47.5784 760.8
395 131.445 298.41
396 288.919 887.265
397 628.224 364.94
398 321.797 412.458
399 962.266 966.948
400 380.566 248.608
401 651.099 357.636
402 585.467 975.345
403 691.824 527.512
404 466.262 759.331
405 207.465 661.916
406 80.8527 58.5692
407 198.401 436.724
408 168.31 68.2394
409 549.202 800.185
410 518.967 519.639
411 906.522 46.2397
412 171.196 88.8435
413 918.797 248.238
414 690.127 942.294
415 619.528 548.784
416 162.255 472.213
417 820.074 446.567
418 466.737 181.555
419 114.371 612.649
420 73.7428 157.903
421 663.472 774.438
422 123.6 579.546
423 896.298 588.798
424 179.137 764.829
425 813.776 800.195
426 574.633 734.001
427 268.471 565.233
428 493.057 926.359
429 935.484 286.233
430 479.586 664.575
431 631.794 87.7102
432 79.0735 44.5612
433 142.349 869.015
434 267.262 620.35
435 175.359 198.889
436 450.974 490.864
437 936.37 905.61
438 289.073 744.32
439 126.699 628.563
440 162.908 407.579
441 208.167 903.897
442 225.105 398.057
443 960.265 591.422
444 241.859 132.694
445 97.6897 165.044
446 928.434 422.838
447 212.067 370.006
448 241.005 122.349
449 818.293 463.674
450 677.581 389.233
451 813.379 381.943
452 397.323 449.538
453 774.865 485.855
454 43.8856 390.092
455 131.687 118.493
456 629.231 540.269
457 916.44 628.58
458 343.916 723.106
459 381.573 929.197
460 482.131 826.079
461 22.0649 64.3635
462 820.002 849.666
463 937.864 392.682
464 85.2687 136.753
465 127.934 318.862
466 527.055 52.3087
467 813.562 367.233
468 509.103 446.765
469 808.742 360.79
470 220.893 294.477
471 902.136 318.491
472 196.61 562.399
473 612.018 70.7624
474 145.97 415.819
475 351.2 578.544
476 905.763 554.542
477 762.291 988.468
478 428.266 947.604
479 409.72 10.472
480 951.356 956.546
481 843.348 584.8
482 886.048 674.066
483 719.84 865.566
484 103.391 423.357
485 415.232 200.079
486 155.461 45.5641
487 754.711 812.285
488 676.368 628.138
489 521.714 269.818
490 51.4708 566.027
491 330.424 422.122
492 328.003 857.295
493 893.612 489.857
494 289.926 962.497
495 511.979 412.366
496 339.518 484.634
497 636.045 478.84
498 994.263 502.457
499 570.91 800.901
500 507.401 987.247
501 297.688 49.1695
502 568.714 60.5792
503 643.33 37.0231
504 523.183 945.219
505 447.227 115.913
506 806.683 519.734
507 59.131 221.874
508 403.546 789.243
509 18.952 715.995
510 417.755 148.127
511 146.764 698.416
512 178.001 431.735
513 612.585 721.427
514 762.352 448.988
515 530.961 820.643
516 626.24 155.4
517 265.267 616.264
518 152.953 321.116
519 336.161 348.552
520 995.404 597.4
521 938.353 674.062
522 631.095 118.046
523 577.654 849.029
524 432.142 703.12
525 690.688 579.886
526 909.33 797.266
527 130.808 838.38
528 857.023 341.628
529 987.276 34.9132
530 924.192 723.981
531 558.611 692.042
532 267.733 791.864
533 437.3 735.038
534 246.62 932.91
535 511.246 661.617
536 19.3793 671.926
537 495.975 91.6512
538 900.296 7.47703
539 431.41 620.319
540 648.885 55.4868
541 593.304 809.996
542 49.6231 341.628
543 699.026 66.6871
544 528.916 8.85037
545 583.022 667.745
546 503.855 648.457
547 546.682 574.145
548 467.086 729.698
549 438.063 571.205
550 219.764 64.6424
551 601.392 144.749
552 780.816 163.522
553 473.429 674.429
554 204.596 317.118
555 758.735 356.456
556 788.781 830.718
557 1.22074 949.954
558 3.20444 916.746
559 732.231 227.607
560 962.462 204.875
561 48.9766 245.77
562 763.146 332.534
563 786.785 468.86
564 843.135 654.775
565 695.761 277.692
566 119.802 388.779
567 469.985 723.051
568 127.476 843.867
569 757.227 15.5991
570 189.886 509.236
571 97.9061 0.396741
572 547.719 753.048
573 310.385 999.241
574 430.586 691.401
575 249.123 375.992
576 798.321 532.426
577 811.67 113.407
578 900.54 130.074
579 571.798 210.547
580 852.17 402.966
581 499.649 424.299
582 513.528 540.269
583 499.836 30.0607
584 297.664 231.121
585 540.477 317.702
586 506.302 995.426
587 421.775 327.219
588 654.897 353.042
589 164.027 737.846
590 987.733 447.467
591 712.882 416.15
592 147.484 28.1381
593 118.169 927.519
594 384.862 663.625
595 718.176 892.473
596 253.877 940.367
597 872.921 975.28
598 77.7167 304.701
599 685.737 962.31
600 280.892 334.513
601 20.1422 823.302
602 107.493 658.193
603 483.749 493.153
604 172.104 194.098
605 969.079 456.866
606 992.913 281.476
607 95.8281 390.271
608 824.946 438.388
609 284.104 203.091
610 85.3576 178.615
611 313.793 554.861
612 51.8815 536.092
613 3.7843 98.8841
614 862.941 607.105
615 282.449 63.3259
616 98.787 458.663
617 908.383 320.322
618 419.272 557.608
619 697.073 194.464
620 229.28 478.626
621 477.57 391.068
622 368.45 159.246
623 322.947 821.65
624 94.9911 363.663
625 515.688 700.404
626 45.9238 424.024
627 622.313 86.9778
628 270.059 268.231
629 335.917 39.0068
630 710.237 117.47
631 454.422 245.129
632 931.425 858.486
633 221.107 590.564
634 143.223 649.011
635 492.111 918.855
636 882.094 694.439
637 363.5 779.935
638 859.92 293.47
639 539.774 484.516
640 36.256 15.3813
641 800.999 378.006
642 451.247 840.541
643 434.585 769.195
644 260.806 79.1997
645 768.822 599.968
646 777.49 657.002
647 347.494 478.656
648 53.8652 674.245
649 451.027 506.947
650 753.506 554.613
651 708.64 620.899
652 163.671 826.167
653 635.183 929.659
654 562.334 141
655 932.111 296.426
656 551.166 79.4702
657 491.348 603.111
658 706.3 462.329
659 310.801 653.645
660 888.055 156.346
661 424.796 107.002
662 244.667 324.778
663 636.036 537.618
664 546.953 469.008
665 781.573 344.737
666 24.9031 797.998
667 432.808 642.018
668 848.72 654.29
669 845.143 613.788
670 497.787 338.271
671 807.552 723.289
672 478.835 62.2314
673 341.563 127.75
674 687.948 437.747
675 77.3034 265.027
676 53.4933 315.871
677 708.64 314.28
678 638.356 705.008
679 323.923 795.744
680 735.221 432.696
681 304.861 457.595
682 481.246 392.106
683 872.175 185.679
684 472.447 558.57
685 525.005 284.524
686 530.4 787.382
687 372.021 876.492
688 654.845 434.344
689 53.5618 869.198
690 425.842 616.016
691 747.337 713.889
692 932.694 395.001
693 10.4373 79.8975
694 180.045 1.22074
695 67.3224 379.321
696 169.256 687.49
697 238.868 752.835
698 825.885 682.638
699 611.001 155.736
700 760.552 761.349
701 7.11081 208.659
702 216.645 962.985
703 987.657 656.789
704 631.855 905.484
705 312.42 633.229
706 416.517 596.728
707 400.281 714.717
708 199.622 780.206
709 381.39 39.8613
710 162.68 638.787
711 889.645 751.431
712 428.238 816.344
713 800.226 757.195
714 521.184 392.529
715 542.463 636.986
716 626.289 369.339
717 995.07 606.464
718 129.887 916.719
719 255.348 444.934
720 364.897 79.6838
721 818.905 576.651
722 173.058 242.504
723 945.555 376.389
724 478.822 918.75
725 478.608 229.933
726 512.436 230.598
727 43.9772 957.366
728 534.489 461.653
729 186.066 578.055
730 656.205 986.973
731 747.246 223.186
732 960.204 128.334
733 712.357 366.802
734 339.579 979.343
735 968.652 245.399
736 4.24207 770.169
737 108.28 121.097
738 701.676 161.02
739 178.655 972.69
740 8.54518 38.6711
741 493.973 178.381
742 311.808 167.211
743 801.654 165.136
744 789.744 117.836
745 94.6989 53.6557
746 906.674 177.073
747 0.701926 772.454
748 624.923 327.224
749 698.752 400.865
750 741.508 105.11
751 263.222 827.743
752 869.269 152.383
753 903.029 580.192
754 331.614 952.788
755 244.622 426.073
756 332.79 928.22
757 286.966 31.072
758 711.112 388.139
759 929.771 956.633
760 898.162 710.501
761 58.7176 854.579
762 610.187 878.998
763 371.929 950.564
764 963.975 223.701
765 992.503 352.737
766 788.11 583.697
767 320.902 588.95
768 721.285 120.548
769 641.462 291.334
770 537.594 591.789
771 268.777 810.698
772 332.591 744.045
773 204.316 164.682
774 54.4394 600.212
775 389.813 157.174
776 179.786 777.921
777 966.826 980.411
778 423.658 866.146
779 491.317 826.136
780 774.279 148.808
781 51.3644 989.166
782 577.658 885.037
783 903.867 232.521
784 595.235 617.729
785 746.849 896.577
786 890.286 101.749
787 967.308 766.015
788 0.152593 41.0169
789 18.0975 539.018
790 721.671 459.399
791 942.826 58.2293
792 998.96 578.316
793 452.376 320.475
794 373.699 905.61
795 160.56 539.018
796 834.59 705.928
797 554.827 510.093
798 736.559 498.555
799 309.162 769.646
800 305.033 556.902
801 877.66 891.48
802 659.597 838.313
803 595.508 281.324
804 955.535 53.6821
805 273.341 577.654
806 598.44 246.864
807 858.882 851.043
808 553.561 693.293
809 198.981 299.57
810 255.587 559.832
811 890.898 619.434
812 384.96 780.973
813 489.12 156.076
814 692.589 928.835
815 400.153 59.6373
816 597.186 13.7333
817 376.812 78.8293
818 54.0963 565.36
819 568.072 522.813
820 618.124 238.38
821 588.763 486.927
822 612.415 784.783
823 340.739 426.649
824 523.453 411.607
825 162.542 954.121
826 630.787 257.062
827 316.494 506.973
828 366.955 78.4062
829 178.442 187.038
830 924.986 306.436
831 947.098 653.737
832 326.512 624.596
833 784.173 269.112
834 366.07 503.006
835 724.937 771.848
836 523.89 115.059
837 369.68 340.621
838 575.691 938.231
839 175.848 809.202
840 194.794 359.726
841 173.828 337.931
842 722.176 700.709
843 855.252 544.633
844 464.784 987.945
845 598.071 768.155
846 250.155 555.258
847 687.073 948.485
848 0.61037 490.772
849 103.988 693.018
850 832.288 770.837
851 427.29 77.277
852 236.305 501.789
853 476.333 68.4835
854 968.3 463.424
855 391.798 737.82
856 75.6803 406.262
857 0.793481 137.582
858 871.572 419.634
859 46.4868 534.277
860 322.001 19.1393
861 709.372 965.64
862 228.95 952.116
863 665.968 550.432
864 791.301 292.449
865 417.831 388.043
866 807.423 192.511
867 434.858 966.617
868 967.37 498.188
869 658.834 416.944
870 82.9659 249.096
871 824.49 474.044
872 348.676 469.623
873 450.166 847.29
874 906.99 909.242
875 893.307 54.4492
876 706.246 813.41
877 118.748 756.401
878 476.731 20.4169
879 210.42 145.024
880 688.79 343.795
881 201.575 104.556
882 959.672 712.123
883 368.471 386.324
884 754.953 189.768
885 379.843 258.832
886 248.726 111.657
887 947.295 564.81
888 304.722 362.137
889 625.69 376.11
890 491.671 527.451
891 754.608 180.721
892 575.413 841.141
893 59.9327 909.914
894 376.965 548.178
895 418.287 987.705
896 526.186 97.0489
897 290.278 308.084
898 704.581 325.632
899 317.484 185.343
900 314.678 690.608
901 675.314 213.538
902 760.186 954.379
903 100.278 434.13
904 249.214 177.866
905 979.919 292.337
906 327.672 492.3
907 634.846 46.1787
908 824.169 421.43
909 687.613 803.709
910 686.014 10.1363
911 492.235 123.574
912 992.624 266.492
913 594.409 720.074
914 926.925 470.29
915 976.014 160.68
916 85.1188 237.316
917 258.119 504.227
918 304.988 563.925
919 287.973 62.384
920 520.31 341.105
921 994.998 788.385
922 366.924 415.357
923 145.36 872.402
924 862.759 32.8379
925 153.294 390.545
926 915.794 82.8578
927 276.255 864.071
928 157.569 481.216
929 290.682 220.134
930 41.1787 111.026
931 535.569 398.088
932 513.993 354.472
933 383.07 119.602
934 487.29 260.933
935 22.1259 625.176
936 937.193 31.1798
937 592.275 284.162
938 334.829 536.886
939 518.632 731.101
940 683.126 224.86
941 252.785 856.964
942 258.395 721.95
943 326.182 925.264
944 559.099 598.895
945 885.221 257.576
946 983.278 993.412
947 821.528 528.306
948 648.915 501.175
949 664 585.074
950 96.4708 265.755
951 692.291 191.87
952 60.8714 514.969
953 975.144 302.992
954 612.629 79.1081
955 530.045 568.747
956 370.84 884.675
957 127.996 654.87
958 229.409 928.037
959 701.529 594.256
960 348.125 107.181
961 52.4003 744.442
962 184.79 11.5401
963 5.34074 307.539
964 843.41 932.497
965 173.193 499.409
966 575.823 327.83
967 945.84 272.87
968 718.223 667.257
969 360.122 225.745
970 110.688 715.252
971 698.111 835.536
972 642.052 466.618
973 253.451 355.419
974 157.408 680.441
975 850.229 845.719
976 995.134 78.6767
977 654.394 529.348
978 154.973 301.675
979 933.195 521.382
980 368.62 296.919
981 853.542 492.538
982 588.612 810.724
983 2.19733 637.139
984 745.048 260.388
985 201.331 853.42
986 981.782 899.564
987 81.7461 323.16
988 234.779 457.568
989 386.486 387.803
990 608.844 773.949
991 283.456 699.24
992 598.926 403.058
993 618.712 371.471
994 738.945 477.68
995 220.643 197.55
996 221.168 378.216
997 966.094 966.495
998 856.746 829.467
999 840.815 851.497
1000 287.691 982.299
1001 777.703 49.6231
1002 77.6723 396.619
1003 235.238 119.877
1004 193.915 168.401
1005 17.9144 814.818
1006 838.773 83.5943
1007 994.424 674.005
1008 14.5268 271.493
1009 642.065 616.535
1010 415.632 193.731
1011 285.979 892.666
1012 724.488 107.063
1013 618.824 800.989
1014 993.768 556.692
1015 934.568 214.942
1016 252.74 225.963
1017 619.772 964.938
1018 929.594 529.744
1019 924.528 539.781
1020 851.711 899.964
1021 548.051 169.805
1022 764.528 647.79
1023 869.482 511.429
1024 960.723 871.918
1025 742.334 944.399
1026 284.725 599.17
1027 32.8009 651.391
1028 936.744 667.714
1029 287.271 963.225
1030 567.095 117.409
1031 889.243 234.23
1032 698.477 448.565
1033 197.027 779.447
1034 711.264 502.182
1035 414.655 743.522
1036 396.741 272.561
1037 765.253 37.7514
1038 360.264 375.473
1039 334.392 134.896
1040 876.692 484.481
1041 196.717 62.0788
1042 992.014 684.957
1043 148.381 507.157
1044 8.48415 851.898
1045 180.527 519.883
1046 62.8681 200.633
1047 547.685 598.075
1048 107.364 809.168
1049 651.037 631.916
1050 139.471 354.442
1051 62.1218 121.555
1052 277.262 341.537
1053 827.631 934.599
1054 759.554 550.802
1055 744.102 999.15
1056 600.911 869.869
1057 120.847 775.296
1058 300.882 848.628
1059 364.912 250.744
1060 494.278 116.276
1061 963.897 736.141
1062 661.672 60.2435
1063 785.388 694.174
1064 287.881 538.224
1065 124.21 78.5893
1066 959.687 202.891
1067 45.2524 865.356
1068 627.827 860.317
1069 465.203 166.483
1070 779.101 631.123
1071 953.795 431.104
1072 811.182 871.364
1073 134.276 784.666
1074 801.904 23.957
1075 458.467 459.125
1076 917.014 193.152
1077 5.768 294.341
1078 117.758 575.121
1079 737.925 619.438
1080 18.0364 458.209
1081 660.115 130.436
1082 682.48 704.557
1083 920.356 862.026
1084 335.063 614.551
1085 654.805 650.685
1086 757.936 785.607
1087 868.162 992.68
1088 947.661 833.369
1089 472.427 189.184
1090 958.237 873.562
1091 928.207 588.824
1092 669.271 246.712
1093 609.363 444.044
1094 993.272 638.207
1095 768.303 521.073
1096 668.106 999.913
1097 158.849 538.656
1098 281.228 424.543
1099 150.526 62.4714
1100 876.736 974.063
1101 892.744 438.006
1102 708.595 914.186
1103 577.58 849.243
1104 199.837 327.468
1105 886.502 502.548
1106 551.593 25.3914
1107 671.668 237.8
1108 103.62 219.092
1109 424.268 673.059
1110 952.269 141.179
1111 959.655 648.492
1112 754.182 898.587
1113 284.616 91.2503
1114 279.397 119.545
1115 633.733 154.58
1116 666.741 224.865
1117 472.457 877.839
1118 73.8243 162.332
1119 139.502 108.253
1120 176.735 748.192
1121 183.416 736.534
1122 137.883 287.759
1123 309.505 835.81
1124 187.194 248.054
1125 997.186 925.748
1126 525.956 953.764
1127 387.625 841.705
1128 952.391 944.273
1129 714.469 218.085
1130 402.565 268.994
1131 560.476 810.531
1132 269.882 27.0089
1133 280.436 678.248
1134 354.649 808.043
1135 910.459 307.077
1136 887.396 351.028
1137 976.617 473.22
1138 371.532 905.698
1139 8.24 480.152
1140 633.422 336.344
1141 181.991 791.62
1142 472.701 985.534
1143 7.69066 761.044
1144 136.509 962.035
1145 872.158 416.334
1146 22.0649 249.214
1147 143.026 670.461
1148 730.128 751.065
1149 711.51 211.833
1150 158.727 891.053
1151 285.47 272.626
1152 109.67 365.215
1153 138.615 823.607
1154 793.054 780.877
1155 0.427259 219.245
1156 531.388 506.628
1157 200.751 79.5618
1158 1.92267 265.302
1159 209.174 316.634
1160 970.726 52.8012
1161 712.288 991.821
1162 714.621 306.223
1163 176.132 174.627
1164 644.682 691.615
1165 913.612 156.255
1166 987.709 910.733
1167 62.4353 975.009
1168 192.48 648.98
1169 589.801 260.72
1170 652.638 270.913
1171 608.12 79.9321
1172 729.942 405.473
1173 265.664 324.294
1174 345.073 979.522
1175 836.909 781.949
1176 327.586 820.022
1177 940.092 891.14
1178 499.613 358.684
1179 697.021 151.62
1180 486.139 927.767
1181 561.968 791.074
1182 818.783 980.32
1183 261.896 609.149
1184 284.127 20.3295
1185 532.381 609.241
1186 798.152 815.611
1187 442.763 777.646
1188 856.236 286.878
1189 417.167 473.617
1190 584.685 8.3357
1191 592.73 39.1899
1192 845.21 438.826
1193 649.434 486.164
1194 430.648 698.569
1195 41.1861 362.015
1196 994.21 248.638
1197 587.39 666.555
1198 296.733 942.324
1199 545 208.934
1200 469.771 646.264
1201 110.601 341.96
1202 192.962 589.835
1203 515 435.743
1204 356.602 903.718
1205 767.418 547.044
1206 777.231 702.231
1207 248.071 567.949
1208 700.919 289.32
1209 501.552 657.094
1210 871.717 739.647
1211 458.566 714.805
1212 669.372 594.104
1213 135.458 722.434
1214 491.745 250.71
1215 883.358 121.315
1216 340.678 399.308
1217 722.434 836.818
1218 805.057 181.986
1219 242.256 475.94
1220 20.2033 513.814
1221 437.086 144.998
1222 457.345 882.447
1223 490.426 230.628
1224 293.338 922.457
1225 753.847 109.745
1226 320.4 372.36
1227 535.281 617.267
1228 734.826 821.99
1229 32.6409 470.416
1230 604.748 108.467
1231 146.208 856.166
1232 169.822 979.129
1233 829.647 494.034
1234 990.197 139.657
1235 756.693 760.098
1236 102.208 999.913
1237 320.72 783.868
1238 691.376 636.346
1239 235.955 50.3902
1240 556.552 518.453
1241 246.85 271.588
1242 992.326 805.628
1243 577.496 229.046
1244 70.3452 915.224
1245 90.7786 498.86
1246 441.267 818.049
1247 289.163 585.319
1248 396.459 501.545
1249 653.523 453.265
1250 70.4062 18.891
1251 620.168 649.163
1252 421.43 792.81
1253 153.548 163.522
1254 73.8548 814.238
1255 464.492 505.543
1256 369.969 887.295
1257 851.619 1.92267
1258 836.482 252.423
1259 182.8 842.376
1260 460.053 169.378
1261 951.781 157.297
1262 56.7209 192.48
1263 349.193 552.08
1264 196.464 467.12
1265 781.121 799.493
1266 856.96 800.016
1267 660.237 563.097
1268 829.432 874.294
1269 931.564 373.424
1270 155.248 450.819
1271 237.946 146.737
1272 808.503 213.497
1273 9.27763 724.662
1274 650.838 658.742
1275 216.24 789.361
1276 356.053 865.963
1277 733.658 93.818
1278 475.082 418.718
1279 763.176 3.96741
1280 533.992 684.412
1281 510.056 709.01
1282 953.459 329.299
1283 40.6136 52.1867
1284 843.013 962.009
1285 148.93 600.486
1286 261.918 412.305
1287 376.873 663.293
1288 2.99081 958.373
1289 160.558 900.27
1290 753.655 739.315
1291 101.315 716.88
1292 819.483 220.104
1293 656.911 70.1315
