1 634.537 220.191
2 666.738 986.633
3 904.63 975.402
4 644.362 403.546
5 198.776 887.234
6 912.229 485.031
7 99.2604 655.833
8 634.535 957.549
9 968.668 313.547
10 52.8886 378.216
11 222.138 285.104
12 159.544 786.248
13 459.557 571.306
14 285.073 983.585
15 860.012 805.129
16 898.099 438.48
17 495.804 70.8376
18 75.0729 33.723
19 651.692 660.181
20 683.334 140.568
21 776.086 892.717
22 42.0637 213.451
23 337.504 782.952
24 188.377 46.8195
25 136.479 15.3203
26 663.32 677.725
27 110.776 123.173
28 637.013 662.832
29 444.138 253.277
30 114.17 191.015
31 193.793 705.863
32 818.476 150.613
33 399.731 479.476
34 323.642 991.856
35 206.088 530.717
36 432.295 551.931
37 400.621 29.1452
38 328.928 675.714
39 856.664 447.222
40 575.274 742.851
41 729.514 139.535
42 735.862 274.941
43 698.599 347.514
44 952.05 151.982
45 336.85 15.7822
46 353.252 503.739
47 672.189 577.136
48 920.913 645.593
49 87.3994 954.68
50 92.3878 35.8024
51 456.467 157.598
52 859.069 766.385
53 514.756 601.276
54 115.268 203.406
55 253.292 416.155
56 527.573 954.741
57 22.4616 220.191
58 824.253 874.054
59 484.133 365.402
60 167.15 832.305
61 815.455 233.436
62 80.4305 349.244
63 526.66 390.916
64 693.106 8.42311
65 755.119 363.842
66 975.29 857.082
67 279.427 786.035
68 561.226 818.161
69 321.745 753.262
70 158.691 700.491
71 251.869 459.446
72 899.869 791.091
73 271.462 70.6198
74 468.072 311.995
75 897.307 183.909
76 26.0628 775.292
77 236.457 252.5
78 336.727 946.104
79 881.575 902.772
80 473.067 157.602
81 70.6373 394.726
82 244.819 186.987
83 298.166 243.206
84 376.997 677.389
85 880.019 832.732
86 357.555 341.258
87 244.423 327.647
88 844.081 286.024
89 878.018 378.857
90 623.493 128.107
91 879.971 67.9384
92 395.857 17.9144
93 273.608 970.061
94 471.834 124.882
95 642.293 605.095
96 206 45.7067
97 976.51 22.3395
98 448.866 238.232
99 235.817 561.235
100 224.128 664.606
101 172.643 677.79
102 505.335 887.604
103 355.571 757.378
104 364.574 694.972
105 809.925 25.9713
106 401.778 451.709
107 600.482 446.537
108 303.751 659.204
109 795.177 580.008
110 183.05 237.648
111 734.336 955.84
112 830.744 494.756
113 873.714 94.2758
114 984.096 522.629
115 331.614 603.477
116 836.028 213.558
117 474.41 209.357
118 340.281 914.674
119 920.136 263.9
120 38.6151 585.929
121 578.082 8.88089
122 484.842 295.053
123 744.111 294.416
124 652.968 771.543
125 66.8966 844.691
126 211.969 317.057
127 439.667 878.231
128 414.446 216.254
129 990.388 67.2323
130 334.415 728.054
131 816.624 257.729
132 264.765 273.232
133 242.679 0.885037
134 951.637 98.3043
135 982.714 390.942
136 429.853 395.097
137 612.66 365.703
138 93.5022 570.177
139 404.218 360.886
140 384.589 794.153
141 143.01 756.676
142 611.194 852.478
143 780.544 234.901
144 344.006 852.199
145 832.732 859.741
146 537.248 891.694
147 295.114 112.587
148 904.386 405.683
149 261.483 517.232
150 387.419 815.672
151 931.822 703.421
152 183.329 278.146
153 476.333 431.288
154 124.105 450.728
155 156.209 136.784
156 131.26 896.699
157 687.37 806.029
158 788.775 638.691
159 899.413 318.923
160 474.784 931.059
161 144.745 996.861
162 21.9733 480.148
163 790.613 193.884
164 559.971 122.135
165 192.541 469.867
166 272.158 177.404
167 273.012 600.09
168 390.851 977.966
169 189.118 620.293
170 986.624 163.823
171 21.4545 624.779
172 947.661 189.829
173 157.018 919.431
174 55.7878 485.859
175 408.063 672.842
176 236.109 794.859
177 879.452 349.868
178 403.058 625.752
179 539.073 905.484
180 914.792 231.884
181 705.069 43.1573
182 466.903 176.218
183 403.945 564.688
184 441.285 854.122
185 845.668 429.918
186 66.6829 559.561
187 788.781 613.64
188 484.634 633.625
189 709.708 91.7123
190 305.765 212.429
191 436.653 742.825
192 303.232 616.535
193 71.797 662.801
194 783.748 948.397
195 41.1695 806.608
196 431.999 806.883
197 586.04 556.692
198 464.156 107.69
199 889.981 122.231
200 258.007 953.856
201 945.977 915.926
202 456.557 280.927
203 274.19 165.227
204 544.115 54.7807
205 629.719 562.338
206 823.939 521.287
207 786.105 615.314
208 377.677 539.842
209 596.93 596.885
210 584.605 572.405
211 203.797 718.162
212 748.07 914.121
213 484.634 777.459
214 120.823 220.226
215 763.446 209.571
216 647.193 352.519
217 841.755 73.3706
218 336.741 300.428
219 852.992 452.132
220 931.272 350.322
221 686.85 542.471
222 724.924 849.365
223 843.44 954.989
224 906.775 716.88
225 746.378 224.342
226 112.827 36.2865
227 369.976 643.818
228 694.815 159.612
229 620.909 529.531
230 915.555 631.768
231 78.7025 893.338
232 406.66 477.94
233 601.438 770.409
234 231.361 874.803
235 330.271 842.392
236 989.211 34.6385
237 995.905 649.068
238 904.911 824.539
239 574.759 388.134
240 751.901 322.89
241 845.143 980.289
242 511.973 323.287
243 664.474 317.972
244 372.574 933.993
245 841.481 51.0269
246 82.8827 698.481
247 129.734 682.062
248 408.164 898.286
249 756.066 536.393
250 391.928 109.256
251 366.59 892.697
252 885.769 761.594
253 751.026 899.014
254 336.216 608.417
255 614.702 491.338
256 686.768 307.108
257 237.556 636.346
258 444.685 373.795
259 768.542 516.377
260 259.133 803.034
261 87.0083 250.714
262 614.368 108.772
263 517.136 878.418
264 19.776 239.113
265 309.262 763.939
266 207.099 81.4539
267 767.296 834.773
268 623.304 30.7627
269 460.732 904.691
270 137.472 763.726
271 456.314 778.928
272 785.975 791.349
273 822.291 81.3013
274 277.505 434.706
275 931.771 775.296
276 699.738 366.008
277 920.866 998.417
278 270.913 627.186
279 142.737 116.798
280 326.823 276.715
281 678.055 247.784
282 195.342 769.555
283 166.051 351.421
284 136.129 752.682
285 304.388 65.9852
286 684.814 104.438
287 223.304 293.191
288 636.555 646.234
289 588.794 723.934
290 373.87 704.215
291 469.92 490.799
292 665.664 935.331
293 524.888 702.536
294 726.243 945.677
295 600.721 148.778
296 485.519 926.394
297 696.158 869.93
298 64.4551 296.213
299 844.752 540.056
300 761.498 150.945
301 328.549 412.793
302 956.027 465.804
303 736.123 492.909
304 524.247 13.947
305 309.458 121.189
306 836.971 914.548
307 193.71 478.591
308 582.874 540.579
309 809.132 346.202
310 319.363 661.672
311 332.577 176.305
312 757.013 251.015
313 249.855 358.623
314 614.4 138.558
315 304.453 339.386
316 378.43 271.523
317 876.707 383.282
318 180.883 868.286
319 439.802 179.205
320 961.486 551.897
321 136.791 924.833
322 391.827 615.44
323 669.112 543.6
324 282.785 642.659
325 57.2545 292.86
326 922.758 507.147
327 252.419 382.676
328 98.2714 981.418
329 495.76 903.84
330 527.56 535.818
331 501.267 419.141
332 828.608 305.769
333 502.008 734.92
334 832.166 933.596
335 331.065 426.038
336 712.974 62.5019
337 237.969 445.418
338 359.533 319.35
339 459.565 659.108
340 664.742 327.158
341 893.562 834.071
342 65.2273 870.51
343 665.996 970.305
344 400.006 54.4512
345 914.466 585.441
346 576.064 859.405
347 133.299 591.723
348 876.665 22.8889
349 603.198 158.487
350 272.578 316.878
351 900.16 707.698
352 661.794 306.135
353 233.039 841.334
354 197.487 110.294
355 258.187 918.306
356 666.311 739.341
357 103.842 432.203
358 80.2026 717.525
359 775.348 983.581
360 85.9849 103.946
361 966.668 669.881
362 375.769 49.6272
363 265.551 612.297
364 170.754 77.0592
365 460.677 956.576
366 748.161 420.881
367 25.7881 359.569
368 540.025 296.335
369 438.917 965.392
370 933.744 422.441
371 216.041 126.473
372 460.224 725.486
373 608.642 427.381
374 252.968 222.114
375 142.918 907.926
376 387.885 972.202
377 818.751 717.433
378 603.412 654.134
379 310.153 482.502
380 988.29 255.383
381 917.051 581.774
382 765.414 379.498
383 130.539 421.526
384 149.113 100.07
385 836.109 217.231
386 53.8216 598.838
387 243.508 398.545
388 432.838 176.462
389 876.186 135.929
390 682.052 276.532
391 377.789 226.753
392 564.617 77.7001
393 595.508 833.587
394 337.657 310.072
395 830.683 0.305185
396 577.471 995.457
397 603.205 288.742
398 656.209 725.154
399 753.838 590.798
400 206.62 821.013
401 597.585 182.714
402 770.653 45.3852
403 205.247 505.417
404 641.927 869.751
405 431.325 190.283
406 92.0382 194.224
407 657.765 29.9997
408 108.634 53.8041
409 587.909 506.821
410 69.9179 733.547
411 605.365 94.581
412 359.996 462.573
413 797.54 159.673
414 662.95 463.24
415 821.378 301.523
416 600.085 343.699
417 478.378 137.272
418 531.083 442.64
419 200.302 197.245
420 157.798 468.459
421 340.281 987.976
422 228.501 218.116
423 432.752 841.796
424 299.826 203.345
425 190.796 444.716
426 648.671 486.53
427 827.811 118.503
428 24.5369 308.329
429 931.12 602.466
430 712.119 103.737
431 161.29 641.458
432 650.298 291.425
433 104.434 636.586
434 368.572 617.145
435 458.296 708.914
436 86.003 177.587
437 695.12 964.755
438 626.125 268.858
439 217.719 152.959
440 440.291 756.371
441 767.907 1.46489
442 684.833 496.506
443 899.914 407.992
444 28.1686 887.299
445 945.396 183.695
446 247.444 693.171
447 74.0785 736.167
448 837.13 810.989
449 88.4732 625.752
450 556.425 406.633
451 683.401 410.905
452 96.1307 935.911
453 142.301 335.551
454 183.885 952.55
455 555.18 835.17
456 372.274 278.97
457 470.471 535.468
458 846.736 684.286
459 187.524 88.5647
460 757.372 145.604
461 982.293 827.631
462 586.016 886.99
463 602.978 880.372
464 557.207 691.794
465 83.8649 364.33
466 612.989 120.975
467 136.038 809.656
468 803.294 723.136
469 139.423 520.707
470 572.957 240.643
471 794.244 102.573
472 290.231 669.973
473 495.829 991.821
474 269.387 129.643
475 772.586 110.233
476 141.578 500.172
477 754.875 475.421
478 767.137 186.956
479 918.271 215.033
480 635.731 965.046
481 502.978 658.075
482 815.943 816.553
483 728.502 913.541
484 664.602 164.621
485 919.51 654.077
486 623.892 734.707
487 441.088 77.4865
488 253.413 149.24
489 493.515 118.477
490 744.804 391.308
491 162.175 421.033
492 847.896 553.392
493 700.125 667.684
494 966.187 797.693
495 45.4115 475.879
496 694.512 728.721
497 415.809 393.693
498 869.123 964.42
499 915.891 901.246
500 1.86163 151.223
501 636.555 183.05
502 478.091 331.339
503 768.487 75.7775
504 540.819 663.808
505 355.855 875.515
506 121.335 516.225
507 679.617 455.981
508 484.653 415.113
509 850.948 21.7191
510 337.413 716.086
511 442.802 954.985
512 326.694 969.089
513 70.0501 88.5994
514 248.384 533.525
515 692.434 967.742
516 509.049 208.173
517 8.02637 901.761
518 174.926 859.066
519 403.607 136.998
520 315.561 934.05
521 834.346 498.032
522 485.367 65.981
523 251.869 114.479
524 400.067 317.087
525 992.436 881.257
526 641.469 821.131
527 585.758 901.612
528 654.927 702.567
529 613.713 937.986
530 155.326 583.426
531 131.971 293.867
532 973.377 213.054
533 443.983 923.769
534 684.204 263.806
535 141.087 389.66
536 58.8184 627.247
537 521.165 256.081
538 498.156 281.625
539 189.215 985.168
540 794.916 693.751
541 740.099 332.865
542 947.752 58.0157
543 544.267 30.6406
544 432.386 10.9298
545 914.792 891.663
546 107.425 355.209
547 548.885 742.18
548 688.589 506.154
549 439.497 562.643
550 52.0951 272.917
551 479.781 44.2865
552 738.122 59.3627
553 656.005 945.891
554 58.2468 403.638
555 323.887 270.058
556 30.3659 19.2003
557 882.504 751.126
558 963.073 283.369
559 316.446 852.111
560 645.117 919.985
561 468.339 818.114
562 663.686 637.109
563 579.823 326.033
564 922.934 945.392
565 165.624 500.355
566 484.725 942.05
567 260.081 263.802
568 762.759 205.211
569 305.551 390.637
570 484.445 647.485
571 37.8124 155.37
572 343.107 341.075
573 322.849 169.124
574 737.68 831.965
575 674.522 616.051
576 184.881 340.973
577 585.95 685.694
578 250.083 928.007
579 449.446 803.772
580 42.8077 134.485
581 866.384 515.279
582 235.511 891.781
583 305.338 366.928
584 864.254 568.621
585 760.427 456.465
586 204.652 385.209
587 137.083 689.962
588 336.118 469.989
589 483.101 779.142
590 794.183 784.448
591 99.9176 962.131
592 625.898 176.953
593 112.933 440.321
594 780.755 503.59
595 10.4678 503.834
596 786.126 140.141
597 933.164 916.135
598 461.973 853.715
599 983.194 717.154
600 414.228 468.703
601 956.725 95.2524
602 392.326 586.631
603 17.7313 806.726
604 950.135 619.255
605 174.082 74.6219
606 702.445 800.016
607 545.947 733.695
608 74.2995 707.332
609 657.857 182.078
610 569.661 143.472
611 485.001 204.142
612 152.816 559.648
613 217.123 978.169
614 214.85 576.983
615 201.758 776.578
616 184.851 369.4
617 859.106 738.792
618 275.057 437.056
619 374.701 258.954
620 325.327 140.786
621 794.763 646.626
622 574.918 861.354
623 511.46 653.951
624 940.613 833.399
625 615.43 570.212
626 259.163 713.279
627 871.745 338.562
628 661.031 852.657
629 675.986 42.5733
630 283.519 15.8696
631 148.268 665.002
632 398.376 751.095
633 984.636 464.482
634 488.479 988.468
635 288.808 556.389
636 889.876 669.566
637 781.793 627.918
638 747.309 728.969
639 629.078 530.798
640 321.421 560.019
641 993.941 732.627
642 260.75 410.783
643 473.061 38.1218
644 22.1259 763.058
645 128.758 809.416
646 58.3819 893.191
647 150.456 852.386
648 506.731 516.56
649 788.751 747.795
650 122.884 677.424
651 747.096 774.316
652 247.524 435.011
653 978.539 12.1158
654 17.5176 836.028
655 512.711 306.864
656 408.86 190.212
657 368.938 289.377
658 562.914 380.078
659 579.537 831.1
660 463.502 444.655
661 851.07 602.44
662 574.75 335.067
663 18.3721 688.99
664 4.82192 564.562
665 336.619 148.045
666 76.7632 513.692
667 112.796 224.342
668 881.231 294.66
669 703.683 693.442
670 119.329 395.947
671 879.94 111.657
672 168.7 254.803
673 513.109 83.8649
674 890.638 435.743
675 469.008 623.04
676 944.046 568.834
677 876.274 372.112
678 239.916 520.89
679 690.42 589.896
680 628.798 30.2785
681 431.227 700.858
682 653.701 924.009
683 903.378 520.68
684 682.011 130.558
685 358.043 515.793
686 822.871 274.565
687 379.003 494.939
688 933.655 376.389
689 243.934 384.259
690 747.215 654.103
691 565.02 616.875
692 709.159 571.005
693 311.985 429.216
694 251.529 883.454
695 78.8995 707.816
696 425.55 591.026
697 640.632 422.777
698 591.479 842.62
699 284.786 943.388
700 42.7351 997.99
701 138.494 601.55
702 753.797 478.276
703 752.42 604.45
704 802.789 937.834
705 666.189 818.802
706 419.044 779.646
707 48.3958 279.326
708 191.521 744.163
709 420.484 117.806
710 535.372 247.902
711 396.954 259.896
712 306.4 738.033
713 95.706 466.968
714 407.256 13.1576
715 945.532 681.784
716 284.548 126.595
717 442.559 876.954
718 17.7007 328.674
719 351.88 454.028
720 440.321 374.34
721 933.274 333.083
722 361.403 692.74
723 550.385 493.576
724 767.632 973.545
725 401.736 826.248
726 208.329 646.077
727 356.813 640.055
728 654.784 686.701
729 861.568 978.576
730 807.842 457.568
731 529.656 52.1256
732 61.9831 916.074
733 949.187 444.838
734 281.259 875.729
735 472.726 824.213
736 259.621 349.284
737 802.454 623.589
738 374.767 107.857
739 891.731 996.708
740 630.634 574.057
741 539.584 901.002
742 549.374 264.351
743 559.313 241.005
744 741.905 675.198
745 992.082 469.558
746 526.401 685.537
747 126.699 186.503
748 618.307 863.887
749 412.03 155.191
750 313.944 758.11
751 746.942 302.042
752 214.942 483.871
753 745.12 758.385
754 623.123 622.089
755 12.6652 298.288
756 509.751 756.523
757 579.647 721.401
758 255.806 863.525
759 910.398 814.447
760 929.412 132.76
761 654.778 73.3869
762 934.843 943.47
763 676.765 426.283
764 606.708 84.0684
765 40.5073 724.082
766 73.1778 607.933
767 790.735 127.873
768 882.26 899.507
769 938.261 370.373
770 377.789 987.03
771 16.3579 33.2388
772 683.824 588.733
773 543.026 337.718
774 878.872 85.9138
775 436.355 54.5671
776 242.286 617.756
777 800.226 247.566
778 152.549 170.236
779 650.197 301.696
780 274.636 829.34
781 255.806 290.754
782 572.635 989.964
783 889.153 408.063
784 175.207 570.442
785 364.705 95.0083
786 889.731 467.94
787 227.937 599.109
788 244.516 695.246
789 267.464 579.551
790 789.697 677.358
791 974.9 962.711
792 702.034 423.113
793 82.7967 865.936
794 324.758 825.499
795 108.31 827.544
796 306.925 805.445
797 600.469 917.325
798 678.78 781.278
799 862.209 220.344
800 289.224 494.308
801 261.238 472.003
802 737.032 617.481
803 53.5239 515.183
804 559.346 464.374
805 195.77 151.956
806 251.466 105.747
807 812.519 324.08
808 547.97 347.545
809 101.201 774.045
810 916.512 725.822
811 922.67 192.145
812 554.561 730.556
813 163.23 51.2101
814 195.497 306.833
815 916.99 284.066
816 161.534 733.177
817 992.404 261.33
818 822.861 383.129
819 569.416 950.289
820 774.553 362.93
821 190.849 702.75
822 374.859 373.516
823 283.975 18.067
824 472.335 671.503
825 576.159 809.839
826 193.878 592.704
827 797.337 516.831
828 91.4352 274.789
829 719.26 440.081
830 820.325 495.427
831 840.449 918.581
832 901.212 703.395
833 114.719 783.842
834 90.5807 911.073
835 440.443 981.903
836 756.829 293.456
837 852.931 166.696
838 498.29 13.3976
839 762.383 820.403
840 159.124 843.841
841 509.812 517.553
842 695.931 869.812
843 329.234 64.4592
844 559.435 647.969
845 844.963 709.118
846 809.216 176.305
847 894.592 626.27
848 828.639 356.151
849 291.56 753.868
850 900.13 852.718
851 428.71 702.689
852 440.077 340.77
853 373.028 556.479
854 279.275 537.557
855 999.743 151.406
856 65.1265 44.4655
857 919.98 557.512
858 964.631 233.894
859 495.867 230.114
860 96.0305 798.063
861 10.6204 250.221
862 149.815 25.8187
863 547.075 46.5712
864 129.966 421.552
865 876.394 55.0249
866 673.605 932.039
867 881.591 776.238
868 751.793 448.352
869 729.331 0
870 273.471 318.522
871 904.386 269.631
872 451.248 100.223
873 976.35 769.036
874 537.492 106.662
875 798.083 328.501
876 683.673 793.624
877 813.954 67.2323
878 762.583 273.938
879 31.1899 168.859
880 575.475 10.2584
881 411.939 954.593
882 985.735 76.2047
883 177.047 519.7
884 5.34074 926.562
885 796.939 484.852
886 209.55 341.716
887 340.546 368.572
888 366.85 925.173
889 21.5155 370.312
890 370.078 233.99
891 661.895 397.904
892 58.5825 867.645
893 457.839 592.364
894 270.388 104.774
895 194.22 263.379
896 393.126 366.44
897 997.471 836.848
898 150.517 692.099
899 412.394 577.248
900 568.651 219.326
901 715.72 999.943
902 178.747 77.7511
903 811.199 782.59
904 388.379 403.485
905 821.118 603.371
906 872.443 91.3724
907 269.07 472.518
908 715.173 886.842
909 604.907 180.151
910 848.964 557.665
911 570.743 560.93
912 208.808 818.97
913 73.0918 212.688
914 992.968 339.03
915 535.63 480.518
916 145.634 408.098
917 162.253 188.212
918 441.223 437.701
919 853.45 927.736
920 715.506 689.291
921 208.625 507.37
922 86.2453 387.432
923 455.971 461.169
924 361.432 410.203
925 951.109 642.816
926 685.25 750.999
927 108.052 194.617
928 880.276 495.285
929 956.359 815.703
930 88.3381 817.56
931 872.976 35.493
932 660.293 448.042
933 163.315 551.321
934 879.666 45.7167
935 942.473 196.966
936 478.317 450.152
937 98.3917 623.68
938 609.027 641.9
939 785.67 678.091
940 349.376 72.8518
941 115.141 836.634
942 297.001 529.409
943 636.526 472.427
944 329.36 785.947
945 629.902 170.537
946 119.388 233.894
947 570.606 64.8518
948 50.533 556.444
949 453.546 216.228
950 81.1126 465.503
951 728.319 26.5247
952 886.527 120.369
953 843.562 844.539
954 544.055 991.729
955 462.447 861.904
956 7.26341 197.058
957 114.658 432.936
958 438.813 922.361
959 982.615 531.144
960 202.081 906.908
961 850.996 574.637
962 90.0314 754.635
963 813.709 88.7478
964 159.683 879.086
965 692.52 511.582
966 352.604 506.607
967 759.555 848.191
968 254.311 589.317
969 729.301 25.1514
970 550.432 754.112
971 268.908 336.07
972 745.381 83.2139
973 560.076 599.811
974 530.077 828.704
975 445.173 981.54
976 644.276 389.542
977 555.315 346.603
978 664.785 390.667
979 38.2942 975.219
980 715.751 412.641
981 300.943 390.413
982 208.38 796.747
983 206.021 53.3464
984 434.203 88.992
985 774.041 746.487
986 931.761 600.578
987 871.191 349.868
988 747.673 983.005
989 37.7209 229.652
990 149.144 691.309
991 992.866 122.308
992 319.927 48.4939
993 274.209 99.8912
994 7.04978 846.588
995 8.72829 9.06815
996 840.985 475.33
997 132.078 972.782
998 424.085 746.971
999 694.418 710.837
1000 746.361 536.184
1001 575.182 238.384
1002 552.737 106.239
1003 952.544 442.02
1004 78.6092 608.02
1005 59.696 680.292
1006 932.859 306.717
1007 153.294 987.919
1008 726.951 754.849
1009 859.554 149.449
1010 373.15 304.056
1011 322.643 267.896
1012 132.826 152.989
1013 159.477 647.359
1014 822.704 913.332
1015 779.565 185.675
1016 712.607 651.845
1017 209.809 138.741
1018 571.52 66.9881
1019 22.187 550.757
1020 975.127 560.076
1021 937.59 11.6927
1022 127.866 869.839
1023 915.74 484.638
1024 296.182 598.228
1025 766.981 636.392
1026 629.627 60.8581
1027 963.532 963.775
1028 938.81 945.952
1029 14.1606 52.1908
1030 138.769 913.881
1031 426.75 289.045
1032 216.559 132.21
1033 327.799 827.88
1034 284.738 891.969
1035 932.005 134.526
1036 426.038 591.937
1037 256.05 147.988
1038 939.634 848.079
1039 532.099 676.748
1040 422.706 394.971
1041 192.175 237.591
1042 498.581 296.884
1043 16.1443 531.632
1044 222.205 123.329
1045 951.781 913.759
1046 930.594 424.517
1047 51.2101 635.64
1048 655.171 286.935
1049 155.478 827.815
1050 849.828 438.097
1051 867 978.489
1052 767.047 940.127
1053 464.797 242.073
1054 635.273 226.6
1055 220.374 753.685
1056 717.429 734.947
1057 94.4815 935.061
1058 724.784 822.047
1059 748.514 364.544
1060 656.392 398.724
1061 641.272 545.274
1062 520.829 790.495
1063 791.375 12.7873
1064 633.045 625.66
1065 178.503 17.2166
1066 457.688 717.032
1067 852.406 459.273
1068 192.254 130.623
1069 505.722 418.443
1070 12.2379 452.166
1071 518.191 625.446
1072 619.39 908.204
1073 543.168 165.14
1074 786.218 963.703
1075 2.8077 644.067
1076 90.3819 569.357
1077 841.582 774.442
1078 748.957 553.091
1079 952.818 767.087
1080 541.124 971.191
1081 945.494 516.133
1082 348.582 86.3715
1083 258.729 32.0791
1084 650.889 886.386
1085 315.836 479.873
1086 208.563 648.549
1087 554.973 541.215
1088 943.815 891.084
1089 487.747 362.987
1090 564.592 929.624
1091 181.77 940.31
1092 176.001 869.625
1093 1.03763 974.43
1094 469.161 818.694
1095 671.621 945.132
1096 874.082 879.578
1097 532.664 676.722
1098 383.703 606.525
1099 58.7268 70.5283
1100 591.998 860.626
1101 264.125 53.8388
1102 600.126 94.5505
1103 879.025 244.152
1104 353.467 319.498
1105 888.983 861.293
1106 357.189 666.406
1107 170.354 664.758
1108 377.697 243.694
1109 759.901 71.5558
1110 264.046 934.385
1111 933.653 933.443
1112 297.006 520.676
1113 624.128 553.575
1114 984.727 615.375
1115 251.23 374.248
1116 795.474 552.847
1117 717.429 600.303
1118 989.832 657.552
1119 86.0012 10.3804
1120 937.919 438.673
1121 865.108 614.002
1122 714.612 319.04
1123 338.145 954.375
1124 54.0788 583.605
1125 815.945 718.746
1126 559.863 218.517
1127 814.471 904.756
1128 98.9105 743.252
1129 236.376 623.371
1130 601.215 532.365
1131 194.861 611.53
1132 89.1446 915.494
1133 213.782 704.005
1134 447.877 543.63
1135 58.4735 405.042
1136 7.53807 772.672
1137 413.739 29.0231
1138 606.191 104.347
1139 501.986 606.281
1140 150.329 986.027
1141 188.75 964.542
1142 569.561 173.41
1143 389.172 974.857
1144 271.845 684.84
1145 439.314 745.74
1146 506.349 818.842
1147 37.5239 754.422
1148 214.593 303.633
1149 690.329 188.513
1150 395.301 268.201
1151 434.919 193.854
1152 634.205 159.825
1153 993.379 323.466
1154 26.0637 59.5111
1155 48.1277 122.017
1156 287.79 148.228
1157 233.779 202.999
1158 489.639 525.747
1159 45.3366 381.176
1160 937.195 667.169
1161 706.351 790.678
1162 769.768 214.301
1163 219.644 185.831
1164 334.147 417.219
1165 470.406 437.853
1166 839.442 806.085
1167 873.165 966.342
1168 246.651 241.68
1169 53.5618 857.971
1170 157.951 355.419
1171 606.25 250.191
1172 635.979 653.91
1173 201.88 586.871
1174 862.89 140.847
1175 688.589 143.044
1176 596.057 713.543
1177 48.4578 418.775
1178 841.67 888.551
1179 741.63 561.545
1180 179.282 602.161
1181 100.253 373.028
1182 990.957 683.34
1183 957.976 754.452
1184 940.275 56.3108
1185 907.623 674.093
1186 927.482 824.732
1187 225.349 912.569
1188 45.3902 102.638
1189 73.0012 994.969
1190 483.932 769.066
1191 427.351 692.068
1192 827.113 171.087
1193 885.283 539.51
1194 542.995 227.916
1195 200.018 883.877
1196 746.147 336.65
1197 293.315 212.531
1198 629.827 117.684
1199 653.737 218.238
1200 884.231 644.86
1201 141.974 27.1615
1202 22.9813 774.255
1203 1.09867 819.605
1204 704.428 687.312
1205 285.998 704.794
1206 675.88 831.111
1207 650.807 8.06104
1208 806.811 506.363
1209 711.312 112.984
1210 604.358 277.906
1211 231.056 646.844
1212 168.859 477.924
1213 957.915 903.596
1214 157.042 836.238
1215 368.572 89.2056
1216 272.439 253.277
1217 874.341 211.432
1218 813.038 175.943
1219 730.401 242.927
1220 927.818 26.1544
1221 105.533 252.571
1222 540.33 905.179
1223 794.977 398.297
1224 490.036 31.8044
1225 689.138 43.2752
1226 647.558 490.253
1227 400.464 13.3976
1228 5.21867 358.963
1229 248.017 427.416
1230 678.443 20.3558
1231 158.391 583.701
1232 627.888 40.7464
1233 673.583 617.512
1234 321.543 434.736
1235 585.132 419.263
1236 670.196 343.582
1237 476.302 562.7
1238 465.163 165.964
1239 667.562 975.188
1240 745.293 54.3881
1241 778.13 362.778
1242 202.401 266.915
1243 993.593 369.919
1244 116.102 893.918
1245 673.116 668.142
1246 204.781 164.041
1247 832.514 129.982
1248 300.18 47.3384
1249 845.058 68.2089
1250 248.529 728.725
1251 128.483 625.904
1252 33.5944 955.504
1253 202.988 555.227
1254 537.004 365.128
1255 559.496 847.106
1256 8.45363 123.848
1257 435.703 757.988
1258 969.42 798.12
1259 627.522 742.088
1260 679.694 913.572
1261 614.11 53.0758
1262 750.23 701.895
1263 472.152 527.512
1264 342.686 739.468
1265 755.638 895.962
1266 283.883 905.549
1267 250.252 543.02
1268 254.763 927.156
1269 85.1161 349.99
1270 369.084 2.19733
1271 991.525 154.057
1272 217.003 951.632
1273 842.921 937.472
1274 51.7834 328.928
1275 28.9861 189.001
1276 701.736 616.814
1277 324.879 79.6533
1278 99.9176 792.997
1279 805.82 843.196
1280 809.259 451.247
1281 434.248 317.057
1282 873.175 327.407
1283 94.3937 178.324
1284 87.0998 107.307
1285 579.028 391.705
1286 51.973 368.694
1287 950.591 411.79
1288 19.7455 143.166
1289 415.876 521.504
1290 967.772 924.528
1291 826.411 158.639
1292 231.635 859.68
1293 892.178 0.427259
1294 735.045 286.131
1295 129.093 325.297
1296 116.459 481.735
1297 448.561 956.816
1298 553.904 701.991
1299 447.066 62.6892
1300 839.167 191.966
1301 955.931 825.866
1302 440.528 562.761
1303 980.431 694.784
1304 101.002 755.577
1305 255.257 9.648
1306 364.666 634.087
