1 336.031 686.478
2 55.0801 439.837
3 192.994 475.566
4 392.014 199.258
5 512.931 180.724
6 333.247 42.8447
7 74.1336 566.144
8 21.5356 427.758
9 275.353 62.2527
10 285.211 108.624
11 622.81 34.8683
12 164.312 519.891
13 395.106 550.244
14 619.982 645.653
15 138.882 640.915
16 680.312 495.684
17 628.238 211.986
18 721.431 479.349
19 81.5091 55.3402
20 167.584 724.859
21 538.762 473.77
22 193.3 333.601
23 487.866 639.355
24 522.505 572.607
25 576.379 162.522
26 709.588 201.882
27 598.6 185.121
28 104.841 754.182
29 442.705 681.159
30 683.703 361.496
31 364.025 313.886
32 683.474 448.145
33 417.072 116.685
34 219.423 401.967
35 28.5566 173.278
36 52.0779 218.5
37 219.304 62.7728
38 528.887 546.026
39 657.676 532.244
40 389.394 347.218
41 529.809 237.577
42 703.493 471.373
43 461.801 672.498
44 124.202 683.75
45 587.932 672.295
46 567.688 211.702
47 151.104 127.001
48 226.183 329.819
49 572.012 431.161
50 386.956 419.588
51 505.807 42.5512
52 599.925 183.736
53 111.602 296.771
54 74.1099 510.86
55 139.048 318.434
56 246.726 583.765
57 699.78 592.109
58 672.193 212.236
59 326.512 79.2259
60 516.73 391.67
61 545.364 127.427
62 321.948 565.798
63 101.146 673.963
64 136.542 423.833
65 157.215 763.439
66 155.463 280.649
67 254.595 369.709
68 54.6099 347.714
69 258.902 29.2894
70 174.649 256.702
71 709.588 443.643
72 609.002 496.619
73 347.312 54.56
74 675.949 705.272
75 428.987 193.419
76 265.756 630.618
77 481.624 418.761
78 575.93 116.505
79 40.5418 270.612
80 108.151 476.289
81 58.4606 400.123
82 444.305 214.491
83 355.661 757.931
84 356.676 342.476
85 303.106 18.2734
86 418.233 375.845
87 347.123 128.774
88 471.845 359.416
89 307.67 130.335
90 562.503 247.411
91 441.587 151.374
92 254.292 246.017
93 451.419 70.7866
94 593.495 586.426
95 184.341 67.2308
96 569.692 446.527
97 76.0484 423.441
98 369.604 301.674
99 675.618 421.658
100 689.329 224.056
101 237.896 397.272
102 532.882 536.533
103 623.587 521.229
104 450.94 20.7319
105 608.417 682.814
106 629.074 484.044
107 67.3752 480.615
108 544.652 619.45
109 619.285 356.65
110 497.51 548.683
111 486.549 718.699
112 389.981 719.314
113 24.3487 399.287
114 599.971 9.86752
115 72.0178 749.194
116 4.27876 688.109
117 62.7866 546.475
118 204.246 18.8033
119 234.462 497.433
120 399.324 602.629
121 568.342 99.2861
122 127.307 659.023
123 517.553 456.527
124 541.922 83.5658
125 762.737 762.21
126 550.131 335.502
127 592.549 696.634
128 517.992 157.794
129 235.367 758.262
130 679.991 669.424
131 497.568 724.363
132 672.925 271.784
133 326.894 369.543
134 608.65 231.488
135 460.593 567.278
136 581.83 295.296
137 437.069 469.491
138 11.2051 186.28
139 534.75 359.213
140 251.052 348.636
141 169.023 153.95
142 131.412 54.168
143 111.437 68.2473
144 525.563 437.544
145 517.708 513.697
146 212.094 625.833
147 630.114 307.678
148 343.721 11.6405
149 535.483 417.484
150 248.694 617.228
151 49.123 34.3482
152 645.028 118.245
153 489.74 250.39
154 484.031 268.12
155 757.001 734.173
156 635.643 15.413
157 736.59 298.521
158 1.82024 364.545
159 673.679 628.467
160 475.249 61.7469
161 491.679 592.241
162 96.9929 381.008
163 311.481 406.539
164 404.118 582.785
165 165.611 356.234
166 277.339 271.027
167 374.616 138.551
168 135.502 535.388
169 540.163 603.163
170 325.753 424.826
171 547.995 651.421
172 224.908 643.927
173 418.633 512.751
174 400.761 323.011
175 338.923 447.496
176 278.546 700.771
177 513.536 563.316
178 600.139 762.952
179 153.38 620.122
180 411.943 126.623
181 771.786 272.635
182 31.3237 756.702
183 21.0628 311.924
184 301.475 495.981
185 182.759 78.1858
186 491.206 382.124
187 525.995 77.8075
188 267.741 674.895
189 293.201 617.995
190 392.724 637.308
191 605.054 548.815
192 430.455 263.959
193 223.395 219.021
194 224.296 651.789
195 338.613 720.486
196 49.8859 199.352
197 392.488 469.694
198 210.555 352.82
199 208.784 450.225
200 20.6137 164.47
201 184.01 93.2816
202 750.274 254.135
203 519.242 306.605
204 155.359 167.226
205 745.499 17.8951
206 550.021 409.191
207 318.425 291.097
208 567.99 699.953
209 490.265 332.017
210 234.67 433.89
211 571.223 465.756
212 126.953 460.201
213 306.888 250.873
214 619.679 463.132
215 589.806 150.631
216 470.752 92.4779
217 522.25 484.715
218 413.337 491.821
219 380.527 566.947
220 152.144 669.836
221 539.195 751.44
222 200.7 187.131
223 456.487 231.469
224 454.993 390.171
225 123.765 248.452
226 704.198 314.713
227 254.361 170.002
228 142.712 322.987
229 385.868 737.942
230 178.458 415.134
231 619.562 15.6967
232 313.342 107.522
233 615.077 383.538
234 465.959 585.301
235 704.931 505.66
236 623.569 279.018
237 204.813 114.283
238 64.796 123.942
239 268.783 404.884
240 602.872 706.515
241 314.249 138.197
242 103.984 532.845
243 97.7612 627.322
244 640.256 748.806
245 298.686 395.655
246 190.523 240.414
247 690.381 329.488
248 397.004 454.021
249 210.524 158.645
250 144.981 762.361
251 724.628 716.902
252 146.224 102.629
253 758.926 354.768
254 288.311 224.883
255 176.115 269.845
256 254.174 544.537
257 16.0749 64.2995
258 261.902 317.82
259 599.971 602.936
260 318.498 524.75
261 258.64 191.858
262 216.065 155.771
263 522.979 20.2591
264 399.768 285.613
265 518.864 259.988
266 115.689 707.281
267 163.349 616.009
268 561.888 625.809
269 243.416 656.627
270 460.945 380.134
271 371.422 269.808
272 480.426 747.326
273 705.909 134.769
274 173.514 310.86
275 369.439 643.539
276 328.398 473.571
277 17.8715 480.285
278 336.104 168.739
279 260.898 602.865
280 713.171 630.206
281 453.763 613.706
282 403.338 539.951
283 763.985 324.925
284 770.292 368.469
285 113.872 571.935
286 247.262 167.165
287 720.959 584.039
288 719.162 759.312
289 697.508 110.383
290 243.464 729.895
291 374.096 171.869
292 291.003 541.426
293 145.62 503.215
294 269.353 386.729
295 685.452 46.1917
296 686.535 85.0412
297 425.63 761.25
298 52.6216 289.655
299 234.61 533.37
300 741.009 690.913
301 644.981 565.67
302 216.503 701.361
303 737.618 553.104
304 593.045 437.946
305 324.564 183.159
306 463.099 408.596
307 666.907 628.845
308 252.377 509.267
309 593.941 341.294
310 254.149 774.337
311 371.171 584.582
312 270.082 703.749
313 440.402 173.207
314 86.9462 596.709
315 579.89 0.212756
316 256.323 332.868
317 573.052 161.019
318 634.911 56.7684
319 407.002 351.742
320 718.923 650.064
321 51.1087 33.2613
322 23.1431 321.876
323 299.992 417.579
324 153.586 198.028
325 183.845 731.904
326 228.695 430.557
327 157.914 34.892
328 692.806 169.59
329 693.229 233.346
330 684.01 60.2335
331 101.156 192.838
332 250.39 109.617
333 679.132 739.147
334 419.724 218.241
335 418.822 40.6462
336 337.88 680.062
337 273.015 462.404
338 709.73 218.226
339 591.313 316.51
340 608.554 346.437
341 726.372 79.1215
342 412.862 512.671
343 0.330954 734.963
344 311.829 276.559
345 592.513 78.5404
346 222.057 302.738
347 564.016 97.6933
348 731.296 491.972
349 488.478 691.206
350 196.418 564.9
351 653.16 615.938
352 314.536 657.581
353 645.38 202.577
354 15.413 500.071
355 719.292 739.539
356 723.37 138.136
357 549.501 392.497
358 491.135 611.437
359 322.041 47.9981
360 78.4806 430.381
361 720.746 309.097
362 268.238 210.331
363 141.932 359.061
364 668.417 65.5623
365 542.908 92.0524
366 684.584 38.7925
367 389.336 148.74
368 75.4338 16.2975
369 19.739 715.815
370 629.474 35.3509
371 73.2589 120.642
372 706.721 196.043
373 465.335 259.95
374 137.133 263.165
375 70.895 141.033
376 61.3984 249.974
377 624.346 583.259
378 63.0939 692.175
379 60.73 586.01
380 129.852 644.816
381 366.46 12.6806
382 572.589 62.891
383 409.862 133.894
384 22.7412 567.349
385 407.832 533.01
386 487.605 285.977
387 400.666 646.423
388 550.045 33.4598
389 629.379 662.498
390 494.634 663.359
391 20.8264 43.4967
392 246.554 91.5421
393 503.818 348.754
394 306.841 516.24
395 157.085 677.85
396 573.164 493.57
397 71.2051 238.854
398 402.914 554.725
399 561.084 661.468
400 123.824 82.2656
401 626.448 438.618
402 522.576 729.091
403 250.768 89.2392
404 297.598 373.174
405 493.256 658.442
406 588.435 233.346
407 331.214 770.233
408 80.138 172.616
409 380.076 85.3628
410 669.59 193.05
411 606.921 754.148
412 106.189 377.925
413 736.222 33.2845
414 340.149 667.898
415 761.848 567.406
416 725.237 526.439
417 325.047 490.057
418 129.71 20.9545
419 746.182 648.986
420 695.87 725.885
421 254.993 233.261
422 299.631 460.569
423 388.995 187.637
424 537.681 426.585
425 665.76 592.974
426 157.936 307.702
427 638.007 247.08
428 64.2167 102.785
429 353.458 705.981
430 192.822 67.222
431 499.46 529.346
432 486.481 237.53
433 679.282 399.154
434 509.314 32.268
435 61.0582 10.0232
436 163.302 623.115
437 756.875 416.255
438 319.346 234.859
439 146.715 711.999
440 701.432 391.67
441 723.039 191.396
442 137.488 2.55307
443 360.645 466.985
444 457.685 638.868
445 199.99 688.431
446 218.928 725.805
447 317.006 729.256
448 97.0167 738.097
449 768.508 21.2145
450 232.668 433.738
451 426.091 43.5913
452 536.171 766.947
453 376.378 234.561
454 317.15 149.378
455 692.145 323.697
456 334.478 747.837
457 302.859 593.622
458 153.111 191.433
459 181.977 352.452
460 482.672 433.29
461 70.5561 122.746
462 503.711 130.608
463 432.511 285.055
464 606.437 512.978
465 115.518 341.152
466 710.516 266.347
467 425.765 729.526
468 193.017 755.955
469 767.502 602.903
470 177.911 544.773
471 711.6 165.463
472 529.715 499.788
473 81.8991 356.035
474 8.51023 297.031
475 13.1436 82.1099
476 166.51 268.427
477 768.508 28.3911
478 344.523 369.085
479 634.84 94.6862
480 272.209 291.901
481 567.697 680.616
482 716.869 529.218
483 495.161 455.236
484 404.275 615.786
485 64.1274 139.284
486 149.012 210.922
487 643.754 117.89
488 658.396 395.878
489 676.31 456.749
490 104.244 515.696
491 3.40409 622.959
492 291.936 559.335
493 318.867 38.1877
494 120.136 580.918
495 485.154 672.153
496 485.296 417.035
497 83.7549 355.667
498 443.738 268.106
499 330.812 79.1456
500 48.0828 498.922
501 337.643 174.966
502 5.3189 641.776
503 57.1617 541.133
504 201.811 679.589
505 404.523 484.256
506 703.914 593.457
507 452.492 747.161
508 506.099 681.055
509 774.457 148.339
510 262.273 608.623
511 158.125 294.422
512 310.269 641.445
513 150.206 376.729
514 698.099 668.394
515 233.842 462.933
516 130.553 364.025
517 601.886 75.3628
518 94.3191 769.619
519 475.817 18.6142
520 189.098 239.549
521 745.559 169.188
522 61.6519 586.19
523 111.165 621.588
524 731.423 77.382
525 11.2524 602.761
526 624.989 738.674
527 18.2261 330.055
528 519.736 168.668
529 336.267 567.538
530 740.968 742.4
531 574.819 364.072
532 440.138 314.571
533 639.97 144.059
534 707.412 524.112
535 548.697 221.205
536 677.861 348.811
537 70.8477 305.376
538 627.322 222.637
539 441.116 428.595
540 730.013 722.789
541 406.876 496.501
542 362.607 18.7698
543 659.543 482.942
544 774.343 150.868
545 591.674 548.14
546 259.503 136.646
547 680.908 66.5926
548 480.521 9.06378
549 402.465 118.198
550 245.252 534.821
551 710.935 515.328
552 6.54815 654.792
553 338.266 300.411
554 346.973 56.4512
555 433.537 409.163
556 256.725 174.247
557 491.667 538.944
558 191.143 220.746
559 503.448 600.279
560 313.018 262.588
561 33.5838 258.792
562 241.478 387.452
563 12.3398 670.937
564 64.9633 90.5631
565 54.803 399.319
566 243.582 511.654
567 303.319 321.663
568 165.356 333.057
569 263.557 493.404
570 693.206 126.117
571 406.529 354.333
572 769.919 460.404
573 47.191 24.0178
574 294.31 248.381
575 518.894 315.257
576 701.151 312.846
577 130.396 521.252
578 608.937 145.488
579 192.045 29.5593
580 621.507 430.297
581 742.518 692.672
582 199.116 20.5428
583 605.834 184.2
584 295.284 27.2189
585 681.859 257.765
586 550.222 581.887
587 131.223 113.716
588 539.821 339.676
589 45.6452 41.3081
590 346.175 253.629
591 498.865 139.639
592 60.1182 53.9927
593 116.094 115.172
594 397.002 192.388
595 721.975 343.956
596 3.19134 272.918
597 463.666 672.852
598 538.889 223.063
599 78.0105 55.0806
600 586.102 765.354
601 182.899 186.478
602 619.963 563.732
603 716.514 443.038
604 342.04 404.648
605 761.762 708.936
606 222.566 308.624
607 663.224 268.035
608 451.755 567.963
609 685.322 764.881
610 317.364 446.953
611 265.945 551.629
612 37.6406 263.817
613 717.956 678.228
614 569.521 510.86
615 235.072 370.597
616 105.089 193.631
617 473.819 764.361
618 341.993 419.068
619 54.2645 589.036
620 434.471 599.107
621 161.734 639.554
622 382.157 438.24
623 329.37 54.428
624 2.17484 227.328
625 499.643 707.919
626 686.537 565.657
627 286.96 700.747
628 380.88 234.693
629 263.274 105.608
630 517.84 303.447
631 423.645 751.903
632 602.886 268.768
633 615.361 671.528
634 349.757 480.814
635 2.71855 695.759
636 674.224 699.386
637 37.4043 517.162
638 650.722 615.465
639 182.476 128.717
640 728.05 4.51515
641 642.818 374.696
642 382.96 42.6698
643 731.029 620.099
644 73.947 717.602
645 346.721 138.159
646 606.496 414.046
647 271.19 635.643
648 54.7609 129.45
649 230.249 98.0568
650 250.39 1.56021
651 529.431 369.614
652 46.1444 750.13
653 428.23 712.496
654 107.607 473.132
655 726.419 425.167
656 534.324 474.682
657 48.0236 288.213
658 133.778 434.542
659 181.851 96.2464
660 683.78 583.954
661 466.325 0.354593
662 75.4928 217.588
663 508.285 188.37
664 406.553 623.337
665 443.312 79.4387
666 4.27876 528.391
667 628.599 117.853
668 259.373 502.624
669 524.821 165.122
670 353.435 610.879
671 518.722 654.862
672 331.438 167.969
673 35.5066 0.0236395
674 404.662 154.413
675 488.085 240.542
676 293.012 89.1309
677 288.058 610.751
678 490.427 126.992
679 583.944 698.359
680 738.263 101.911
681 582.395 730.013
682 316.675 319.664
683 254.16 208.061
684 639.172 324.429
685 540.92 556.096
686 312.893 421.006
687 678.738 212.789
688 548.035 191.362
689 678.762 460.981
690 319.039 445.024
691 309.717 633.138
692 309.179 291.107
693 689.699 241.511
694 72.174 469.444
695 51.215 558.484
696 477.614 428.689
697 166.233 442.107
698 666.462 413.182
699 60.0681 543.034
700 463.209 588.729
701 156.846 671.481
702 278.655 127.12
703 208.761 562.432
704 682.733 286.426
705 387.118 196.005
706 720.068 126.377
707 430.689 638.23
708 205.191 422.477
709 288.521 433.724
710 177.369 210.77
711 527.919 547.951
712 263.445 703.536
713 459.482 21.8429
714 470.876 286.298
715 370.254 677.188
716 370.424 633.36
717 12.8835 407.971
718 165.143 181.504
719 619.995 429.507
720 731.336 406.775
721 563.497 51.3076
722 680.464 153.099
723 571.06 136.505
724 11.607 439.199
725 350.598 642.012
726 771.299 692.851
727 289.135 234.835
728 641.664 591.4
729 185.027 512.174
730 334.959 713.37
731 704.077 758.224
732 478.819 117.985
733 719.587 167.378
734 94.4504 112.156
735 48.855 165.264
736 103.873 140.547
737 161.718 40.6698
738 674.885 507.234
739 772.854 592.369
740 59.5926 148.078
741 60.8954 636.093
742 175.374 79.547
743 58.5656 600.501
744 629.214 651.789
745 663.832 191.065
746 509.432 601.343
747 431.091 11.5125
748 101.461 643.856
749 769.672 724.883
750 528.383 240.911
751 125.928 702.813
752 279.548 246.334
753 674.291 204.104
754 773.134 649.662
755 111.793 566.711
756 133.682 565.349
757 334.368 136.67
758 353.6 281.972
759 667.911 385.679
760 608.379 471.24
761 566.533 573.826
762 492.601 399.873
763 553.413 516.902
764 387.724 204.326
765 166.495 153.005
766 569.004 316.236
767 709.826 438.571
768 141.744 322.656
769 734.709 724.694
770 93.9776 80.5025
771 693.032 348.943
772 130.322 240.154
773 255.094 472.909
774 106.772 604.77
775 211.306 591.367
776 676.303 215.143
