1 929.014 817.473
2 28.1492 566.193
3 947.17 744.851
4 147.472 275.819
5 254.613 873.026
6 592.972 454.309
7 348.321 344.477
8 452.23 254.924
9 146.119 638.382
10 925.105 653.827
11 849.92 545.61
12 397.464 773.611
13 785.79 405.766
14 428.724 1077.4
15 185.008 853.67
16 150.408 94.2195
17 318.266 438.686
18 1059.47 700.387
19 193.007 326.056
20 630.549 501.073
21 449.317 565.792
22 569.823 518.821
23 842.492 595.79
24 95.2624 1067.44
25 796.803 70.5402
26 567.531 1044.77
27 1001.26 228.647
28 360.013 45.2661
29 440.391 1091.14
30 1083.41 813.485
31 88.4928 346.182
32 908.397 1083.54
33 841.936 262.814
34 696.342 172.539
35 582.174 662.519
36 692.698 455.502
37 915.96 143.454
38 329.633 497.191
39 813.351 910.637
40 14.8101 653.058
41 925.825 850.464
42 613.699 269.156
43 759.49 710.316
44 504.646 391.715
45 760.296 955.033
46 990.188 974.691
47 1084.91 880.849
48 173.843 683.604
49 643.312 851.974
50 741.507 10.3736
51 984.988 73.1144
52 835.532 195.611
53 485.737 944.145
54 1067.22 437.994
55 1012.87 768.764
56 951.266 933.637
57 380.854 528.817
58 887.194 809.149
59 678.401 331.94
60 199.919 1044.73
61 889.322 11.644
62 594.237 782.461
63 976.296 962.255
64 587.757 384.103
65 198.248 789.548
66 274.849 505.091
67 866.317 31.0577
68 491.24 1003.34
69 898.501 889.016
70 747.406 476.674
71 912.971 108.562
72 978.87 536.884
73 670.026 950.831
74 623.851 613.998
75 192.573 744.449
76 160.131 1078.13
77 909.481 400.919
78 606.461 734.42
79 293.519 518.251
80 950.554 141.983
81 974.858 669.874
82 826.958 424.281
83 453.206 174.783
84 123.295 8.60176
85 143.909 836.73
86 671.636 1017.41
87 728.78 643.664
88 998.546 1039.82
89 1069.31 315.757
90 331.98 156.726
91 137.008 18.1867
92 318.912 959.289
93 912.943 361.493
94 213.292 476.965
95 790.685 161.106
96 829.261 321.509
97 175.919 527.547
98 653.965 12.9714
99 782.126 143.23
100 712.322 549.077
101 462.456 812.525
102 852.834 709.881
103 1001.27 166.756
104 908.263 352.099
105 305.088 190.028
106 794.295 787.452
107 99.2577 64.4222
108 767.193 1066.6
109 237.864 278.493
110 211.829 709.179
111 434.507 967.102
112 259.399 439.823
113 1060.1 879.756
114 644.256 1085.32
115 1042.01 121.59
116 348.127 403.784
117 970.746 894.322
118 852.199 339.863
119 729.338 574.217
120 308.23 396.228
121 299.478 665.752
122 80.369 107.649
123 294.931 79.6669
124 342.304 156.602
125 392.711 1064.53
126 153.134 254.45
127 341.692 1061.69
128 784.132 755.916
129 417.798 1077.73
130 737.28 898.009
131 930.695 704.298
132 219.556 1015.02
133 373.127 368.079
134 194.169 310.554
135 256.501 555.128
136 242.193 592.571
137 373.194 73.2246
138 166.382 656.592
139 348.589 353.837
140 562.894 959.714
141 1047.37 871.565
142 1031.29 366.618
143 13.2054 125.668
144 151.069 723.488
145 1003.58 905.722
146 57.4685 439.03
147 824.183 357.582
148 94.619 205.168
149 195.406 681.274
150 945.539 90.1408
151 522.507 779.953
152 832.347 144.123
153 848.001 688.228
154 213.578 582.05
155 530.322 413.613
156 299.578 315.791
157 437.75 878.753
158 619.538 983.059
159 436.826 236.995
160 615.788 1009.93
161 692.731 838.769
162 158.837 287.71
163 727.093 615.481
164 630.838 32.2278
165 206.004 976.266
166 806.999 93.4171
167 724.825 233.017
168 93.8344 100.17
169 922.204 913.478
170 851.778 297.783
171 1045.23 112.774
172 382.388 448.548
173 190.224 109.163
174 66.2609 318.778
175 79.1654 414.014
176 425.949 23.6459
177 935.108 20.7609
178 346.549 869.382
179 857.322 510.273
180 665.412 507.555
181 638.171 698.825
182 150.632 228.179
183 1063.32 157.161
184 184.132 177.721
185 301.116 335.684
186 487.095 1054.16
187 345.981 924.475
188 472.82 222.897
189 588.526 1059.18
190 877.166 1073.38
191 967.202 276.31
192 615.379 433.715
193 505.281 929.167
194 798.766 731.287
195 123.161 950.219
196 594.518 154.988
197 767.517 742.715
198 637.402 536.917
199 351.564 204.142
200 70.2058 514.04
201 559.063 248.6
202 245.377 362.506
203 387.269 327.236
204 412.502 219.286
205 83.3431 59.5787
206 706.538 982.746
207 512.23 118.146
208 307.301 738.809
209 184.608 809.45
210 330.377 375.11
211 321.838 285.604
212 823.648 1064.85
213 693.353 667.791
214 646.702 475.571
215 760.63 440.358
216 63.6971 1086.76
217 645.626 53.4608
218 608.853 747.391
219 299.378 841.276
220 660.781 285.604
221 377.306 60.5541
222 166.288 144.099
223 706.497 743.881
224 554.099 638.94
225 157.34 605.808
226 881.752 433.07
227 1078.07 229.74
228 664.01 175.786
229 83.8458 141.983
230 850.092 312.149
231 233.117 319.503
232 329.225 557.936
233 93.5409 757.521
234 55.5295 383.033
235 969.698 336.821
236 612.161 919.396
237 196.312 935.075
238 647.054 910.436
239 770.626 863.508
240 963.927 288.756
241 948.481 154.453
242 982.589 296.88
243 294.062 241.943
244 500.536 303.293
245 777.814 630.616
246 853.412 133.535
247 890.653 58.7154
248 652.673 485.4
249 125.635 243.679
250 130.43 849.066
251 685.97 240.672
252 583.678 577.336
253 775.751 250.912
254 501.504 1079.37
255 272.324 714.572
256 198.29 53.2561
257 946.943 545.142
258 331.171 3.04225
259 1028.68 525.484
260 935.543 105.877
261 960.015 829.57
262 760.79 394.901
263 771.154 818.232
264 791.454 228.413
265 389.576 1049.85
266 830.167 458.487
267 955.445 183.471
268 501.805 493.38
269 445.841 486.235
270 294.271 720.546
271 377.497 188.663
272 549.618 976.941
273 890.611 862.171
274 393.153 645.392
275 362.154 904.93
276 274.661 438.116
277 1035.4 603.001
278 109.989 391.825
279 704.699 228.346
280 710.45 100.805
281 699.752 305.205
282 365.505 957.478
283 181.721 413.212
284 380.984 847.084
285 472.846 82.0405
286 480.242 386.543
287 440.023 395.56
288 104.473 96.416
289 989.234 561.255
290 781.415 316.628
291 557.969 183.271
292 426.751 424.812
293 593.507 74.6188
294 241.882 998.762
295 658.13 305.93
296 214.64 396.262
297 442.184 760.205
298 979.071 62.1529
299 25.2407 799.444
300 670.599 798.642
301 817.296 22.0647
302 754.817 144.825
303 943.746 64.5559
304 1051.71 679.526
305 988.648 1001.14
306 552.253 51.327
307 540.552 85.0159
308 952.827 206.181
309 713.325 850.771
310 819.863 701.59
311 71.1085 819.646
312 1027.58 377.106
313 165.318 484.53
314 762.603 869.015
315 609.186 1034.31
316 65.7421 605.308
317 465.732 466.946
318 364.937 811.68
319 17.6518 941.828
320 762.29 494.216
321 908.108 988.398
322 215.631 202.561
323 93.0634 939.565
324 580.396 299.879
325 280.482 73.6592
326 495.553 508.524
327 483.785 161.383
328 216.067 577.202
329 759.317 508.758
330 1081.2 200.966
331 607.18 348.455
332 292.314 1037.31
333 324.346 1084.85
334 430.964 34.8788
335 312.841 421.546
336 900.177 873.705
337 663.103 516.882
338 793.426 602.132
339 427.353 73.1577
340 403.224 977.366
341 964.485 1065.63
342 85.3837 326.825
343 176.254 619.459
344 458.401 277.246
345 982.815 728.636
346 8.59186 950.052
347 680.127 906.19
348 336.654 459.012
349 841.062 547.873
350 1009.33 250.234
351 404.653 476.296
352 801.249 839.127
353 501.994 530.054
354 653.316 771.806
355 181.9 541.692
356 264.977 390.254
357 1075.64 209.046
358 467.638 679.425
359 4.07862 456.472
360 88.0978 13.2487
361 39.7226 967.002
362 728.999 122.927
363 904.01 409.778
364 648.289 386.065
365 1010.31 309.551
366 14.7767 921.669
367 265.946 837.522
368 228.59 77.427
369 38.6132 351.598
370 777.179 939.893
371 89.2877 185.243
372 822.435 1044.5
373 651.243 204.342
374 787.108 824.126
375 135.832 429.904
376 447.579 1048.71
377 710.502 251.504
378 296.937 13.8406
379 606.986 153.059
380 507.354 446.379
381 800.068 371.833
382 485.49 558.943
383 1016.63 414.983
384 463.536 977.265
385 731.077 663.813
386 347.619 680.696
387 570.038 55.3623
388 608.786 600.999
389 697.199 510.707
390 565.291 475.996
391 355.542 599.19
392 482.548 339.963
393 585.676 535.971
394 754.178 559.674
395 972.542 792.968
396 601.418 322.683
397 364.624 1033.2
398 985.891 1022.21
399 852.265 763.081
400 753.123 418.838
401 478.157 493.38
402 182.502 520.827
403 439.522 1021.37
404 537.421 36.4067
405 50.7511 1038.92
406 719.543 791.798
407 433.571 901.075
408 664.181 785.503
409 120.782 40.2278
410 152.213 977.065
411 527.769 889.073
412 1011.66 862.897
413 997.023 653.259
414 669.857 580.168
415 234.588 204.376
416 900.072 493.58
417 114.715 1058.08
418 128.243 132.956
419 105.417 386.7
420 358.554 1074.66
421 858.718 977.566
422 889.015 249.665
423 710.583 695.516
424 454.466 105.185
425 1041.85 457.852
426 233.277 344.988
427 192.264 29.8208
428 251.546 291.732
429 188.691 14.5426
430 320.435 120.286
431 983.49 784.911
432 443.009 696.513
433 287.955 100.294
434 704.338 586.496
435 270.885 655.355
436 188.921 461.229
437 310.292 930.031
438 549.344 397.943
439 364.034 1010.46
440 244.075 828.974
441 185.176 624.197
442 93.9087 904.517
443 39.3487 160.815
444 48.8651 700.497
445 468.306 847.762
446 403.963 557.745
447 107.384 985.655
448 92.3812 1016.62
449 265.662 774.447
450 218.44 611.001
451 135.94 710.493
452 812.181 1085.22
453 902.68 486.67
454 274.906 269.266
455 240.513 633.691
456 820.408 490.682
457 1036.07 284.511
458 411.372 427.654
459 551.651 1019.79
460 813.126 384.872
461 249.398 746.164
462 974.452 515.889
463 103.838 467.146
464 12.7373 325.564
465 489.468 1031
466 1006.29 134.839
467 337.991 297.783
468 902.212 278.159
469 690.224 1082.18
470 626.403 209.013
471 371.72 332.813
472 229.439 77.427
473 526.343 171.981
474 221.725 842.948
475 49.3781 582.585
476 230.754 51.3939
477 391.34 624.207
478 634.793 884.025
479 731.64 931.474
480 104.898 557.271
481 911.706 29.6536
482 671.644 1078.1
483 170.868 699.895
484 627.908 986.964
485 706.404 348.188
486 302.816 474.401
487 472.571 424.22
488 534.194 823.147
489 556.691 23.6694
490 1046.67 595.389
491 107.055 955.167
492 351.454 941.694
493 555.438 590.937
494 703.404 875.243
495 257.722 856.478
496 670.332 865.347
497 754.78 525.407
498 977.6 341.177
499 234.997 368.447
500 115.873 559.617
501 896.523 898.21
502 842.527 1025.05
503 542.524 859.955
504 1023.08 926.593
505 500.271 259.628
506 981.972 93.006
507 454.824 788.813
508 283.502 17.05
509 702.409 720.513
510 660.002 195.884
511 279.486 554.435
512 537.275 717.881
513 210.51 924.945
514 223.221 749.765
515 345.48 961.586
516 606.211 820.181
517 239.335 244.989
518 589.619 339.663
519 474.891 1031.4
520 432.368 668.46
521 364.703 572.221
522 52.0526 262.737
523 717.213 108.819
524 350.223 832.344
525 722.284 170.309
526 551.25 2.20647
527 320.072 179.737
528 557.26 1081.6
529 1057.66 584.25
530 705.494 354.483
531 198.95 301.527
532 797.605 102.969
533 412.149 99.2951
534 175.472 497.86
535 75.4211 992.142
536 263.011 259.16
537 740.943 798.742
538 829.365 957.104
539 682.828 822.879
540 611.526 134.695
541 871.422 95.0218
542 881.618 775.885
543 409.346 928.155
544 967.102 951.256
545 681.899 1027.95
546 99.4917 690.401
547 582.499 271.964
548 642.049 733.384
549 580.001 175.725
550 164.188 985.189
551 333.874 789.582
552 503.777 134.538
553 431.208 139.017
554 256.625 222.051
555 1012.13 934.684
556 776.443 665.317
557 936.111 391.08
558 969.063 1020.32
559 375.574 170.075
560 709.526 1003.59
561 747.024 798.441
562 450.788 754.322
563 1068.32 1022.73
564 580.335 829.943
565 607.548 561.58
566 913.98 870.151
567 265.946 688.361
568 253.878 984.396
569 122.904 77.7279
570 558.695 848.087
571 904.094 635.941
572 668.751 546.135
573 532.137 49.1775
574 789.816 344.921
575 245.754 634.026
576 213.926 168.972
577 940.981 213.158
578 676.617 952.503
579 367.505 788.722
580 494.743 415.729
581 685.109 761.8
582 1006.28 1083.35
583 164.616 1093.68
584 692.564 339.606
585 449.475 658.664
586 562.67 325.832
587 1001.05 845.857
588 515.11 694.837
589 1062.34 854.305
590 861.359 362.764
591 933.67 664.519
592 90.2312 355.409
593 152.614 1015.41
594 992.233 803.527
595 825.52 909.872
596 230.108 152.591
597 247.492 554.937
598 587.556 489.702
599 601.786 934.851
600 1057.44 825.564
601 976.623 166.856
602 825.988 526.916
603 347.391 204.576
604 945.28 205.145
605 311.74 902.523
606 974.214 50.2808
607 416.688 255.65
608 756.678 1092.58
609 444.512 523.334
610 56.641 897.174
611 987.863 191.772
612 356.705 715.698
613 184.574 1075.49
614 581.572 693.777
615 123.061 792.5
616 958.31 443.304
617 647.131 835.082
618 1013.91 852.643
619 1011.03 492.143
620 840.665 721.983
621 764.276 81.7731
622 810.343 1036.62
623 71.7103 674.922
624 1069.13 782.628
625 520.7 731.688
626 306.029 813.361
627 502.751 694.035
628 735.69 14.6764
629 697.445 1048.68
630 1053.6 240.873
631 603.102 229.817
632 959.637 950.955
633 101.827 781.859
634 53.6478 138.038
635 102.567 886.336
636 674.264 409.979
637 97.9539 932.143
638 761.532 596.917
639 521.997 981.143
640 795.956 61.0456
641 319.804 223.288
642 945.179 477.878
643 430.562 607.648
644 424.105 30.5662
645 863.666 614.545
646 900.008 689.254
647 18.3538 1077.84
648 324.451 476.139
649 781.692 203.263
650 488.967 773.076
651 36.9416 226.24
652 1074.01 413.99
653 492.176 794.563
654 669.329 447.215
655 459.736 1057.48
656 104.105 783.006
657 1037.31 51.7616
658 201.992 985.623
659 252.54 999.863
660 1004.33 467.982
661 492.069 624.732
662 537.932 577.135
663 760.998 471.347
664 577.694 98.121
665 319.61 627.784
666 591.502 952.803
667 415.251 1011.71
668 1014.93 297.582
669 183.939 955.21
670 229.005 578.864
671 969 592.982
672 661.109 229.316
673 49.4198 175.314
674 30.6231 767.784
675 493.614 374.899
676 490.003 195.941
677 283.49 89.1948
678 936.947 904.218
679 95.9228 919.94
680 684.908 941.002
681 204.299 845.613
682 340.833 39.2917
683 549.081 6.85343
684 149.07 871.957
685 190.024 654.49
686 381.084 194.112
687 788.322 643.219
688 770.158 109.521
689 297.856 677.958
690 971.983 767.617
691 787.71 266.18
692 411.684 892.493
693 850.35 999.163
694 885.504 813.953
695 56.5564 737.606
696 816.527 673.25
697 255.148 170.667
698 368.113 710.387
699 1019.69 287.476
700 427.219 331.873
701 987.92 571.385
702 1088.3 727.47
703 601.85 547.171
704 611.47 670.332
705 855.04 961.018
706 122.693 1095.19
707 456.606 106.278
708 936.078 677.764
709 854.773 1015.34
710 945.405 858.962
711 755.716 35.7815
712 855.207 539.124
713 456.246 949.116
714 372.86 44.3674
715 982.414 369.082
716 99.0872 721.482
717 597.126 917.189
718 570.931 70.8745
719 1042.69 91.8359
720 194.002 733.651
721 704.867 706.174
722 442.86 264.643
723 336.831 969.319
724 704.297 101.307
725 830.24 425.18
726 393.42 638.248
727 38.9475 706.17
728 667.992 526.086
729 1059.24 753.151
730 404.386 1075.93
731 570.071 628.218
732 373.282 545.376
733 716.586 678.255
734 87.5233 1041.53
735 9.42764 105.342
736 59.7167 69.9817
737 101.365 754.656
738 906.433 119.183
739 890.927 241.652
740 126.872 348.365
741 9.16019 16.3479
742 464.061 763.047
743 496.756 873.428
744 495.453 1012
745 947.138 570.683
746 80.6624 240.348
747 909.892 778.315
748 561.706 456.405
749 252.286 256.59
750 1075.28 1055.43
751 535.654 664.859
752 63.9154 277.781
753 465.598 192.274
754 698.381 398.101
755 139.843 380.492
756 376.437 780.221
757 231.245 1042.39
758 629.813 65.2286
759 1088.39 690.057
760 967.352 132.76
761 950.721 381.251
762 974.892 637.573
763 830.866 919.563
764 709.881 380.687
765 614.669 960.182
766 769.79 287.441
767 281.592 930.227
768 761.04 685.62
769 155.83 263.215
770 526.109 634.57
771 857.076 501.514
772 935.732 622.024
773 140.623 484.959
774 62.6838 694.336
775 114.402 544.941
776 1020.58 615.237
777 1040.18 353.841
778 761.287 633.792
779 316.788 344.744
780 722.059 12.8376
781 1024.67 1069
782 519.652 745.028
783 140.746 793.961
784 291.388 29.9879
785 891.951 175.552
786 363.769 485.423
787 812.272 986.76
788 394.59 517.995
789 503.71 258.1
790 271.262 1017.46
791 177.114 731.645
792 297.119 914.825
793 602.767 368.551
794 840.765 384.805
795 609.888 615.973
796 682.3 502.617
797 484.883 927.72
798 198.555 385.43
799 1083.26 17.5948
800 28.0823 880.816
801 76.2317 495.687
802 56.3987 399.806
803 783.932 54.6033
804 1047.17 515.923
805 72.2377 452.37
806 412.988 84.3572
807 251.011 956.738
808 626.177 842.647
809 938.299 301.293
810 321.041 395.225
811 1055.56 1093.42
812 24.0706 535.637
813 713.927 132.388
814 245.259 777.078
815 366.117 1050.19
816 262.588 624.167
817 605.977 238.71
818 988.431 887.98
819 464.671 734.764
820 675.915 91.779
821 426.383 199.986
822 360.323 579.767
823 278.483 520.86
824 703.021 330.038
825 394.414 287.948
826 511.934 818.71
827 968.851 679.459
828 155.936 569.312
829 573.649 653.493
830 537.653 906.157
831 509.26 328.697
832 92.7051 718.517
833 71.9034 1001.78
834 490.896 888.749
835 1040.55 664.358
836 642.283 653.76
837 359.889 738.174
838 785.637 571.442
839 20.7943 637.573
840 105.643 1077.77
841 125.1 994.85
842 190.327 494.688
843 1082.25 1004.65
844 1069.31 914.949
845 353.303 403.45
846 338.143 364.907
847 360.426 1008.5
848 381.961 267.996
849 490.305 312.994
850 716.166 618.58
851 115.438 618.279
852 384.536 121.322
853 934.741 240.777
854 958.914 313.82
855 69.581 164.282
856 659.66 674.32
857 465.461 830.573
858 835.074 980.184
859 257.355 40.2513
860 225.117 146.095
861 496.924 144.829
862 537.431 559.474
863 922.772 251.113
864 1094.96 941.795
865 377.881 522.308
866 361.299 750.978
867 845.445 212.767
868 37.2091 298.442
869 949.176 757.688
870 1009.39 8.06686
871 687.75 435.654
872 952.325 63.6867
873 132.054 763.576
874 906 260.898
875 548.086 116.351
876 114.831 345.322
877 168.026 924.052
878 371.33 654.452
879 456.539 870.562
880 876.771 575.32
881 359.387 228.202
882 708.851 35.2032
883 60.9714 855.074
884 700.554 866.885
885 302.855 709.724
886 420.299 711.262
887 462.97 548.005
888 522.532 232.285
889 591.383 125.405
890 920.808 668.66
891 741.433 537.61
892 428.183 720.857
893 273 602.872
894 667.123 490.91
895 299.812 58.3377
896 887.925 920.642
897 413.245 800.046
898 775.875 171.703
899 792.156 309.985
900 963.016 1001.08
901 406.933 798.508
902 666.704 711.189
903 1090.78 983.961
904 917.378 1077.77
905 683.414 759.971
906 504.568 445.249
907 119.224 366.441
908 374.498 1040.06
909 653.825 162.486
910 978.101 468.072
911 680.755 591.267
912 367.944 133.993
913 427.186 986.593
914 114.172 190.626
915 1009.57 492.955
916 870.185 458.019
917 677.921 69.5372
918 751.504 816.504
919 69.6617 684.11
920 835.784 698.448
921 999.698 678.399
922 188.018 110.29
923 838.291 424.745
924 479.372 284.143
925 29.0853 879.99
926 292.424 693.099
927 235.265 863.398
928 777.48 13.8071
929 639.308 1047.3
930 678.757 278.694
931 234.153 417.357
932 126.412 130.024
933 840.111 721.893
934 922.045 82.6856
935 1002.37 82.1074
936 575.688 641.09
937 562.642 841.009
938 822.545 615.371
939 627.513 1075.13
940 550.686 612.533
941 2.50735 369.717
942 1043.53 505.382
943 484.688 677.764
944 131.017 154.691
945 950.654 1039.56
946 609.444 586.229
947 137.236 1058.51
948 919.797 251.537
949 1022 624.535
950 941.03 611.503
951 73.6158 585.684
952 557.368 197.847
953 96.1151 45.1658
954 696.232 32.1709
955 410.628 822.913
956 685.744 885.84
957 872.968 1045.34
958 364.235 394.634
959 962.455 553.232
960 703.005 1056.6
961 230.108 32.7726
962 4.41294 306.532
963 634.795 858.083
964 944.877 739.679
965 13.3057 478.47
966 196.81 475.838
967 785.863 888.171
968 246.077 541.855
969 280.163 702.068
970 909.907 506.084
971 481.823 352.534
972 73.9351 326.858
973 899.373 358.756
974 422.215 334.213
975 157.395 559.784
976 971.014 321.877
977 949.985 8.35784
978 968.33 632.655
979 982.079 1055.7
980 199.896 976.841
981 218.206 934.206
982 597.421 363.129
983 536.53 293.002
984 56.3756 25.341
985 656.042 871.221
986 833.042 140.144
987 76.8921 607.347
988 907.569 597.562
989 239.703 881.351
990 1035.61 261.734
991 1042.88 399.281
992 943.901 413.155
993 572.244 1077.16
994 640.712 11.6106
995 615.705 1012.97
996 361.46 219.41
997 1024.87 138.406
998 373.611 1081.07
999 1020.5 720.513
1000 5.75019 526.286
1001 681.498 270.33
1002 864.396 648.01
1003 611.96 991.841
1004 278.663 142.661
1005 1048.11 39.6261
1006 853.904 337.889
1007 547.572 569.073
1008 354.473 865.882
1009 788.044 772.274
1010 62.3379 815.19
1011 671.078 900.942
1012 308.649 11.9783
1013 189.757 169.631
1014 976.195 812.091
1015 137.411 496.566
1016 651.869 801.688
1017 157.529 611.168
1018 438.36 184.284
1019 502.44 1033.3
1020 311.038 608.651
1021 860.819 69.9149
1022 83.5375 48.92
1023 731.703 291.164
1024 90.3649 54.9611
1025 184.207 894.456
1026 692.53 160.882
1027 398.535 247.225
1028 128.711 677.39
1029 925.849 832.384
1030 536.406 384.638
1031 708.945 1019.39
1032 948.202 620.329
1033 70.6739 422.572
1034 1052.65 780.866
1035 867.978 40.7528
1036 209.681 354.115
1037 1013.94 459.681
1038 214.451 1028.21
1039 286.6 333.845
1040 992.911 987.896
1041 333.635 646.128
1042 706.572 743.079
1043 349.685 76.5008
1044 1091.01 834.055
1045 697.65 228.236
1046 933.512 441.829
1047 882.342 480.452
1048 283.297 422.706
1049 755.738 762.87
1050 634.193 462.566
1051 214.897 954.141
1052 193.147 309.952
1053 494.45 95.7239
1054 1051.71 799.554
1055 563.051 31.7697
1056 269.925 217.335
1057 666.598 640.22
1058 411.279 675.414
1059 151.477 267.885
1060 392.685 969.452
1061 566.07 423.976
1062 171.326 652.289
1063 1013.97 215.241
1064 155.69 843.105
1065 74.5977 790.25
1066 1057.43 803.666
1067 984.746 695.673
1068 739.234 879.88
1069 160.504 316.16
1070 61.0539 509.159
1071 567.832 220.289
1072 246.824 832.952
1073 818.392 944.168
1074 581.371 249.465
1075 82.2411 455.813
1076 712.522 186.279
1077 799.198 1056.2
1078 166.221 368.117
1079 539.515 282.629
1080 595.79 895.659
1081 843.707 1083.94
1082 661.306 568.132
1083 164.081 564.321
1084 836.352 800.457
1085 731.277 914.682
1086 951.991 649.638
1087 637.202 179.593
1088 1078.27 733.517
1089 881.351 142.929
1090 74.391 595.312
1091 681.766 772.097
1092 408.23 741.541
1093 539.989 263.105
1094 126.562 1028.29
1095 536.64 663.288
1096 228.303 1022.34
1097 1047.07 900.316
1098 450.053 275.885
1099 0.167157 349.067
1100 456.706 184.183
1101 372.693 447.555
1102 838.525 198.692
1103 268.781 413.155
1104 439.154 913.846
1105 473.488 229.205
1106 416.197 898.501
1107 246.255 159.702
1108 1040.22 908.942
1109 13.8406 765.554
1110 611.22 135.808
1111 181.409 30.0548
1112 130.282 196.787
1113 606.278 791.196
1114 62.2418 663.479
1115 38.1809 849.628
1116 776.376 837.164
1117 1029.35 553.723
1118 160.695 766.781
1119 28.9516 258.434
1120 421.168 595.045
1121 141.543 873.738
1122 1058.64 100.666
1123 112.965 912.82
1124 600.293 443.477
1125 549.244 1054.93
1126 698.657 626.781
1127 810.577 967.747
1128 102 737.964
1129 55.7226 427.129
1130 247.935 221.459
1131 692.129 587.489
1132 198.477 958.744
1133 562.99 516.491
1134 802.988 399.739
1135 312.847 227.404
1136 306.097 476.831
1137 280.655 65.4626
1138 143.543 584.848
1139 59.6989 116.809
1140 164.783 82.5185
1141 824.25 287.085
1142 973.346 727.042
1143 233.225 191.963
1144 990.559 984.787
1145 37.0085 905.598
1146 528.955 472.896
1147 996.02 571.82
1148 1094.63 376.48
1149 191.729 484.989
1150 658.637 418.527
1151 426.283 780.298
1152 1006.49 950.864
1153 778.282 910.279
1154 814.331 480.953
1155 765.745 99.5016
1156 651.052 305.138
1157 1049.27 26.2869
1158 163.546 791.953
1159 963.016 889.541
1160 888.572 545.8
1161 525.693 711.486
1162 329.893 461.797
1163 78.4225 297.081
1164 285.704 1026.02
1165 492.45 142.15
1166 260.163 248.562
1167 504.178 174.813
1168 34.942 438.997
1169 906.281 31.9938
1170 370.26 851.105
1171 661.918 144.223
1172 760.028 506.251
1173 651.711 382.689
1174 260.653 1088.1
1175 927.608 168.36
1176 428.189 557.21
1177 567.865 728.847
1178 866.415 444.914
1179 1080.45 217.672
1180 902.145 554.526
1181 1052.45 593.65
1182 1051.65 267.294
1183 764.976 126.146
1184 1035.81 51.0871
1185 597.753 123.539
1186 893.319 911.014
1187 167.692 590.508
1188 763.539 1076.8
1189 177.286 914.591
1190 1070.53 332.508
1191 1021.86 550.083
1192 165.285 1.37069
1193 956.839 755.348
1194 374.994 630.315
1195 283.565 156.268
1196 701.691 307.769
1197 405.092 752.148
1198 857.18 183.782
1199 786.363 596.252
1200 128.599 207.351
1201 1018.72 429.904
1202 787.409 211.52
1203 771.134 215.341
1204 538.271 623.438
1205 914.59 27.0224
1206 866.173 224.802
1207 828.763 353.312
1208 1092.32 1035.03
1209 548.776 265.655
1210 674.132 381.127
1211 39.0383 561.088
1212 1085.86 132.866
1213 1089.18 972.929
1214 583.778 1015.98
1215 661.164 951.757
1216 635.329 931.13
1217 353.077 231.646
1218 193.493 880.214
1219 838.952 657.772
1220 252.364 13.8406
1221 77.7696 1086.82
1222 982.581 354.61
1223 47.6397 471.392
1224 1059.97 584.858
1225 548.675 1055.7
1226 115.773 438.83
1227 132.733 277.48
1228 342.738 590.465
1229 82.4417 819.971
1230 398.669 1059.34
1231 293.939 310.945
1232 84.1801 497.191
1233 867.477 597.853
1234 811.82 1077.43
1235 751.236 760.139
1236 1076.74 539.352
1237 37.7836 361.871
1238 312.155 814.254
1239 130.048 77.9619
1240 445.239 73.4152
1241 779.552 416.889
1242 860.734 368.179
1243 229.673 379.88
1244 903.841 423.552
1245 863.532 491.484
1246 786.138 310.076
1247 915.183 48.7862
1248 845.245 109.688
1249 523.744 371.031
1250 883.316 876.002
1251 307.091 788.917
1252 984.553 359.889
1253 772.431 843.74
1254 896.863 929.702
1255 594.175 545.075
1256 842.771 855.585
1257 1016.25 478.302
1258 620.786 781.535
1259 54.1514 386.567
1260 855.508 551.259
1261 302.086 251.504
1262 433.738 133.257
1263 1095.03 677.085
1264 943.098 114.168
1265 1028.62 816.972
1266 559.206 42.7352
1267 896.829 17.5279
1268 682.167 667.3
1269 504.546 938.528
1270 236.092 1058.61
1271 580.602 856.11
1272 616.482 763.649
1273 812.274 1004.86
1274 417.725 833.009
1275 610.022 42.8256
1276 667.115 133.468
1277 184.333 278.65
1278 898.859 752.282
1279 985.556 527.055
1280 722.986 729.816
1281 885.736 677.319
1282 422.873 303.7
1283 932.656 221.583
1284 165.079 916.052
1285 300.536 708.544
1286 616.966 464.104
1287 378.231 938.385
1288 625.609 418.671
1289 3.04225 930.261
1290 702.493 558.805
1291 563.185 241.174
1292 992.835 431.007
1293 707.474 734.487
1294 299.913 919.205
1295 587.194 495.051
1296 1019.19 447.555
1297 535.671 820.807
1298 602.325 144.266
1299 762.97 1029.92
1300 498.369 995.251
1301 744.656 528.225
1302 924.945 967.145
1303 735.289 662.619
1304 577.903 465.231
1305 528.583 216.545
1306 342.404 699.126
1307 872.872 587.599
1308 1027.44 579.165
1309 176.612 1068.07
1310 660.971 922.214
1311 777.246 795.843
1312 221.349 405.031
1313 148.201 642.655
1314 888.873 163.489
1315 1076.33 245.085
1316 321.854 117.822
1317 511.834 527.914
1318 710.349 1002.21
1319 742.377 937.96
1320 210.175 820.716
1321 893.528 459.414
1322 477.742 11.8112
1323 163.58 217.337
1324 680.495 162.844
1325 849.056 563.887
1326 60.1764 655.355
1327 286.072 446.486
1328 918.827 372.225
1329 236.861 302.487
1330 7.65578 589.896
1331 453.463 646.228
1332 526.945 757.187
1333 610.079 525.618
1334 1062.1 185.186
1335 240.238 529.319
1336 13.3391 401.644
1337 790.154 86.8646
1338 521.305 174.588
1339 466.835 986.469
1340 372.225 477.667
1341 196.233 602.142
1342 7.72264 274.582
1343 480.7 634.527
1344 672.498 995.362
1345 968.607 941.425
1346 266.682 294.53
1347 6.25166 616.274
1348 162.554 210.818
1349 21.9978 1039.98
1350 1061.08 923.274
1351 1049.18 1067.77
1352 526.316 423.786
1353 179.326 667.333
1354 727.6 111.336
1355 472.254 218.678
1356 178.022 755.415
1357 9.66166 82.9865
1358 1025.21 977.165
1359 569.427 317.039
1360 554.302 411.416
1361 884.66 310.921
1362 1059.27 960.927
1363 297.806 496.021
1364 761.354 198.749
1365 980.909 512.172
1366 382.087 947.254
1367 573.619 682.468
1368 678.489 144.524
1369 609.086 1085.72
1370 423.809 461.62
1371 736.365 447.412
1372 778.118 419.497
1373 496.714 478.145
1374 43.3687 976.53
1375 1063.28 652.657
1376 1004.81 1042.27
1377 656.883 313.295
1378 615.605 114.145
1379 22.3321 94.5773
1380 236.482 170.266
1381 1081.61 665.886
1382 997.15 744.66
1383 64.9852 249.675
1384 744.082 618.156
1385 179.92 123.295
1386 547.071 446.843
1387 452.639 129.043
1388 470.713 238.7
1389 669.103 65.6592
1390 266.682 770.196
1391 208.321 727.443
1392 1063.25 619.416
1393 1053.82 71.5864
1394 470.112 540.083
1395 226.622 416.187
1396 345.419 520.503
1397 49.9526 92.1133
1398 766.815 408.297
1399 337.378 924.644
1400 414.883 568.577
1401 439.957 163.322
1402 764.731 370.429
1403 340.286 569.135
1404 360.648 809.517
1405 994.758 175.314
1406 174.553 1033.11
1407 100.082 859.731
1408 921.691 247.001
1409 331.372 424.588
1410 342.27 607.347
1411 1055.33 89.5725
