1 356.514 1070.52
2 25.3492 898.778
3 853.129 384.605
4 227.565 58.4596
5 770.889 1154.73
6 205.719 1032.67
7 119.812 269.272
8 742.42 320.026
9 254.467 199.6
10 425.231 9.09972
11 1145.73 501.496
12 1121.47 422.92
13 279.332 1179.44
14 667.349 708.028
15 481.996 414.201
16 204.094 462.677
17 1051.33 103.852
18 791.495 108.602
19 595.532 551.491
20 344.523 825.077
21 371.018 975.784
22 730.428 528.85
23 162.134 518.359
24 721.246 1030.79
25 1137.16 1013.61
26 870.287 435.234
27 83.6307 442.095
28 515.974 721.295
29 279.078 365.036
30 424.508 704.434
31 739.569 249.737
32 172.446 398.855
33 652.709 312.063
34 31.9573 677.965
35 476.864 669.463
36 257.997 708.498
37 925.499 297.944
38 429.926 505.668
39 693.188 740.961
40 437.834 687.823
41 559.834 912.535
42 222.385 848.404
43 1117.48 821.991
44 663.918 613.601
45 1051.63 303.669
46 292.009 1121.14
47 279.708 213.049
48 195.22 732.439
49 867.073 343.298
50 789.01 1046.07
51 333.821 711.908
52 173.039 1170.83
53 413.893 404.793
54 607.206 1117.01
55 995.44 1071.26
56 626.833 103.764
57 109.061 45.1211
58 965.926 1095.09
59 890.256 896.828
60 311.419 747.296
61 556.635 575.252
62 284.889 141.679
63 563.207 880.109
64 239.59 888.289
65 137.218 1023.16
66 213.814 691.253
67 812.691 1127.12
68 418.984 207.271
69 61.4231 657.635
70 98.0561 947.907
71 643.913 37.3574
72 691.29 20.2052
73 207.971 1097.96
74 233.288 890.275
75 242.897 189
76 864.076 672.243
77 953.371 1.66106
78 347.738 735.885
79 429.673 629.034
80 770.515 633.08
81 844.396 1019.28
82 282.85 222.654
83 977.529 916.471
84 306.935 781.476
85 32.2101 305.98
86 243.354 550.011
87 575.088 1078.32
88 853.387 551.636
89 448.594 901.253
90 1060.26 1085.74
91 602.413 822.222
92 937.083 201.783
93 871.081 518.992
94 541.587 131.857
95 165.962 456.63
96 985.297 431.081
97 1086.57 354.836
98 424.906 636.511
99 1120.82 1071.13
100 506.298 211.424
101 383.163 423.823
102 630.374 791.35
103 212.002 1131.15
104 658.551 624.161
105 163.769 1160.61
106 584.683 399.916
107 207.235 323.762
108 31.6685 919.577
109 350.36 572.76
110 97.6414 938.554
111 945.865 457.425
112 479.344 1116.29
113 551.482 439.134
114 962.295 23.0743
115 758.525 1070.79
116 67.5257 151.265
117 456.185 1044.91
118 462.458 1025.11
119 136.622 92.0641
120 706.889 1077.52
121 121.763 902.842
122 706.6 1043.15
123 947.012 1052.34
124 927.737 1168.56
125 763.924 62.6344
126 1022.13 206.585
127 42.6459 611.809
128 1023.85 334.126
129 262.231 683.415
130 1094.46 268.369
131 1109.29 571.98
132 913.944 1146.67
133 827.858 452.639
134 396.039 413.712
135 834.61 397.932
136 1083.7 4.29709
137 693.42 482.088
138 636.166 722.561
139 179.106 263.061
140 880.037 722.906
141 489.796 199.147
142 458.813 587.329
143 393.306 1164.58
144 702.339 234.498
145 209.835 973.234
146 677.084 819.153
147 674.173 949.026
148 563.424 78.6114
149 476.154 86.7001
150 252.806 125.899
151 1130.96 722.328
152 581.19 1069.61
153 580.504 502.057
154 720.503 875.884
155 134.253 635.211
156 38.421 849.363
157 389.627 982.211
158 500.757 274.853
159 549.239 1042.39
160 722.791 401.182
161 912.895 985.478
162 1013.05 1153.77
163 650.417 1152.63
164 275.339 1041.47
165 843.71 190.227
166 137.703 202.721
167 901.594 947.815
168 1006.19 421.776
169 697.607 343.514
170 121.546 240.998
171 573.968 635.211
172 179.747 978.492
173 335.49 406.887
174 987.283 532.389
175 797.177 468.599
176 1070.77 185.28
177 483.368 617.298
178 1181.08 779.201
179 96.1773 652.094
180 89.5889 1041.5
181 1032.93 395.513
182 662.715 367.491
183 993.025 463.797
184 1158.21 727.652
185 1162.26 75.5421
186 258.223 255.006
187 131.476 708.137
188 396.59 143.282
189 643.898 526.467
190 1005.94 161.953
191 130.538 431.912
192 619.524 697.954
193 403.457 320.259
194 665.467 742.205
195 398.474 457.658
196 992.375 691.073
197 23.3632 829.266
198 1024.01 561.313
199 952.04 73.4477
200 981.971 1157.61
201 196.192 815.13
202 1039.1 1098.67
203 549.149 577.202
204 1041.8 147.94
205 879.682 939.762
206 1085.11 246.992
207 640.687 760.315
208 538.111 34.4686
209 852.123 710.484
210 898.766 964.409
211 385.294 146.137
212 974.002 698.042
213 765.532 441.553
214 849.596 243.632
215 16.4662 1164.11
216 581.371 841.182
217 582.454 936.749
218 63.3106 202.705
219 639.147 427.253
220 307.197 833.455
221 119.452 618.901
222 42.3931 427.973
223 503.058 536.614
224 383.813 742.549
225 13.144 1121
226 218.88 938.39
227 307.332 1144.98
228 509.313 797.561
229 139.889 673.56
230 382.333 316.596
231 80.5253 506.679
232 864.891 287.094
233 569.056 496.243
234 888.811 599.879
235 631.275 395.677
236 897.261 384.388
237 1100.49 495.932
238 1018.63 797.995
239 955.711 1098.1
240 503.084 690.026
241 994.923 363.953
242 121.661 369.225
243 662.727 216.407
244 470.056 241.321
245 690.965 1176.05
246 573.509 628.603
247 617.192 958.034
248 187.457 1160.02
249 676.773 296.752
250 1056.49 87.0612
251 454.625 750.438
252 492.391 950.92
253 303.902 198.155
254 827.063 74.7091
255 1044.08 233.487
256 84.5696 65.0899
257 285.275 999.689
258 586.426 238.757
259 992.782 13.4329
260 1033.14 69.3312
261 1127.29 918.455
262 663.196 440.578
263 1157.24 1116.36
264 527.955 259.001
265 1134.48 636.819
266 404.006 520.237
267 824.897 1140.19
268 721.585 71.4978
269 487.242 330.442
270 1088.28 342.92
271 430.116 684.304
272 450.279 796.895
273 1086.84 543.13
274 143.79 647.994
275 864.69 567.757
276 609.749 263.081
277 942.471 889.039
278 487.196 76.0115
279 344.85 627.592
280 530.411 371.572
281 700.57 491.674
282 787.663 215.849
283 431.455 367.764
284 1131.98 1046.27
285 225.117 282.561
286 784.152 31.2187
287 822.433 803.556
288 1073.91 93.6693
289 136.64 533.056
290 414.579 927.324
291 140.468 752.602
292 117.689 136.84
293 268.297 1057.84
294 266.997 530.106
295 447.326 132.126
296 318.96 165.295
297 527.302 167.225
298 371.456 655.577
299 752.024 1149.67
300 745.996 729.622
301 675.798 1118.24
302 711.583 123.027
303 1071.74 202.83
304 553.494 1027.06
305 851.871 639.111
306 514.505 964.064
307 127.004 993.711
308 1059.55 909.141
309 714.725 981.778
310 570.971 50.9266
311 827.135 753.507
312 181.409 873.701
313 225.001 921.185
314 968.614 224.062
315 844.785 1051.8
316 1090.02 77.4559
317 201.819 663.774
318 335.173 44.6877
319 668.685 566.694
320 461.991 781.023
321 397.246 482.104
322 323.943 760.404
323 448.121 961.934
324 424.473 809.225
325 23.977 862.162
326 736.22 36.9405
327 514.351 507.582
328 848.177 436.062
329 85.9943 573.771
330 883.704 595.562
331 253.781 553.152
332 558.549 462.422
333 83.4502 1090.07
334 770.84 145.037
335 192.204 462.461
336 371.014 1105.47
337 842.055 495.34
338 426.64 827.388
339 283.29 801.675
340 614.284 1001.44
341 19.3911 883.162
342 804.964 364.333
343 942.001 833.524
344 1027.83 612.425
345 959.26 560.411
346 1014.58 381.899
347 1120.28 156.773
348 252.589 310.329
349 868.433 1113.65
350 912.933 823.761
351 562.413 914.555
352 277.577 1085.5
353 240.653 506.515
354 772.893 897.497
355 701.292 456.972
356 292.455 578.41
357 627.381 149.64
358 248.04 344.453
359 773.052 203.391
360 479.505 65.84
361 817.025 590.793
362 410.246 569.31
363 648.748 713.084
364 368.864 226.265
365 383.582 88.0361
366 959.785 1170.22
367 106.512 771.221
368 262.544 1158.93
369 278.48 630.805
370 332.645 880.398
371 134.221 484.596
372 389.338 946.571
373 437.689 1083.91
374 387.749 1005.72
375 780.574 514.912
376 135.895 1013.59
377 490.157 241.415
378 369.694 892.928
379 68.5729 1053.62
380 58.1907 810.453
381 965.22 11.8638
382 993.113 742.096
383 285.77 494.707
384 190.083 893.469
385 506.623 603.201
386 303.847 304.03
387 278.372 485.266
388 432.778 41.474
389 173.906 69.0759
390 939.004 781.729
391 678.29 592.079
392 711.551 761.449
393 946.154 685.837
394 1020.87 509.423
395 1106.74 602.278
396 859.283 1097.91
397 116.837 389.733
398 266.848 1095.36
399 612.071 668.199
400 483.043 1175.46
401 857.721 930.518
402 777.335 106.236
403 14.9495 553.225
404 995.119 430.92
405 190.98 1122.48
406 525.003 266.311
407 242.685 59.5454
408 1051.89 742.313
409 1059.03 954.17
410 729.566 1.04719
411 1113.64 762.462
412 1159.68 607.151
413 709.217 1033.47
414 90.798 357.778
415 135.376 576.279
416 1018.34 591.807
417 949.295 260.192
418 1043.72 887.748
419 1008.88 907.355
420 826.849 304.191
421 582.454 554.324
422 173.183 806.139
423 530.441 556.852
424 895.094 616.995
425 168.345 301.141
426 631.026 1171.16
427 806.401 198.733
428 196.655 1160.11
429 363.736 67.7423
430 30.5129 1054.84
431 756.901 408.64
432 140.612 344.778
433 1147.55 613.761
434 991.689 999.091
435 822.911 45.9516
436 198.397 916.833
437 359.69 494.129
438 743.478 170.331
439 938.968 947.56
440 106.361 562.974
441 476.002 189.866
442 721.297 949.965
443 755.963 291.444
444 487.665 641.205
445 645.573 253.223
446 941.532 137.11
447 255.066 381.683
448 906.35 1008.23
449 200.627 538.167
450 631.942 182.03
451 647.488 676.051
452 883.693 682.715
453 1179.89 896.464
454 489.976 46.2766
455 544.888 850.41
456 354.202 791.226
457 645.339 983.186
458 1008.77 835.547
459 777.805 920.969
460 881.192 262.375
461 1154.36 131.693
462 465.179 190.841
463 728.926 811.194
464 1091.52 1133.67
465 497.307 422.94
466 659.551 778.495
467 69.6201 409.001
468 70.5228 259.253
469 37.7415 731.536
470 395.292 272.542
471 812.804 736.427
472 1074.65 304.407
473 880.434 113.658
474 413.92 1062.03
475 653.503 1011.32
476 26.7214 492.993
477 1024.73 168.561
478 927.59 46.0402
479 1034.44 703.314
480 1141.3 936.115
481 200.204 994.325
482 122.999 98.6525
483 130.511 1022.55
484 138.622 355.848
485 293.502 273.894
486 568.841 1131.61
487 951.354 720.956
488 1074.38 1036.45
489 365.144 184.722
490 938.824 646.369
491 940.557 866.531
492 238.687 1013.03
493 1015.85 473.619
494 1116.38 401.94
495 256.077 646.872
496 1035.44 644.583
497 870.07 1070.07
498 811.399 238.829
499 859.057 136.604
500 1099.37 846.979
501 1110.09 907.464
502 38.096 228.757
503 1047.37 538.889
504 718.827 354.961
505 284.232 102.355
506 475.496 287.708
507 39.2516 190.067
508 789.978 990.169
509 379.979 505.973
510 1180.37 235.112
511 736.572 742.855
512 1007.53 238.904
513 946.984 834.068
514 502.868 1075.12
515 214.602 806.228
516 834.078 1019.46
517 635.391 24.8995
518 1130.29 393.31
519 831.035 215.216
520 120.723 25.8548
521 388.002 49.3262
522 838.853 497.704
523 801.29 533.617
524 1061.09 767.465
525 145.684 805.83
526 768.875 846.293
527 1113.25 575.232
528 1057.77 1152.47
529 73.5199 782.429
530 638.265 224.082
531 920.37 693.043
532 141.659 315.079
533 631.657 430.178
534 464.192 28.4383
535 182.211 479.36
536 321.668 1172.85
537 931.06 395.099
538 436.136 1127.68
539 387.063 596.968
540 175.711 1082.9
541 974.284 726.352
542 822.694 916.888
543 960.713 802.203
544 292.298 951.101
545 360.847 1118.8
546 302.55 410.807
547 346.873 727.397
548 692.409 1018.47
549 1147.68 447.403
550 1075.57 123.985
551 453.541 928.893
552 793.977 679.082
553 966.566 963.992
554 620.667 476.038
555 935.761 75.4535
556 1077.85 731.372
557 331.562 451.339
558 88.6347 320.46
559 1165.63 850.679
560 547.536 13.9023
561 792.984 570.466
562 351.624 1015.32
563 961.248 538.797
564 912.542 91.6833
565 860.164 726.3
566 819.894 656.624
567 874.47 614.736
568 590.119 534.572
569 1032.42 1057.08
570 459.556 906.577
571 555.33 992.339
572 801.298 13.1801
573 1174.35 479.958
574 1117.1 662.871
575 342.08 822.497
576 480.99 118.838
577 337.321 56.6927
578 226.575 99.4666
579 456.322 109.361
580 405.01 875.198
581 985.911 269.886
582 826.269 785.103
583 748.777 706.528
584 1103.95 55.5733
585 99.5191 522.692
586 2.09438 147.69
587 536.811 139.096
588 67.1646 1052.42
589 990.297 1030.43
590 983.476 344.2
591 897.917 774.665
592 589.812 308.777
593 676.376 647.885
594 1011.51 780.012
595 475.099 310.132
596 568.2 364.008
597 22.8576 556.491
598 270.067 693.059
599 1171.53 180.967
600 3.43045 1076.64
601 1115.8 101.938
602 278.313 353.517
603 1048.04 1082.9
604 261.472 942.11
605 643.634 534.5
606 561.691 133.929
607 544.827 646.441
608 334.523 5.66927
609 698.728 954.098
610 413.459 242.876
611 1077.52 975.242
612 240.709 726.1
613 697.264 671.16
614 609.789 889.084
615 1105.87 441.681
616 1170.03 687.859
617 84.6735 725.975
618 1077.05 681.307
619 1044.93 485.354
620 462.93 1154.28
621 139.043 620.911
622 570.177 293.811
623 289.474 777.034
624 825.859 568.102
625 249.773 155.453
626 938.499 458.2
627 224.929 939.06
628 970.499 640.141
629 360.99 332.679
630 283.03 876.389
631 469.791 164.709
632 1021.7 862.306
633 26.0353 22.0386
634 1162.94 1132.16
635 753.236 797.328
636 706.889 991.544
637 635.68 172.914
638 930.41 852.412
639 641.674 776.709
640 854.94 1157.72
641 967.278 935.124
642 265.661 1066.28
643 844.54 733.213
644 659.814 1125.62
645 375.803 852.268
646 1025.41 856.224
647 720.791 609.484
648 160.148 595.618
649 742.241 160.942
650 620.513 214.441
651 123.6 1070.7
652 777.866 621.02
653 735.669 1128.64
654 918.807 1081.37
655 467.697 473.494
656 1045.22 671.571
657 231.55 1003.53
658 753.253 846.49
659 484.632 24.8051
660 1039.1 823.111
661 661.427 625.569
662 631.094 902.497
663 343.298 698.351
664 287.434 1080.97
665 208.628 272.233
666 275.844 438.195
667 530.275 972.875
668 706.275 433.645
669 521.284 677.385
670 32.2462 159.353
671 1074.34 584.115
672 778.784 319.104
673 1121.83 329.684
674 831.757 1029.57
675 884.86 86.6976
676 40.1182 1111.79
677 910.31 888.017
678 539.349 1025.6
679 322.31 660.002
680 821.719 386.594
681 265.186 33.9434
682 1110.02 322.374
683 931.529 526.592
684 814.966 26.2717
685 985.514 290.091
686 921.202 514.495
687 266.877 336.365
688 437.184 730.778
689 38.9627 1107.29
690 610.837 335.879
691 918.313 785.826
692 855.662 414.109
693 255.983 177.623
694 836.343 826.341
695 615.82 276.044
696 713.931 875.217
697 186.039 112.286
698 507.273 942.454
699 336.241 1075.36
700 684.103 1101.05
701 364.966 535.728
702 445.072 449.011
703 676.844 484.16
704 595.02 835.099
705 53.4165 790.142
706 760.703 153.523
707 347.811 618.709
708 963.234 623.475
709 675.546 267.756
710 263.886 412.665
711 664.027 235.545
712 1101.91 1013.52
713 619.832 167.225
714 588.664 772.609
715 570.039 762.21
716 1176.89 838.385
717 753.817 543.058
718 352.349 593.215
719 186.6 177.117
720 722.2 1094.02
721 483.621 585.579
722 406.96 1181.65
723 510.458 885.956
724 360.301 677.026
725 138.564 984.286
726 927.459 848.115
727 1114.55 136.024
728 841.137 413.351
729 922.466 1006.59
730 809.55 346.692
731 1178.29 789.292
732 294.333 47.3041
733 249.285 896.286
734 870.865 541.272
735 638.59 875.434
736 204.996 82.531
737 47.2165 504.782
738 449.273 748.596
739 75.181 510.704
740 231.754 278.408
741 625.75 414.073
742 1161.67 516.373
743 754.446 273.372
744 946.139 129.98
745 431.839 168.164
746 1058.5 7.33033
747 705.812 100.205
748 279.537 402.466
749 574.746 425.99
750 756.36 485.643
751 1008.01 955.831
752 95.0776 15.1301
753 200.699 577.579
754 291.877 1.69717
755 1105 999.777
756 456.84 1094.42
757 967.206 1115.85
758 1069.18 466.091
759 998.754 197.811
760 640.414 192.033
761 415.77 853.19
762 353.043 302.26
763 833.888 575.071
764 701.617 91.5388
765 783.803 920.949
766 559.617 861.676
767 691.398 634.019
768 705.213 66.4982
769 1139.89 289.152
770 551.312 760.027
771 171.414 206.099
772 1097.37 719.836
773 78.0337 700.59
774 390.02 108.763
775 618.202 946.768
776 682.148 137.037
777 696.056 741.372
778 1171.42 870.54
779 545.333 320.368
780 683.644 1073.46
781 520.887 1092.98
782 359.531 171.234
783 596.862 72.4202
784 561.853 371.788
785 211.13 131.821
786 941.748 121.205
787 1127.71 21.7021
788 213.374 592.42
789 53.5861 349.853
790 738.233 67.7784
791 504.709 334.812
792 820.888 533.834
793 284.232 433.087
794 426.892 396.327
795 477.518 512.798
796 1097.35 924.018
797 1115.04 383.235
798 641.999 174.483
799 1127.5 1086.84
800 613.829 409.001
801 343.334 930.574
802 1126.53 67.4896
803 801.786 366.119
804 31.4879 455.889
805 311.124 1133.44
806 251.567 155.307
807 1040.62 370.255
808 787.107 391.179
809 1155.33 292.563
810 676.686 502.29
811 643.958 584.007
812 951.137 501.604
813 1099.43 56.2594
814 912.12 5.74149
815 917.211 36.8322
816 1009.38 671.574
817 271.268 608.164
818 479.577 502.237
819 1101.14 1034.4
820 472.448 604.553
821 573.531 60.3037
822 691.578 336.529
823 868.373 1128.85
824 181.055 946.407
825 868.485 1061.34
826 181.38 989.433
827 881.986 1108.9
828 630.946 685.704
829 428.806 1069.99
830 50.0123 45.2458
831 129.861 863.137
832 969.419 1006.71
833 644.559 62.815
834 447.89 1154.29
835 833.314 46.7263
836 78.792 286.605
837 581.949 424.543
838 1037.84 1118.4
839 294.549 642.758
840 207.56 865.937
841 1114.04 654.096
842 1016.28 509.873
843 82.8801 543.814
844 45.7875 1149.4
845 398.257 657.871
846 7.87198 953.448
847 469.249 287.797
848 379.388 463.833
849 163.776 260.445
850 920.48 1137.46
851 10.3275 72.6172
852 976.994 763.818
853 454.454 547.175
854 1041.9 346.548
855 943.332 474.016
856 1109.07 1054.36
857 1009.97 799.964
858 780.301 975.148
859 509.652 681.235
860 375.472 657.996
861 483.766 347.956
862 369.08 336.456
863 300.327 554.541
864 1157.34 950.198
865 729.464 87.5503
866 202.923 234.59
867 353.047 347.795
868 822.333 209.855
869 472.933 1001.4
870 1149.86 571.749
871 762.422 1129.45
872 814.28 752.985
873 777.185 344.67
874 255.102 1111.81
875 253.781 103.563
876 988.15 1179.16
877 1131.43 644.672
878 544.286 297.113
879 520.571 1093.12
880 988.059 195.375
881 91.1055 961.159
882 39.396 436.914
883 808.782 1141.08
884 275.32 629.633
885 286.677 604.409
886 435.486 158.017
887 364.35 874.242
888 397.151 85.5281
889 845.335 1179.99
890 1061.6 1045.01
891 24.9881 805.2
892 62.3981 478.152
893 523.884 810.775
894 178.058 487.521
895 1121.12 1091.79
896 1039.21 992.266
897 146.137 1011.28
898 1000.25 395.224
899 573.206 867.904
900 657.078 489.326
901 863.498 489.724
902 416.276 338.892
903 1031.96 989.772
904 822.393 147.798
905 50.1332 120.788
906 96.6664 332.645
907 997.596 182.714
908 1039.68 422.723
909 812.258 515.831
910 399.376 531.936
911 31.9212 595.126
912 428.183 994.633
913 692.367 862.557
914 227.132 439.639
915 187.88 768.007
916 229.696 133.174
917 690.712 778.64
918 287.038 350.159
919 241.388 3.86377
920 550.93 891.664
921 1036.12 978.492
922 1055.78 40.4432
923 255.911 381.811
924 82.6558 969.609
925 842.987 861.548
926 282.561 924.977
927 170.15 1061.04
928 214.168 26.2355
929 909.465 884.064
930 1002.58 1115.87
931 854.512 814.677
932 990.233 316.393
933 292.371 564.76
934 1072.21 1174.42
935 679.633 284.639
936 538.06 450.075
937 850.679 298.469
938 758.872 770.154
939 994.407 1135.9
940 550.99 545.369
941 903.25 120.968
942 1087.98 323.654
943 683.49 689.821
944 745.537 190.997
945 747.064 289.333
946 963.428 237.551
947 408.273 242.154
948 801.118 651.48
949 1011.44 167.714
950 308.379 394.79
951 329.633 991.853
952 1.87772 917.863
953 1088.17 371.752
954 450.124 516.934
955 640.128 15.4387
956 882.059 975.872
957 405.01 77.7448
958 186.287 35.5322
959 305.96 1104.05
960 499.144 913.458
961 48.058 281.405
962 561.213 13.3082
963 765.238 1011.22
964 110.095 1135.46
965 197.64 85.5643
966 562.831 249.467
967 197.919 260.625
968 618.925 306.63
969 261.273 204.346
970 368.574 319.846
971 1050.73 42.5376
972 219.079 302.024
973 214.651 926.077
974 602.421 954.929
975 214.056 402.735
976 455.201 475.588
977 961.248 612.459
978 78.1858 738.016
979 962.033 730.216
980 526.231 723.483
981 922.863 94.664
982 76.6976 847.574
983 148.954 575.591
984 344.036 231.718
985 100.711 1114.07
986 779.073 289.927
987 106.488 224.624
988 887.569 310.76
989 454.522 788.192
990 676.205 459.608
991 505.559 1049.43
992 1074.17 927.052
993 805.743 761.629
994 39.1717 249.014
995 423.312 377.024
996 382.209 997.141
997 804.169 10.636
998 1159.95 752.407
999 13.7218 36.238
1000 1027.9 42.0296
1001 180.357 1042.89
1002 689.288 879.731
1003 118.573 78.8839
1004 248.148 766.418
1005 158.342 144.46
1006 150.073 825.366
1007 568.667 1083.37
1008 407.305 1141.96
1009 753.176 391.035
1010 97.0013 756.343
1011 125.907 112.771
1012 1132.01 796.57
1013 933.949 47.9541
1014 345.193 203.66
1015 225.76 868.481
1016 443.665 66.6951
1017 126.727 1150.1
1018 748.416 42.8264
1019 1124.57 770.065
1020 666.705 1047.84
1021 61.202 504.548
1022 564.616 1045.53
1023 449.1 1118.76
1024 933.479 905.602
1025 672.874 1121.11
1026 168.232 69.8564
1027 982.054 98.3833
1028 586.173 1105.85
1029 94.1387 138.879
1030 400.925 610.134
1031 580.051 989.578
1032 812.583 1155.19
1033 108.773 88.2889
1034 607.593 744.463
1035 1080.05 120.027
1036 1030.72 572.507
1037 783.515 546.414
1038 1070.52 750.691
1039 764.383 706.295
1040 160.519 1148.67
1041 688.291 1166.57
1042 420.573 177.769
1043 925.704 651.28
1044 29.1408 888.92
1045 302.999 925.174
1046 1018.84 899.064
1047 934.815 321.74
1048 313.543 959.368
1049 650.456 1028.72
1050 754.084 132.415
1051 194.842 390.53
1052 761.826 931.999
1053 801.533 328.204
1054 1035.83 1116.09
1055 1046.11 1156.64
1056 360.342 843.657
1057 201.241 658.702
1058 740.652 219.404
1059 890.761 861.259
1060 603.037 760.368
1061 85.9877 1037.03
1062 1118.22 21.9746
1063 386.394 826.991
1064 975.872 261.328
1065 791.302 1001.47
1066 833.865 696.67
1067 714.645 155.201
1068 533.254 768.818
1069 694.53 920.913
1070 55.5372 667.89
1071 395.57 814.172
1072 515.776 119.724
1073 394.544 404.09
1074 310.799 147.293
1075 730.252 906.705
1076 532.365 397.482
1077 178.6 779.831
1078 277.722 263.097
1079 194.813 715.411
1080 609.63 510.326
1081 685.052 572.307
1082 22.9298 850.968
1083 194.487 640.575
1084 697.243 798.159
1085 690.248 112.699
1086 1070.53 215.649
1087 492.107 1135.98
1088 77.6857 717.561
1089 845.732 928.516
1090 16.7911 972.678
1091 423.787 318.907
1092 158.306 672.765
1093 681.757 832.08
1094 3.68322 392.983
1095 645.863 147.076
1096 800.488 610.837
1097 213.121 459.483
1098 817.891 693.295
1099 652.182 993.514
1100 432.2 286.697
1101 668.814 292.872
1102 1160 130.991
1103 1174.39 276.875
1104 484.203 451.986
1105 1135.19 562.361
1106 836.862 245.187
1107 335.688 423.029
1108 1150.15 995.5
1109 672.122 596.826
1110 904.778 635.194
1111 144.187 875.703
1112 319.537 864.184
1113 721.622 1028.52
1114 42.7903 576.604
1115 86.7493 532.678
1116 155.237 1069.4
1117 792.867 639.469
1118 965.617 579.874
1119 318.021 283.897
1120 207.798 374.424
1121 546.751 699.631
1122 930.59 57.3427
1123 349.23 1122.53
1124 750.004 181.183
1125 995.414 1046.5
1126 597.908 1030.22
1127 1087.06 748.255
1128 1131.59 31.9212
1129 963.703 126.71
1130 388.654 793.228
1131 800.847 955.49
1132 77.527 65.1982
1133 1154.91 538.364
1134 843.629 853.588
1135 463.833 1038.74
1136 189.017 364.383
1137 429.455 504.548
1138 735.741 598.304
1139 98.9053 305.474
1140 864.057 160.87
1141 1056.61 252.573
1142 723.679 709.886
1143 493.624 833.599
1144 722.272 383.761
1145 1116.14 190.175
1146 959.344 157.279
1147 166.015 795.684
1148 1066.63 845.643
1149 746.285 823.38
1150 106.849 329.343
1151 427.723 956.609
1152 109.16 911.58
1153 184.197 186.528
1154 1174.68 219.93
1155 713.058 261.889
1156 477.482 397.715
1157 11.808 984.522
1158 185.858 250.623
1159 1108.87 405.118
1160 203.945 1029.98
1161 806.873 82.8363
1162 983.946 899.497
1163 124.134 801.192
1164 605 198.372
1165 649.142 226.915
1166 489.419 764.954
1167 782.973 836.38
1168 534.365 88.2528
1169 892.422 814.95
1170 184.666 742.491
1171 844.288 182.231
1172 1027.47 205.702
1173 570.791 1068.91
1174 808.972 1075.14
1175 812.619 36.563
1176 804.277 182.211
1177 98.5442 839.016
1178 536.594 1123.2
1179 844.228 117.558
1180 1047.97 1018.19
1181 1119.88 373.541
1182 684.41 521.52
1183 238.43 632.883
1184 995.837 997.847
1185 212.291 563.588
1186 724.943 373.361
1187 107.03 762.482
1188 184.91 714.472
1189 501.67 218.177
1190 671.93 654.855
1191 105.874 482.63
1192 471.036 656.283
1193 80.3688 442.708
1194 548.98 618.417
1195 413.568 560.174
1196 562.377 1157.43
1197 47.6291 409.234
1198 308.631 1031.12
1199 364.898 940.376
1200 188.851 156.501
1201 301.771 720.611
1202 1124.6 1152.63
1203 530.456 265.934
1204 262.989 199.941
1205 524.75 220.415
1206 586.643 1141.87
1207 70.6803 339.995
1208 540.53 115.588
1209 114.433 193.116
1210 884.954 254.631
1211 424.429 777.684
1212 300.231 77.309
1213 432.128 703.242
1214 242.84 791.37
1215 433.789 1136.71
1216 479.305 983.672
1217 78.2865 701.617
1218 101.036 53.3541
1219 481.403 1071.24
1220 418.153 211.93
1221 96.9914 726.461
1222 782.323 892.586
1223 625.334 376.555
1224 137.326 1085.67
1225 697.356 720.864
1226 604.481 571.46
1227 1028.41 270.067
1228 55.0305 368.558
1229 659.518 443.575
1230 309.306 909.016
1231 54.4637 696.345
1232 235.943 485.427
1233 415.12 113.152
1234 781.709 467.283
1235 103.347 596.356
1236 824.788 269.056
1237 114.269 458.617
1238 250.495 843.06
1239 198.388 832.552
1240 92.8924 915.083
1241 208.788 816.086
1242 451.808 797.437
1243 174.352 687.823
1244 1030.94 850.39
1245 1131.29 916.058
1246 139.276 103.258
1247 765.821 524.481
1248 500.304 743.922
1249 448.305 135.035
1250 621.16 88.0361
1251 1073.44 985.872
1252 2.02216 247.265
1253 641.27 131.677
1254 319.501 487.649
1255 922.799 782.668
1256 820.624 1178.79
1257 256.893 679.935
1258 21.8465 297.819
1259 515.723 664.66
1260 153.388 228.179
1261 138.203 543.997
1262 825.185 1144.4
1263 1006.85 1026.19
1264 917.808 581.082
1265 0.75831 483.605
1266 760.801 680.565
1267 1076.2 806.011
1268 968.289 590.129
1269 965.076 663.196
1270 254.467 507.02
1271 482.089 329.596
1272 954.014 674.21
1273 231.862 1010.81
1274 347.45 412.757
1275 459.761 303.921
1276 1167.93 1107.62
1277 1174.84 222.835
1278 1180.34 146.715
1279 349.075 485.968
1280 100.959 1178.07
1281 344.188 1164.86
1282 309.278 382.766
1283 1180.98 245.476
1284 886.139 317.623
1285 978.58 103.166
1286 177.779 951.337
1287 792.253 1060.97
1288 671.537 380.563
1289 146.209 962.476
1290 244.983 1150.71
1291 953.397 22.4604
1292 584.91 919.577
1293 338.006 863.951
1294 5.81371 1009.56
1295 447.246 256.345
1296 577.218 608.112
1297 130.104 1051.05
1298 703.96 1001.08
1299 394.863 724.928
1300 672.764 941.026
1301 1098.55 438.809
1302 729.937 49.8679
1303 760.115 365.794
1304 186.312 214.838
1305 515.794 477.988
1306 953.231 569.33
1307 51.4414 95.3501
1308 65.672 781.368
1309 99.1219 745.924
1310 1183.02 309.879
1311 697.392 490.285
1312 635.247 46.3291
1313 756.901 285.014
1314 813.919 471.977
1315 108.672 226.482
1316 928.325 1018.84
1317 1060.19 592.204
1318 727.001 699.723
1319 596.934 543.6
1320 1129.48 264.164
1321 583.031 467.949
1322 206.667 19.8605
1323 1077.85 1019.82
1324 68.3053 937.993
1325 85.5544 1162.69
1326 1073.12 757.679
1327 985.582 976.992
1328 688.87 207.76
1329 812.004 1069.16
1330 753.435 779.867
1331 955.205 292.511
1332 692.599 91.9196
1333 854.76 1002.22
1334 1087.86 322.626
1335 482.45 357.906
1336 985.822 422.92
1337 997.483 1062.99
1338 961.146 360.433
1339 99.3407 216.515
1340 610.919 971.234
1341 178.401 113.802
1342 98.6339 321.921
1343 648.463 202.019
1344 364.061 809.714
1345 581.696 354.745
1346 210.921 1107.06
1347 677.798 799.945
1348 1126.2 810.019
1349 549.052 1009.22
1350 215.793 238.165
1351 958.56 189.216
1352 166.323 44.7764
1353 827.569 795.72
1354 1181.38 653.827
1355 832.191 152.529
1356 252.192 476.96
1357 622.572 202.794
1358 777.051 938.065
1359 789.798 98.8527
1360 1168 361.481
1361 569.684 522.8
1362 169.925 816.375
1363 55.1388 1132.12
1364 941.574 626.6
1365 347.323 342.306
1366 253.312 454.264
1367 262.772 295.038
1368 324.036 366.608
1369 182.82 629.02
1370 725.81 964.678
1371 1133.49 421.82
1372 21.5216 405.102
1373 998.386 1104.12
1374 534.067 172.914
1375 889.771 500.34
1376 259.11 404.179
1377 1126.02 192.175
1378 704.476 552.141
1379 178.96 892.045
1380 322.183 692.97
1381 1038.76 933.716
1382 443.792 939.365
1383 604.942 181.994
1384 122.449 1039.92
1385 1050.33 267.811
1386 365.975 959.117
1387 581.919 833.005
1388 852.747 264.092
1389 497.668 324.268
1390 364.494 57.776
1391 411.979 433.412
1392 617.754 858.154
1393 1182.16 973.039
1394 885.778 841.013
1395 1169.01 707.342
1396 655.583 949.151
1397 37.4099 0
1398 496.331 422.47
1399 321.523 835.296
1400 950.486 502.579
1401 870.041 813.903
1402 32.5712 637.758
1403 275.808 897.425
1404 501.343 823.705
1405 233.054 215.324
1406 452.603 861.64
1407 778.712 357.597
1408 723.861 989.939
1409 978.689 1083.95
1410 182.608 1049.05
1411 696.887 208.138
1412 327.987 76.0673
1413 368.339 710.917
1414 301.25 145.848
1415 1131.18 676.196
1416 262.592 80.5975
1417 797.763 808.956
1418 770.135 1109.44
1419 1129.7 1155.36
1420 385.184 573.39
1421 841.106 483.352
1422 322.649 138.132
1423 1090.23 701.148
1424 76.1264 1084.53
1425 523.017 288.23
1426 1175.28 203.355
1427 697.464 456.847
1428 384.834 260.517
1429 458.091 1163.12
1430 1007.65 679.626
1431 827.987 896.9
1432 536.146 731.5
1433 197.517 550.1
1434 178.925 681.54
1435 841.853 996.78
1436 164.488 443.467
1437 42.1217 261.003
1438 1165.81 481.888
1439 45.0357 670.438
1440 419.835 668.035
1441 746.37 412.304
1442 881.842 399.179
1443 557.415 44.9044
1444 953.954 473.366
1445 245.193 130.088
1446 9.06361 358.592
1447 464.302 6.53591
1448 650.63 983.8
1449 100.422 1031.75
1450 177.993 656.552
1451 1083.98 560.844
1452 227.763 224.768
1453 1133.46 592.512
1454 1001.58 777.612
1455 89.2639 532.406
1456 900.908 241.179
1457 948.645 957.295
1458 108.402 563.119
1459 178.419 114.035
1460 577.001 285.686
1461 688.696 315.349
1462 60.8092 87.5864
1463 330.503 36.3266
1464 468.57 58.2454
1465 976.234 158.181
1466 723.246 1.84161
1467 153.034 990.878
1468 252.621 991.833
1469 431.587 370.233
1470 630.432 1095.56
1471 941.502 535.8
1472 936.007 283.086
1473 1118.94 581.39
1474 700.57 821.414
1475 601.313 699.92
1476 1148.19 1057.79
1477 728.76 531.9
1478 693.799 225.29
1479 176.325 825.277
1480 142.057 417.215
1481 999.127 359.005
1482 1156 43.9097
1483 785.97 789.328
1484 803.339 709.778
1485 339.126 181.669
1486 1169.9 211.913
1487 9.06361 612.281
1488 1150.83 640.48
1489 407.826 527.081
1490 1032.6 710.231
1491 214.875 505.307
1492 268.56 1119.97
1493 60.6648 342.25
1494 14.4079 177.464
1495 630.956 387.641
1496 436.179 863.265
1497 367.852 349.725
1498 411.591 1034.21
1499 528.181 58.8429
1500 426.646 695.245
1501 505.612 1057.44
1502 1072.28 982.047
1503 1107.53 671.702
1504 1028.81 311.485
1505 0.21666 120.122
1506 335.941 24.8076
1507 344.02 545.911
1508 698.352 1056.98
1509 677.869 613.942
1510 376.302 368.827
1511 180.318 777.612
1512 35.5027 850.59
1513 384.391 641.13
1514 687.787 25.5659
1515 360.486 950.126
1516 902.431 804.803
1517 78.99 379.716
1518 762.86 1137.12
1519 592.204 581.065
1520 594.509 1018.75
1521 255.839 575.954
1522 423.949 282.561
1523 1133.43 779.579
1524 1177.9 861.693
1525 647.849 583.068
1526 885.453 915.877
1527 958.232 986.272
1528 876.385 92.8027
1529 716.133 922.105
1530 411.761 395.352
1531 918.937 1137.34
1532 1102.15 822.152
1533 977.822 765.407
1534 149.893 190.717
1535 224.135 691.073
1536 112.988 1181.39
1537 467.516 866.604
1538 973.763 843.385
1539 656.656 400.171
1540 699.374 129.185
1541 1172.13 806.247
1542 435.486 387.805
1543 686.238 718.805
1544 1131.04 981.309
1545 718.018 621.942
1546 59.8692 146.987
1547 670.49 920.788
1548 722.293 465.458
1549 52.8497 269.236
1550 709.164 328.115
1551 252.842 10.7805
1552 633.087 24.5548
1553 997.936 299.046
1554 894.878 259.037
1555 494.1 536.739
1556 407.378 570.088
1557 821.358 145.218
1558 602.206 112.575
1559 1002.7 78.792
1560 548.087 681.251
1561 1132.16 340.517
1562 886.366 604.337
1563 1156.31 562.521
1564 99.1394 905.767
1565 587.221 714.328
1566 664.279 1158.21
1567 167.478 1061.31
1568 1177.15 1015.16
1569 917.681 530.367
1570 282.159 930.719
1571 900.726 972.642
1572 1141.72 373.919
1573 658.328 82.0977
1574 490.328 148.698
1575 803.808 937.688
1576 552.237 971.162
1577 987.149 493.479
1578 911.741 1063.87
1579 324 1135.55
1580 328.322 454.211
1581 1009.27 611.651
1582 1182.88 11.936
1583 1091.69 137.507
1584 1053.69 23.4354
1585 1126.5 727.383
1586 782.741 32.5712
1587 374.51 99.6997
1588 703.643 1086.51
1589 385.784 1042.59
1590 1161.51 316.504
1591 898.597 280.594
1592 348.425 728.663
1593 403.782 1088.74
1594 535.258 153.323
1595 1142.7 941.965
1596 554.039 99.7555
1597 1132.26 535.675
1598 395.533 1161.97
1599 614.963 945.56
1600 358.753 209.205
1601 1171.98 171.037
1602 390.168 1006.64
1603 840.677 904.214
1604 96.5581 608.995
1605 791.603 178.114
1606 536.142 143.34
1607 334.435 10.1469
1608 44.2971 765.204
1609 440.873 936.424
1610 332.763 553.261
1611 1073.93 550.047
1612 976.017 124.866
1613 31.7943 1161.35
1614 92.8388 417.668
1615 165.628 783.226
1616 1138.44 497.904
1617 391.902 457.353
1618 725.323 662.402
1619 926.766 181.364
1620 1052.53 135.468
1621 660.519 698.64
1622 775.021 313.074
1623 432.362 768.332
1624 485.246 381.466
1625 465.103 1163.9
1626 305.208 421.134
1627 0.43332 475.335
1628 469.141 74.2979
1629 305.689 335.281
1630 502.687 950.76
1631 513.888 30.1879
1632 810.668 547.139
1633 646.664 1113.94
1634 575.774 134.437
1635 59.8047 521.303
1636 79.0294 828.997
1637 678.868 834.791
1638 1002.49 188.947
1639 62.6607 695.137
1640 813.634 909.322
1641 512.527 512.673
1642 26.1436 1054
1643 518.607 178.347
1644 433.096 1121.97
1645 492.107 1120.1
1646 539.692 540.406
1647 809.906 399.338
1648 1094.19 838.727
1649 37.1276 316.901
1650 282.272 624.072
1651 540.892 923.802
1652 932.938 215.685
1653 847.819 658.413
1654 1069.13 457.533
1655 335.258 959.37
1656 448.305 346.964
1657 84.8037 992.828
1658 1138.87 445.111
1659 31.4518 950.415
1660 437.515 891.339
1661 225.755 867.109
1662 164.823 122.144
1663 283.809 564.491
1664 432.923 497.038
1665 946.009 654.746
1666 1067.34 632.683
1667 171.334 952.654
1668 321.271 906.344
1669 109.853 431.009
1670 1067.52 201.947
1671 390.277 695.767
1672 122.95 391.577
1673 766.26 641.225
1674 966.989 790.215
