1 1364.67 208.587
2 778.693 1408.32
3 1223.07 45.5831
4 902.836 57.8834
5 1184.3 903.186
6 768.096 62.2864
7 1074.62 828.825
8 323.227 132.573
9 501.052 171.049
10 1344.53 787.18
11 1331.69 1407.33
12 707.83 626.699
13 486.16 1307.29
14 234.298 122.297
15 715.912 1467.11
16 699.273 930.119
17 1446.28 1179.73
18 1172.6 1017.09
19 775.544 314.543
20 1436.66 1251.84
21 221.415 297.025
22 1425.42 1384.64
23 437.861 577.232
24 637.058 783.004
25 1425.12 706.549
26 789.625 497.612
27 894.473 815.064
28 1210.44 670.571
29 901.261 412.964
30 120.951 633.172
31 992.237 1415.61
32 760.835 475.341
33 1006.54 619.103
34 333.431 834.471
35 656.768 1324.13
36 1242.43 973.303
37 1215.76 1000.84
38 115.972 1254.92
39 208.86 974.752
40 197.253 911.515
41 1292.48 1136.95
42 367.033 291.062
43 901.256 497.011
44 317.742 567.989
45 1174.92 211.851
46 534.65 1344.53
47 1268.14 133.807
48 205.276 1348.89
49 154.743 49.2828
50 601.045 194.95
51 632.37 609.597
52 1086.35 1002.45
53 779.802 360.534
54 1060.27 682.434
55 1367.63 154.811
56 1096.78 418.939
57 314.691 332.469
58 254.034 897.392
59 109.409 284.894
60 65.8624 730.643
61 394.586 450.523
62 1133.65 1455.76
63 1336.44 190.604
64 623.95 547.302
65 684.136 1445.26
66 1381.94 181.831
67 1181.64 369.825
68 557.228 996.854
69 645.452 955.209
70 352.307 119.627
71 174.275 368.138
72 498.416 749.202
73 658.805 725.425
74 853.72 1008.94
75 491.066 538.204
76 175.271 902.009
77 1422.99 746.338
78 745.626 629.699
79 1146.29 754.815
80 1123.49 1271.38
81 916.099 360.501
82 1420.16 862.989
83 1242.72 1014.87
84 324.021 1210.77
85 1226.07 595.161
86 246.248 1038.76
87 725.437 516.895
88 495.527 218.998
89 529.887 156.848
90 885.319 855.804
91 988.751 313.378
92 342.666 1075.74
93 399.656 1364.6
94 752.687 41.3281
95 854.383 991.241
96 874.637 845.076
97 844.732 614.082
98 892.787 913.054
99 1138.39 250.273
100 145.468 1469.8
101 1315.64 52.5089
102 83.3352 642.769
103 217.821 1007.9
104 990.365 884.503
105 329.403 219.632
106 852.635 1026.1
107 862.929 77.179
108 526.137 969.962
109 354.071 21.7157
110 892.922 533.089
111 1231.21 1382.24
112 493.945 1027.23
113 526.537 180.567
114 703.863 56.0811
115 705.565 1430.77
116 265.59 53.5379
117 1359.03 1207.43
118 1231.51 319.794
119 391.191 1293.25
120 1083.49 73.1382
121 55.1796 953.67
122 1291.99 572.153
123 1292.71 917.004
124 1187.92 362.896
125 1253.65 1161.2
126 981.55 818.505
127 170.88 1444.4
128 1111.92 1179.64
129 496.797 730.359
130 1288.25 705.384
131 663.422 677.953
132 642.374 749.157
133 1291.04 294.038
134 1243.28 987.064
135 239.024 490.279
136 1008.99 1287.99
137 1394.47 719.055
138 970.955 946.958
139 147.161 606.42
140 828.672 320.847
141 1413.34 1041.04
142 373.74 915.239
143 156.73 1372.84
144 164.965 399.746
145 634.379 198.13
146 556.911 1347.85
147 205.283 488.645
148 598.148 1195.66
149 691.859 863.499
150 881.512 1076.52
151 375.122 744.527
152 653.283 1163.47
153 613.516 1269.31
154 688.907 274.857
155 455.503 815.641
156 386.936 27.6124
157 1059.73 402.598
158 1030.6 1329.87
159 1380.97 37.8426
160 651.013 295.14
161 741.895 748.795
162 1379.91 266.799
163 627.552 680.34
164 516.986 27.2834
165 167.757 1106.52
166 1407.69 786.094
167 1374.01 1068.33
168 412.647 941.074
169 1386.78 312.79
170 1203.09 415.034
171 866.623 334.958
172 983.51 111.083
173 498.658 863.545
174 1235.62 436.861
175 558.649 377.101
176 1346.32 714.932
177 581.355 571.248
178 301.79 1142.06
179 336.133 944.695
180 262.467 98.8615
181 1058.05 85.9115
182 1109.44 1434.17
183 107.706 1335.7
184 259.916 169.341
185 456.601 656.995
186 704.569 1241.07
187 110.188 518.422
188 1242.03 1115.99
189 1384.56 335.954
190 1303.85 963.221
191 1100.79 1404.97
192 915.963 266.709
193 1298.55 79.895
194 184.795 1067.5
195 1209.31 483.16
196 624.527 548.129
197 499.379 354.163
198 1160.66 1350.56
199 866.529 524.817
200 116.187 783.016
201 1383.7 716.553
202 1073.02 727.157
203 92.3043 1164.73
204 1319.01 1004.22
205 100.717 1123.18
206 459.47 1414.57
207 1438.09 70.1627
208 1268.18 63.4633
209 185.273 1430.63
210 786.32 99.45
211 950.048 296.219
212 843.505 901.976
213 108.747 259.861
214 1211.65 564.775
215 447.137 821.9
216 973.761 1360.43
217 1244.11 1203.62
218 1352.47 888.803
219 1318.48 497.962
220 333.205 887.853
221 711.857 1175.25
222 478.491 1056.96
223 161.827 1067.6
224 150.963 1421.82
225 287.804 1155.47
226 507.163 101.17
227 1026.8 393.454
228 1018.49 1370.39
229 226.065 1291.8
230 640.97 1042.74
231 539.501 1347.26
232 531.237 379.558
233 497.159 996.989
234 1418.53 1328.88
235 532.829 635.855
236 1387.01 108.73
237 589.92 504.39
238 959.815 505.612
239 1463.43 439.943
240 96.2053 1088.97
241 1008.78 515.571
242 652.52 128.137
243 326.053 1344.86
244 95.9192 12.0861
245 881.611 1149.9
246 977.09 265.52
247 1291.94 827.916
248 402.145 52.2787
249 320.26 1051.93
250 428.536 1097.42
251 620.057 647.715
252 992.101 1040.99
253 438.268 786.863
254 1412.13 421.248
255 1287.64 649.695
256 144.516 917.14
257 1414.07 326.991
258 1406.42 574.519
259 312.441 179.242
260 427.739 231.854
261 198.764 605.979
262 793.248 964.986
263 1231.88 895.276
264 1312.77 1269.25
265 775.503 1230.93
266 629.696 238.191
267 733.323 331.032
268 93.339 1435.76
269 609.691 1370.21
270 366.826 195.538
271 1302.08 430.198
272 1192.78 521.998
273 224.159 1141.07
274 1304.5 692.977
275 1417.08 266.335
276 211.347 1242.2
277 658.171 779.168
278 65.0476 1061.67
279 155.252 1287.69
280 631.374 1415.06
281 893.43 681.072
282 350.658 677.941
283 1016.73 973.994
284 333.341 491.592
285 301.331 84.6479
286 932.485 1237.52
287 384.492 891.371
288 791.164 1439.91
289 817.889 904.725
290 1278.56 1468.21
291 390.059 713.067
292 960.097 1348.57
293 1393.06 395.706
294 449.72 190.016
295 352.353 144.758
296 172.827 993.492
297 161.799 276.882
298 1167.15 759.523
299 411.38 405.133
300 1345.63 830.817
301 314.917 1038.58
302 563.565 1115.45
303 354.797 1333.59
304 394.722 1263.69
305 1395.82 171.14
306 695.245 723.026
307 161.636 1204.04
308 264.627 164.802
309 943.937 665.447
310 236.287 461.127
311 128.964 864.763
312 1405.06 1214.36
313 72.245 350.904
314 489.962 1259.53
315 890.931 315.189
316 739.184 1288.63
317 222.818 624.448
318 820.406 246.113
319 1431.86 1452.68
320 105.868 498.698
321 635.176 513.669
322 164.271 756.58
323 330.578 1443.54
324 1111.99 638.616
325 42.3692 1418.74
326 32.5885 1405.05
327 397.814 471.309
328 231.175 990.924
329 1438.61 950.999
330 562.298 490.357
331 1221.45 277.063
332 1335.28 596.79
333 334.935 418.034
334 881.661 169.296
335 1417.2 1109.79
336 1316.61 399.882
337 80.8342 1174.87
338 621.511 1383.02
339 306.769 534.187
340 809.134 880.598
341 638.749 215.365
342 92.0263 299.885
343 634.334 710.997
344 516.714 883.733
345 1287.12 1318.69
346 963.641 1041.07
347 1377.86 1413.88
348 1023.61 444.379
349 1198.74 1085.16
350 974.718 1247.98
351 1290.54 508.916
352 465.564 989.2
353 1162.71 921.44
354 422.153 629.608
355 298.395 597.288
356 393.888 429.984
357 454.79 781.111
358 97.274 1143.61
359 1260.26 32.0938
360 1015.68 760.881
361 820.994 1290.59
362 561.501 11.3497
363 1465.41 689.438
364 431.478 925.276
365 140.578 421.474
366 119.412 794.83
367 539.166 609.374
368 149.29 696.557
369 595.93 406.569
370 1282.58 792.658
371 13.2177 523.866
372 87.7979 728.52
373 1474.32 1377.5
374 614.019 846.241
375 938.552 1106.39
376 1141.86 1253.51
377 1109.57 81.434
378 499.694 401.59
379 1261.93 1450.92
380 1305.21 873.038
381 702.532 550.969
382 867.121 130.095
383 77.9485 705.882
384 657.082 737.523
385 1031.03 659.019
386 1209.05 580.174
387 1394.25 875.935
388 955.959 190.571
389 902.233 149.65
390 698.924 91.0305
391 1191.09 833.702
392 507.394 707.681
393 81.3742 619.921
394 447.05 562.376
395 1152.34 1216.58
396 1007.51 1130.8
397 1371.25 619.605
398 1280.24 1237.3
399 531.516 81.5698
400 93.9048 1454.66
401 1288.95 585.009
402 1054.46 1403.42
403 1466.14 1275.24
404 811.443 1252.83
405 569.422 917.638
406 441.092 1245.5
407 952.81 178.835
408 190.498 486.419
409 1208.79 218.953
410 900.074 182.864
411 1318.24 1440.9
412 334.246 198.266
413 979.83 552.327
414 793.155 553.063
415 867.075 14.3825
416 1189.69 114.149
417 1003.33 694.372
418 1419.75 821.719
419 1151.66 130.009
420 1108.75 190.514
421 680.759 250.322
422 1320.41 1121.02
423 764.366 685.241
424 668.555 525.089
425 993.234 630.773
426 1032.53 300.387
427 270.421 77.5742
428 126.624 874.273
429 123.486 945.839
430 144.447 575.014
431 265.079 1308.91
432 1091.67 537.298
433 71.2426 642.6
434 1122.23 271.281
435 177.52 1027.8
436 1329.08 128.511
437 869.644 1129.39
438 824.842 1174.12
439 1206.71 454.066
440 1123.92 991.2
441 1215.17 512.9
442 331.938 1300.31
443 138.668 1406.11
444 916.125 1321.05
445 1274.44 1184.06
446 150.45 1163.02
447 397.574 1084.94
448 359.414 978.023
449 786.637 1340.02
450 1465.02 728.232
451 1172.08 1342.55
452 1133.92 726.161
453 260.779 1249.25
454 723.463 1402.47
455 1099.21 1162.98
456 665.867 213.011
457 515.037 90.1213
458 1397.5 565.421
459 897.087 1281.26
460 1293.44 411.73
461 1150.49 1046.77
462 777.946 1050.04
463 826.562 1387.94
464 833.307 725.524
465 702.085 295.758
466 252.55 917.095
467 81.2077 985.673
468 291.198 312.79
469 1456.29 128.104
470 483.896 1116.31
471 245.705 325.872
472 1433.85 737.647
473 569.431 1243.05
474 930.767 621.276
475 61.6122 598.589
476 226.648 705.055
477 90.2544 447.955
478 716.927 1050.39
479 1104.16 22.7689
480 450.726 1161.52
481 536.567 1377.76
482 1336.35 682.706
483 1355.66 758.346
484 1135.59 1268.13
485 567.611 717.051
486 1354 549.249
487 496.345 1143.73
488 1259.19 1308.18
489 622.956 933.876
490 223.18 278.523
491 822.624 288.108
492 417.129 345.641
493 656.995 1378
494 1433.53 48.797
495 1315.5 1276.24
496 726.071 297.399
497 603.264 50.8793
498 791.752 206.9
499 982.052 483.477
500 614.308 893.499
501 108.739 225.335
502 959.102 1444.67
503 21.0941 482.448
504 976.212 568.544
505 1204.76 783.74
506 208.65 1308.1
507 782.022 177.522
508 662.778 1105.31
509 885.183 961.489
510 1027.6 205.052
511 42.8477 1042.62
512 209.538 217.323
513 1087.19 1197.87
514 1332.46 517.472
515 1012.38 1186.55
516 311.703 405.302
517 347.066 1222.28
518 320.621 355.159
519 163.954 253.841
520 1022.2 64.8997
521 637.575 83.2447
522 319.425 871.511
523 425.113 475.115
524 1460.14 1414.24
525 314.872 33.7195
526 1438.85 922.029
527 453.749 1401.67
528 243.442 1105.36
529 403.911 216.089
530 1157.3 379.5
531 1483.19 1096.39
532 578.529 1050.9
533 698.707 366.838
534 157.326 54.8174
535 330.625 235.022
536 1320.15 1458.38
537 420.747 648.122
538 1412.58 485.152
539 544.825 649.028
540 470.803 1323.03
541 372.868 385.759
542 1060.27 481.497
543 1132.06 927.675
544 977.793 803.657
545 1084.74 1102.5
546 904.556 896.725
547 1176.72 199.386
548 658.222 1014.6
549 67.5874 195.686
550 1023.69 727.199
551 200.937 1334.63
552 878.98 1171.67
553 1050.17 245.204
554 1106.94 842.496
555 664.473 363.567
556 1115.63 1364.01
557 1010.61 1459.47
558 909.854 1205.93
559 1207.66 154.901
560 443.719 1469.75
561 629.971 242.887
562 1282.57 349.579
563 366.217 424.359
564 623.795 86.0059
565 1167.15 594.478
566 1049.23 1477.8
567 1036.46 1034.23
568 1334.3 247.833
569 910.376 1232.78
570 582.08 413.145
571 538.51 251.364
572 1281.58 337.139
573 730.779 1315.56
574 1384.56 1359.26
575 1218.21 303.329
576 1323.22 1109.51
577 1046.56 1284.93
578 1479.66 1352.91
579 1424.53 1429.54
580 131.833 762.679
581 786.184 411.832
582 1309.16 205.464
583 1208.43 379.06
584 263.902 843.718
585 113.754 1200.82
586 893.96 607.144
587 859.294 686.961
588 191.745 1377.17
589 1303.4 631.645
590 1014.96 1168.22
591 669.85 765.226
592 492.992 449.449
593 560.17 1172.85
594 705.74 1061.77
595 1235.81 838.908
596 221.126 523.006
597 802.526 834.155
598 426.77 1328.38
599 1181.85 785.674
600 25.5754 1387.95
601 878.55 227.237
602 207.568 1334.48
603 1049.01 345.698
604 1034.85 155.082
605 450.183 491.942
606 1204.45 1426.37
607 900.297 663.365
608 1422.18 1349.48
609 878.347 1271.52
610 1102.39 464.737
611 667.567 32.7606
612 91.0151 753.272
613 735.667 443.338
614 371.953 698.446
615 911.663 646.266
616 297.671 1102.86
617 487.11 1079.45
618 809.632 923.251
619 221.352 835.377
620 469.456 423.544
621 569.196 873.82
622 497.992 110.178
623 869.237 1061.13
624 1211.75 1449.42
625 589.684 1424.38
626 633.592 298.712
627 463.627 380.191
628 313.061 790.382
629 922.979 772.107
630 49.8721 1342.18
631 115.154 1124.46
632 989.6 1188.78
633 1126.68 139.001
634 189.337 1472.5
635 677.636 584.058
636 914.379 1252.43
637 35.3982 555.462
638 1337.26 906.581
639 1284.07 458.955
640 703.567 985.661
641 172.102 552.199
642 1129.53 660.106
643 796.098 984.891
644 1040.91 543.784
645 524.953 38.7932
646 217.957 951.621
647 413.869 903.379
648 728.968 1114.86
649 93.0318 1308.82
650 254.114 780.888
651 682.298 20.7319
652 1178.01 154.21
653 1331.57 608.967
654 757.174 702.747
655 265.532 657.073
656 1463.93 523.583
657 1425.39 376.241
658 1355.88 908.856
659 914.741 991.591
660 674.286 139.013
661 97.8091 1371.34
662 565.783 863.545
663 705.792 100.578
664 706.969 177.806
665 897.693 54.5911
666 633.438 1443.21
667 442.685 241.677
668 1145.82 702.306
669 215.694 391.327
670 1443.61 506.933
671 489.872 431.976
672 1004.5 365.151
673 237.048 422.334
674 1374.5 1415.79
675 812.982 1112.37
676 685.92 1204.94
677 973.632 13.0367
678 907.393 99.6189
679 1130.12 530.69
680 605.029 1058.72
681 264.4 1078.47
682 334.906 762.227
683 972.953 1106.35
684 1252.44 1127.63
685 627.798 1276.5
686 1153.71 300.391
687 647.624 1146.99
688 1059.05 335.563
689 892.56 240.183
690 1449.24 302.91
691 1209.13 450.93
692 122.355 780.662
693 71.0939 1114.13
694 664.554 705.29
695 824.864 1447.8
696 465.507 1007.45
697 933.77 292.77
698 1402.9 1089.64
699 1352.56 88.2692
700 1141.48 496.933
701 42.6295 60.192
702 148.609 449.222
703 1358.78 15.3784
704 177.308 1193.35
705 302.017 106.228
706 1411.82 379.105
707 310.898 229.352
708 942.398 218.048
709 96.291 1343.86
710 193.268 398.376
711 330.375 1282.66
712 268.882 403.503
713 1146 1116.62
714 588.693 1401.07
715 1020.02 98.8947
716 926.956 583.527
717 302.922 956.283
718 1091.91 873.548
719 64.3201 777.946
720 1339.88 1017.71
721 1213.9 474.514
722 38.5216 1009.88
723 480.433 1225.36
724 54.6364 1036.36
725 1014.73 886.902
726 1217.16 676.085
727 267.478 518.649
728 464.658 614.308
729 356.879 963.678
730 192.288 934.386
731 1259.04 24.2506
732 402.37 259.273
733 553.58 249.36
734 1208.2 626.621
735 506.774 742.988
736 366.325 739.062
737 924.563 764.852
738 1128.17 818.447
739 840.594 649.39
740 664.826 882.318
741 1210.64 606.477
742 100.446 469.263
743 908.483 1365.32
744 823.212 25.5716
745 530.475 1366.8
746 63.1642 1248.13
747 719.598 357.456
748 178.565 203.694
749 519.35 201.015
750 370.323 1139.04
751 465.247 1175.25
752 171.152 533.813
753 842.003 802.526
754 472.444 819.455
755 1407.68 475.251
756 1379.58 35.0692
757 1396.16 700.269
758 1344.67 814.065
759 119.899 1038.95
760 616.536 425.865
761 603.318 628.872
762 505.579 1071.13
763 272.956 1257.81
764 484.14 137.881
765 1200.53 1330.15
766 881.017 1072.98
767 399.973 1313.16
768 831.903 384.57
769 1383.61 1291.22
770 657.329 156.7
771 1480.45 1220.51
772 554.559 101.166
773 1144.5 1152.97
774 759.84 32.5464
775 86.368 377.871
776 165.765 32.5012
777 547.043 272.219
778 465.88 1296.47
779 1383.74 795.407
780 1054.98 222.031
781 1118.19 1352.09
782 1042.53 746.338
783 1415.5 671.48
784 614.535 807.448
785 714.253 746.836
786 87.5902 189.88
787 1252.55 495.744
788 425.05 1217.71
789 275.807 481.123
790 332.345 351.526
791 699.028 173.131
792 877.396 1387.68
793 1118.9 121.676
794 806.189 576.737
795 1353.37 1049.63
796 714.935 71.4754
797 1158.37 1177.23
798 401.919 977.072
799 290.401 397.652
800 160.786 513.817
801 165.49 1000.6
802 1178.5 26.9213
803 592.026 969.739
804 575.561 1323.35
805 1419.37 40.2296
806 49.2464 124.12
807 1437.23 631.193
808 1019.67 993.401
809 633.367 818.311
810 471.72 591.4
811 936.559 439.4
812 241.496 1440.68
813 716.992 217.731
814 1290.36 158.749
815 642.328 449.268
816 651.427 823.245
817 594.301 592.49
818 560.125 702.928
819 900.12 1467.12
820 1070.95 973.575
821 130.331 823.574
822 574.112 304.313
823 13.8967 122.705
824 962.293 1303.58
825 493.477 901.202
826 1186.18 1322.4
827 1226.69 1256.04
828 387.298 1398.41
829 136.161 132.359
830 554.376 353.575
831 882.045 772.156
832 791.206 1390.4
833 737.594 986.08
834 1392.98 145.757
835 1087.14 1426.06
836 662.11 728.289
837 354.118 1254.37
838 244.89 463.107
839 955.48 955.513
840 198.493 859.742
841 578.412 1124.37
842 1277.68 1086.93
843 322.552 111.762
844 131.498 506.653
845 878.183 221.928
846 1400.18 1146.64
847 139.465 1137.5
848 522.418 234.159
849 1104.32 454.552
850 817.328 184.822
851 1107.65 1126.08
852 335.347 280.458
853 1319.96 736.063
854 1164.57 1149.13
855 1311.59 1309.78
856 53.2331 142.35
857 189.439 271.186
858 1346.31 454.914
859 131.363 648.032
860 885.735 799.398
861 312.491 231.944
862 965.782 602.856
863 784.062 391.372
864 818.131 1144.86
865 753.816 1169.12
866 476.246 692.743
867 345.291 607.926
868 360.41 1135.04
869 501.885 481.938
870 570.019 1454.48
871 84.4216 214.155
872 77.9485 388.426
873 676.238 271.54
874 58.8639 1383.12
875 1132.54 1376
876 731.639 1360.79
877 773.945 839.78
878 1014.94 377.607
879 833.893 1083.16
880 985.899 1309.81
881 1247.54 1169.58
882 234.977 41.4601
883 1371.58 1313.08
884 940.045 1121.23
885 187.244 1175.69
886 30.975 95.8166
887 1167.1 248.602
888 798.225 139.148
889 1427.7 1054.96
890 539.003 1474.55
891 734.445 284.939
892 1215.31 528.71
893 1218.98 257.248
894 585.96 798.711
895 736.636 1350.93
896 1326.89 237.471
897 421.519 1195.71
898 1178.19 951.587
899 273.78 355.6
900 666.399 67.0393
901 1290.68 96.405
902 123.486 742.05
903 173.523 359.097
904 1119.43 396.656
905 658.534 894.449
906 644.184 641.781
907 403.775 1043.38
908 908.434 835.377
909 482.81 352.522
910 830.364 1101.81
911 639.066 624.708
912 272.05 439.523
913 829.006 1403.98
914 917.276 469.942
915 545.04 1394.07
916 165.946 835.434
917 728.9 116.153
918 507.344 1154.47
919 1318.92 341.715
920 40.1059 245.738
921 1198.83 822.801
922 828.626 1218.28
923 398.06 84.1831
924 812.167 1104.04
925 1080.42 117.363
926 261.742 1372.84
927 778.237 434.861
928 197.135 774.403
929 376.117 318.761
930 1341.16 1351.73
931 634.964 1042.39
932 1294.43 1255.72
933 638.898 1082.95
934 515.085 542.64
935 586.854 526.714
936 838.32 950.625
937 613.901 327.535
938 1386.78 608.774
939 895.14 228.051
940 270.854 1470.52
941 1482.94 549.928
942 481.704 16.1027
943 986.035 836.611
944 1358.26 848.051
945 370.954 658.25
946 803.337 1296.43
947 110.312 847.701
948 590.634 333.341
949 406.355 424.495
950 582.69 61.6035
951 578.412 947.954
952 479.189 317.457
953 942.736 683.747
954 62.773 918.498
955 218.998 555.45
956 728.289 218.636
957 1280.11 947.547
958 143.665 321.514
959 1308.35 763.416
960 1391.44 1065.75
961 627.526 1307.1
962 1230.12 75.1873
963 525.892 508.929
964 543.603 1135.72
965 1227.3 879.195
966 889.663 1058.49
967 430.718 574.372
968 880.204 444.457
969 1435.37 111.162
970 1091.12 912.827
971 99.7216 454.054
972 1184.3 1163.52
973 1347.12 1242.69
974 1351.88 775.354
975 1315.17 1240.1
976 315.651 1125.58
977 350.754 825.328
978 1416.29 387.796
979 928.581 1462.54
980 1038.77 1062.89
981 967.872 1032.47
982 1454.13 1467.94
983 530.204 299.424
984 883.24 370.945
985 665.595 472.703
986 1270.17 1305.06
987 359.55 97.5819
988 60.2461 20.0982
989 17.518 1230.65
990 234.402 213.237
991 1291.84 916.72
992 471.716 671.253
993 1176.06 638.345
994 1470.43 24.3864
995 1237.58 793.291
996 1001.82 10.4896
997 1137.06 948.102
998 904.873 1357.93
999 399.973 1450.1
1000 1284.31 470.905
1001 1268 951.089
1002 1278.16 340.674
1003 1337.86 1332.45
1004 670.308 665.007
1005 111.672 1394.07
1006 1089.02 1427.83
1007 1061.72 1474.82
1008 490.622 273.26
1009 4.79822 661.735
1010 1460.09 532.874
1011 873.503 736.346
1012 56.447 977.616
1013 753.525 813.694
1014 537.718 211.846
1015 1400.48 449.256
1016 535.967 506.019
1017 1433.67 1000.79
1018 1397.66 1135.01
1019 996.983 187.571
1020 232.08 156.745
1021 994.998 1210.37
1022 1217.03 152.185
1023 906.598 936.695
1024 1309.2 743.182
1025 951.186 1297.86
1026 56.9902 1276.15
1027 1340.7 1059
1028 748.659 859.29
1029 895.638 708.993
1030 718.24 412.738
1031 113.064 1296.46
1032 1460.89 66.4056
1033 1072.26 501.538
1034 46.4885 1460.79
1035 798.859 1325.84
1036 1148.72 670.064
1037 327.594 204.818
1038 388.267 1418.41
1039 145.368 553.911
1040 1332.38 1182.66
1041 1000.25 1150.08
1042 1025.15 959.723
1043 592.146 1385.5
1044 1078.6 874.68
1045 678.958 1235.95
1046 835.977 1448.7
1047 451.712 1156.78
1048 974.628 596.79
1049 1321.55 1271.53
1050 733.022 397.199
1051 258.787 985.932
1052 263.597 680.484
1053 1126.88 16.9175
1054 28.4725 10.4112
1055 771.033 2.80651
1056 1071.1 151.449
1057 1146.58 425.083
1058 951.452 71.9734
1059 381.821 548.129
1060 1432.32 661.929
1061 1441.08 888.791
1062 1076.17 427.449
1063 803.63 295.033
1064 1060 346.637
1065 803.161 886.4
1066 212.786 737.7
1067 1099.12 583.198
1068 1452.13 303.691
1069 1285.14 853.673
1070 1228.89 861.767
1071 155.404 1083.93
1072 765.718 1125
1073 1152.43 278.161
1074 1369.21 13.7941
1075 921.359 543.693
1076 45.9905 944.345
1077 203.698 230.315
1078 1399.23 1251.34
1079 482.719 1280.8
1080 1200.67 1061.58
1081 543.331 1082.31
1082 196.818 1211.95
1083 851.73 645.847
1084 471.059 729.408
1085 1222.23 242.858
1086 185.139 961.851
1087 250.594 864.8
1088 238.463 1065.47
1089 757.621 812.978
1090 732.245 35.2172
1091 187.709 242.389
1092 462.45 615.666
1093 709.503 611.095
1094 952.087 863.759
1095 1158.66 554.285
1096 285.675 1409.86
1097 1441.68 982.085
1098 1361.84 465.189
1099 933.98 160.65
1100 597.288 171.74
1101 437.702 768.621
1102 859.698 493.3
1103 346.649 1397.41
1104 521.465 458.593
1105 89.9537 424.688
1106 510.106 139.918
1107 1069.12 580.766
1108 415.409 854.162
1109 404.952 991.376
1110 1328.19 177.625
1111 1193.67 913.292
1112 1340.06 125.194
1113 675.979 837.685
1114 894.461 390.735
1115 1082.73 97.5819
1116 159.292 665.538
1117 108.319 1355.82
1118 186.819 327.592
1119 1421.04 264.071
1120 1020.3 257.236
1121 183.627 113.709
1122 1110.16 335.695
1123 1181.9 742.005
1124 143.404 1271.12
1125 1388.63 819.488
1126 869.927 450.218
1127 914.514 667.179
1128 307.429 699.804
1129 349.996 520.562
1130 631.374 578.503
1131 1375.16 305.543
1132 479.08 298.486
1133 838.221 49.5213
1134 623.95 860.997
1135 1400.72 1438.06
1136 1262.52 782.201
1137 680.369 1181.17
1138 667.362 1405.37
1139 1356.47 1368.25
1140 852.183 1416.7
1141 604.531 1328.2
1142 1196.01 98.3967
1143 850.374 605.379
1144 90.3515 334.596
1145 594.482 1479.7
1146 653.433 392.817
1147 205.962 414.853
1148 1112.52 594.346
1149 716.9 517.846
1150 1310.78 734.445
1151 367.358 576.194
1152 674.332 491.851
1153 1218.88 1439.92
1154 619.65 436.14
1155 815.506 1163.66
1156 749.961 907.087
1157 426.314 927.629
1158 1272.11 173.493
1159 926.238 48.1059
1160 849.509 77.0846
1161 317.679 459.486
1162 181.201 810.583
1163 144.833 497.283
1164 1158.24 1061.07
1165 518.48 749.428
1166 1060.59 841.274
1167 873.784 747.346
1168 319.761 1355
1169 1135.58 535.862
1170 1283.61 523.003
1171 892.289 726.701
1172 69.5742 1077.93
1173 610.732 1022.7
1174 2.58018 418.8
1175 422.289 1132.79
1176 1018.76 25.5754
1177 989.113 1380.89
1178 984.687 873.458
1179 172.419 78.0722
1180 684.516 197.666
1181 927.506 1084.85
1182 279.383 559.841
1183 580.811 659.303
1184 1435.8 277.437
1185 360.184 1372.79
1186 1338.39 1019.12
1187 890.774 411.648
1188 345.653 1466.3
1189 1208.28 859.516
1190 173.079 824.661
1191 1362.01 1287.87
1192 989.43 801.484
1193 1117.94 259.24
1194 105.108 607.881
1195 499.332 847.566
1196 675.508 551.977
1197 436.085 760.156
1198 1127.44 1206.61
1199 1057.87 769.119
1200 473.259 1257.04
1201 1265.84 925.876
1202 1370.57 1125.13
1203 68.2955 825.113
1204 1321.41 558.211
1205 884.015 1460.65
1206 1121.12 803.159
1207 281.401 640.291
1208 933.025 1113.87
1209 1136.73 992.463
1210 86.6396 72.9692
1211 281.068 146.741
1212 683.702 592.387
1213 905.285 513.998
1214 1434.62 1266.55
1215 425.772 1293.85
1216 496.209 904.782
1217 1012.68 1477.71
1218 59.8517 69.9816
1219 49.2497 367.64
1220 1453.57 251.36
1221 242.336 1039.99
1222 871.421 881.063
1223 1414.43 914.873
1224 17.8349 681.348
1225 524.098 156.564
1226 1187.15 553.096
1227 1286.29 1032.48
1228 536.088 1429.59
1229 1416.65 563.474
1230 65.0476 601.712
1231 316.397 805.83
1232 1185.82 179.378
1233 624.694 1293.29
1234 196.654 1308.05
1235 772.197 267.014
1236 233.657 597.013
1237 1400.72 778.534
1238 1245.68 1363.69
1239 719.263 976.389
1240 1326.57 532.002
1241 598.103 1066.52
1242 112.821 85.1458
1243 1051.49 172.464
1244 348.414 1011.52
1245 1299.67 754.679
1246 292.873 997.656
1247 917.819 753.4
1248 392.096 1389.9
1249 1051.6 774.551
1250 566.994 807.188
1251 1479.02 794.966
1252 394.921 276.396
1253 1034.65 39.2459
1254 3.53077 297.432
1255 1385.84 585.429
1256 1010.13 1268.49
1257 532.011 112.622
1258 1319.77 197.62
1259 1066.34 1132.38
1260 164.543 1084.81
1261 1439.18 811.114
1262 334.545 1406.64
1263 1224.59 731.635
1264 381.477 37.4805
1265 794.659 539.438
1266 105.768 891.235
1267 745.862 164.123
1268 495.801 1104.98
1269 1224.38 337.592
1270 1084.58 947.592
1271 84.8096 1226.84
1272 732.227 671.241
1273 280.492 1179.77
1274 384.446 1363.77
1275 753.774 1325.03
1276 364.872 1432.81
1277 148.211 1187.37
1278 731.92 1254.51
1279 1152.93 541.2
1280 1149.27 793.97
1281 892.052 1182.85
1282 728.696 735.565
1283 235.52 78.389
1284 619.079 471.029
1285 1032.52 699.319
1286 441.256 335.456
1287 420.208 881.458
1288 1141.23 1474.45
1289 1405.83 203.019
1290 876.943 1128.71
1291 1278.91 1344.12
1292 961.593 836.158
1293 1084.08 622.954
1294 550.8 68.2163
1295 421.519 293.63
1296 158.522 701.989
1297 852.454 348.731
1298 1218.57 1398
1299 1089.93 1245.17
1300 320.711 13.5225
1301 680.895 1095.7
1302 227.119 571.939
1303 1413.67 1146.36
1304 805.211 128.149
1305 1049.68 160.559
1306 114.659 1344.44
1307 91.1663 175.983
1308 1272.66 367.743
1309 287.171 1228.65
1310 1137.42 1097.07
1311 855.27 507.752
1312 467.284 41.7808
1313 50.6497 47.2911
1314 325.317 723.207
1315 864.45 304.132
1316 709.051 798.802
1317 1387 275.717
1318 491.727 30.0568
1319 381.051 189.201
1320 323.111 692.574
1321 491.637 608.655
1322 771.82 457.461
1323 1217.94 746.441
1324 1340.52 416.709
1325 329.312 267.919
1326 334.967 87.0018
1327 759.956 19.3287
1328 55.089 934.872
1329 819.777 384.99
1330 21.5467 769.198
1331 847.837 1219.37
1332 269.714 725.034
1333 211.167 311.522
1334 1367.78 1351.97
1335 1121.45 657.164
1336 674.901 1187.2
1337 815.426 624.312
1338 242.265 638.604
1339 1188.69 415.227
1340 1380.39 755.301
1341 876.989 1271.57
1342 801.53 1338.1
1343 267.521 1322.09
1344 1255.51 1190.86
1345 688.681 1336.53
1346 958.151 744.671
1347 78.3559 974.85
1348 999.777 413.405
1349 813.48 1228.07
1350 536.402 947.559
1351 215.105 1125.95
1352 215.694 67.7967
1353 178.983 556.232
1354 46.1312 324.238
1355 595.297 760.066
1356 167.783 442.692
1357 1395.65 655.489
1358 1222.14 1431.81
1359 499.785 971.142
1360 111.241 866.438
1361 855.442 808.081
1362 1340.65 1027.89
1363 1257.41 42.2787
1364 4.07396 257.022
1365 309.063 184.505
1366 352.572 51.0603
1367 1035.22 131.17
1368 1353.37 1171.94
1369 759.523 781.929
1370 771.654 377.78
1371 1098.43 1386.87
1372 1108.84 1078.2
1373 1316.98 1399.04
1374 1030.03 664.554
1375 244.344 369.694
1376 1321.77 146.436
1377 80.7098 409.75
1378 400.855 932.078
1379 128.556 268.145
1380 376.502 1178.37
1381 982.292 1417.42
1382 1476.18 904.589
1383 304.37 848.335
1384 868.134 1305.3
1385 1.76538 963.266
1386 213.526 1268.48
1387 1249.98 1415.06
1388 1141.75 511.464
1389 1226.06 1228.8
1390 976.574 1311.95
1391 1143.14 956.974
1392 1461.04 85.9154
1393 948.396 1014.1
1394 42.4484 1145.69
1395 1310.83 995.484
1396 906.537 866.125
1397 273.748 449.21
1398 970.095 560.973
1399 305.048 727.384
1400 288.306 800.295
1401 404.952 165.255
1402 1005.66 461.259
1403 1292.26 858.742
1404 464.026 598.601
1405 1039.2 1279.8
1406 1306.52 1099.28
1407 1187.33 673.517
1408 651.472 1415.25
1409 291.515 1149.63
1410 493.853 1423.13
1411 1226.95 1257.04
1412 413.414 1172.26
1413 1009.36 848.018
1414 105.063 833.759
1415 91.981 63.418
1416 68.7982 457.778
1417 95.0592 302.696
1418 174.437 780.605
1419 433.017 1371.75
1420 1338.67 1088.01
1421 710.599 102.709
1422 880.655 962.542
1423 377.611 121.857
1424 354.027 860.104
1425 1089.21 723.116
1426 184.867 1185.03
1427 901.611 986.126
1428 1139.94 5.61302
1429 1157.87 1395.97
1430 763.28 920.975
1431 1327.39 324.967
1432 813.118 455.152
1433 421.093 1350.51
1434 1174.12 1275.47
1435 881.15 1051.9
1436 414.82 1194.21
1437 812.589 1157
1438 1040.6 1339.34
1439 1202.84 1098.66
1440 1243.28 1376.18
1441 1450.82 784.679
1442 108.089 57.8834
1443 96.8245 624.798
1444 750.828 1323.71
1445 415.221 73.0929
1446 1476.39 362.48
1447 397.347 1235.72
1448 81.337 1265.36
1449 818.821 1396.18
1450 899.248 468.959
1451 884.141 78.4012
1452 609.148 985.854
1453 133.309 1095.72
1454 926.384 1147.31
1455 1139.49 939.139
1456 1394.7 145.021
1457 806.6 999.932
1458 727.175 997.578
1459 40.287 378.788
1460 197.18 1469.69
1461 370.703 564.413
1462 905.552 1337.57
1463 1403.12 1394.05
1464 1114.18 699.533
1465 617.794 1222.4
1466 1018.31 992.685
1467 642.318 129.914
1468 174.773 887.84
1469 1036.13 519.159
1470 98.8631 280.096
1471 1155.15 1179.73
1472 481.135 916.234
1473 742.846 909.309
1474 1274.23 1213.95
1475 1240.01 882.285
1476 1148.56 118.45
1477 832.13 704.784
1478 162.234 1158.09
1479 545.775 1376.81
1480 1410.14 307.346
1481 1393.6 199.579
1482 483.308 647.579
1483 1150.22 407.248
1484 917.502 1323.75
1485 285.603 1282.8
1486 874.906 692.245
1487 207.007 1391.11
1488 1267.61 317.086
1489 1465.32 769.831
1490 973.677 971.221
1491 411.199 430.618
1492 825.943 151.235
1493 1082 816.603
1494 889.38 1288.9
1495 144.517 576.873
1496 849.772 120.499
1497 857.343 562.252
1498 539.8 1218.48
1499 1085.26 135.889
1500 1370.62 1405.24
1501 1386.03 617.148
1502 956.205 1217.16
1503 766.584 1018.22
1504 886.449 113.664
1505 113.237 799.571
1506 1242.63 180.477
1507 69.4853 1189.28
1508 907.543 327.275
1509 720.911 106.376
1510 79.216 167.066
1511 1394.52 363.567
1512 1335.26 264.759
1513 388.747 594.243
1514 447.723 689.99
1515 1076.21 1300.41
1516 542.867 772.502
1517 974.628 1049.32
1518 148.318 681.303
1519 1358.48 385.747
1520 984.677 790.485
1521 939.951 513.986
1522 698.956 1276.46
1523 429.999 510.694
1524 396.316 366.023
1525 1301.18 872.549
1526 715.343 1444.31
1527 737.659 1107.06
1528 966.435 1008.58
1529 292.239 1190.82
1530 647.398 1114.23
1531 964.597 71.6609
1532 602.675 1151.8
1533 222.725 633.954
1534 349.894 659.213
1535 1119.99 985.084
1536 956.929 1076.97
1537 698.187 1297.68
1538 117.154 150.996
1539 1287.25 1319.92
1540 907.591 425.277
1541 488.124 949.234
1542 269.244 1392.21
1543 564.107 544.327
1544 45.1305 813.061
1545 378.924 1283.29
1546 941.357 1000.51
1547 257.972 620.736
1548 56.4018 1061.35
1549 726.448 1432.54
1550 852.771 347.135
1551 991.512 930.72
1552 510.241 221.295
1553 1176.79 849.364
1554 134.622 585.564
1555 1031.69 1238.07
1556 1134.75 788.629
1557 62.6254 1135.59
1558 1420.55 1032.01
1559 286.503 176.222
1560 804.679 746.564
1561 77.5864 899.338
1562 1266.83 1291.67
1563 1336.94 629.642
1564 1364.72 104.734
1565 512.147 937.814
1566 1150.88 575.153
1567 487.49 66.0435
1568 305.547 1322.94
1569 918.187 48.5133
1570 1131.58 52.0109
1571 712.163 665.55
1572 1034.94 1058.91
1573 156.667 1222.82
1574 55.0438 108.672
1575 108.096 1005.23
1576 712.174 1218.61
1577 380.78 531.957
1578 412.149 834.031
1579 718.24 1141.47
1580 1366.36 953.172
1581 727.927 1034.29
1582 1406.02 175.666
1583 1416.02 1293.02
1584 756.795 252.438
1585 601.532 370.459
1586 827.467 544.948
1587 910.626 261.911
1588 17.7444 1325.11
1589 629.518 1322.01
1590 862.883 843.932
1591 1181.9 354.522
1592 487.008 120.77
1593 790.671 1434.35
1594 990.924 1082.23
1595 919.581 575.515
1596 204.893 1431.46
1597 565.068 330.353
1598 200.032 747.062
1599 87.0939 550.516
1600 50.3534 576.19
1601 321.68 835.875
1602 1236.23 768.666
1603 927.46 481.485
1604 170.563 178.756
1605 676.866 1359.89
1606 1095.53 369.369
1607 337.358 1343.26
1608 245.886 935.325
1609 425.393 176.662
1610 10.7281 393.5
1611 260.598 502.184
1612 1378.09 473.473
1613 454.289 492.814
1614 617.751 449.087
1615 1141.25 629.473
1616 1007.67 1146.46
1617 731.212 8.96272
1618 1129.71 493.481
1619 1029.08 387.113
1620 589.718 250.549
1621 487.98 1463.72
1622 246.961 849.5
1623 127.334 94.5038
1624 1193.94 1037.23
1625 1019.03 860.997
1626 215.377 346.456
1627 809.859 1479.06
1628 213.456 1474.82
1629 111.853 346.011
1630 350.587 802.921
1631 1294.71 283.865
1632 1423.48 438.935
1633 696.648 537.344
1634 962.044 928.761
1635 595.03 1203.86
1636 1330.94 939.226
1637 790.738 89.8497
1638 311.115 902.247
1639 751.601 495.892
1640 1404.7 1307.38
1641 1377.14 531.471
1642 369.237 808.727
1643 64.8213 1434.67
1644 1253.1 32.8059
1645 777.367 204.287
1646 265.196 1076.24
1647 887.27 1357.43
1648 485.481 1368.79
1649 468.713 156.247
1650 635.403 939.184
1651 165.629 154.21
1652 118.615 671.163
1653 186.864 258.063
1654 840.604 571.112
1655 933.571 126.157
1656 885.377 305.14
1657 397.438 1119.89
1658 1168.58 1168.45
1659 1.31272 942.576
1660 58.6376 1439.34
1661 231.175 1239.2
1662 487.658 434.453
1663 1389.41 363.624
1664 658.239 725.482
1665 1116.23 390.874
1666 425.989 1011.37
1667 645.995 1049.27
1668 1258.93 294.445
1669 1417.29 7.74053
1670 55.7199 154.177
1671 339.738 975.747
1672 77.2242 131.894
1673 1465.33 992.327
1674 200.801 1028.76
1675 403.503 63.9944
1676 273.146 1351.59
1677 1111.88 1197.19
1678 374.86 1240.48
1679 950.592 914.91
1680 945.766 913.745
1681 803.476 1420.58
1682 358.328 634.576
1683 1378.36 939.082
1684 12.8104 607.292
1685 1252.43 1249.98
1686 347.136 219.575
1687 967.385 529.117
1688 1479.08 416.709
1689 860.059 1441.77
1690 524.817 1403.44
1691 332.379 1373.64
1692 30.6 179.514
1693 359.123 1163.71
1694 1277.87 314.827
1695 743.679 953.485
1696 1103.05 1073.04
1697 1252.25 623.452
1698 294.418 1007.48
1699 542.607 968.007
1700 1008.45 1462.09
1701 291.017 1432.35
1702 719.507 386.208
1703 1349.98 950.633
1704 298.248 381.368
1705 972.859 152.366
1706 1188.17 229.171
1707 1184.89 1265.69
1708 62.558 263.088
1709 491.23 136.61
1710 964.77 1247.03
1711 813.185 1199.51
1712 1326.71 1480.96
1713 82.9245 220.616
1714 1271.03 359.583
1715 607.654 955.933
1716 517.212 287.429
1717 97.1414 1229.37
1718 376.57 583.651
1719 1064.06 467.103
1720 232.365 44.8136
1721 1007.89 107.314
1722 883.15 392.051
1723 202.838 119.775
1724 70.4812 1187.46
1725 1092.14 1403.03
1726 585.474 483.115
1727 416.993 1028.22
1728 753.05 333.477
1729 399.111 1211.37
1730 713.215 954.982
1731 652.966 7.60473
1732 640.354 99.1784
1733 604.783 1296.83
1734 164.569 1384.92
1735 1161.08 34.9456
1736 1107.62 928.637
1737 105.401 718.602
1738 739.289 231.175
1739 1067.88 568.952
1740 1085.1 143.391
1741 375.307 837.335
1742 948.12 1155.59
1743 232.216 1451.64
1744 1121.24 888.532
1745 668.798 1369.93
1746 876.479 1242.24
1747 1361.26 217.414
1748 1249.26 1266.91
1749 541.52 315.765
1750 871.647 480.411
1751 12.2219 300.523
1752 433.911 397.516
1753 1061.22 862.684
1754 314.709 711.347
1755 509.671 54.5006
1756 919.647 981.089
1757 1101.78 717.187
1758 432.505 275.116
1759 1446.03 1207.93
1760 1040.35 1336.89
1761 1285.59 446.585
1762 1095.31 904.194
1763 868.343 1173.94
1764 1254.37 1248.93
1765 661.476 1337.07
1766 656.587 1466.99
1767 633.235 694.43
1768 498.82 1144.38
1769 755.766 1060.36
1770 80.7113 69.9243
1771 71.8828 1142.33
1772 596.244 1015.01
1773 1460.97 237.907
1774 720.146 1148.9
1775 669.485 563.462
1776 692.076 233.755
1777 134.803 750.107
1778 785.958 1364.23
1779 1195.12 616.979
1780 549.08 685.377
1781 645.461 494.431
1782 1328.48 1119.47
1783 959.237 378.29
1784 1031.49 258.425
1785 64.7323 1414.2
1786 55.5595 1066.28
1787 421.384 1342.1
1788 1227.9 1369.53
1789 170.88 1246.09
1790 446.841 670.698
1791 742.231 57.5666
1792 955.724 491.995
1793 1289.62 876.581
1794 392.876 1114.14
1795 586.298 1152.06
1796 1399.04 1106.62
1797 378.838 1065.51
1798 1072.99 1451.86
1799 1376.66 651.653
1800 349.093 1111.86
1801 964.975 110.89
1802 1414.66 408.109
1803 1361.24 485.164
1804 199.506 316.23
1805 1206.75 15.1642
1806 1304.27 586.787
1807 438.105 355.431
1808 966.103 1411.12
1809 592.673 785.991
1810 919.862 777.81
1811 470.181 529.332
1812 1242.74 559.162
1813 224.674 112.121
1814 85.7796 25.0775
1815 1436.03 826.233
1816 46.9383 917.951
1817 1012.28 836.599
1818 810.313 123.338
1819 275.892 11.4938
1820 1085.17 564.018
1821 579.442 200.336
1822 670.049 788.855
1823 2.94231 673.29
1824 590.432 401.919
1825 1174.69 618.37
1826 494.624 179.378
1827 863.273 1253.2
1828 261.141 499.275
1829 1328.15 71.5207
1830 1103.86 591.663
1831 193.112 717.651
1832 69.6648 771.428
1833 393.59 1066.33
1834 921.847 423.454
1835 568.969 438.811
1836 373.243 184.366
1837 655.708 411.244
1838 1058.06 810.447
1839 636.107 35.0814
1840 1090.55 1126.5
1841 1021.52 677.262
1842 602.947 906.173
1843 433.517 329.942
1844 729.38 1368.72
1845 635.634 379.274
1846 721.499 713.837
1847 990.135 753.671
1848 862.566 103.705
1849 854.735 454.642
1850 607.758 582.26
1851 205.325 92.9648
1852 1253.73 1108.56
1853 1282.3 1228.47
1854 795.328 1226.98
1855 665.459 660.694
1856 743.996 1183.89
1857 1095.44 166.296
1858 1375.23 563.327
1859 1064.3 199.838
1860 728.764 1024.42
1861 406.401 458.14
1862 1278.78 666.986
1863 1235.26 90.6231
1864 874.997 1383.42
1865 899.079 110.483
1866 1435.17 838.636
1867 777.041 708.462
1868 84.9648 1104.27
1869 365.072 401.557
1870 1325.66 702.747
1871 372.224 892.017
1872 989.863 1102.09
1873 250.368 605.741
1874 769.026 1471.24
1875 641.342 13.7941
1876 32.2716 427.437
1877 443.338 718.454
1878 966.617 314.362
1879 675.871 129.009
1880 225.942 167.111
1881 1425.23 961.953
1882 779.53 1033.2
1883 1002.03 1288.14
1884 896.894 1346.7
1885 400.241 724.619
1886 230.677 914.457
1887 910.169 835.875
1888 127.062 1369.65
1889 1303.81 233.483
1890 214.517 372.134
1891 959.192 343.287
1892 177.416 1046.36
1893 170.699 1357.49
1894 1142.7 1437.51
1895 103.524 531.245
1896 1113.01 470.045
1897 1414.39 1305.33
1898 82.0241 36.1556
1899 1182.02 325.057
1900 589.186 1466.21
1901 849.381 1.81065
1902 351.085 160.638
1903 475.205 201.978
1904 1254.96 1201.68
1905 1092.81 1453.05
1906 1423.62 623.983
1907 999.162 1367.39
1908 444.783 104.1
1909 955.978 1174.74
1910 762.672 1479.7
1911 497.205 1049.12
1912 381.776 1199.6
1913 373.99 1389.62
1914 778.004 1381.06
1915 1089.74 155.35
1916 983.736 1398.85
1917 446.959 1065.42
1918 1474.1 190.118
1919 100.344 1018.45
1920 459.659 804.053
1921 554.089 739.017
1922 1033.34 1079.54
1923 593.486 516.748
1924 8.46479 641.682
1925 920.308 580.301
1926 751.148 144.568
1927 1149.63 63.0438
1928 261.995 695.504
1929 1438.44 495.699
1930 1354.81 1150.35
1931 814.992 168.469
1932 1163.16 299.379
1933 974.311 554.602
1934 316.446 765.271
1935 288.8 1104.39
1936 715.723 1104.53
1937 367.834 1024.15
1938 502.378 799.493
1939 585.215 1193.35
1940 172.264 223.163
1941 244.981 958.921
1942 551.316 1171.03
1943 1253.06 803.838
1944 1478.29 983.319
1945 1201.51 1005.82
1946 1010.07 338.715
1947 7.2426 1273.61
1948 1152.61 1414.88
1949 344.205 342.789
1950 995.106 709.989
1951 941.749 396.623
1952 1214.01 850.553
1953 298.709 580.98
1954 547.133 1347.71
1955 140.19 157.889
1956 1474.08 1200.54
1957 1315.48 1395.5
1958 1181.13 193.468
1959 816.885 1292.61
1960 1202.05 376.015
1961 6.51834 325.736
1962 1041.71 1231.1
1963 443.31 1098.2
1964 133.49 130.038
1965 1305.73 270.055
1966 337.272 1076.69
1967 858.066 934.386
1968 1027.86 681.698
1969 1050.41 750.198
1970 641.885 702.94
1971 369.327 758.387
1972 1014.16 644.761
1973 755.768 260.96
1974 1301.69 113.018
1975 623.52 1190.54
1976 560.623 857.512
1977 780.573 562.524
1978 1372.16 1234.37
1979 951.271 355.328
1980 515.424 28.6497
1981 1.49379 12.6293
1982 504.42 1385.87
1983 992.843 214.595
1984 502.953 666.953
1985 245.026 244.347
1986 193.83 1422.04
1987 759.492 858.109
1988 458.864 1282.21
1989 1200.55 72.3234
1990 1471.12 1137.26
1991 415.409 218.002
1992 604.211 148.745
1993 994.427 51.4677
1994 1212.63 209.945
1995 817.041 1246.9
1996 657.686 42.8219
1997 765.397 375.48
1998 155.155 822.747
1999 1231.31 912.465
2000 596.651 736.618
2001 216.78 981.587
2002 837.353 98.6231
2003 122.471 530.056
2004 663.422 385.883
2005 270.199 425.762
2006 198.855 900.605
2007 207.319 298.124
2008 1170.68 692.8
2009 262.224 1251.93
2010 13.5346 1361.25
2011 1478.87 1120.39
2012 202.012 1050.99
2013 1053.16 1247.67
2014 602.313 257.779
2015 1128.23 500.735
2016 1060.74 649.378
2017 20.3698 1215.07
2018 93.9728 1453.53
2019 1183.94 1467.08
2020 311.636 1354.28
2021 572.075 370.04
2022 8.46479 133.128
2023 1168.23 594.741
2024 1410.5 745.75
2025 958.872 535.002
2026 1315.92 1475.12
2027 753.548 201.242
2028 448.86 757.621
2029 68.7595 667.439
2030 155.49 1290.59
2031 659.934 423.964
2032 580.314 119.129
2033 1374.35 75.7757
2034 667.551 1222.6
2035 70.2338 376.286
2036 147.296 934.193
2037 730.371 837.278
2038 743.091 751.556
2039 1281.53 273.499
2040 1360.54 1190.45
2041 210.941 1307.65
2042 1094.72 1276.92
2043 173.887 8.49793
2044 411.965 966.752
2045 1296.7 227.36
2046 695.924 8.36213
2047 1115.59 352.159
2048 290.553 1201.46
2049 1297.92 875.676
2050 1371.16 1352.14
2051 672.34 323.732
2052 624.594 824.163
2053 725.347 1016.85
2054 805.329 596.959
2055 1405.65 1368.31
2056 838.06 887.988
2057 1162.75 1385.37
2058 1015.35 1040.16
2059 196.428 1011.92
2060 1017.27 1440.99
2061 884.322 757.44
2062 1096.12 100.084
2063 248.418 204.999
2064 348.912 1042.35
2065 216.083 1317.16
2066 544.756 1014.01
2067 903.107 930.662
2068 931.861 1444.81
2069 121.178 1123.55
2070 1209.89 1056.1
2071 919.269 1038.77
2072 461.535 1204.7
2073 105.677 1274.55
2074 1253.92 433.322
2075 142.396 1085.12
2076 971.695 1214.12
2077 483.091 240.442
2078 581.574 1420.22
2079 23.3574 833.397
2080 971.55 897.177
2081 452.478 857.207
2082 663.379 875.857
2083 292.963 688.126
2084 691.261 1183.62
2085 270.828 464.568
2086 273.678 748.251
2087 1072.97 1270.25
2088 520.381 554.285
2089 327.411 316.852
2090 629.387 1151.11
2091 375.348 1097.75
2092 425.186 1123.42
2093 1062.79 835.422
2094 901.478 602.799
2095 976.258 1022.38
2096 1299.45 1397.09
2097 280.832 1257.48
2098 655.682 501.131
2099 130.095 205.735
2100 330.942 734.931
2101 655.128 923.156
2102 214.653 1295.97
2103 740.45 483.44
2104 407.851 1221.96
2105 5.56775 740.001
2106 713.212 417.94
2107 650.25 1087.69
2108 8.23846 790.711
2109 1008.05 1433.9
2110 655.32 181.279
2111 742.774 954.032
2112 1405.72 995.393
2113 1435.66 689.586
2114 72.6524 585.383
2115 142.906 975.307
2116 188.334 921.202
2117 675.193 1196.34
2118 1063.36 181.744
2119 466.288 392.899
2120 11.4071 893.227
2121 1129.75 307.901
2122 1476.85 1339.69
2123 673.155 1213.36
2124 1396.99 574.655
2125 434.808 564.503
2126 1275.38 996.22
2127 420.433 275.898
2128 1115.86 627.605
2129 1410.7 1125.91
2130 257.998 1270.16
2131 1225.83 877.022
2132 856.981 735.338
2133 688.59 1078.14
2134 568.895 350.032
2135 950.301 958.501
2136 1442.97 852.047
2137 39.9701 693.479
2138 347.554 1443.13
2139 1429.73 1319.6
2140 5.97515 1021.1
2141 250.727 469.819
2142 322.495 1026.13
2143 551.18 946.505
2144 1299.17 772.514
2145 923.477 1197.56
2146 79.2256 1118.3
2147 319.289 359.052
2148 936.514 146.515
2149 1006.41 1158.73
2150 1267.73 1059.91
2151 437.272 640.065
2152 1133.69 273.894
2153 106.119 347.007
2154 743.317 1086.53
2155 1103.73 1050.57
2156 259.104 1333.18
2157 1309.44 147.885
2158 1266.82 541.656
2159 265.821 130.548
2160 1013.89 648.213
2161 1029.51 38.7479
2162 319.079 141.626
2163 1036.69 962.361
2164 1035.42 871.508
2165 1002.67 691.125
2166 1011.72 274.902
2167 213.387 1147.14
2168 116.787 563.372
2169 1131.25 1205.88
2170 804.469 1315.92
2171 278.297 35.6207
2172 177.58 1401.84
2173 1380.3 217.459
2174 1167.82 716.746
2175 682.015 397.528
2176 94.7876 941.979
2177 54.4068 436.593
2178 1187.29 1390.61
2179 1453.45 425.264
2180 1320.96 1471.59
2181 62.6707 714.207
2182 771.153 619.65
2183 1141.95 1206.8
2184 552.583 487.246
2185 686.419 355.419
2186 309.304 649.83
2187 214.969 1076.7
2188 1021.98 490.176
2189 936.947 799.481
2190 347.341 710.804
2191 227.148 1452.96
2192 1175.6 647.522
2193 1465.18 949.719
2194 324.65 997.759
2195 1058.69 1185.19
2196 457.183 198.176
2197 468.415 1115.62
2198 584.269 320.847
2199 827.078 218.048
2200 1362.11 1288.58
2201 484.87 1439.18
2202 1036.73 314.317
2203 998.53 1174.89
2204 1024.74 108.409
2205 1264.4 566.281
2206 263.948 775.637
2207 301.725 215.908
2208 119.838 435.597
2209 430.89 371.636
2210 1349.25 698.944
2211 672.411 1388.9
2212 135.002 478.271
2213 971.64 359.55
2214 1336.87 115.746
2215 1383.02 1441.59
2216 1472.11 628.703
2217 1043.26 426.948
2218 1157.82 1427.02
2219 272.327 1422.67
2220 458.457 449.029
2221 852.821 739.243
2222 1438.62 1217.52
2223 872.171 261.684
2224 363.035 1322.12
2225 273.091 50.505
2226 1154.38 114.964
2227 779.576 647.793
2228 346.292 814.781
2229 809.658 1112.32
2230 702.583 794.332
2231 340.221 1147.73
2232 1244.07 736.98
2233 617.341 1244.69
2234 970.373 256.195
2235 1460.04 123.655
2236 1466.95 1420.5
2237 294.774 925.333
2238 45.4926 1405.19
2239 1340.43 414.051
2240 172.6 222.484
2241 672.611 1476.35
2242 997.533 626.349
2243 1030.26 839.961
2244 676.776 830.772
2245 698.077 706.516
2246 1117.97 444.91
2247 948.149 14.621
2248 720.367 596.371
2249 113.166 511.464
2250 536.822 1377.77
2251 6.20148 1352.28
2252 1274.29 1258.67
2253 855.279 366.78
2254 395.595 381.051
2255 1036.46 973.632
2256 72.4729 1291.72
2257 286.852 491.127
2258 799.448 966.525
2259 923.658 93.0222
2260 238.377 1123.36
2261 505.262 358.826
2262 244.093 324.876
2263 766.539 1262.37
2264 1224.42 1060.14
2265 999.806 677.455
2266 1298.42 1422.89
2267 31.7365 103.66
2268 690.492 341.398
2269 78.7649 470
2270 560.306 1269.31
2271 777.889 932.02
2272 336.391 1478.75
2273 891.655 369.916
2274 917.634 1231.46
2275 669.941 301.473
2276 1410.27 1012.7
2277 944.707 1390.79
2278 1420.23 1168.55
2279 715.858 642.419
2280 520.834 1095.8
2281 1471.71 593.383
2282 463.313 86.1296
2283 468.297 702.529
2284 1364.01 362.616
2285 225.567 1031.3
2286 532.829 1334.71
2287 799.538 668.854
2288 927.207 854.751
2289 697.825 446.91
2290 807.206 537.57
2291 1043.36 508.612
2292 1378.02 308.127
2293 901.07 9.35799
2294 345.183 1467.84
2295 1482.94 50.0645
2296 288.437 449.799
2297 1080.15 374.068
2298 945.239 822.883
2299 451.169 506.53
2300 195.052 195.402
2301 1386.64 1424.57
2302 592.581 1162.26
2303 24.1722 280.606
2304 1283.12 138.198
2305 908.722 279.507
2306 950.107 529.875
2307 1263.91 603.626
2308 1444.27 1034.79
2309 822.035 1018.08
2310 764.001 514.484
2311 276.713 368.739
2312 1441.12 289.161
2313 95.4666 814.328
2314 1478.35 668.208
2315 747.981 1307.28
2316 958.893 864.54
2317 325.464 415.804
2318 1018.49 416.392
2319 972.686 773.905
2320 222.031 522.949
2321 1386.37 920.308
2322 1281.19 657.028
2323 552.701 1160.12
2324 815.336 592.206
2325 546.677 634.395
2326 274.223 595.103
2327 1222.32 387.298
2328 173.506 58.3361
2329 805.827 441.029
2330 1333.99 953.126
2331 1298.06 886.359
2332 436.548 544.191
2333 894.28 1192.12
2334 186.824 877.112
2335 443.293 876.581
2336 675.02 1262.1
2337 930.988 215.603
2338 771.609 1478.84
2339 74.7281 995.71
2340 824.58 1132.41
2341 64.5432 1077.55
2342 582.215 602.132
2343 401.557 1273.69
2344 1482.82 171.333
2345 1201.32 14.0657
2346 1382.06 1059.28
2347 517.744 1317.47
2348 909.529 29.1967
2349 537.899 175.123
2350 880.447 911.165
2351 1167.55 435.449
2352 196.093 850.644
2353 649.842 572.697
2354 856.89 1094.71
2355 1232.97 916.551
2356 989.068 818.595
2357 1474.82 266.664
2358 697.723 78.8086
2359 899.384 500.735
2360 1106.52 928.502
2361 1256.27 1022.66
2362 1283.8 526.661
2363 1277.69 1423.67
2364 821.037 1421.09
2365 1377.13 813.258
2366 308.606 289.058
2367 235.32 871.647
2368 526.764 587.285
2369 1052.45 407.022
2370 1474.48 437.124
2371 9.27958 869.067
2372 1052.89 247.335
2373 916.614 533.418
2374 78.7633 398.105
2375 530.11 305.309
2376 784.555 1185.24
2377 267.705 542.187
2378 1005.09 0.135799
2379 1087.75 1331.54
2380 720.163 1019.8
2381 1281.61 89.8083
2382 1039.21 717.096
2383 358.011 905.371
2384 85.5953 186.09
2385 783.831 894.404
2386 811.477 1458.52
2387 563.817 473.395
2388 1004.73 1293.8
2389 36.7109 1010.34
2390 503.723 78.1627
2391 1217.26 1338.42
2392 1136.56 230.315
2393 587.635 765.984
2394 1460.42 376.796
2395 539.637 1013.14
2396 1090.33 939.275
2397 98.3636 1299.28
2398 1405.84 1222.87
2399 1306.07 435.869
2400 979.452 622.037
2401 1443.5 971.085
2402 1353.11 546.442
2403 593.808 579.487
2404 739.289 1348.17
2405 1115.77 1078.09
2406 920.263 1049.26
2407 94.516 1246.54
2408 866.912 668.299
2409 783.079 974.266
2410 276.622 1325.84
2411 529.117 1103.68
2412 301.338 862.594
2413 324.449 1344.5
2414 446.607 1066.65
2415 361.994 1431.53
2416 299.351 106.997
2417 1422.04 1157.01
2418 72.1512 893.873
2419 517.637 1088.83
2420 804.336 474.288
2421 634.542 1205.17
2422 350.605 147.749
2423 1422.31 554.829
2424 27.7078 555.911
2425 291.334 355.781
2426 694.019 931.794
2427 21.6373 152.852
2428 354.254 458.58
2429 657.497 765.86
2430 86.5038 1422.16
2431 535.843 828.825
2432 997.533 465.609
2433 160.133 151.539
2434 1.22219 857.207
2435 577.298 210.53
2436 679.311 64.266
2437 764.128 817.418
2438 884.525 244.607
2439 1143.79 1012.96
2440 954.439 1337.44
2441 1361.97 24.4769
2442 1424.39 327.818
2443 348.369 950.987
2444 884.865 1083.62
2445 1227.53 1074.56
2446 465.808 1281.7
2447 1043.7 220.706
2448 375.619 733.256
2449 0.36213 813.966
2450 1477.34 962.032
2451 257.9 1381.57
2452 427.174 18.2423
2453 1203.72 945.464
2454 713.985 404.68
2455 192.857 1029.17
2456 506.3 1087.65
2457 765.136 343.48
2458 622.235 858.417
2459 399.475 380.089
2460 435.371 747.877
2461 402.1 90.5657
2462 135.572 1271.02
2463 651.427 1423.62
2464 1324.75 283.581
2465 1478.31 456.543
2466 1094.18 726.511
2467 57.7727 98.5325
2468 463.161 177.205
2469 1388.04 191.114
2470 507.616 799.39
2471 934.839 161.148
2472 23.1311 356.098
2473 886.857 1206.66
2474 1112.65 1352.42
2475 552.426 694.611
2476 957.155 306.078
2477 232.397 1412.08
2478 93.048 917.445
2479 952.588 1435.83
2480 748.523 1338.25
2481 985.88 1331.99
2482 195.909 688.047
2483 554.331 1093.44
2484 488.412 319.308
2485 1145.69 464.646
2486 274.993 59.7062
2487 111.064 211.834
2488 1317.97 113.516
2489 524.455 1326.52
2490 389.106 215.138
2491 345.535 838.829
2492 707.245 566.372
2493 834.031 878.528
2494 360.744 1385.06
2495 1346.35 245.569
2496 397.574 782.473
2497 872.055 77.3932
2498 591.766 1236.09
2499 1415.57 1347.11
2500 5.74882 959.324
2501 792.793 66.8009
2502 1211.28 1460.82
2503 27.6625 183.543
2504 540.406 259.828
2505 12.584 196.275
2506 661.798 1359.51
2507 1039 462.609
2508 822.714 297.976
2509 502.263 1421.35
2510 1267.21 479.279
2511 820.448 704.701
2512 815.291 329.312
2513 1159.13 690.615
2514 1393.93 1150.53
2515 1423.05 59.2083
2516 418.973 289.885
2517 949.505 1149.16
2518 432.383 1294.93
2519 27.572 365.83
2520 1308.56 474.967
2521 657.942 280.729
2522 1107.79 852.952
2523 429.677 678.71
2524 840.64 1168.31
2525 296.358 617.148
2526 1456.32 1076.02
2527 816.6 11.576
2528 1370.73 816.875
2529 1175.32 1374.92
2530 197.19 431.692
2531 474.707 871.874
2532 1170.4 138.367
2533 46.8764 1039.3
2534 1005.91 1246.68
2535 1023.06 81.3396
2536 733.449 484.032
2537 603.399 580.482
2538 462.964 588.449
2539 277.5 818.097
2540 1478.5 307.222
2541 205.78 657.028
2542 877.204 972.941
2543 673.155 1104.9
2544 510.094 275.445
2545 1475.7 507.027
2546 1126.09 902.778
2547 693.66 694.508
2548 366.249 817.826
2549 1393.88 598.227
2550 1444.45 918.136
2551 1199.75 387.512
2552 1237.72 332.617
2553 549.306 507.616
2554 879.071 187.04
2555 214.979 624.391
2556 1196.78 1115.26
2557 224.566 287.893
2558 814.819 791.979
2559 1387.15 886.98
2560 1090.65 388.508
2561 869.854 571.396
2562 1146.95 1087.75
2563 40.1932 753.762
2564 194.786 1342.86
2565 1193.02 1475.18
2566 30.2427 588.087
2567 750.56 1381.16
2568 1349.11 755.437
2569 1280.75 1374.59
2570 818.781 275.524
2571 394.631 1181.8
2572 1136.32 1298.64
2573 822.49 22.3947
2574 528.48 612.588
2575 1270.67 534.764
2576 1480.21 1317.24
2577 1301.27 16.2959
2578 195.539 1289.76
2579 1171.94 1136.08
2580 377.411 547.45
2581 770.341 867.528
2582 809.613 182.106
2583 1466.47 1437.78
2584 767.716 999.977
2585 1481.54 874.544
2586 159.108 664.814
2587 201.616 1372.61
2588 561.916 1303.61
2589 578.05 618.778
2590 306.462 1220.37
2591 818.414 1146.67
2592 169.884 347.102
2593 29.1438 975.714
2594 1011.71 772.774
2595 610.013 647.081
2596 369.101 640.065
2597 1286.09 887.038
2598 592.988 1173.98
2599 1253.51 964.443
2600 773.256 571.034
2601 56.0396 175.769
2602 1319.18 942.579
2603 1037.91 1369.35
2604 343.752 450.116
2605 998.664 286.717
2606 319.58 518.785
2607 582.483 1470.29
2608 890.405 655.081
2609 628.386 841.183
2610 1374.06 1269.71
2611 1252.88 506.291
2612 54.5717 253.886
2613 1453.86 804.065
2614 931.96 444.548
2615 45.9501 185.003
2616 609.803 520.924
2617 1363.15 53.6405
2618 1046.83 1104.77
2619 426.964 1453.18
2620 1365.82 919.436
2621 322.613 770.794
2622 485.001 401.002
2623 165.256 889.153
2624 1394.3 1260.02
2625 289.432 1290.98
2626 706.652 1057.78
2627 213.476 431.523
2628 46.9831 814.612
2629 590.224 950.999
2630 797.407 249.088
2631 1364.87 728.651
2632 1070.47 1050.84
2633 523.2 775.819
2634 807.188 401.454
2635 304.687 965.834
2636 745.354 1400.31
2637 799.629 216.768
2638 860.647 467.634
2639 577.281 445.589
2640 1439.29 850.677
2641 1127.42 728.606
2642 1061.38 1168.87
2643 1432 158.296
2644 1168.64 212.027
2645 483.601 1038.09
2646 842.043 323.189
2647 1419.41 1234.59
2648 483.398 1223.68
2649 439.327 502.637
2650 1376.76 930.674
2651 1382.52 430.346
2652 529.271 1435.57
2653 681.8 69.3027
2654 1480.98 101.894
2655 1.72012 227.632
2656 450.082 598.408
2657 724.356 872.775
2658 1144.83 1141.07
2659 893.194 139.511
2660 462.104 252.631
2661 330.444 1278
2662 640.762 310.164
2663 10.547 1127.58
2664 294.561 302.107
2665 1114.57 700.36
2666 1335 306.588
2667 231.624 93.2032
2668 1138.63 28.4725
2669 689.876 473.711
2670 1482.06 156.292
2671 492.995 233.348
2672 484.394 1483.09
2673 1050.09 1062.99
2674 1293.48 839.599
2675 389.243 1305.34
2676 123.215 955.345
2677 160.812 192.234
2678 1215.62 960.279
2679 523.912 358.451
2680 438.874 346.83
2681 219.677 764.263
2682 1195.34 79.1254
2683 150.329 1189.72
2684 25.0775 1029.39
2685 390.645 51.9657
2686 158.889 1047.91
2687 1093.29 542.561
2688 1318.78 509.427
2689 502.308 218.217
2690 481.004 1469.75
2691 657.935 1105.49
2692 594.256 494.67
2693 779.892 421.61
2694 1255.19 804.427
2695 828.101 1265.92
2696 1332.41 198.843
2697 784.645 718.466
2698 813.9 1395.09
2699 242.014 631.407
2700 1238.21 1349.6
2701 350.799 1086.66
2702 89.3103 1318.68
2703 563.689 870.594
2704 145.486 490.143
2705 314.148 166.218
2706 220.452 170.292
2707 1343.86 1393.28
2708 1125.33 485.209
2709 1278.18 175.893
2710 374.805 1266.91
2711 516.469 638.707
2712 11.0902 1079.74
2713 448.631 1164.97
2714 1227.19 143.947
2715 1386.46 40.1964
2716 1159.31 424.812
2717 136.586 243.759
2718 192.205 398.977
2719 566.595 386.879
2720 654.494 596.145
2721 402.689 1315.35
2722 1454.09 1034.5
2723 1262.84 1439.86
2724 1109.07 475.374
2725 212.012 368.286
