1 1076.22 86.0105
2 14.3728 886.871
3 1175.63 168.985
4 1159.21 292.563
5 1172.67 1122.59
6 1519.32 1405.42
7 1482.67 589.627
8 106.52 1225.81
9 716.089 78.1523
10 242.932 1504.29
11 1427.92 553.884
12 1425.13 449.198
13 1500.07 849.274
14 110.255 1244.91
15 630.561 1150.45
16 954.595 943.076
17 32.0552 619.791
18 1109.54 479.93
19 702.472 1116.03
20 375.909 1199.15
21 1310.95 984.88
22 858.592 136.495
23 824.672 904.969
24 1397.11 1288.7
25 675.76 1282.16
26 496.389 1194.77
27 1501.68 450.57
28 1085.32 221.418
29 1420.62 1065.44
30 277.244 275.174
31 382.582 993.191
32 549.744 1392.24
33 209.352 246.537
34 805.635 716.703
35 24.6797 682.095
36 1012.06 730.556
37 1290.67 1462.44
38 667.533 953.298
39 1449.19 1048.04
40 48.1301 1106.77
41 1077.55 1485.47
42 1543.62 1512.34
43 1314.45 541.96
44 782.064 169.647
45 930.358 1115.75
46 910.311 1216.83
47 178.263 1187.46
48 1002.6 689.225
49 68.791 1126.95
50 1203.87 883.362
51 719.966 1309.59
52 1374.41 403.952
53 144.201 63.7322
54 1407.17 479.434
55 215.964 270.21
56 666.966 463.25
57 245.851 1149.17
58 4.53879 1232.73
59 481.396 1012.13
60 763.466 1518.7
61 1144.41 660.971
62 758.757 641.057
63 1050.74 371.718
64 1109.69 845.218
65 927.143 433.701
66 63.2121 447.024
67 332.867 790.412
68 228.748 21.4174
69 1429.43 1281.4
70 478.417 1283.4
71 1501.58 845.596
72 471.8 432.85
73 1088.8 444.48
74 677.793 707.806
75 281.362 749.421
76 1277.15 1136.68
77 322.882 1547.83
78 1397.99 1309.72
79 369.26 116.931
80 1028.74 541.156
81 976.455 96.1755
82 247.27 111.177
83 1360.89 1391.47
84 892.062 213.097
85 458.418 594.44
86 934.991 1115.79
87 667.77 1320.75
88 202.413 1414.65
89 1200.94 382.167
90 833.571 1473.65
91 86.1555 1347.03
92 545.222 842.371
93 49.3121 934.812
94 92.8561 138.764
95 1020.94 1326.27
96 1036.83 999.527
97 204.766 1059.71
98 589.617 445.18
99 776.181 931.502
100 1146.52 70.8812
101 1527.1 972.068
102 410.611 948.995
103 110.349 1135.62
104 122.595 734.244
105 1346.61 929.317
106 1006.61 604.794
107 1112.02 1290.63
108 1363.95 358.669
109 459.978 681.065
110 1081.46 312.231
111 547.683 1245.72
112 408.633 1098.39
113 1180.04 1330.25
114 852.786 1368.5
115 1106.95 758.404
116 1192.9 495.296
117 1048.08 817.03
118 1485.93 263.723
119 1499.94 306.425
120 235.686 584.852
121 1241.64 1086.24
122 340.74 887.958
123 173.751 1320.56
124 416.351 1204.77
125 964.771 1386.7
126 533.213 770.791
127 1328.83 712.921
128 772.883 772.219
129 1093.34 276.072
130 208.832 1437.9
131 98.5312 351.308
132 813.145 181.315
133 1246.37 1297.39
134 786.015 126.566
135 837.144 1072.76
136 419.933 891.882
137 719.209 860.078
138 233.674 1106.58
139 1006 432.992
140 1097.25 1023.12
141 756.325 1217.53
142 252.453 356.91
143 532.469 529.11
144 37.1141 1322.36
145 72.5261 283.296
146 611.632 1429.44
147 512.505 983.84
148 687.444 884.355
149 1307.69 700.497
150 668.937 1033.67
151 1085.51 958.877
152 759.113 960.295
153 1280.46 109.877
154 968.088 755.661
155 1239.05 1097.49
156 690.936 638.845
157 1369.39 880.951
158 89.6043 961.42
159 1288.69 65.2924
160 699.683 1267.36
161 862.134 998.203
162 220.32 1115.61
163 1266.04 178.573
164 309.397 1475.75
165 1340.6 55.2318
166 1323.39 220.32
167 1440.92 1074.32
168 483.384 1517.47
169 1469.99 249.691
170 455.628 795.849
171 818.779 1248.5
172 779.486 1506.59
173 205.618 161.505
174 976.029 244.395
175 1319.13 894.946
176 314.218 350.977
177 1021.89 512.411
178 1146.71 1257.65
179 542.244 291.107
180 834.192 37.776
181 200.324 423.205
182 243.865 1014.9
183 456.349 1231.16
184 376.105 45.3406
185 1450.71 975.661
186 188.759 584.369
187 1203.77 480.696
188 274.78 699.958
189 1251.45 492.516
190 1268.4 935.568
191 218.666 508.26
192 1213.33 703.806
193 1213.36 188.181
194 499.79 560.456
195 64.0159 712.874
196 907.337 1047.73
197 250.808 555.019
198 54.6546 1252.28
199 248.83 1198.95
200 1021.98 402.912
201 276.396 128.646
202 433.502 250.022
203 508.234 452.736
204 1070.3 139.331
205 503.59 759.359
206 1468.98 1205.19
207 958.064 305.565
208 1509.15 511.134
209 562.668 205.215
210 873.265 354.782
211 913.81 1063.64
212 1012.2 1128.95
213 270.956 407.877
214 150.208 1274.94
215 160.749 1232.57
216 981.23 1341.45
217 1522.63 700.889
218 400.418 1424.67
219 154.511 1005.89
220 785.317 688.724
221 152.855 772.445
222 1174.22 518.935
223 1006.57 1526.64
224 1363.95 292.988
225 862.6 1053.76
226 959.275 330.481
227 335.74 489.916
228 917.159 470.106
229 239.413 803.839
230 1044.62 809.039
231 102.399 63.1176
232 625.921 403.726
233 1430.31 1227.65
234 388.543 450.664
235 561.102 26.8929
236 819.961 1513.92
237 655.619 1424.66
238 775.236 546.357
239 1421.13 321.923
240 890.501 576.143
241 799.161 998.629
242 1469.33 391.102
243 919.152 145.572
244 341.243 63.2594
245 338.284 1393.41
246 870.36 853.529
247 709.05 1161.62
248 630.47 1076.55
249 640.89 718.784
250 1465.65 216.926
251 672.261 1129.13
252 837.691 303.579
253 1408.46 622.24
254 1139.8 872.214
255 1202.99 681.15
256 345.279 621.824
257 574.112 573.542
258 583.282 229.171
259 871.705 1396.26
260 722.046 334.452
261 213.938 827.573
262 911.183 930.415
263 498.132 1088.28
264 486.88 1053.39
265 402.737 1120.8
266 188.643 863.647
267 1273.65 1163.56
268 534.257 41.842
269 909.318 829.653
270 520.715 688.951
271 1405.65 204.189
272 604.936 693.452
273 933.052 1000.96
274 293.13 680.403
275 1524.13 1173.85
276 1343.54 957.127
277 739.494 624.061
278 981.043 225.379
279 1039.44 1306.98
280 1138.53 182.521
281 1055.88 134.944
282 1425.7 924.505
283 686.466 718.878
284 806.061 994.714
285 329.393 586.474
286 1246.68 298.861
287 57.775 168.266
288 118.341 1361.45
289 760.2 613.446
290 1198.58 903.881
291 331.946 719.928
292 1353.67 1537.19
293 833.865 1346.65
294 1217.6 768.805
295 630.771 1087.84
296 398.347 29.644
297 1423.79 647.26
298 221.476 1140.7
299 1205.47 956.597
300 825.445 1265.06
301 1455.58 411.186
302 614.461 421.824
303 780.107 1016.36
304 430.003 850.844
305 302.381 46.5324
306 872.535 604.321
307 1011.3 490.379
308 581.81 240.14
309 656.801 211.773
310 316.728 252.281
311 233.939 317.489
312 826.099 805.399
313 1374.95 454.787
314 391.218 683.041
315 635.242 356.872
316 1299.16 1496.58
317 342.103 1411.81
318 578.224 129.649
319 1071.63 1227.71
320 139.237 532.788
321 270.625 1028.89
322 1276.77 796.251
323 361.023 1265.58
324 1407.59 113.574
325 1320.06 579.651
326 1241.03 362.262
327 1014.49 658.834
328 918.908 978.157
329 443.283 514.435
330 1363.39 347.275
331 375.937 913.621
332 739.728 1176.03
333 1174.84 106
334 1039 402.591
335 957.441 1021.95
336 206.751 959.349
337 512.611 1099.96
338 951.39 816.131
339 1204.43 1210.6
340 1137.92 1238.67
341 847.052 1333.34
342 487.211 40.4334
343 1388.26 1405
344 476.499 7.32826
345 848.435 377.051
346 1008.56 643.374
347 1374.97 1161.08
348 678.691 187.33
349 60.8954 1543.59
350 1182.26 1040.81
351 416.34 1271.72
352 554.016 913.252
353 1177.81 1292.8
354 1439.4 136.022
355 462.578 414.543
356 958.536 142.571
357 515.105 827.394
358 741.478 836.603
359 585.079 759.61
360 708.997 472.318
361 1501.35 35.6957
362 510.709 218.77
363 1242.7 406.941
364 1130.35 800.851
365 873.197 595.858
366 401.118 979.244
367 401.32 84.1479
368 1062.03 364.248
369 1145.91 42.9865
370 340.043 563.094
371 96.4138 675.722
372 732.128 218.618
373 1075.74 861.591
374 1199.33 1148.93
375 1010.31 339.038
376 435.204 1030.92
377 684.518 317.668
378 391.423 681.869
379 998.25 918.642
380 748.836 1248.08
381 1397.62 223.394
382 386.459 741.95
383 1260.93 201.939
384 731.665 1356.92
385 1347.33 1078.35
386 173.894 704.184
387 167.226 718.736
388 269.446 788.577
389 310.86 31.9232
390 159.567 1532.28
391 978.488 1082.79
392 690.326 754.669
393 420.304 153.052
394 925.255 837.785
395 1056.46 534.027
396 566.294 68.2237
397 286.75 162.57
398 1314.45 229.256
399 1238.71 1443.76
400 1428.06 31.6868
401 117.859 1479.89
402 1171.73 506.028
403 190.535 192.095
404 1102.74 643.809
405 385.336 1481.63
406 440.263 1374.54
407 900.004 349.345
408 386.663 537.516
409 956.6 732.116
410 970.876 53.7661
411 872.204 385.277
412 386.651 184.105
413 1240.84 364.427
414 837.928 109.366
415 96.9221 1047
416 1539.42 862.323
417 435.298 318.661
418 1054.61 1530.43
419 706.881 1217.39
420 109.254 181.315
421 1147.08 786.355
422 633.844 1469.01
423 580.498 969.812
424 1285 121.696
425 568.346 810.647
426 1300.87 820.386
427 1097.68 1414.13
428 1127.98 271.855
429 500.159 282.067
430 21.8902 512.562
431 1173.67 1094.8
432 1281.74 141.422
433 777.741 34.2872
434 103.204 1421.02
435 734.811 413.087
436 291.239 1527.87
437 1132.85 588.965
438 1295.6 556.059
439 709.233 1529.43
440 75.221 507.352
441 1046.81 1148.86
442 856.98 426.741
443 872.121 500.081
444 355.106 1027.24
445 1343.68 843.459
446 1351.71 1416.48
447 1468.12 421.209
448 766.171 280.318
449 1132.48 527.942
450 538.367 1509.74
451 358.706 958.82
452 1196.21 552.655
453 1243.02 1227.7
454 1539.83 1037.37
455 152.789 259.146
456 1003.33 1144.77
457 238.05 1226.87
458 1133.71 421.503
459 303.153 324.618
460 661.333 124.297
461 239.281 1354.87
462 1027.99 939.114
463 1072.94 658.135
464 860.952 275.401
465 1432.22 1532.36
466 1198.24 1176.26
467 39.809 226.372
468 302.113 902.841
469 221.136 907.711
470 336.58 206.175
471 690.654 1389.77
472 1005.33 17.7868
473 750.463 942.424
474 1126.75 652.792
475 251.808 469.822
476 20.33 891.636
477 868.942 60.527
478 1511.28 874.19
479 852.69 17.9286
480 1297.01 1023.59
481 635.856 1331.19
482 970.545 188.431
483 287.128 518.959
484 1418.18 1443.63
485 780.956 964.824
486 986.377 397.995
487 1352.69 997.22
488 92.4804 1491.75
489 730.083 677.33
490 1014.03 376.72
491 1499.27 280.932
492 408.332 395.357
493 820.623 416.623
494 102.406 1071.91
495 729.047 145.109
496 1434.06 1515.15
497 1137.44 1339.51
498 1210.39 1193.48
499 720.344 114.179
500 792.728 1199.07
501 1453.22 1195.29
502 1079.19 411.101
503 1061.08 1366.42
504 548.44 197.674
505 479.51 1427.26
506 284.809 171.103
507 1463.88 182.308
508 1243.44 97.2629
509 391.14 360.276
510 990.026 98.1041
511 1103.49 1050.35
512 364.569 234.93
513 77.7741 579.888
514 891.116 1204.96
515 325.026 190.771
516 269.68 149.932
517 1224.2 277.633
518 86.4261 19.314
519 1247.46 874.214
520 1246.55 994.194
521 940.744 1165.49
522 882.515 1303.11
523 1495.09 345.657
524 871.641 592.123
525 1461.35 1108.14
526 954.227 965.864
527 1292.47 1211.86
528 1108.9 741.109
529 1211.24 1434.13
530 1407.83 805.882
531 1456.38 1321.45
532 248.331 210.071
533 802.669 362.924
534 892.329 1435.87
535 1104.69 159.908
536 753.534 890.889
537 240.653 598.506
538 493.641 411.101
539 1097.11 1042.99
540 893.338 678.512
541 482.152 327.124
542 470.11 226.467
543 803.508 340.409
544 424.708 185.949
545 1373.43 498.738
546 47.7046 55.057
547 1085.96 715.815
548 1236.16 233.048
549 1227.46 746.121
550 316.202 803.271
551 499.137 1298.58
552 1135.48 76.8383
553 217.011 99.6741
554 995.083 708.439
555 488.536 205.711
556 1272.42 145.572
557 246.371 1176.92
558 1143.78 978.668
559 1033.19 1488.53
560 592.974 616.482
561 617.004 1546.08
562 1337.39 1430.66
563 316.581 1094.7
564 883.409 167.273
565 1446.01 1357.8
566 67.1007 853.681
567 1502.39 145.549
568 1236.11 1172.63
569 769.687 488.582
570 387.547 978.545
571 642.664 434.069
572 505.933 474.918
573 1307.93 429.602
574 250.863 31.3086
575 430.735 1366.61
576 1118.01 203.773
577 77.0211 708.028
578 355.588 777.041
579 1218.29 1306.7
580 1514.3 333.932
581 960.333 1051.72
582 1469.34 1359.58
583 506.927 272.942
584 31.1096 938.584
585 1483.72 1133.15
586 251.808 675.533
587 420.693 1489.67
588 1014.1 439.506
589 637.324 1222.09
590 777.847 305.102
591 1003.88 1135.74
592 273.982 809.087
593 1309.1 643.279
594 983.925 45.5396
595 46.382 866.058
596 885.826 790.081
597 1357.14 562.394
598 739.551 892.071
599 1548.3 426.481
600 1272.4 1315.87
601 440.641 1355.18
602 1528.92 1192.95
603 781.904 812.444
604 948.513 939.54
605 210.112 830.75
606 558.426 1527.35
607 501.678 512.26
608 238.818 443.147
609 624.181 862.475
610 813.003 1129.4
611 1235.33 1119.53
612 578.223 1064.65
613 1147.13 885.679
614 1312.78 673.547
615 510.135 254.598
616 1386.53 433.88
617 1358.33 243.724
618 157.233 1283.67
619 426.982 1052.2
620 1429.48 615.243
621 226.062 1466.75
622 82.2761 154.281
623 1188.3 357.619
624 1188.84 1061.42
625 1377.9 1159.09
626 1280.97 308.212
627 463.382 457.378
628 1358.07 1047
629 1275.46 108.269
630 1084.86 1316.39
631 777.032 0.425512
632 1127.86 1459.6
633 1104.16 95.8445
634 326.84 1518.04
635 1436.31 1493.32
636 955.652 1051.26
637 330.008 1375.96
638 1349.11 707.626
639 211.34 1515.11
640 811.026 668.195
641 634.168 281.084
642 1230.49 1137.53
643 1371.17 1269.63
644 910.879 1107.06
645 804.312 880.157
646 639.481 1105.87
647 1037.59 566.427
648 825.824 331.956
649 1188.9 468.441
650 215.593 288.213
651 1248.49 973.155
652 682.852 87.287
653 750.697 427.933
654 617.798 1136.52
655 538.934 1373.66
656 1150.96 1470.36
657 104.203 92.9979
658 155.644 987.197
659 833.192 241.123
660 454.477 1320.55
661 80.0907 770.517
662 1464.58 861.387
663 1310.43 538.816
664 174.034 1280.46
665 1170.3 192
666 1336.83 79.0979
667 1409.63 783.958
668 703.654 911.257
669 420.075 340.325
670 330.528 106.482
671 423.983 313.791
672 1509.21 398.525
673 647.96 400.951
674 1512.57 537.838
675 1482.76 318.936
676 593.872 912.983
677 608.663 606.033
678 897.474 124.307
679 1255.83 1240.22
680 1395.68 134.093
681 87.7027 1296.49
682 515.392 291.712
683 1540.83 656.149
684 990.307 874.011
685 361.64 385.301
686 44.0168 1192.77
687 538.792 460.971
688 988.193 1464.37
689 657.226 156.73
690 1446.36 1241.46
691 1137.01 948.04
692 490.331 944.693
693 1472.36 1089.64
694 415.116 222.283
695 700.271 1480.36
696 877.55 650.513
697 109.133 1455.4
698 1368.4 506.17
699 368.729 282.02
700 666.306 345.667
701 1480.54 188.701
702 590.657 677.367
703 630.61 747.728
704 68.271 1179.72
705 361.592 1078.58
706 885.584 914.141
707 76.8494 621.72
708 618.552 563.482
709 588.061 1161.74
710 899.768 891.352
711 563.708 254.386
712 740.158 838.599
713 230.007 768.049
714 869.368 1477.75
715 1098.79 302.549
716 236.323 980.001
717 252.672 1034.81
718 474.363 388.019
719 794.052 975.273
720 451.988 618.813
721 1160.38 1284.24
722 1247.93 1348.12
723 1127.37 343.104
724 280.642 1129.02
725 877.133 1091.35
726 1257.48 1300.27
727 505.981 738.698
728 500.969 1455.21
729 1364.47 383.538
730 711.458 960.9
731 861.426 1491.75
732 27.5177 1067.75
733 390.66 118.434
734 689.946 1058.2
735 559.453 1288.46
736 1387.83 562.006
737 748.333 231.124
738 1479.79 737.672
739 544.961 391.045
740 1254.43 242.163
741 404.834 253.898
742 476.103 1158.34
743 1214.6 1469.96
744 1442.34 799.783
745 835.462 60.4699
746 530.237 987.282
747 1545.38 553.837
748 1488.96 1329.06
749 995.603 1397.58
750 438.892 1079.34
751 1323.53 373.467
752 1269.03 1332.14
753 1061.74 909.234
754 364.394 1315.54
755 1060.66 702.024
756 276.757 653.312
757 1478.71 824.179
758 1312.9 0.472791
759 1045.15 277.812
760 1194.82 1162.36
761 26.4763 790.128
762 144.059 896.53
763 235.509 228.037
764 185.055 338.211
765 245.473 592.643
766 570.992 1305.54
767 174.444 1405.05
768 587.304 92.8802
769 692.596 865.302
770 1464.52 953.203
771 245.378 422.391
772 636.896 742.906
773 730.036 1254.88
774 510.614 832.159
775 771.642 646.21
776 626.638 384.781
777 50.825 1331.39
778 513.072 441.785
779 1404.03 734.727
780 823.838 225.805
781 1406.98 109.886
782 917.737 323.555
783 942.937 484.989
784 651.08 744.787
785 1243.63 1131.37
786 1545.54 664.366
787 541.629 222.968
788 1091.74 984.975
789 1095.48 1109.37
790 628.833 957.969
791 739.891 386.989
792 42.4566 1152.76
793 602.855 831.639
794 983.499 1428.03
795 140.703 839.828
796 1050.4 1415.36
797 713.819 270.342
798 200.342 270.72
799 251.197 705.451
800 769.136 1388.17
801 1370.15 825.303
802 585.646 641.955
803 492.859 1440.97
804 1127.94 1380.28
805 1300.74 904.307
806 984.067 1082.42
807 495.969 1369.64
808 726.065 537.941
809 393.787 728.769
810 1339.86 1044.31
811 534.776 919.318
812 1291.56 752.173
813 557.347 1317.82
814 1161.16 374.791
815 1288.4 10.0704
816 713.772 1210.83
817 272.623 656.234
818 363.72 128.268
819 84.225 265.718
820 1213.11 308.212
821 1162.12 1118.82
822 317.243 1338.61
823 50.7225 496.015
824 1213 256.442
825 1404 178.233
826 979.386 785.116
827 732.164 507.115
828 487.355 157.118
829 1266.75 619.555
830 112.193 1057.21
831 261.636 351.104
832 225.639 301.168
833 1440.12 133.999
834 1216.6 1381.02
835 1197.63 458.868
836 345.326 345.383
837 434.26 826.154
838 970.119 320.41
839 685.927 255.023
840 12.7653 527.739
841 1546.08 1391.67
842 409.248 32.9535
843 1347.22 1059.1
844 357.335 1450.71
845 207.177 272.753
846 1408.17 1129.54
847 90.0311 1210.25
848 603.188 942.839
849 96.6384 434.826
850 162.207 1309.72
851 691.267 442.92
852 98.6714 1458.75
853 1275.7 32.0552
854 1007.12 214.836
855 1232.47 176.361
856 74.9963 1040.19
857 185.381 379.131
858 299.229 461.444
859 352.798 1274.22
860 1278.64 282.455
861 466.344 990.506
862 107.938 872.654
863 330.247 613.139
864 1382.87 915.976
865 938.265 1273.76
866 925.509 643.62
867 1314.69 1510.66
868 825.353 200.142
869 788.048 892.251
870 974.564 1437.72
871 92.0996 1409.96
872 1473.27 867.429
873 860.243 1166.28
874 38.4379 592.856
875 1215.19 708.146
876 12.4817 197.154
877 1407.21 370.63
878 1378.61 894.861
879 412.841 1472.84
880 1193.09 1343.48
881 1096.82 608.444
882 1364.05 84.4404
883 488.112 109.687
884 1019.51 949.232
885 289.537 865.028
886 355.864 299.182
887 1136.64 1219.54
888 283.58 856.896
889 1023.88 609.616
890 1547 1452.08
891 598.462 1254.08
892 12.0089 44.0409
893 935.889 982.138
894 1482.58 1438.32
895 684.332 1488.91
896 443.424 1015.55
897 821.947 89.1782
898 1444.37 1413.42
899 702.399 301.981
900 1452.12 1015.93
901 809.796 561.591
902 903.193 154.991
903 1184.12 53.4726
904 1288.42 252.754
905 308.165 13.0017
906 722.708 315.068
907 617.373 1006.62
908 892.413 1112.95
909 505.933 1117.2
910 44.1606 1105.15
911 573.487 145.856
912 779.443 95.8347
913 1478.18 688.786
914 297.905 1446.07
915 1294.77 836.471
916 869.241 536.041
917 165.612 1089.59
918 624.178 1529.01
919 428.161 867.098
920 747.388 588.303
921 354.257 1252.62
922 367.548 910.179
923 437.285 75.5618
924 253.475 1249.88
925 1045.54 192.662
926 1040.24 841.095
927 816.557 452.14
928 99.5697 626.694
929 615.337 1399.28
930 1437.55 258.012
931 1198.43 1483.88
932 671.744 601.4
933 1171.96 460.886
934 362.252 1010.51
935 886.955 295.599
936 804.926 1148.09
937 1043.54 125.016
938 530.003 1141.01
939 778.308 1093.66
940 632.263 804.936
941 961.857 1227.04
942 1220.08 1012.35
943 1291.53 328.25
944 1441.21 939.776
945 1074.81 629.663
946 1086.93 1167.33
947 190.771 1332.37
948 1244.95 1504.71
949 683.289 1187.38
950 932.572 1242.92
951 1022.93 227.649
952 163.522 637.464
953 181.741 253.047
954 205.759 935.085
955 1067.75 537.904
956 1132.44 86.9088
957 1220.48 507.919
958 494.775 907.532
959 617.654 486.407
960 150.047 1024.17
961 1397.24 1331.99
962 867.053 476.904
963 1308.08 760.578
964 1215.36 55.4682
965 736.939 870.313
966 530.067 935.095
967 1439.14 514.585
968 866.389 1363.44
969 89.8775 935.048
970 478.606 1483.11
971 304.619 1487.83
972 1324.07 387.651
973 939.238 421.219
974 1314.28 438.334
975 1279.8 215.829
976 291.617 441.88
977 719.593 1416.92
978 599.499 623.753
979 642.286 1112.81
980 278.447 18.8742
981 83.7338 421.077
982 684.141 652.924
983 250.201 916.127
984 1434.73 1033.8
985 1420.17 758.664
986 32.8221 1539.61
987 193.23 340.055
988 608.674 113.447
989 305.01 1087.33
990 1150.32 743.653
991 132.476 1477.47
992 1361.4 117.772
993 858.497 152.995
994 141.081 898.161
995 1532.23 212.236
996 263.25 362.593
997 1117.77 48.6029
998 403.917 828.566
999 702.189 28.5566
1000 680.073 580.881
1001 1143.33 236.973
1002 478.748 1457.85
1003 189.684 411.29
1004 408.71 1544.48
1005 452.413 1070.17
1006 1548.01 435.545
1007 503.38 587.064
1008 1217.06 1449.13
1009 956.005 87.6652
1010 1061.11 311.343
1011 136.542 972.791
1012 440.546 1046.95
1013 167.652 1487.55
1014 363.623 1067.37
1015 1436.76 941.752
1016 667.202 1098.25
1017 906.34 888.194
1018 1489.63 643.336
1019 1292.28 1103.78
1020 15.6021 557.988
1021 330.079 54.891
1022 258.049 1300.84
1023 24.396 1389.31
1024 907.427 460.839
1025 103.494 1506.23
1026 148.551 656.447
1027 1476.76 235.554
1028 962.746 378.242
1029 361.924 670.427
1030 1071.26 1457.29
1031 975.266 1514.06
1032 1007.04 928.003
1033 355.539 90.0194
1034 1028.79 9.55037
1035 1286.32 169.127
1036 182.875 1537.42
1037 761.337 559.075
1038 866.93 179.292
1039 619.37 1109.12
1040 204.219 469.113
1041 119.758 393.655
1042 271.666 890.218
1043 469.15 637.426
1044 1123.96 110.028
1045 716.753 412.014
1046 980.693 1301.73
1047 121.365 1036.79
1048 1378.37 1000.47
1049 365.704 853.08
1050 365.325 789.362
1051 684.601 773.013
1052 609.144 1439.7
1053 1289.34 812.018
1054 955.51 1259.47
1055 642.11 470.474
1056 645.503 20.9687
1057 1161.07 713.583
1058 66.7041 376.257
1059 210.392 1042.13
1060 1216.25 596.425
1061 180.601 1443.82
1062 960.667 249.066
1063 882.352 414.175
1064 547.456 1353.13
1065 25.7671 1431.28
1066 654.874 543.52
1067 1275.17 636.953
1068 1471.61 790.152
1069 877.786 1448.58
1070 439.695 1415.2
1071 275.081 1270.44
1072 845.721 750.565
1073 867.043 1477.71
1074 39.9902 1297.72
1075 1196.73 620.349
1076 880.431 1288.03
1077 1472.98 838.258
1078 1176.31 1180.42
1079 127.003 555.303
1080 450.522 737.185
1081 533.169 1323.62
1082 617.551 176.266
1083 1196.07 78.9088
1084 1143.26 1.41837
1085 1427.78 1379.99
1086 715.38 66.1907
1087 91.9603 1407.66
1088 184.126 358.706
1089 599.688 45.8607
1090 1120.42 43.2604
1091 1177.51 1518.71
1092 1100.74 453.69
1093 1126.81 1076.6
1094 991.206 1097.91
1095 375.018 622.902
1096 104.245 1516.58
1097 1544.9 469.018
1098 1499.12 997.116
1099 703.61 477.481
1100 618.836 1384.5
1101 1175.83 1506.81
1102 949.747 1420.57
1103 1105.53 668.101
1104 1159.99 1084.4
1105 508.959 1228.89
1106 158.453 577.76
1107 1329.39 285.755
1108 65.4342 595.064
1109 1360.64 315.645
1110 25.9562 177.155
1111 1434.16 951.917
1112 620.254 1417.8
1113 1498.75 425.285
1114 465.132 767.917
1115 101.464 1523.24
1116 1223.63 70.6448
1117 791.975 1403.5
1118 999.944 162.508
1119 607.35 1194.84
1120 1005.8 289.253
1121 314.075 630.334
1122 1191.11 1010.65
1123 1534.18 720.401
1124 1154.41 1275.84
1125 1537.85 746.3
1126 1455.74 1474.92
1127 110.302 470.9
1128 324.053 1060.19
1129 542.953 558.47
1130 154.651 487.116
1131 432.909 489.575
1132 772.966 1419.79
1133 1375.51 754.905
1134 1064.02 324.003
1135 1064.39 29.3844
1136 365.609 164.446
1137 91.0633 421.398
1138 878.54 345.951
1139 542.338 882.568
1140 1535.01 122.524
1141 493.491 721.006
1142 962.509 268.971
1143 319.884 1382.1
1144 625.36 1250.86
1145 701.916 816.037
1146 104.82 775.519
1147 855.33 567.538
1148 1239.23 1509.2
1149 1250.67 445.568
1150 168.692 1013.99
1151 126.992 848.092
1152 1333.27 1537.85
1153 374.498 475.921
1154 999.48 739.965
1155 896.6 25.9089
1156 560.45 144.24
1157 1435.39 899.352
1158 153.792 805.068
1159 1288.02 1318.19
1160 440.452 479.089
1161 663.467 430.202
1162 97.915 691.23
1163 712.07 600.066
1164 726.599 103.267
1165 337.33 315.919
1166 1279.42 1371.15
1167 1120.23 1196.63
1168 931.161 474.209
1169 565.505 299.229
1170 1101.18 946.953
1171 1464.66 1034.85
1172 980.379 464.091
1173 504.373 663.477
1174 784.75 1070.08
1175 527.256 623.753
1176 1350.13 354.168
1177 1306.51 922.708
1178 101.293 832.632
1179 1533.83 800.624
1180 323.578 928.845
1181 1254.55 937.875
1182 635.622 1003.6
1183 1358.08 1448.45
1184 1160.84 1537.8
1185 713.158 1050.57
1186 1346.98 294.265
1187 704.411 955.567
1188 82.0409 72.2424
1189 744.799 1453.64
1190 1198.67 794.44
1191 1509.91 1413.88
1192 611.443 736.949
1193 1259.52 912.722
1194 495.579 173.869
1195 200.274 564.995
1196 349.236 1242.79
1197 714.86 744.513
1198 514.633 1217.02
1199 897.593 776.606
1200 1008.94 385.419
1201 1491.99 79.6278
1202 1349.3 56.073
1203 122.247 84.0622
1204 1378.09 1385.38
1205 1446.79 834.391
1206 513.403 54.4655
1207 1079.02 1032.82
1208 677.077 615.243
1209 779.585 1118.63
1210 803.508 396.681
1211 934.343 1121.41
1212 564.372 181.268
1213 884.024 135.795
1214 905.975 510.094
1215 454.978 29.8429
1216 970.167 167.415
1217 1133.42 255.175
1218 982.095 1382.92
1219 1212.17 595.054
1220 690.605 991.783
1221 265.094 121.768
1222 182.214 1423.62
1223 258.806 1332.67
1224 1221.27 22.4103
1225 630.015 347.076
1226 1039.86 315.73
1227 538.795 389.604
1228 563.966 793.636
1229 496.148 67.5716
1230 840.764 1502.53
1231 425.89 185.438
1232 810.378 372.758
1233 385.289 752.598
1234 24.5851 208.406
1235 1445.94 1463.9
1236 108.836 802.856
1237 12.0562 400.005
1238 497.615 881.15
1239 1342.44 1356.98
1240 16.6422 980.152
1241 402.026 1176.88
1242 1151.01 619.096
1243 160.64 750.413
1244 562.385 524.23
1245 630.514 770.838
1246 115.507 914.945
1247 1501.15 1486.23
1248 198.241 170.772
1249 435.298 940.57
1250 1253.7 541.402
1251 1336.46 1000.66
1252 585.173 1037.96
1253 1306.04 1335.49
1254 14.2783 810.883
1255 641.578 708.061
1256 772.115 1530.42
1257 56.7822 1195.03
1258 942.556 905.158
1259 303.922 932.911
1260 866.72 711.455
1261 322.957 980.483
1262 301.207 1164.11
1263 1104.68 1296.34
1264 1000.57 74.9472
1265 1299.56 812.784
1266 116.543 946.868
1267 885.389 1465.28
1268 1444.99 382.228
1269 1039.86 974.479
1270 586.615 498.785
1271 1258.17 1365.9
1272 832.49 203.972
1273 1278.29 1045.93
1274 268.545 827.573
1275 1472.26 1414.12
1276 76.6394 1315.88
1277 976.835 1299.39
1278 828.757 948.05
1279 887.806 613.966
1280 397.534 1229.21
1281 799.812 1173.99
1282 944.21 1240.66
1283 1464.33 413.101
1284 706.014 664.696
1285 1057.82 591.698
1286 991.253 1340.51
1287 480.125 1154.11
1288 1125.12 471.382
1289 1154.35 929.79
1290 1546.03 1265.99
1291 1310.86 767.434
1292 1429.2 677.486
1293 490.095 1486.45
1294 652.215 925.356
1295 313.32 1280.94
1296 441.513 1460.59
1297 1230.2 690.582
1298 507.402 131.696
1299 1548.2 365.539
1300 901.926 996.747
1301 615.728 717.328
1302 1383.46 514.869
1303 1052.29 350.126
1304 1216.98 727.199
1305 1188.88 579.666
1306 1491.04 686.975
1307 150.35 109.829
1308 118.15 219.469
1309 617.212 102.936
1310 693.489 44.9722
1311 828.626 827.667
1312 230.252 915.937
1313 658.172 1311.2
1314 265.85 556.39
1315 1213.66 428.656
1316 998.508 1179.09
1317 1329.91 190.393
1318 881.14 547.728
1319 824.513 1329.21
1320 1347.74 1313.09
1321 499.503 1434.35
1322 1147.18 1520.31
1323 234.882 1519.21
1324 670.039 1363.67
1325 400.217 613.267
1326 361.12 232.495
1327 280.348 1410.72
1328 965.481 662.862
1329 485.083 1146.75
1330 368.345 720.58
1331 1353.84 1512.18
1332 1162.5 1061.84
1333 653.728 563.377
1334 174.129 1391.48
1335 964.496 879.211
1336 1503.14 1227.66
1337 389.911 703.844
1338 251.146 1519.41
1339 1238.45 664.035
1340 757.414 802.917
1341 156.588 15.5174
1342 125.197 122.453
1343 682.683 1461.41
1344 1474.32 21.0963
1345 1292.62 517.753
1346 1392.04 1435.5
1347 460.356 191.433
1348 699.967 1334.59
1349 583.991 1408.36
1350 661.529 1463.15
1351 134.131 1333.65
1352 469.91 1240.08
1353 1437.14 606.284
1354 866.591 757.505
1355 981.223 1259.19
1356 1246.19 938.631
1357 745.071 1031.25
1358 583.577 254.881
1359 29.8804 1019.15
1360 198.619 1394.69
1361 681.643 936.646
1362 40.8964 1333.27
1363 1495.15 1153.92
1364 463.831 654.305
1365 335.807 1269.03
1366 84.9605 889.944
1367 659.821 2.83674
1368 591.083 157.628
1369 579.641 59.8553
1370 362.691 527.55
1371 809.552 512.316
1372 1051.13 795.518
1373 895.581 65.1506
1374 1016.74 1009.17
1375 1425.32 461.396
1376 47.2791 476.252
1377 5.48437 457.945
1378 132.003 379.046
1379 1008.94 840.046
1380 1143.92 503.924
1381 1252.79 1222.03
1382 1291.33 969.514
1383 840.055 1082.42
1384 1293.87 241.275
1385 739.019 1438.11
1386 1415.16 1401.6
1387 583.329 263.392
1388 1504.23 1232.66
1389 1150.88 1146.29
1390 207.133 44.0641
1391 410.365 641.35
1392 1102.79 732.802
1393 1094.7 1434.17
1394 1034.65 1546.04
1395 1052.62 97.2531
1396 1495.58 1133.76
1397 224.623 491.088
1398 361.546 1118.3
1399 628.207 30.5423
1400 772.032 236.537
1401 343.482 574.654
1402 948.374 544.395
1403 797.031 251.856
1404 654.42 148.504
1405 868.528 632.783
1406 1422.58 998.307
1407 353.08 1403.54
1408 654.39 366.413
1409 44.3478 309.971
1410 955.871 1439.23
1411 1260.65 200.369
1412 712.637 15.5789
1413 11.2997 856.697
1414 580.209 1174.46
1415 1006.72 595.064
1416 187.418 195.263
1417 1427.88 278.153
1418 294.927 374.711
1419 937.686 1366
1420 839.724 798.638
1421 717.473 1002.89
1422 1533.78 180.394
1423 127.89 667.448
1424 281.783 778.214
1425 766.397 136.802
1426 758.073 48.3665
1427 112.288 424.046
1428 1350.31 326.85
1429 858.352 692.307
1430 623.611 521.583
1431 593.799 46.2488
1432 801.238 1028.98
1433 145.147 209.115
1434 398.326 366.035
1435 657.037 1130.44
1436 792.539 272.385
1437 1458.46 1401.27
1438 1067.33 435.97
1439 803.697 1216.4
1440 600.449 356.721
1441 535.438 473.51
1442 1233.37 1125.05
1443 573.353 134.083
1444 9.31398 277.434
1445 1380.79 1455.53
1446 477.566 339.937
1447 710.888 1139.51
1448 430.715 412.993
1449 891.305 411.716
1450 420.453 959.481
1451 525.186 953.487
1452 216.823 876.885
1453 1282.82 217.163
1454 1184.25 1270.6
1455 328.923 292.525
1456 541.487 11.735
1457 658.645 1067.28
1458 1212.11 127.096
1459 160.193 1199.52
1460 245.494 1198.39
1461 1448.16 653.208
1462 904.969 1313.22
1463 433.738 515.2
1464 756.202 971.963
1465 1024.68 883.75
1466 214.032 82.6064
1467 257.104 866.105
1468 1270.11 569.855
1469 563.578 863.278
1470 1078.39 999.054
1471 821.332 1203.3
1472 755.898 337.644
1473 1183.92 1425.58
1474 46.9954 1171.17
1475 1517.77 986.63
1476 1273.56 1184.97
1477 141.442 1152.67
1478 568.436 1326.61
1479 184.436 523.19
1480 1088.98 1173.28
1481 802.184 467.283
1482 1442.3 1066.81
1483 1413.83 1197.15
1484 68.2237 1087.76
1485 1528.96 777.136
1486 485.882 101.461
1487 481.502 1306.94
1488 543.91 605.976
1489 1052.05 1200.38
1490 889.887 575.633
1491 243.393 1139.9
1492 616.235 815.328
1493 169.07 114.888
1494 1265.8 471.349
1495 989.551 267.468
1496 752.825 455.061
1497 328.27 995.224
1498 1488.35 588.246
1499 663.94 364.201
1500 1028.06 249.161
1501 679.26 28.7555
1502 1161.72 1371.39
1503 1363.72 794.724
1504 981.514 29.4076
1505 535.246 936.608
1506 1127.57 1018.87
1507 980.808 68.6019
1508 1318.05 1266.58
1509 127.192 317.82
1510 1149.97 384.71
1511 548.106 419.092
1512 261.418 1433.42
1513 105.305 822.845
1514 1246.18 400.974
1515 828.613 32.5378
1516 596.068 1252.95
1517 115.023 495.967
1518 1156.78 554.394
1519 641.172 83.552
1520 1094.94 256.678
1521 184.152 1219.2
1522 952.059 951.586
1523 1096.57 756.002
1524 1140.32 981.135
1525 1365.99 1452.71
1526 1368.76 269.869
1527 182.592 617.616
1528 1531.85 263.212
1529 416.626 427.947
1530 304.099 956.135
1531 458.979 769.429
1532 1064.2 1511.24
1533 9.50309 3.12042
1534 472.412 639.875
1535 647.046 926.244
1536 1101.85 1391.05
1537 291.996 646.646
1538 248.546 634.968
1539 350.472 500.317
1540 824.642 1228.17
1541 777.213 1501.4
1542 1038.39 1492.98
1543 715.355 316.496
1544 1480.87 710.425
1545 1313.96 862.144
1546 1468.82 961.713
1547 672.03 783.651
1548 179.708 676.148
1549 1255.78 507.22
1550 186.469 1262.4
1551 166.454 728.911
1552 955.226 9.65477
1553 648.007 1362.78
1554 321.764 760.011
1555 1215.03 1238.1
1556 1081.43 580.266
1557 1478.1 1454.36
1558 614.65 1329.53
1559 320.552 1469.1
1560 552.612 750.518
1561 1408.24 967.283
1562 1218.52 1025.59
1563 1124.41 171.822
1564 298.189 1177.2
1565 64.5359 32.8501
1566 768.521 48.2345
1567 260.227 686.8
1568 6.85547 773.958
1569 1019.07 712.685
1570 484.83 1081.23
1571 798.839 1263.82
1572 660.424 179.377
1573 502.418 780.767
1574 1350.43 1084.8
1575 1336.3 150.641
1576 599.215 407.687
1577 1326.64 310.293
1578 551.558 658.04
1579 478.039 1399.46
1580 676.282 228.547
1581 39.0068 55.057
1582 879.911 1050.73
1583 758.179 153.478
1584 749.536 253.851
1585 26.429 138.112
1586 120.689 956.135
1587 896.51 1019.16
1588 1271.16 1284.68
1589 209.966 1163.35
1590 647.865 1036.03
1591 452.975 143.691
1592 371.897 1290.96
1593 1172.28 902.331
1594 1119.96 1307.64
1595 1416.06 853.576
1596 1218.52 720.817
1597 501.915 1205.34
1598 396.096 559.274
1599 1418.71 65.387
1600 807.527 302.312
1601 1083.12 1279.16
1602 422.273 600.596
1603 1479.3 104.591
1604 1410.02 1374.51
1605 1438.84 764.597
1606 305.943 528.296
1607 1012.62 411.186
1608 1513.26 911.257
1609 1002.17 1385.71
1610 1478.2 1172.95
1611 47.4419 367.179
1612 549.288 1118.2
1613 1468.87 503.263
1614 1427.97 232.14
1615 873.15 1468.96
1616 395.977 729.563
1617 52.9053 478.228
1618 974.243 577.193
1619 1432.79 979.528
1620 720.138 1082.03
1621 1376.91 30.6841
1622 953.885 812.926
1623 609.049 1263.2
1624 1170.02 1193.7
1625 775.228 1547.6
1626 346.888 153.799
1627 384.615 663.845
1628 1262.4 702.189
1629 1540.13 1246.18
1630 676.244 1024.17
1631 2.74219 635.951
1632 1421.36 581.816
1633 33.8623 256.773
1634 536.381 1275.19
1635 1490.34 1003.17
1636 1311.07 1548.35
1637 504.273 546.036
1638 23.1667 659.732
1639 344.391 50.5039
1640 1282.91 340.845
1641 1191.81 1399
1642 864.058 209.257
1643 40.2818 734.244
1644 747.955 1370.53
1645 1498.7 1046.29
1646 361.158 404.813
1647 1303.39 1402.72
1648 458.657 1168.93
1649 1467.93 790.421
1650 462.599 1219.95
1651 1154.84 1401.75
1652 155.264 1268.37
1653 337.055 1367.51
1654 1271.58 177.354
1655 608.954 1341.87
1656 33.4749 1008.99
1657 1066.52 867.524
1658 24.065 445.71
1659 1217.34 409.295
1660 1509.48 66.957
1661 285.623 191.669
1662 82.3601 1386.89
1663 89.6332 805.834
1664 962.129 1442.82
1665 1232.99 1385.29
1666 101.697 519.266
1667 1411.87 818.269
1668 796.18 1400.12
1669 714.15 1153.47
1670 285.471 1430.58
1671 695.345 1227.7
1672 746.158 1418.81
1673 389.033 1367.64
1674 749.072 1330.44
1675 914.36 10.6476
1676 784.163 595.433
1677 1021.65 495.258
1678 41.7001 1264.9
1679 1061.5 384.142
1680 1083.49 1449.01
1681 994.421 1415.78
1682 79.1084 110.113
1683 313.766 1449.91
1684 1437.05 1283.58
1685 666.778 1513.24
1686 93.6335 543.294
1687 305.642 1346.08
1688 891.258 760.115
1689 946.266 238.617
1690 1161.28 1361.79
1691 1338.09 611.659
1692 1449.81 1266.18
1693 885.408 786.166
1694 1189.64 476.951
1695 1442.2 1149.65
1696 712.309 1214.61
1697 916.733 870.607
1698 394.497 264.337
1699 64.2456 336.249
1700 872.065 1247.47
1701 175.095 1112.05
1702 1148.26 377.854
1703 760.79 1194.41
1704 63.6875 1468.39
1705 406.934 1141.14
1706 552.6 698.028
1707 1432.89 152.286
1708 52.7162 905.631
1709 711.219 1462.81
1710 190.629 1006.01
1711 1100.14 1327.45
1712 867.949 956.881
1713 554.964 569.817
1714 990.733 205.333
1715 157.206 1352.35
1716 809.864 500.591
1717 111.978 1289.92
1718 874.71 1496.58
1719 990.829 28.2354
1720 1266.78 585.882
1721 710.273 716.514
1722 1325.89 119.059
1723 96.5648 1077.45
1724 620.748 1227.79
1725 754.716 694.53
1726 902.132 46.7216
1727 794.724 325.337
1728 1221.16 849.463
1729 1421.67 373.836
1730 641.482 268.12
1731 1002.5 1135.46
1732 904.212 178.857
1733 923.591 1522.1
1734 1451.51 0.709186
1735 869.512 862.806
1736 192.996 327.526
1737 641.436 244.291
1738 1030.08 1299
1739 1125.55 1492.75
1740 21.8429 20.661
1741 1367.68 744.088
1742 798.874 933.204
1743 1275.6 803.234
1744 1255.97 1223.91
1745 402.723 1450.1
1746 1065.06 898.549
1747 675.192 51.676
1748 1171.91 1473.31
1749 179.559 667.486
1750 151.104 1298.43
1751 1166.38 1095.03
1752 483.553 1026.67
1753 842.857 408.397
1754 1302.54 263.344
1755 1124.73 854.616
1756 1190.21 922.708
1757 517.044 1410.57
1758 1107.66 1213.95
1759 160.418 1156.49
1760 1456.4 434.069
1761 454.402 562.999
1762 888.516 1232.75
1763 985.809 765.117
1764 104.487 1387.55
1765 1539.79 1486.93
1766 1444.47 481.726
1767 1417.1 115.739
1768 549.103 1537.7
1769 1082.22 1400.89
1770 209.825 1115.69
1771 326.462 255.26
1772 971.636 1086.19
1773 1268.63 132.996
1774 1219.28 398.809
1775 1262.16 495.367
1776 460.434 1231.48
1777 858.682 1407.04
1778 1202.9 325.006
1779 1081.36 1084.01
1780 539.029 914.992
1781 395.82 1367.36
1782 71.9115 879.684
1783 699.494 389.816
1784 1112.57 1240.74
1785 718.039 535.057
1786 766.66 1291.95
1787 705.877 746.537
1788 1117.43 546.073
1789 1076.62 105.385
1790 413.827 1285.48
1791 1170.81 446.419
1792 527.445 688.667
1793 1445.29 40.1025
1794 396.719 923.748
1795 1034.09 499.598
1796 1101.37 223.498
1797 1351.95 1465.65
1798 640.945 210.912
1799 1308.78 510.766
1800 1259.69 21.5218
1801 116.307 353.09
1802 200.841 430.571
1803 1455.35 1258.45
1804 1129.36 120.004
1805 82.7606 1246.24
1806 84.204 229.824
1807 1467.07 885.547
1808 812.455 1085.15
1809 828.897 678.654
1810 559.548 1386.13
1811 506.217 263.486
1812 525.697 117.971
1813 360.981 284.062
1814 279.204 2.78947
1815 746.773 605.361
1816 1340.28 107.759
1817 1260.22 735.861
1818 334.972 802.95
1819 1130.25 1319.52
1820 938.832 1540.12
1821 432.84 935.157
1822 46.9691 485.471
1823 1431.67 937.932
1824 1472.51 1162.79
1825 183.964 1372.95
1826 544.324 1148.89
1827 1008.84 347.69
1828 736.987 1485.14
1829 1147.56 1049.27
1830 1426.75 631.128
1831 146.754 83.5992
1832 1298.22 57.1131
1833 1261.74 662.498
1834 191.199 560.99
1835 89.2629 607.252
1836 459.668 171.586
1837 401.778 1406.93
1838 1063.12 997.173
1839 941.679 1031.07
1840 197.429 509.205
1841 684.412 1502.84
1842 1522.35 930.604
1843 442.201 303.91
1844 958.82 822.098
1845 931.729 1041.99
1846 1300.63 1275.69
1847 458.457 790.09
1848 634.119 1299.62
1849 418.325 1117.77
1850 530.991 639.79
1851 611.216 1358.29
1852 894.712 106.53
1853 854.9 1298.07
1854 948.986 633.975
1855 452.566 87.088
1856 1051.72 783.377
1857 1347.74 1323.01
1858 966.442 281.358
1859 1075.17 1148.41
1860 277.008 1044.73
1861 1410.08 8.98302
1862 994.988 771.216
1863 644.083 108.411
1864 1235.02 127.994
1865 587.017 318.576
1866 1366.51 593.352
1867 1250.82 756.853
1868 370.87 477.576
1869 1049.22 414.401
1870 655.477 1170.02
1871 469.387 249.312
1872 1463.85 207.707
1873 427.734 825.361
1874 583.046 1306.6
1875 1236.21 77.7839
1876 1184.91 410.241
1877 977.684 1316.2
1878 1450.06 258.191
1879 388.492 854.049
1880 240.178 1494.93
1881 439.79 529.289
1882 1071.77 1540.12
1883 932.958 195.735
1884 104.676 1207.6
1885 550.52 1029.12
1886 1192.47 399.555
1887 891.116 651.988
1888 90.2085 282.266
1889 990.641 681.339
1890 349.44 59.9026
1891 564.465 1526.98
1892 1394.45 392.747
1893 1248.78 986.218
1894 986.339 861.576
1895 945.602 112.43
1896 1424.8 304.582
1897 771.493 197.116
1898 16.0749 127.238
1899 1271.81 653.728
1900 1340.41 178.289
1901 1123.21 580.492
1902 131.672 1428.78
1903 1103.64 237.908
1904 863.978 89.5938
1905 1076.5 1214.79
1906 800.19 1230.01
1907 1483.95 899.305
1908 1175.93 635.052
1909 199.092 475.769
1910 1340.65 1217.68
1911 133.516 60.9053
1912 661.245 511.948
1913 241.513 389.674
1914 129.356 1176.74
1915 142.026 38.164
1916 841.709 194.705
1917 531.984 314.595
1918 177.391 1230.21
1919 273.105 317.526
1920 194.459 1098.27
1921 1218.52 471.477
1922 1531.74 14.9973
1923 136.447 1106.29
1924 1196.08 27.6208
1925 694.388 803.555
1926 60.5388 722.321
1927 165.429 174.412
1928 959.718 415.961
1929 497.187 1515.44
1930 1097.08 777.977
1931 1314.26 631.081
1932 166.328 1064.12
1933 371.472 1307.31
1934 1137.49 1458.33
1935 173.325 106.189
1936 1069.37 142.121
1937 1493.45 1359.75
1938 1239.49 814.061
1939 149.263 606.128
1940 1196.01 83.552
1941 181.788 1467.73
1942 1373.03 1280.33
1943 1012.2 29.2283
1944 1365.36 1237.91
1945 843.661 433.975
1946 55.4584 323.862
1947 1077.86 1522.35
1948 291.665 1296.12
1949 729.469 171.245
1950 955.522 1050.13
1951 664.367 453.879
1952 40.4709 100.762
1953 682.57 386.753
1954 658.692 849.983
1955 774.66 923.039
1956 1357.54 331.284
1957 858.541 1341.78
1958 1511.64 501.915
1959 409.862 1545.92
1960 586.187 1373.79
1961 1357.05 1169.26
1962 983.267 368.55
1963 674.531 692.554
1964 1146.23 1492.85
1965 1510.09 1524.75
1966 908.846 227.422
1967 54.1739 1138.77
1968 883.827 820.538
1969 54.9383 167
1970 404.898 1514.47
1971 1288.21 902.898
1972 1535.15 814.949
1973 604.841 301.178
1974 1067.7 1442.68
1975 100.137 1227.13
1976 425.902 1034.09
1977 659.023 194.979
1978 1011.15 1072.2
1979 1210.34 142.83
1980 706.73 1320.84
1981 1476.85 1154.19
1982 296.784 914.907
1983 317.29 4.77519
1984 571.226 322.491
1985 967.012 786.487
1986 1075.87 1202.97
1987 51.2426 1207.85
1988 291.712 1413.98
1989 1213.98 185.476
1990 934.613 1374.89
1991 353.837 1346.7
1992 362.536 489.315
1993 1487.26 325.29
1994 977.258 311.569
1995 455.196 1328.78
1996 617.276 1301.92
1997 113.482 1378.53
1998 1538.8 1297.1
1999 997.919 1192.09
2000 1275.59 387.972
2001 1352.38 169.259
2002 234.031 822.76
2003 460.311 905.347
2004 1130.4 1265.64
2005 939.732 1189.79
2006 1383.49 670.134
2007 127.505 904.648
2008 1088.03 1317.53
2009 571.134 1179.9
2010 205.392 241.606
2011 65.7179 362.782
2012 1482.44 438.75
2013 573.565 1466.74
2014 1412.61 27.8242
2015 84.9802 382.781
2016 888.867 265.567
2017 1432.41 271.996
2018 710.841 217.872
2019 625.786 840.055
2020 1358.37 477.198
2021 766.394 1119.38
2022 969.457 761.676
2023 681.276 584.606
2024 33.5209 997.125
2025 89.2156 1047.09
2026 518.604 1424.09
2027 1537.11 32.9633
2028 815.8 739.658
2029 1330.37 247.317
2030 306.986 389.684
2031 391.14 395.584
2032 290.326 370.857
2033 800.907 1154.7
2034 101.461 794.676
2035 1109.27 1369.06
2036 959.9 1461.22
2037 168.313 514.538
2038 107.506 299.617
2039 1140.83 471.42
2040 1076.31 990.544
2041 1148.41 956.597
2042 943.596 1341.64
2043 1540.93 731.124
2044 27.4219 726.159
2045 486.617 408.69
2046 1437.28 1530.06
2047 639.394 581.826
2048 689.577 327.36
2049 412.794 454.21
2050 493.735 1347.51
2051 999.755 1161.13
2052 504.704 729.777
2053 200.173 133.668
2054 1149.17 1180.19
2055 1486.6 1179.14
2056 179.71 409.035
2057 1370.67 1494.11
2058 224.626 628.032
2059 174.507 1458.58
2060 398.035 1470.44
2061 785.979 68.5074
2062 121.339 841.284
2063 857.501 23.2051
2064 474.54 1269.55
2065 1398.14 725.176
2066 706.964 451.43
2067 732.211 1059.11
2068 749.47 1188.57
2069 475.168 1114.42
2070 859.981 276.299
2071 376.504 814.524
2072 504.468 1108.23
2073 1352.48 827.252
2074 6.66635 1425.52
2075 14.8929 1479.27
2076 385.251 1386.65
2077 274.975 1479.17
2078 763.785 86.4734
2079 851.83 1285.4
2080 905.482 947.482
2081 65.3397 1107.84
2082 1181.08 527.682
2083 176.162 637.757
2084 3.30954 652.839
2085 351.098 982.365
2086 1422.2 1108.46
2087 573.542 151.066
2088 2.88402 1067.15
2089 119.363 411.385
2090 1379.73 1431.56
2091 1003.04 532.741
2092 1163.73 1140
2093 159.803 934.717
2094 801.664 998.77
2095 799.444 383.443
2096 482.079 700.431
2097 906.228 955.898
2098 1013.94 153.525
2099 1395.44 162.035
2100 1176.61 758.924
2101 426.126 1503.96
2102 357.808 705.13
2103 875.327 1103.26
2104 1067.61 557.657
2105 544.135 1446.94
2106 177.819 1537.7
2107 473.785 1282.09
2108 102.832 1531.63
2109 226.514 1528.67
2110 197.674 573.448
2111 256.444 734.055
2112 98.1041 259.798
2113 683.989 981.088
2114 320.127 386.412
2115 1004.49 892.97
2116 67.2899 608.113
2117 364.466 977.079
2118 1095.32 504.326
2119 467.826 569.155
2120 1423.69 1317.82
2121 535.294 1000.91
2122 1145.9 815.872
2123 1531.88 1023.32
2124 1292.73 476.384
2125 988.475 712.222
2126 1226.42 556.947
2127 561.864 444.826
2128 1277.15 972.531
2129 272.897 459.231
2130 546.878 1014.18
2131 1528.46 1038.2
2132 1486.17 1319.82
2133 1105.53 342.689
2134 947.236 114.604
2135 1055.88 381.032
2136 1093.85 1484.01
2137 765.072 1144.15
2138 1162.12 381.363
2139 354.688 1248.69
2140 1424.38 756.57
2141 917.368 767.859
2142 25.8144 1095.84
2143 641.672 1056.13
2144 946.141 1443.67
2145 425.561 450.263
2146 311.616 865.112
2147 417.855 1042.83
2148 755.702 342.679
2149 389.721 1386.89
2150 1198.81 838.069
2151 925.772 1494.49
2152 786.96 1321.08
2153 59.1855 553.317
2154 787.149 540.825
2155 1278.24 42.4334
2156 153.515 433.313
2157 638.977 520.694
2158 488.109 6.14628
2159 716.845 908.855
2160 844.52 1174.85
2161 406.647 351.057
2162 1429.25 283.013
2163 800.956 1300.03
2164 793.059 683.655
2165 635.194 291.296
2166 81.9819 370.867
2167 714.199 74.7108
2168 303.863 1133.47
2169 356.721 1514.77
2170 845.208 904.969
2171 1054.84 334.32
2172 178.809 489.197
2173 1348.54 1527.27
2174 1495.01 1369.31
2175 306.652 945.639
2176 1332.94 1226.38
2177 187.083 1365.92
2178 1509.2 137.771
2179 838.874 641.766
2180 1519.41 341.568
2181 801.853 881.566
2182 613.883 1518.66
2183 1047.75 322.5
2184 396.285 1034
2185 845.823 509.064
2186 54.3735 1408.77
2187 974.461 122.784
2188 875.809 285.849
2189 994.309 743.274
2190 83.0249 1467.8
2191 1437.94 770.611
2192 1291.69 1070.11
2193 1314.59 1410.49
2194 1167.75 1282.94
2195 1010.97 9.32381
2196 823.932 125.904
2197 688.338 1012.93
2198 1158.06 598.6
2199 1412.74 1358.09
2200 1113.04 820.15
2201 1524.24 766.451
2202 1298.9 1195.57
2203 804.419 105.763
2204 1448.66 338.433
2205 1102.93 779.278
2206 1476.1 1217.54
2207 1107.75 672.413
2208 467.354 863.505
2209 906.767 1422.06
2210 339.416 768.531
2211 847.856 837.228
2212 1002.32 477.471
2213 1410.05 391.707
2214 411.132 1523.25
2215 1513.7 1289.59
2216 984.776 615.384
2217 825.729 58.8723
2218 761.098 713.829
2219 896.584 632.651
2220 187.899 1088.42
2221 1278.09 341.875
2222 1423.57 746.641
2223 637.18 1189.12
2224 1151.34 135.502
2225 698.531 244.433
2226 228.975 1320.65
2227 231.951 540.599
2228 252.328 520.826
2229 1295.91 989.882
2230 815.802 921.243
2231 1372.89 1021.72
2232 41.1721 934.055
2233 682.19 585.031
2234 696.444 1280.37
2235 1082.31 393.67
2236 569.763 445.322
2237 1196.35 1295.21
2238 688.972 875.514
2239 1103.64 1061.79
2240 564.316 871.647
2241 748.144 57.6332
2242 1430.63 1425.62
2243 392.654 1331.25
2244 37.2559 1008.51
2245 285.944 9.98572
2246 1014.02 1500.59
2247 381.789 358.716
2248 996.075 970.025
2249 486.088 896.742
2250 818.695 1483.58
2251 983.452 585.277
2252 1239.39 872.819
2253 73.2654 321.602
2254 950.255 594.875
2255 1184.18 1338.05
2256 264.432 623.493
2257 988.041 1535.51
2258 285.566 662.357
2259 1284.08 1047.42
2260 1364.9 619.697
2261 1049.5 1380.8
2262 1469.85 1170.73
2263 154.224 254.844
2264 241.882 63.3067
2265 889.765 733.251
2266 1103.68 1537.81
2267 341.698 144.485
2268 1138.5 906.576
2269 1147.89 290.398
2270 545.931 389.589
2271 628.953 62.6073
2272 1543.32 792.303
2273 646.447 640.878
2274 288.934 879.485
2275 1458.42 1134.56
2276 68.271 1137.4
2277 877.247 590.904
2278 886.814 531.001
2279 887.475 483.736
2280 250.25 861.071
2281 1098.85 1511.57
2282 358.706 299.135
2283 1465.27 1062.74
2284 1032.97 1441.16
2285 8.27384 1116.59
2286 850.108 1539.93
2287 696.896 168.03
2288 1392.86 290.303
2289 600.161 21.9848
2290 306.605 1007.23
2291 946.716 668.29
2292 1226.93 1413.5
2293 589.665 559.595
2294 1165.52 145.43
2295 472.462 1209.28
2296 129.97 1318.28
2297 57.775 1357.62
2298 380.738 1163.22
2299 1468.72 1437.01
2300 679.589 1254.28
2301 292.61 885.169
2302 1205.28 583.518
2303 752.446 1252.53
2304 1426.98 652.083
2305 273.646 850.608
2306 1257.67 516.77
2307 438.324 679.022
2308 305.217 1344.34
2309 1100.09 245.993
2310 1167.7 662.853
2311 145.95 708.761
2312 134.237 9.27653
2313 260.709 83.1639
2314 41.5583 663.019
2315 262.638 183.254
2316 1461.92 468.498
2317 785.258 1492.55
2318 1226.76 679.211
2319 1464.75 1110.54
2320 272.084 1075.99
2321 1461.35 1264.58
2322 565.715 1099.91
2323 1169.28 881.623
2324 1352.45 245.53
2325 64.2548 566.971
2326 1237.27 1251.9
2327 362.575 992.861
2328 122.358 1449.95
2329 402.631 1219.94
2330 762.422 629.332
2331 309.226 1120.32
2332 721.092 1015.46
2333 758.159 261.311
2334 749.621 651.884
2335 1490.24 88.7527
2336 1021.13 1466.88
2337 263.952 1259.05
2338 1142.25 156.929
2339 847.858 1019.72
2340 881.424 700.77
2341 240.028 1160.99
2342 248.83 1026.26
2343 1393.46 1159.01
2344 5.05886 231.053
2345 1485.93 249.738
2346 575.386 799.962
2347 415.557 898.643
2348 121.933 1178.9
2349 1316.08 584.889
2350 912.44 1230.16
2351 348.913 701.3
2352 619.83 986.762
2353 250.865 803.329
2354 509.84 828.197
2355 719.23 242.079
2356 1541.98 995.849
2357 693.869 1302.22
2358 1260.41 1027.37
2359 439.092 120.609
2360 161.025 514.737
2361 62.7314 980.615
2362 245.523 1186.95
2363 548.089 126.387
2364 771.965 1476.95
2365 882.653 440.168
2366 75.4888 760.058
2367 1330.38 520.637
2368 51.7233 814.193
2369 619.17 542.551
2370 696.941 874.734
2371 169.262 873.292
2372 531.741 708.051
2373 202.118 422.117
2374 822.488 1453.03
2375 520.448 302.596
2376 421.846 1441.02
2377 423.668 86.3887
2378 28.2269 75.8125
2379 1431.28 488.261
2380 154.792 225.521
2381 389.485 1525.74
2382 1354.88 845.549
2383 1026.1 645.795
2384 973.951 461.775
2385 969.336 187.414
2386 1446.36 402.402
2387 256.773 932.826
2388 675.535 93.4333
2389 512.308 230.212
2390 632.83 1435.31
2391 1183.3 935.866
2392 998.865 603.149
2393 1193.75 373.231
2394 1506.17 1484.38
2395 1089.31 364.285
2396 486.343 513.035
2397 1092.34 571.746
2398 987.756 1328.97
2399 555.37 1178.35
2400 1220.6 546.887
2401 156.021 298.922
2402 822.478 1444.9
2403 617.323 1547.23
2404 1005.02 1004.11
2405 506.312 614.108
2406 874.524 1333.51
2407 978.771 297.764
2408 784.265 1297.77
2409 1481.43 1455.63
2410 1445.54 1099.01
2411 18.2497 756.631
2412 1339.37 1291.29
2413 560.777 211.196
2414 525.612 1286.61
2415 1108.8 1475.64
2416 998.062 879.674
2417 1112.03 1092.76
2418 991.868 1257.87
2419 1361.26 1074.1
2420 1513.73 1209.11
2421 911.656 1366.08
2422 811.214 1062.74
2423 50.4963 1285.28
2424 199.812 704.657
2425 375.68 1078.62
2426 1482.51 1511.94
2427 928.242 1085.58
2428 943.644 49.643
2429 617.609 1244.54
2430 951.066 1418.67
2431 702.162 486.701
2432 1193.97 946.915
2433 1286.18 1448.58
2434 747.484 1239.49
2435 357.016 513.744
2436 1145.05 11.2051
2437 468.867 845.113
2438 1395.01 772.966
2439 853.304 708.099
2440 79.9489 556.947
2441 1234.94 132.817
2442 1493.45 1320.79
2443 1019.9 940.192
2444 1361.18 425.805
2445 979.521 1429.54
2446 253.558 705.64
2447 1137.95 1045.2
2448 957.545 314.122
2449 1423.52 1527.59
2450 644.036 1093.95
2451 1112.1 483.854
2452 863.157 1185.3
2453 430.901 998.723
2454 1472.74 56.3665
2455 1386.79 47.4682
2456 465.321 579.273
2457 397.333 261.983
2458 815.8 693.82
2459 619.592 422.675
2460 307.976 1209.92
2461 1342.76 64.3094
2462 49.0205 161.789
2463 933.905 157.534
2464 1425.95 1238.19
2465 1184.95 851.874
2466 117.678 192.057
2467 594.44 1467.08
2468 1190.3 471.335
2469 1192.19 159.756
2470 243.818 950.556
2471 80.7054 971.727
2472 1190.68 1513.89
2473 1389.73 228.831
2474 1328.45 6.47723
2475 0.236395 672.167
2476 582.357 28.5566
2477 588.201 331.899
2478 517.375 1057.59
2479 771.664 931.218
2480 1370.46 267.893
2481 1421.93 929.564
2482 1192.71 391.291
2483 932.107 302.596
2484 647.392 1245.81
2485 568.239 603.811
2486 678.043 1085.82
2487 212.425 1383.43
2488 473.133 1492.99
2489 1388.45 718.405
2490 521.415 323.351
2491 286.399 1436.05
2492 1118.12 1111.81
2493 559.784 376.682
2494 146.849 946.953
2495 1405.09 1392.24
2496 309.728 199.99
2497 258.427 1505
2498 164.484 1523.77
2499 1170.35 1020.62
2500 1389.11 668.148
2501 816.909 313.423
2502 230.013 643.62
2503 172.569 822.193
2504 1098.05 1125.67
2505 1495.44 165.061
2506 1033.47 1034.66
2507 1261.01 1434.49
2508 1163.91 303.343
2509 1343.16 840.49
2510 162.356 685.547
2511 418.231 387.131
2512 1395.77 692.696
2513 599.64 1169.79
2514 84.8015 276.923
2515 55.0722 1357.24
2516 301.31 1222.16
2517 403.432 54.3237
2518 127.795 1362.4
2519 1408.19 1259.94
2520 231.478 1423.11
2521 1514.71 626.826
2522 1395.23 1133.37
2523 758.593 351.624
2524 1265.72 720.165
2525 324.686 747.009
2526 1078.91 120.808
2527 1514.77 401.305
2528 1181.64 333.412
2529 668.82 32.5753
2530 1051.86 1.22926
2531 992.057 1241.74
2532 495.724 834.523
2533 1033.31 75.1264
2534 275.732 460.428
2535 906.482 931.776
2536 895.087 743.463
2537 565.93 187.377
2538 1014.28 1398.18
2539 496.064 1384.57
2540 783.698 126.496
2541 409.531 528.627
2542 1254.98 690.605
2543 569.317 668.82
2544 312.798 243.45
2545 491.08 91.1541
2546 58.8834 352.381
2547 949.506 55.0328
2548 167.652 1280
2549 265.673 211.999
2550 375.039 299.097
2551 836.319 251.014
2552 13.049 808.482
2553 371.472 117.735
2554 66.4861 1306.13
2555 1389.91 75.552
2556 501.255 591.972
2557 1217.66 1529.1
2558 670.465 17.5031
2559 1010.5 691.409
2560 1113.33 182.686
2561 274.455 721.479
2562 864.072 1220.38
2563 473.594 777.656
2564 543.579 1229.44
2565 1207.98 870.607
2566 1150.87 609.995
2567 1371.18 938.631
2568 422.479 527.55
2569 767 1082.46
2570 1033 783.461
2571 1236.2 360.513
2572 1329.77 478.606
2573 24.5378 225.862
2574 932.846 112.25
2575 257.341 615.337
2576 1285.61 562.432
2577 879.012 146.528
2578 1330.76 152.901
2579 476.225 1396.77
2580 434.874 958.924
2581 1016.95 961.089
2582 1533.16 1341.4
2583 459.97 362.026
2584 268.782 390.667
2585 212.425 400.076
2586 210.108 1470
2587 808.957 170.867
2588 33.6643 323.082
2589 1242.45 105.882
2590 1470.8 1272.66
2591 545.033 768.295
2592 996.087 522.528
2593 1302.35 1312.24
2594 420.878 1262.55
2595 1514.63 1278.1
2596 273.888 960.427
2597 1238.66 769.23
2598 556.098 958.782
2599 530.424 801.91
2600 925.102 1155.23
2601 1495.3 585.608
2602 1427.59 457.293
2603 126.255 365.713
2604 95.7138 1500.21
2605 1382.11 1219.56
2606 164.815 1120.37
2607 750.491 471.95
2608 595.387 11.8198
2609 195.104 151.293
2610 1479.31 99.2959
2611 743.794 1361.5
2612 442.958 68.8383
2613 1092.35 658.597
2614 802.186 726.609
2615 57.9089 1370.76
2616 961.514 804.784
2617 7.94288 154.281
2618 895.513 596.284
2619 84.535 708.818
2620 952.531 870.087
2621 901.517 495.201
2622 433.485 305.612
2623 738.965 547.113
2624 1395.82 38.8634
2625 1042.98 38.3059
2626 45.9946 1176.17
2627 94.8891 506.416
2628 1375.35 603.054
2629 1402.25 696.09
2630 461.521 654.721
2631 74.8428 249.88
2632 884.875 722.566
2633 982.034 576.011
2634 704.08 579.084
2635 1466.7 884.412
2636 965.081 586.554
2637 796.9 23.8385
2638 93.3762 1496.58
2639 243.528 1297.91
2640 1482.4 1321.22
2641 1088.51 1273.89
2642 1037.7 452.177
2643 1104.78 804.548
2644 532.383 150.158
2645 962.263 795.376
2646 56.614 410.203
2647 61.5021 63.222
2648 761.714 1451.24
2649 1521.93 492.601
2650 899.467 1072.61
2651 161.08 1343.01
2652 1294.03 627.923
2653 3.02586 75.8829
2654 103.588 412.037
2655 72.8129 1030.12
2656 492.555 1298.71
2657 242.683 449.114
2658 851.101 844.026
2659 644.839 63.4958
2660 994.515 128.835
2661 1463.09 1503.1
2662 280.98 235.129
2663 1468.39 197.022
2664 616.33 1366.18
2665 985.052 838.873
2666 437.993 489.197
2667 104.156 1014.34
2668 680.724 1399.22
2669 834.6 433.89
2670 191.936 805.645
2671 1415.35 992.246
2672 1283.44 1519.79
2673 1026.19 1158.91
2674 197.39 326.425
2675 838.022 720.249
2676 1124.28 537.989
2677 1214.5 701.442
2678 1167.79 298.993
2679 851.685 370.195
2680 1303.44 349.639
2681 414.356 327.502
2682 610.138 385.561
2683 268.915 1261.07
2684 1364.96 744.645
2685 1547.08 1013.58
2686 407.356 758.65
2687 155.702 629.379
2688 1193.37 1408.22
2689 1233.46 1324.1
2690 397.144 548.626
2691 638.693 813.257
2692 114.322 300.222
2693 264.574 64.0159
2694 998.723 102.501
2695 1319.09 121.082
2696 783.595 1318.48
2697 475.403 273.226
2698 252.423 565.505
2699 1246.61 167.141
2700 310.056 243.818
2701 58.4842 645.904
2702 1397 410.676
2703 0.330954 107.428
2704 804.815 296.544
2705 166.422 1051.35
2706 755.898 931.776
2707 135.523 956.503
2708 1089.4 1077.58
2709 848.624 79.0132
2710 304.489 799.915
2711 441.843 51.1658
2712 1279.12 80.3271
2713 149.449 1488.2
2714 100.214 793.211
2715 1155.41 322.042
2716 1094.05 262.645
2717 638.629 361.969
2718 1428.37 391.67
2719 1299.84 1190.58
2720 746.489 1460.93
2721 1325.09 1278
2722 54.7136 335.691
2723 1513.69 299.229
2724 1089.09 1073.28
2725 193.608 1374.65
2726 651.033 649.672
2727 809.108 666.55
2728 4.82247 251.487
2729 342.206 1155.88
2730 638.118 918.018
2731 939.057 1544.14
2732 522.386 1490.09
2733 1177.86 1229.27
2734 1256.82 874.994
2735 1051.91 336.249
2736 783.083 814.24
2737 535.625 1053.86
2738 869.407 1466.27
2739 666.304 117.961
2740 1004.82 1190.83
2741 402.77 737.705
2742 744.695 1026
2743 1485.13 1045.78
2744 1300.32 1342.92
2745 771.133 1419.46
2746 306.975 497.423
2747 689.329 514.775
2748 705.567 971.727
2749 1215.71 1283.48
2750 1227.51 233.096
2751 572.749 1399.6
2752 1213.8 426.363
2753 1365.66 816.33
2754 1300.27 10.3541
2755 955.794 1279.38
2756 193.277 33.2372
2757 1537.42 111.919
2758 1539.31 612.085
2759 279.979 761.146
2760 915.618 692.034
2761 601.136 699.494
2762 1501.39 155.842
2763 769.751 567.453
2764 216.417 1138.73
2765 1362.59 98.4921
2766 1548.46 843.79
2767 86.6153 1238.62
2768 1212.64 743.379
2769 1319.28 906.671
2770 258.968 120.382
2771 261.473 410.666
2772 330.738 738.594
2773 635.196 949.269
2774 684.175 526.311
2775 1300.39 921.148
2776 581.223 341.639
2777 363.576 379.225
2778 637.126 1488.69
2779 664.614 1281.5
2780 450.901 620.018
2781 1056.78 804.274
2782 1021.75 474.55
2783 1256.35 712.094
2784 1352.54 1484.33
2785 246.513 981.23
2786 587.189 685.604
2787 221.975 262.068
2788 307.787 1209.41
2789 766.441 1211.85
2790 742.803 28.4388
2791 916.213 1137.72
2792 1373.65 958.168
2793 1460.53 1540.45
2794 236.726 1098.48
2795 955.983 1204.26
2796 1089.65 224.339
2797 469.056 1218.77
2798 543.615 163.113
2799 337.525 612.841
2800 983.877 1281.5
2801 81.1801 1141.93
2802 16.9732 844.036
2803 1473.83 664.281
2804 423.718 182.649
2805 322.955 575.008
2806 1418.05 876.743
2807 1335.59 1228.07
2808 897.492 1102.61
2809 198.441 943.889
2810 142.641 20.661
2811 602.262 819.772
2812 437.19 971.774
2813 140.893 1517.1
2814 1417.66 1435.91
2815 736.951 783.556
2816 1217.01 1226.71
2817 1228.46 1095.89
2818 963.075 338.197
2819 701.255 611.328
2820 1361.68 1198.05
2821 543.701 417.427
2822 1083.35 1263.64
2823 1017.59 410.832
2824 1543.15 1090.22
2825 986.572 286.805
2826 973.308 1082.28
2827 821.663 611.423
2828 1321.84 703.418
2829 517.178 1259.34
2830 1325.09 1267.18
2831 858.816 1420.74
2832 1093.35 193.381
2833 479.504 1172.77
2834 1489.24 1380.98
2835 1443.9 70.8713
2836 1023.17 1484.81
2837 1374.74 161.742
2838 801.76 1216.16
2839 929.395 1307.84
2840 50.8367 1079.43
2841 1459.03 1253.24
2842 727.436 892.487
2843 441.286 304.345
2844 1442.18 1465.61
2845 663.592 1128.89
2846 960.758 1020.67
2847 237.01 311.484
2848 246.324 1476.19
2849 738.453 324.193
2850 709.547 147.085
2851 387.026 1095.66
2852 118.435 852.678
2853 289.831 332.372
2854 13.9946 108.884
2855 327.597 407.735
2856 1434.73 549.582
2857 1453.45 57.3495
2858 1160.2 1381.78
2859 913.195 931.077
2860 1233.61 1175.41
2861 833.116 152.721
2862 814.818 1514.78
2863 1096.92 850.182
2864 536.071 92.9034
2865 461.096 207.744
2866 1369.67 744.088
2867 1230.49 1159.39
2868 772.845 962.035
2869 85.5856 518.888
2870 259.704 1196.83
2871 163.152 840.055
2872 536.239 992.161
2873 932.762 564.995
2874 132.392 905.489
2875 300.128 450.296
2876 534.605 1501.06
2877 1481.06 271.807
2878 1133.75 1528.12
2879 23.9902 302.302
2880 920.865 1352.28
2881 736.561 95.5983
2882 1067.22 1231.53
2883 1189.81 816.141
2884 187.217 862.323
2885 555.115 549.913
2886 898.418 876.979
2887 90.9097 1418.71
2888 1093.04 963.936
2889 1421.45 328.458
2890 169.826 768.011
2891 1499.74 646.031
2892 603.151 1447.4
2893 95.9292 691.551
2894 465.462 663.808
2895 856.614 777.372
2896 1209.49 619.498
2897 1176.87 901.858
2898 9.69221 146.244
2899 1096.35 444.717
2900 1173.75 203.631
2901 111.106 67.8927
2902 1080.23 40.2818
2903 1543.05 1404.34
2904 810.053 90.5493
2905 996.832 1268.55
2906 1200.07 96.6384
2907 10.9215 1176.49
2908 617.74 254.929
2909 647.061 211.81
2910 48.9075 908.383
2911 149.054 458.418
2912 1044.77 775.008
2913 759.775 862.087
2914 692.867 500.506
2915 1442.78 1107.99
2916 535.861 154.934
2917 1035.18 855.326
2918 626.913 632.168
2919 87.3927 1305.48
2920 696.61 759.633
2921 1361.68 365.136
2922 914.029 1263.5
2923 389.903 1414.17
2924 1488.65 551.558
2925 443.572 957.411
2926 1389.58 1375.63
2927 276.535 123.115
2928 1129.69 699.598
2929 1382.9 1158.91
2930 1348.73 1183.07
2931 469.152 67.3022
2932 1545.21 702.614
2933 626.354 781.107
2934 616.795 229.256
2935 1123.26 1545.85
2936 571.084 894.851
2937 486.305 672.507
2938 57.2286 965.827
2939 332.099 33.8518
2940 68.9735 1282.55
2941 390.706 671.977
2942 1538.19 484.384
2943 321.876 842.182
2944 429.079 13.5691
2945 1095.93 9.69221
2946 132.146 657.425
2947 707.42 1257.53
2948 1304.83 536.864
2949 1128.79 589.192
2950 266.701 1260.9
2951 720.249 1124.68
2952 723.937 306.132
2953 1133.37 1258.76
2954 3.12042 1506.71
2955 949.923 144.589
2956 771.493 1097.06
2957 15.6494 377.382
2958 299.233 46.759
2959 662.59 537.715
2960 1215.9 1110.36
2961 1416.47 145.289
2962 1216.78 535.908
