1 524.503 361.969
2 242.423 296.946
3 651.806 314.581
4 216.751 171.978
5 464.28 395.452
6 541.416 667.307
7 348.423 687.495
8 366.31 479.349
9 409.626 626.873
10 451.305 453.156
11 613.372 501.428
12 110.468 181.727
13 257.316 639.79
14 687.272 501.192
15 567.937 193.263
16 288.331 6.12264
17 668.432 735.932
18 647.889 424.15
19 152.333 125.29
20 511.941 543.686
21 450.806 628.292
22 158.432 650.286
23 647.551 216.42
24 359.536 751.619
25 78.2232 37.3741
26 216.184 502.397
27 322.792 184.294
28 554.371 479.325
29 736.939 249.785
30 720.214 651.468
31 75.2683 214.16
32 175.193 211.172
33 531.89 589.877
34 543.189 511.522
35 466.432 708.784
36 267.588 347.818
37 141.112 377.571
38 129.757 200.605
39 73.2372 81.2023
40 486.982 117.191
41 508.061 206.586
42 0.0236395 640.277
43 342.659 572.904
44 340.551 399.815
45 42.7376 218.335
46 550.163 328.4
47 163.066 316.179
48 296.96 120.879
49 234.741 376.578
50 723.387 38.8309
51 263.569 387.712
52 290.624 168.219
53 451.728 20.3068
54 719.754 239.965
55 646.804 598.412
56 453.075 220.25
57 746.099 279.902
58 109.735 653.028
59 40.0322 238.084
60 304.217 51.1796
61 588.674 698.676
62 657.389 464.432
63 525.84 456.953
64 83.1166 357.761
65 514.273 307.243
66 656.103 322.831
67 763.418 195.192
68 201.031 480.228
69 148.504 291.982
70 654.957 78.3651
71 172.592 542.835
72 361.118 31.2515
73 112.595 38.367
74 690.109 594.676
75 660.004 440.225
76 470.855 200.851
77 47.7755 139.814
78 463.998 513.049
79 415.859 128.656
80 392.289 326.425
81 642.381 576.673
82 239.87 599.191
83 97.8045 511.489
84 529.139 74.5827
85 331.875 13.7444
86 729.391 40.92
87 191.761 508.888
88 478.181 95.3146
89 661.931 408.879
90 539.951 157.061
91 54.7228 174.034
92 205.722 113.503
93 510.898 755.662
94 625.723 417.106
95 247.045 97.8539
96 411.162 402.851
97 7.18642 340.693
98 607.979 87.8209
99 645.154 157
100 621.051 43.8375
101 761.549 194.979
102 420.197 73.4579
103 222.401 697.414
104 693.088 165.382
105 437.027 603.21
106 468.714 156.754
107 397.286 750.744
108 398.188 540.943
109 641.53 709.929
110 343.013 459.648
111 752.825 606.401
112 27.4691 378.445
113 632.57 205.026
114 372.216 640.844
115 278.521 41.4874
116 467.97 212.023
117 380.715 373.812
118 643.09 555.255
119 254.834 22.7747
120 354.576 711.692
121 71.1077 115.668
122 125.29 440.013
123 372.613 362.607
124 693.158 615.432
125 649.331 327.526
126 485.863 650.948
127 707.808 679.126
128 313.284 651.019
129 573.568 395.04
130 388.858 85.9395
131 699.704 510.293
132 443.549 24.6797
133 45.8607 743.71
134 640.151 490.979
135 545.778 488.771
136 474.54 558.045
137 224 665.878
138 653.326 194.374
139 139.331 414.496
140 431.064 569.807
141 268.072 407.555
142 355.397 270.98
143 563.945 534.372
144 87.7052 497.187
145 238.428 245.199
146 526.245 423.455
147 713.654 439.232
148 370.124 144.036
149 723.598 521.772
150 91.5796 158.655
151 213.63 561.449
152 188.034 440.381
153 691.672 229.233
154 683.964 302.478
155 210.455 156.433
156 496.099 677.226
157 175.311 347.288
158 393.882 708.51
159 446.314 573.685
160 24.7611 20.5664
161 425.606 1.96208
162 94.0381 292.762
163 390.988 530.368
164 255.868 329.062
165 132.571 28.722
166 233.012 156.919
167 278.538 710.841
168 766.776 379.556
169 159.45 523.734
170 28.2729 417.829
171 232.994 627.937
172 533.853 350.503
173 409.531 83.8258
174 433.41 433.951
175 734.008 216.349
176 18.4152 164.541
177 51.3214 432.036
178 579.287 130.419
179 672.231 262.801
180 178.046 458.465
181 477.211 268.427
182 765.909 8.99286
183 718.971 586.294
184 681.121 393.963
185 625.809 248.107
186 249.917 275.363
187 544.638 736.088
188 545.704 244.183
189 737.669 68.6118
190 493.121 765.661
191 457.874 753.132
192 714.458 161.482
193 434.214 463.429
194 682.71 220.803
195 424.939 335.8
196 719.452 714.6
197 772.783 45.4214
198 208.789 686.516
199 316.793 433.1
200 426.331 679.817
201 595.761 444.565
202 131.176 173.467
203 35.152 182.994
204 179.874 76.4601
205 658.127 728.949
206 71.8642 637.379
207 292.988 235.592
208 524.112 413.526
209 172.616 745.624
210 1.2529 553.104
211 221.55 734.868
212 80.6108 735.497
213 694.34 456.125
214 494.848 623.044
215 157.439 393.112
216 648.681 22.7412
217 421.824 298.78
218 655.057 371.032
219 287.321 620.821
220 482.53 562.938
221 44.8442 84.1331
222 185.57 475.982
223 770.433 115.716
224 681.261 93.4234
225 51.085 96.1893
226 676.27 203.003
227 216.065 316.709
228 4.04236 604.52
229 168.958 675.949
230 673.585 5.90988
231 407.538 2.71855
232 82.9813 448.938
233 715.032 308.449
234 706.998 558.862
235 717.318 104.298
236 483.31 47.019
237 765.181 535.696
238 641.06 679.708
239 721.632 135.596
240 637.972 343.884
241 590.421 395.655
242 625.703 698.879
243 271.949 562.29
244 269.751 681.419
245 132.358 710.203
246 352.616 198.974
247 636.534 625.11
248 208.143 569.321
249 156.645 267.079
250 643.354 0.827384
251 255.307 618.562
252 267.907 724.221
253 397.404 686.799
254 348.586 677.259
255 556.877 246.523
256 675.996 751.62
257 299.794 758.687
258 64.859 55.9548
259 566.586 564.843
260 503.64 725.072
261 379.034 291.83
262 704.163 337.525
263 635.632 562.999
264 226.804 571.462
265 115.14 73.188
266 434.258 339.227
267 61.6689 283.367
268 475.582 649.591
269 9.43217 260.059
270 602.477 172.342
271 69.5973 530.883
272 622.393 676.55
273 642.978 87.3106
274 470.586 284.446
275 608.244 177.06
276 597.678 752.565
277 634.024 576.45
278 737.782 732.812
279 21.1574 631.838
280 40.5182 665.217
281 147.516 321.593
282 535.125 693.466
283 467.891 43.6957
284 199.147 368.186
285 469.907 37.3741
286 207.035 19.7627
287 538.118 259.113
288 373.907 409.886
289 201.149 519.384
290 194.429 256.759
291 679.492 637.71
292 97.844 569.581
293 324.984 89.5938
294 113.162 760.484
295 31.2751 579.098
296 498.558 472.753
297 334.842 601.461
298 512.103 372.394
299 6.52451 249.657
300 485.735 479.883
301 383.185 540.67
302 172.812 198.015
303 109.971 141.412
304 417.344 103.764
305 58.4606 16.0374
306 167.89 110.941
307 287.327 659.732
308 445.227 317.384
309 520.188 117.701
310 424.649 254.797
311 187.563 589.759
312 705.995 352.655
313 394.638 508.922
314 240.414 443.771
315 36.4994 36.8639
316 550.281 605.905
317 320.1 744.655
318 178.494 493.475
319 600.775 275.07
320 134.596 594.747
321 181.339 456.645
322 129.947 23.2711
323 36.7831 540.599
324 211.575 736.665
325 658.054 451.076
326 229.202 58.3522
327 57.515 160.914
328 261.004 148.915
329 735.977 692.875
330 428.929 595.007
331 156.68 726.561
332 176.044 266.985
333 244.527 709.196
334 38.9816 144.863
335 113.401 311.333
336 240.417 80.2424
337 291.936 430.628
338 293.553 108.056
339 361.992 226.467
340 91.0831 555.255
341 696.421 259.832
342 67.5382 679.008
343 74.4882 394.388
344 573.28 128.552
345 154.153 659.246
346 336.028 349.639
347 83.8053 757.009
348 2.8131 595.442
349 717.885 327.937
350 23.5686 203.239
351 300.128 288.79
352 752.765 634.306
353 703.867 667.368
354 11.2524 718.486
355 93.518 759.808
356 217.213 236.618
357 430.341 24.5713
358 710.48 69.2166
359 468.748 693.026
360 438.945 711.928
361 163.563 54.7728
362 17.3987 418.278
363 383.316 204.681
364 210.408 543.686
365 686.86 665.014
366 700.794 516.486
367 311.616 657.368
368 246.208 137.464
369 655.209 719.574
370 724.599 641.459
371 408.137 659.647
372 578.885 251.525
373 463.335 605.787
374 576.095 194.138
375 607.051 266.914
376 511.075 85.4333
377 160.394 199.376
378 600.587 85.2919
379 316.226 505.319
380 649.772 78.2567
381 347.596 430.226
382 749.2 231.88
383 48.6974 405.901
384 18.2734 685.249
385 349.629 50.1966
386 579.587 638.845
387 424.968 771.95
388 747.971 296.26
389 71.0052 371.789
390 424.211 149.861
391 361.992 348.163
392 547.704 516.642
393 661.237 740.603
394 711.219 335.965
395 424.108 591.376
396 462.781 731.299
397 338.357 255.52
398 73.6449 114.567
399 653.68 159.104
400 681 596.024
401 113.046 215.214
402 434.33 513.569
403 767.999 395.442
404 234.126 63.3303
405 179.069 613.257
406 615.243 52.6925
407 474.209 244.977
408 90.8716 238.225
409 109.486 242.423
410 559.075 326.85
411 513.684 575.528
412 244.527 33.9798
413 579.901 294.44
414 537.705 720.264
415 447.804 413.205
416 509.858 149.497
417 473.266 57.6667
418 433.629 213.087
419 219.651 755.482
420 649.496 466.479
421 336.72 85.9159
422 694.009 454.835
423 664.909 480.45
424 462.765 383.055
425 489.22 153.137
426 48.6502 697.555
427 566.046 309.428
428 489.031 437.237
429 53.3308 624.614
430 396.355 489.906
431 589.629 360.087
432 535.672 11.9616
433 120.866 321.734
434 648.435 522.174
435 385.845 749.87
436 122.406 614.945
437 212.614 11.3568
438 14.3965 698.406
439 423.195 179.245
440 494.184 287.74
441 311.999 582.998
442 375.22 316.33
443 387.121 287.22
444 569.831 227.081
445 754.906 556.498
446 116.356 487.164
447 171.741 89.7692
448 96.3547 352.788
449 606.177 60.3852
450 408.613 634.415
451 634.391 249.633
452 741.304 674.956
453 551.487 100.681
454 723.112 116.756
455 2.9313 628.491
456 10.7796 101.447
457 488.109 341.308
458 572.75 394.128
459 278.568 152.262
460 270.134 492.776
461 197.721 255
462 121.168 428.608
463 624.497 129.294
464 773.583 316
465 20.07 480.673
466 243.47 193.594
467 149.993 116.567
468 244.055 412.274
469 473.157 191.608
470 587.182 146.48
471 284.998 254.229
472 325.679 688.171
473 765.285 134.32
474 172.818 570.115
475 557.066 33.5071
476 628.453 353.529
477 276.962 754.929
478 701.267 366.578
479 228.311 530.755
480 288.557 373.444
481 686.398 262.801
482 470.923 513.768
483 412.011 186.266
484 64.6554 203.82
485 774.008 418.302
486 121.221 368.706
487 132.996 673.784
488 505.035 176.432
489 274.502 402.993
490 706.389 23.2948
491 28.0838 725.332
492 71.805 555.765
493 175.122 434.694
494 557.42 547.042
495 193.942 100.894
496 529.736 400.501
497 351.118 447.52
498 608.178 463.832
499 390.622 14.9638
500 27.5401 120.42
501 772.608 498.369
502 513.711 8.26003
503 507.704 528.07
504 599.83 384.677
505 406.836 380.63
506 752.515 25.1387
507 761.771 465.888
508 600.255 204.009
509 329.226 334.793
510 114.342 475.803
511 244.884 513.144
512 124.389 56.8767
513 44.8888 1.06378
514 576.095 429.176
515 302.468 134.188
516 155.643 186.88
517 271.09 453.487
518 222.141 222.944
519 191.551 683.358
520 129.476 196.303
521 725.97 556.343
522 565.473 765.647
523 522.502 657.014
524 91.2577 458.205
525 341.258 548.957
526 123.895 423.857
527 196.61 709.149
528 54.7728 340.623
529 120.639 613.999
530 417.663 356.319
531 547.318 609.947
532 242.211 552.939
533 381.199 772.668
534 122.474 26.1079
535 416.6 121.578
536 715.362 692.459
537 506.312 229.715
538 396.459 309.82
539 501.135 284.559
540 162.475 307.584
541 86.828 578.885
542 578.991 526.192
543 212.472 113.669
544 460.829 203.536
545 297.173 621.139
546 52.9643 658.513
547 666.517 126.188
548 349.085 385.774
549 701.571 364.059
550 698.737 757.694
551 573.141 61.4392
552 767.13 90.5158
553 125.22 237.493
554 615.432 283.178
555 715.734 714.113
556 544.132 194.955
557 168.364 547.138
558 543.237 676.894
559 738.688 80.3744
560 147.446 449.979
561 360.037 359.898
562 765.375 591.329
563 75.8356 105.834
564 639.686 763.817
565 598.411 335.776
566 485.27 141.185
567 457.59 335.384
568 491.04 65.9779
569 2.9313 52.9388
570 344.972 611.896
571 592.241 12.7417
572 742.447 148.253
573 577.137 582.795
574 700.487 299.868
575 348.028 704.563
576 346.036 112.274
577 435.44 294.18
578 283.438 292.823
579 395.067 186.61
580 241.974 351.662
581 427.166 95.1728
582 583.944 637.251
583 593.589 640.584
584 442.313 245.459
585 541.394 484.904
586 362.441 335.313
587 363.671 174.493
588 361.141 723.072
589 397.168 497.007
590 217.035 81.58
591 58.4579 746.182
592 312.285 517.787
593 441.988 458.465
594 246.489 285.552
595 309.04 40.7078
596 102.146 503.191
597 701.29 58.9196
598 185.967 257.553
599 388.115 576.994
600 0.732826 299.499
601 403.598 612.429
602 642.073 177.249
603 657.844 110.302
604 521.039 627.64
605 568.224 489.135
606 114.368 228.084
607 244.669 50.4468
608 43.6214 447.922
609 379.596 115.361
610 505.354 496.808
611 55.2456 257.293
612 629.284 701.135
613 360.169 470.437
614 454.281 743.085
615 113.399 283.117
616 419.524 144.792
617 311.636 535.506
618 157.224 306.236
619 482.885 118.481
620 267.6 498.132
621 411.122 369.732
622 769.842 176.398
623 289.584 373.704
624 171.741 589.225
625 484.681 545.837
626 53.9691 604.52
627 616.667 304.818
628 152.286 367.77
629 430.594 672.578
630 240.51 359.331
631 232.849 255.459
632 531.062 309.489
633 78.2705 522.93
634 67.7206 389.083
635 495.39 106.945
636 457.71 523.001
637 424.164 268.177
638 103.754 8
639 264.645 99.1442
640 649.118 354.366
641 62.8023 349.7
642 341.594 489.575
643 384.402 212
644 136.329 737.435
645 688.348 620.538
646 639.308 128.562
647 347.407 615.928
648 150.194 664.446
649 595.385 720.769
650 371.779 478.606
651 147.534 384.696
652 441.232 593.551
653 728.878 476.904
654 682.234 558.65
655 63.7768 274.762
656 154.343 239.327
657 657.791 449.35
658 422.653 647
659 428.112 72.9752
660 461.751 432.391
661 616.472 505.021
662 375.279 742.74
663 105.703 770.824
664 31.4655 142.178
665 600.941 466.361
666 682.048 280.223
667 755.517 421.587
668 292.191 126.765
669 235.891 448.253
670 231.783 611.234
671 390.454 773.685
672 650.703 134.627
673 233.559 46.8304
674 315.92 722.505
675 489.742 732.15
676 376.365 40.5654
677 89.8315 682.686
678 57.8958 488.393
679 463.24 422.637
680 434.093 673.018
681 670.961 442.258
682 680.211 532.632
683 727.814 214.61
684 744.964 577.807
685 557.989 75.5283
686 236.775 661.349
687 22.4576 323.956
688 583.826 522.859
689 519.511 65.8223
690 565.009 429.814
691 190.915 325.729
692 85.1496 648.243
693 390.39 701.29
694 456.881 475.448
695 707.744 773.897
696 254.07 773.826
697 669.921 105.763
698 324.074 271.216
699 229.281 266.749
700 427.546 524.065
701 181.315 35.9656
702 272.121 168.583
703 427.119 256.664
704 331.569 76.5074
705 650.773 521.947
706 577.27 337.62
707 509.148 509.905
708 445.579 568.422
709 78.6789 27.6208
710 692.166 396.861
711 135.532 415.678
712 188.407 497.92
713 376.67 657
714 768.991 605.206
715 626.104 743.487
716 62.3308 615.465
717 521.561 181.741
718 705.38 230.401
719 400.69 549.44
720 598.574 766.299
721 723.914 29.4076
722 161.034 625.479
723 163.479 86.5305
724 312.231 28.0936
725 179.377 19.1106
726 178.053 421.077
727 570.824 176.526
728 585.93 648.716
729 124.06 484.445
730 228.563 58.6497
731 339.139 429.753
732 519.408 536.476
733 149.426 475.117
734 766.982 723.592
735 638.551 647.97
736 0.874663 406.539
737 713.775 317.006
738 121.082 74.8053
739 316.156 621.247
740 139.899 707.541
741 522.623 573.542
742 60.6708 246.854
743 650.774 186.138
744 189.737 8.02364
745 351.871 227.105
746 654.627 305.598
747 308.118 403.432
748 402.77 329.663
749 8.22656 685.688
750 226.68 412.297
751 375.278 307.962
752 572.282 257.411
753 745.236 735.946
754 397.002 540.221
755 640.269 333.02
756 602.644 735.19
757 483.168 752.764
758 183.964 723.843
759 548.004 43.6957
760 514.018 24.727
761 527.658 544.679
762 101.745 124.699
763 642.983 52.0405
764 723.961 523.403
765 642.523 687.424
766 556.603 68.7536
