1 209.267 1123.87
2 1042.6 1107.66
3 549.059 72.3644
4 778.062 1049.43
5 846.067 72.1478
6 1129.7 796.442
7 731.193 606.342
8 413.033 673.29
9 196.763 854.157
10 369.076 943.935
11 435.161 12.6385
12 820.383 8.70251
13 211.264 456.43
14 69.0412 112.591
15 930.308 572.163
16 524.038 441.481
17 1035.97 9.19163
18 862.126 200.158
19 318.49 528.686
20 517.384 910.549
21 119.945 337.323
22 350.809 887.242
23 1120.64 496.965
24 54.2076 757.876
25 61.7842 145.579
26 895.6 91.0308
27 273.1 320.704
28 594.052 164.445
29 498.896 1151.1
30 283.787 347.161
31 972.659 727.383
32 175.093 593.829
33 1120.13 244.609
34 727.652 998.822
35 663.846 222.474
36 131.368 502.94
37 579.854 615.242
38 1046.99 914.83
39 357.056 273.914
40 424.942 528.756
41 1099.07 313.868
42 321.018 208.713
43 931.096 954.965
44 436.064 332.284
45 892.685 1019.48
46 563.332 672.549
47 1106.95 897.008
48 584.562 1119.7
49 522.62 637.05
50 562.016 588.159
51 530.585 373.774
52 28.0859 545.822
53 772.764 156.809
54 682.515 423.712
55 335.483 1098.86
56 43.2444 515.129
57 715.799 905.694
58 527.964 537.422
59 489.471 230.707
60 517.127 992.033
61 938.309 257.464
62 677.505 287.13
63 777.701 518.034
64 622.717 987.969
65 587.401 718.842
66 537.127 308.271
67 1130.21 1127.97
68 223.899 413.459
69 1050.69 388.31
70 357.109 689.592
71 251.867 700.173
72 1143.73 1030.76
73 876.446 134.943
74 555.028 0.86664
75 1129.88 983.383
76 1094.06 889.062
77 295.92 239.465
78 390.839 181.597
79 358.319 1066.06
80 872.851 631.455
81 133.029 714.147
82 161.185 39.8268
83 548.619 383.344
84 513.556 505.684
85 1036.8 1062.41
86 706.781 1060.62
87 1083.16 1020.76
88 913.944 30.8937
89 37.1933 931.043
90 977.136 320.026
91 653.661 960.906
92 731.835 958.212
93 787.124 866.712
94 1025.58 837.571
95 129.635 453.322
96 646.101 635.03
97 883.259 385.221
98 568.641 325.66
99 1110.82 113.819
100 178.997 751.485
101 310.314 749.591
102 466.945 969.264
103 1010.25 806.769
104 354.058 832.444
105 272.876 502.723
106 856.921 1109.61
107 1037.21 1148.44
108 368.953 566.224
109 1074.06 260.642
110 297.944 946.643
111 338.429 414.021
112 473.781 815.455
113 382.902 638.3
114 439.386 729.189
115 958.81 577.996
116 832.753 497.668
117 865.791 699.759
118 374.585 970.095
119 908.804 503.646
120 869.17 807.889
121 1020.97 102.03
122 622.717 572.127
123 1103.23 417.54
124 1154.67 504.982
125 1133.39 449.011
126 757.226 1090.7
127 1042.47 790.828
128 330.614 332.681
129 699.992 13.0915
130 1037.69 477.41
131 364.061 1095.61
132 1027.94 735.055
133 121.693 123.677
134 4.15265 249.387
135 996.881 355.683
136 713.064 459.953
137 373.377 439.711
138 1034.77 31.9573
139 328.374 163.518
140 218.935 975.15
141 859.02 164.97
142 172.172 701.509
143 1025.78 1067.05
144 361.265 596.015
145 989.64 493.138
146 1148.9 654.782
147 790.721 562.541
148 590.651 884.967
149 239.055 718.825
150 345.589 444.911
151 1030.25 70.5589
152 542.805 734.441
153 1161.23 541.156
154 326.408 805.903
155 1034.98 161.359
156 225.515 1081.89
157 431.576 555.766
158 648.531 17.7497
159 280.451 633.044
160 958.106 871.37
161 844.522 62.815
162 185.954 429.42
163 306.14 736.736
164 514.216 1047.64
165 317.443 89.3722
166 800.673 352.742
167 901.666 529.031
168 922.069 357.039
169 462.637 850.952
170 586.205 504.621
171 148.304 10.2552
172 309.426 587.529
173 468.934 1085.94
174 118.404 1117.28
175 125.806 55.5733
176 98.5179 555.155
177 1141.07 75.3451
178 1086.25 499.637
179 287.586 180.117
180 98.7608 305.344
181 1026.85 862.723
182 434.565 811.428
183 446.428 1101.07
184 1076.73 716.203
185 1143.43 49.5429
186 163.371 593.271
187 968.743 707.739
188 830.746 456.286
189 956.373 441.031
190 21.4854 436.209
191 666.554 332.773
192 186.637 387.28
193 529.67 572.163
194 1005.01 161.267
195 881.91 101.958
196 985.726 74.1174
197 672.161 876.12
198 217.331 536.233
199 832.542 708.078
200 144.873 1036.86
201 520.03 629.995
202 470.008 595.815
203 796.406 945.154
204 454.627 1145.16
205 386.594 53.6594
206 228.872 693.023
207 724.99 932.343
208 1008.5 538.564
209 562.016 405.896
210 828.72 229.696
211 676.819 481.466
212 817.72 597.079
213 874.247 1164.44
214 537.515 103.439
215 453.042 636.005
216 482.574 553.044
217 150.393 1103.83
218 753.904 107.28
219 1163.61 512.798
220 237.315 122.41
221 37.5905 430.984
222 1081.17 960.417
223 583.219 259.125
224 895.313 908.311
225 996.729 415.176
226 58.0244 220.488
227 1064.78 344.342
228 203.227 67.6701
229 606.416 517.709
230 169.091 1067.39
231 62.5064 658.285
232 825.838 1150.36
233 814.471 775.121
234 793.661 1097.65
235 464.766 212.002
236 1102.74 283.23
237 370.798 38.3488
238 911.308 669.515
239 729.623 1154.74
240 79.0448 960.609
241 461.481 769.143
242 922.822 969.934
243 659.808 142.526
244 1098.5 918.674
245 107.065 1146.46
246 516.022 396.777
247 686.595 667.349
248 291.769 599.173
249 650.661 1140.12
250 864.642 877.617
251 967.335 887.547
252 148.88 1011.86
253 1028.67 596.501
254 367.961 379.66
255 910.924 602.009
256 45.4986 945.921
257 385.799 326.612
258 382.333 367.202
259 958.865 458.197
260 578.915 98.3111
261 767.879 217.382
262 1106.85 367.6
263 913.805 559.147
264 1065.79 95.0251
265 975.764 384.355
266 106.745 982.625
267 999.813 687.209
268 735.452 1164.91
269 482.284 794.672
270 879.019 278.694
271 521.849 693.331
272 415.864 76.1174
273 724.836 982.769
274 940.028 659.605
275 342.612 684.354
276 1158.29 569.418
277 419.49 731.408
278 535.701 901.378
279 647.091 539.989
280 104.076 613.817
281 511.414 352.361
282 384.644 1133.15
283 1060.34 1004.24
284 738.449 501.784
285 884.803 1120.37
286 1021.88 191.908
287 401.408 468.358
288 892.407 319.14
289 231.93 40.0657
290 286.22 687.676
291 589.033 1023.5
292 136.532 620.514
293 395.686 1040.49
294 130.718 857.359
295 938.339 733.63
296 631.898 55.7374
297 663.372 740.311
298 376.88 252.842
299 432.814 1049.65
300 169.89 233.776
301 1058.22 416.598
302 470.658 994.144
303 788.569 844.938
304 264.108 13.8301
305 809.261 466.541
306 18.2717 906.033
307 37.085 154.081
308 936.224 238.579
309 105.369 881.986
310 890.214 859.076
311 448.947 103.222
312 132.596 87.0612
313 187.23 913.927
314 603.362 1091.28
315 400.261 493.571
316 594.23 200.877
317 321.271 1157.11
318 1070.98 511.859
319 930.683 616.973
320 278.479 532.803
321 121.385 1069.54
322 1053.35 965.256
323 630.295 813.722
324 938.992 1168.36
325 746.502 622.031
326 890.677 32.499
327 583.537 88.4531
328 448.037 512.854
329 570.352 777.973
330 82.2224 373.325
331 910.008 616.975
332 780.325 695.751
333 483.537 82.5113
334 225.033 669.624
335 434.728 305.005
336 29.2852 15.3467
337 388.275 643.552
338 757.949 409.182
339 235.112 614.395
340 94.932 803.917
341 655.721 364.153
342 467.48 943.915
343 1091.05 203.877
344 372.438 140.307
345 537.822 364.803
346 518.323 186.239
347 1124.61 398.04
348 83.0169 491.035
349 870.901 836.58
350 85.9155 575.071
351 1069.01 1084.09
352 1074.24 750.871
353 885.593 529.047
354 936.188 120.663
355 1003.31 1007.69
356 450.713 356.461
357 1042.1 235.204
358 556.843 468.33
359 960.913 1154.66
360 897.152 248.168
361 692.036 250.206
362 635.517 178.042
363 963.161 302.602
364 933.031 377.477
365 1043.59 1042.95
366 979.881 667.601
367 1028.41 773.404
368 844.324 1099.06
369 543.058 881.853
370 610.572 136.243
371 837.174 191.636
372 588.665 844.055
373 887.218 451.286
374 464.013 207.038
375 966.881 517.612
376 791.349 792.937
377 603.217 312.552
378 569.846 883.936
379 528.552 1008.66
380 530.477 1158.16
381 708.009 1077.92
382 826.883 416.693
383 614.086 526.123
384 160.021 561.474
385 886.139 810.869
386 764.593 759.882
387 614.448 856.671
388 16.9717 458.597
389 365.333 864.437
390 860.81 478.71
391 741.338 717.417
392 928.677 204.705
393 1010 102.913
394 283.715 589.496
395 77.2431 406.273
396 1070.56 1117.85
397 824.727 659.982
398 982.769 514.818
399 543.997 1056.78
400 937.361 55.5372
401 717.017 1121.72
402 145.858 339.542
403 674.065 119.416
404 701.834 203.969
405 523.508 669.152
406 487.557 695.587
407 114.613 218.177
408 1182.41 1162.44
409 105.812 1057.25
410 599.317 420.701
411 1055.64 2.20271
412 627.33 376.539
413 960.345 265.047
414 202.86 1022.96
415 121.617 393.041
416 219.9 139.421
417 836.206 82.6558
418 901.904 309.715
419 734.369 616.923
420 1042.53 557.285
421 426.856 168.22
422 613.038 436.495
423 1072.57 1046.94
424 964.028 583.393
425 1094.31 829.374
426 69.9439 285.991
427 603.145 896.825
428 496.616 43.0989
429 76.7326 215.271
430 95.8786 505.74
431 973.778 740.688
432 1011.8 223.16
433 999.002 287.255
434 136.171 851.024
435 1115.26 640.936
436 658.538 1046.03
437 516.21 73.1588
438 118.27 698.026
439 599.751 589.262
440 412.051 409.074
441 946.551 995.861
442 96.3184 76.934
443 997.454 933.968
444 914.334 827.819
445 131.115 658.032
446 797.391 650.305
447 165.203 560.555
448 216.299 1175.02
449 790.05 1036.54
450 484.017 707.198
451 1152.65 278.227
452 216.359 800.739
453 1102.8 429.44
454 302.674 37.602
455 215.757 108.675
456 894.332 112.972
457 461.575 657.093
458 590.091 536.017
459 585.387 336.69
460 258.608 200.972
461 494.736 283.5
462 5.23595 274.6
463 1076.58 1168.12
464 230.165 782.467
465 209.931 739.569
466 653.302 289.241
467 323.87 629.395
468 625.786 343.079
469 49.2901 195.247
470 450.532 555.949
471 870.431 768.709
472 725.951 742.602
473 987.825 953.52
474 476.698 742.71
475 1028.42 1139.49
476 16.1773 729.405
477 735.705 134.927
478 556.888 1155.97
479 6.78868 165.817
480 447.518 835.533
481 299.93 1030.87
482 950.27 397.282
483 229.991 259.353
484 480.01 363.194
485 112.663 789.725
486 416.69 911.725
487 716.53 515.001
488 696.457 1076.76
489 526.664 757.407
490 169.97 1004.8
491 404.36 1000.59
492 358.047 167.261
493 300.473 49.3459
494 592.059 223.268
495 1090.05 1010.09
496 665.754 110.408
497 221.499 59.4206
498 1037.65 208.952
499 811.362 748.869
500 1062.18 215.757
501 306.61 1083.79
502 400.445 425.773
503 683.164 802.239
504 349.111 718.37
505 119.524 530.239
506 710.175 187.756
507 151.513 868.084
508 719.383 774.254
509 44.2347 185.93
510 737.113 44.8847
511 936.796 66.2979
512 308.555 94.5917
513 240.618 277.939
514 699.024 1005.88
515 891.699 785.212
516 594.022 1129.88
517 1145.4 458.292
518 687.028 823.669
519 686.558 667.332
520 647.787 1173.03
521 854.528 345.773
522 521.482 558.766
523 502.827 1134.83
524 495.357 1108.25
525 437.326 1.15552
526 1076.51 149.262
527 405.082 765.732
528 629.289 557.305
529 371.849 55.14
530 509.295 296.158
531 608.562 32.3742
532 423.101 1023.49
533 834.819 870.198
534 357.592 1011.79
535 974.474 13.922
536 379.512 746.666
537 425.433 704.201
538 1026.75 475.083
539 713.389 63.8425
540 292.655 957.504
541 520.381 788.915
542 806.692 285.522
543 1113.13 183.114
544 390.85 772.898
545 199.363 345.989
546 119.055 279.997
547 688.762 444.461
548 311.99 673.543
549 531.322 1079.29
550 394.72 923.172
551 724.695 1169.2
552 383.187 233.126
553 390.457 635.7
554 197.853 22.7493
555 318.635 274.508
556 365.504 294.424
557 95.8523 822.513
558 449.182 425.034
559 835.115 956.77
560 981.076 1090.19
561 400.993 570.285
562 318.456 887.567
563 1118.69 361.481
564 10.2191 1182.87
565 980.107 1124.36
566 338.386 1131.65
567 466.252 964.77
568 515.827 67.4731
569 248.617 332.065
570 351.013 1118.63
571 507.164 91.2499
572 675.837 44.3628
573 1131.76 778.748
574 412.015 488.026
575 1023.36 393.635
576 565.634 942.288
577 653.156 634.761
578 504.812 264.758
579 328.493 799.386
580 134.618 143.646
581 127.655 730.272
582 195.066 574.835
583 190.634 826.361
584 400.116 1106.07
585 114.83 324.179
586 735.386 235.293
587 480.985 606.359
588 80.5975 939.618
589 671.104 859.454
590 260.872 995.588
591 863.606 155.668
592 1024.08 288.627
593 530.379 220.488
594 291.66 610.187
595 369.646 763.06
596 640.601 492.649
597 26.4686 972.984
598 688.22 367.094
599 259.013 667.079
600 73.858 326.887
601 193.405 380.31
602 929.972 447.639
603 227.341 1155.99
604 768.091 912.283
605 723.187 1099.47
606 726.533 583.449
607 856.168 870.559
608 1105.78 466.416
609 924.469 799.531
610 553.41 833.094
611 637.842 754.321
612 1008.43 599.57
613 739.569 473.458
614 21.991 883.684
615 233.527 1013.35
616 709.308 303.432
617 301.409 1040.55
618 1105.79 554.561
619 376.808 924.993
620 993.862 803.359
621 623.704 458.091
622 1149.81 876.59
623 269.17 128.624
624 125.121 978.075
625 544.484 826.469
626 455.094 167.259
627 573.469 48.696
628 794.203 946.443
629 240.023 1135.46
630 1056.23 344.561
631 683.842 691.707
632 93.561 922.702
633 977.642 1103.72
634 1117.48 152.167
635 756.107 893.85
636 804.278 63.8425
637 430.756 950.435
638 293.403 1076.55
639 943.308 1024.04
640 1154.74 1119.63
641 769.813 330.896
642 801.146 911.039
643 276.53 478.224
644 247.244 217.743
645 868.429 424.04
646 722.019 1022.09
647 359.81 78.2142
648 77.4986 1040.2
649 1007 933.463
650 935.357 542.067
651 200.302 469.863
652 472.571 122.052
653 1086.73 776.493
654 796.412 646.569
655 833.548 321.846
656 492.721 713.461
657 967.707 214.024
658 209.528 228.865
659 994.392 1006.3
660 766.798 394.607
661 820.256 442.8
662 240.854 649.674
663 704.578 933.588
664 299.106 276.819
665 357.89 599.245
666 308.392 926.185
667 233.271 31.524
668 436.338 234.987
669 824.273 680.926
670 1006.37 948.896
671 393.472 607.101
672 419.634 866.19
673 825.149 681.323
674 130.35 644.669
675 936.158 588.287
676 1087.1 894.356
677 540.928 158.434
678 267.807 972.331
679 553.691 594.498
680 112.543 454.155
681 348.317 222.871
682 307.079 512.292
683 345.016 1148.04
684 613.551 551.147
685 1145.23 1042.64
686 72.4662 1168.49
687 805.635 1128.1
688 849.797 1003.52
689 654.891 589.496
690 801.497 347.775
691 522.873 803.611
692 284.314 429.528
693 428.589 65.9729
694 1130.39 1180.74
695 396.353 959.823
696 245.476 428.392
697 1138.47 622.714
698 656.601 965.22
699 688.544 843.368
700 214.385 362.616
701 656.128 924.183
702 933.304 990.589
703 218.646 491.599
704 1077.59 179.559
705 1026.64 586.699
706 183.764 108.763
707 522.367 1096.19
708 392.836 520.417
709 697.755 996.78
710 63.6608 249.448
711 284.077 795.106
712 580.024 10.833
713 668.649 1035.18
714 983.917 1042.96
715 596.938 1117.46
716 60.5302 588.352
717 112.979 106.436
718 776.959 699.162
719 69.8323 283.014
720 1183 105.93
721 16.8273 593.612
722 1066.71 1020.67
723 133.246 641.325
724 1026.45 465.386
725 343.948 410.157
726 669.66 508.462
727 571.007 790.337
728 516.246 1062.19
729 209.025 788.626
730 964.555 921.98
731 1027.34 892.964
732 574.086 241.704
733 112.41 646.513
734 644.4 916.13
735 1050.91 844.215
736 701.96 155.907
737 363.349 367.728
738 767.084 117.719
739 956.481 751.124
740 825.42 135.124
741 609.94 936.785
742 1147.26 928.279
743 480.609 903.147
744 809.379 369.911
745 731.171 52.5236
746 817.045 186.961
747 738.016 247.895
748 829.699 1076.57
749 30.6574 916.202
750 1103.3 604.082
751 1157.03 1064.59
752 665.786 398.038
753 196.518 416.131
754 55.2483 795.862
755 309.25 697.967
756 847.682 1135.19
757 855.68 646.136
758 840.903 294.657
759 207.054 398.365
760 201.022 53.4625
761 251.46 156.573
762 1180.2 740.311
763 483.441 183.367
764 145.054 763.112
765 272.739 767.265
766 30.8018 488.929
767 13.3607 386.088
768 808.322 576.135
769 124.146 528.995
770 1159.01 834.666
771 465.277 517.042
772 987.969 405.354
773 334.162 1019.89
774 86.4511 1019.27
775 661.614 1032.8
776 1122.45 956.465
777 583.357 9.62495
778 712.956 399.99
779 1156.13 436.156
780 624.847 217.546
781 624.67 1057.37
782 806.986 1026.35
783 1097.06 206.044
784 972.117 43.1153
785 913.727 130.557
786 452.186 871.081
787 582.129 302.044
788 587.437 981.65
789 140.793 201.024
790 280.141 904.611
791 128.624 1127.61
792 443.635 132.146
793 1090.74 653.719
794 556.419 65.4149
795 42.8987 534.548
796 514.595 479.468
797 524.353 31.0382
798 1132.25 310.782
799 399.051 113.08
800 149.965 66.6229
801 1122.15 848.765
802 759.555 96.1445
803 1121.5 1141.51
804 509.151 211.66
805 1126.28 981.253
806 33.4378 999.091
807 1106.93 1059.21
808 753.182 834.682
809 192.575 633.405
810 664.792 657.597
811 900.285 356.622
812 281.875 468.583
813 549.024 407.285
814 264.274 1104.5
815 120.65 768.44
816 704.073 107.499
817 1016.19 375.975
818 295.184 266.995
819 229.074 1047.35
820 1122.54 680.962
821 768.89 732.511
822 436.642 920.716
823 232.186 1067.41
824 1048.49 530.367
825 101.325 1157.9
826 793.878 542.083
827 638.569 182.881
828 390.38 149.551
829 570.285 285.339
830 360.811 176.742
831 708.607 521.773
832 392.082 792.706
833 194.401 1002.18
834 589.385 1070.81
835 167.225 169.464
836 549.872 1170.32
837 845.299 669.585
838 732.888 260.281
839 884.557 83.8835
840 672.224 793.392
841 548.475 569.835
842 982.011 14.0107
843 798.392 794.42
844 258.403 845.752
845 517.998 250.623
846 65.1462 53.9483
847 884.984 568.969
848 251.506 392.01
849 424.999 539.647
850 1018.48 1169.93
851 579.024 940.124
852 386.037 984.828
853 425.819 389.157
854 293.003 241.829
855 770.298 983.584
856 518.177 427.651
857 131.513 187.952
858 362.767 340.878
859 211.424 833.272
860 771.539 684.809
861 326.717 559.633
862 408.187 604.445
863 311.918 242.984
864 600.518 857.937
865 447.257 1077.54
866 397.506 820.561
867 1047.41 223.374
868 937.704 639.436
869 727.869 294.369
870 954.035 897.405
871 587.257 339.598
872 1041.67 333.965
873 474.676 181.4
874 1128.47 799.423
875 31.1629 750.782
876 1046.4 30.6049
877 1147.32 686.182
878 687.317 105.389
879 635.536 56.4038
880 682.113 95.0251
881 64.6106 857.885
882 830.359 21.2688
883 554.443 267.322
884 880.621 180.209
885 636.15 787.037
886 937.487 59.7095
887 346.699 266.872
888 359.8 1168.99
889 184.486 994.055
890 171.301 1059.05
891 460.294 243.273
892 833.419 377.947
893 585.158 973.417
894 1042.21 361.336
895 131.235 634.233
896 843.597 1128.51
897 984.949 1069.81
898 223.793 75.7588
899 1053.22 726.083
900 875.533 1080.66
901 955.975 774.884
902 1034.62 59.2401
903 162.531 874.112
904 164.598 1114.16
905 5.4165 718.897
906 743.938 55.6094
907 721.441 214.874
908 111.064 270.245
909 1162.57 89.8055
910 771.33 805.578
911 793.698 108.366
912 803.917 49.4904
913 973.272 142.057
914 638.605 1067.38
915 1083.12 868.248
916 169.11 98.3275
917 139.279 779.418
918 367.166 900.386
919 1000.25 686.687
920 615.242 513.07
921 265.674 914.233
922 11.7357 874.654
923 312.112 287.038
924 186.111 306.232
925 680.782 280.067
926 49.6107 678.418
927 331.706 164.97
928 873.561 760.693
929 296.571 836.846
930 404.511 868.501
931 920.505 746.897
932 859.634 542.516
933 302.602 957.115
934 300.445 1156.84
935 1058.64 905.767
936 559.729 133.121
937 190.3 1132.61
938 281.432 501.082
939 90.6722 1024.55
940 362.587 414.615
941 1047.46 522.078
942 3.21379 378.091
943 64.3119 169.825
944 927.062 1011.03
945 608.489 206.633
946 1086.23 246.47
947 742.309 623.114
948 163.013 264.614
949 566.421 1158.3
950 644.347 702.467
951 761.389 730.705
952 604.192 605.295
953 810.888 165.275
954 350.726 1046.83
955 757.87 1120.49
956 156.999 164.248
957 737.294 643.247
958 893.758 400.552
959 943.662 340.934
960 781.632 39.6685
961 654.983 112.049
962 1085.62 131.135
963 952.076 1170.56
964 85.9779 699.342
965 71.4256 679.662
966 144.064 907.644
967 315.369 1059.03
968 922.574 184.722
969 273.473 740.577
970 835.461 920.552
971 914.702 476.074
972 770.479 423.554
973 1017.44 372.905
974 490.41 153.559
975 600.004 442.997
976 829.699 395.079
977 737.916 765.01
978 156.633 1138.4
979 505.034 747.332
980 667.276 351.262
981 1086.03 944.513
982 665.032 240.131
983 1015.78 661.641
984 596.537 167.909
985 385.004 297.077
986 630.841 1045.8
987 611.342 1011.15
988 235.625 94.7501
989 673.414 1102.44
990 797.236 449.208
991 369.297 22.6245
992 55.0677 677.19
993 173.833 646.477
994 934.743 822.786
995 58.101 516.573
996 398.346 504.476
997 1082.04 1118.25
998 645.394 713.1
999 795.198 72.9422
1000 1067.88 114.144
1001 58.9315 27.4075
1002 556.708 895.6
1003 1053.52 827.877
1004 712.499 973.02
1005 418.154 1120.55
1006 18.6328 349.6
1007 427.277 1015.47
1008 809.748 303.504
1009 886.211 430.523
1010 41.4182 1137.71
1011 554.226 527.189
1012 375.833 47.1793
1013 552.338 1061.13
1014 501.604 738.846
1015 63.1203 843.982
1016 59.4359 6.28314
1017 504.962 651.697
1018 775.002 1052.25
1019 698.873 594.043
1020 669.966 306.574
1021 584.222 964.389
1022 893.461 219.801
1023 809.153 716.478
1024 298.134 522.956
1025 223.051 2.13049
1026 3.86377 969.284
1027 1174.02 1163.93
1028 681.727 1181.18
1029 294.029 633.042
1030 452.407 195.461
1031 461.376 155.004
1032 1126.7 41.1654
1033 506.489 50.4457
1034 397.065 985.353
1035 1064.67 140.849
1036 1074.2 1019.59
1037 937.62 1077.92
1038 962.214 839.846
1039 108.474 610.548
1040 621.676 699.523
1041 552.627 306.465
1042 67.8868 477.285
1043 654.385 138.646
1044 774.016 1135.66
1045 277.879 466.344
1046 333.713 539.628
1047 1070.57 954.804
1048 880.037 1181.65
1049 1141.79 723.536
1050 1147.61 617.97
1051 1159.97 202.561
1052 434.259 374.986
1053 66.8604 777.829
1054 1126.56 993.133
1055 139.213 738.397
1056 984.43 256.453
1057 171.619 570.827
1058 312.145 1172.78
1059 735.581 1109.46
1060 544.972 581.246
1061 74.6393 555.058
1062 724.351 489.635
1063 764.609 562.702
1064 327.445 396.941
1065 610.027 1138.01
1066 28.0137 945.09
1067 506.211 274.508
1068 471.956 256.598
1069 254.907 770.334
1070 6.4998 1119
1071 258.808 1175.02
1072 545.405 661.013
1073 378.072 250.84
1074 671.75 404.685
1075 768.228 233.724
1076 509.006 845.19
1077 448.305 2.70825
1078 213.001 1105.85
1079 948.839 1055.38
1080 769.427 544.539
1081 155.196 1083.08
1082 54.3882 1052.35
1083 919.992 1011.22
1084 185.698 698.459
1085 1180.69 1103.14
1086 59.6898 657.438
1087 863.968 1059.65
1088 1003.15 83.7752
1089 1081.21 116.005
1090 1032.89 232.512
1091 1019.59 561.655
1092 775.381 970.62
1093 1118.51 549.883
1094 153.07 56.9816
1095 277.866 380.671
1096 1011.33 713.842
1097 1039.28 830.385
1098 399.047 729.225
1099 307.26 1121.9
1100 752.22 804.189
1101 464.67 460.494
1102 347.225 128.479
1103 1124.25 329.018
1104 918.241 712.992
1105 1041.29 1168.11
1106 840.712 0.07222
1107 489.182 817.658
1108 818.548 148.556
1109 465.793 627.286
1110 746.353 1012.96
1111 258.15 306.196
1112 232.106 1136.56
1113 692.951 425.015
1114 6.71646 77.6004
1115 338.414 223.232
1116 1092.47 1083.73
1117 1119.16 623.078
1118 695.406 631.455
1119 1098.81 1155.76
1120 1121.79 809.261
1121 870.385 294.005
1122 171.27 246.976
1123 489.796 117.955
1124 179.647 626.203
1125 410.447 1106.3
1126 1117.45 824.663
1127 633.376 678.815
1128 945.721 966.953
1129 470.212 472.302
1130 1090.51 433.103
1131 474.485 975.039
1132 27.6241 618.078
1133 786.879 144.496
1134 770.294 949.187
1135 397.427 338.948
1136 193.297 570.716
1137 759.688 742.694
1138 893.65 18.1108
1139 1010.39 1138.35
1140 832.48 210.377
1141 526.845 449.605
1142 60.9996 475.966
1143 637.45 377.333
1144 266.274 404.251
1145 1066.91 1166.26
1146 366.508 857.379
1147 372.145 656.588
1148 119.62 44.1822
1149 204.744 1030.06
1150 272.46 719.925
1151 94.1748 1088.7
1152 1179.16 394.052
1153 188.263 362.722
1154 469.827 382.405
1155 492.287 177.031
1156 884.39 925.446
1157 952.102 286.566
1158 58.4883 981.939
1159 451.312 115.877
1160 220.053 312.026
1161 943.72 759.752
1162 1091.88 912.174
1163 523.941 31.4854
1164 467.949 633.514
1165 729.963 930.213
1166 954.784 979.375
1167 317.623 78.1978
1168 1149.16 643.211
1169 96.5581 1177.13
1170 166.467 324.882
1171 747.039 375.616
1172 635.391 667.674
1173 1031.06 1122.15
1174 85.6627 306.485
1175 110.172 411.24
1176 794.128 1000.17
1177 552.988 815.544
1178 804.562 1025.49
1179 444.643 436.734
1180 882.384 103.38
1181 51.2247 949.259
1182 1142.71 697.97
1183 908.888 357.886
1184 842.55 894.572
1185 957.717 141.476
1186 860.32 961.304
1187 875.634 123.099
1188 262.663 1058.04
1189 1072.74 255.678
1190 1020.75 501.335
1191 234.674 289.458
1192 315.674 1092.31
1193 547.668 929.094
1194 324.241 979.845
1195 1080.53 703.695
1196 884.695 181.597
1197 131.657 501.999
1198 834.899 1121.38
1199 656.841 620.137
1200 488.821 477.105
1201 1178.25 339.684
1202 7.72754 845.102
1203 1167.06 1081.15
1204 151.892 10.0583
1205 758.274 1181.97
1206 1138.37 578.482
1207 336.612 102.372
1208 390.818 313.49
1209 450.472 824.788
1210 473.474 759.574
1211 967.278 285.144
1212 75.6143 113.53
1213 81.7169 867.145
1214 982.632 680.782
1215 462.027 709.092
1216 725.662 653.827
1217 644.419 20.4021
1218 160.762 134.529
1219 1035.28 430.379
1220 872.706 1100.92
1221 568.118 75.309
1222 182.789 679.084
1223 776.266 365.308
1224 330.758 444.439
1225 156.843 326.868
1226 262.815 865.556
1227 846.688 974.05
1228 1034.62 876.931
1229 394.899 933.01
1230 607.716 686.668
1231 1174.93 158.234
1232 650.322 1159.29
1233 977.67 205.574
1234 177.408 881.048
1235 314.561 654.891
1236 281.978 1147.23
1237 279.708 891.808
1238 689.231 826.919
1239 1035.17 537.1
1240 852.064 327.409
1241 1052.43 785.52
1242 649.583 460.511
1243 573.065 666.41
1244 930.153 323.365
1245 907.862 482.738
1246 246.162 763.276
1247 706.889 1038.43
1248 836.993 22.966
1249 265.733 1030.24
1250 1031.3 311.107
1251 781.625 823.147
1252 246.595 862.435
1253 514.387 297.366
1254 7.222 1051.69
1255 1119.04 978.456
1256 874.395 565.88
1257 946.543 391.885
1258 657.573 73.9368
1259 731.805 536.303
1260 602.892 126.927
1261 270.825 370.163
1262 1022.99 769.74
1263 733.033 347.27
1264 362.284 331.634
1265 315.073 524.606
1266 207.091 614.251
1267 1044.99 1046.75
1268 6.35536 1102.46
1269 445.343 968.598
1270 838.979 181.958
1271 598.966 410.462
1272 907.48 774.868
1273 1110.06 161.628
1274 993.602 1051.72
1275 979.006 39.2712
1276 1071.79 1028.94
1277 1131.75 760.151
1278 911.654 691.867
1279 550.127 260.987
1280 246.595 541.253
1281 656.731 387.552
1282 59.9065 1.98605
1283 574.799 354.981
1284 220.379 1058.28
1285 204.346 202.866
1286 1121.68 272.325
1287 940.813 1002.84
1288 1011.34 308.832
1289 842.374 1160.02
1290 192.817 1033
1291 219.44 790.737
1292 420.104 597.207
1293 403.336 1133.6
1294 32.8305 804.189
1295 1176.3 468.708
1296 997.934 165.801
1297 674.649 493.86
1298 737.294 239.12
1299 634.2 821.897
1300 83.1963 360.231
1301 407.393 1039.06
1302 917.821 1132.54
1303 83.2696 187.069
1304 1096.48 130.485
1305 1025.24 890.853
1306 1053.26 404.09
1307 12.8913 550.677
1308 162.071 463.708
1309 714.843 535.711
1310 737.173 37.3574
1311 591.698 765.532
1312 492.468 133.896
1313 1129.92 19.3385
1314 154.551 731.752
1315 668.793 395.693
1316 24.8437 653.466
1317 1099.86 324.448
1318 269.651 614.773
1319 1101.32 478.205
1320 967.324 699.398
1321 681.185 84.7337
1322 609.573 266.475
1323 605.123 324.829
1324 309.945 202.286
1325 1080.27 669.046
1326 734.798 885.292
1327 501.83 543.944
1328 215.847 922.43
1329 1135.62 25.6381
1330 560.138 483.621
1331 930.131 943.265
1332 687.967 165.584
1333 1017.63 569.707
1334 232.905 443.575
1335 1145.48 549.253
1336 1056.51 20.4719
1337 1061.1 1083.17
1338 875.234 651.349
1339 546.055 951.915
1340 457.065 1031.5
1341 37.7667 682.334
1342 30.711 812.422
1343 344.193 881.862
1344 714.034 875.506
1345 856.096 333.909
1346 69.6879 1081.28
1347 1058.49 596.268
1348 135.16 466.938
1349 1026.46 624.992
1350 899.428 233.724
1351 315.782 1065.44
1352 90.1666 964.967
1353 1019.75 565.735
1354 530.492 1009.45
1355 8.19697 329.684
1356 275.262 1089.04
1357 763.086 215.577
1358 820.62 203.588
1359 558.802 216.066
1360 928.027 166.539
1361 323.519 824.447
1362 40.511 668.632
1363 1072.22 965.204
1364 830.103 1012.56
1365 0.93886 1017.96
1366 867.888 769.576
1367 341.817 103.708
1368 537.136 846.599
1369 176.526 828.58
1370 197.413 552.322
1371 851.122 903.564
1372 679.239 1161.22
1373 13.9746 33.3131
1374 325.672 346.403
1375 675.69 921.619
1376 326.3 403.765
1377 873.63 678.093
1378 651.023 517.962
1379 696.381 1182.98
1380 776.472 24.1412
1381 385.964 1066.76
1382 269.164 1021.43
1383 476.796 784.489
1384 1145.58 377.08
1385 1182.13 85.7809
1386 282.592 1031.01
1387 176.46 761.413
1388 442.42 891.323
1389 203.769 41.1293
1390 152.466 316.018
1391 851.257 306.738
1392 680.719 1116.67
1393 414.441 747.966
1394 886.268 1046.63
1395 339.733 994.252
1396 95.5787 228.612
1397 349.797 802.328
1398 656.949 893.959
1399 73.1227 852.396
1400 193.054 374.172
1401 1169.49 414.779
1402 2.74436 47.5043
1403 1172.92 750.024
1404 135.972 802.183
1405 65.2857 1068.88
1406 1060.95 591.407
1407 859.815 888.956
1408 413.197 663.41
1409 538.471 417.323
1410 11.483 1027.64
1411 1151.44 314.393
1412 570.197 605.404
1413 122.889 145.543
1414 518.106 49.6512
1415 627.447 568.441
1416 355.577 887.945
1417 174.938 690.334
1418 1156.03 9.55273
1419 951.205 32.9684
1420 46.7329 308.813
1421 120.606 713.75
1422 454.516 231.196
1423 924.372 710.664
1424 677.783 430.287
1425 849.018 625.734
1426 292.996 713.317
1427 613.942 429.331
1428 1124.36 694.848
1429 241.702 1147.39
1430 984.544 103.672
1431 992.375 33.602
1432 251.289 905.53
1433 1081.42 567.994
1434 439.386 1068.19
1435 702.817 191.764
1436 964.714 75.6865
1437 1142.77 297.602
1438 692.321 315.457
1439 778.387 1137.68
1440 877.003 972.984
1441 1067.27 68.4481
1442 1011.19 650.613
1443 591.477 1168.95
1444 673.307 451.916
1445 111.556 225.974
1446 695.571 1144.35
1447 881.87 442.331
1448 382.802 685.765
1449 524.677 1085.54
1450 436.389 546.091
1451 154.117 211.388
1452 701.328 497.904
1453 979.772 132.957
1454 775.859 671.357
1455 491.352 1145.23
1456 667.204 117.774
1457 203.378 931.529
1458 243.454 268.442
1459 11.7357 140.56
1460 670.418 817.766
1461 341.781 1003.7
1462 1144.79 937.632
1463 850.029 114.035
1464 1169.02 915.733
1465 274.761 677.082
1466 783.478 1059.18
1467 769.432 1119.57
1468 262.504 28.9438
1469 935.858 251.273
1470 335.53 221.193
1471 1126.63 834.791
1472 191.609 809.586
1473 516.301 286.877
1474 1008.33 324.123
1475 546.578 954.64
1476 317.082 712.036
1477 976.532 323.24
1478 375.334 924.777
1479 783.912 196.458
1480 1005.96 701.906
1481 327.373 968.49
1482 752.452 486.06
1483 90.4916 157.981
1484 957.322 266.131
1485 875.782 723.319
1486 795.034 268.15
1487 375.002 283.122
1488 224.496 143.465
1489 230.49 252.537
1490 935.208 913.566
1491 300.453 365.417
1492 952.148 247.462
1493 98.3636 89.9139
1494 1170.95 758.582
1495 163.542 862.976
1496 334.335 652.635
1497 411.516 84.0641
1498 1081.1 859.093
1499 7.61921 695.912
1500 1176.44 1107.35
1501 216.161 600.42
1502 30.3499 794.909
1503 892.603 1041.25
1504 633.802 230.707
1505 1107.38 993.602
1506 615.679 801.314
1507 692.048 838.366
1508 562.052 1036.9
1509 481.905 120.519
1510 1106.81 1144.35
1511 730.892 93.9557
1512 943.152 470.063
1513 776.473 509.909
1514 30.4046 174.592
1515 407.573 644.094
1516 267.404 807.367
1517 376.844 1018.41
1518 589.625 712.795
1519 1110.05 96.9192
1520 264.578 1158.52
1521 154.19 1165.98
1522 392.082 366.753
1523 324.232 1181.41
1524 592.637 715.647
1525 914.095 934.743
1526 831.18 231.934
1527 825.547 848.921
1528 649.148 368.305
1529 507.526 202.741
1530 1167.79 1063.17
1531 174.576 1148.69
1532 1009.92 343.534
1533 136.903 890.689
1534 662.289 927.629
1535 913.672 1140.46
1536 772.555 833.113
1537 647.524 1086.41
1538 400.044 608.923
1539 1178.34 971.286
1540 170.872 667.26
1541 658.364 867.815
1542 765.46 1069.36
1543 589.563 228.632
1544 445.742 681.776
1545 335.967 349.653
1546 1174.47 857.379
1547 1069.07 743.288
1548 171.27 270.086
1549 495.472 934.31
1550 288.916 784.148
1551 60.3387 150.454
1552 64.5285 401.491
1553 203.227 820.091
1554 783.344 500.793
1555 817.176 621.256
1556 257.645 1125.62
1557 507.561 351.984
1558 1124.83 945.684
1559 932.384 873.284
1560 657.491 174.467
1561 989.269 1095.02
1562 853.351 58.9873
1563 964.57 737.783
1564 529.372 982.083
1565 316.583 596.304
1566 780.156 17.533
1567 378.288 951.193
1568 95.0776 1049.2
1569 44.1264 1138.33
1570 184.045 957.512
1571 1061.28 170.8
1572 872.887 355.992
1573 481.898 111.347
1574 442.275 239.537
1575 795.07 533.2
1576 335.624 676.268
1577 635.283 1085.56
1578 66.334 854.687
1579 227.564 187.647
1580 993.314 200.25
1581 421.151 135.954
1582 2.31104 992.014
1583 597.331 544.125
1584 555.769 638.605
1585 561.361 346.909
1586 819.913 154.282
1587 278.733 1050.15
1588 68.0629 538.508
1589 330.406 383.652
1590 77.817 1057.3
1591 982.769 547.355
1592 116.097 438.086
1593 409.921 205.558
1594 893.722 41.5265
1595 576.022 618.889
1596 493.533 849.471
1597 737.173 139.673
1598 49.6578 88.7222
1599 610.439 269.019
1600 276.675 212.238
1601 992.262 1103.81
1602 48.058 1146.56
1603 449.714 1082
1604 86.432 812.619
1605 697.182 729.803
1606 10.3275 882.981
1607 491.258 738.613
1608 1000.32 62.0008
1609 1179.37 438.159
1610 598.457 448.289
1611 759.14 157.115
1612 909.394 1093.97
1613 392.66 475.894
1614 672.05 1055.03
1615 1115.62 1028.72
1616 844.793 248.834
1617 618.456 615.226
1618 320.096 925.266
1619 713.948 213.374
1620 976.793 14.2634
1621 970.998 825.835
1622 39.1749 201.441
1623 693.076 11.7357
1624 105.297 1003.66
1625 285.406 991.761
1626 908.028 724.711
1627 938.679 185.966
1628 861.115 8.61387
1629 317.056 959.298
1630 1077.83 612.698
1631 1090.97 78.792
1632 696.796 238.651
1633 633.704 763.132
1634 530.771 502.143
1635 152.276 339.687
1636 473.109 760.874
1637 414.838 829.466
1638 555.913 826.088
1639 364.819 337.865
1640 93.7415 206.766
1641 157.457 131.388
1642 1040.03 375.977
1643 525.251 9.15552
1644 257.392 160.456
1645 578.446 534.303
1646 378.216 580.071
1647 755.322 782.451
1648 559.181 168.292
1649 409.519 1123.22
1650 1007.76 80.1281
1651 1134.94 131.224
1652 1140.75 263.189
1653 880.145 659.802
1654 1071.82 258.511
1655 376.627 348.409
1656 596.33 40.6434
1657 251.466 1013.23
1658 1116.63 350.178
1659 243.779 719.453
1660 1064.78 345.139
1661 589.496 399.701
1662 532.232 40.824
1663 725.781 849.487
1664 135.908 821.139
1665 845.02 622.283
1666 48.6079 405.765
1667 1147.5 1038.43
1668 468.256 1165.94
1669 1108.1 50.4653
1670 105.838 22.119
1671 737.376 553.927
1672 128.479 780.084
1673 1175.08 468.475
1674 674.787 259.522
1675 52.7567 963.956
1676 992.194 486.241
1677 733.105 862.543
1678 715.717 666.105
1679 316.799 501.676
1680 561.763 76.2282
1681 189.851 1179.62
1682 726.497 1132.79
1683 834.458 978.003
1684 111.301 588.432
1685 388.795 190.625
1686 1069.86 759.718
1687 1151.84 900.603
1688 619.907 874.279
1689 935.574 425.504
1690 131.548 751.99
1691 671.032 742.26
1692 660.885 746.755
1693 363.086 1075.32
1694 777.494 743.794
1695 246.894 389.302
1696 702.674 305.619
1697 837.386 782.142
1698 371.861 1056.78
1699 163.325 1.87772
1700 662.845 323.979
1701 1179.03 495.304
1702 749.722 979.648
1703 483.441 794.925
1704 840.983 986.886
1705 127.143 1073.33
1706 1021.66 287.419
1707 15.4551 369.569
1708 413.483 456.233
1709 154.749 1122.57
1710 850.86 992.519
1711 1046.61 632.053
1712 888.161 534.031
1713 522.042 1039.86
1714 100.703 276.819
1715 38.1496 516.264
1716 62.8675 384.735
1717 1006.2 217.474
1718 449.789 365.272
1719 51.9623 317.968
1720 121.314 784.473
1721 705.173 412.143
1722 1099.37 318.943
1723 901.63 120.519
1724 752.532 797.164
1725 427.109 959.354
1726 905.747 459.7
1727 10.2552 449.389
1728 85.9779 426.062
1729 574.914 95.9803
1730 680.89 991.817
1731 550.93 746.971
1732 619.809 1034.43
1733 304.464 78.4309
1734 1.29996 932.885
1735 1093.81 386.991
1736 1091.6 253.151
1737 334.724 188.153
1738 721.015 481.438
1739 945.777 415.573
1740 315.586 1067.41
1741 1040.8 953.107
1742 261.995 650.594
1743 886.976 75.1088
1744 204.053 615.262
1745 876.396 512.276
1746 469.52 1004.15
1747 195.283 527.659
1748 422.233 852.901
1749 421.115 681.126
1750 935.935 547.03
1751 650.947 303.38
1752 566.313 685.279
1753 236.557 309.499
1754 540.912 734.461
1755 4.08043 572.616
1756 835.657 700.245
1757 756.215 116.98
1758 125.478 1011.98
1759 1180.04 1010.92
1760 422.324 294.549
1761 945.359 102.897
1762 863.641 649.077
1763 7.43866 1039.81
1764 1167.5 229.01
1765 439.451 881.156
1766 574.672 872.381
1767 229.407 1123.33
1768 1153.84 777.215
1769 424.082 977.337
1770 605.365 1011.73
1771 463.218 1143.84
1772 274.905 551.327
1773 935.819 593.72
1774 920.05 377.747
1775 33.672 741.683
1776 386.305 589.496
1777 769.297 536.414
1778 351.783 264.236
1779 1135.73 651.697
1780 918.089 924.76
1781 602.495 907.03
1782 1.04719 528.109
1783 1182.46 940.193
1784 686.541 1127.86
1785 305.147 1085.54
1786 4.3332 1102.69
1787 179.575 1059.18
1788 756.035 894.625
1789 979.526 264.128
1790 511.685 1116.85
1791 6.42758 1126.16
1792 973.824 1132.73
1793 214.969 982.392
1794 328.586 432.653
1795 464.591 142.004
1796 765.105 595.309
1797 742.06 187.844
1798 1048.45 726.894
1799 1004.59 812.314
1800 1074.43 669.876
1801 244.81 841.78
1802 972.737 149.351
1803 188.901 931.513
1804 1178.61 528.923
1805 39.9694 1135.33
1806 741.049 874.981
1807 428.409 588.504
1808 928.929 862.956
1809 896.99 483.585
1810 20.3299 497.271
1811 426.126 577.563
1812 280.25 728.302
1813 264.108 784.381
1814 196.845 407.898
1815 212.868 1038.72
1816 974.645 915.605
1817 502.466 208.824
1818 760.296 94.1945
1819 479.305 612.084
1820 177.806 162.659
1821 695.524 1023.3
1822 742.406 1069.18
