1 995.737 268.037
2 500.924 422.549
3 333.452 728.795
4 1305.67 1367.8
5 257.75 138.154
6 297.136 1348.18
7 526.246 975.495
8 244.931 421.541
9 164.476 867.855
10 1188.62 542.576
11 785.537 804.901
12 888.183 963.195
13 1234.05 416.506
14 328.094 602.956
15 1034.95 227.093
16 541.815 45.1019
17 1347.21 812.712
18 1209.55 774.991
19 1214.19 436.705
20 116.47 62.4244
21 980.114 1077.31
22 220.417 201.254
23 175.426 46.8869
24 1075.15 996.557
25 837.686 61.4749
26 80.6841 1161.21
27 886.845 448.99
28 961.857 639.713
29 581.824 890.125
30 892.068 913.807
31 855.166 886.673
32 311.367 846.953
33 1398.75 547.453
34 226.675 927.2
35 764.315 1109.12
36 489.074 222.303
37 1027.29 333.193
38 1384.67 64.2802
39 1064.36 70.7819
40 302.722 560.487
41 747.655 1104.64
42 128.807 1097.39
43 9.53829 62.1654
44 1113.17 1111.28
45 59.9368 189.486
46 1121.59 842.563
47 440.272 698.885
48 663.186 498.841
49 236.213 170.108
50 139.578 671.105
51 168.625 1061.27
52 1268.9 1251.42
53 357.535 60.2664
54 486.009 69.2868
55 1125.22 759.611
56 1230.82 1231.49
57 182.461 785.636
58 697.19 776.615
59 219.566 888.485
60 342.904 825.703
61 321.971 309.773
62 88.1632 130.027
63 1038.72 590.986
64 1022.87 83.1687
65 301.594 581.333
66 343.594 436.992
67 741.829 1385.14
68 615.241 46.6426
69 999.708 1374.08
70 581.491 1078
71 522.676 1287.3
72 1250.24 336.747
73 819.171 467.737
74 1012.22 1401.37
75 855.216 1251.17
76 4.40229 149.78
77 594.05 417.311
78 976.273 1162.56
79 1250.55 1246.77
80 677.305 230.948
81 434.057 619.385
82 399.554 1194.09
83 1079.47 902.21
84 1399.31 1030.87
85 482.427 846.448
86 1261.21 283.661
87 748.075 476.412
88 1222.93 1208.04
89 1050.48 115.193
90 1257.24 360.313
91 827.778 278.38
92 1104.54 962.994
93 456.975 141.162
94 895.94 546.617
95 587.996 1216.76
96 723.445 1354.74
97 1347.83 630.794
98 560.515 1333.18
99 828.234 485.778
100 807.302 592.539
101 875.901 641.412
102 1261.61 620.809
103 380.927 1130.48
104 1356.29 928.797
105 1196.47 1302.53
106 234.564 911.06
107 1016.76 384.51
108 378.122 1015.12
109 740.62 244.17
110 177.559 104.203
111 290.076 280.667
112 574.887 352.183
113 1094.36 622.853
114 713.3 599.302
115 1288.62 4.10017
116 661.62 845.412
117 98.2315 1237.07
118 1163.2 242.342
119 317.286 1070.85
120 654.628 634.75
121 419.944 889.262
122 300.065 1014.3
123 1311.68 726.997
124 840.88 631.269
125 1013.56 1141.49
126 449.379 524.088
127 697.806 505.718
128 523.484 375.634
129 687.756 752.36
130 1021.73 1087.32
131 1160.18 986.171
132 650.108 522.664
133 640.823 1067.6
134 89.9016 1296.75
135 1053.83 105.67
136 859.088 147.822
137 982.358 572.945
138 19.9398 1268.59
139 939.069 770.071
140 734.621 98.1752
141 808.733 366.814
142 480.98 22.4862
143 251.461 634.188
144 340.308 1329.19
145 1388.89 1102.62
146 902.944 363.923
147 561.841 275.575
148 950.839 1180
149 698.41 20.4145
150 457.45 107.181
151 892.567 746.678
152 516.844 1158.06
153 1343.76 1389.93
154 1302.39 685.98
155 332.09 750.26
156 114.33 712.178
157 180.666 43.6067
158 629.047 742.88
159 136.476 967.239
160 1001.62 742.981
161 895.564 838.679
162 777.972 140.716
163 657.452 168.482
164 339.753 1068.17
165 1096.69 443.007
166 476.353 380.712
167 954.014 428.073
168 570.152 1368.87
169 680.93 601.387
170 356.758 1123.45
171 137.227 456.845
172 1016.01 481.748
173 967.727 1197.22
174 421.498 1056.74
175 1328.58 1212.7
176 1354.65 515.197
177 1045.34 1370.29
178 668.975 659.394
179 1299.19 632.478
180 1332.9 722.58
181 1107.14 760.431
182 508.119 1208.08
183 895.823 109.28
184 1052.92 630.477
185 1172.95 1410.73
186 459.737 601.991
187 482.871 841.743
188 1126.73 1163.8
189 655.38 949.815
190 879.348 1118.44
191 813.042 1227.79
192 1208.76 978.1
193 1017.32 992.429
194 1017.33 155.218
195 1185.29 1089.06
196 610.642 1009.56
197 825.61 78.1622
198 175.007 87.6296
199 255.345 1207.82
200 772.299 903.607
201 462.37 1329.98
202 41.1683 366.053
203 193.781 734.751
204 635.181 572.227
205 483.432 938.896
206 671.478 574.412
207 459.176 1013.95
208 202.807 868.675
209 1387.37 493.805
210 994.289 800.067
211 930.048 252.959
212 696.047 904.627
213 1319.65 575.636
214 1228.46 670.356
215 261.289 672.141
216 823.616 762.027
217 249.42 1280.56
218 375.156 1134.93
219 118.387 265.907
220 398.321 781.594
221 593.804 1127.39
222 1073.9 1215.42
223 250.11 381.747
224 1188.53 1345.24
225 573.432 992.214
226 1258.86 505.804
227 761.207 887.45
228 282.086 627.369
229 687.534 705.072
230 721.932 1186.52
231 904.196 1213
232 237.206 404.408
233 708.984 472.426
234 876.573 722.94
235 922.15 62.711
236 925.689 406.737
237 1178.47 1379.4
238 580.56 874.819
239 1126.81 286.768
240 201.655 876.832
241 199.225 743.398
242 312.865 393.444
243 802.499 1127.98
244 610.062 1063.6
245 1291.68 899.722
246 1057.15 783.321
247 1337.3 433.237
248 667.724 371.391
249 149.591 1167.3
250 845.239 52.1524
251 52.3095 889.45
252 668.069 205.267
253 601.74 846.607
254 190.606 1271.76
255 1023.62 1351.79
256 1315.64 1405.31
257 267.029 534.16
258 1266.48 985.222
259 1114.77 721.846
260 904.886 336.689
261 840.794 130.299
262 1172.42 516.924
263 568.722 296.997
264 677.379 882.545
265 251.664 1333.5
266 530.044 665.22
267 555.249 939.889
268 821.304 183.574
269 1051.25 518.579
270 153.131 517.5
271 470.872 177.171
272 400.09 1323.62
273 171.794 1144.25
274 895.348 648.345
275 1332.81 1195.32
276 445.877 947.543
277 420.524 769.207
278 1311.84 1119.32
279 384.627 540.23
280 113.485 1391.86
281 621.303 218.259
282 1118.01 299.716
283 322.662 507.099
284 725.385 1024.96
285 1179.55 1063.89
286 1210.81 481.101
287 121.969 921.173
288 217.395 974.459
289 1344.12 1152.15
290 252.743 229.523
291 894.775 1078.26
292 42.5123 698.971
293 220.373 213.468
294 294.405 1175.54
295 1265.05 543.209
296 1298.65 94.1313
297 409.413 439.927
298 357.966 576.111
299 708.121 1022.14
300 1042.84 661.163
301 1068.33 257.707
302 692.143 1106.1
303 324.647 1009.81
304 709.268 1277.92
305 1279.86 828.049
306 1342.87 791.046
307 666.101 927.027
308 727.697 1329.71
309 661.592 1051.07
310 600.339 1153.31
311 10.9194 249.636
312 1150.1 863.382
313 889.953 863.971
314 793.3 664.459
315 1111.15 1375.77
316 668.636 1213.87
317 48.7273 583.519
318 313.124 1311.72
319 218.647 295.169
320 1253.04 271.044
321 1313.41 1076.89
322 1039.8 1293.24
323 1241.09 91.6866
324 218.129 1029.88
325 1386.81 549.423
326 1188.01 179.603
327 1083.52 1250.52
328 990.213 455.178
329 1277.74 864.288
330 357.652 691.649
331 11.3942 322.748
332 487.446 748.189
333 1095.7 1324.3
334 953.681 704.727
335 806.396 938.68
336 975.07 1055.57
337 133.493 403.041
338 891.598 1103.41
339 1055.94 128.502
340 1089.87 177.818
341 1235.51 68.4944
342 134.35 446.616
343 618.047 138.946
344 144.671 1019.15
345 994.831 238.991
346 682.115 73.5311
347 1282.45 55.9936
348 1304.56 517.845
349 465.891 88.1752
350 1187.99 1270.32
351 269.058 807.203
352 1221.38 364.613
353 78.4212 163.1
354 468.628 964.289
355 1047.18 161.965
356 1144.27 195.341
357 694.039 1374.55
358 919.647 133.854
359 509.932 934.293
360 473.801 254.383
361 485.01 1362.61
362 899.676 1320.96
363 1020.86 837.026
364 1296.73 236.04
365 540.316 1394.88
366 804.885 412.089
367 179.353 205.715
368 739.449 1318.46
369 1413.21 213.095
370 1217.1 759.626
371 1389.93 925.23
372 761.769 705.661
373 638.85 242.816
374 648 431.656
375 413.351 1160.48
376 1206.74 694.698
377 595.647 324.85
378 144.197 1246.62
379 1387.02 236.401
380 85.8201 1307.13
381 1005.49 361.104
382 453.565 289.04
383 1130.12 374.08
384 1400 622.537
385 1109.98 1198.37
386 681.621 7.07819
387 698.281 1124.78
388 1067.2 412.665
389 1319.3 1131.39
390 237.656 673.939
391 57.1189 1184.13
392 1000.94 1310.82
393 260.568 691.116
394 514.032 173.69
395 1251.89 113.251
396 1303.34 1376.42
397 129.418 309.902
398 186 702.899
399 668.895 916.755
400 828.216 441.928
401 647.223 1236.07
402 279.373 1222.6
403 980.933 1209.29
404 972.561 801.95
405 18.9471 1253.46
406 1378.39 870.503
407 322.286 626.478
408 416.016 728.983
409 1088.31 333.683
410 442.818 44.3836
411 1231.73 403.012
412 796.821 1369.95
413 804.626 621.413
414 358.318 1032.61
415 325.942 1000.23
416 289.912 1113.65
417 666.429 1413.24
418 1021.65 539.712
419 562.813 133.135
420 187.399 405.96
421 1025.39 1171.92
422 818.215 696.9
423 77.8601 49.7354
424 250.11 158.282
425 939.198 1253.17
426 759.558 683.822
427 1369.28 948.191
428 956.591 374.238
429 895.261 596.871
430 486.438 88.119
431 371.926 178.524
432 1381.28 1266.61
433 482.698 1146.62
434 460.502 973.353
435 971.136 1004.99
436 595.992 83.2273
437 1380.77 481.261
438 182.876 285.674
439 1137.69 225.568
440 546.143 521.946
441 591.091 8.84774
442 963.324 1119.92
443 1349.47 1086.7
444 217.334 1074.2
445 232.44 184.855
446 164.654 1189.18
447 214.664 1363.37
448 1275.58 1006.48
449 721.846 1078.52
450 422.904 189.083
451 198.966 281.444
452 125.959 697.217
453 1276.62 454.946
454 295.73 616.552
455 766.257 295.558
456 304.751 96.4774
457 155.245 549.423
458 203.819 1347.01
459 297.278 1286.68
460 545.495 760.905
461 845.203 569.276
462 331.596 369.765
463 313.9 130.703
464 143.851 274.366
465 84.1494 1203.96
466 217.05 104.274
467 761.781 1209.74
468 526.505 1201.11
469 1252.15 1297.16
470 674.116 190.032
471 1267.05 974.907
472 946.894 474.152
473 1161.26 417.356
474 1370.71 1238.27
475 1247.96 1118.35
476 722.968 1008.74
477 1147.17 459.508
478 1390.01 824.84
479 855.641 1330.74
480 397.766 963.642
481 139.701 766.516
482 679.722 847.672
483 613.873 593.936
484 715.372 519.168
485 354.514 249.536
486 231.681 1270.12
487 586.065 752.834
488 900.441 495.143
489 54.2949 604.294
490 1206.1 868.891
491 792.178 1039.41
492 803.615 1240.12
493 1007.87 466.858
494 496.725 1267.9
495 1267.88 489.49
496 326.596 245.492
497 962.893 231.509
498 417.213 391.07
499 1102.48 1182.23
500 730.132 834.277
501 1407.48 760.403
502 1176.53 914.742
503 498.128 424.95
504 1015.25 341.782
505 1309.95 917.273
506 488.74 93.7428
507 509.371 461.507
508 120.502 1021.03
509 844.721 279.518
510 2.28746 386.538
511 142.686 162.626
512 420.629 135.694
513 1276.62 586.426
514 129.085 132.284
515 335.48 896.168
516 912.18 745.254
517 1357.77 1256.65
518 1232.7 18.6881
519 1254.05 1315.72
520 487.868 865.309
521 194.04 992.932
522 1403.45 1103.2
523 520.031 1240.73
524 1297.81 680.601
525 956.4 1146.12
526 648.934 251.664
527 922.44 214.131
528 238.155 12.2142
529 162.28 243.248
530 355.531 586.67
531 1096.86 217.611
532 476.773 559.624
533 873.121 1010.47
534 1233.5 1041.47
535 78.2917 195.529
536 426.683 178.465
537 514.161 353.348
538 1156.55 1199.47
539 808.694 865.555
540 880.026 106.318
541 1096.34 803.778
542 1271.06 448.747
543 1115 590.483
544 1120.67 1355.99
545 342.176 1159.63
546 770.777 1219.82
547 1223.79 654.95
548 1116.9 566.3
549 938.464 1269.07
550 217.611 1137.65
551 261.573 331.482
552 681.448 288.193
553 541.013 1059.1
554 1000.36 1045.9
555 979.811 444.344
556 772.035 1067.44
557 659.523 386.754
558 170.025 1344.66
559 721.889 290.998
560 1347.06 1067.55
561 1360.18 236.645
562 1181.88 808.856
563 917.273 544.907
564 1059.4 885.378
565 685.916 1143.21
566 385.675 662.113
567 1164.66 101.339
568 835.116 539.814
569 316.404 70.0482
570 1134.4 428.52
571 1008.04 659.754
572 396.94 331.251
573 631.815 739.239
574 935.012 1331.99
575 898.203 518.003
576 542.129 693.635
577 587.052 855.77
578 395.596 293.356
579 315.245 260.685
580 1327.99 504.207
581 282.912 957.686
582 81.6276 841.932
583 1137.09 1168.63
584 482.749 462.024
585 901.563 607.257
586 109.62 1124.15
587 310.775 879.81
588 890.73 1373.95
589 218.401 384.497
590 1166.56 218.921
591 215.688 357.794
592 1259.58 1048.87
593 653.456 52.5253
594 125.003 1409.7
595 734.189 209.671
596 1033.2 957.066
597 1394.42 1348.84
598 999.449 839.499
599 1169.44 872.603
600 1182.06 50.426
601 1067.43 3.97069
602 768.144 1055.7
603 337.632 815.157
604 1289.35 784.643
605 89.7109 634.521
606 989.948 311.326
607 890.119 922.452
608 518.601 247.709
609 485.658 1037.6
610 1343.91 1286.15
611 696.727 1390.13
612 1345.18 1320.36
613 321.194 426.029
614 1405.08 115.021
615 823.497 1292.85
616 828.195 1264.84
617 80.7829 819.186
618 360.932 1324.59
619 1023.31 958.161
620 1184.82 305.268
621 392.451 644.935
622 525.253 447.048
623 226.749 500.652
624 1175.8 1024.52
625 101.974 798.34
626 1123.4 41.2761
627 727.5 116.719
628 1325.74 458.544
629 687.047 679.09
630 1200.59 695.259
631 956.332 588.526
632 214.461 950.953
633 1194.76 666.358
634 910.583 354.039
635 141.361 1038.14
636 1380.26 104.073
637 4.87704 221.856
638 572.556 1339.07
639 614.224 28.0261
640 1216.76 1208.66
641 748.049 301.544
642 11.8689 474.929
643 1120.38 497.906
644 784.384 1030.11
645 943.718 1288.55
646 510.838 34.9748
647 1335.26 249.506
648 153.433 1333.82
649 1151.5 688.24
650 605.487 1033.47
651 334.79 1219.78
652 1148.71 1268.61
653 711.272 67.5018
654 540.402 1287.19
655 454.54 542.015
656 288.177 751.626
657 466.254 811.963
658 175.759 803.001
659 1135.19 830.839
660 841.053 669.897
661 709.065 801.922
662 399.517 936.781
663 40.2248 747.369
664 251.412 865.669
665 550.027 789.751
666 943.409 837.486
667 6.60343 303.974
668 1333.55 1048.11
669 1278.75 464.7
670 129.085 386.495
671 338.156 1266.35
672 1079.34 302.895
673 729.226 273.821
674 1016.41 420.548
675 686.153 176.711
676 856.59 930.998
677 1292.68 35.9243
678 461.394 816.482
679 1131.6 328.186
680 766.43 1170.55
681 689.858 1052.51
682 690.857 340.487
683 1095.55 220.46
684 468.801 1132.22
685 1030.99 1030.24
686 1058.76 392.753
687 105.612 1111.78
688 830.217 742.348
689 93.3112 1071.5
690 260.204 571.175
691 506.436 811.879
692 81.6581 763.036
693 245.722 356.184
694 815.102 166.008
695 849.679 1268.64
696 1394.73 179.199
697 54.8128 677.551
698 73.3901 1101.13
699 1112.73 101.555
700 434.242 381.245
701 8.07086 1173.56
702 637.167 33.2916
703 1079.6 502.826
704 559.393 911.332
705 232.347 1303.38
706 355.032 875.985
707 1262.88 995.478
708 442.574 293.356
709 1114.9 465.866
710 414.851 1208.39
711 308.721 576.111
712 393.783 288.02
713 24.5147 11.1352
714 1078.39 610.768
715 1374.42 75.0115
716 471.822 720.351
717 1094.22 549.539
718 113.443 96.2616
719 451.484 684.946
720 1379.45 976.79
721 146.361 660.1
722 1264.37 1188.86
723 1035.27 945.99
724 597.028 645.065
725 641.452 438.906
726 551.649 630.837
727 188.204 1388.18
728 802.727 43.8225
729 1352.19 105.051
730 713.923 1171.4
731 1413.09 1057.2
732 1212.1 1266.43
733 424.192 1288.59
734 48.0986 1307.78
735 602.941 687.793
736 456.543 481.964
737 881.623 496.725
738 725.2 220.028
739 909.4 386.625
740 94.3902 506.71
741 250.197 1397.6
742 668.889 944.004
743 1281.02 1006.79
744 327.447 334.962
745 155.628 1271.96
746 175.765 234.89
747 706.5 1156.38
748 1154.78 136.6
749 414.419 43.4341
750 1273.92 1386.95
751 86.6647 651.899
752 1051.65 188.953
753 286.649 315.614
754 980.933 816.554
755 1082.96 1053.23
756 1340.39 732.161
757 1337.44 1151.52
758 1251.46 439.338
759 1350.29 1298.1
760 292.795 28.5286
761 108.8 564.458
762 1225.57 60.9138
763 888.936 432.346
764 978.171 74.321
765 1343.87 73.7599
766 395.423 987.898
767 888.072 230.1
768 384.898 1316.5
769 16.3144 1086.89
770 177.701 120.014
771 1042.26 1077.74
772 264.215 1231.46
773 367.682 461.679
774 760.69 1332.77
775 1378.54 714.293
776 494.826 1088.8
777 966.173 1260.18
778 841.355 418.506
779 658.808 860.777
780 655.207 16.4438
781 1032.31 297.947
782 356.067 618.638
783 341.048 1385.99
784 547.351 1285.92
785 1183.14 738.478
786 151.565 439.252
787 922.039 408.809
788 616.795 478.887
789 1011.02 923.143
790 836.077 338.733
791 1330.93 213.511
792 723.451 1297.6
793 1145.09 159.016
794 1183.44 545.15
795 436.511 45.8356
796 942.256 756.605
797 898.566 363.189
798 1167.56 232.344
799 297.229 701.949
800 1155.28 644.174
801 460.169 1095.7
802 1196.33 797.477
803 339.192 852.835
804 666.515 1338.21
805 229.825 1001.26
806 857.842 781.708
807 156.281 889.09
808 426.905 703.158
809 245.591 959.628
810 1046.32 1028.67
811 827.328 200.363
812 1169.2 1103.65
813 580.177 345.077
814 781.579 832.307
815 1234.32 1231.19
816 452.011 277.144
817 801.087 12.6026
818 78.5201 871.135
819 898.006 1355.01
820 1030.1 681.535
821 396.163 1046.94
822 808.036 894.327
823 1143.73 715.372
824 816.125 327.339
825 161.504 1278.09
826 1364.19 358.716
827 909.936 928.337
828 224.301 1047.98
829 689.39 485.805
830 408.61 100.13
831 149.065 474.023
832 20.8461 280.64
833 338.76 351.579
834 79.6361 1059.01
835 592.798 1161.64
836 510.752 105.094
837 608.681 1386.85
838 419.739 1294.27
839 234.111 56.7982
840 1335.75 134.846
841 1335.02 24.0986
842 901.649 357.162
843 473.339 21.4658
844 931.429 18.8608
845 696.363 988.659
846 96.5051 27.4927
847 708.725 1327.56
848 148.038 449.48
849 797.073 997.738
850 838.371 553.409
851 368.066 803.29
852 157.749 468.658
853 782.11 1218.72
854 965.43 1212.26
855 132.556 955.226
856 1284.43 16.1865
857 1096.31 672.644
858 229.117 829.991
859 78.3348 21.8543
860 314.117 1381.77
861 568.672 1108.21
862 1268.77 37.1328
863 172.266 864.26
864 83.0334 979.481
865 775.74 1284.36
866 274.798 334.403
867 850.32 246.485
868 226.459 1103.74
869 717.055 413.744
870 458.054 686.584
871 1254 887.551
872 677.952 1273.31
873 1287.19 22.6311
874 830.066 975.338
875 946.708 563.579
876 324.345 1088.7
877 845.4 442.862
878 625.513 940.104
879 124.041 145.362
880 741.533 706.712
881 97.2699 1381.5
882 1266.72 936.624
883 85.1109 1201.7
884 786.82 539.986
885 682.009 559.004
886 887.795 168.368
887 459.219 540.936
888 1030.76 240.961
889 972.246 1401.57
890 1062.25 712.021
891 1151.33 1392.59
892 1174.63 444.07
893 955.913 824.97
894 912.31 1015.22
895 1038.61 1153.87
896 299.288 1239.73
897 1106.01 939.759
898 1318.01 1186
899 955.049 986.026
900 61.2004 902.312
901 806.963 878.056
902 810.336 718.781
903 336.671 1070.92
904 1042.26 505.545
905 482.877 1288.66
906 1265 598.986
907 1370.65 264.526
908 1198.77 194.709
909 1145.9 892.86
910 1135.83 434.704
911 1168.12 577.708
912 248.464 554.429
913 377.087 887.881
914 1041.75 908.641
915 510.771 1181.73
916 854.676 805.045
917 992.063 402.868
918 491.207 1275.86
919 1036.31 45.7647
920 134.442 978.042
921 226.632 113.035
922 344.364 188.78
923 1270.1 830.883
924 1197.81 1037.77
925 1022.69 1224.27
926 1283.8 144.24
927 788.189 760.819
928 1188.62 165.835
929 1136.96 784.486
930 793.966 222.849
931 1373.15 124.028
932 885.248 1362.55
933 999.147 1125.78
934 940.579 616.968
935 1012.9 417.816
936 392.192 501.229
937 1404.62 661.163
938 179.07 543.266
939 843.168 1300.29
940 321.145 1137.4
941 1135.01 149.679
942 1218.74 555.94
943 1352.74 698.324
944 1211.58 529.326
945 302.284 1102.13
946 454.817 375.073
947 1119.99 240.631
948 409.53 1348.35
949 87.0963 493.115
950 412.348 920.439
951 682.7 548.273
952 1110.22 650.389
953 452.67 1066.04
954 1085.55 1153.33
955 323.957 1283.57
956 85.7151 840.291
957 752.59 641.944
958 1106 1132.27
959 288.677 483.62
960 1096.84 1290.53
961 1059.79 866.748
962 944.972 581.477
963 519.661 335.755
964 544.934 1102.51
965 857.022 295.357
966 404.961 1085.38
967 604.742 250.831
968 626.648 621.515
969 659.203 1123.58
970 574.659 646.273
971 440.747 303.974
972 930.067 283.084
973 699.878 59.36
974 1301.39 415.887
975 659.234 415.6
976 451.857 164.913
977 151.38 108.778
978 710.106 38.369
979 1196.06 621.456
980 1274.74 247.191
981 419.728 1152.88
982 1307.83 207.902
983 370.434 1147.23
984 1301.31 1021.5
985 1348.49 831.342
986 801.389 32.7737
987 775.691 1147.49
988 746.878 555.465
989 449.878 594.266
990 418.563 593.936
991 273.33 855.339
992 787.88 430.591
993 525.34 1141.76
994 128.702 1311.94
995 1321.55 1248.42
996 900.8 1196.93
997 491.315 393.055
998 1225.78 386.122
999 392.63 336.214
1000 474.886 1003.25
1001 248.643 779.048
1002 130.515 533.626
1003 1154.99 1285.94
1004 116.581 290.221
1005 678.26 278.812
1006 0.949513 545.538
1007 1219.91 727.17
1008 804.879 1316.28
1009 237.162 62.6247
1010 1367.56 385.416
1011 90.4196 322.735
1012 286.675 11.4243
1013 107.739 403.975
1014 23.8673 351.853
1015 887.795 12.3591
1016 205.083 726.464
1017 200.693 441.41
1018 983.739 1325.92
1019 382.611 520.161
1020 850.98 1064.23
1021 378.32 166.396
1022 1380.64 829.831
1023 1020.64 288.02
1024 665.738 862.331
1025 646.489 961.641
1026 781.665 1017.76
1027 5.7834 29.6075
1028 54.2086 930.652
1029 284.25 86.3348
1030 50.281 157.835
1031 379.935 694.671
1032 1303.93 1171.89
1033 20.544 1279.38
1034 146.7 676.744
1035 93.7428 585.261
1036 437.929 234.459
1037 1302.57 1403.97
1038 1069.58 747.871
1039 1374.22 220.13
1040 1292.85 160.627
1041 218.353 1094.65
1042 690.598 892.385
1043 1358.38 801.62
1044 68.7534 1380.13
1045 1054.77 1105.55
1046 1381.49 680.04
1047 31.5929 222.704
1048 961.814 644.346
1049 263.231 485.59
1050 566.132 1004.33
1051 483.045 922.582
1052 1325.4 1057.28
1053 1049.82 20.8893
1054 302.907 514.075
1055 455.162 509.543
1056 1321.25 604.467
1057 829.869 949.858
1058 1091.59 76.3649
1059 1025.3 1055.49
1060 1011.45 759.669
1061 482.156 756.374
1062 340.314 1341.68
1063 209.571 1064.27
1064 401.73 160.526
1065 235.911 713.171
1066 559.072 314.72
1067 895.736 1150.65
1068 658.358 643.597
1069 4.44545 640.792
1070 1245.8 1332.51
1071 780.124 935.761
1072 258.699 665.279
1073 1265.03 336.991
1074 396.262 1171.44
1075 715.501 303.844
1076 261.474 642.95
1077 79.0441 762.259
1078 1288.67 113.137
1079 1.38111 854.001
1080 1164.8 754.576
1081 33.8804 1007.3
1082 931.775 320.519
1083 1376.54 500.005
1084 807.444 397.473
1085 219.942 1363.41
1086 282.252 1159.67
1087 678.674 1204.24
1088 628.017 973.726
1089 486.626 498.84
1090 286.124 170.351
1091 419.469 833.99
1092 886.728 646.575
1093 578.112 264.556
1094 1149 123.711
1095 817.617 579.16
1096 1185.73 1106.36
1097 1369.58 201.355
1098 732.679 922.726
1099 636.951 1092.8
1100 736.261 673.723
1101 752.748 842.348
1102 1170.62 456.025
1103 791.074 1405.15
1104 399.912 221.123
1105 1393.18 319.813
1106 538.51 873.222
1107 160.77 526.175
1108 106.259 222.417
1109 329.79 915.648
1110 143.608 1074.5
1111 608.897 464.112
1112 972.456 293.227
1113 865.438 333.079
1114 1388.56 1357.3
1115 299.269 214.547
1116 424.254 511.485
1117 747.902 1047.63
1118 148.642 1296.45
1119 181.573 1321.68
1120 900.712 83.0979
1121 447.437 149.348
1122 866.881 761.482
1123 108.393 544.416
1124 1281.02 1406.1
1125 697.782 1187.77
1126 161.985 422.721
1127 269.063 758.229
1128 716.969 986.803
1129 193.096 1170.07
1130 103.688 910.799
1131 74.321 623.17
1132 600.222 48.8568
1133 803.942 1178.04
1134 616.752 74.1915
1135 753.193 631.614
1136 425.037 349.248
1137 542.208 1368.68
1138 99.9396 1136.63
1139 289.787 271.345
1140 352.017 1294.53
1141 649.446 1252.05
1142 1149.61 217.497
1143 1283.64 950.262
1144 62.4089 173.459
1145 836.176 808.683
1146 1192.46 301.198
1147 898.32 533.238
1148 1308.74 47.189
1149 278.762 1275.54
1150 96.5482 209.469
1151 64.9122 258.958
1152 783.503 753.756
1153 914.579 884.919
1154 539.841 925.446
1155 1051.15 1071.41
1156 604.236 885.205
1157 561.767 41.7655
1158 704.366 333.467
1159 949.168 339.063
1160 1119.56 671.435
1161 1207.57 608.726
1162 355.612 1242.35
1163 1005.74 656.286
1164 617.461 398.882
1165 1091.29 161.849
1166 985.81 1279.12
1167 1014.22 207.743
1168 1347.58 1172.97
1169 138.093 1191.18
1170 379.072 1333.12
1171 193.43 123.48
1172 4.79073 417.397
1173 358.297 923.488
1174 453.177 1388.45
1175 553.264 1297.55
1176 429.957 203.729
1177 756.891 492.625
1178 2.54642 313.037
1179 253.563 129.71
1180 98.4228 926.999
1181 322.169 646.418
1182 78.4212 1.98535
1183 1142.67 697.649
1184 48.4252 343.437
1185 0.345278 1301.93
1186 909.887 1393.86
1187 291.063 406.219
1188 170.135 485.072
1189 473.073 668.386
1190 739.184 378.683
1191 1161.86 847.499
1192 776.227 1402.49
1193 1150.45 966.95
1194 579.419 530.75
1195 1164.63 356.499
1196 752.373 255.635
1197 1303.53 338.976
1198 43.9366 732.09
1199 1093.49 58.9716
1200 1096.3 172.811
1201 1025.39 872.646
1202 629.897 511.069
1203 901.563 625.298
1204 22.9178 79.9472
1205 136.946 358.916
1206 324.388 1196.95
1207 366.056 706.481
1208 1021.85 966.389
1209 930.609 973.051
1210 1057.43 58.9862
1211 710.754 454.631
1212 1232.9 166.812
1213 50.281 1316.54
1214 1159.47 918.697
1215 94.7355 566.126
1216 551.828 230.041
1217 297.974 1388.15
1218 690.469 459.133
1219 14.7606 167.259
1220 1069.27 1121.2
1221 533.324 479.433
1222 1000.02 40.1817
1223 1246.71 318.821
1224 893.942 1174.42
1225 315.8 793.679
1226 859.568 477.765
1227 323.741 785.997
1228 945.456 850.721
1229 1081.62 817.475
1230 88.0889 875.51
1231 860.715 1282.66
1232 892.985 93.9888
1233 826.545 691.161
1234 834.548 52.7134
1235 1001.87 746.477
1236 205.57 612.02
1237 100.346 70.9268
1238 1207.39 666.66
1239 288.054 502.465
1240 971.901 671.608
1241 474.541 574.801
1242 773.41 315.109
1243 540.051 279.934
1244 966.475 1059.96
1245 1252.49 1016.28
1246 395.985 1034.02
1247 919.69 1030.91
1248 1353.26 227.624
1249 437.265 1109.71
1250 841.294 909.849
1251 865.056 1173.31
1252 835.492 318.75
1253 1166.76 395.804
1254 632.031 181.659
1255 836.336 356.067
1256 1320.77 394.754
1257 695.797 86.1467
1258 1146.04 123.064
1259 989.738 905.074
1260 545.009 207.339
1261 991.982 60.0351
1262 1141.49 1339.13
1263 1311.15 299.14
1264 1089.29 837.169
1265 244.925 807.949
1266 608.644 1382.9
1267 590.209 1266.71
1268 35.5204 1358.71
1269 196.019 1.55375
1270 826.12 180.092
1271 704.323 147.951
1272 984.214 607.1
1273 624.909 362.887
1274 314.215 1360.74
1275 1073.18 1271.1
1276 1253.36 195.227
1277 1325.13 996.832
1278 589.969 645.857
1279 1204.93 128.702
1280 717.499 829.804
1281 1260.31 1044.85
1282 1220.58 418.39
1283 1181.54 1391.34
1284 1376.88 610.092
1285 175.841 1138.06
1286 256.886 343.637
1287 56.4099 290.81
1288 414.643 1252.49
1289 557.062 207.167
1290 815.768 478.684
1291 120.114 237.307
1292 62.8405 528.447
1293 784.187 436.36
1294 961.2 559.293
1295 1327.33 886.63
1296 284.632 1305.74
1297 822.772 227.236
1298 1303.29 527.455
1299 583.926 1075.12
1300 1160.65 1015.29
1301 35.3046 1228.2
1302 148.809 1114.43
1303 1241.46 788.759
1304 974.521 284.913
1305 1090.13 688.715
1306 669.032 1014.71
1307 1131.78 547.481
1308 1009.32 424.476
1309 705.402 425.699
1310 438.423 1409.35
1311 321.54 480.944
1312 330.912 442.732
1313 699.057 1123.42
1314 1259.66 956.807
1315 846.016 446.718
1316 1168.53 928.969
1317 1013.21 722.58
1318 1283.59 418.449
1319 992.457 6.12868
1320 61.899 580.183
1321 113.116 585.591
1322 1205.41 1052.62
1323 364.78 1378.19
1324 399.135 904.67
1325 1104.62 1302.08
1326 752.243 1114.66
1327 161.381 1359.24
1328 368.368 622.406
1329 1250.82 199.845
1330 1080.55 445.898
1331 1361.59 975.122
1332 420.727 556.372
1333 1224.52 1163.07
1334 174.556 1230.87
1335 1228.15 228.962
1336 269.459 857.598
1337 171.042 806.87
1338 670.788 411.284
1339 1403.97 162.108
1340 291.741 1197.34
1341 396.076 453.004
1342 826.594 865.9
1343 995.176 521.687
1344 708.238 583.562
1345 76.3063 851.427
1346 874.921 1113.71
1347 274.656 1057.3
1348 736.045 1076.37
1349 466.168 414.046
1350 475.232 1267.62
1351 179.958 162.512
1352 521.567 682.025
1353 515.24 819.775
1354 1265.53 370.282
1355 1241.33 238.5
1356 1006.4 950.047
1357 877.69 679.133
1358 1321.57 656.847
1359 645.01 927.718
1360 147.779 963.195
1361 509.241 440.403
1362 866.622 213.483
1363 591.942 1358.6
1364 426.469 643.498
1365 881.056 915.087
1366 1331.04 309.153
1367 565.436 192.276
1368 1357.68 406.953
1369 1087.88 1039.76
1370 570.93 567.494
1371 815.891 1048.88
1372 28.0106 664.89
1373 959.181 635.211
1374 333.236 835.63
1375 670.683 1275.38
1376 843.914 929.2
1377 19.465 1118.05
1378 810.04 643.699
1379 163.52 816.957
1380 779.359 817.201
1381 1078.63 797.721
1382 328.575 522.923
1383 306.391 1044.21
1384 654.758 142.729
1385 1054.18 1388.42
1386 508.625 1400.14
1387 242.792 1396.84
1388 883.867 1299.06
1389 632.092 556.156
1390 682.959 137.895
1391 670.227 1163.33
1392 476.502 247.364
1393 195.538 1094.83
1394 1148.5 346.27
1395 584.339 548.187
1396 96.2893 623.701
1397 850.246 262.987
1398 1009.59 1162.51
1399 187.332 769.624
1400 448.645 1255.57
1401 963.885 1361.32
1402 191.142 352.889
1403 334.913 203.627
1404 1117.84 1232.38
1405 192.104 786.197
1406 1331.3 770.2
1407 1357.07 1203.42
1408 1183.19 1383.01
1409 294.602 373.029
1410 675.117 333.726
1411 1330.38 1080.76
1412 1408.4 460.428
1413 907.735 781.378
1414 1056.72 87.4847
1415 138.068 399.961
1416 1073.94 1393.5
1417 132.975 323.18
1418 910.842 1351.24
1419 906.705 698.583
1420 136.243 507.342
1421 62.0269 1002.83
1422 492.193 82.9684
1423 403.873 269.562
1424 1055.08 1154.61
1425 16.7891 830.336
1426 906.095 985.092
1427 198.75 1108.49
1428 1409.63 160.095
1429 857.799 985.034
1430 946.295 513.875
1431 972.517 138.888
1432 1166.59 480.497
1433 1409.39 1134.84
1434 797.03 384.309
1435 1169.63 1304.72
1436 157.921 593.504
1437 365.341 459.537
1438 453.695 1070.84
1439 841.449 788.558
1440 1391.84 535.196
1441 491.157 73.3869
1442 1124.13 374.583
1443 116.587 241.09
1444 496.077 18.8608
1445 466.168 1110.97
1446 518.293 1348.32
1447 219.165 544.762
1448 187.572 77.4008
1449 222.359 1011.53
1450 1033.24 368.67
1451 1187.5 893.68
1452 757.712 609.07
1453 795.778 1190.09
1454 12.3437 1216.04
1455 809.978 66.4228
1456 1061.57 700.568
1457 361.208 320.836
1458 1165.24 294.91
1459 995.478 315.497
1460 981.23 116.272
1461 1260.58 218.518
1462 424.753 240.399
1463 246.571 361.65
1464 158.914 1061.4
1465 467.975 321.928
1466 1302.82 1200.79
1467 414.142 403.759
1468 1215.09 235.652
1469 1350.25 459.019
1470 852.102 397.76
1471 786.046 19.9414
1472 1340.97 874.933
1473 1363.96 36.8152
1474 1289.53 853.901
1475 913.432 27.3201
1476 556.328 539.582
1477 1300.44 312.837
1478 641.939 165.878
1479 632.505 736.751
1480 1097.32 241.694
1481 673.84 348.314
1482 415.771 1239.59
1483 623.874 1101.84
1484 505.673 120.575
1485 1205.19 793.879
1486 925.953 1278.55
1487 1063.97 112.129
1488 496.517 992.53
1489 1085.32 208.908
1490 861.005 503.544
1491 548.967 1012.35
1492 839.154 728.018
1493 925.375 138.845
1494 913.647 1298.3
1495 529.483 297.888
1496 25.939 1343.27
1497 1280.68 908.77
1498 449.206 1207.8
1499 688.397 1314.6
1500 579.265 1383.14
1501 712.653 975.884
1502 696.123 1190.86
1503 1153.18 1120.17
1504 1228.63 1412.85
1505 357.88 507.472
1506 280.538 133.034
1507 1296 743.987
1508 1390.53 342.558
1509 1117.49 320.146
1510 1257.07 1093.36
1511 107.252 983.566
1512 802.216 70.8837
1513 1328.28 1223.45
1514 511.183 997.134
1515 1269.59 774.457
1516 379.589 743.916
1517 1205.2 404.292
1518 186.839 1155.21
1519 765.308 1349.34
1520 913.48 1020.68
1521 780.629 112.893
1522 1061.51 1018.4
1523 573.364 889.494
1524 1248.48 288.048
1525 844.981 514.507
1526 5.61076 1150.44
1527 780.013 777.694
1528 1190.13 957.858
1529 630.089 953.268
1530 212.842 1126.12
1531 418.649 1140.42
1532 866.129 799.462
1533 536.604 1027.98
1534 407.557 878.99
1535 118.196 1000.76
1536 521.844 1180.55
1537 1059.1 1092.33
1538 638.048 379.173
1539 1166.77 704.107
1540 1214.24 1080.48
1541 159.95 189.644
1542 1334.8 844.98
1543 0.992673 1384.28
1544 483.906 781.954
1545 153.648 602.007
1546 839.512 1215.95
1547 112.043 930.739
1548 184.366 749.339
1549 684.741 805.705
1550 656.977 119.898
1551 342.01 971.195
1552 726.92 1095.02
1553 689.735 268.194
1554 1170.77 579.807
1555 811.834 983.797
1556 282.869 135.219
1557 0.345278 1025
1558 302.858 205.267
1559 1167.13 1286.42
1560 10.8762 452.272
1561 762.577 1249.17
1562 1107.78 743.614
1563 300.478 68.0783
1564 707.603 30.3413
1565 782.837 176.998
1566 335.221 38.5848
1567 62.3906 1404.11
1568 461.766 320.562
1569 501.855 34.3983
1570 534.638 791.376
1571 1060.18 268.842
1572 863.841 1262.39
1573 1343.75 459.953
1574 955.648 220.719
1575 570.14 393.675
1576 1313.61 548.171
1577 1197.21 905.089
1578 1090.55 726.005
1579 1251.63 607.704
1580 215.934 1050.13
1581 836.176 1407.41
1582 528.836 1058.48
1583 386.877 1404.1
1584 331.337 112.258
1585 793.628 227.007
1586 268.824 922.18
1587 194.052 390.379
1588 69.5736 19.2924
1589 1197.68 281.401
1590 1109.38 337.681
1591 660.559 610.149
1592 825.386 1393.6
1593 936.22 714.379
1594 1343.99 47.8209
1595 904.356 240.831
1596 376.439 1082.24
1597 662.026 550.588
1598 973.898 867.769
1599 494.37 171.662
1600 1218.93 1157.23
1601 1101.44 241.494
1602 771.381 794.715
1603 105.125 680.93
1604 328.908 43.0302
1605 1331.46 1277.57
1606 1330.6 762.114
1607 993.191 780.17
1608 772.558 130.271
1609 12.3437 381.432
1610 296.896 392.222
1611 210.965 35.1474
1612 668.378 278.698
1613 1002.24 352.658
1614 500.912 654.877
1615 1206.7 1374.78
1616 1018.4 932.625
1617 1239.52 581.059
1618 649.375 598.77
1619 241.239 1405.64
1620 1320.28 1356.05
1621 89.1248 1150.18
1622 999.098 1208.14
1623 300.034 94.492
1624 142.988 334.142
1625 126.711 1311.12
1626 1142.04 793.852
1627 128.696 1251.73
1628 1338.59 709.934
1629 916.028 945.327
1630 536.863 725.141
1631 383.819 166.726
1632 1294.57 1264.72
1633 673.162 1076.32
1634 951.067 384.87
1635 278.966 991.264
1636 951.844 180.898
1637 816.409 1360.39
1638 368.67 70.0205
1639 322.187 1096.4
1640 1316.24 933.603
1641 291.673 946.896
1642 758.137 936.695
1643 1149.89 625.211
1644 1075.84 893.362
1645 425.925 845.73
1646 520.765 415.671
1647 1322.67 594.972
1648 1139.29 1244.77
1649 813.733 555.249
1650 389.504 1047.01
1651 939.025 524.347
1652 574.628 128.113
1653 1055.91 456.241
1654 588.871 1260.06
1655 376.914 577.779
1656 1376.66 287.545
1657 1349.34 868.116
1658 636.458 575.793
1659 240.486 820.552
1660 326.577 59.7485
1661 1070.66 363.204
1662 401.946 957.297
1663 1211.41 692.34
1664 535.014 1355.86
1665 1380.68 404.206
1666 969.683 135.867
1667 1023.66 538.346
1668 502.361 277.603
1669 456.284 782.701
1670 726.507 400.451
1671 411.096 116.143
1672 705.33 1228.37
1673 443.373 8.60424
1674 972.776 508.408
1675 1074.82 625.054
1676 1225.14 571.305
1677 1252.15 83.9456
1678 962.72 171.072
1679 502.595 635.973
1680 888.324 192.22
1681 347.392 1000.92
1682 1214.51 1199.57
1683 400.319 1213.92
1684 1121.87 1327.94
1685 1083.35 1141.07
1686 675.535 1034.87
1687 267.208 464.312
1688 1092.11 578.96
1689 226.564 235.177
1690 550.508 620.824
1691 888.862 1055.38
1692 832.421 156.972
1693 522.836 552.373
1694 939.716 198.651
1695 592.453 1239.13
1696 1073 1007.69
1697 530.821 1169.77
1698 661.336 1248.24
1699 864.316 1245.42
1700 203.886 47.8209
1701 1367.82 1303.78
1702 36.9447 1257.24
1703 293.788 363.232
1704 1290.82 1006.54
1705 413.47 283.359
1706 1285.21 132.473
1707 544.127 1405.28
1708 806.137 1228.32
1709 10.013 199.139
1710 1230.38 1293.21
1711 814.269 138.515
1712 404.887 492.683
1713 885.465 868.761
1714 1001.18 721.171
1715 492.452 828.58
1716 815.848 1159.63
1717 379.59 417.354
1718 283.609 1069.64
1719 1092.78 462.327
1720 184.594 1174.42
1721 1252.71 681.464
1722 1358.88 91.4277
1723 1152.67 202.031
1724 726.076 852.231
1725 909.054 263.274
1726 991.853 312.88
1727 395.565 1099.88
1728 811.889 196.953
1729 598.884 298.206
1730 92.3126 1040.02
1731 1281.85 609.976
1732 655.035 1133.2
1733 147.797 829.631
1734 1360.52 1047.37
1735 1136.59 1193.47
1736 172.146 1002.9
1737 711.401 868.432
1738 1028.19 946.233
1739 707.227 1264.12
1740 1351.11 1121.25
1741 622.684 1181.06
1742 919.301 931.818
1743 1318.23 648.576
1744 443.509 862.562
1745 624.805 992.904
1746 178.163 436.015
1747 1162.03 1119.02
1748 1279.74 1315.44
1749 868.761 1208.66
1750 99.3536 732.247
1751 971.568 783.65
1752 91.7575 120.243
1753 1379.47 278.698
1754 688.194 512.349
1755 1111.58 1108
1756 1311.14 177.602
1757 697.979 506.306
1758 1411.35 815.129
1759 1017.79 1246.04
1760 1381.17 652.359
1761 204.275 1204.69
1762 684.013 681.621
1763 994.658 1120.8
1764 1120.94 1221.33
1765 578.642 744.591
1766 992.543 818.998
1767 62.4153 537.252
1768 370.865 722.509
1769 547.703 598.079
1770 631.667 226.89
1771 613.096 1305.84
1772 745.047 1097.59
1773 60.3372 516.751
1774 460.773 1238.67
1775 716.019 191.37
1776 414.79 1366.65
1777 211.741 270.741
1778 370.315 648.733
1779 250.314 1127.03
1780 1245.57 95.2103
1781 375.101 221.323
1782 312.778 812.022
1783 140.534 975.986
1784 248.902 895.607
1785 159.001 1226.61
1786 1132.99 529.872
1787 1072.83 992.932
1788 1142.95 505.977
1789 707.078 303.197
1790 180.149 907.577
1791 963.367 259.233
1792 1298.79 420.246
1793 385.324 807.863
1794 163.316 426.966
1795 500.264 901.476
1796 844.16 1228.24
1797 949.772 837.357
1798 337.077 210.98
1799 1167.99 1234.15
1800 940.697 1170.72
1801 507.515 975.424
1802 952.621 464.614
1803 1349.17 566.875
1804 526.117 682.456
1805 1362.09 942.435
1806 873.534 1370.23
1807 743.179 1059.74
1808 1296.27 1381.15
1809 989.522 940.077
1810 1336.27 576.197
1811 11.1784 461.636
1812 542.345 1091.55
1813 1083.6 734.119
1814 1268.77 968.719
1815 217.05 1262
1816 221.366 624.579
1817 1116.76 1341.53
1818 1152.45 374.497
1819 414.919 754.49
1820 24.2557 930.51
1821 83.9024 1341.79
1822 1259.55 205.483
1823 1168.55 915.59
1824 991.292 215.987
1825 1338.38 254.399
1826 228.895 984.041
1827 646.452 724.437
1828 245.412 223.395
1829 43.3032 893.88
1830 1018.61 1340.84
1831 946.172 1103.18
1832 1370.28 904.211
1833 998.37 572.831
1834 1283.87 491.36
1835 43.8689 561.998
1836 729.269 826.12
1837 759.524 644.719
1838 80.4065 1273.94
1839 115.274 902.512
1840 1145.46 1365.5
1841 480.022 349.868
1842 1120.3 655.007
1843 251.535 735.111
1844 1099.97 476.31
1845 501.429 1197.61
1846 10.3152 621.127
1847 130.385 1313.48
1848 44.3499 780.5
1849 153.692 1022.37
1850 780.975 1142.78
1851 895.49 619.012
1852 570.06 1045
1853 195.772 1153.96
1854 775.191 113.208
1855 1191.92 1052.38
1856 554.524 401.545
1857 1329.52 294.149
1858 675.838 1023.98
1859 662.026 43.2028
1860 998.863 369.937
1861 194.872 141.061
1862 40.9154 714.595
1863 1288.45 518.348
1864 983.708 884.989
1865 335.117 682.068
1866 753.87 631.629
1867 201.599 774.069
1868 1255.26 793.032
1869 226.977 965.223
1870 847.977 1332.74
1871 707.128 723.027
1872 507.882 1023.23
1873 1323.75 1332.72
1874 684.797 107.656
1875 280.544 460.616
1876 319.826 1080.24
1877 1143.39 775.681
1878 409.08 670.313
1879 1001.74 136.946
1880 178.163 1150.78
1881 516.665 739.341
1882 622.795 369.074
1883 958.231 1145.03
1884 592.755 660.257
1885 224.455 95.3984
1886 1181.5 1211.19
1887 670.813 116.201
1888 1012.66 612.552
1889 1118 841.053
1890 778.546 825.617
1891 481.835 559.279
1892 1104.72 269.23
1893 1097.16 515.644
1894 207.851 952.016
1895 1237.35 1149.04
1896 853.181 98.4473
1897 399.4 870.662
1898 1332.99 288.091
1899 757.884 504.494
1900 590.036 1222.24
1901 1108.25 988.372
1902 884.126 34.3983
1903 910.904 1039.26
1904 870.907 853.455
1905 1223.75 634.275
1906 828.709 120.329
1907 53.8512 952.621
1908 470.62 1087.47
1909 326.805 879.998
1910 288.35 727.845
1911 342.861 974.604
1912 797.123 565.608
1913 1326.88 136.6
1914 774.606 668.285
1915 865.395 953.657
1916 825.472 1312.85
1917 1192.12 289.891
1918 392.926 1203.05
1919 317.353 439.381
1920 668.254 711.617
1921 401.823 250.715
1922 1087.3 1404.85
1923 159.623 689.821
1924 1006.52 1169.34
1925 1136.78 15.1491
1926 698.194 901.002
1927 472.512 722.105
1928 460.822 1013.28
1929 41.2607 1178.79
1930 181.055 567.35
1931 268.799 802.484
1932 398.062 806.827
1933 92.4854 439.467
1934 542.647 58.1516
1935 77.8049 8.82003
1936 229.092 85.4716
1937 431.018 781.795
1938 764.488 959.11
1939 311.28 1185.6
1940 952.103 1178.66
1941 1014.64 37.2623
1942 1334.58 428.446
1943 153.575 300.866
1944 1215.15 10.7769
1945 1119.05 928.106
1946 224.912 714.983
1947 281.136 999.292
1948 151.441 184.48
1949 302.895 1139.8
1950 479.024 572.399
1951 329.093 945.068
1952 768.501 964.921
1953 304.578 116.806
1954 887.282 12.0717
1955 307.685 695.864
1956 1396.18 577.045
1957 294.997 180.71
1958 246.701 442.128
1959 60.8247 52.584
1960 707.56 655.223
1961 1398.5 337.524
1962 62.3969 1375.99
1963 1357.8 1124.76
1964 1.29479 1058.22
1965 949.211 1076.94
1966 69.4564 403.759
1967 1232.3 461.608
1968 920.769 1268.1
1969 301.341 98.3178
1970 371.019 912.368
1971 1324.12 1186.63
1972 821.169 1199.06
1973 401.071 8.08632
1974 526.16 1349.01
1975 1068.72 879.092
1976 1401.38 1394.25
1977 48.9001 1133.76
1978 454.379 1141.62
1979 410.276 134.933
1980 1412.17 710.957
1981 1086.11 1015.17
1982 650.83 1314.82
1983 0.517916 496.928
1984 1017.13 985.638
1985 1229.06 905.016
1986 916.971 494.539
1987 747.958 1293.04
1988 445.279 1330.14
1989 138.154 1327.33
1990 542.258 1150.03
1991 242.514 1307.05
1992 825.559 579.807
1993 498.408 1382.1
1994 1139.72 49.8649
1995 762.311 1137.04
1996 154.382 765.668
1997 817.507 174.769
1998 1374.9 697.519
1999 961.672 1068.26
2000 150.8 478.757
2001 653.974 631.744
2002 606.116 1171.27
2003 43.246 359.391
2004 278.078 1260.28
2005 1063.23 1221.29
2006 1032.55 62.0205
2007 10.4015 1041.24
2008 262.719 536.433
2009 69.8388 197.557
2010 926.768 1330.28
2011 1155.08 95.9872
2012 845.073 929.53
2013 1350.38 1304.5
2014 361.697 212
2015 1388.27 1332.31
2016 485.374 161.907
2017 1277.16 750.174
2018 790.741 61.1727
2019 788.787 600.826
2020 537.899 799.678
2021 1189.89 558.961
2022 438.2 335.653
2023 1034.33 1392.74
2024 1288.55 682.225
2025 1275.33 352.485
2026 994.011 563.81
2027 952.954 1094.72
2028 780.888 409.831
2029 152.656 568.213
2030 829.779 1058.02
2031 412.86 370.887
2032 230.664 391.286
2033 297.167 571.104
2034 1056.33 668.516
2035 825.731 470.095
2036 1131.49 191.688
2037 103.022 364.225
2038 1158.19 161.907
2039 592.151 855.958
2040 1330.48 559.047
2041 475.016 453.897
2042 1086.24 394.911
2043 1046.88 1258.03
2044 789.477 154.57
2045 116.519 789.119
2046 328.014 1404.2
2047 453.726 1230.74
2048 431.856 912.066
2049 1392.37 28.2264
2050 743.876 1125.09
2051 663.846 1396.26
2052 1017.66 496.352
2053 518.382 253.391
2054 788.916 354.529
2055 441.69 274.338
2056 621.58 862.115
2057 153.735 312.448
2058 256.831 1232.38
2059 454.154 501.386
2060 930.393 1388.19
2061 708.83 129.738
2062 160.122 262.599
2063 1115.59 669.638
2064 465.447 1.20847
2065 1202.02 1000.93
2066 374.367 621.586
2067 990.441 264.18
2068 1050.93 519.125
2069 1069.15 1238.7
2070 514.248 1170.66
2071 656.323 212.491
2072 733.715 499.848
2073 1167.99 1312.67
2074 495.905 1378.82
2075 1401.72 771.134
2076 54.8128 1028.12
2077 682.916 84.0905
2078 882.314 321.857
2079 471.002 324.274
2080 884.558 1113.26
2081 245.431 127.278
2082 913.13 155.692
2083 942.953 327.366
2084 1172.99 785.867
2085 1219.18 386.15
2086 915.762 728.967
2087 851.874 966.879
2088 269.273 297.198
2089 952.448 1282.32
2090 1120.73 1087.15
2091 693.41 1075.81
2092 1290.51 56.5824
2093 98.1331 803.029
2094 375.971 146.959
2095 869.391 1133.33
2096 1387.47 12.1002
2097 281.272 1173.14
2098 621.284 895.866
2099 1275.74 809.244
2100 558.357 327.194
2101 992.18 752.964
2102 237.903 710.683
2103 1029.62 808.381
2104 729.078 873.077
2105 1102.17 78.378
2106 619.36 602.293
2107 900.354 527.643
2108 1019.97 672.126
2109 972.56 1013.86
2110 208.498 796.642
2111 1352.93 432.993
2112 1121.81 1409.14
2113 530.353 560.817
2114 1050.03 1255.06
2115 121.063 48.382
2116 402.464 1119.39
2117 639.281 350.327
2118 1.68323 1160.54
2119 345.234 795.778
2120 934.882 1188.46
2121 302.093 1023.01
2122 300.262 717.588
2123 1057 1087.32
2124 1316.03 1368.19
2125 716.537 364.154
2126 42.7713 1333.74
2127 544.244 927.113
2128 1139.98 1209.08
2129 759.087 1160.05
2130 1334.08 1110.17
2131 1345.29 95.0099
2132 402.514 78.4212
2133 904.67 119.956
2134 946.017 15.1645
2135 703.855 634.016
2136 318.346 279.172
2137 70.7082 96.5914
2138 306.311 1325.67
2139 102.02 220.231
2140 681.455 1199.03
2141 721.026 116.747
2142 812.136 712.351
2143 917.748 874.07
2144 1289.35 804.555
2145 1247.62 1283.8
2146 574.049 956.218
2147 2.2443 1011.2
2148 292.743 541.007
2149 530.47 908.613
2150 968.201 113.914
2151 46.2859 695.965
2152 1355.05 331.596
2153 769.019 1351.24
2154 651.625 440.186
2155 569.017 694.369
2156 976.617 276.999
2157 1370.45 367.52
2158 1156.86 980.847
2159 1289.96 832.033
2160 674.586 737.772
2161 1370.45 908.138
2162 1145.54 127.666
2163 1046.15 1199.77
2164 150.748 549.552
2165 59.351 982.444
2166 89.3161 505.761
2167 767.891 1313.71
2168 426.116 575.923
2169 170.653 206.433
2170 554.343 1261
2171 1338.3 368.713
2172 484.979 1209.59
2173 112.345 1359.4
2174 1094.1 525.183
2175 447.708 1399.17
2176 271.894 682.7
2177 50.1516 1297.42
2178 1063.8 738.894
2179 1094.1 133.724
2180 1064.53 1214.62
2181 1128.81 1380.72
2182 915.467 759.799
2183 356.585 17.1067
2184 574.024 780.947
2185 807.647 542.172
2186 1273.79 584.096
2187 1052.79 519.198
2188 1305.58 394.911
2189 4.79073 510.968
2190 929.13 605.978
2191 1082.27 1059.72
2192 704.36 1008.94
2193 884.478 842.147
2194 337.811 172.337
2195 1261.04 1056.03
2196 977.456 460.486
2197 797.943 1249.14
2198 41.2731 889.882
2199 144.437 1176.33
2200 693.965 748.519
2201 625.514 1277.54
2202 505.227 1295.91
2203 925.128 216.979
2204 334.315 605.172
2205 1283.27 587.49
2206 1323.58 1296.01
2207 646.871 599.747
2208 1223.1 1370.02
2209 605.956 486.296
2210 619.212 1404.93
2211 1355.17 74.768
2212 669.512 835.787
2213 1168.68 764.935
2214 614.779 1208.66
2215 752.662 878.3
2216 7.98454 1400.55
2217 1410.58 1048.22
2218 845.973 563.407
2219 576.836 505.055
2220 945.068 1202.01
2221 809.183 1292.48
2222 174.538 652.488
2223 80.809 558.357
2224 174.71 925.085
2225 840.338 265.965
2226 790.47 523.398
2227 550.755 492.02
2228 868.589 769.207
2229 229.307 951.039
2230 1385.49 1332.81
2231 1296.91 266.943
2232 1011.97 127.839
2233 758.661 235.883
2234 485.115 748.648
2235 1004.67 859.223
2236 1176.96 649.785
2237 1332.75 847.397
2238 796.339 268.54
2239 1083.94 1312.87
2240 1077.48 12.3437
2241 152.749 939.025
2242 1404.73 1019.78
2243 116.488 921.589
2244 1271.35 761.913
2245 1312.42 1265.23
2246 1065.57 528.534
2247 4.83389 722.681
2248 622.622 784.988
2249 774.328 1086.72
2250 1334.07 137.809
2251 58.272 1234.5
2252 48.3637 179.603
2253 1359.53 1265.33
2254 1412.71 1409.44
2255 494.093 993.881
2256 1162.46 1261.99
2257 925.344 248.917
2258 1349 639.254
2259 377.728 1241.5
2260 1198.13 798.109
2261 696.727 99.7852
2262 1038.58 1405.41
2263 720.076 255.492
2264 564.054 496.87
2265 661.12 1306.72
2266 1014.53 117.049
2267 817.05 822.956
2268 483.302 53.2314
2269 586.756 537.397
2270 905.059 1005.9
2271 186.105 757.382
2272 596.566 713.057
2273 1097.54 209.583
2274 961.512 1292.98
2275 1279.47 440.876
2276 465.157 413.097
2277 1089.53 920.367
2278 511.621 1136.65
2279 613.651 139.205
2280 430.993 637.943
2281 1396.05 738.737
2282 1324.46 1030.22
2283 729.226 582.197
2284 913.672 62.2794
2285 1410.6 383.042
2286 1007.05 1207.42
2287 444.884 491.647
2288 128.739 532.418
2289 863.669 14.8901
2290 205.44 78.2917
2291 1199.45 709.847
2292 1352.24 1295.63
2293 1208.86 958.706
2294 293.011 1126.05
2295 126.76 604.969
2296 119.331 1048.41
2297 1185.6 248.643
2298 1114.12 1038.05
2299 906.008 661.983
2300 1381.93 54.0082
2301 1111.88 840.378
2302 1221.69 629.873
2303 113.011 362.125
2304 139.819 422.792
2305 753.827 769.624
2306 1077.85 688.715
2307 505.295 799.879
2308 289.145 1041.93
2309 1023.75 89.1679
2310 422.059 825.703
2311 165.086 1217.36
2312 304.448 1009.52
2313 1052.94 1140.55
2314 981.834 588.498
2315 193.528 155.131
2316 351.228 1116.51
2317 805.244 460.039
2318 414.111 90.7217
2319 450.594 382.697
2320 542.863 1141.92
2321 95.6421 1229.66
2322 174.396 634.706
2323 376.285 31.781
2324 821.662 1057.64
2325 1031.86 79.457
2326 746.49 1332.61
2327 915.547 386.236
2328 1100.79 1075.02
2329 1151.01 910.669
2330 983.753 1387.48
2331 1059.1 187.615
2332 753.143 444.474
2333 1238.73 1381.8
2334 847.915 715.242
2335 56.9525 970.936
2336 1168.49 67.992
2337 616.795 829.027
2338 453.738 981.898
2339 1220.2 1254.5
2340 1179.09 320.159
2341 719.965 1346.71
2342 833.111 291.473
2343 787.967 189.126
2344 671.929 507.099
2345 619.28 1371.85
2346 1142.01 1005.23
2347 1208.87 616.983
2348 1408.81 1247.68
2349 403.068 292.034
2350 970.137 902.657
2351 342.213 1275.02
2352 161.14 88.65
2353 686.628 997.032
2354 633.757 215.237
2355 356.672 1306.49
2356 403.18 531.598
2357 827.975 339.926
2358 479.134 1065.89
2359 646.144 450.112
2360 665.159 1366.48
2361 715.588 1168.63
2362 596.183 455.723
2363 827.328 326.821
2364 1029.27 1040.49
2365 723.394 90.9806
2366 1398.66 1006.63
2367 28.7875 240.156
2368 1321.59 1131.13
2369 149.678 1201.22
2370 388.437 735.759
2371 247.823 816.079
2372 243.378 1194.42
2373 492.878 1104.54
2374 1206.79 848.088
2375 570.873 1076.49
2376 762.114 938.507
2377 435.352 663.25
2378 449.81 473.764
2379 872.732 1140.51
2380 1037.99 569.319
2381 966.235 79.8609
2382 487.748 1052.03
2383 39.6393 502.81
2384 937.376 1086.45
2385 715.242 851.384
2386 922.958 240.242
2387 87.8364 321.469
2388 416.707 1184.56
2389 27.8812 533.512
2390 395.072 1364.77
2391 180.796 35.0611
2392 1389.15 1321.87
2393 33.4427 1266.36
2394 520.481 771.193
2395 556.933 0.647395
2396 942.737 1311.49
2397 67.841 461.09
2398 178.071 1177.22
2399 714.157 694.584
2400 994.917 1086.95
2401 348.73 669.955
2402 1038.58 1266.36
2403 906.828 853.224
2404 470.977 752.03
2405 1317.96 600.438
2406 1412.15 413.901
2407 1131.65 1095.87
2408 947.639 188.364
2409 871.351 583.39
2410 116.143 904.368
2411 706.37 726.825
2412 462.974 188.565
2413 427.799 963.038
2414 905.324 976.272
2415 1277.4 936.322
2416 1207.84 526.521
2417 499.789 274.511
2418 1190.82 318.216
2419 895.607 293.054
2420 1368.98 948.823
2421 144.154 79.5156
2422 892.456 192.665
2423 684.895 458.615
2424 562.198 1001.49
2425 602.035 270.584
2426 6.08552 670.745
2427 361.247 923.331
2428 449.422 845.989
2429 85.9865 570.485
2430 1254.31 1029.33
2431 750.393 158.741
2432 747.483 1188.27
2433 703.039 156.009
2434 386.84 38.0391
2435 1344.3 1302.78
2436 1.89903 741.326
2437 916.73 1322.28
2438 1191.81 939.213
2439 1168.81 1165.33
2440 1150.51 893.248
2441 1016.97 868.734
2442 43.0119 862.158
2443 58.9561 428.16
2444 424.432 773.437
2445 1324.31 891.436
2446 1183.22 866.748
2447 504.21 361.564
2448 855.18 1189.9
2449 1381.33 979.093
2450 672.428 923.056
2451 1368.85 513.573
2452 868.028 894.873
2453 307.636 692.109
2454 612.652 1109.12
2455 1284.41 80.8104
2456 327.367 1346.38
2457 1090.84 55.3893
2458 137.162 886.127
2459 869.477 683.649
2460 916.108 1016.54
2461 1299.33 1199.71
2462 1223.35 645.755
2463 904.857 343.15
2464 1296.17 1162.87
2465 396.915 132.99
2466 253.736 584.9
2467 814.423 1006.46
2468 473.752 70.0913
2469 867.794 898.412
2470 544.287 74.8544
2471 1122.93 1251.16
2472 600.394 794.44
2473 279.478 1382.58
2474 461.852 550.345
2475 153.39 1113.36
2476 1133.06 818.48
2477 1038.55 1299.47
2478 1063.97 389.057
2479 1373.95 200.205
2480 1276.73 986.933
2481 1264.28 369.188
2482 1.07899 1205.68
2483 369.046 1078.13
2484 1340.49 205.354
2485 1363.33 796.21
2486 1223.76 152.93
2487 210.49 1248.67
2488 23.146 1225.06
2489 396.027 1320.43
2490 418.402 834.249
2491 1101.22 699.446
2492 23.1768 259.951
2493 453.91 742.664
2494 939.457 293.113
2495 188.349 616.493
2496 698.151 1388.2
2497 370.699 278.741
2498 428.446 709.847
2499 208.665 268.885
2500 31.2908 70.4952
2501 1366.82 957.239
2502 629.305 179.415
2503 1115.4 494.28
2504 316.878 577.045
2505 823.031 1376.1
2506 283.368 681.593
2507 391.545 201.426
2508 421.023 461.161
2509 130.385 1043.3
2510 41.2175 942.521
2511 336.171 382.654
2512 1163.37 31.2908
2513 188.996 21.6816
2514 315.158 868.805
2515 640.706 561.464
2516 741.397 1377.03
2517 1346.04 781.508
2518 430.931 1381.02
2519 1247.89 1128.25
2520 958.879 951.11
2521 844.124 742.433
2522 186.45 690.182
2523 46.4523 414.78
2524 1340 545.079
2525 519.082 790.571
2526 604.409 696.468
2527 413.815 613.962
2528 1335.62 256.412
2529 532.375 1330.22
2530 250.388 1085.18
2531 1150.46 352.673
2532 1111.98 1291.9
2533 187.011 976.719
2534 580.319 228.444
2535 646.612 913.749
2536 889.09 438.129
2537 1259.14 327.582
2538 114.404 830.537
2539 766.689 1342.57
2540 6.56027 607.618
2541 612.22 996.255
2542 234.912 1406.14
2543 1141.49 49.8649
2544 138.401 1192.67
2545 771.141 459.435
2546 332.398 904.858
2547 0.0863194 593.217
2548 1178.35 704.237
2549 999.061 361.592
2550 640.49 242.573
2551 992.414 384.639
2552 1408.39 450.516
2553 1350.87 64.6532
2554 1242.74 522.836
2555 1219.41 727.17
2556 225.053 165.403
2557 780.907 1012.91
2558 1387.07 485.778
2559 370.267 1033.04
2560 832.205 499.028
2561 774.976 1403.53
2562 795.304 1267.77
2563 452.918 1088.49
2564 746.922 380.755
2565 1055.81 1237.45
2566 774.026 264.584
2567 337.349 1378.48
2568 941.35 468.73
2569 1374.14 504.768
2570 1085.25 40.4129
2571 244.475 734.205
2572 253.261 554.041
2573 1289.24 257.145
2574 1411.8 413.615
2575 576.311 1062.78
2576 571.866 809.589
2577 472.895 946.751
2578 755.079 486.727
2579 135.152 1019.15
2580 434.853 421.945
2581 910.201 1236.48
2582 601.258 969.598
2583 1211.23 280.165
2584 619.255 397.026
2585 164.697 875.985
2586 725.552 785.651
2587 235.997 247.866
2588 1078.15 817.401
2589 908.425 73.9325
2590 745.911 550.674
