1 497.074 73.556
2 388.539 595.562
3 252.156 836.508
4 434.344 506.804
5 610.187 1051.18
6 495.439 475.46
7 379.218 1068.86
8 717.511 867.309
9 580.716 1085.99
10 657.346 1134.94
11 1061.14 1126.51
12 443.224 834.791
13 140.215 981.25
14 703.061 734.425
15 323.541 645.574
16 256.102 195.138
17 509.883 725.558
18 686.595 41.8154
19 168.092 710.837
20 666.879 928.819
21 302.926 1147.72
22 493.076 191.561
23 924.271 360.195
24 982.408 432.126
25 275.815 458.544
26 474.991 785.065
27 199.047 466.035
28 326.254 1091.39
29 828.833 978.292
30 164.047 47.7374
31 1065.09 394.249
32 1176.4 215.921
33 121.907 532.75
34 892.765 1103.52
35 264.758 183.114
36 536.847 1020.79
37 1112.24 45.3738
38 768.109 217.655
39 44.2708 275.664
40 1109.26 900.039
41 1143.97 713.589
42 748.596 965.978
43 828.294 890.686
44 179.401 123.641
45 709.236 684.773
46 655.801 128.154
47 1182.67 859.815
48 327.852 406.057
49 878.862 935.538
50 57.6271 686.379
51 253.502 1040.18
52 994.072 799.656
53 81.6447 714.636
54 640.194 414.47
55 718.804 301.988
56 860.489 1000.7
57 285.233 1133.75
58 936.368 507.09
59 80.4082 945.163
60 133.281 885.164
61 1024.23 999.075
62 743.83 1013.23
63 298.7 857.812
64 347.342 798.7
65 599.431 914.469
66 318.052 624.594
67 766.504 766.29
68 410.643 40.7321
69 606.477 1158.54
70 953.123 1040.1
71 582.167 699.217
72 421.135 874.512
73 384.487 112.683
74 676.16 376.069
75 133.876 309.302
76 47.0152 97.7858
77 54.0605 347.125
78 302.651 96.197
79 134.567 18.508
80 125.266 541.289
81 666.477 985.931
82 407.41 1123.27
83 19.2466 830.044
84 387.018 271.422
85 147.927 30.3521
86 1147.31 276.456
87 326.94 481.619
88 540.215 860.682
89 1094.31 998.08
90 1058.17 1182.95
91 1014.42 525.87
92 375.936 86.5917
93 161.917 147.168
94 97.637 796.498
95 1017.41 396.363
96 1146.54 187.408
97 919.252 296.86
98 817.417 169.573
99 1013.9 252.609
100 804.504 345.773
101 961.619 1057.46
102 43.982 478.983
103 911.307 541.361
104 821.249 373.991
105 730.024 136.263
106 1017.4 525.131
107 924.849 981.469
108 75.9032 642.814
109 769.829 767.465
110 742.381 1124.57
111 135.794 749.641
112 583.042 47.3402
113 556.862 977.77
114 869.678 637.036
115 754.229 12.5137
116 739.654 511.626
117 1003.64 190.428
118 335.626 1115.02
119 654.153 941.279
120 566.298 420.609
121 1052.53 954.17
122 636.481 766.057
123 867.672 501.82
124 993.438 58.7509
125 850.86 294.677
126 725.745 333.223
127 1125.55 744.082
128 1108.72 11.5749
129 464.23 1112.87
130 542.326 88.1806
131 280.466 333.495
132 910.956 1133.35
133 46.1847 65.8843
134 547.813 1062.12
135 576.315 744.155
136 782.142 110.927
137 518.642 12.4941
138 796.838 788.626
139 724.354 1053.49
140 164.86 1052.26
141 773.945 69.7842
142 199.434 1062.57
143 229.623 514.695
144 264.285 203.516
145 1059.39 549.18
146 1051.74 776.24
147 766.172 702.375
148 53.2983 1090.01
149 505.163 585.326
150 551.915 621.2
151 1007.9 765.218
152 1082.37 1004.22
153 863.252 50.0484
154 569.851 649.619
155 589.496 395.352
156 887.078 428.806
157 286.864 837.463
158 180.17 1154.13
159 978.147 135.521
160 273.028 476.194
161 812.944 220.199
162 212.146 292.31
163 90.3472 1008.44
164 570.555 382.461
165 167.83 1026.75
166 307.657 764.699
167 1119.48 727.889
168 913.328 1083.22
169 200.519 489.399
170 619.669 968.106
171 874.295 266.417
172 274.183 974.714
173 594.189 810.814
174 81.7169 870.648
175 229.84 12.8748
176 1107.31 694.306
177 238.982 923.621
178 1026.53 660.849
179 624.703 153.379
180 817.212 638.027
181 193.044 547.894
182 387.388 929.13
183 459.343 457.369
184 500.487 955.687
185 370.897 306.068
186 341.223 1165.31
187 671.14 184.991
188 53.933 762.663
189 102.118 125.394
190 270.753 526.287
191 888.303 1167.46
192 621.011 506.406
193 872.341 42.0156
194 669.732 1092.62
195 104.198 189.922
196 203.805 344.02
197 1028.7 183.8
198 675.04 709.272
199 823.705 973.87
200 357.809 878.937
201 442.925 166.14
202 54.0194 810.597
203 473.727 663.685
204 256.618 367.347
205 772.79 666.61
206 331.49 59.3123
207 265.996 633.606
208 574.835 20.4744
209 651.234 386.194
210 678.904 547.03
211 174.195 1130.94
212 660.906 537.569
213 652.138 992.555
214 1035.27 567.252
215 260.642 802.925
216 281.128 661.244
217 233.848 39.9376
218 635.03 447.17
219 77.6934 865.087
220 689.304 428.626
221 78.0938 470.641
222 1049.72 54.1486
223 107.133 784.87
224 636.802 1173.88
225 158.92 46.8182
226 358.392 710.267
227 361.868 216.985
228 1088.57 1117.82
229 882.275 733.45
230 603.651 213.682
231 827.658 484.796
232 790.335 1025.76
233 193.776 953.773
234 373.99 1146.06
235 771.218 249.901
236 175.793 336.653
237 333.981 543.547
238 359.294 467.788
239 458.324 725.556
240 259.775 73.7341
241 969.625 472.138
242 92.5083 1138.69
243 49.3262 41.4543
244 326.159 505.704
245 935.718 861.945
246 159.498 154.479
247 953.133 1121.02
248 946.262 407.738
249 53.1539 529.409
250 947.526 230.273
251 128.961 507.526
252 609.518 658.088
253 285.124 289.747
254 873.446 684.32
255 327.229 1082.43
256 76.83 1113.42
257 1048.67 231.862
258 519.334 312.841
259 850.565 89.1753
260 776.509 398.365
261 1056.65 762.302
262 255.921 530.656
263 783 1119.28
264 1078.37 387.638
265 937.632 710.339
266 382.838 697.448
267 238.826 642.505
268 1028.05 596.862
269 497.767 54.8511
270 615.134 460.402
271 493.624 916.688
272 17.1161 393.129
273 926.582 167.225
274 1173.08 987.68
275 839.845 742.116
276 683.756 593.323
277 195.391 1007.45
278 391.432 295.327
279 497.631 686.198
280 1097.21 518.539
281 622.195 880.092
282 992.212 1093.9
283 243.634 770.912
284 1111.36 1046.67
285 441.693 469.538
286 924.892 523.123
287 362.049 861.62
288 48.604 1079.67
289 878.412 13.4329
290 258.361 913.891
291 216.768 1141.06
292 1092.07 435.614
293 1042.53 723.122
294 1080.48 718.659
295 1144.37 684.737
296 281.73 752.949
297 1006.93 515.651
298 1028.27 304.427
299 217.739 266.367
300 647.942 685.476
301 553.747 849.268
302 136.884 224.84
303 168.355 659.874
304 175.422 565.519
305 961.211 186.869
306 338.758 39.8293
307 800.991 418.298
308 1152.32 303.613
309 956.626 100.983
310 714.543 1005.27
311 183.294 607.045
312 626.039 920.174
313 621.968 356.875
314 622.196 580.704
315 816.193 509.82
316 357.706 172.625
317 565.527 344.598
318 670.743 255.259
319 76.9143 824.03
320 741.844 51.9237
321 966.861 772.284
322 1025.05 879.876
323 174.977 455.186
324 997.765 21.6857
325 1028.81 108.763
326 824.499 361.842
327 109.243 731.427
328 70.6519 480.552
329 1115.46 83.6644
330 505.088 147.257
331 364.314 773.026
332 93.7776 969.986
333 796.261 558.294
334 1116.95 1143.75
335 1031.63 690.64
336 97.8942 398.168
337 985.478 898.236
338 1090.34 211.119
339 80.4125 31.0907
340 509.28 597.532
341 307.838 281.605
342 163.317 266.006
343 491.132 447.545
344 608.532 714.059
345 897.297 34.0714
346 506.009 677.929
347 783.334 21.1966
348 293.603 1079.46
349 504.89 898.292
350 1009.94 1070.81
351 416.849 478.493
352 1133.37 958.09
353 543.311 179.503
354 216.208 186.978
355 291.656 866.84
356 614.159 273.389
357 785.561 1159.04
358 571.152 114.127
359 752.649 586.121
360 176.542 487.541
361 692.951 350.323
362 120.693 999.272
363 220.524 725.072
364 673.758 457.93
365 251.097 242.968
366 435.775 277.361
367 1178.24 131.946
368 428.77 439.948
369 1159.8 608.814
370 142.918 420.809
371 455.672 1049.2
372 57.4466 965.184
373 422.342 567.902
374 344.407 974.717
375 179.972 1164.89
376 81.2737 164.409
377 325.791 1035.2
378 601.412 781.276
379 972.514 28.0575
380 1169.19 528.525
381 443.647 256.959
382 605.095 231.357
383 104.141 1137.93
384 776.942 865.287
385 626.443 162.459
386 85.5085 550.497
387 494.201 986.508
388 1129.87 373.794
389 460.448 559.416
390 428.249 580.143
391 258.981 24.6106
392 776.819 801.931
393 360.053 372.727
394 888.161 580.307
395 113.455 452.442
396 1010.47 972.045
397 1094.39 155.112
398 906.393 904.411
399 985.52 624.992
400 277.345 447.242
401 789.4 596.643
402 832.667 146.951
403 486.556 118.93
404 1156.5 395.099
405 75.8386 846.849
406 800.558 1105.11
407 907.003 503.826
408 785.705 376.302
409 221.896 895.403
410 998.043 949.532
411 1042.78 452.639
412 386.666 670.996
413 506.118 206.874
414 215.045 61.2425
415 285.395 896.233
416 361.648 813.108
417 971.539 224.327
418 433.645 772.99
419 1164.48 237.062
420 1073.12 1165.18
421 811.03 1173.29
422 514.239 555.78
423 182.753 400.532
424 797.02 1058.78
425 784.358 638.93
426 190.336 881.139
427 247.771 173.906
428 421.98 345.211
429 575.124 325.587
430 729.132 936.966
431 1063.92 416.115
432 63.7341 108.438
433 334.667 227.421
434 1066.8 272.903
435 1070.39 315.91
436 413.712 192.322
437 279.571 48.7846
438 1000.23 545.55
439 251.487 158.145
440 746.287 316.179
441 972.514 813.883
442 687.832 530.295
443 582.526 226.935
444 778.494 624.831
445 547.427 291.211
446 532.174 535.942
447 334.204 849.271
448 150.651 596.898
449 619.034 560.302
450 340.26 253.945
451 521.33 758.165
452 843.385 647.344
453 663.124 72.0755
454 878.947 843.455
455 416.791 1090.16
456 953.448 1149.36
457 1124.87 395.693
458 352.552 913.366
459 77.9538 958.307
460 991.431 441.428
461 934.569 129.438
462 402.748 446.681
463 385.631 25.9245
464 568.01 417.648
465 469.556 523.414
466 450.689 859.112
467 714.292 451.178
468 538.725 447.314
469 349.364 954.026
470 467.926 1021.72
471 528.043 298.072
472 237.061 275.483
473 76.6823 921.057
474 1065.21 1064.49
475 379.826 546.633
476 937.163 83.1613
477 69.4034 360.955
478 19.8605 242.37
479 861.873 218.846
480 571.802 65.5035
481 569.219 242.623
482 147.034 503.371
483 310.375 680.151
484 77.9615 808.883
485 646.622 161.123
486 511.494 251.434
487 1104.07 842.61
488 1034.7 130.449
489 636.073 472.21
490 502.35 906.541
491 333.187 498.446
492 1174.21 837.158
493 733.358 559.741
494 651.569 1147.5
495 377.349 1043.76
496 354.889 163.887
497 36.3912 258.259
498 967.748 976.831
499 91.9349 987.211
500 214.349 224.135
501 940.954 332.79
502 563.214 790.195
503 95.791 443.956
504 683.669 273.12
505 942.17 836.038
506 184.378 173.362
507 600.004 774.362
508 357.236 892.603
509 1030.54 632.286
510 961.176 295.941
511 881.95 757.029
512 179.539 389.444
513 917.952 106.886
514 254.188 215.324
515 375.941 1148.88
516 17.8383 383.019
517 951.039 1165.47
518 360.269 913.711
519 253.528 158.809
520 148.304 207.76
521 798.825 610.692
522 397.463 319.896
523 619.178 733.016
524 1101.51 997.261
525 980.133 1127.17
526 145.746 161.881
527 291.299 343.406
528 75.9393 374.677
529 161.888 101.994
530 636.77 420.882
531 713.202 837.138
532 241.726 322.662
533 1180.21 219.332
534 457.225 835.224
535 1073.62 293.486
536 134.04 1121.96
537 302.294 935.629
538 1009.21 785.645
539 1.91383 574.53
540 579.943 390.457
541 891.649 177.803
542 1118.66 1091.05
543 797.568 1084.85
544 478.53 736.933
545 1005.15 930.482
546 9.24416 652.058
547 840.857 10.5055
548 624.336 1100.36
549 151.084 113.891
550 460.8 292.31
551 636.475 664.388
552 427.867 901.578
553 665.579 826.485
554 275.757 612.842
555 356.701 643.355
556 477.655 441.264
557 358.175 567.705
558 403.517 125.069
559 495.523 640.336
560 57.4871 8.10833
561 662.639 700.245
562 831.54 833.041
563 140.333 644.997
564 131.143 918.766
565 168.329 403.188
566 1152.65 557.827
567 523.306 413.298
568 310.816 1018.01
569 179.611 804.586
570 563.939 104.286
571 610.259 660.363
572 721.947 227.998
573 975.475 916.435
574 1007.72 1029.23
575 1064.99 908.166
576 668.36 274.508
577 726.93 957.456
578 1104.71 557.775
579 625.822 642.272
580 1128.46 445.742
581 1173.38 302.333
582 797.092 322.518
583 238.347 25.1884
584 723.969 514.062
585 90.7761 1030.17
586 518.034 36.0739
587 832.847 252.589
588 338.82 998.316
589 371.247 655.396
590 893.786 871.803
591 320.416 1130.93
592 229.904 1090.12
593 1092.96 593.415
594 474.371 36.4325
595 594.804 341.417
596 839.882 707.559
597 628.855 876.245
598 1138.72 764.34
599 156.176 754.229
600 2.56381 1023.59
601 561.324 1182.12
602 190.526 444.823
603 839.502 703.226
604 724.439 388.832
605 280.502 586.39
606 548.809 822.73
607 724.15 857.648
608 322.411 1062.46
609 862.652 449.497
610 140.933 573.643
611 925.03 659.224
612 251.588 1082.74
613 801.491 311.771
614 419.727 400.985
615 818.577 805.686
616 560.17 608.654
617 886.749 791.603
618 758.671 359.675
619 782.791 539.734
620 814.73 1040.55
621 423.245 336.726
622 517.023 123.749
623 402.336 2.05827
624 1038.7 845.515
625 958.648 454.841
626 343.56 944.368
627 1016.12 785.606
628 712.277 85.039
629 992.7 751.555
630 162.44 272.125
631 1065.9 6.4998
632 1163.6 658.774
633 1005.91 326.418
634 1047.49 1170.34
635 1082.18 576.604
636 173.598 637.939
637 1020.32 735.089
638 774.234 1141.69
639 477.409 1071.24
640 698.652 687.409
641 71.7867 1058.4
642 764.34 461.45
643 84.8946 252.659
644 502.904 1118.62
645 772.146 672.496
646 535.078 798.861
647 767.705 688.926
648 35.2072 137.888
649 500.232 1073.11
650 516.762 814.389
651 1042.35 710.881
652 500.253 1037.83
653 173.978 512.745
654 148.556 784.562
655 269.293 584.568
656 402.157 132.415
657 748.018 892.603
658 724.448 797.509
659 540.071 1014.13
660 162.31 775.065
661 64.7189 20.3135
662 842.157 1057.32
663 498.086 1132.12
664 117.65 1104.06
665 484.194 821.683
666 1039.32 1106.65
667 820.669 200.916
668 189.289 680.89
669 84.714 854.815
670 177.589 836.905
671 121.618 154.137
672 627.067 613.436
673 883.07 512.782
674 12.3857 209.566
675 36.1822 634.183
676 1066.51 163.687
677 544.881 716.37
678 691.398 744.624
679 643.769 887.872
680 494.448 372.941
681 500.802 24.2659
682 988.33 668.793
683 409.957 130.232
684 872.49 242.823
685 593.163 1010.68
686 1125.78 619.792
687 521.33 939.726
688 499.48 223.088
689 382.223 154.209
690 998.787 1058.09
691 57.1982 606.756
692 962.338 975.82
693 374.374 141.729
694 5.7776 665.182
695 162.062 818.2
696 986.015 650.846
697 527.242 3.06935
698 310.835 724.422
699 1126.58 924.327
700 335.6 715.495
701 876.714 997.414
702 179.611 457.152
703 672.544 1063.66
704 796.269 1079.9
705 1004.04 631.383
706 410.277 745.455
707 581.226 341.889
708 1180.76 534.753
709 916.796 1006.42
710 864.545 443.286
711 162.198 521.412
712 523.378 135.124
713 814.533 531.956
714 318.844 201.513
715 519.977 334.557
716 653.41 364.333
717 990.756 483.766
718 847.971 500.287
719 580.117 905.514
720 1109.3 1074.13
721 740.553 141.587
722 554.143 1132.88
723 429.962 12.1888
724 241.344 125.591
725 359.511 420.484
726 760.91 428.553
727 1058.82 506.045
728 763.762 288.41
729 751.719 1002.87
730 965.653 117.791
731 1170.8 1056.85
732 952.473 619.825
733 1176.93 52.5236
734 846.828 181.886
735 441.156 1058.24
736 745.16 38.0936
737 317.804 688.023
738 949.115 835.802
739 500.172 623.978
740 410.282 945.921
741 781.679 755.332
742 892.899 866.132
743 350.584 1016.93
744 184.197 774.379
745 710.067 947.671
746 406.045 781.348
747 379.552 754.41
748 790.339 681.198
749 1054.01 789.148
750 952.527 424.709
751 713.265 11.3024
752 990.99 588.576
753 461.973 885.509
754 1079.04 1024.08
755 424.714 997.919
756 276.323 343.642
757 27.263 290.36
758 984.611 1051.63
759 914.658 746.702
760 333.536 28.8158
761 588.173 258.475
762 331.923 206.569
763 851.618 272.811
764 350.267 1040
765 835.26 958.862
766 849.776 156.176
767 749.217 1163.93
768 930.663 597.187
769 853.712 1057.73
770 1120.38 978.239
771 488.689 805.647
772 339.037 744.788
773 926.184 896.358
774 961.934 369.983
775 1081.39 356.731
776 1061.71 444.209
777 200.193 905.261
778 73.7218 339.468
779 1175.48 32.7854
780 793.141 497.665
781 1137.26 70.7731
782 55.652 371.916
783 492.937 123.516
784 40.5876 92.2224
785 886.565 883.178
786 395.26 227.276
787 944.709 687.518
788 1029.13 1094.15
789 583.294 741.213
790 597.287 723.139
791 306.682 883.539
792 135.494 1168.43
793 563.921 494.402
794 842.915 96.8109
795 66.049 159.929
796 1079.87 737.638
797 117.61 1123.85
798 776.112 576.205
799 1151.56 933.696
800 975.536 1021.77
801 158.992 430.162
802 967.374 530.131
803 659.617 966.359
804 668.403 400.568
805 852.051 352.325
806 739.171 1028.88
807 349.87 371.339
808 391.179 103.619
809 121.978 702.178
810 672.111 1078.28
811 123.43 945.84
812 247.895 786.801
813 291.01 662.819
814 655.505 181.075
815 893.433 291.5
816 435.016 980.925
817 763.129 755.601
818 940.268 451.467
819 871.513 608.545
820 882.733 466.164
821 860.269 1119.3
822 577.73 531.539
823 421.616 258.206
824 286.786 878.576
825 1115.08 501.604
826 787.487 1093.92
827 575.882 427.253
828 393.593 618.837
829 621.6 940.157
830 530.961 998.858
831 244.176 271.567
832 639.075 490.59
833 234.751 1096.9
834 107.355 76.1395
835 347.775 1100.38
836 480.191 757.499
837 1014.69 611.812
838 441.914 376.049
839 1103.64 605.404
840 1123.06 961.826
841 1051.23 827.263
842 250.417 254.537
843 588.422 670.69
844 955.683 227.296
845 880.227 484.905
846 299.568 1002.85
847 955.687 1108.61
848 1009.49 360.831
849 1005.37 343.101
850 366.95 1013.63
851 751.412 735.849
852 1133.85 454.139
853 67.8386 1166.64
854 780.701 103.022
855 677.748 0.93886
856 647.679 1110.38
857 269.753 411.618
858 417.716 1101.28
859 482.249 354.456
860 185.206 676.485
861 1062.03 508.068
862 417.008 516.734
863 1134.9 858.137
864 1003.71 1104.3
865 660.303 367.058
866 517.573 605.962
867 408.404 271.17
868 771.743 685.584
869 678.863 217.743
870 1145.85 788.712
871 1167.05 197.991
872 431.756 624.306
873 850.824 395.893
874 319.139 109.449
875 257.973 731.408
876 874.295 598.234
877 1137.32 981.922
878 751.629 414.923
879 898.896 108.041
880 576.424 1109.9
881 1063.08 615.298
882 212.25 1180.92
883 606.26 833.944
884 907.652 663.124
885 978.901 633.333
886 987.175 885.597
887 117.971 865.179
888 858.695 144.171
889 306.126 130.102
890 853.387 845.913
891 874.692 633.875
892 386.016 1148.68
893 1046.18 144.512
894 148.954 336.348
895 215.778 667.999
896 196.061 845.463
897 334.532 594.407
898 42.6098 573.699
899 116.13 976.181
900 989.29 3.28601
901 23.7604 1041.5
902 799.222 965.326
903 714.995 959.515
904 573.169 1050.82
905 216.227 954.804
906 47.0469 307.352
907 134.474 628.333
908 59.3462 851.365
909 54.4178 1058.89
910 909.069 81.4838
911 465.241 469.161
912 1082.59 929.471
913 218.309 576.099
914 954.661 93.7776
915 1011.66 104.825
916 52.1067 232.079
917 482.62 706.909
918 271.794 35.8769
919 687.672 95.9442
920 649.614 116.166
921 1021.33 286.011
922 1027.01 1002.16
923 43.9097 595.257
924 12.0607 425.556
925 504.384 850.915
926 732.859 665.202
927 500.556 1083.37
928 774.848 363.122
929 580.622 460.494
930 421.569 578.754
931 961.727 802.978
932 231.059 726.713
933 292.1 546.308
934 367.78 649.963
935 907.408 953.34
936 1112.91 839.16
937 224.592 990.878
938 537.066 501.965
939 1058.3 19.0661
940 217.386 1014.91
941 595.49 742.513
942 88.4334 324.504
943 832.805 787.795
944 389.77 734.75
945 384.174 1170.69
946 284.511 986.055
947 664.066 657.619
948 789.749 252.228
949 258.331 814.097
950 698.93 1130.7
951 140.287 1.11941
952 571.657 1174.51
953 725.414 102.644
954 486.402 572.76
955 145.069 1093.27
956 716.829 803.122
957 724.402 262.628
958 1139.99 421.134
959 781.89 268.622
960 368.076 73.9533
961 753.138 119.271
962 706.997 181.489
963 820.383 332.484
964 1051.94 164.337
965 23.1826 1045.06
966 755.856 1063.1
967 825.872 751.341
968 576.123 587.674
969 858.42 129.635
970 1084.39 92.7863
971 1149.55 105.477
972 351.649 380.924
973 589.273 634.814
974 319.566 78.3948
975 529.798 386.685
976 283.21 976.306
977 1118.55 489.001
978 145.812 722.183
979 316.001 542.536
980 554.83 233.487
981 621.81 197.722
982 1107.69 487.793
983 464.808 879.153
984 960.851 147.834
985 909.358 790.792
986 929.471 271.764
987 208.376 113.166
988 937.667 688.818
989 853.423 816.375
990 637.666 627.842
991 961.658 762.426
992 473.655 785.392
993 1178 405.896
994 348.193 533.22
995 200.049 8.83053
996 1045.71 687.59
997 749.029 940.735
998 92.6943 585.56
999 561.294 768.926
1000 986.411 689.195
1001 727.038 870.251
1002 853.151 725.919
1003 296.256 75.7588
1004 859.273 973.742
1005 142.697 898.741
1006 857.54 423.554
1007 448.125 47.2154
1008 918.57 1098.9
1009 606.431 1041.21
1010 1044.07 560.844
1011 608.526 301.916
1012 618.167 261.962
1013 531.159 1014.51
1014 525.111 587.907
1015 154.391 90.9808
1016 719.564 470.152
1017 358.933 1029.3
1018 377.06 1167.87
1019 650.257 682.896
1020 785.294 725.289
1021 161.628 747.171
1022 241.199 549.161
1023 714.508 597.295
1024 934.579 1045.14
1025 65.5396 401.038
1026 157.62 223.954
1027 695.514 569.057
1028 64.6008 396.327
1029 1112.48 323.979
1030 46.2744 533.561
1031 139.673 1066.4
1032 273.172 231.248
1033 1066.4 350.639
1034 330.622 400.227
1035 848.693 335.642
1036 171.987 834.738
1037 543.57 365.397
1038 745.924 143.99
1039 571.461 891.575
1040 916.532 233.435
1041 682.948 702.323
1042 376.468 570.104
1043 689.65 823.161
1044 730.613 151.193
1045 466.144 201.674
1046 625.882 300.058
1047 707.675 1182.44
1048 1120.85 465.999
1049 658.62 858.246
1050 568.913 557.322
1051 1044.57 830.658
1052 656.833 319.573
1053 948.095 306.357
1054 74.4588 598.162
1055 1098.11 644.672
1056 261.876 476.563
1057 448.775 976.558
1058 816.135 60.1789
1059 1167.42 196.711
1060 1029.97 174.664
1061 485.545 86.6279
1062 1162.6 1169.49
1063 304.739 566.493
1064 242.334 435.556
1065 73.6545 575.413
1066 697.97 900.403
1067 369.964 47.2516
1068 579.421 247.173
1069 1051.88 926.494
1070 247.967 280.667
1071 746.032 926.494
1072 315.142 817.747
1073 92.5438 70.4867
1074 12.5663 314.446
1075 1182.59 413.985
1076 590.904 897.317
1077 18.2355 884.189
1078 423.363 871.065
1079 336.002 455.455
1080 916.178 614.339
1081 728.974 412.301
1082 713.419 615.528
1083 316.251 664.785
1084 1122.91 436.931
1085 604.501 272.269
1086 609.97 563.641
1087 581.515 32.6795
1088 1067.89 133.824
1089 395.2 947.849
1090 304.118 768.204
1091 731.248 881.373
1092 878.544 1014.46
1093 611.435 955.851
1094 172.786 940.629
1095 42.5802 706.187
1096 994.036 453.25
1097 350.411 1067.29
1098 569.67 547.464
1099 826.341 1090.23
1100 836.906 718.645
1101 624.342 810.111
1102 1.62495 274.978
1103 1067.92 913.35
1104 1026.16 765.351
1105 608.341 367.852
1106 350.195 187.539
1107 113.277 736.266
1108 443.539 995.283
1109 249.06 1062.1
1110 195.148 551.147
1111 464.756 167.731
1112 469.537 715.178
1113 202.866 326.145
1114 1117.64 1154.16
1115 146.775 116.077
1116 1181.86 606.667
1117 1042.89 219.765
1118 30.0435 508.97
1119 901.601 65.5593
1120 295.473 1088.52
1121 213.619 300.652
1122 328.268 735.272
1123 670.742 719.367
1124 530.863 519.715
1125 198.817 178.167
1126 283.928 874.837
1127 714.955 483.749
1128 695.081 856.26
1129 322.916 335.101
1130 745.816 1137.48
1131 496.007 699.559
1132 923.188 745.366
1133 595.438 95.4584
1134 868.842 928.552
1135 362.472 1079.15
1136 1146.61 14.769
1137 860.255 437.926
1138 169.185 412.721
1139 1075.02 326.723
1140 647.653 1132.19
1141 954.712 830.405
1142 804.169 314.154
1143 254.884 356.225
1144 1108.14 257.339
1145 76.9504 675.24
1146 557.634 1147.9
1147 21.9549 1157.14
1148 374.388 437.723
1149 918.345 369.894
1150 1113.32 202.452
1151 321.97 370.452
1152 714.843 868.951
1153 93.4165 208.663
1154 527.459 334.868
1155 555.624 867.923
1156 900.8 877.962
1157 433.97 670.924
1158 197.268 220.882
1159 774.126 240.837
1160 971.575 305.527
1161 1164.75 378.777
1162 1098.65 868.987
1163 339.795 849.487
1164 1058.02 537.481
1165 763.004 450.075
1166 86.8795 30.6771
1167 855.446 70.3423
1168 934.786 392.21
1169 931.467 483.441
1170 506.84 220.09
1171 269.381 688.509
1172 906 372.15
1173 172.977 197.325
1174 1126.63 549.377
1175 545.032 1161.3
1176 786.788 69.9089
1177 60.7578 713.75
1178 152.149 1179.34
1179 301.013 208.824
1180 287.905 359.475
1181 923.284 405.282
1182 1009.14 1153.82
1183 506.262 206.222
1184 716.458 633.967
1185 446.077 64.7091
1186 571.35 13.6496
1187 487.009 250.204
1188 465.948 821.377
1189 2.34715 1105.04
1190 1168.21 762.157
1191 751.917 291.552
1192 102.306 625.734
1193 128.696 944.549
1194 41.1971 503.14
1195 1128.94 490.466
1196 322.318 703.117
1197 1038.04 640.411
1198 979.045 1129.03
1199 162.682 883.559
1200 362.075 811.592
1201 946.983 43.9655
1202 699.234 494.727
1203 976.372 710.861
1204 931.24 245.656
1205 145.786 476.868
1206 422.884 393.743
1207 70.4495 550.677
1208 1118.18 878.412
1209 701.003 825.494
1210 24.1215 652.58
1211 904.014 208.122
1212 149.18 563.424
1213 1091.22 873.392
1214 178.167 633.189
1215 752.677 988.133
1216 436.823 416.962
1217 720.368 68.4481
1218 992.345 206.677
1219 340.968 515.706
1220 204.37 379.427
1221 1124.43 33.5823
1222 95.2581 752.099
1223 265.277 147.601
1224 876.895 53.1014
1225 887.728 452.783
1226 296.355 785.051
1227 164.268 285.63
1228 583.168 63.9705
1229 356.767 29.9713
1230 193.369 84.8059
1231 72.0635 1129.94
1232 807.743 793.011
1233 671.899 1032.1
1234 1175.46 434.928
1235 465.94 651.927
1236 853.647 218.449
1237 13.469 893.181
1238 1130.03 91.1777
1239 845.811 346.712
1240 697.898 977.517
1241 774.27 117.538
1242 107.856 541.397
1243 883.054 584.207
1244 709.679 193.261
1245 762.751 322.987
1246 924.515 245.981
1247 621.26 87.117
1248 988.934 564.252
1249 1142.23 805.758
1250 545.983 462.605
1251 661.824 461.522
1252 343.875 1122.37
1253 726.355 1019.49
1254 144.919 135.035
1255 942.723 1140.48
1256 1067.8 1030.33
1257 876.173 562.052
1258 679.653 47.5569
1259 701.497 1167.17
1260 287.94 1028.48
1261 1180.08 83.506
1262 40.1609 598.812
1263 43.1 219.874
1264 958.636 1178.14
1265 667.999 993.35
1266 1139.81 1009.06
1267 908.981 585.596
1268 767.864 1097.27
1269 560.795 76.6254
1270 520.11 259.956
1271 115.207 461.216
1272 956.333 371.122
1273 721.198 1110.19
1274 114.252 1025.51
1275 778.279 896.322
1276 225.037 935.826
1277 54.9955 820.511
1278 865.469 371.989
1279 464.427 221.027
1280 294.513 837.427
1281 23.3632 731.624
1282 917.275 1144.9
1283 692.08 977.373
1284 583.361 484.882
1285 899.608 557.486
1286 129.46 987.158
1287 842.095 1014.91
1288 935.357 667.313
1289 968.47 536.631
1290 225.383 585.704
1291 485.282 721.489
1292 297.077 8.57776
1293 241.431 925.244
1294 317.985 824.716
1295 87.8216 520.2
1296 555.486 954.551
1297 617.126 1060.57
1298 568.516 798.448
1299 1169.47 587.185
1300 52.3332 1063.64
1301 539.529 675.999
1302 226.603 99.3722
1303 572.668 151.934
1304 466.858 789.565
1305 269.04 1015.76
1306 47.5207 1155.36
1307 1019.5 588.665
1308 512.942 320.857
1309 716.065 643.802
1310 384.156 1174.3
1311 704.274 533.814
1312 1019.1 1115.82
1313 1018 386.649
1314 190.227 399.757
1315 1087.55 470.966
1316 582.382 458.689
1317 1181 1024.98
1318 65.8712 542.011
1319 783.515 776.854
1320 47.3402 146.59
1321 414.868 406.237
1322 559.669 1143.59
1323 329.911 911.183
1324 136.135 847.321
1325 844.673 446.195
1326 1.4444 373.161
1327 244.212 477.482
1328 277.614 732.691
1329 114.522 430.559
1330 977.338 175.675
1331 709.532 990.914
1332 530.817 610.909
1333 593.684 581.912
1334 418.666 156.159
1335 717.361 219.26
1336 634.535 631.872
1337 206.91 974.412
1338 145.667 953.268
1339 628.313 493.479
1340 416.744 354.997
1341 5.01929 110.099
1342 526.014 151.265
1343 191.393 1003.34
1344 770.283 836.127
1345 654.648 825.655
1346 228.468 954.929
1347 608.283 977.589
1348 571.982 714.906
1349 1088.14 799.511
1350 379.372 84.8585
1351 125.648 344.092
1352 142.237 891.756
1353 722.453 1096.46
1354 53.84 775.084
1355 900.69 191.961
1356 872.705 117.141
1357 1129.24 1009.17
1358 687.39 647.597
1359 838.816 916.508
1360 28.4547 797.886
1361 418.659 1157.24
1362 261.942 642.85
1363 535.24 178.708
1364 1042.46 324.829
1365 584.52 1040.65
1366 1170.01 145.126
1367 570.103 851.076
1368 1094.2 463.311
1369 458.958 311.649
1370 133.581 1038.6
1371 1175.25 917.483
1372 505.756 842.227
1373 400.676 824.463
1374 253.673 1097.49
1375 947.919 471.055
1376 428.708 285.505
1377 242.897 869.079
1378 1164.32 322.099
1379 411.365 384.246
1380 765.423 815.327
1381 468.888 926.907
1382 962.955 887.945
1383 397.571 545.73
1384 458.357 736.375
1385 881.545 679.249
1386 1118.49 848.585
1387 332.14 845.03
1388 634.751 905.767
1389 1001.49 358.428
1390 840.892 656.174
1391 710.428 1174.08
1392 962.115 471.761
1393 1027.24 343.731
1394 337.927 1181.36
1395 574.546 920.949
1396 265.661 663.485
1397 451.323 506.318
1398 631.528 1097.94
1399 3.46656 241.848
1400 105.694 789.834
1401 398.69 306.232
1402 1077.49 1173.81
1403 920.407 1087.36
1404 1057.19 808.719
1405 346.584 824.411
1406 1094.75 896.033
1407 675.031 8.07222
1408 164.357 457.044
1409 274.616 489.218
1410 751.341 41.0045
1411 591.409 160.095
1412 112.302 36.8683
1413 1016.63 278.986
1414 214.908 598.415
1415 499.816 279.042
1416 981.506 717.056
1417 712.388 513.628
1418 904.525 533.128
1419 205.249 743.107
1420 1022.14 658.285
1421 1035.22 943.771
1422 389.611 237.568
1423 519.052 137.254
1424 3.82766 611.378
1425 459.613 209.06
1426 17.6578 94.4998
1427 686.291 346.945
1428 289.71 446.7
1429 822.95 149.929
1430 89.6972 297.313
1431 398.149 535.403
1432 1181.26 386.794
1433 296.788 610.712
1434 902.533 10.9249
1435 49.9937 1003.46
1436 276.584 174.411
1437 838.089 242.334
1438 169.067 1111.21
1439 893.234 550.388
1440 909.198 153.234
1441 41.8832 1078.28
1442 16.6828 991.941
1443 420.284 1105.87
1444 9.06361 180.859
1445 870.319 19.1941
1446 468.238 315.385
1447 925.564 671.465
1448 955.109 257.5
1449 1151.29 113.963
1450 27.6603 643.716
1451 191.865 765.748
1452 810.571 577.218
1453 581.768 1087.18
1454 604.409 661.138
1455 229.983 448.269
1456 5.0554 411.674
1457 988.872 225.615
1458 756.706 460.35
1459 1138.84 911.689
1460 504.276 480.644
1461 638.212 612.459
1462 606.142 1019.37
1463 825.542 751.216
1464 953.665 45.2458
1465 832.659 853.299
1466 1159.07 277.108
1467 860.261 1138.04
1468 376.598 393.346
1469 888.601 91.8474
1470 871.406 630.392
1471 597.115 490.393
1472 735.57 58.8068
1473 365.108 197.361
1474 94.5129 191.238
1475 1029.21 697.176
1476 37.3443 911.941
1477 230.346 584.801
1478 1052.75 1063.86
1479 1132.05 341.528
1480 1085.7 1073.01
1481 657.461 1063.57
1482 429.492 152.476
1483 383.235 381.069
1484 1006.75 630.681
1485 515.939 65.2869
1486 176.532 381.827
1487 448.117 954.696
1488 769.936 18.4883
1489 463.941 997.213
1490 493.696 428.698
1491 783.124 596.737
1492 599.065 55.7177
1493 662.474 952.132
1494 493.222 967.459
1495 883.864 523.631
1496 346.121 103.041
1497 649.409 1020.22
1498 683.066 108.041
1499 648.448 1010.41
1500 708.37 586.643
1501 528.74 46.2569
1502 1158.52 1126.94
1503 150.651 1014.75
1504 721.441 190.047
1505 1174.01 366.031
1506 85.1211 264.309
1507 745.563 324.954
1508 824.355 935.666
1509 1084.89 54.6541
1510 20.9077 1033.23
1511 938.607 853.876
1512 657.255 941.118
1513 325.062 925.463
1514 1078.45 945.973
1515 10.2191 190.067
1516 721.343 236.648
1517 1012.27 480.788
1518 1056.93 871.462
1519 895.151 208.013
1520 582.175 766.165
1521 301.586 732.78
1522 1076.59 660.688
1523 335.536 324.396
1524 557.791 1008.68
1525 946.988 544.394
1526 628.169 300.202
1527 336.046 424.818
1528 578.594 678.29
1529 1024.22 729.458
1530 949.837 134.493
1531 929.355 863.301
1532 438.339 494.365
1533 72.4005 973.364
1534 1096.95 702.467
1535 320.15 956.12
1536 995.653 247.534
1537 461.522 335.028
1538 382.946 534.375
1539 1052.21 885.886
1540 224.567 520.978
1541 1182.91 787.073
1542 614.448 1156.59
1543 663.222 250.42
1544 390.782 53.6956
1545 402.286 498.751
1546 1163.93 1083.55
1547 1176.44 925.571
1548 4.91096 598.001
1549 1171.32 1069.11
1550 981.45 794.709
1551 422.704 738.991
1552 1056.6 256.417
1553 32.1051 785.862
1554 665.327 441.733
1555 1002.27 574.474
1556 186.616 1150.99
1557 1.91383 916.074
1558 919.252 1138.96
1559 663.686 29.1408
1560 941.676 753.182
1561 432.723 604.501
1562 650.553 1127.37
1563 416.926 1047.98
1564 790.187 673.885
1565 111.183 66.101
1566 975.882 1097.35
1567 717.295 258.186
1568 234.462 615.278
1569 270.68 141.39
1570 74.3144 326.579
1571 1010.13 906.505
1572 1094.24 260.698
1573 281.437 1025.9
1574 1181.2 576.552
1575 821.62 409.668
1576 814.75 79.6061
1577 997.9 82.4588
1578 604.416 604.645
1579 724.593 1076.57
1580 1078.06 404.757
1581 296.6 1013.34
1582 138.048 233.884
1583 458.892 1096.7
1584 812.348 21.144
1585 1160.48 650.505
1586 658.934 929.924
1587 407.429 623.856
1588 259.406 85.364
1589 305.707 176.381
1590 496.404 456.847
1591 973.489 990.444
1592 217.31 306.574
1593 35.297 41.1293
1594 677.532 1083.12
1595 1182.7 61.84
1596 683.093 568.246
1597 819.111 1009.37
1598 615.711 747.224
1599 119.055 188.153
1600 998.917 415.862
1601 196.944 991.075
1602 269.145 992.411
1603 479.541 9.33607
1604 941.821 167.209
1605 584.873 544.631
1606 104.575 135.954
1607 125.077 118.405
1608 690.982 859.004
1609 121.33 533.2
1610 397.75 410.735
1611 1010.5 1020.38
1612 179.534 866.856
1613 457.784 297.291
1614 192.069 623.8
1615 983.853 94.0501
1616 723.029 917.033
1617 909.647 208.824
1618 423.173 352.903
1619 555.733 227.982
1620 409.162 844.757
1621 95.872 178.295
1622 730.323 118.477
1623 36.1526 773.748
1624 226.662 458.886
1625 54.8325 958.018
1626 287.038 187.408
1627 644.419 908.164
1628 27.3353 674.571
1629 309.318 561.619
1630 148.268 26.4686
1631 89.2278 1173.54
1632 1123.55 302.188
1633 1136.88 815.744
1634 111.128 931.513
1635 846.924 1179.73
1636 271.756 402.935
1637 654.602 150.579
1638 1156.72 1093.92
1639 480.389 597.62
1640 243.94 114.36
1641 860.826 180.297
1642 85.6168 165.512
1643 289.237 1182.8
1644 773.006 1171.84
1645 176.397 819.336
1646 206.931 60.7928
1647 479.36 62.9397
1648 1071.02 130.538
1649 38.3192 979.411
1650 561.383 530.778
1651 436.967 862.198
1652 268.731 757.515
1653 0.83053 1148.04
1654 352.302 263.334
1655 634.011 793.698
1656 956.563 878.087
1657 414.001 778.892
1658 848.569 390.205
1659 140.251 308.002
1660 966.269 341.781
1661 1090.66 28.563
1662 921.125 932.071
1663 951.635 648.7
1664 0.97497 55.8983
1665 251.913 847.16
1666 869.307 29.0882
1667 1058.13 958.467
1668 102.234 910.677
1669 538.463 564.635
1670 694.323 668.071
1671 637.265 178.203
1672 241.083 914.594
1673 982.336 235.112
1674 1104.32 838.074
1675 881.87 769.359
1676 1146.67 1129.01
1677 712.648 778.062
1678 294.008 49.7957
1679 829.056 792.273
1680 604.127 119.452
1681 706.239 180.859
1682 290.685 23.3106
1683 1060.81 1072.99
1684 160.924 1112.68
1685 540.082 281.513
1686 180.17 502.707
1687 322.751 1045.78
1688 97.6983 274.817
1689 1173.14 936.693
1690 425.195 514.856
1691 255.166 1061.56
1692 406.972 335.209
1693 479.324 406.129
1694 632.578 1074
1695 125.266 697.195
1696 171.027 484.885
1697 290.794 891.736
1698 1130.64 235.962
1699 356.665 342.214
1700 507.851 231.068
1701 623.268 12.2774
1702 467.733 654.116
1703 439.343 444.694
1704 456.534 1132.52
1705 1088.17 83.9918
1706 897.586 997.502
1707 634.597 435.976
1708 903.075 819.897
1709 185.854 346.403
1710 722.416 86.6476
1711 326.795 1130.37
1712 220.849 665.976
1713 707.737 226.502
1714 371.048 652.941
1715 886.958 468.816
1716 659.906 507.995
1717 762.282 1004.42
1718 362.457 189.975
1719 1109.91 519.895
1720 1067.05 1047.46
1721 188.537 83.0283
1722 943.413 57.0152
1723 675.983 790.159
1724 1013.14 434.692
1725 933.775 340.898
1726 222.628 283.644
1727 816.598 358.628
1728 1180.79 155.923
1729 200.194 1031.08
1730 994.938 66.2257
1731 911.452 144.512
1732 13.0357 147.998
1733 881.95 406.743
1734 33.8351 1130.24
1735 753.694 351.17
1736 438.235 1070.59
1737 191.022 431.045
1738 40.8765 873.862
1739 1133.38 695.406
1740 963.096 1088.68
1741 327.373 524.301
1742 142.634 1168.57
1743 77.5281 1127.88
1744 114.017 155.545
1745 678.723 378.216
1746 1003.03 496.893
1747 1179.26 182.086
1748 947.182 619.27
1749 499.863 239.14
1750 396.632 937.724
1751 255.478 1164.31
1752 1110.62 328.529
1753 1176.87 771.076
1754 926.192 164.337
1755 842.683 495.088
1756 100.133 444.281
1757 878.664 303.163
1758 851.979 961.934
1759 953.845 515.49
1760 1179.83 752.227
1761 63.7626 499.943
1762 345.248 296.752
1763 413.372 438.267
1764 651.027 1120.04
1765 863.606 760.693
1766 1016.42 1109.55
1767 946.919 917.827
1768 4.18876 422.037
1769 573.21 548.727
1770 619.17 262.664
1771 136.857 504.457
1772 1138.78 265.681
1773 204.31 897.261
1774 577.651 95.6192
1775 1147.72 262.375
1776 1101.14 277.308
1777 574.329 789.384
1778 530.853 921.057
1779 98.7247 99.483
1780 1180.18 819.877
1781 82.879 1017.82
1782 880.578 837.391
1783 58.5441 218.052
1784 217.454 557.249
1785 306.357 239.068
1786 1038.29 656.752
1787 137.832 619.306
1788 661.567 195.824
1789 270.012 289.911
1790 159.565 9.24416
1791 753.688 282.147
1792 1126.23 626.456
1793 255.731 354.383
1794 773.966 359.764
1795 859.817 627.503
1796 793.993 1055.21
1797 1005.89 1013.03
1798 689.99 717.686
1799 463.544 888.217
1800 728.034 237.098
1801 70.5589 902.047
1802 813.991 419.923
1803 784.995 811.953
1804 1076.69 729.636
1805 430.178 752.099
1806 573.419 753.852
1807 101.252 1079.6
1808 1089.8 566.674
1809 814.027 9.04719
1810 645.667 1140.28
1811 680.168 503.321
1812 569.31 210.413
1813 262.768 194.075
1814 975.475 757.299
1815 1154.18 363.431
1816 1178.49 9.91383
1817 295.097 9.91383
1818 791.585 614.864
1819 713.786 442.114
1820 356.117 392.21
1821 178.708 1044.48
1822 279.617 263.167
1823 1077.38 576.893
1824 851.83 937.74
1825 674.173 19.5716
1826 950.418 254.395
1827 462.828 995.697
1828 321.891 148.556
1829 1055.82 540.045
1830 525.364 575.396
1831 387.749 105.008
1832 276.819 794.439
1833 249.307 1118.11
1834 23.8971 865.954
1835 721.917 531.198
1836 552.627 1101.86
1837 878.548 733.739
1838 570.255 495.862
1839 155.168 749.463
1840 923.325 980.675
1841 756.128 613.998
1842 905.747 951.41
