1 868.673 671.649
2 522.644 466.465
3 1033.01 1481.46
4 1063.18 738.7
5 959.194 924.008
6 712.759 284.725
7 243.94 373.582
8 219.451 55.9944
9 1436.07 543.907
10 1245.28 411.063
11 377.34 799.752
12 1397.79 1146.41
13 1157.05 1409.72
14 669.975 1351.42
15 218.364 1043.69
16 481.305 569.392
17 771.704 58.2577
18 649.752 1208.56
19 958.342 661.793
20 1343.32 504.447
21 450.082 889.153
22 849.919 1419.73
23 455.107 297.523
24 193.966 1229.34
25 700.143 1068.37
26 706.063 646.164
27 303.664 1416.29
28 749.561 864.853
29 907.226 795.995
30 140.099 490.637
31 1185.54 306.712
32 1370.98 1120.19
33 557.228 136.067
34 127.171 900.515
35 1124.64 1124.81
36 536.62 1234.72
37 755.931 284.634
38 77.4473 1453.35
39 120.454 963.752
40 1194.94 699.092
41 402.055 487.596
42 211.46 1159.48
43 784.012 13.4402
44 61.3358 610.901
45 96.8997 712.038
46 499.94 1245.46
47 69.1022 1365.09
48 1103.82 442.972
49 617.024 99.3595
50 826.358 558.446
51 1420.25 339.538
52 620.872 935.868
53 1049.27 1338.33
54 650.021 674.826
55 907.045 674.513
56 277.977 721.227
57 510.83 790.563
58 965.333 168.251
59 572.935 967.114
60 634.683 1333.18
61 566.507 1163.03
62 1293.94 1334.99
63 1367.87 398.162
64 515.99 1435.35
65 958.694 482.662
66 1151.65 160.469
67 538.188 1182.26
68 279.021 268.882
69 477.624 845.212
70 290.968 1097.57
71 377.656 1283.48
72 654.143 1105.54
73 327.32 530.282
74 1124.11 231.99
75 1163.34 1175.16
76 83.3805 527.397
77 1120.48 1218.78
78 279.615 457.28
79 1417.21 375.788
80 1041.12 464.058
81 773.6 1116.44
82 1373.47 469.23
83 197.539 703.796
84 1095.57 98.1251
85 573.941 476.551
86 978.476 315.506
87 506.62 97.545
88 841.136 673.867
89 581.887 152.457
90 1435.45 666.534
91 1313.85 112.532
92 1078.92 1141.38
93 806 345.019
94 1407.69 1413.74
95 1340.65 1079.2
96 615.485 1097.51
97 1446.83 79.0763
98 380.916 366.476
99 1390.62 222.031
100 191.205 317.358
101 1064.48 1304.62
102 726.435 1004.27
103 361.677 97.4914
104 360.636 628.024
105 1157.93 1284.61
106 352.782 616.662
107 802.008 1073.04
108 479.279 1310.73
109 623.417 1048.86
110 1116.73 1158.94
111 692.664 444.14
112 427.993 1177.82
113 229.666 757.712
114 409.624 753.095
115 609.643 1385.1
116 837.652 1299.27
117 516.115 1027.18
118 824.978 136.527
119 233.393 99.3926
120 1240.16 1377.4
121 1031.8 1295.61
122 1164.07 1223
123 1303.39 433.741
124 31.8222 303.009
125 290.886 948.361
126 1315.57 492.769
127 464.697 1223.55
128 686.372 1465.45
129 502.617 585.927
130 1112.65 1451.78
131 887.335 603.037
132 1367.45 261.808
133 1424.27 1421.81
134 385.143 1067.41
135 1002.24 1197.24
136 1001.97 525.994
137 125.523 1329.33
138 1143.41 951.756
139 1382.88 1254.78
140 240.002 135.153
141 915.737 1405.88
142 926.6 1190.9
143 143.494 826.097
144 511.942 1076.66
145 433.719 802.707
146 912.384 1259.71
147 698.319 695.278
148 660.797 36.3488
149 266.243 1078.74
150 541.884 1276.64
151 876.656 643.007
152 1402.71 1283.39
153 960.489 1036.14
154 1126.95 615.745
155 882.149 131.758
156 1005.59 250.491
157 375.031 353.834
158 816.354 1409.32
159 218.877 291.638
160 240.567 550.751
161 974.201 947.003
162 899.033 492.674
163 116.792 964.76
164 1233.82 18.5139
165 1384.51 1187.56
166 707.693 1233.78
167 120.797 618.428
168 1041.31 770.296
169 1414.57 1443.27
170 753.097 905.552
171 1127.76 759.963
172 75.7401 802.616
173 1305.49 174.67
174 1275.29 480.773
175 175.814 1114.55
176 599.343 35.7935
177 1087.72 983.262
178 1336.07 313.469
179 1443.96 1469.92
180 992.689 771.189
181 757.836 535.726
182 1296.33 202.838
183 1324.59 924.699
184 1119.48 998.755
185 1146.41 265.067
186 365.978 706.471
187 843.344 398.253
188 469.175 505.443
189 1397.39 345.472
190 1155.31 326.37
191 445.42 911.515
192 526.718 1217.29
193 1025.6 283.445
194 674.332 60.1136
195 270.738 180.102
196 1461.09 292.996
197 1321.32 1344.27
198 464.658 359.188
199 1133.55 7.06154
200 664.282 708.145
201 961 554.331
202 1176.02 450.037
203 350.675 707.644
204 720.781 1219.02
205 524.862 545.775
206 314.256 1326.88
207 957.381 1115.41
208 1081.86 74.4177
209 615.857 1173.62
210 607.355 514.044
211 1375.42 1310.96
212 162.718 8.99586
213 689.496 422.874
214 1165.83 1444.58
215 112.26 853.393
216 631.943 601.939
217 377.065 113.968
218 1218.81 1338.56
219 1010.3 507.933
220 122.284 111.252
221 277.03 1242.5
222 720.277 1051.22
223 726.342 1168.19
224 289.232 644.942
225 505.669 1115.49
226 611.321 386.302
227 962.995 345.065
228 1442.2 880.384
229 320.45 1456.03
230 892.832 1240.07
231 998.567 36.4725
232 1281.13 1391.48
233 112.668 937.193
234 333.703 1187.32
235 1177.29 1302.67
236 365.588 533.825
237 746.079 993.945
238 598.574 620.782
239 805.151 1270.75
240 556.033 263.948
241 1336.08 1263.42
242 914.605 504.402
243 679.469 1188.69
244 725.79 1303.97
245 508.145 28.8677
246 770.285 1420.41
247 1238.76 511.316
248 101.577 311.835
249 338.149 783.728
250 483.009 90.0346
251 1083.95 802.707
252 492.259 900.334
253 789.036 728.289
254 426.635 1462.78
255 1077.93 731.231
256 1169.89 1197.82
257 287.282 1346.12
258 362.719 1034.77
259 1356.18 1130.89
260 158.387 1349.48
261 1111.47 1091.31
262 953.099 412.693
263 1199.98 944.016
264 873.186 637.699
265 903.696 1376.53
266 1096.55 655.534
267 1412.99 851.006
268 589.865 1059.32
269 56.5101 904.679
270 616.617 315.053
271 572.916 433.684
272 711.314 692.064
273 522.35 1356.49
274 1321.48 1028.39
275 1102.02 428.116
276 731.231 1049.85
277 1253.29 1134.24
278 923.071 1061.86
279 152.909 924.831
280 1239.35 711.676
281 1429.69 945.872
282 1445.88 646.164
283 223.932 513.455
284 119.43 1139.22
285 54.4101 363.838
286 95.2402 791.979
287 1358.41 958.83
288 637.937 1128.08
289 363.081 214.562
290 306.862 684.784
291 107.834 473.111
292 1115.51 551.796
293 345.424 470.893
294 718.629 342.756
295 262.431 260.269
296 1171.9 190.695
297 411.47 1016.5
298 362.764 58.7435
299 532.999 239.504
300 882.216 811.217
301 875.249 162.687
302 171.469 361.176
303 1225.19 343.028
304 1167.69 833.986
305 856.583 1176.23
306 1272.66 31.5959
307 1012.11 244.981
308 796.049 706.425
309 757.893 499.785
310 364.348 462.202
311 499.099 659.019
312 293.28 1102.73
313 975.658 288.877
314 38.25 200.846
315 464.522 1140.39
316 1140.53 15.0163
317 1097.87 823.665
318 514.27 574.836
319 260.688 428.49
320 580.105 1124.78
321 327.383 1408.82
322 1149.69 1243.69
323 258.697 706.051
324 1285.92 423.273
325 121.204 630.242
326 1259.71 340.209
327 728.809 675.916
328 666.138 1097.15
329 252.643 1019.35
330 366.338 157.3
331 1075.98 1380.26
332 1360.01 81.2408
333 534.839 1293.3
334 436.955 795.505
335 1218.34 1020.53
336 660.37 777.3
337 1212.92 1478.58
338 461.606 104.158
339 245.728 1057.63
340 867.573 402.96
341 1383.58 444.964
342 1240.75 786.184
343 146.363 322.111
344 1461.09 181.246
345 1188.3 221.08
346 484.892 212.254
347 100.265 1270.48
348 534.187 1328.02
349 1342.28 1383.82
350 437.414 869.655
351 1104.99 203.743
352 361.949 479.358
353 1337.61 1413.29
354 298.44 1436.15
355 572.618 451.519
356 236.143 635.674
357 902.503 1024.42
358 313.695 293.416
359 590.587 686.599
360 1280.94 161.136
361 825.915 776.271
362 355.555 883.235
363 314.012 1391.65
364 998.905 1426.7
365 771.201 1053.03
366 1019.89 1358.93
367 1048.86 995.665
368 1005.59 892.05
369 476.018 425.865
370 795.366 1228.57
371 392.073 653.596
372 1011.25 335.559
373 552.656 508.6
374 36.0319 948.542
375 657.04 749.157
376 815.255 862.051
377 453.911 1441.99
378 1209.16 849.738
379 646.988 656.357
380 1430.64 830.364
381 556.358 498.007
382 402.724 1217.56
383 77.0884 1009.02
384 804.291 1336.02
385 1255.49 468.177
386 1374.6 84.6479
387 852.77 1315.66
388 308.672 976.529
389 894.235 1450.86
390 198.176 49.5092
391 362.402 1054.15
392 1187.23 793.053
393 337.679 945.201
394 1027.85 1375.58
395 864.269 1105.12
396 195.822 386.257
397 1272.84 1355.72
398 72.3808 1301.39
399 1466.52 109.454
400 1226.82 252.631
401 154.811 769.708
402 58.7734 575.112
403 1216.53 46.2621
404 336.371 38.2953
405 556.327 447.095
406 877.396 939.23
407 668.085 351.176
408 756.816 1399.08
409 196.818 802.299
410 638.662 472.037
411 339.458 735.848
412 126.112 86.2284
413 133.969 237.557
414 1277.28 1208.29
415 205.061 476.415
416 728.022 48.3775
417 1093.75 912.477
418 671.894 213.838
419 321.565 79.6565
420 270.846 1356.77
421 632.732 825.883
422 778.342 190.662
423 1117.9 184.139
424 91.226 1400.27
425 1072.58 1400.12
426 1340.38 754.905
427 756.445 243.574
428 718.401 1329.02
429 902.021 821.13
430 999.343 574.565
431 544.558 798.802
432 715.41 664.645
433 1233.6 118.088
434 1349.05 822.941
435 861.32 719.767
436 1257.13 901.194
437 234.723 736.742
438 945.567 1438.88
439 1211.1 531.323
440 938.062 1384.82
441 1049.72 1065.65
442 549.668 821.085
443 987.387 1202.05
444 1274.7 662.924
445 410.972 277.075
446 545.538 1203.26
447 761.763 1363.56
448 1392.74 774.539
449 519.476 1044.56
450 354.876 1.94645
451 301.611 288.161
452 1457.59 1026.4
453 1.72012 1327.42
454 410.447 1454.86
455 43.5461 436.865
456 5.11509 334.744
457 241.998 1309.04
458 270.466 180.793
459 677.636 1272.98
460 940.943 773.362
461 408.302 227.146
462 1341.1 712.569
463 472.489 1389.58
464 166.987 453.556
465 1048.71 1003.22
466 93.9728 677.138
467 105.706 1156.99
468 514.666 1054.51
469 1205.39 624.267
470 1454.78 1402.89
471 1413.57 566.145
472 899.441 200.752
473 307.72 438.811
474 1086.07 462.7
475 169.54 871.692
476 1108.46 485.152
477 850.644 752.087
478 239.007 1253.33
479 1400.18 1481.24
480 664.69 568.59
481 244.085 433.787
482 77.9905 1073.67
483 904.284 897.042
484 920.286 989.656
485 1130.43 964.76
486 14.8926 112.079
487 803.793 981.694
488 1365.46 971.007
489 275.344 1143.78
490 880.055 529.977
491 560.265 1006.03
492 312.568 1022.38
493 95.4213 980.829
494 1365.19 941.946
495 973.518 207.003
496 912.704 233.977
497 1276.71 1197.42
498 525.722 1384.41
499 1179 589.367
500 1423.11 1037.32
501 871.46 915.679
502 1022.02 87.3065
503 813.329 1300.27
504 487.925 1244.67
505 1171.6 1148.63
506 1124.59 1168.23
507 1067.75 25.0201
508 1404.7 922.843
509 748.523 231.344
510 576.737 1398.86
511 481.424 1210.65
512 287.396 22.5879
513 622.194 1243.63
514 566.055 875.812
515 288.516 823.336
516 1055.43 140.959
517 219.451 144.297
518 60.6455 515.673
519 827.603 861.586
520 1335.94 388.644
521 572.709 620.543
522 374.895 552.158
523 1158.01 305.276
524 170.337 1388.49
525 674.703 374.669
526 71.3121 836.463
527 743.167 264.343
528 610.404 728.968
529 420.546 1335.71
530 1134.28 633.592
531 912.474 1194.43
532 1438.48 1275.55
533 146.036 1109.02
534 341.969 1197.37
535 827.377 188.262
536 365.48 785.403
537 1338.52 127.153
538 1007.04 1410.81
539 1403.16 773.917
540 841.138 754.724
541 357.654 1274.96
542 408.392 853.269
543 540.977 1142.51
544 388.493 246.191
545 284.985 838.965
546 1261.48 755.799
547 1386.86 178.938
548 412.783 725.663
549 412.919 715.75
550 1014.15 726.976
551 199.038 154.626
552 756.721 567.536
553 181.367 1309.5
554 296.856 1003.37
555 602.132 1246.32
556 505.986 316.728
557 1077.17 114.162
558 218.185 1273.29
559 148.981 417.117
560 1465.56 299.165
561 583.075 110.404
562 1453.88 397.38
563 201.466 382.171
564 1277.87 880.61
565 1227.53 586.285
566 814.747 919.946
567 185.637 781.703
568 1120.25 574.869
569 390.557 237.784
570 895.593 79.7923
571 1188.19 14.292
572 1355.5 108.763
573 239.053 1193.89
574 731.141 6.42781
575 923.296 1072.9
576 837.505 78.7512
577 293.642 475.839
578 773.12 892.243
579 165.312 124.754
580 768.505 515.719
581 439.4 835.887
582 649.724 189.789
583 1105.44 1244.81
584 508.164 1462.15
585 1216.31 355.159
586 570.982 654.357
587 556.775 1418.19
588 1013.19 1383.65
589 838.572 340.95
590 957.698 965.892
591 1143.67 887.116
592 946.653 1108.15
593 1111.07 1025.87
594 655.066 994.126
595 857.611 432.655
596 966.769 1008.7
597 667.994 1348.83
598 622.275 328.452
599 831.823 475.284
600 850.282 239.537
601 234.145 398.162
602 1463.95 143.264
603 406.472 1415.24
604 1449.03 1186.33
605 95.5797 825.599
606 1289.18 854.763
607 1213.03 714.166
608 1237.9 286.766
609 20.0077 1135.36
610 224.328 1413.79
611 421.156 913.247
612 874.363 784.181
613 409.155 984.529
614 445.632 1001.28
615 1198.88 1380.35
616 905.461 454.835
617 1120.67 369.994
618 910.607 564.199
619 521.784 1449.79
620 879.659 1143.19
621 720.141 404.487
622 1280.85 983.455
623 118.724 964.386
624 1392.71 515.163
625 1045.4 636.115
626 125.978 1058.9
627 365.751 819.669
628 1170.82 558.483
629 465.564 947.966
630 1115.81 520.776
631 547.521 1226.52
632 1004.96 617.284
633 1164.02 159.605
634 325.781 1333.85
635 662.354 1144.41
636 142.623 1170.13
637 707.394 536.529
638 1235.79 1413.03
639 1370.02 8.22633
640 822.216 687.854
641 738.7 441.844
642 877.984 478.226
643 1336.54 1046.19
644 177.331 67.5704
645 1190.33 440.519
646 1353.89 1313.31
647 1336.44 1454.94
648 1282.48 976.879
649 866.034 13.1272
650 383.184 679.809
651 221.375 596.19
652 1337.33 1169
653 167.791 427.178
654 1232.37 762.872
655 152.557 464.239
656 1160.85 821.628
657 625.385 843.08
658 276.386 1088.1
659 1451.73 927.222
660 94.9039 601.803
661 961.139 861.553
662 484.123 629.065
663 1005 452.35
664 1057.96 670.064
665 850.327 378.685
666 1118.56 615.35
667 1351.38 464.51
668 1244.64 229.183
669 1343.64 190.341
670 669.176 945.464
671 1470.55 24.2053
672 123.887 1356.68
673 781.454 25.5754
674 15.7074 354.151
675 494.579 335.148
676 445.611 319.885
677 228.504 115.746
678 1095.54 394.302
679 226.06 1310.78
680 1393.31 212.287
681 708.417 1283.76
682 1056.02 821.842
683 783.785 529.525
684 148.417 606.148
685 907.231 139.77
686 693.841 837.064
687 89.472 23.2669
688 932.485 110.631
689 547.056 889.108
690 79.8594 971.957
691 1398.35 275.343
692 392.821 1205.47
693 1078.11 472.885
694 1224.86 482.979
695 973.807 590.087
696 805.242 1453.85
697 440.848 618.835
698 620.746 785.415
699 329.901 688.228
700 216.547 189.892
701 437.317 453.239
702 982.912 407.94
703 638.235 572.38
704 901.025 533.599
705 665.369 791.028
706 134.26 504.118
707 65.3079 698.006
708 1058.51 351.888
709 505.172 1094.58
710 636.326 1320.95
711 1327.89 1062.48
712 42.8477 4.25503
713 1113.69 699.315
714 361.93 68.9284
715 1446.46 685.138
716 184.387 1228.38
717 403.141 1095.31
718 1073.22 285.268
719 693.072 1029.72
720 1460.91 421.598
721 1219.79 905.144
722 463.889 1419.64
723 651.925 553.656
724 1183.36 684.731
725 382.545 414.952
726 961.86 271.145
727 1422.9 200.653
728 729.511 380.813
729 1171.76 1369.8
730 1011.27 1163.06
731 771.384 1418.68
732 935.144 1470.87
733 801.394 1346.58
734 138.314 176.074
735 1050.75 1428.18
736 616.438 209.027
737 725.709 597.095
738 971.349 60.5994
739 736.78 698.821
740 506.213 938.505
741 1138.9 278.248
742 23.1763 371.229
743 1057.56 548.524
744 688.998 121.359
745 151.076 766.177
746 400.199 444.684
747 1434.39 901.836
748 563.022 912.93
749 118.101 576.046
750 349.229 1363.73
751 784.374 211.435
752 119.475 778.942
753 919.466 1113.96
754 401.892 1388.72
755 189.439 607.519
756 310.215 297.761
757 883.509 847.833
758 755.733 101.759
759 1288.84 947.423
760 785.279 397.924
761 958.448 433.243
762 1360.34 484.756
763 606.052 1070.73
764 864.18 78.8086
765 1330.51 1003.78
766 1473.55 1039.95
767 823.872 930.765
768 1337.31 1159.8
769 1136.38 923.16
770 1137.29 1426.39
771 610.235 1123.72
772 455.831 967.645
773 1067.79 1208.28
774 1210.65 268.203
775 468.397 1475.05
776 517.529 59.8751
777 548.174 375.393
778 386.671 1156.19
779 509.572 202.554
780 1166.03 784.543
781 151.687 169.115
782 711.993 955.39
783 144.045 1172.44
784 267.252 965.065
785 758.899 628.88
786 3.80237 1382.92
787 422.923 934.691
788 56.3904 1224.77
789 452.436 186.077
790 768.35 1458.98
791 1477.96 591.675
792 367.847 1258.53
793 457.417 1336.4
794 442.5 1421.32
795 530.158 799.04
796 2.76124 554.907
797 310.236 565.59
798 615.757 279.067
799 899.777 36.1225
800 1213.09 1479.85
801 1406.38 1152.93
802 458.049 67.7967
803 1286.83 96.5982
804 1112.92 1209.1
805 620.664 1468.29
806 1274.43 1303.11
807 353.691 509.97
808 323.701 148.202
809 734.762 273.441
810 152.386 12.2219
811 1158.15 895.309
812 1418.83 1414.11
813 726.203 1264.59
814 1380.71 1208.46
815 1086.39 131.322
816 870.829 184.584
817 1079.61 946.279
818 1200.73 540.434
819 1349.61 790.213
820 890.422 901.836
821 1075.08 809.357
822 1023.05 1087.93
823 616.145 953.295
824 752.458 815.279
825 1385.85 1341.95
826 101.776 875.302
827 1138.04 1357.44
828 239.323 1162.85
829 975.579 958.908
830 283.276 722.935
831 558.45 1017.94
832 1354.47 273.487
833 201.299 1033.82
834 181.789 295.136
835 1369.81 603.128
836 895.367 392.673
837 1211.51 782.786
838 2.98757 446.19
839 410.746 1049.67
840 177.534 1371.12
841 535.319 1296.79
842 805.309 1010.78
843 1312.54 1241.07
844 454.137 70.9654
845 553.154 1217.57
846 1456.06 1220.97
847 990.739 1226.17
848 941.9 964.974
849 1402.08 401.24
850 863.047 1075.35
851 1203.94 1140.3
852 1395.97 1101.65
853 292.194 200.933
854 1306.07 814.295
855 1302.13 691.521
856 1118.31 1075.02
857 993.003 544.463
858 901.738 544.553
859 792.452 1185.93
860 1433.4 343.118
861 635.765 914.152
862 1443.5 250.31
863 1374.53 42.0402
864 658.398 606.794
865 1294.89 151.177
866 346.161 48.3896
867 510.558 1026.85
868 1223.26 972.274
869 1046.74 1053.7
870 1320.82 732.861
871 985.645 626.753
872 217.197 679.797
873 200.711 348.538
874 1129.48 833.94
875 207.329 936.094
876 611.871 1152.57
877 286.309 400.775
878 768.194 829.685
879 1064.09 73.0476
880 226.377 1210.38
881 1342.14 625.893
882 1154.88 1207.28
883 630.559 1423.17
884 838.467 118.404
885 1008.26 1177.46
886 1225.7 76.4961
887 798.18 488.592
888 1146.73 24.6248
889 70.9128 983.455
890 508.835 822.262
891 1165.45 344.057
892 1003.24 844.023
893 1164.72 1315.47
894 30.8716 180.431
895 1329.47 556.277
896 654.233 1398.67
897 699.888 1200.45
898 1027.57 1400.09
899 467.458 0.181065
900 112.985 256.059
901 180.748 828.916
902 491.944 945.645
903 50.6982 1092.9
904 94.8959 66.813
905 1332.15 693.874
906 551.451 746.26
907 603.24 304.461
908 624.128 1350.05
909 389.674 1077.43
910 11.5882 1277.69
911 126.972 451.626
912 540.796 1262.7
913 1264.91 861.145
914 508.028 1163.33
915 183.972 1194.71
916 509.608 819.534
917 1316.34 152.321
918 795.419 1195.12
919 543.003 163.411
920 1290.22 1099.47
921 1310.39 14.9257
922 169.024 1139.94
923 331.349 1441.28
924 1437.21 28.8346
925 822.216 1380.21
926 91.8145 138.786
927 978.432 1298.46
928 270.919 991.92
929 78.3106 1097.53
930 382.571 941.946
931 378.934 1314.89
932 778.47 325.135
933 87.0923 919.539
934 102.754 124.894
935 145.73 1277.05
936 1094.9 1043.65
937 821.9 1482.28
938 1426.3 549.339
939 553.516 702.623
940 773.836 1456.57
941 789.851 139.42
942 1408.73 1373.6
943 294.548 754.453
944 513.455 352.258
945 1054.68 225.731
946 1005.92 778.127
947 1202.02 1250.58
948 869.203 348.414
949 63.5538 1321.54
950 309.08 794.184
951 384.781 291.548
952 1419.23 441.98
953 1452.41 634.452
954 346.609 1139.08
955 1057.42 1100.5
956 479.758 350.394
957 659.699 1237.34
958 708.078 597.955
959 1078.29 1405.38
960 104.972 1030.08
961 1334.9 1076.97
962 1151.12 203.879
963 1013.01 716.598
964 1319.19 168.469
965 1302.27 1160.75
966 73.9748 263.8
967 531.672 128.997
968 941.792 1237.07
969 553.561 163.547
970 157.009 181.201
971 190.39 893.284
972 1104.12 687.718
973 982.323 900.074
974 1479.51 518.299
975 1387.46 1439.2
976 1081.23 522.237
977 908.314 1015.1
978 1353.55 919.165
979 723.743 1005.73
980 284.426 887.931
981 405.22 604.486
982 866.577 1441.81
983 1183.71 1066.74
984 125.252 235.019
985 72.1092 1334.8
986 1222.4 885.849
987 1300.27 877.158
988 492.24 334.201
989 592.4 886.495
990 776.226 1127.99
991 1192.49 1412.71
992 1011.57 192.653
993 569.776 726.52
994 812.982 801.11
995 1225.13 285.449
996 266.754 342.303
997 969.883 108.643
998 229.455 599.371
999 1230.02 797.682
1000 461.852 980.739
1001 1129.76 1353.68
1002 318.067 139.284
1003 779.548 159.247
1004 835.434 453.84
1005 107.281 914.683
1006 495.383 1275.42
1007 977.253 387.66
1008 534.776 685.093
1009 146.391 622.004
1010 762.193 580.132
1011 1413.67 657.435
1012 821.764 222.393
1013 164.968 1239.57
1014 962.542 337.403
1015 469.864 414.367
1016 35.6698 1419
1017 1168.23 1347.03
1018 16.6127 485.888
1019 1253.06 1425.74
1020 30.4642 1424.26
1021 206.822 34.308
1022 955.977 707.109
1023 720.002 1150.38
1024 97.7751 731.355
1025 53.44 380.825
1026 514.197 1065.98
1027 316.951 926.193
1028 260.916 632.81
1029 257.429 1171.45
1030 1379.4 841.364
1031 1049.86 884.083
1032 306.124 1289.71
1033 1068.83 100.763
1034 613.132 614.885
1035 485.119 1446.88
1036 1185.89 644.773
1037 224.419 466.276
1038 81.7056 866.384
1039 1371.7 1014.42
1040 339.406 384.854
1041 39.1553 733.211
1042 597.878 764.819
1043 403.956 142.893
1044 1089.24 53.8216
1045 1192.54 1261.16
1046 569.627 136.161
1047 489.183 249.87
1048 1134.62 45.6615
1049 981.303 925.23
1050 1123.06 844.261
1051 479.415 735.848
1052 311.471 424.948
1053 476.347 666.365
1054 310.527 1366.72
1055 1283.98 291.276
1056 1420.91 614.49
1057 221.85 855.487
1058 930.312 1285.33
1059 100.717 748.523
1060 168.062 32.0938
1061 302.152 332.073
1062 562.744 1481.19
1063 222.896 1289.68
1064 1205.21 83.8331
1065 207.806 519.611
1066 1026.18 591.844
1067 1098 2.03698
1068 1009.95 850.961
1069 999.295 151.087
1070 1470.81 738.293
1071 1354.23 1086.39
1072 991.829 726.557
1073 139.33 1360.79
1074 1301.08 366.43
1075 185.952 744.437
1076 683.509 966.389
1077 77.9938 86.4133
1078 767.68 725.38
1079 979.426 1314.62
1080 560.385 605.119
1081 973.913 873.684
1082 255.955 904.284
1083 1196.29 82.0677
1084 1309.43 127.33
1085 198.809 1441.28
1086 350.361 1119.38
1087 843.718 1228.02
1088 1007.49 263.03
1089 439.055 1265.04
1090 1323.31 21.9089
1091 756.91 1148
1092 795.679 1210.06
1093 622.819 151.177
1094 1296.15 1435.02
1095 20.913 1460.97
1096 460.552 1070.54
1097 12.4935 735.984
1098 654.369 639.51
1099 472.308 9.05325
1100 1181.86 242.491
1101 1296.32 1127.03
1102 862.096 730.783
1103 1412.22 234.15
1104 510.694 656.859
1105 1296.13 252.133
1106 911.989 1172.85
1107 353.62 1295.2
1108 1134.5 708.179
1109 425.956 776.485
1110 326.782 656.768
1111 47.8723 642.192
1112 790.711 416.404
1113 1242.9 1392.35
1114 26.7976 1038.03
1115 786.32 1195.48
1116 424.232 87.7592
1117 518.299 979.595
1118 315.189 368.184
1119 41.5997 50.5503
1120 25.5302 528.122
1121 890.84 964.567
1122 1407.51 814.34
1123 913.425 24.987
1124 263.474 1403.07
1125 1406.47 45.0399
1126 1089.59 181.604
1127 1145.92 1107.85
1128 392.457 1221.24
1129 842.043 301.28
1130 1244.03 1283.93
1131 154.222 1162.44
1132 175.412 817.587
1133 683.448 885.577
1134 1207.06 1045.15
1135 815.906 1027.32
1136 1056.65 1150.79
1137 357.92 828.69
1138 281.33 1444.04
1139 1043.43 1458.52
1140 1322.18 623.679
1141 1376.55 549.487
1142 647.198 1453.67
1143 253.038 763.913
1144 414.775 397.434
1145 115.109 40.4559
1146 1189.05 181.641
1147 145.033 1151.34
1148 673.517 1244.1
1149 841.933 606.692
1150 502.981 168.839
1151 1236.04 1267.67
1152 746.033 1127.43
1153 1359.53 518.344
1154 669.624 162.732
1155 1117.17 138.062
1156 315.506 582.577
1157 1314.35 1330.36
1158 1211.14 1103.5
1159 1214.54 394.845
1160 600.366 805.32
1161 111.808 1034.02
1162 877.034 1217.89
1163 1161.03 945.341
1164 961.003 302.683
1165 984.742 1334.62
1166 349.231 841.228
1167 716.248 1286.56
1168 1063.44 1115.89
1169 524.545 966.558
1170 926.329 17.3249
1171 1109.97 1455.63
1172 545.413 845.483
1173 1184.3 405.347
1174 1303.1 141.626
1175 353.982 1101.78
1176 470.009 1164.79
1177 1273.51 1431.77
1178 526.628 564.063
1179 1250.21 1169.49
1180 231.201 277.396
1181 1460.16 719.009
1182 959.735 609.56
1183 1284.65 270.092
1184 892.108 755.037
1185 689.541 953.341
1186 562.116 419.425
1187 1077.78 1136.4
1188 753.457 954.88
1189 1269.58 1443.68
1190 190.299 853.314
1191 633.23 302.231
1192 1381.71 307.675
1193 749.278 491.263
1194 75.9584 1062.26
1195 825.7 298.259
1196 913.926 531.866
1197 113.89 1460.14
1198 406.582 1120.16
1199 417.853 475.745
1200 859.653 966.06
1201 513.374 44.9825
1202 1297.32 59.2988
1203 1243.12 1140.2
1204 963.628 926.917
1205 680.624 816.875
1206 282.668 299.074
1207 998.575 1394.28
1208 786.618 1343
1209 1236.09 1178.6
1210 1258.49 600.626
1211 1246.04 407.203
1212 293.388 1388.49
1213 1149.51 384.809
1214 1144.38 742.186
1215 1083.6 844.125
1216 443.726 1454.76
1217 815.074 548.253
1218 409.808 686.406
1219 1331.28 1466.61
1220 1195.21 557.17
1221 660.254 58.834
1222 656.723 238.459
1223 1309.04 1231.02
1224 1407.65 651.966
1225 654.238 526.616
1226 1375.1 505.25
1227 103.126 398.512
1228 857.941 663.645
1229 1235.23 296.799
1230 883.824 948.555
1231 1185.63 1263.34
1232 246.203 508.509
1233 1294.21 683.327
1234 433.917 186.991
1235 66.5636 1017.94
1236 1176.27 501.945
1237 121.585 1472.14
1238 1270.34 216.554
1239 741.29 1444.98
1240 99.631 1438.34
1241 1168.3 246.475
1242 299.708 265.709
1243 765.634 282.054
1244 248.04 551.886
1245 1373.22 1023.38
1246 457.4 376.842
1247 1047.73 127.877
1248 101.08 1086.24
1249 614.806 253.582
1250 767.127 307.448
1251 916.676 1039.27
1252 725.211 175.316
1253 1312.22 449.947
1254 929.905 354.797
1255 1019.98 150.827
1256 452.165 610.732
1257 890.509 524.941
1258 265.306 920.432
1259 199.647 709.503
1260 797.682 752.461
1261 1320.24 589.412
1262 809.18 1090.33
1263 435.242 213.192
1264 820.921 690.99
1265 1054.57 381.673
1266 11.2713 429.519
1267 1224.68 610.914
1268 730.869 454.021
1269 245.373 973.723
1270 40.5553 685.558
1271 210.669 170.831
1272 354.435 1312.48
1273 859.38 69.4263
1274 287.531 864.993
1275 202.568 579.137
1276 1345.09 469.773
1277 299.928 243.533
1278 839.534 1419.09
1279 1305.04 245.195
1280 194.21 331.938
1281 546.624 17.2917
1282 139.22 1215.16
1283 297.354 1125.53
1284 146.331 650.34
1285 609.963 74.7799
1286 349.863 1013.23
1287 1204.45 470.407
1288 875.467 499.094
1289 22.0899 1249.85
1290 909.852 138.424
1291 525.36 1317.07
1292 122.491 22.5879
1293 810.905 1361.38
1294 984.983 1258.63
1295 1410.99 1166.19
1296 310.219 362.842
1297 770.794 1155.38
1298 1131.16 1169.18
1299 214.336 577.269
1300 470.181 870.503
1301 944.848 1334.68
1302 1403.27 636.938
1303 654.81 726.964
1304 1421.57 693.434
1305 528.299 525.077
1306 22.6784 940.176
1307 594.618 365.072
1308 1254.07 491.954
1309 785.507 883.688
1310 1340.11 802.299
1311 648.98 750.786
1312 1348.9 659.834
1313 310.104 85.5985
1314 59.4799 1219.96
1315 412.919 1306.46
1316 115.927 366.114
1317 930.543 804.505
1318 969.094 1024.69
1319 711.631 929.633
1320 227.554 925.831
1321 1217.53 442.33
1322 692.302 773.996
1323 698.323 1351.7
1324 237.376 1464.32
1325 97.9707 857.829
1326 41.6902 318.716
1327 784.618 734.581
1328 964.986 430.392
1329 332.869 331.835
1330 326.053 1076.19
1331 173.732 1421.32
1332 962.089 835.883
1333 5.16035 1306.24
1334 55.8133 676.719
1335 393.862 535.759
1336 380.146 301.881
1337 310.3 1296.59
1338 1314.89 1192.66
1339 272.956 1051.34
1340 1317.36 507.39
1341 354.543 825.113
1342 587.964 181.279
1343 160.556 1383.87
1344 115.474 293.552
1345 1257.7 185.501
1346 1041.53 906.988
1347 1192.87 868.783
1348 411.289 755.041
1349 928.959 839.903
1350 678.716 866.894
1351 343.435 1229.97
1352 560.138 224.385
1353 2.21805 878.38
1354 960.233 543.5
1355 1327.57 237.829
1356 879.619 1015.08
1357 430.573 523.866
1358 920.173 37.7521
1359 1383.37 47.7106
1360 1149.67 1275.38
1361 1296.7 292.556
1362 156.865 1430.4
1363 534.006 538.122
1364 1026.73 754.453
1365 1134.28 1021.02
1366 989.799 250.866
1367 550.978 505.579
1368 1352.27 1281.02
1369 169.577 465.971
1370 956.707 1087.93
1371 218.394 1329.01
1372 31.5959 78.2201
1373 1074.47 529.739
1374 550.549 954.789
1375 609.42 492.316
1376 588.326 242.129
1377 358.826 283.355
1378 1259.13 1328.3
1379 551.705 1034.56
1380 1103.86 15.5716
1381 863.092 269.108
1382 1188.65 1123.74
1383 122.355 955.74
1384 335.423 676.9
1385 1194.49 998.574
1386 958.667 810.04
1387 395.834 659.439
1388 458.728 1370.62
1389 401.785 148.519
1390 495.247 87.4876
1391 294.866 595.692
1392 1184.89 599.177
1393 437.775 888.441
1394 1333.7 1037.41
1395 728.444 152.955
1396 891.705 445.054
1397 369.308 559.989
1398 72.7817 642.106
1399 981.061 1359.48
1400 1334.72 331.168
1401 600.864 903.955
1402 454.654 1099.02
1403 573.976 1292.2
1404 871.681 33.2133
1405 491.511 683.327
1406 304.817 1246.27
1407 575.882 856.483
1408 944.073 1068.36
1409 1312.66 71.068
1410 1212.82 1411.8
1411 972.817 366.068
1412 1283.57 825.838
1413 1024.26 227.101
1414 1363.1 641.637
1415 18.1065 137.787
1416 918.317 308.354
1417 667.663 587.272
1418 709.277 1376.28
1419 633.773 1412.02
1420 675.327 207.501
1421 564.335 275.388
1422 953.786 858.475
1423 1206.5 919.346
1424 1302.94 526.57
1425 487.362 881.005
1426 157.708 1102.5
1427 1243.24 341.612
1428 796.643 1330.01
1429 746.187 611.173
1430 1249.5 608.05
1431 661.883 459.675
1432 1281.49 1201.4
1433 1053.93 409.15
1434 790.726 243.668
1435 457.597 481.95
1436 187.9 215.011
1437 361.27 49.0195
1438 619.404 427.902
1439 131.822 1347.84
1440 229.409 227.632
1441 234.649 185.67
1442 1126.86 1101.04
1443 796.505 1036.54
1444 568.952 1304.8
1445 1331.82 546.409
1446 1166.85 184.732
1447 1218.43 1308.06
1448 989.206 693.973
1449 1046.58 1083.44
1450 658.398 956.069
1451 87.0943 405.903
1452 1276.69 490.279
1453 471.964 150.239
1454 880.248 643.867
1455 116.102 494.217
1456 1223.29 893.737
1457 996.283 660.929
1458 469.866 1231.88
1459 112.443 162.955
1460 1058.15 48.8423
1461 643.208 356.155
1462 980.422 673.957
1463 1149.68 420.104
1464 1390.82 198.662
1465 981.896 180.975
1466 374.986 1075.42
1467 355.63 635.345
1468 639.646 637.382
1469 752.371 14.5757
1470 1469.57 708.96
1471 511.735 852.216
1472 1162.42 621.687
1473 927.642 575.096
1474 316.638 789.398
1475 971.629 1144.42
1476 620.238 405.718
1477 524.772 1348.53
1478 1114.91 673.603
1479 774.506 818.41
1480 576.466 1006.39
1481 370.006 732.351
1482 615.038 483.748
1483 1469.06 1153.29
1484 852.612 265.573
1485 496.209 141.173
1486 1089.15 987.471
1487 941.951 888.622
1488 1127.89 258.199
1489 139.239 48.9328
1490 1182.13 324.411
1491 435.597 1111.02
1492 112.06 292.77
1493 1079.87 1044.05
1494 233.031 448.227
1495 824.299 937.045
1496 795.781 48.2086
1497 252.586 1375.18
1498 469.366 650.328
1499 1122.42 709.549
1500 1418.26 830.545
1501 853.135 1252.2
1502 736.668 1407.13
1503 1200.51 381.764
1504 494.485 318.856
1505 1044.79 696.138
1506 1284.4 843.401
1507 1453.82 119.639
1508 151.551 103.285
1509 24.3985 763.955
1510 1193.08 1029.35
1511 1212.68 930.584
1512 255.89 1301.68
1513 949.051 1305.61
1514 224.855 650.25
1515 328.814 368.558
1516 1150.13 61.7846
1517 907.483 205.871
1518 656.949 1270.88
1519 444.243 545.006
1520 141.548 620.769
1521 407.126 334.143
1522 964.572 520.686
1523 71.4754 1226.31
1524 1423.94 1460.59
1525 1472.05 1197.25
1526 798.449 1100.87
1527 419.072 905.177
1528 54.465 272.491
1529 1124.01 1391.21
1530 670.122 83.9689
1531 690.265 1319.78
1532 150.601 539.208
1533 1409.37 272.219
1534 1273.29 575.005
1535 447.457 705.644
1536 749.474 79.8376
1537 1395.78 479.506
1538 171.288 972.398
1539 74.1914 1010.3
1540 416.472 415.771
1541 594.998 40.0606
1542 793.789 626.987
1543 739.289 148.28
1544 1408.8 1237.43
1545 1318.56 720.186
1546 229.382 75.0846
1547 592.38 936.695
1548 1402.89 362.571
1549 937.283 1464.64
1550 708.281 327.049
1551 232.669 668.073
1552 985.673 1149.49
1553 910.757 424.145
1554 1312.46 351.39
1555 715.207 1180.86
1556 802.28 120.17
1557 746.323 979.776
1558 1114 195.55
1559 329.737 210.974
1560 1406.69 97.2319
1561 274.902 414.726
1562 646.749 1218.88
1563 606.613 34.3902
1564 1143.29 605.922
1565 37.7521 1039.59
1566 1061.05 960.55
1567 551.207 598.815
1568 449.494 1138.71
1569 222.662 252.22
1570 782.292 221.43
1571 509.527 1410.72
1572 723.129 803.736
1573 121.359 1285.88
1574 184.234 317.996
1575 1247.31 1251.33
1576 629.971 18.2302
1577 690.311 384.311
1578 206.505 467.012
1579 351.337 752.313
1580 38.72 666.587
1581 1186.11 1092.18
1582 1331.69 903.062
1583 1284.91 638.752
1584 712.706 1157.23
1585 660.39 434.511
1586 895.792 506.258
1587 956.268 1161.97
1588 868.669 369.632
1589 190.485 1006.75
1590 647.624 32.3985
1591 742.378 1074.62
1592 1197.38 660.151
1593 910.216 147.704
1594 313.036 1481.69
1595 223.117 744.63
1596 1262.75 1152.56
1597 1056.31 210.159
1598 558.269 1417.51
1599 446.413 1370.7
1600 1477.07 1357.76
1601 337.188 493.896
1602 1341.24 152.037
1603 622.954 434.47
1604 995.629 407.664
1605 887.734 1408.45
1606 1172.44 987.8
1607 605.826 76.9979
1608 678.089 887.219
1609 441.771 569.528
1610 337.143 135.482
1611 1432.45 927.732
1612 1032.48 1293.26
1613 1048.82 1249.9
1614 33.0039 1105.21
1615 1326.3 16.6911
1616 512.218 997.895
1617 1193.13 1270.58
1618 1413.17 490.143
1619 1292.53 58.2908
1620 83.2462 220.797
1621 353.167 176.263
1622 1114.44 1321.14
1623 850.658 1157.28
1624 282.385 1431.59
1625 322.341 124.935
1626 1214.77 372.801
1627 1351.61 1137.72
1628 781.268 48.1964
1629 791.164 441.482
1630 1326.57 84.6932
1631 1055.67 1254.1
1632 1175.85 1073.85
1633 516.171 921.168
1634 724.6 115.598
1635 1180.19 396.249
1636 922.441 326.946
1637 1482.54 1297.96
1638 291.759 832.208
1639 905.652 1204.08
1640 830.971 568.59
1641 504.402 274.268
1642 657.827 45.8547
1643 1216.67 1217.56
1644 262.2 1348.3
1645 549.361 405.586
1646 992.146 1237.72
1647 76.0897 321.753
1648 441.482 1194.39
1649 451.287 973.484
1650 1399.6 1291.71
1651 889.771 740.861
1652 935.971 1344.32
1653 1356.18 941.571
1654 737.376 196.579
1655 82.5705 387.422
1656 1190.73 311.646
1657 449.672 1278.5
1658 1437.16 67.3441
1659 1061.27 862.174
1660 1358.76 962.213
1661 115.806 236.821
1662 1372.88 1320.05
1663 1222.64 518.253
1664 1406.47 749.28
1665 212.299 1219.01
1666 685.522 1412.71
1667 1295.75 938.053
1668 199.443 695.911
1669 1103.18 1034.87
1670 1430.1 1441.36
1671 484.391 979.414
1672 1186.06 808.316
1673 416.133 570.038
1674 1209.56 753.581
1675 595.429 611.807
1676 756.1 1208.29
1677 377.747 264.491
1678 1086.94 789.761
1679 631.781 1372.55
1680 719.283 742.943
1681 6.06568 52.5994
1682 958.377 495.439
1683 1456.85 93.5654
1684 593.536 874.396
1685 389.707 1430.19
1686 330.765 281.918
1687 477.667 598.737
1688 638.19 1098.79
1689 1110.94 789.16
1690 1456.09 377.192
1691 686.744 134.482
1692 1321.01 1211.58
1693 1411.72 423.33
1694 792.839 642.814
1695 335.885 808.262
1696 173.937 891.108
1697 659.065 211.698
1698 475.567 1343.1
1699 354.027 1377.05
1700 494.161 1322.59
1701 592.988 1273.96
1702 1314.95 1136.22
1703 642.272 853.845
1704 1351.56 538.747
1705 929.932 331.123
1706 547.948 20.0408
1707 1061.7 1113.72
1708 489.419 499.423
1709 1131.66 1035.23
1710 790.621 1176.74
1711 655.365 650.657
1712 567.548 192.427
1713 1121.7 456.045
1714 820.852 97.5035
1715 521.526 76.0805
1716 146.158 693.479
1717 632.721 975.216
1718 1034.15 988.558
1719 1126.01 612.214
1720 233.936 236.187
1721 1241.02 161.736
1722 1357.35 850.01
1723 401.599 928.23
1724 383.586 744.663
1725 915.963 1016.71
1726 178.756 113.878
1727 1214.99 1143.92
1728 629.02 194.419
1729 1090.69 303.091
1730 739.035 503.361
1731 572.89 10.1728
1732 1257.81 546.685
1733 369.534 1095.84
1734 1236.54 808.501
1735 389.152 21.1725
1736 1038.36 1216.03
1737 1421.13 1064.75
1738 751.194 1256.41
1739 839.644 1288.49
1740 1356.95 1115.72
1741 1231.29 1229.56
1742 995.224 189.789
1743 254.731 705.882
1744 1417.69 869.429
1745 884.286 1464.35
1746 358.86 892.56
1747 267.587 1146.41
1748 156.01 211.525
1749 344.657 1013.6
1750 1371.28 1359.11
1751 601.977 633.818
1752 825.653 272.91
1753 1223.72 639.431
1754 348.007 325.226
1755 247.279 937.555
1756 432.007 29.1062
1757 162.208 1392.06
1758 1117.71 406.351
1759 43.572 787.711
1760 1384.38 1062.43
1761 1016.82 485.662
1762 1080.46 1261.74
1763 1446.58 993.368
1764 1135.01 431.783
1765 917.647 936.411
1766 978.023 263.042
1767 853.583 874.861
1768 771.201 1425.12
1769 721.635 77.9364
1770 507.163 1398.67
1771 666.953 1307.56
1772 38.7932 553.73
1773 1367 868.059
1774 147.114 198.662
1775 568.106 108.989
1776 295.252 645.769
1777 1448.94 171.65
1778 809.07 431.704
1779 280.062 496.197
1780 649.028 1044.78
1781 635.9 1014.15
1782 676.097 369.418
1783 902.063 1360.3
1784 313.391 673.867
1785 1332.57 1294.65
1786 1000.52 397.619
1787 1390.28 1103.67
1788 1035.93 170.008
1789 1240.62 419.754
1790 1351.56 1394.25
1791 157.527 560.248
1792 255.817 994.5
1793 562.977 1333.27
1794 1286.15 669.476
1795 526.765 810.752
1796 7.33313 278.071
1797 1158.34 723.083
1798 430.668 594.379
1799 420.422 1168.55
1800 501.901 1056.42
1801 112.215 513.048
1802 156.485 1445.03
1803 749.656 880.417
1804 919.73 1096.61
1805 1328.25 67.1177
1806 609.973 1093.49
1807 926.368 57.5213
1808 873.01 1134.1
1809 197.451 1263.16
1810 94.9234 334.065
1811 509.698 176.403
1812 531.069 619.695
1813 724.577 759.692
1814 821.185 127.108
1815 712.4 657.896
1816 528.122 392.549
1817 197.678 1.67485
1818 1183.37 377.29
1819 625.172 421.462
1820 766.964 349.172
1821 1165.92 1054.34
1822 272.414 866.079
1823 698.9 1228.12
1824 461.082 49.9287
1825 321.798 571.124
1826 45.4473 1248.03
1827 869.098 1370.39
1828 979.982 446.371
1829 888.751 837.278
1830 241.043 1411.71
1831 1011.66 671.476
1832 999.617 1225.35
1833 1288.83 772.366
1834 971.399 907.86
1835 1099.79 1224.72
1836 1164.45 761.877
1837 1082.54 585.787
1838 98.328 918.803
1839 178.606 75.8541
1840 203.967 579.042
1841 1061.81 573.927
1842 27.7935 463.922
1843 464.568 536.632
1844 1230.47 1032.89
1845 4.07396 241.088
1846 1413.53 481.633
1847 1342.24 1053.51
1848 371.88 1472.23
1849 1334.95 997.533
1850 594.726 279.655
1851 767.026 525.587
1852 1270.55 913.428
1853 1323.04 1446.34
1854 1453.22 439.704
1855 735.701 985.175
1856 895.294 240.726
1857 322.845 1066.51
1858 130.684 1132.23
1859 562.026 303.046
1860 1083.31 1122.47
1861 535.867 1133.06
1862 1001.52 1288.72
1863 911.462 1394.64
1864 180.207 842.393
1865 979.18 170.518
1866 43.8177 1258.95
1867 1178.91 565.421
1868 1416.97 212.287
1869 975.035 364.608
1870 1116.45 963.888
1871 1091.89 1368.43
1872 473.367 1287.6
1873 657.674 765.848
1874 824.135 1287.1
1875 725.895 564.685
1876 615.757 64.595
1877 824.932 775.942
1878 670.374 1388.08
1879 1242.6 610.099
1880 1337.21 1475.89
1881 1268.68 1110.97
1882 424.134 525.62
1883 789.217 766.177
1884 617.07 816.011
1885 1413.67 477.773
1886 1128.31 1064.98
1887 1340.62 431.692
1888 1104.28 280.877
1889 373.628 878.256
1890 1125.95 758.523
1891 308.173 307.041
1892 410.067 1088.51
1893 1029.71 136.556
1894 552.927 65.3645
1895 1260.44 473.662
1896 1433.08 758.515
1897 98.8712 1472.96
1898 990.904 197.27
1899 383.813 1464.59
1900 973.587 825.871
1901 142.453 659.801
1902 458.955 1450.24
1903 1419.87 320.214
1904 1292.17 806.415
1905 522.282 487.143
1906 1353.69 417.977
1907 149.017 1258.48
1908 1190.21 123.849
1909 1103.66 205.554
1910 760.15 434.363
1911 214.743 1457.47
1912 808.135 922.21
1913 1480.45 199.884
1914 863.861 277.12
1915 249.734 331.077
1916 807.958 1006.9
1917 1044.71 1456.25
1918 994.726 472.703
1919 1100.11 897.482
1920 727.183 8.86006
1921 902.409 784.736
1922 430.12 299.889
1923 433.606 465.189
1924 1401.85 155.625
1925 1385.1 292.363
1926 794.893 994.138
1927 345.428 457.585
1928 1127.04 1302.84
1929 648.675 546.397
1930 742.684 1069.95
1931 525.802 1203.63
1932 804.703 362.842
1933 1268.84 1342.51
1934 1217.17 930.481
1935 871.602 182.061
1936 224.081 373.344
1937 285.585 1361.78
1938 487.608 870.561
1939 9.50592 679.525
1940 29.5136 1167.27
1941 89.3103 418.17
1942 0.72426 476.654
1943 290.564 1145.01
1944 478.211 696.545
1945 899.714 1409.82
1946 1196.84 764.502
1947 767.037 907.996
1948 1345.68 782.201
1949 777.796 365.287
1950 506.02 223.706
1951 1341.32 219.484
1952 1315.57 739.289
1953 222.139 417.536
1954 184.766 1215.75
1955 431.751 619.514
1956 1332.36 1254.37
1957 756.897 1480.01
1958 347.373 1132.23
1959 858.792 599.132
1960 431.433 43.9535
1961 55.5514 714.935
1962 664.383 471.218
1963 194.419 848.195
1964 186.544 726.795
1965 32.9053 237.726
1966 1124.32 901.432
1967 675.735 184.403
1968 1098.93 868.014
1969 512.927 916.189
1970 999.434 545.775
1971 759.751 578.412
1972 1226.24 1327.19
1973 1116.56 277.198
1974 139.331 261.82
1975 383.378 1044.1
1976 1276.96 1066.2
1977 58.1558 34.4929
1978 742.701 919.358
1979 1140.23 223.163
1980 748.161 979.332
1981 133.314 554.816
1982 1110.51 1178.24
1983 916.614 878.923
1984 891.817 396.792
1985 1045.83 639.522
1986 159.201 223.558
1987 886.604 1248.03
1988 871.059 1270.4
1989 1193.9 681.29
1990 1306.61 831.405
1991 490.515 435.054
1992 1405.34 1336.12
1993 239.584 1173.94
1994 1219.16 735.573
1995 176.095 135.391
1996 1121.78 1301.94
1997 920.535 979.776
1998 44.6665 796.584
1999 726.249 1172.76
2000 1143.54 831.258
2001 187.629 1170.75
2002 1240.88 1331.78
2003 406.31 1035.63
2004 1122.76 324.736
2005 1202.29 1400.89
2006 1005.05 18.2423
2007 1084.5 1279.35
2008 61.4893 579.137
2009 452.346 318.481
2010 1390.22 1438.91
2011 217.032 505.567
2012 1211.98 327.818
2013 126.393 693.195
2014 1160.72 533.237
2015 1175.22 811.398
2016 599.322 753.004
2017 1102.44 608.729
2018 1419.41 605.798
2019 996.618 94.3228
2020 1169.05 1315.65
2021 650.808 555.327
2022 1023.47 865.944
2023 26.7653 1141.75
2024 1475.93 0.588461
2025 1004.13 735.021
2026 1081.46 1003.37
2027 383.767 98.4089
2028 1350.59 849.455
2029 1028.72 1428.38
2030 408.241 193.604
2031 659.258 503.312
2032 1101.19 73.0476
2033 29.7852 1434.62
2034 42.8219 839.282
2035 527.431 771.597
2036 234.761 1247.99
2037 1290.45 300.613
2038 1275.85 992.994
2039 1191.63 222.982
2040 1392.39 1369.84
2041 883.546 1336.35
2042 739.198 685.5
2043 1258.85 927.958
2044 686.337 1445.07
2045 243.125 897.165
2046 811.398 1359.53
2047 594.799 854.989
2048 1408.5 454.144
2049 338.682 1165.43
2050 583.754 233.8
2051 790.575 1229.7
2052 24.9417 1223.63
2053 60.2219 1289.82
2054 452.718 504.843
2055 407.713 829.447
2056 1093.47 335.197
2057 1126.9 353.801
2058 1251.63 125.704
2059 25.847 929.901
2060 1270.94 31.8675
2061 281.59 1281.34
2062 350.466 546.862
2063 63.7818 89.1745
2064 514.061 716.236
2065 424.825 539.529
2066 331.802 1404.6
2067 857.616 1390.67
2068 795.555 57.0808
2069 514.587 200.303
2070 269.405 415.713
2071 348.731 1286.65
2072 569.269 344.736
2073 49.5391 1050.81
2074 373.033 1197.61
2075 981.78 427.89
2076 148.713 159.654
2077 88.8124 332.74
2078 510.518 659.62
2079 1211.05 1121.32
2080 908.541 1105.49
2081 1238.43 688.771
2082 1227.94 1208.14
2083 1182.06 233.574
2084 509.789 1408.32
2085 1274.97 613.629
2086 87.1391 175.44
2087 783.38 854.796
2088 876.282 861.779
2089 336.872 911.65
2090 643.449 626.02
2091 556.232 1370.97
2092 618.111 1194.8
2093 666.817 105.413
2094 97.0056 212.751
2095 605.617 1361.01
2096 599.914 1005.31
2097 887.309 1314.8
2098 908.573 112.804
2099 402.344 364.661
2100 888.848 850.45
2101 119.82 391.903
2102 685.283 410.158
2103 982.629 760.428
2104 1480.53 575.923
2105 1439.71 1218.06
2106 574.7 139.963
2107 522.101 1250.15
2108 1011.7 298.124
2109 156.531 1338.48
2110 1325.37 414.582
2111 563.213 1459.57
2112 1076.91 1322.71
2113 550.003 554.15
2114 725.183 311.284
2115 1295.07 639.477
2116 534.32 367.686
2117 131.363 635.357
2118 695.633 848.38
2119 684.471 273.849
2120 1170.71 1091.73
2121 1380.35 1298.06
2122 1104.66 1341.24
2123 79.6686 1457.85
2124 313.066 903.832
2125 261.06 11.7692
2126 845.184 375.846
2127 479.37 853.541
2128 1035 9.17692
2129 1091.73 359.719
2130 991.422 646.662
2131 530.962 443.959
2132 664.617 314.543
2133 1034.24 1363.83
2134 1093.06 1167.54
2135 624.312 483.987
2136 898.34 810.526
2137 545.775 111.174
2138 537.537 251.183
2139 368.739 866.52
2140 1203.53 754.543
2141 955.703 238.508
2142 183.238 64.945
2143 1106.17 923.148
2144 1174.13 654.007
2145 897.539 756.399
2146 1303.12 908.494
2147 1159.2 1186.55
2148 988.036 126.248
2149 261.413 316.218
2150 638.975 824.558
2151 71.6662 1211.5
2152 1310.32 1179.19
2153 363.74 1482.5
2154 284.94 478.781
2155 699.789 1457.65
2156 1391.56 135.572
2157 1299.1 779.164
2158 283.643 1123.1
2159 1467.81 983.41
2160 1333.14 1128.88
2161 1350.25 701.537
2162 913.473 544.191
2163 526.492 895.276
2164 40.9833 445.688
2165 456.902 749.424
2166 1090.26 539.788
2167 1047.37 718.828
2168 357.558 676.854
2169 1083.31 1199.91
2170 624.029 1479.38
2171 1074.17 627.3
2172 328.651 1038.94
2173 134.693 1373.5
2174 1375.41 1163.61
2175 732.269 1191.72
2176 306.145 390.183
2177 323.347 1096.16
2178 292.239 973.529
2179 1389.09 221.249
2180 731.002 726.705
2181 1440.46 805.513
2182 837.579 162.403
2183 673.25 1163.11
2184 1216.54 212.389
2185 328.379 726.342
2186 990.67 996.706
2187 1227.8 1358.53
2188 422.47 1008.26
2189 1041.34 1305.75
2190 625.56 1330.32
2191 222.991 1105.85
2192 903.459 552.565
2193 1479.89 330.489
2194 355.295 337.415
2195 405.521 774.856
2196 1339.29 1294.03
2197 423.738 201.468
2198 122.174 354.785
2199 818.142 1309.46
2200 99.9026 1061.9
2201 1390.44 1026.77
2202 334.514 1334.04
2203 341.325 860.726
2204 305.738 56.4923
2205 106.421 1087.07
2206 1003.42 516.76
2207 1035.34 1066.78
2208 1256.93 623.95
2209 0.135799 879.614
2210 907.679 1124.23
2211 546.545 1203.98
2212 795.913 605.696
2213 786.773 946.868
2214 47.1222 247.425
2215 575.379 1275.51
2216 1248.4 961.772
2217 45.6704 609.918
2218 878.615 883.054
2219 1117.94 995.8
2220 261.047 195.098
2221 636.127 1047.46
2222 642.102 1318.65
2223 244.802 568.306
2224 235.698 888.791
2225 620.038 926.374
2226 1188.15 1093.09
2227 140.031 577.824
2228 1464.38 634.032
2229 1381.93 674.636
2230 1425.57 560.758
2231 409.117 17.5059
2232 896.569 1123.33
2233 301.265 1232.77
2234 1400.69 46.4763
2235 812.484 1038.82
2236 962.18 1056.05
2237 121.467 436.819
2238 72.5586 1027.94
2239 189.439 1207.47
2240 475.487 630.423
2241 1029.9 1026.05
2242 1220.64 513.184
2243 399.328 396.397
2244 744.177 1030.8
2245 886.339 87.9071
2246 1172.6 481.18
2247 1004.46 809.768
2248 341.704 96.6887
2249 902.31 1057.59
2250 805.61 742.91
2251 967.838 1040.89
2252 1462.76 283.762
2253 722.766 481.983
2254 30.2427 1002.91
2255 1049.97 1276.27
2256 765.404 274.857
2257 862.521 346.604
2258 611.366 729.058
2259 1147.86 35.3982
2260 1482.41 1057.82
2261 211.484 959.056
2262 487.201 386.887
2263 1199.96 1009.75
2264 778.774 1355.5
2265 1466.61 696.331
2266 1264.78 1056.29
2267 309.938 1264.41
2268 419.117 1312.99
2269 766.629 1090.14
2270 1481.23 1139.9
2271 330.036 1343.19
2272 529.661 1251.16
2273 995.159 1193.67
2274 184.95 1403.98
2275 1146.76 156.753
2276 646.991 1479.2
2277 870.108 1163.34
2278 869.474 257.565
2279 1005.62 1347.56
2280 862.452 316.185
2281 136.116 1316.75
2282 508.385 598.996
2283 66.2698 190.151
2284 267.278 372.077
2285 711.945 460.132
2286 767.218 871.964
2287 394.044 115.655
2288 692.81 777.448
2289 924.02 744.211
2290 791.526 1441.58
2291 96.118 447.412
2292 249.019 335.094
2293 1398.41 759.568
2294 1302.22 1474.05
2295 73.784 1050.3
2296 1115.41 253.072
2297 382.641 255.302
2298 603.671 554.681
2299 969.468 755.663
2300 1057.47 264.446
2301 1423.25 16.658
2302 867.373 821.266
2303 1142.57 462.259
2304 879.84 1474.23
2305 188.443 718.059
2306 332.526 593.305
2307 1126.39 1414.07
2308 84.2583 1276.72
2309 351.218 1420.53
2310 693.838 834.8
2311 1104.02 1333.18
2312 75.3683 1348.57
2313 378.833 1268.5
2314 1151.23 511.904
2315 442.387 169.839
2316 1078.14 353.982
2317 872.19 445.556
2318 448.408 1265.09
2319 652.058 692.529
2320 1063.3 671.706
2321 196.189 681.755
2322 1069.64 28.2914
2323 1181.42 869.339
2324 408.483 1418.13
2325 560.632 1172.11
2326 911.165 1049.86
2327 1253.2 1087.88
2328 611.909 1039.75
2329 684.971 1291.03
2330 1275.74 557.68
2331 1412.9 430.877
2332 1241.43 526.266
2333 1228.89 892.231
2334 1476.99 843.537
2335 1192.03 995.948
2336 972.319 119.771
2337 59.7692 1317.64
2338 519.295 1347.38
2339 1042.48 435.778
2340 1185.52 969.365
2341 412.237 301.009
2342 1378.73 710.182
2343 111.08 517.653
2344 544.598 1285.06
2345 65.4033 1186.34
2346 1082.32 972.353
2347 52.753 1359.88
2348 910.392 168.695
2349 1374.51 685.331
2350 549.846 295.803
2351 1149.27 1422.81
2352 903.062 1358.62
2353 1052.23 150.408
2354 595.523 1439
2355 606.749 1022.2
2356 1310.68 722.993
2357 1368.01 1019.79
2358 1086.52 1089.46
2359 416.812 1060.76
2360 1108.12 1242.59
2361 1316.93 577.462
2362 979.793 27.9624
2363 117.511 1151.21
2364 168.597 787.576
2365 1069.65 618.292
2366 372.333 81.2861
2367 381.323 125.704
2368 184.279 877.339
2369 110.857 818.097
2370 198.678 1370.65
2371 1453.15 256.886
2372 1205.4 1457.66
2373 1450.2 68.0805
2374 1019.76 1408.23
2375 225.471 81.2529
2376 1261.03 358.147
2377 1056.79 519.147
2378 1340.18 200.892
2379 1178.73 491.818
2380 1387.14 1130.06
2381 410.293 1393.33
2382 823.675 831.62
2383 460.49 1354.67
2384 1482.03 65.6775
2385 552.101 715.24
2386 1032.89 1374.69
2387 927.939 356.427
2388 2.71598 940.724
2389 1431.18 1245.05
2390 1050.09 1215.21
2391 886.178 69.0642
2392 1187.65 141.004
2393 1180.27 1213.36
2394 1335.52 957.188
2395 1222.68 240.714
2396 1056.2 1461.59
2397 491.637 1010.57
2398 852.726 487.687
2399 1427.7 1233.19
2400 462.153 640.518
2401 129.643 275.49
2402 1213.59 754.362
2403 996.31 874.227
2404 881.787 317.893
2405 1194.4 295.317
2406 898.141 911.21
2407 881.108 168.934
2408 502.229 781.917
2409 637.515 1134.23
2410 1371.38 692.845
2411 101.894 1482.19
2412 46.8021 1397
2413 369.452 415.487
2414 817.21 526.027
2415 592.746 742.457
2416 734.174 1203.53
2417 976.584 1448.75
2418 406.213 1187.97
2419 326.593 948.328
2420 122.536 322.432
2421 1057.15 591.992
2422 1037.54 99.2689
2423 140.841 537.084
2424 362.979 817.011
2425 1470.49 378.833
2426 384.718 957.55
2427 1386.82 1002.96
2428 819.274 1074.25
2429 393.517 235.599
2430 21.1393 1331.37
2431 514.723 313.321
2432 1272.69 151.358
2433 72.8787 757.712
2434 1299.07 958.739
2435 692.076 140.856
2436 83.7232 562.738
2437 801.168 1229.15
2438 746.758 725.528
2439 238.48 134.256
2440 1409.23 410.327
2441 509.336 676.583
2442 812.449 568.396
2443 945.703 1324.21
2444 1238.9 787.09
2445 774.577 1253.68
2446 977.525 46.929
2447 1025.6 334.234
2448 658.711 835.027
2449 604.893 11.5429
2450 1094.86 502.546
2451 1136.45 1254.78
2452 1093.17 947.016
2453 464.251 119.997
2454 876.581 664.632
2455 74.3773 237.24
2456 43.8889 1452.14
2457 210.669 158.646
2458 599.66 410.824
2459 857.388 226.282
2460 431.463 1404.96
2461 769.569 1104.72
2462 319.486 531.187
2463 403.471 1185.87
2464 713.532 221.488
2465 181.654 162.63
2466 647.469 691.837
2467 1337.12 1035.74
2468 1166.42 640.958
2469 251.59 1273.15
2470 698.554 720.956
2471 525.604 536.167
2472 1477.74 1121.87
2473 450.807 811.171
2474 275.672 686.191
2475 490.324 1036.19
2476 1260.92 364.653
2477 438.861 1078.91
2478 76.5453 1119.07
2479 551.253 1142.84
2480 1201.78 112.215
2481 126.718 809.497
2482 106.693 1249.71
2483 1379.61 1214.27
2484 950.818 1385.86
2485 631.148 1312.17
2486 421.61 914.683
2487 256.66 1012.96
2488 459.902 323.925
2489 1438.06 970.542
2490 196.732 515.525
2491 1045.15 932.21
2492 1430.01 1311.82
2493 236.38 465.564
2494 44.7683 788.629
2495 275.94 318.086
2496 817.418 14.8926
2497 1033.36 698.051
2498 1259.71 744.437
2499 1108.48 1220.56
2500 1288.59 378.154
2501 449.289 1401.48
2502 300.783 1298.95
2503 1450.96 1418.95
2504 391.608 254.973
2505 78.4917 282.54
2506 603.173 907.498
2507 531.617 142.317
2508 902.334 1006.57
2509 191.374 373.344
2510 252.159 696.15
2511 129.66 1192.57
2512 612.588 1173.52
2513 772.42 1305.56
2514 718.874 472.16
2515 1220.2 448.679
2516 761.964 151.008
2517 1090.36 1474.04
2518 849.455 1211.73
2519 670.547 1152.51
2520 276.611 298.836
2521 983.643 718.508
2522 300.387 104.972
2523 1399 1347.26
2524 709.657 897.404
2525 778.942 614.93
2526 608.695 92.0142
2527 781.658 903.186
2528 1114.51 1053.74
2529 542.471 1401.79
2530 1471.68 1112.86
2531 119.1 1137.48
2532 40.9708 599.087
2533 396.216 840.084
2534 586.289 714.075
2535 826.716 200.97
2536 839.814 993.504
2537 1081 1320.68
2538 1172.46 92.7506
2539 1430.5 954.11
2540 146.566 94.516
2541 570.355 108.265
2542 1087.02 1281.39
2543 151.189 980.455
2544 614.173 747.56
2545 243.55 802.287
2546 59.0531 1127.25
2547 82.0225 801.258
2548 221.604 598.103
2549 760.7 144.206
2550 1276.02 879.964
2551 1193.08 285.346
2552 1203.08 51.5914
2553 146.798 560.306
2554 1135.01 530.644
2555 1479.18 265.306
2556 1226.63 939.275
2557 560.713 374.974
2558 1462.8 1480.83
2559 1479.41 318.72
2560 1229.05 1259.52
2561 1208.79 1238.39
2562 1460.42 194.283
2563 976.167 386.517
2564 117.253 476.156
2565 948.264 408.969
2566 1173.18 1315.8
2567 231.899 923.555
2568 1410.04 527.714
2569 472.172 1089.47
2570 899.033 496.164
2571 212.308 1452.01
2572 509.608 1056.29
2573 1268.68 506.382
2574 1222.07 1338.61
2575 1346.17 1418.83
2576 1327.19 1304.35
2577 746.001 1226.25
2578 1408.32 925.782
2579 1062.97 1176.59
2580 891.023 470.214
2581 978.113 562.376
2582 675.851 975.895
2583 107.286 825.928
2584 126.1 436.762
2585 371.455 752.766
2586 97.1414 597.457
2587 861.462 860.364
2588 254.985 1188.82
2589 660.959 955.649
2590 901.088 682.298
2591 90.6683 565.816
2592 88.1787 1303.44
2593 564.606 233.064
2594 338.139 988.072
2595 1304.12 263.31
2596 1482.03 864.31
2597 451.033 404.454
2598 584.569 1418.42
2599 63.7446 766.494
2600 643.188 1470.19
2601 572.482 1115.35
2602 69.2121 642.283
2603 980.467 937.193
2604 496.272 989.068
2605 324.74 1275.74
2606 424.462 1310.73
2607 169.477 1281.31
2608 192.062 11.1355
2609 8.37426 14.8021
2610 1055.14 852.681
2611 1058.6 1035.54
2612 1065.16 696.274
2613 601.951 1219.07
2614 1458.61 261.174
2615 334.128 115.882
2616 1242.78 202.781
2617 408.619 704.557
2618 620.437 1293.8
2619 768.602 568.59
2620 1118.8 935.337
2621 473.639 79.4754
2622 550.509 905.823
2623 104.067 357.106
2624 440.758 514.089
2625 1399.67 76.7142
2626 1365.46 900.379
2627 1302.82 273.227
2628 135.165 903.91
2629 790.847 173.991
2630 328.358 649.106
2631 851.176 406.989
2632 29.9258 80.8334
2633 1022.31 64.1302
2634 700.114 630.049
2635 703.302 404.726
2636 222.909 1329.29
2637 717.142 274.993
2638 118.462 1237.25
2639 1003.43 887.445
2640 1430.05 1428.91
2641 1224.85 27.5098
2642 366.526 932.711
2643 508.741 203.789
2644 812.851 859.504
2645 43.4556 652.875
2646 816.694 1473.9
2647 1003.55 1206.06
2648 252.907 956.736
2649 213.747 616.481
2650 147.477 647.806
2651 603.96 1449.74
2652 910.458 1144.1
2653 1276.11 842.121
2654 890.656 204.908
2655 554.213 1420.27
2656 545.159 376.015
2657 956.778 344.069
2658 970.509 523.175
2659 1386.78 605.424
2660 1368.08 1304.39
2661 560.401 240.635
2662 636.398 894.268
2663 1169.95 587.453
2664 1058.77 781.296
2665 1369.71 1392.7
2666 1478.72 766.041
2667 691.085 856.483
2668 24.7154 505.851
2669 1074.84 1126.12
2670 1456.22 1184.74
2671 702.351 491.637
2672 1221.42 1103.49
2673 1097.8 204.365
2674 799.119 960.143
2675 357.102 816.41
2676 318.021 1070.59
2677 789.395 637.427
2678 1237.88 314.601
2679 1190.05 486.555
2680 382.949 503.53
2681 437.948 1218.69
2682 512.049 446.597
2683 49.79 465.156
2684 1255.64 993.776
2685 1430.37 353.019
2686 1418.83 1012.46
2687 684.069 648.337
2688 786.799 49.5213
2689 975.325 270.635
2690 1307.33 1374.92
2691 525.719 1130.92
2692 343.164 715.795
2693 32.9215 203.472
2694 815.703 27.7935
2695 187.963 725.697
2696 629.065 0.452663
2697 819.18 457.551
2698 201.884 1039.81
2699 957.753 607.144
2700 1388.08 178.744
2701 564.108 1235.08
2702 1247.58 432.779
2703 722.54 1457.08
2704 352.176 923.432
2705 1474.42 893.235
2706 899.376 4.97929
2707 241.484 1229.24
2708 455.388 495.97
2709 1063.75 1402.47
2710 963.633 157.424
2711 471.72 1175.79
2712 1202.96 784.181
2713 168.26 1194.61
2714 347.102 354.468
2715 1365.73 1231.42
2716 565.874 818.085
2717 69.8911 668.525
2718 840.051 70.7512
2719 500.876 1147.9
2720 737.614 1314.38
2721 1160.41 1453.35
2722 1366.54 580.902
2723 1018.38 48.0275
2724 4.1645 1047.04
2725 1317.52 447.852
2726 521.328 261.944
2727 1253.56 383.529
2728 1050 767.025
2729 1052.89 583.935
2730 858.384 681.336
2731 1346.81 358.147
2732 219.043 1426.19
2733 1162.44 410.882
2734 413.507 655.184
2735 510.332 704.24
2736 297.626 608.107
2737 273.706 577.326
2738 714.483 1090.06
2739 1166.92 1435.3
2740 514.134 199.122
2741 316.366 88.5861
2742 296.446 2.53491
2743 360.908 471.074
2744 769.387 1145.54
2745 197.432 1030.43
2746 1007.9 1223.31
2747 771.835 407.882
2748 616.617 1388.09
2749 1.44852 915.724
2750 339.675 178.563
2751 1093.49 418.882
2752 1076.07 1218.37
2753 248.381 362.209
2754 1229.02 816.513
2755 500.905 1438.41
2756 112.532 927.913
2757 956.024 1312.53
2758 757.104 637.201
2759 313.194 1022.37
2760 785.041 262.351
2761 468.642 28.9704
2762 796.646 844.385
2763 1323.77 377.825
2764 968.114 777.436
2765 33.7654 1422.84
2766 526.51 425.322
2767 268.627 186.855
2768 845.781 251.623
2769 782.925 677.274
2770 1354.08 649.74
2771 1094.13 539.019
2772 358.114 474.255
2773 1438.97 457.189
2774 1333.86 1463.49
2775 1152.89 33.168
2776 259.253 271.54
2777 1436.34 1026.59
2778 412.874 288.301
2779 644.362 34.4929
2780 552.52 985.945
2781 1025.64 476.835
2782 1445.8 143.947
2783 1018.83 1357.43
2784 145.667 1060.14
2785 682.328 385.442
2786 556.277 676.447
2787 667.839 1245.58
2788 32.5965 866.294
2789 36.6252 368.546
2790 1095.9 84.3311
2791 125.24 135.198
2792 502.156 776.588
2793 436.734 687.22
2794 1443.99 962.575
2795 1326.63 924.597
2796 1086.95 1418.1
2797 640.744 1005.68
2798 476.371 358.814
2799 544.159 1365.59
2800 147.927 757.033
2801 708.928 1404.84
2802 816.06 1017.99
2803 651.246 606.375
2804 1475.92 1253.47
2805 1429.19 735.655
2806 759.613 490.686
2807 540.356 1274.28
2808 1283.42 173.177
2809 1238.71 116.828
2810 952.04 81.6029
2811 716.158 556.002
2812 1112.92 679.085
2813 1335.19 454.337
2814 129.195 650.192
2815 808.769 88.3597
2816 1037.64 445.42
2817 4.0287 191.328
2818 1187.27 1135.81
2819 55.1311 706.697
2820 1031.45 1359.12
2821 798.452 990.097
2822 975.756 218.229
2823 175.724 114.162
2824 81.0266 1195.89
2825 11.3166 1072.63
2826 445.598 112.713
2827 1131.47 662.777
2828 629.337 459.531
2829 499.539 1418.9
2830 436.819 239.096
2831 1180.59 1191.8
2832 625.399 795.769
2833 855.945 278.783
2834 1469.9 1332.08
2835 1475.82 224.463
2836 127.36 1070
2837 1038.5 101.532
2838 195.917 41.316
2839 693.575 1173.24
