1 83.1949 536.733
2 775.114 540.686
3 984.999 409.194
4 694.226 1031.99
5 656.116 993.299
6 872.818 888.486
7 1089.21 729.718
8 400.811 235.325
9 461.771 163.069
10 1108.99 139.791
11 148.893 581.712
12 478.334 55.4433
13 1204.91 533.882
14 900.574 1020.06
15 1070.74 406.038
16 1043.52 321.565
17 397.735 1170.65
18 322.623 644.712
19 1110.19 1112.58
20 267.636 629.773
21 1169.64 587.464
22 975.387 1173.08
23 888.166 897.765
24 345.927 737.407
25 307.33 1137.06
26 1176.43 786.163
27 1100.38 499.612
28 484.564 846.761
29 908.56 124.883
30 488.424 800.708
31 246.788 215.608
32 1248.26 63.4637
33 563.964 547.943
34 206.08 287.362
35 60.0666 715.018
36 628.074 672.438
37 385.762 104.383
38 893.587 44.48
39 1205.43 907.484
40 1084.13 751.999
41 1099.38 148.979
42 560.21 308.526
43 24.5902 1196.74
44 425.06 522.928
45 1200.01 1253.79
46 446.716 593.833
47 327.394 1023.69
48 261.289 689.578
49 190.43 1120.65
50 197.606 829.428
51 802.908 520.912
52 1037.54 858.892
53 474.781 645.832
54 1190.37 504.275
55 491.809 760.376
56 34.1252 98.3315
57 708.391 82.5814
58 1098.8 408.692
59 281.417 457.141
60 114.597 467.262
61 829.969 559.092
62 320.488 827.344
63 133.557 741.143
64 1098.04 534.925
65 258.684 413.324
66 19.3402 1114.24
67 606.282 224.989
68 768.036 229.264
69 652.664 587.772
70 947.282 695.244
71 1177.9 205.378
72 654.054 1054.42
73 546.906 92.8112
74 454.355 739.099
75 824.236 874.596
76 512.264 717.527
77 756.932 409.387
78 430.842 761.062
79 165.26 871.469
80 278.957 1028.71
81 950.762 939.37
82 1137.17 235.134
83 152.907 103.186
84 1144.04 753.698
85 996.542 672.67
86 672.584 191.52
87 298.943 251.693
88 570.208 1156.06
89 312.956 1199.68
90 478.101 6.0221
91 1213.3 130.131
92 829.776 146.624
93 1052.48 902.622
94 803.603 384.258
95 429.135 264.316
96 1133.16 725.518
97 774.803 15.0258
98 749.308 705.126
99 949.852 566.116
100 689.453 1229.4
101 121.088 157.665
102 665.635 350.874
103 1048.81 1066.07
104 523.959 225.674
105 513.616 734.165
106 1186.68 954.773
107 1089.69 829.081
108 120.476 1080.05
109 198.305 585.851
110 929.256 23.5866
111 94.8867 377.23
112 28.5664 1235.03
113 654.41 1180.41
114 714.897 193.055
115 692.348 646.835
116 729.909 589.859
117 747.181 368.863
118 1061.68 271.11
119 1045.45 41.3054
120 384.025 918.988
121 368.207 559.824
122 954.812 931.379
123 1162.61 254.704
124 456.863 399.275
125 1036.07 1179.57
126 1154.84 172.595
127 546.825 202.397
128 388.927 711.264
129 240.476 536.584
130 1088.61 110.212
131 667.063 329.487
132 561.059 1128.45
133 1098.95 1168.95
134 138.673 474.858
135 710.222 513.345
136 533.982 697.144
137 1166.82 484.625
138 1034.22 90.0999
139 645.716 904.212
140 137.08 985.926
141 236.455 286.592
142 384.762 156.073
143 1106.6 663.405
144 172.748 653.205
145 866.372 921.776
146 592.64 282.16
147 158.196 1236.81
148 1202.68 390.163
149 858.535 474.056
150 350.749 1218.98
151 48.8518 933.234
152 551.833 1193.73
153 514.696 630.554
154 773.222 144.723
155 279.637 673.311
156 1257.9 977.896
157 1251.11 1057.27
158 144.685 781.059
159 771.871 40.0407
160 1248.84 1099.78
161 779.9 193.049
162 163.584 353.721
163 969.511 498.569
164 780.805 990.413
165 1207.88 828.395
166 771.881 835.335
167 54.3309 853.41
168 1183.81 506.281
169 509.902 810.474
170 285.895 859.857
171 639.694 888.964
172 1113.09 1091.28
173 21.0773 697.097
174 1008.09 77.438
175 668.618 815.888
176 912.966 548.754
177 689.222 143.15
178 800.63 287.362
179 913.815 1062.64
180 101.835 595.609
181 302.386 1217.7
182 553.497 1038
183 714.492 426.257
184 279.085 810.59
185 609.195 623.528
186 755.851 1002.56
187 513.697 105.618
188 1124.13 852.127
189 412.984 1181.22
190 971.797 622.64
191 1146.05 640.12
192 112.721 56.1382
193 560.21 906.21
194 245.092 350.217
195 493.537 1056.72
196 1247.84 89.3278
197 754.816 483.891
198 123.244 819.353
199 587.077 115.655
200 684.89 481.97
201 205.794 937.102
202 618.859 1227.31
203 144.144 724.775
204 776.333 1089.55
205 1108.39 923.041
206 542.761 20.0737
207 1117.86 197.496
208 831.86 1255.3
209 294.433 741.413
210 815.222 106.699
211 567.93 550.028
212 215.406 310.756
213 62.7342 1163.36
214 410.252 521.375
215 37.9469 293.425
216 1246.28 164.999
217 111.779 1095.94
218 744.694 1215.54
219 1174.33 1098.46
220 291.04 731.222
221 445.211 981.109
222 616.339 575.651
223 586.271 641.469
224 176.754 1055.96
225 600.048 709.189
226 99.9051 220.202
227 461.038 1250.01
228 937.517 270.222
229 717.247 16.638
230 281.304 152.676
231 234.927 366.73
232 501.185 741.722
233 978.733 1115.79
234 139.087 806.546
235 563.877 1107.3
236 845.15 756.702
237 965.033 1148.88
238 235.782 651.207
239 1009.24 1008.48
240 911.151 866.574
241 755.465 48.6492
242 254.83 601.594
243 590.745 14.9486
244 876.226 266.246
245 990.79 497.906
246 954.474 95.0025
247 1167.24 25.0535
248 182.748 1252.64
249 1102.62 1191.26
250 370.436 91.9234
251 780.766 1227.32
252 679.002 217.182
253 106.854 336.852
254 95.5429 529.211
255 676.235 738.141
256 1098.96 1055.42
257 1089.96 687.677
258 430.773 151.826
259 282.72 184.996
260 650.472 397.39
261 81.8611 439.536
262 44.2007 318.37
263 1082.78 907.137
264 607.344 1211.18
265 703.814 1026.92
266 439.629 569.552
267 469.535 287.015
268 511.714 771.871
269 425.287 345.771
270 883.792 8.69486
271 195.413 240.228
272 13.3953 401.705
273 424.734 1109.42
274 512.433 319.596
275 1052.13 10.9338
276 300.217 739.676
277 466.646 941.503
278 1252.6 226.185
279 908.758 518.171
280 947.938 151.247
281 801.904 601.631
282 817.925 585.919
283 829.969 412.291
284 981.799 1210.91
285 766.186 686.983
286 815.608 1128.57
287 822.364 540.368
288 750.026 45.8697
289 96.4694 182.439
290 318.09 359.637
291 652.463 366.113
292 472.58 377.771
293 154.065 762.22
294 850.15 387.113
295 104.576 643.138
296 794.649 424.442
297 537.858 508.676
298 567.091 48.8808
299 1230.86 904.126
300 983.532 60.607
301 756.666 773.95
302 568.443 551.717
303 475.36 570.439
304 867.8 159.586
305 937.517 207.878
306 37.0956 334.12
307 1155.47 46.7962
308 362.831 31.6932
309 207.122 1038.9
310 1036.61 1042.22
311 1226.54 1114.14
312 145.688 1209.83
313 258.629 19.07
314 1002.75 1254
315 871.104 1177.37
316 1099.23 300.024
317 1127.3 648.388
318 779.283 566.463
319 574.464 709.189
320 957.977 885.21
321 258.266 1256
322 562.835 1250.94
323 63.5409 492.779
324 657.026 945.317
325 970.214 130.286
326 1177.55 887.024
327 678.721 719.178
328 561.522 594.412
329 356.848 410.4
330 240.807 1004.12
331 210.304 325.464
332 891.667 1157.98
333 963.291 51.9985
334 137.813 464.637
335 3.6673 1180.18
336 1238.27 746.856
337 967.25 978.051
338 475.833 880.693
339 585.042 325.116
340 882.408 320.368
341 426.836 1112.12
342 1089.21 73.1917
343 903.789 416.722
344 1160.43 286.204
345 787.438 1092.01
346 505.972 1110.42
347 301.53 1028.12
348 370.776 688.953
349 946.804 1093.74
350 752.299 69.563
351 528.681 763.34
352 561.252 743.275
353 673.626 826.542
354 656.37 397.159
355 1109.73 1145.52
356 844.213 27.9487
357 550.106 868.456
358 776.889 496.161
359 983.571 811.632
360 159.238 1090.78
361 258.873 724.553
362 1092.39 200.505
363 444.709 1136.83
364 480.48 751.15
365 857.184 1062.87
366 972.994 791.134
367 212.649 1162.54
368 1046.8 256.557
369 522.494 1090.46
370 254.703 696.44
371 587.965 628.228
372 922.23 923.436
373 658.532 874.642
374 176.957 515.083
375 554.425 846.114
376 1070.97 1019.64
377 1158.87 180.518
378 399.36 1249.86
379 940.335 1033.84
380 296.125 1255.54
381 1193.6 575.574
382 221.196 1246.16
383 844.081 840.671
384 124.232 78.7119
385 535.357 510.459
386 529.945 421.826
387 560.518 1048.04
388 766.466 615.19
389 869.691 747.049
390 867.8 380.482
391 92.8407 935.78
392 446.483 650.473
393 35.0903 264.209
394 1120.19 432.587
395 719.734 1149.11
396 1257.84 483.577
397 985.625 849.27
398 824.68 257.06
399 301.645 1051.71
400 1164.23 439.777
401 1028.1 709.179
402 1007.43 1189.6
403 813.794 452.545
404 1059.82 885.065
405 472.079 531.45
406 610.857 775.886
407 1032.83 1032.17
408 128.039 829.699
409 984.961 1211.72
410 860.311 836.232
411 1120.19 380.203
412 504.544 76.2027
413 572.061 267.529
414 959.769 761.448
415 1212.53 285.928
416 691.566 688.372
417 1175.81 1174.51
418 875.254 655.019
419 1167.76 741.847
420 633.153 952.109
421 356.964 688.99
422 907.368 770.558
423 187.914 260.735
424 743.721 171.939
425 767.625 590.282
426 125.934 1247.66
427 147.146 116.427
428 634.929 420.968
429 828.965 857.618
430 32.6197 600.897
431 1017.19 547.162
432 470.998 360.138
433 800.062 458.22
434 576.269 491.382
435 501.533 1132.47
436 130.788 269.112
437 594.333 253.239
438 242.969 860.118
439 525.428 971.295
440 65.7413 858.151
441 361.803 335.51
442 583.758 186.106
443 227.18 48.7576
444 475.283 1004.39
445 1141.49 994.573
446 957.04 839.542
447 295.53 874.324
448 784.07 651.778
449 1181.95 217.229
450 888.664 1146.48
451 1224.88 181.088
452 843.969 903.199
453 1018.58 365.466
454 1194.5 374.615
455 333.03 917.863
456 81.8855 500.915
457 1115.9 800.13
458 1014.46 509.91
459 130.875 1210.84
460 844.368 742.72
461 543.649 827.585
462 141.468 1218.47
463 223.831 144.337
464 470.904 308.131
465 661.08 557.632
466 757.622 623.21
467 854.667 1197.83
468 746.508 961.413
469 506.944 1165.86
470 390.65 1006.31
471 435.442 675.411
472 839.915 1159.4
473 1141.66 265.783
474 571.261 983.224
475 461.656 437.065
476 704.409 544.43
477 1113.16 1230.33
478 1076.91 1020.4
479 811.632 87.9381
480 29.7245 301.8
481 1149.76 491.505
482 42.0633 343.616
483 811.671 962.155
484 1222.53 41.6234
485 189.649 415.177
486 38.719 213.167
487 1134.55 345.662
488 1107.97 759.364
489 501.88 148.361
490 1133.74 1128.26
491 768.011 262.386
492 653.205 39.0664
493 209.615 548.976
494 820.318 1036.42
495 960.657 321.188
496 215.945 828.465
497 946.55 1068.58
498 117.547 223.628
499 316.343 395.528
500 840.816 505.895
501 1010.24 163.571
502 1238.21 737.832
503 450.349 588.592
504 681.501 672.506
505 1102.66 1148.6
506 561.203 937.633
507 200.505 459.773
508 312.57 148.275
509 1155.63 51.4195
510 182.256 905.554
511 177.999 1151.03
512 626.898 464.599
513 1151.65 509.842
514 846.875 434.363
515 711.081 829.583
516 408.227 283.347
517 1197.69 885.76
518 100.407 555.278
519 612.539 382.412
520 256.065 83.0741
521 856.828 989.718
522 653.745 1131.93
523 407.957 427.299
524 1227.85 1063.83
525 47.4819 662.98
526 816.043 889.002
527 241.888 1087.35
528 467.794 267.327
529 983.071 345.932
530 99.4337 622.477
531 873.961 784.649
532 467.832 1017.58
533 135.381 1185.23
534 97.4426 835.103
535 441.779 374.615
536 791.25 19.456
537 930.414 173.299
538 1016.52 0.772064
539 214.364 1014.85
540 405.579 213.823
541 582.638 921.381
542 374.181 300.101
543 1212.05 767.895
544 442.779 1088.39
545 1036.06 445.722
546 187.603 1102.67
547 726.474 1073.76
548 165.646 206.797
549 714.352 1187.67
550 210.769 312.379
551 934.854 578.237
552 1122.2 209.654
553 593.293 1156.55
554 710.315 444.834
555 277.982 1125.13
556 1116.67 803.333
557 271.37 1056.46
558 252.083 1116.68
559 690.512 926.216
560 812.828 214.827
561 42.5793 1018.89
562 785.614 854.337
563 521.066 671.618
564 1077.95 690.843
565 573.528 403.789
566 1162.34 469.154
567 906.944 952.959
568 262.463 591.989
569 688.025 1248.97
570 306.828 569.166
571 1236.5 633.14
572 1182.92 838.54
573 1227.35 188.885
574 439.15 657.49
575 971.758 1205.59
576 37.565 215.145
577 276.438 519.29
578 439.806 445.983
579 613.905 63.5023
580 408.578 617.342
581 373.679 661.514
582 567.004 156.545
583 465.886 89.5594
584 705.553 455.325
585 872.973 1189.34
586 1103.64 593.1
587 396.432 226.215
588 541.14 317.327
589 89.3318 510.682
590 802.477 65.9048
591 248.345 501.301
592 920.725 1155.78
593 542.105 1018.51
594 386.572 854.723
595 112.081 406.887
596 360.515 1199.71
597 774.313 183.635
598 918.447 681.317
599 769.392 1180.07
600 317.322 194.994
601 912.927 241.742
602 829.158 333.107
603 55.4728 800.601
604 908.626 630.274
605 607.306 495.356
606 991.182 302.697
607 805.421 729.996
608 879.651 693.361
609 699.49 241.849
610 275.858 918.37
611 358.855 177.043
612 414.405 898.923
613 871.158 765.694
614 614.138 1037.54
615 271.484 971.45
616 1055.63 1137.06
617 245.169 794.386
618 861.469 1246.5
619 163.678 902.513
620 332.189 849.743
621 628.228 342.111
622 906.249 665.05
623 360.313 92.7635
624 454.994 192.678
625 994.723 377.124
626 897.472 710.801
627 476.451 26.8678
628 428.804 344.234
629 73.1531 668.028
630 1201.14 126.319
631 194.261 167.547
632 212.147 1141.7
633 1041.13 467.639
634 412.475 1224.5
635 827.197 409.087
636 301.259 862.473
637 150.248 575.313
638 903.209 629.241
639 770.447 826.195
640 300.873 511.849
641 903.847 446.532
642 107.03 778.706
643 167.284 1173.5
644 582.098 1068.11
645 145.495 11.5055
646 260 1092.12
647 505.277 515.16
648 58.2116 882.556
649 991.214 392.179
650 45.3953 631.471
651 95.5815 1239.43
652 302.919 881.629
653 722.806 103.881
654 614.138 1085.95
655 724.968 874.372
656 901.742 1213.14
657 575.96 207.262
658 130.174 280.722
659 157.076 1104.09
660 926.67 826.186
661 115.385 881.929
662 322.954 993.376
663 274.272 57.596
664 848.153 160.975
665 206.421 436.641
666 1045.15 782.226
667 777.336 339.864
668 543.73 913.284
669 778.647 924.276
670 209.593 63.3092
671 1112.74 897.997
672 469.492 1190.18
673 1198.86 669.041
674 1163.4 620.508
675 579.434 1033.3
676 608.309 611.561
677 480.543 466.876
678 297.631 1171.07
679 373.866 274.439
680 87.2046 1044.03
681 1056.26 611.407
682 908.333 994.235
683 1034.26 304.936
684 2.70222 578.816
685 335.978 482.424
686 1009.59 289.726
687 1142.57 1174.12
688 165.067 576.463
689 122.008 1064.3
690 552.371 601.872
691 833.211 360.91
692 722.469 895.989
693 380.302 938.984
694 954.519 972.54
695 244.513 772.498
696 114.314 239.417
697 164.45 922.317
698 709.183 514.388
699 507.52 483.312
700 365.379 30.3126
701 1066.22 345.238
702 1218.07 14.6784
703 707.288 1043.98
704 278.483 1149.87
705 944.852 187.645
706 53.4105 1088.7
707 548.706 1073.59
708 278.894 316.315
709 730.797 49.4507
710 302.842 321.304
711 902.592 488.88
712 1082.55 561.985
713 1186.97 674.977
714 614.486 743.922
715 569.976 58.0996
716 247.06 175.152
717 1162.14 155.727
718 1153.81 83.0355
719 302.842 112.451
720 814.267 1108.89
721 959.058 110.135
722 207.21 947.207
723 264.718 126.319
724 361.497 714.593
725 829.39 1104.98
726 1252.89 356.269
727 100.506 16.5222
728 747.283 729.292
729 213.929 1218.12
730 443.937 1016.19
731 1087.71 1194.19
732 725.238 1205.09
733 187.303 1047.82
734 702.038 679.773
735 697.869 1120.97
736 1143.35 1245.5
737 123.9 719.834
738 468.889 700.802
739 640.376 478.612
740 17.2556 1099.73
741 803.381 816.235
742 641.002 103.195
743 431.992 1158.41
744 79.4047 960.718
745 686.915 125.422
746 537.507 311.451
747 845.625 306.471
748 769.508 92.1936
749 604.552 169.622
750 634.614 558.366
751 245.825 472.001
752 88.4785 1188.59
753 822.248 810.86
754 261.342 1067.66
755 814.682 234.244
756 1139.41 68.028
757 1205.84 263.891
758 206.334 71.9178
759 259.042 265.05
760 1093.64 245.062
761 1002.37 648.302
762 1143.02 456.753
763 1055.53 48.1473
764 1061.39 257.57
765 1096.91 162.365
766 1206.16 1110.74
767 1118.27 59.9139
768 1202.92 712.894
769 719.972 152.251
770 1239.73 702.086
771 803.564 631.471
772 903.662 195.525
773 559.976 167.701
774 979.826 322.886
775 771.755 276.978
776 873.844 1081.98
777 127.043 1118.96
778 1145.89 510.536
779 180.832 1011.25
780 16.9468 129.321
781 773.11 376.381
782 965.535 994.92
783 898.39 699.181
784 917.448 125.808
785 1062.21 976.933
786 941.571 244.976
787 291.145 143.266
788 925.126 1103.16
789 994.264 337.401
790 503.579 394.379
791 1020.78 951.376
792 635.766 769.834
793 422.049 225.143
794 254.064 430.782
795 705.86 975.696
796 438.987 1085.29
797 1031.48 358.624
798 966.47 30.6215
799 1080.97 687.378
800 63.4251 165.144
801 551.215 227.296
802 602.828 796.075
803 360.966 1228.51
804 870.466 925.859
805 1045.1 553.608
806 639.192 178.463
807 470.642 963.313
808 142.677 392.71
809 476.309 424.288
810 318.321 547.009
811 318.978 197.494
812 733.04 999.137
813 1176.63 454.793
814 963.188 613.8
815 294.311 557.362
816 168.04 933.203
817 759.943 346.58
818 1031.01 1248.97
819 140.318 1227.2
820 452.082 797.59
821 1255.18 1144.17
822 497.943 1204.77
823 1220.06 115.703
824 924.276 604.18
825 1059.96 406.501
826 1013.76 1102.94
827 1239.29 1018.09
828 987.933 312.695
829 1098.69 1191
830 382.056 118.164
831 731.839 391.745
832 825.397 692.889
833 593.825 778.395
834 570.671 861.43
835 375.571 568.673
836 1128.18 944.822
837 432.163 144.076
838 464.195 1029.67
839 434.721 979.488
840 1245.82 797.976
841 323.07 661.62
842 393.704 55.4819
843 774.65 1014.88
844 656.805 281.612
845 174.87 742.378
846 1134.39 277.21
847 222.3 1074.52
848 663.087 1057.07
849 928.446 464.792
850 1220.74 1040.37
851 1161.65 605.221
852 973.496 476.952
853 324.074 471.393
854 495.643 192.823
855 947.786 878.888
856 1176.43 138.624
857 739.924 1182.97
858 1201.56 920.146
859 628.807 439.931
860 967.01 721.185
861 366.602 991.178
862 454.475 182.757
863 94.1146 1162.54
864 372.096 554.119
865 109.091 348.741
866 201.872 322.23
867 607.421 843.634
868 726.203 271.768
869 340.673 593.333
870 1149.18 398.655
871 408.804 648.697
872 890.113 1222.87
873 785.305 978.176
874 893.508 539.257
875 432.057 611.831
876 1243.2 550.375
877 971.758 645.069
878 7.02578 371.951
879 184.076 178.588
880 377.048 615.885
881 1187.4 126.464
882 427.5 412.244
883 1219.48 1242.45
884 290.682 275.202
885 1003.29 346.078
886 492.731 409.357
887 787.956 310.958
888 292.572 986.929
889 940.388 909.146
890 828.171 939.177
891 754.075 523.421
892 355.822 1138.68
893 32.0021 972.337
894 107.282 687.523
895 811.384 481.816
896 13.6655 269.875
897 1017.66 817.347
898 726.559 26.8292
899 144.098 809.432
900 687.755 415.911
901 1125.61 709.72
902 635.447 1012.07
903 336.89 471.499
904 659.733 968.602
905 314.291 214.836
906 252.479 193.479
907 7.99086 354.927
908 20.1895 424.558
909 632.089 926.515
910 469.772 43.5922
911 737.784 126.859
912 134.262 142.718
913 1235.86 233.858
914 19.1858 923.205
915 1220.85 567.39
916 1068.07 947.332
917 1140.42 867.607
918 617.25 358.276
919 659.326 1215.31
920 1086.63 782.921
921 1188.75 653.059
922 663.605 1251.44
923 148.429 34.3568
924 432.279 860.967
925 496.292 1237.97
926 536.966 471.075
927 1245.09 82.7358
928 707.558 797.088
929 882.546 214.672
930 997.369 486.873
931 898.991 714.554
932 1261.25 1231.91
933 480.88 586.074
934 728.442 758.33
935 305.156 794.299
936 240.884 369.857
937 792.581 1169.91
938 513.23 180.084
939 906.962 234.785
940 1029.13 576.78
941 856.065 390.317
942 767.353 855.68
943 14.785 1253.75
944 1143.3 1219.04
945 261.228 890.846
946 1249.18 296.048
947 52.9636 1130.35
948 717.659 758.895
949 1212.79 1022.83
950 233.549 126.618
951 921.227 132.148
952 333.763 514.358
953 1126.21 1160.99
954 305.997 435.29
955 240.754 532.231
956 1197.74 1213.38
957 268.485 230.115
958 192.128 1020.44
959 330.405 756.044
960 530.562 1162.81
961 915.979 312.849
962 892.39 792.678
963 991.253 991.137
964 677.519 139.628
965 575.695 337.16
966 1039.39 577.311
967 182.069 484.779
968 912.927 534.432
969 366.393 82.4656
970 669.341 290.189
971 547.861 800.129
972 992.604 840.816
973 1182.11 1113.35
974 322.838 297.061
975 460.227 127.361
976 342.179 488.292
977 554.836 95.1569
978 812.973 367.473
979 649.94 507.671
980 730.862 507.75
981 1016.04 1008.59
982 1076.91 951.646
983 18.2207 825.191
984 867.018 1225.77
985 684.329 1110.77
986 356.6 1080.58
987 145.158 1094.45
988 493.436 1097.45
989 499.603 430.666
990 306.893 966.595
991 1060.47 989.016
992 1011.64 421.277
993 590.166 1013.68
994 586.033 807.386
995 818.004 731.994
996 229.99 715.433
997 285.2 169.13
998 780.805 662.933
999 395.258 772.604
1000 264.525 1228.39
1001 138.933 631.975
1002 1114.23 526.002
1003 1196.85 418.506
1004 984.227 98.3224
1005 38.1786 1150.38
1006 209.808 950.372
1007 0.926477 87.1752
1008 653.282 62.3919
1009 946.498 435.29
1010 533.342 1060.08
1011 410.313 489.922
1012 95.3499 194.02
1013 1102.93 33.1693
1014 422.973 1026.07
1015 1192.3 954.55
1016 1198.4 355.892
1017 298.248 430.435
1018 497.093 892.66
1019 375.069 873.127
1020 118.209 419.124
1021 317.048 900.776
1022 702.04 984.97
1023 705.599 87.7837
1024 682.953 247.331
1025 484.007 298.248
1026 1053.21 876.919
1027 49.4994 547.673
1028 314.809 961.685
1029 16.8696 572.989
1030 1031.36 506.985
1031 329.412 501.226
1032 218.803 631.934
1033 782.101 196.876
1034 683.315 1165.55
1035 645.277 1133.75
1036 587.193 577.002
1037 586.021 1011.3
1038 163.483 435.753
1039 780.904 346.241
1040 1065.43 1117.87
1041 152.019 123.539
1042 1136.79 924.469
1043 875.1 708.369
1044 948.288 224.092
1045 701.591 97.2415
1046 799.649 898.692
1047 842.399 807.82
1048 1257.08 798.546
1049 591.675 1045.15
1050 174.602 388.775
1051 989.477 676.907
1052 547.419 937.287
1053 467.446 950.574
1054 783.192 326.122
1055 1262.69 1250.71
1056 393.944 453.665
1057 86.4183 545.665
1058 214.709 759.643
1059 436.023 619.931
1060 1244.46 1085.76
1061 355.188 437.258
1062 1211.19 1183.35
1063 611.359 291.154
1064 317.318 809.743
1065 50.3487 793.691
1066 708.129 1100.62
1067 576.655 527.243
1068 93.822 600.212
1069 409.001 1240.51
1070 601.631 235.441
1071 501.835 826.302
1072 101.006 756.584
1073 83.2671 367.927
1074 167.316 382.403
1075 299.522 1066.58
1076 355.69 350.17
1077 816.689 81.9564
1078 751.411 171.167
1079 926.322 289.958
1080 905.708 728.027
1081 553.639 956.163
1082 766.458 167.347
1083 538.293 294.359
1084 999.542 259.877
1085 602.2 896.954
1086 1172.65 841.241
1087 1208.58 991.03
1088 383.291 758.555
1089 85.2745 310.109
1090 1013.76 198.613
1091 211.43 251.345
1092 243.005 603.329
1093 516.501 926.486
1094 477.641 674.475
1095 965.698 468.15
1096 1067 119.756
1097 324.807 786.772
1098 333.377 9.42832
1099 568.548 683.431
1100 1118.99 551.292
1101 506.897 565.392
1102 48.1158 803.573
1103 611.629 646.227
1104 647.491 241.742
1105 1015.15 828.55
1106 403.861 1115.32
1107 143.923 611.05
1108 380.98 61.3405
1109 266.208 602.094
1110 809.895 48.8422
1111 498.715 1229.48
1112 541.266 233.935
1113 220 778.202
1114 1173 41.6529
1115 56.576 487.636
1116 260.301 947.747
1117 673.124 1.62133
1118 65.085 202.358
1119 543.07 836.927
1120 416.529 629.782
1121 966.937 1244
1122 516.704 122.374
1123 435.365 175.76
1124 570.98 420.823
1125 759.552 917.183
1126 1110.36 855.37
1127 51.521 834.842
1128 877.398 1209.41
1129 398.462 821.833
1130 897.4 669.418
1131 562.788 198.005
1132 750.328 533.814
1133 997.931 1078.35
1134 901.385 499.457
1135 273.873 1206.55
1136 530.022 858.884
1137 325.116 818.426
1138 744.453 1216.2
1139 1092.35 1132.89
1140 663.628 262.347
1141 301.247 1030.4
1142 275.013 914.21
1143 1110.07 107.48
1144 99.2488 61.3405
1145 971.527 939.756
1146 1207.97 828.009
1147 1039.7 353.537
1148 479.21 467.33
1149 236.68 837.814
1150 801.866 769.255
1151 138.596 41.8936
1152 43.5363 464.01
1153 529.25 215.406
1154 630.274 2.08457
1155 263.406 231.435
1156 462.064 1193.07
1157 1121.54 601.129
1158 701.041 559.438
1159 742.687 1057.15
1160 650.673 356.664
1161 829.154 623.528
1162 164.074 873.899
1163 889.273 223.435
1164 62.0272 53.9378
1165 1069.69 377.355
1166 1162.5 801.643
1167 881.581 809.943
1168 975.21 1043.83
1169 454.9 1088.76
1170 13.5497 645.175
1171 697.653 445.674
1172 1162.3 318.322
1173 464.126 1148.6
1174 435.371 686.451
1175 1007.91 142.176
1176 1156.45 319.142
1177 178.038 426.141
1178 20.0737 383.793
1179 881.929 289.109
1180 749.684 1158.8
1181 996.271 567.167
1182 58.2745 374.49
1183 400.75 1079.47
1184 89.9982 199.58
1185 547.548 746.431
1186 300.225 387.585
1187 1044.45 161.834
1188 670.615 1252.33
1189 1174.97 480.889
1190 71.7247 989.332
1191 488.737 983.957
1192 708.919 1217.08
1193 1251.29 1185.35
1194 715.845 1080.63
1195 307.011 728.336
1196 560.41 1049.58
1197 188.808 406.308
1198 1100.25 309.52
1199 1111.12 877.142
1200 806.114 252.397
1201 664.674 301.655
1202 646.874 620.006
1203 35.708 1213.58
1204 645.862 718.637
1205 1252.38 1152.69
1206 679.416 212.057
1207 600.239 42.7429
1208 65.089 894.436
1209 1051.32 441.505
1210 880.734 1092.16
1211 627.456 1229.55
1212 588.857 12.0147
1213 913.969 622.486
1214 104.367 342.728
1215 540.792 725.942
1216 936.44 1167.52
1217 488.306 80.0336
1218 413.706 251.47
1219 873.282 1102.93
1220 963.231 665.133
1221 24.9377 156.661
1222 967.412 359.512
1223 863.669 91.7598
1224 920.768 1193.96
1225 1121.84 942.15
1226 345.39 26.7078
1227 1250.04 41.5848
1228 1213.03 616.03
1229 806.496 956.674
1230 1164.19 539.288
1231 1089.57 851.017
1232 302.226 29.6859
1233 839.735 500.886
1234 1257.95 239.117
1235 1011.87 1145.97
1236 765.579 636.885
1237 815.107 781.724
1238 878.995 1045.64
1239 167.227 968.911
1240 904.512 781.715
1241 483.542 1176.74
1242 769.4 1241.95
1243 541.989 68.7523
1244 639.33 332.537
1245 1183 155.696
1246 708.797 738.556
1247 1194 554.767
1248 1225.27 249.965
1249 1200.79 106.708
1250 83.1899 101.758
1251 616.339 162.519
1252 504.737 140.216
1253 354.416 311.952
1254 348.587 177.15
1255 784.185 1222.38
1256 559.216 780.489
1257 835.087 913.275
1258 760.3 299.763
1259 411.703 781.445
1260 315.422 947.595
1261 513.896 1045.45
1262 965.99 419.51
1263 636.144 80.3333
1264 1213.67 528.217
1265 100.804 1176.13
1266 234.46 482.24
1267 952.526 76.9453
1268 278.136 1097.73
1269 515.194 645.3
1270 201.1 533.351
1271 785.187 500.954
1272 640.157 1188.48
1273 631.471 866.219
1274 429.383 258.834
1275 726.604 775.5
1276 892.969 83.2671
1277 382.442 385.146
1278 1139.49 163.996
1279 754.422 1140.54
1280 207.104 659.536
1281 558.56 615.653
1282 1.89156 1245.57
1283 733.02 878.918
1284 930.294 582.454
1285 48.7944 328.484
1286 1170.06 1252.1
1287 781.2 447.372
1288 1057.86 738.527
1289 963.308 454.986
1290 286.31 1175.98
1291 1114.82 1043.45
1292 712.461 567.592
1293 1166.74 765.742
1294 919.953 1.08089
1295 746.57 637.57
1296 1086.1 1222.56
1297 1219.17 721.812
1298 1068.65 984.382
1299 1009.09 1105.44
1300 248.334 117.324
1301 945.508 635.495
1302 883.723 51.8055
1303 871.506 607.546
1304 340.673 371.449
1305 1105.13 649.923
1306 479.915 35.3991
1307 180.74 614.524
1308 810.671 1126.06
1309 970.109 17.921
1310 970.369 1126.6
1311 604.788 568.634
1312 443.573 67.5574
1313 421.856 15.6343
1314 127.072 578.778
1315 865.886 62.7302
1316 944.863 935.936
1317 1.93016 355.844
1318 385.183 1066.81
1319 1047.53 961.258
1320 1122.64 289.533
1321 566.965 1249.94
1322 1003.97 1254.87
1323 481.729 275.82
1324 621.357 24.6766
1325 461.91 204.52
1326 358.351 882.006
1327 982.275 1196.4
1328 1102.13 134.117
1329 41.537 1007.82
1330 965.582 977.442
1331 446.527 127.97
1332 71.2899 1010.05
1333 923.437 429.422
1334 791.327 1177.94
1335 706.825 400.894
1336 909.955 897.881
1337 960.486 40.6583
1338 929.587 1027.27
1339 1068.97 915.399
1340 243.779 1191.69
1341 370.398 1127.99
1342 51.3809 642.675
1343 620.701 162.065
1344 472.985 183.558
1345 303.807 1201.99
1346 229.805 1124.16
1347 676.905 74.5133
1348 45.436 1133.66
1349 819.497 138.054
1350 1047.58 409.426
1351 871.197 861.392
1352 1168.52 1003.92
1353 171.988 692.348
1354 421.349 323.495
1355 138.701 779.292
1356 32.7355 70.0666
1357 93.5193 38.3807
1358 422.512 531.257
1359 170.356 447.99
1360 1214.48 704.317
1361 483.767 737.176
1362 1223.3 316.671
1363 707.056 864.412
1364 724.891 937.981
1365 1132.5 779.553
1366 1012.53 85.6991
1367 206.952 851.394
1368 930.221 1091.13
1369 1173.75 195.573
1370 598.967 978.746
1371 802.788 654.865
1372 10.2685 629.164
1373 499.536 394.534
1374 1081.61 5.86769
1375 1006.42 764.459
1376 45.1657 678.962
1377 757.781 999.137
1378 695.591 598.929
1379 51.456 461.047
1380 385.727 938.414
1381 791.646 713.503
1382 483.972 56.7853
1383 1131.81 222.016
1384 111.486 290.914
1385 543.533 794.502
1386 84.4638 900.537
1387 1187.71 656.911
1388 411.218 1096.96
1389 19.8806 861.517
1390 517.553 535.088
1391 468.295 554.119
1392 229.728 354.841
1393 1050.28 1136.99
1394 614.045 881.05
1395 74.0795 858.226
1396 1018.16 171.475
1397 78.716 874.372
1398 146.568 920.455
1399 1207.16 945.015
1400 803.603 682.591
1401 505.501 492.538
1402 43.8146 804.066
1403 1153.49 594.228
1404 576.226 496.354
1405 461.501 418.391
1406 967.786 1132.36
1407 1211.95 345.886
1408 453.549 1213.19
1409 21.502 683.817
1410 410.661 603.486
1411 0.540445 252.821
1412 957.343 390.743
1413 56.6918 174.611
1414 151.595 184.755
1415 813.562 150.939
1416 451.468 494.932
1417 988.541 425.484
1418 161.853 525.283
1419 524.656 1139.22
1420 5.52026 1040.4
1421 198.575 397.197
1422 752.569 702.424
1423 737.63 1257.12
1424 113.879 756.353
1425 381.416 604.612
1426 131.994 797.011
1427 892.053 1065.87
1428 115.369 14.0993
1429 495.108 869.498
1430 453.009 1129.38
1431 732.653 376.227
1432 363.642 1259.36
1433 462.669 231.967
1434 230.77 250.66
1435 410.387 837.11
1436 111.271 1176.86
1437 980.83 1047.46
1438 1232.53 596.497
1439 1018.54 905.331
1440 390.975 770.057
1441 1091.12 699.76
1442 1130.11 80.1494
1443 1175 317.713
1444 446.485 1042.76
1445 964.617 1091.24
1446 1051.61 872.712
1447 868.34 518.325
1448 351.444 118.521
1449 807.077 1204.42
1450 48.4856 942.96
1451 1105.95 289.987
1452 1012.91 594.296
1453 377.143 347.554
1454 846.993 363.449
1455 562.95 451.628
1456 816.23 563.654
1457 1215.88 758.244
1458 1120.5 1140.07
1459 1016.46 1030.21
1460 1085.99 16.5608
1461 1257.87 1194.46
1462 361.677 379.624
1463 519.894 858.033
1464 157.424 240.198
1465 1091.85 545.386
1466 331.998 179.591
1467 136.324 911.469
1468 1208.63 814.923
1469 652.626 788.856
1470 813.755 8.91734
1471 986.304 1015.2
1472 465.815 299.831
1473 669.595 216.959
1474 886.484 139.512
1475 512.496 578.741
1476 252.202 1148.95
1477 281.919 407.109
1478 489.602 718.878
1479 392.749 1042.18
1480 1166.28 410.313
1481 588.699 112.036
1482 634.08 1147.67
1483 575.419 1119.53
1484 802.876 770.057
1485 237.806 1076.26
1486 0.231619 911.933
1487 405.228 1139.41
1488 759.449 817.471
1489 643.901 421.045
1490 637.069 312.881
1491 906.712 508.366
1492 610.085 652.124
1493 766.013 980.067
1494 696.749 695.051
1495 879.938 210.194
1496 700.532 1015.46
1497 510.273 971.845
1498 1208.19 899.262
1499 113.35 924.894
1500 1202.53 970.03
1501 820.357 719.911
1502 963.034 837.342
1503 1062.4 431.007
1504 0.733461 732.273
1505 726.388 1012.15
1506 0.231619 227.729
1507 730.257 284.438
1508 526.47 680.188
1509 404.47 733.461
1510 579.424 670.392
1511 759.934 203.95
1512 195.407 613.491
1513 569.513 1174.36
1514 280.645 624.068
1515 1260.85 856.103
1516 907.098 1072.55
1517 254.163 206.382
1518 1044.1 29.5314
1519 1226.54 258.798
1520 19.1086 767.354
1521 882.469 547.982
1522 98.9014 503.849
1523 527.698 1077.11
1524 35.4357 315.851
1525 729.379 470.264
1526 216.255 100.832
1527 563.105 1218.36
1528 345.553 124.109
1529 1097.41 778.057
1530 555.114 631.944
1531 173.436 477.917
1532 152.212 600.243
1533 572.447 79.802
1534 274.392 692.541
1535 1094.49 456.714
1536 692.503 1101.93
1537 559.088 257.175
1538 150.999 25.7097
1539 708.446 90.5245
1540 223.135 842.669
1541 673.973 1156.51
1542 366.846 261.314
1543 486.825 888.532
1544 906.172 475.128
1545 1084.33 673.21
1546 176.571 48.3312
1547 1139.91 652.828
1548 1112.04 824.38
1549 262.254 937.71
1550 97.087 555.809
1551 1059.62 1117.03
1552 1039.42 1155.63
1553 289.138 910.302
1554 11.9284 244.136
1555 51.2813 719.997
1556 95.5815 434.295
1557 743.051 352.409
1558 409.889 719.679
1559 918.206 587.348
1560 123.719 273.312
1561 121.986 1013.6
1562 112.289 779.514
1563 562.388 1006.85
1564 252.14 493.126
1565 1098.77 388.734
1566 743.051 261.507
1567 798.546 1024.07
1568 320.831 980.453
1569 436.586 638.506
1570 14.7464 487.336
1571 680.188 947.863
1572 1193.26 1135.1
1573 765.733 99.1716
1574 1045.02 625.603
1575 529.597 403.567
1576 83.3097 147.01
1577 1159.99 1051.63
1578 65.79 1057.61
1579 1.89156 139.049
1580 471.847 720.065
1581 863.107 671.782
1582 929.929 1145.64
1583 25.3623 555.857
1584 394.988 159.586
1585 833.598 941.889
1586 830.895 943.617
1587 623.751 1032.49
1588 983.532 1162.31
1589 1103.24 618.78
1590 1145.95 844.098
1591 435.519 802.415
1592 632.166 418.808
1593 94.3746 185.304
1594 287.131 1228.28
1595 656.377 940.876
1596 732.254 112.837
1597 665.905 1023.69
1598 816.767 887.96
1599 826.07 129.359
1600 262 1067.34
1601 93.5518 478.959
1602 554.998 290.566
1603 1019.9 248.45
1604 519.01 1164.94
1605 1039.58 698.872
1606 652.973 1140.97
1607 863.499 682.891
1608 500.22 1182.03
1609 262.55 801.287
1610 535.778 29.8108
1611 37.1749 78.528
1612 810.69 960.988
1613 135.536 503.356
1614 1164.93 643.44
1615 1249.22 607.113
1616 235.079 727.207
1617 67.836 745.93
1618 80.13 890.817
1619 260.263 882.431
1620 964.308 809.402
1621 680.79 405.883
1622 403.137 209.509
1623 317.148 676.791
1624 210.426 331.408
1625 125.846 537.781
1626 215.444 165.415
1627 611.282 619.041
1628 769.815 548.213
1629 1016.04 231.388
1630 533.61 758.022
1631 1119.74 733.036
1632 991.523 454.06
1633 120.712 1193.3
1634 274.729 969.76
1635 96.9326 1143.89
1636 1070.63 718.878
1637 269.836 704.007
1638 161.253 25.5571
1639 635.872 834.919
1640 703.72 531.807
1641 489.875 1248.17
1642 841.103 1168.8
1643 533.844 1152.27
1644 236.514 872.866
1645 613.945 892.399
1646 772.604 615.383
1647 715.896 150.793
1648 982.953 239.649
1649 799.675 517.562
1650 1060.74 687.841
1651 272.388 819.507
1652 175.328 974.769
1653 1229.16 533.583
1654 829.709 318.978
1655 677.062 74.2817
1656 38.9486 235.913
1657 45.5518 233.79
1658 580.454 640.398
1659 1067.67 376.034
1660 829.467 972.578
1661 1264.01 767.239
1662 269.345 514.272
1663 611.629 574.309
1664 662.161 273.851
1665 1259.86 419.655
1666 58.3517 2.81803
1667 798.662 1073.72
1668 32.6969 617.197
1669 1166.8 1081.2
1670 318.493 759.682
1671 1196.39 370.668
1672 560.933 56.9397
1673 641.711 517.013
1674 1224.77 840.934
1675 262.286 310.688
1676 515.414 523.189
1677 308.919 568.518
1678 197.858 1064.42
1679 469.769 364.956
1680 301.115 77.756
1681 855.37 951.839
1682 574.763 25.6417
1683 1044.87 437.345
1684 337.508 288.482
1685 1252.25 577.542
1686 118.975 402.4
1687 367.192 1182.8
1688 134.725 277.055
1689 977.425 1232.96
1690 869.85 980.608
1691 377.192 1024.81
1692 431.391 284.283
1693 745.785 1035.45
1694 188.524 716.06
1695 960.149 393.907
1696 5.94489 99.4032
1697 783.568 854.482
1698 983.803 738.218
1699 833.945 1023.5
1700 852.769 619.011
1701 1160.98 801.798
1702 711.989 663.598
1703 1042.33 1054.18
1704 202.397 984.189
1705 1019.66 130.99
1706 429.857 868.35
1707 1095.6 407.35
1708 140.554 1157.91
1709 922.208 455.981
1710 1159.33 337.208
1711 9.6508 122.536
1712 458.025 1072.36
1713 124.493 545.704
1714 147.541 159.093
1715 1001.6 534.509
1716 397.613 506.011
1717 931.804 1199.21
1718 734.271 443.251
1719 510.351 620.778
1720 203.713 789.358
1721 417.492 1180.26
1722 193.556 565.739
1723 570.092 158.891
1724 351.933 1247.16
1725 368.62 497.634
1726 864.187 576.886
1727 1160.03 803.641
1728 842.596 823.445
1729 333.755 569.976
1730 274.381 242.09
1731 1105.9 906.528
1732 341.866 1256.34
1733 48.7599 1079.51
1734 366.499 899.85
1735 334.381 857.109
1736 918.718 645.57
1737 1261.11 1039.35
1738 406.276 12.5074
1739 884.552 342.681
1740 1023.73 269.296
1741 997.314 838.316
1742 474.704 105.319
1743 440.81 781.29
1744 684.28 1206.4
1745 835.558 510.373
1746 522.301 1029.59
1747 475.09 609.708
1748 424.458 147.966
1749 1264.6 596.921
1750 1002.33 754.422
1751 382.172 272.346
1752 153.679 850.776
1753 1166.74 358.432
1754 6.0221 998.365
1755 1149.16 549.14
1756 1123.31 441.775
1757 55.3956 450.654
1758 322.182 629.58
1759 810.318 550.182
1760 1108.73 884.399
1761 135.05 494.584
1762 969.172 773.347
1763 374.142 88.9123
1764 1250.79 1172.62
1765 497.13 912.473
1766 859.092 1243.33
1767 1172.38 14.9008
1768 1257.07 294.59
1769 1040.01 141.597
1770 0.424635 41.8845
1771 574.47 593.688
1772 320.559 14.2537
1773 812.408 1192.22
1774 590.666 805.542
1775 376.377 930.223
1776 9.80521 959.414
1777 1087.61 11.2041
1778 1261.04 997.632
1779 278.445 243.548
1780 933.811 1186.56
1781 327.587 670.422
1782 45.3303 661.35
1783 590.915 766.012
1784 241.654 442.749
1785 177.514 150.909
1786 894.706 271.691
1787 1009.24 1244.65
1788 801.406 767.75
1789 1251.39 465.718
1790 935.173 175.838
1791 1220.25 712.508
1792 239.34 282.16
1793 94.655 880.548
1794 907.919 148.12
1795 286.184 511.996
1796 520.062 31.3458
1797 531.296 373.332
1798 728.134 1150
1799 1038.77 923.62
1800 350.509 40.8127
1801 1234.82 380.01
1802 1211.21 404.88
1803 73.6163 359.859
1804 400.171 836.347
1805 192.492 353.653
1806 487.52 684.521
1807 1249.4 738.711
1808 851.243 474.472
1809 843.712 170.703
1810 410.815 1211.42
1811 605.623 837.651
1812 229.38 1264.5
1813 148.043 814.961
1814 710.415 84.0097
1815 487.944 467.919
1816 1178.79 217.645
1817 662.508 606.774
1818 204.164 695.832
1819 576.537 103.997
1820 972.246 1167.45
1821 264.586 17.4486
1822 990.481 12.16
1823 118.813 808.63
1824 763.571 253.005
1825 174.525 873.668
1826 239.722 770.761
1827 446.934 543.426
1828 1092.9 265.754
1829 901.23 1251.59
1830 886.443 1102.86
1831 885.326 247.408
1832 607.836 929.604
1833 1262.44 878.223
1834 46.1024 1047.23
1835 1121.89 753.921
1836 440.448 250.419
1837 964.578 129.754
1838 112.374 456.26
1839 1033.52 372.984
1840 163.346 1132.36
1841 492.229 855.109
1842 1259.01 949.716
1843 253.196 983.301
1844 522.803 810.744
1845 955.466 132.332
1846 811.256 227.373
1847 1238.55 685.216
1848 127.584 1071.67
1849 987.892 650.31
1850 521.533 1147.84
1851 531.751 1061.05
1852 388.569 710.718
1853 1020.23 1134.93
1854 961.876 509.263
1855 393.326 480.262
1856 602.832 904.984
1857 350.633 432.597
1858 557.121 215.376
1859 375.94 962.648
1860 407.071 656.37
1861 488.2 1069.81
1862 256.715 1217.13
1863 769.671 118.637
1864 149.817 202.821
1865 101.89 1080.27
1866 415.139 951.424
1867 127.368 739.569
1868 456.83 7.06439
1869 730.141 576.895
1870 1218.75 1221.72
1871 651.994 616.193
1872 240.614 619.659
1873 971.064 860.118
1874 1101.73 1255.84
1875 485.195 144.453
1876 830.424 429.817
1877 424.79 1174.24
1878 279.024 593.331
1879 205.934 80.3424
1880 225.203 714.67
1881 1256.28 151.179
1882 1231.71 664.631
1883 160.396 554.583
1884 864.041 796.963
1885 295.788 661.166
1886 278.908 51.3037
1887 714.344 175.113
1888 1166.97 356.008
1889 856.609 1050.82
1890 735.237 1109.47
1891 237.33 342.719
1892 148.478 312.763
1893 813.871 106.052
1894 440.308 171.909
1895 1061.09 173.058
1896 619.716 333.377
1897 941.949 874.873
1898 685.05 361.249
1899 1174.04 691.701
1900 376.038 1155.94
1901 765.654 1126.06
1902 603.329 38.2649
1903 232.198 144.299
1904 405.833 89.598
1905 1041.63 569.088
1906 704.697 25.0166
1907 1200.04 286.097
1908 1181.77 944.968
1909 404.446 465.062
1910 523.305 1229.55
1911 5.25004 937.208
1912 389.033 188.422
1913 552.005 918.332
1914 617.535 322.732
1915 944.698 913.592
1916 680.188 331.486
1917 1200.34 1048.51
1918 256.325 536.671
1919 235.287 1167.14
1920 987.114 568.055
1921 401.587 1219.86
1922 933.85 817.075
1923 572.408 692.889
1924 617.072 374.991
1925 116.929 871.554
1926 637.725 816.651
1927 1069.93 162.674
1928 1191.9 665.172
1929 1074.94 931.302
1930 1203.64 1202.46
1931 1006.36 282.421
1932 583.124 1003.07
1933 458.051 524.27
1934 828.077 877.421
1935 925.252 280.153
1936 357.697 571.559
1937 119.091 1142.39
1938 1254.19 810.706
1939 1078.74 487.066
1940 528.191 372.028
1941 1028.23 213.862
1942 247.064 840.16
1943 1016.23 222.007
1944 1116.98 511.84
1945 1102.39 130.025
1946 461.562 346.773
1947 149.604 1163.38
1948 623.505 807.193
1949 1194.92 739.839
1950 320.482 823.415
1951 609.246 944.041
1952 85.7377 966.44
1953 420.698 1047.77
1954 179.35 363.227
1955 555.346 1090.09
1956 387.113 934.159
1957 64.9692 902.62
1958 358.191 282.7
1959 1152.81 71.9269
1960 207.665 957.707
1961 59.7029 744.974
1962 636.374 770.027
1963 307.048 1193.88
1964 676.942 976.786
1965 50.2614 1245.53
1966 744.493 1140.81
1967 727.372 227.729
1968 557.853 151.595
1969 1219.17 1007.36
1970 470.024 1003.85
1971 186.793 131.839
1972 443.975 824.921
1973 246.983 640.35
1974 214.439 788.711
1975 1129.8 1071.9
1976 1143.43 686.992
1977 997.421 1027.43
1978 1215.31 1184.78
1979 66.8587 986.621
1980 1084.55 708.764
1981 1068.89 617.034
1982 188.036 780.411
1983 69.9104 1105.25
1984 1083.36 1051.41
1985 788.783 869.383
1986 88.2469 991.407
1987 855.833 1136.87
1988 274.337 1218.82
1989 1079.77 341.686
1990 704.972 799.936
1991 1094.09 1156.02
1992 912.836 82.813
1993 814.18 53.3496
1994 747.126 946.859
1995 82.8039 445.799
1996 344.176 110.8
1997 711.687 299.145
1998 523.305 405.449
1999 503.733 201.595
2000 519.097 1192.53
2001 483.621 1033.8
2002 208.071 652.124
2003 743.112 834.379
2004 433.616 812.915
2005 108.822 131.251
2006 741.838 646.256
2007 260.765 1112.98
2008 779.128 1117.61
2009 1263.29 524.241
2010 123.374 387.306
2011 808.505 472.512
2012 642.516 783.992
2013 219.035 915.938
2014 756.816 798.169
2015 1015.5 886.291
2016 105.58 631.087
2017 999.553 293.23
2018 595.568 522.928
2019 1030.2 353.846
2020 1231.6 43.7374
2021 891.811 25.2942
2022 137.35 1261.14
2023 1217.12 641.286
2024 466.396 556.629
2025 1068.19 534.355
2026 972.786 704.238
2027 509.215 796.393
2028 480.841 953.615
2029 1069.39 108.561
2030 578.662 726.126
2031 504.968 827.884
2032 182.01 101.227
2033 524.502 1173
2034 337.833 583.873
2035 1144.58 753.582
2036 621.991 859.664
2037 860.591 539.219
2038 595.922 615.267
2039 1241.86 24.3586
2040 862.087 619.861
2041 1260.78 576.625
2042 801.626 96.7102
2043 6.21512 600.366
2044 245.439 828.888
2045 969.912 789.823
2046 165.908 681.887
2047 186.323 1124.44
2048 1222.18 441.784
2049 766.091 748.95
2050 347.691 549.333
2051 858.874 567.467
2052 651.082 726.251
2053 80.5892 1046.46
2054 194.058 1005.24
2055 677.525 319.489
2056 834.756 127.322
2057 1005.42 1007.17
2058 35.2813 1144.08
2059 23.2391 963.806
2060 725.037 906.181
2061 774.226 680.574
2062 979.286 914.866
2063 444.516 377.008
2064 750.664 779.669
2065 572.524 650.001
2066 1260.59 17.6508
2067 661.852 1043.96
2068 1143.7 1210.07
2069 100.714 608.357
2070 1159.8 1011.56
2071 466.948 100.832
2072 294.465 379.131
2073 889.113 848.006
2074 784.031 456.029
2075 408.123 1080.04
2076 591.787 233.134
2077 599.315 826.233
2078 46.6784 1228.66
2079 490.183 658.3
2080 300.93 144.685
2081 156.026 425.03
2082 390.742 962.339
2083 824.757 297.939
2084 1012.99 81.3369
