1 1352.07 168.051
2 789.57 1071.57
3 48.2957 450.458
4 1189.65 476.612
5 1109.96 569.406
6 470.441 965.439
7 93.0955 1397.83
8 802.727 439.683
9 717.228 537.872
10 299.356 138.931
11 1364.65 609.89
12 855.197 869.84
13 1386.99 363.62
14 657.501 313.21
15 332.422 1137.4
16 172.423 174.063
17 501.472 727.457
18 1366.09 1248.61
19 1292.42 44.0383
20 880.717 1184.06
21 39.2446 1310.56
22 454.188 97.3683
23 120.477 309.557
24 1046.1 493.013
25 874.2 322.317
26 1320.08 14.7175
27 964.021 271.576
28 1112.86 1246.64
29 903.407 627.169
30 1337.3 1222.69
31 1277.35 1266.49
32 500.585 564.313
33 459.294 1288.49
34 499.53 1132.25
35 244.993 160.872
36 938.292 633.8
37 632.814 1383.22
38 384.903 1266.95
39 180.364 999.292
40 870.099 651.064
41 1122.24 862.821
42 249.377 284.034
43 437.726 707.59
44 560.903 604.381
45 1108 353.866
46 1018.25 737.038
47 1394.53 76.0905
48 242.897 292.795
49 1105.49 185.919
50 653.105 254.728
51 19.0334 498.438
52 756.115 979.898
53 594.223 1073.64
54 352.442 1398.09
55 346.277 1326.99
56 639.972 834.753
57 1376.79 335.539
58 1027.26 704.755
59 853.12 1251.93
60 1307.26 392.451
61 515.475 54.856
62 203.153 1320.69
63 859.094 851.384
64 1042.02 1074.89
65 247.963 1385.59
66 881.674 25.0627
67 1390.21 1010.02
68 925.43 659.28
69 672.126 305.989
70 620.636 1255.5
71 1198.24 367.85
72 435.469 818.265
73 101.352 593.662
74 508.286 1178.35
75 950.39 408.765
76 190.421 635.758
77 1284.57 262.066
78 420.203 1307.95
79 517.83 867.18
80 341.307 583.88
81 757.366 814.51
82 1368.21 589.13
83 615.802 1197.98
84 860.086 4.9202
85 699.748 1252.47
86 931.645 599.978
87 934.201 853.181
88 112.431 136.6
89 880.76 109.771
90 448.213 547.61
91 235.479 1090.92
92 465.866 1145.89
93 956.203 499.33
94 12.2574 1199.54
95 1332.43 1207.19
96 508.008 429.325
97 585.548 339.753
98 201.655 407.529
99 1332.77 1066.84
100 933.717 738.823
101 1332.38 1128.25
102 1131.17 411.198
103 903.209 1077.35
104 1295.14 625.054
105 835.066 254.01
106 1072.73 1384.58
107 493.556 993.724
108 150.295 732.895
109 975.181 84.2632
110 319.295 929.675
111 1390.99 1138.91
112 1033.96 191.53
113 339.321 1384.49
114 629.873 1366.65
115 406.651 894.774
116 1222.67 582.742
117 539.928 320.994
118 113.356 1103.46
119 1234.33 93.5572
120 638.289 525.83
121 776.98 68.2786
122 769.081 678.011
123 310.509 1036.62
124 268.084 1210.99
125 410.955 978.689
126 881.882 50.1084
127 1073.1 1160.95
128 711.161 602.078
129 736.893 671.522
130 795.52 211.267
131 1265.52 653.179
132 1013.01 668.473
133 253.542 1250.24
134 140.701 1155.38
135 1038.29 190.522
136 985.731 1189.7
137 384.621 1220.36
138 830.374 1080.24
139 824.436 581.016
140 487.359 519.082
141 1132.55 147.967
142 325.147 415.341
143 151.318 7.25083
144 322.28 656.647
145 1092.59 740.534
146 95.2103 856.245
147 1066.65 523.484
148 922.949 505.227
149 505.419 593.705
150 791.808 826.033
151 441.092 1412.2
152 1408.21 103.34
153 1368.55 529.138
154 364.811 278.121
155 253.606 266.699
156 305.811 901.017
157 631.346 190.205
158 377.431 279.69
159 472.18 1362.29
160 245.449 300.823
161 431.499 784.514
162 485.541 744.909
163 118.276 80.8536
164 706.882 517.398
165 619.126 1297.18
166 917.316 216.763
167 545.607 787.664
168 1000.79 915.217
169 379.3 833.559
170 747.008 566.573
171 524.779 863.798
172 628.707 926.108
173 416.886 690.771
174 22.9178 853.181
175 238.63 342.056
176 1171.41 1310.49
177 374.108 121.639
178 1059.18 26.5432
179 109.798 1074.78
180 1343.37 842.132
181 738.764 1372.05
182 386.668 590.64
183 1088.43 837.859
184 673.119 509.025
185 639.972 1346.84
186 310.177 1394.88
187 1105.51 1209.03
188 1244.03 903.073
189 897.309 958.534
190 1378.11 203.513
191 994.52 1022.35
192 855.037 214.978
193 359.453 48.6133
194 1012.32 1147.18
195 844.592 1005.75
196 1363.72 820.811
197 208.961 854.95
198 770.228 416.204
199 215.941 134.14
200 1070.92 115.884
201 644.935 769.855
202 619.25 162.771
203 615.601 998.543
204 1137.13 1324.08
205 1066.17 332.977
206 790.143 834.536
207 1011.79 1142.84
208 1299.54 432.762
209 1185.5 421.411
210 453.134 255.592
211 675.794 141.968
212 671.756 724.435
213 823.012 1048.09
214 762.176 50.5986
215 531.209 638.506
216 794.65 1391.4
217 774.63 926.509
218 996.958 382.74
219 1065.56 778.055
220 975.97 571.262
221 659.653 945.37
222 748.864 526.16
223 899.06 300.176
224 96.6054 1113.95
225 712.499 473.909
226 717.659 907.132
227 267.59 564.874
228 89.9016 822.294
229 1156.45 227.581
230 141.003 633.671
231 950.678 996.6
232 530.994 1285.99
233 1081.97 609.156
234 1252.1 1105.41
235 210.367 815.848
236 988.561 805.532
237 195.841 311.052
238 1204.24 273.891
239 363.732 1169.95
240 772.793 124.445
241 1045.03 880.673
242 1107.79 376.827
243 662.07 1033.07
244 434.131 433.28
245 593.538 496.595
246 137.902 926.74
247 365.26 1112.24
248 1062 443.352
249 723.313 416.836
250 1057.28 1227.12
251 136.903 56.7982
252 297.303 1017.29
253 1145.01 638.002
254 918.704 1337.22
255 505.604 95.2257
256 1001.69 1353.56
257 1263.2 1213.02
258 119.121 487.159
259 1267.7 1408.49
260 165.376 755.828
261 760.246 1011.76
262 116.359 779.55
263 1257.01 403.155
264 226.2 91.5572
265 1218.08 815.589
266 560.745 1259.53
267 753.359 740.663
268 1053.68 1119.78
269 339.667 392.769
270 39.9599 1141.11
271 855.555 1379.4
272 1101.27 1103.97
273 872.258 78.4366
274 941.529 1133.85
275 1172.43 957.843
276 706.031 1399.37
277 899.189 954.42
278 710.082 600.194
279 987.882 974.993
280 1084.84 701.145
281 78.378 1156.25
282 1351.53 1150.93
283 34.053 1293.63
284 173.421 1078.47
285 346.141 1317.62
286 430.862 731.069
287 78.3166 63.8918
288 595.092 482.8
289 501.472 231.625
290 84.55 806.497
291 666.195 912.886
292 120.009 220.114
293 375.187 456.5
294 1268.07 1288.62
295 124.38 984.92
296 1082.91 422.663
297 156.269 1018.89
298 1405.59 467.851
299 54.597 1145.89
300 585.202 623.198
301 92.2756 580.643
302 588.495 1365.96
303 571.305 60.9138
304 794.724 807.922
305 675.823 895.162
306 1137.2 149.419
307 1186.03 831.471
308 336.214 1092.33
309 1064.4 1250.87
310 724.436 965.051
311 630.908 588.584
312 361.851 289.99
313 894.916 136.989
314 1294.66 528.922
315 1184.78 876.228
316 503.199 910.858
317 1178.65 1401.83
318 1067.73 1189.06
319 1246.5 1002.17
320 1373.53 934.293
321 1359.18 1156.46
322 386.797 494.021
323 893.06 643.267
324 80.1475 421.454
325 666.256 786.299
326 435.241 427.987
327 904.368 369.792
328 1271.39 516.349
329 1317.15 46.7419
330 1413.14 142.772
331 1320.69 1180.63
332 1267.24 1360.42
333 328.569 992.63
334 418.563 468.326
335 680.262 877.337
336 929.832 1306.57
337 343.853 1131.34
338 536.777 1318.27
339 1344.73 86.2331
340 1314.6 1055.47
341 1023.66 262.355
342 712.221 1182.7
343 627.746 550.804
344 697.393 984.041
345 1017.31 171.085
346 721.266 353.564
347 817.941 1126.6
348 1217.53 610.984
349 222.575 928.451
350 324.413 1111.12
351 1337.56 870.272
352 1239.46 43.3478
353 778.186 711.345
354 1333.38 1130.32
355 902.827 1275.76
356 1258.06 326.648
357 1305.02 1235.33
358 620.341 126.56
359 1132.04 650.864
360 445.649 755.483
361 967.375 1290.65
362 241.719 284.913
363 908.943 550.863
364 406.478 353.65
365 948.693 940.536
366 33.7077 1347.33
367 1340.58 570.744
368 108.047 1326.23
369 1257 195.168
370 1369.74 669.178
371 465.656 323.611
372 1032.08 297.716
373 850.148 42.2102
374 982.506 1093.54
375 402.68 1061.14
376 483.635 1211.42
377 587.921 274.97
378 1177.57 773.308
379 315.554 830.695
380 1261.64 947.959
381 900.7 401.357
382 725.515 867.639
383 493.366 613.256
384 622.104 937.342
385 903.678 113.855
386 1142.35 1138.29
387 704.995 1124.41
388 201.895 82.321
389 712.394 1213.74
390 1110 808.612
391 371.617 532.649
392 767.25 918.007
393 408.809 193.587
394 143.679 1254.61
395 972.086 969.237
396 726.334 945.126
397 532.227 186.709
398 546.358 71.343
399 187.658 970.834
400 822.272 752.834
401 1321.51 642.836
402 1059.08 116.978
403 568.24 712.927
404 536.179 1162.16
405 950.463 1402.26
406 0.906353 1314.73
407 277.215 1020.81
408 190.388 95.4261
409 625.964 1320.96
410 1090.95 102.016
411 1184.09 1226.3
412 92.1891 1233.63
413 907.348 481.878
414 1158.71 929.228
415 398.58 604.797
416 586.454 79.5156
417 1356.32 1359.27
418 1293.84 834.104
419 854.303 1120.34
420 1184.2 1357.29
421 1011.88 582.326
422 1058.7 221.754
423 894.417 289.444
424 1408.71 1081.3
425 129.754 329.352
426 770.018 116.331
427 482.266 503.069
428 423.684 674.888
429 554.954 273.173
430 123.184 1098.56
431 867.164 155.995
432 846.023 25.4642
433 1159.66 455.68
434 1187.98 327.237
435 1296.86 1049.87
436 549.56 274.15
437 425.037 952.578
438 15.5375 637.253
439 1303.29 169.79
440 297.845 21.2932
441 366.642 1160.28
442 535.575 763.452
443 690.296 622.551
444 847.706 644.633
445 445.155 1098.08
446 401.567 340.316
447 324.629 1152.19
448 153.174 529.513
449 499.142 652.229
450 1187.24 427.195
451 878.257 515.413
452 2.07167 162.339
453 970.316 26.5017
454 537.166 875.581
455 847.138 692.426
456 122.832 657.251
457 948.003 1259.59
458 806.482 1394.96
459 838.531 405.673
460 853.397 1105.84
461 268.059 1346.38
462 222.359 488.037
463 1052.95 1384.86
464 636.821 812.54
465 987.407 1239.78
466 360.747 1211.55
467 1315.73 743.987
468 90.9806 289.084
469 1091.46 477.491
470 390.597 761.078
471 849.88 786.283
472 718.868 163.316
473 706.193 628.146
474 124.602 100.907
475 1347.58 303.874
476 188.648 24.5579
477 164.741 421.556
478 3.79805 663.092
479 555.358 17.0912
480 1103.77 102.045
481 894.412 986.372
482 875.79 1031.26
483 37.0451 911.317
484 545.607 335.064
485 911.231 6.60343
486 97.831 1046.54
487 1133.94 1222.33
488 295.841 539.253
489 239.236 1141.26
490 584.598 699.692
491 1335.84 114.187
492 975.206 958.922
493 1380.87 233.062
494 688.268 262.34
495 711.882 1233.03
496 148.556 1222.33
497 654.905 1306.62
498 848.703 1340.57
499 914.122 865.999
500 1201.74 988.227
501 441.82 52.8275
502 728.838 541.438
503 864.353 167.632
504 172.596 1036.48
505 1312.5 1172.49
506 1289.28 566.859
507 1310.41 125.034
508 142.717 779.221
509 736.391 1054.32
510 624.737 44.6271
511 1276.71 646.316
512 63.9075 394.695
513 97.0661 237.421
514 44.911 249.679
515 983.339 895.736
516 335.499 902.426
517 585.739 14.0855
518 370.612 372.641
519 626.938 445.985
520 243.902 646.014
521 1336.57 443.466
522 361.481 177.445
523 1085.93 1152.62
524 140.571 910.367
525 958.836 791.046
526 1141.64 311.701
527 366.08 176.394
528 1046.32 1114.7
529 566.169 131.551
530 1143.6 1058.45
531 1041.1 613.17
532 201.124 68.8983
533 1059.7 316.533
534 1216.07 1188.14
535 721.846 101.7
536 697.676 666.919
537 701.172 241.306
538 1116.87 786.413
539 795.865 1362.65
540 221.501 568.888
541 161.473 794.484
542 1045.52 208.116
543 360.18 234.055
544 103.324 847.931
545 45.0712 465.838
546 1305.49 1313.82
547 814.812 1287.15
548 1047.44 50.7281
549 964.465 486.123
550 747.137 1195.83
551 1134.2 1007
552 611.061 1309.01
553 978.819 892.083
554 783.529 266.9
555 923.883 1239.39
556 655.75 230.272
557 497.083 907.864
558 747.076 1270.9
559 528.787 1300.83
560 1.89903 967.095
561 1036.68 396.163
562 1129.58 975.668
563 893.492 464.355
564 1353.53 816.611
565 1363.64 761.553
566 126.674 546.892
567 836.139 1028.84
568 1099.2 404.234
569 491.127 1203.35
570 819.664 513.788
571 383.684 141.477
572 1214.46 671.839
573 180.019 794.197
574 28.3559 1177.96
575 369.244 1336.57
576 832.939 1160.88
577 1073.68 1171.31
578 596.812 1084.56
579 210.317 692.066
580 849.864 1384.86
581 641.982 96.6932
582 433.484 1079.9
583 173.687 195.513
584 958.879 563.854
585 1095.86 672.271
586 712.955 643.036
587 663.346 1181.43
588 417.897 539.108
589 43.9305 814.208
590 653.351 197.844
591 1099.86 917.893
592 985.854 453.565
593 1314.57 1017.4
594 530.346 123.28
595 1284.86 375.964
596 940.419 29.4072
597 1053.87 681.06
598 1072.74 855.252
599 1095.22 1043.6
600 1058.95 1370.98
601 1100.92 61.2868
602 1364.75 696.224
603 979.485 355.694
604 1171.66 1030.39
605 502.126 623.96
606 191.715 1361.82
607 1214.51 437.553
608 345.493 848.362
609 218.647 605.978
610 80.277 726.307
611 749.9 1261.08
612 436.431 1073.08
613 1069.32 1339.94
614 143.204 721.673
615 313.524 1357.03
616 896.072 1357.58
617 580.201 1030.14
618 956.536 172.741
619 183.731 126.43
620 543.899 1025.79
621 470.756 214.072
622 1166.25 1175.77
623 574.271 1091.59
624 784.421 664.632
625 58.8698 538.26
626 1286.59 575.06
627 1101.82 699.505
628 99.2615 431.683
629 710.754 1329.69
630 286.864 322.705
631 354.125 314.218
632 559.479 1408.45
633 1364.49 737.514
634 377.573 247.046
635 84.6793 1330.61
636 357.042 628.593
637 226.989 1.20847
638 891.482 1004.56
639 1397.52 1047.53
640 206.994 717.357
641 847.095 355.651
642 873.537 445.063
643 345.442 807.649
644 245.721 854.318
645 816.538 606.539
646 1139.11 667.767
647 417.492 956.233
648 110.834 968.547
649 819.227 1162.98
650 987.278 362.6
651 1186.37 1127.76
652 66.7098 282.998
653 617.874 321.367
654 1170.36 244.99
655 1196.6 737.96
656 990.176 1162.46
657 1249.08 789.406
658 994.917 1025.17
659 1285.99 563.508
660 1056.67 0.215798
661 951.93 843.211
662 700.568 1111.46
663 407.945 153.605
664 1234.93 310.534
665 438.157 114.805
666 843.599 754.764
667 1106.12 648.82
668 468.052 1217.97
669 723.505 31.3339
670 72.983 896.384
671 50.1393 1109.91
672 598.095 1162.61
673 267.091 1350.42
674 937.701 1162.98
675 207.426 361.823
676 1171.18 738.678
677 342.861 78.9545
678 655.017 1061.6
679 357.449 858.649
680 930.252 887.709
681 882.918 783.607
682 858.187 1021.16
683 460.082 1339.22
684 329.685 821.042
685 152.847 386.554
686 796.383 768.89
687 790.254 1100.18
688 462.024 367.548
689 1101.66 279.071
690 1053.56 816.856
691 1306.36 453.652
692 189.298 1278.09
693 840.233 114.934
694 220.978 747.239
695 234.271 231.422
696 668.951 580.297
697 437.769 13.0928
698 405.88 701.086
699 94.483 1263.07
700 426.763 574.514
701 256.886 97.843
702 1346.37 288.797
703 1276.97 402.896
704 651.742 648.518
705 503.674 1394.25
706 657.02 485.519
707 433.798 1347.55
708 928.84 1365.03
709 682.898 180.235
710 1254.5 1166.13
711 1412.73 1412.16
712 828.315 730.132
713 307.297 290.551
714 900.361 38.6002
715 1206.39 35.6515
716 650.448 34.3983
717 60.6825 689.217
718 1033.85 816.927
719 206.088 561.178
720 322.058 309.843
721 1309.34 811.116
722 1108.17 211.066
723 464.528 839.04
724 120.674 884.314
725 58.5677 1369.07
726 939.198 425.425
727 58.6358 1390.06
728 719.213 1090.06
729 1397.99 252.456
730 786.844 655.38
731 679.457 800.671
732 1336.77 852.059
733 1013.51 1045.9
734 714.379 1154.19
735 1398.26 745.901
736 102.656 83.4708
737 187.572 1120.12
738 508.853 582.785
739 177.997 837.529
740 87.5096 405.528
741 943.73 940.249
742 1214.16 399.804
743 1027.79 834.924
744 1106.96 1326.86
745 1310.98 314.03
746 767.379 1305.84
747 283.96 152.844
748 797.659 149.132
749 998.413 1327.29
750 420.246 650.373
751 567.254 58.8267
752 305.108 551.553
753 639.128 145.189
754 520.759 497.474
755 778.687 307.729
756 574.419 840.033
757 1196.47 1035.36
758 1132.86 827.257
759 1323.41 1384.3
760 338.058 530.851
761 152.169 1186.89
762 110.575 488.438
763 776.893 587.203
764 1117.98 710.769
765 1273.94 198.723
766 1093.06 565.235
767 774.341 316.419
768 821.095 377.965
769 345.443 355.852
770 736.175 831.918
771 441.61 583.06
772 459.176 407.414
773 121.279 1001.29
774 649.208 701.647
775 381.877 1161.08
776 1040.35 1221.02
777 141.736 402.637
778 274.927 449.653
779 1023.66 243.119
780 54.3923 551.149
781 577.433 102.332
782 0.474757 1168.43
783 486.546 1367.86
784 824.19 1274.25
785 410.739 504.623
786 942.564 261.649
787 1264.04 1288.45
788 327.502 112.949
789 263.422 1200.2
790 1243.41 536.836
791 951.369 450.315
792 1233.81 471.476
793 510.45 1179.17
794 414.204 769.839
795 1309.14 1082.23
796 595.379 532.202
797 798.411 728.566
798 932.551 1077.02
799 126.464 262.54
800 332.934 461.248
801 955.081 673.809
802 737.723 144.671
803 690.303 279.675
804 255.247 1388.58
805 1214.04 1079.47
806 1244.85 1379.7
807 799.274 58.3087
808 46.483 1292.35
809 339.667 317.008
810 1274.51 943.573
811 699.964 342.056
812 1312.31 1213.09
813 58.4382 1363.86
814 1204.44 1011.03
815 913.13 1091.47
816 717.271 1174.07
817 66.8112 228.401
818 1065.48 1373.79
819 454.428 47.448
820 273.373 366.642
821 393.098 375.317
822 594.784 760.489
823 1072.78 1392.65
824 372.795 1410.13
825 32.154 1260.15
826 262.238 754.82
827 852.823 1203.85
828 269.761 927.431
829 1213.87 891.954
830 512.047 260.527
831 1325.72 423.599
832 560.213 530.491
833 232.576 340.055
834 685.666 1260.69
835 553.055 1353.1
836 662.026 21.9837
837 1399.68 185.574
838 279.847 459.305
839 913.79 339.451
840 358.7 36.3274
841 1208.99 1379.73
842 86.5231 996.255
843 506.159 871.869
844 330.085 1012.09
845 294.098 40.268
846 1072.39 992.802
847 1391.04 509.084
848 1327.55 712.437
849 1132.13 874.316
850 350.697 101.009
851 1069.34 1058.41
852 1119.82 1265.59
853 609.026 393.573
854 415.924 453.322
855 343.983 406.968
856 874.021 1199.25
857 1310.24 1313.32
858 152.416 675.449
859 636.778 1331.26
860 808.295 144.11
861 246.183 257.491
862 546.821 288.307
863 329.179 753.023
864 772.386 464.975
865 1208.31 38.7574
866 1170.84 689.821
867 1155.69 147.118
868 476.31 670.443
869 770.604 627.542
870 550.502 36.4422
871 138.543 717.545
872 444.335 418.449
873 294.269 67.8039
874 762.731 1294.45
875 467.549 724.494
876 1410.42 491.632
877 787.492 1185.57
878 204.324 1264.36
879 94.7787 937.703
880 1206.81 315.642
881 68.5872 316.749
882 1091.94 1292.35
883 1140.93 247.607
884 1402.04 643.742
885 1039.74 1104.54
886 1316.92 89.4423
887 782.528 1344.12
888 639.972 1405.75
889 472.178 1008.28
890 921.096 252.284
891 160.166 269.375
892 36.5318 524.52
893 239.623 445.726
894 6.08552 1072.15
895 1029.41 136.674
896 664.098 855.555
897 1192.09 735.413
898 878.429 707.776
899 570.528 430.404
900 997.649 1187.94
901 1119.22 770.718
902 1327.91 188.034
903 373.296 547.955
904 177.473 1074.81
905 199.571 959.455
906 590.776 471.017
907 929.173 1047.53
908 364.138 649.368
909 627.456 240.113
910 492.471 1251.56
911 1050.88 1295.77
912 10.9626 784.298
913 1060.35 600.41
914 772.663 478.484
915 462.093 801.087
916 79.6206 1023.53
917 1287.11 1333
918 494.135 760.72
919 1171.4 578.442
920 810.712 610.192
921 741.897 226.518
922 410.751 147.061
923 885.323 940.148
924 564.399 516.911
925 332.792 129.522
926 1310.57 1341.06
927 290.378 64.9276
928 1384.56 1333.63
929 865.878 307.672
930 301.945 1112.87
931 194.693 211.18
932 1285.21 64.3943
933 216.144 953.586
934 179.933 196.592
935 607.214 894.744
936 140.83 498.581
937 1002.34 1022.81
938 125.996 473.693
939 1143.03 373.563
940 697.504 320.072
941 868.028 882.286
942 125.81 709.532
943 1348.4 645.971
944 519.211 462.083
945 856.504 785.306
946 117.826 359.19
947 440.66 1187.06
948 289.386 275.849
949 225.029 1339.95
950 785.186 34.5
951 549.639 966.604
952 1258.22 49.3315
953 859.766 242.372
954 671.614 304.535
955 875.02 920.353
956 1271.53 0.517916
957 246.306 784.773
958 1406.57 755.31
959 882.055 180.105
960 46.224 612.004
961 1052.19 1257.54
962 562.583 950.579
963 966.518 1278.71
964 1148.6 79.1272
965 653.524 688.974
966 572.625 984.531
967 171.387 538.417
968 820.164 814.251
969 78.119 699.316
970 868.589 1135.1
971 10.8762 30.0114
972 642.938 995.336
973 917.569 1227.13
974 888.849 426.304
975 313.518 672.687
976 338.07 672.961
977 1249.81 1252.84
978 1031.95 1084.52
979 319.992 506.911
980 136.003 1220.36
981 980.502 760.576
982 473.591 546.806
983 2.20114 182.193
984 65.307 345.364
985 819.085 809.475
986 1125.04 481.921
987 808.542 589.95
988 702.609 371.879
989 1357.54 352.572
990 213.338 1300.98
991 1325 1357.13
992 810.28 1065.05
993 981.365 514.981
994 1223.92 331.611
995 165.906 1056.74
996 499.314 1283.89
997 1003.43 230.229
998 1084.25 13.1792
999 122.37 203.843
1000 1210.61 195.932
1001 907.562 1240.19
1002 1170.51 909.849
1003 1172.17 516.449
1004 1280.26 504.207
1005 629.786 858.921
1006 354.909 785.91
1007 715.501 683.693
1008 197.412 1301.31
1009 639.03 363.577
1010 1248.01 711.762
1011 262.152 848.822
1012 266.431 1155.51
1013 263.706 881.666
1014 241.867 637.382
1015 115.668 349.523
1016 393.228 1124.09
1017 649.812 168.972
1018 263.706 1245.26
1019 1157.11 848.405
1020 1390.81 979.525
1021 352.442 1260.71
1022 1034.78 42.1393
1023 328.92 422.059
1024 197.197 427.713
1025 710.933 106.62
1026 1010.34 720.724
1027 1348.65 959.656
1028 343.04 298.881
1029 1113.69 967.785
1030 66.2933 833.802
1031 955.876 1268.22
1032 467.463 818.524
1033 1254.35 1144.93
1034 552.574 166.467
1035 1093.97 443.121
1036 533.978 209.022
1037 289.294 26.0253
1038 525.944 561.853
1039 546.488 930.927
1040 104.348 1279.66
1041 172.898 745.01
1042 172.035 339.87
1043 1138.98 490.812
1044 585.073 361.78
1045 960.519 988.157
1046 647.568 1382.58
1047 192.794 462.154
1048 1247.38 1249.83
1049 509.457 234.746
1050 1017.75 554.315
1051 935.055 231.206
1052 926.738 1303.08
1053 591.529 1326.51
1054 1241.83 292.595
1055 1236.12 677.564
1056 690.186 1197.87
1057 253.304 989.192
1058 315.282 216.893
1059 1181.15 1273.38
1060 110.218 1044.95
1061 1240.85 812.799
1062 1106.53 276.626
1063 1049.04 393.573
1064 1289.05 775.407
1065 422.299 123.048
1066 612.976 495.173
1067 462.024 312.821
1068 388.77 1.25163
1069 63.3032 218.274
1070 1099.44 900.499
1071 322.705 1357.56
1072 518.894 777.565
1073 669.795 840.578
1074 346.615 1129.2
1075 99.249 1221.64
1076 577.409 670.026
1077 652.963 1072.85
1078 1299.88 915.633
1079 815.392 1217.23
1080 157.964 680.255
1081 1290.01 81.7445
1082 436.724 208.232
1083 1240.03 206.519
1084 809.651 1240.45
1085 1397.52 44.7289
1086 244.031 768.89
1087 262.325 951.585
1088 828.623 1317.23
1089 292.7 214.245
1090 839.592 270.843
1091 455.464 646.763
1092 252.873 375.446
1093 727.206 13.7549
1094 1266.18 1075.55
1095 247.848 689.233
1096 1229.71 540.661
1097 619.816 504.164
1098 1392.65 701.431
1099 482.18 449.594
1100 1213.18 1103.61
1101 466.883 756.676
1102 793.016 1.98535
1103 1251.21 420.736
1104 170.296 16.1849
1105 1026.89 1268.52
1106 861.363 861.165
1107 741.817 878.731
1108 454.817 340.055
1109 1096.52 1159.7
1110 648.283 1288.07
1111 148.081 245.997
1112 1152.02 74.1206
1113 1161.56 783.206
1114 178.991 630.291
1115 1287.84 358.182
1116 817.401 167.518
1117 258.578 1225.98
1118 907.519 321.728
1119 1241.92 155.72
1120 170.092 232.171
1121 539.207 1111.78
1122 144.628 109.453
1123 965.624 579.78
1124 82.3182 861.424
1125 1236.64 129.078
1126 902.821 1091.64
1127 1175.63 1128.28
1128 1201.55 1149.07
1129 972.758 499.358
1130 1068.92 930.134
1131 40.268 382.324
1132 136.514 446.373
1133 298.751 740.189
1134 137.482 125.206
1135 56.1076 188.651
1136 705.778 720.566
1137 227.02 408.004
1138 1092.02 743.814
1139 1097.25 1300.37
1140 535.501 857.383
1141 627.758 1154.54
1142 1102.11 1403.91
1143 623.738 1016.07
1144 850.907 199.657
1145 6.81923 1157
1146 182.738 755.914
1147 1000.72 146.672
1148 1226.38 355.795
1149 639.417 782.112
1150 922.582 1066.35
1151 143.044 894.673
1152 513.471 1227.48
1153 1215.43 107.597
1154 412.453 90.8511
1155 583.087 219.195
1156 1096.45 349.264
1157 932.767 607.473
1158 554.688 718.005
1159 277.924 1111.19
1160 1248.91 394.883
1161 1264.97 103.987
1162 868.829 914.165
1163 96.2029 524.766
1164 691.499 737.168
1165 96.0799 987.207
1166 509.618 172.509
1167 852.503 321.669
1168 813.344 369.462
1169 787.258 64.0644
1170 1298.33 821.027
1171 1065.29 778.256
1172 872.923 259.562
1173 786.228 1413.71
1174 869.02 1394.85
1175 207.037 609.933
1176 144.24 254.96
1177 711.66 182.307
1178 737.038 448.515
1179 724.121 413.787
1180 412.841 1401.01
1181 1178.22 942.521
1182 888.036 576.413
1183 950.125 1325.78
1184 1001.14 528.62
1185 877.757 86.5938
1186 1199.15 1018.78
1187 769.414 864.879
1188 119.509 362.671
1189 418.476 239.696
1190 953.386 124.516
1191 142.939 53.8788
1192 12.8184 943.443
1193 445.501 837.227
1194 1193.74 1241.36
1195 501.128 1232.99
1196 1318 1237.3
1197 1123.79 13.7834
1198 1204.28 896.599
1199 441.319 36.5994
1200 216.637 383.878
1201 917.575 1250.47
1202 1394.24 878.774
1203 1191.09 1043.43
1204 1188.53 22.3722
1205 685.937 1229.72
1206 75.1782 264.914
1207 228.401 1251.59
1208 1008.56 920.596
1209 1177.14 268.339
1210 147.483 565.666
1211 530.673 136.298
1212 72.4501 1395.31
1213 1411.51 401.918
1214 604.205 824.624
1215 1157.07 184.825
1216 951.283 156.469
1217 429.322 1343.58
1218 1034.55 406.348
1219 89.2482 964.937
1220 1409.02 999.104
1221 1065.57 579.98
1222 1260.39 220.993
1223 985.163 345.998
1224 219.985 678.615
1225 242.04 869.754
1226 877.27 1169.6
1227 170.912 888.313
1228 962.332 1381.69
1229 1358.24 1.46743
1230 1205.19 721.501
1231 152.354 1106.41
1232 616.037 1218.41
1233 1020.51 808.181
1234 207.425 1227.16
1235 1330.35 568.903
1236 179.372 275.747
1237 898.268 968.158
1238 926.947 491.891
1239 228.881 581.534
1240 1006.53 206.362
1241 809.805 891.895
1242 990.04 695.864
1243 381.224 1221.38
1244 1373.69 784.831
1245 479.116 152.887
1246 679.032 760.964
1247 945.24 591.778
1248 1356.11 1260.15
1249 682.441 731.917
1250 1207.36 1210.33
1251 1184.09 560.256
1252 395.972 615.947
1253 550.478 1045.07
1254 1127.42 1098.83
1255 1353.19 970.964
1256 419.192 578.685
1257 905.922 1384.71
1258 30.7729 723.458
1259 1115.62 646.461
1260 710.84 1122.83
1261 1008.6 70.1931
1262 317.612 700.411
1263 295.255 36.211
1264 156.75 600.626
1265 1171.98 1367.51
1266 519.945 95.1394
1267 1250.64 1052.68
1268 1039.72 60.7411
1269 1095.57 14.5448
1270 576.182 942.537
1271 862.781 194.579
1272 513.821 388.208
1273 694.36 219.267
1274 539.355 1016.47
1275 180.408 1388.23
1276 416.966 1402.88
1277 35.952 762.317
1278 727.395 84.6948
1279 1116.83 723.501
1280 1380.07 1291.28
1281 1334.71 915.044
1282 610.58 20.3005
1283 1230.96 134.745
1284 765.308 227.467
1285 546.531 914.77
1286 305.743 538.547
1287 952.491 1236.71
1288 77.5152 549.654
1289 412.81 909.275
1290 765.998 949.858
1291 277.43 1.89903
1292 1212.31 1178.39
1293 1336.03 486.684
1294 974.686 1237.04
1295 603.114 279.129
1296 533.411 1230.31
1297 197.104 1060.74
1298 611.832 625.759
1299 1316.27 986.933
1300 338.878 246.96
1301 477.562 683.434
1302 761.084 1352.24
1303 585.72 946.837
1304 1269.71 683.162
1305 238.026 1063.76
1306 239.197 1169.63
1307 904.732 548.964
1308 1166 617.356
1309 1224.74 462.27
1310 401.817 338.199
1311 966.043 765.739
1312 425.9 136.227
1313 534.977 303.974
1314 495.516 1000.01
1315 966.703 752.619
1316 1254.22 1103.98
1317 1129.27 1077.35
1318 1409.71 296.22
1319 724.09 135.163
1320 372.086 865.568
1321 98.805 871.783
1322 1156.81 1197.48
1323 300.928 426.217
1324 414.549 548.042
1325 1305.75 512.78
1326 1342.27 36.2264
1327 1306.54 1299.45
1328 1214.58 348.53
1329 786.067 638.218
1330 883.19 705.59
1331 1331.65 253.391
1332 266.641 708.698
1333 1091.68 972.231
1334 669 32.9895
1335 709.243 761.18
1336 740.707 995.737
1337 1162.51 759.755
1338 335.653 1041.57
1339 626.371 439.193
1340 149.462 980.545
1341 831.237 342.386
1342 399.702 939.099
1343 303.444 1047.23
1344 619.601 1102.77
1345 284.466 1166.17
1346 666.731 390.956
1347 1.12215 875.883
1348 290.36 859.482
1349 1235.1 216.834
1350 419.839 393.157
1351 981.322 332.475
1352 1286.07 1400.49
1353 183.842 1401.35
1354 697.985 555.293
1355 1116.8 292.61
1356 804.368 503.775
1357 874.798 1222.97
1358 282.523 187.356
1359 952.196 769.725
1360 71.9582 95.2966
1361 0.215798 38.1686
1362 1303.47 902.139
1363 851.704 988.227
1364 998.968 285.976
1365 1141.44 163.834
1366 369.49 1040.39
1367 691.801 1327.52
1368 562.241 741.154
1369 549.281 44.325
1370 986.372 826.076
1371 428.274 566.4
1372 781.111 770.027
1373 268.022 691.621
1374 70.9977 246.226
1375 535.957 379.762
1376 478.857 1124.41
1377 227.797 373.865
1378 1134.71 621.629
1379 1070.61 1200.92
1380 1051.46 272.655
1381 731.168 14.6034
1382 313.21 200.606
1383 1122.45 1211.25
1384 587.737 1122.77
1385 844.303 1017.96
1386 730.909 324.172
1387 1169.24 1073.12
1388 62.8038 10.5033
1389 559.479 423.138
1390 438.416 1376.97
1391 161.51 395.919
1392 332.496 645.555
1393 496.115 1266.31
1394 374.108 538.217
1395 883.997 1014.27
1396 696.166 1047.3
1397 1121.94 530.346
1398 1069.48 1055.96
1399 1138.21 221.166
1400 871.733 331.251
1401 445.106 1124.24
1402 397.242 863.41
1403 192.271 1299.32
1404 366.093 48.8136
1405 289.602 1278.74
1406 734.892 1242.97
1407 1367.81 1277.11
1408 339.58 419.528
1409 239.709 937.385
1410 1151.28 652.531
1411 736.995 729.774
1412 614.81 474.297
1413 109.151 579.175
1414 1239.33 983.409
1415 1010.12 853.871
1416 23.6084 523.672
1417 190.248 936.479
1418 150.714 874.819
1419 93.7428 1243.95
1420 97.7999 408.565
1421 934.691 63.0995
1422 1091.38 412.952
1423 618.478 1093.23
1424 503.069 559.495
1425 1254.7 640.289
1426 1222.6 919.258
1427 894.873 773.81
1428 1120.68 316.533
1429 96.9064 153.621
1430 136.212 615.473
1431 136.687 767.179
1432 1237.68 1306.3
1433 121.526 657.812
1434 582.262 1191.42
1435 932.522 1040.83
1436 840.405 96.909
1437 1076.7 948.218
1438 1170.23 441.021
1439 856.504 1212.69
1440 329.74 653.654
1441 1153.05 614.84
1442 1086.29 1356.7
1443 663.494 544.33
1444 812.611 135.105
1445 10.0994 130.04
1446 793.534 850.391
1447 271.086 793.981
1448 737.556 656.446
1449 607.3 975.15
1450 1166.87 556.732
1451 795.051 771.652
1452 1372.09 616.422
1453 3.92753 889.996
1454 677.607 576.37
1455 964.219 188.133
1456 1276.32 182.609
1457 842.376 467.117
1458 505.036 1093.21
1459 1331.78 799.247
1460 127.34 1406.29
1461 947.528 242.471
1462 1358.44 1089.48
1463 1375.33 676.571
1464 857.528 548.057
1465 314.042 658.487
1466 1375.16 223.943
1467 745.282 1238.18
1468 1019.93 60.8706
1469 247.348 717.33
1470 420.573 1195.58
1471 1392.13 1400.94
1472 1000.33 272.828
1473 964.36 922.754
1474 299.356 1059.1
1475 1356.11 542.819
1476 100.13 1350.94
1477 703.435 1160.87
1478 1347.32 261.548
1479 1379.62 124.343
1480 960.533 1115.85
1481 1029.88 42.4691
1482 486.884 99.0083
1483 1217.82 464.528
1484 282.351 1070.4
1485 455.021 927.143
1486 130.793 171.877
1487 724.966 53.8633
1488 10.7468 925.171
1489 554.091 812.324
1490 1406.87 580.282
1491 946.958 1275.5
1492 803.461 430.086
1493 876.962 452.286
1494 567.377 1241.96
1495 825.738 1374.87
1496 555.299 708.913
1497 1240.77 66.0343
1498 91.0669 947.99
1499 463.449 1318.87
1500 250.758 959.872
1501 522.412 443.352
1502 650.565 1121.99
1503 272.424 1183.74
1504 59.992 904.498
1505 240.615 1149.19
1506 351.622 152.699
1507 416.683 474.411
1508 1223.33 297.802
1509 673.205 1358.54
1510 81.4855 1174.97
1511 1012.36 729.01
1512 31.8087 393.172
1513 1139.16 545.625
1514 1031.82 480.281
1515 2.07167 475.62
1516 161.633 165.69
1517 1071.14 135.235
1518 1076.1 1020.34
1519 1369.89 1275.9
1520 5.30864 826.206
1521 1375.5 1033.8
1522 709.33 1165.97
1523 153.433 1188.91
1524 667.267 452.4
1525 753.05 1396.56
1526 626.685 243.809
1527 1285.3 864.661
1528 1270.92 766.732
1529 448.947 848.39
1530 530.489 244.241
1531 924.099 86.8373
1532 844.549 677.148
1533 572.6 1258.51
1534 650.232 1138.34
1535 1062.38 956.117
1536 480.152 408.852
1537 881.062 659.351
1538 1391.25 1238.61
1539 1006.44 204.42
1540 566.07 1344.51
1541 1256.55 820.897
1542 674.845 692.627
1543 1243.28 1325.18
1544 154.727 1287.21
1545 543.708 360.485
1546 1384.91 829.659
1547 881.148 254.599
1548 741.12 812.697
1549 970.877 323.109
1550 247.052 460.529
1551 1018.31 379.287
1552 699.221 108.245
1553 144.875 1101.67
1554 17.825 307.658
1555 1274.13 30.9324
1556 318.389 1011.51
1557 1331.04 510.48
1558 121.02 1320.83
1559 401.385 1132.38
1560 924.912 1081.06
1561 361.031 1297.51
1562 315.411 588.784
1563 385.052 1070.71
1564 27.6222 743.469
1565 550.847 761.769
1566 776.443 292.25
1567 660.991 232.372
1568 811.1 978.473
1569 743.512 524.449
1570 1322.91 607.272
1571 1388.84 271.302
1572 648.333 672.53
1573 1324.94 470.629
1574 1039.92 609.948
1575 710.702 464.903
1576 1286.98 232.819
1577 840.646 1012.11
1578 1113.78 816.295
1579 12.8616 591.174
1580 927.89 781.277
1581 687.18 340.733
1582 164.568 970.461
1583 146.7 1231.65
1584 973.985 693.764
1585 869.693 388.927
1586 504.654 1258.28
1587 1097.21 947.932
1588 918.266 333.883
1589 1388.23 416.966
1590 1251.59 926.438
1591 374.497 1142.18
1592 932.897 368.152
1593 1196.26 569.622
1594 1136.76 511.717
1595 935.154 830.22
1596 724.306 240.588
1597 145.276 45.8356
1598 1412.76 980.588
1599 388.098 719.79
1600 1201.57 789.434
1601 718.706 1282.49
1602 80.3202 111.093
1603 1396.86 212.275
1604 645.102 1363.6
1605 563.012 1141.4
1606 757.055 369.706
1607 1152.06 568.86
1608 1341.63 341.005
1609 1049.99 486.555
1610 1119.54 513.039
1611 899.405 398.25
1612 99.8348 1126.34
1613 87.448 501.472
1614 243.593 1264.97
1615 249.169 517.428
1616 761.732 613.401
1617 161.59 1025.22
1618 1252.87 759.986
1619 796.925 82.0466
1620 387.977 975.784
1621 639.411 295.989
1622 585.159 913.043
1623 1381.73 712.394
1624 740.75 304.637
1625 382.438 1200.53
1626 867.633 565.796
1627 226.977 814.121
1628 202.85 1142.39
1629 1240.8 250.628
1630 1176.74 1299.12
1631 1232.08 238.041
1632 1119.26 886.155
1633 1215.65 1199.84
1634 1063.46 1324.76
1635 1349.26 1021.68
1636 1240.55 1164.2
1637 353.521 971.913
1638 1054.07 1103.32
1639 722.222 927.933
1640 758.137 368.599
1641 1094.31 194.262
1642 654.991 429.195
1643 1207.05 780.198
1644 685.549 1014.47
1645 603.157 1334.83
1646 358.355 1235.75
1647 362.369 523.557
1648 1333.75 149.564
1649 357.88 104.792
1650 714.521 1391.34
1651 607.084 845.8
1652 730.219 977.021
1653 848.976 1310.34
1654 1201.25 1001.33
1655 728.881 415.298
1656 698.645 1342.83
1657 1107.22 391.804
1658 135.805 179.631
1659 260.469 738.505
1660 814.423 1405.8
1661 67.502 1334.17
1662 46.8714 1312.98
1663 562.803 962.261
1664 1110.24 933.042
1665 1148.26 1397.33
1666 587.003 182.134
1667 14.6743 767.336
1668 768.286 1044.95
1669 651.514 848.822
1670 36.9447 355.679
1671 181.745 1340.76
1672 1014.62 313.786
1673 1035.97 354.486
1674 911.447 213.483
1675 373.446 89.5001
1676 1293.48 1146.11
1677 255.764 121.365
1678 1293.97 312.492
1679 174.322 195.874
1680 782.183 357.809
1681 1057.23 512.45
1682 742.735 253.852
1683 893.276 562.861
1684 303.283 179.285
1685 1257.96 3.3233
1686 286.137 397.861
1687 41.304 629.139
1688 546.451 1209.31
1689 1237.78 124.343
1690 619.629 923.186
1691 427.799 397.214
1692 860.506 1138.12
1693 959.526 273.417
1694 6.99187 421.901
1695 274.194 1202.39
1696 741.095 626.608
1697 274.409 1182.42
1698 1006.23 591.821
1699 714.034 898.455
1700 11.1352 206.837
1701 555.465 1166.99
1702 875.926 587.533
1703 1359.92 115.711
1704 931.195 105.67
1705 1183.27 601.532
1706 941.822 1004.66
1707 904.152 925.819
1708 250.024 592.41
1709 1123.06 469.88
1710 272.813 1037.4
1711 1057.65 232.026
1712 933.846 793.577
1713 46.6805 975.338
1714 621.241 1227.17
1715 748.5 1034.86
1716 446.796 1284.97
1717 396.841 910.195
1718 212.216 16.3575
1719 310.663 219.165
1720 1144.04 1192.63
1721 562.488 125.379
1722 849.431 1120.37
1723 1134.37 678.47
1724 300.132 430.863
1725 1278.35 892.456
1726 393.469 1186.22
1727 871.333 495.732
1728 157.662 1372.05
1729 1149.68 843.384
1730 567.464 1130.93
1731 578.704 332.243
1732 401.73 1120.35
1733 565.953 1402.85
1734 1119.61 105.612
1735 213.554 267.331
1736 28.917 684.685
1737 954.637 455.421
1738 292.056 764.056
1739 1401.89 382.697
1740 27.6346 504.709
1741 111.568 1038.34
1742 1079.25 1062.38
1743 297.241 1235.68
1744 532.116 614.825
1745 356.191 1296.52
1746 1002.01 958.894
1747 1362.34 895.434
1748 409.197 818.021
1749 209.127 664.373
1750 347.953 940.897
1751 207.425 1007.49
1752 1249.69 960.087
1753 329.549 608.524
1754 744.634 387.719
1755 360.729 1308.69
1756 696.684 278.207
1757 642.525 956.85
1758 1367.09 1374.94
1759 129.966 1173.51
1760 1414.07 772.444
1761 170.66 671.796
1762 339.704 1033.22
1763 1285.8 115.381
1764 1141.7 874.949
1765 621.327 410.362
1766 714.163 637.425
1767 342.343 65.948
1768 85.1543 75.141
1769 65.8185 830.494
1770 1410.64 1333.39
1771 784.902 284.006
1772 552.789 648.82
1773 1212.1 386.295
1774 928.353 1367.01
1775 994.245 1326.53
1776 499.222 591.821
1777 1400 185.587
1778 1057.24 87.3707
1779 338.194 941.976
1780 52.1369 625.168
1781 1268.46 636.001
1782 618.867 542.878
1783 560.083 1271.18
1784 477.636 500.437
1785 451.321 65.3161
1786 667.162 801.864
1787 810.743 917.547
1788 1286.03 944.738
1789 681.923 429.655
1790 194.434 618.004
1791 1331.99 64.2802
1792 991.175 1336.61
1793 307.963 840.751
1794 38.8006 1190.56
1795 810.409 1056.51
1796 41.2607 672.875
1797 330.712 578.771
1798 668.069 188.306
1799 331.3 1324.28
1800 902.673 525.34
1801 978.307 618.09
1802 1400.95 348.789
1803 815.114 597.993
1804 1152.6 84.0751
1805 423.44 16.7028
1806 969.496 164.627
1807 742.606 85.3267
1808 153.735 1009.61
1809 4.27281 837.082
1810 495.948 531.714
1811 1360.26 950.219
1812 51.2061 1365.87
1813 11.4805 234.416
1814 507.626 930.307
1815 380.558 559.954
1816 444.058 976.374
1817 371.993 877.221
1818 81.7324 1084.94
1819 450.976 464.543
1820 137.42 689.26
1821 670.899 1022.99
1822 351.968 1374.22
1823 290.206 870.445
1824 236.731 165.388
1825 41.4273 456.731
1826 52.7411 1063.47
1827 378.042 817.186
1828 975.021 490.871
1829 1141.83 217.611
1830 947.602 841.312
1831 1389.56 785.765
1832 204.232 636.692
1833 834.838 641.124
1834 130.903 1296.88
1835 1278.69 1279.17
1836 522.966 433.971
1837 96.8877 1012.91
1838 1218.74 1182.85
1839 748.389 706.237
1840 1200.62 1336.01
1841 754.321 1310.85
1842 1051.96 443.897
1843 944.858 978.689
1844 674.796 612.883
1845 405.14 363.318
1846 704.064 834.104
1847 987.186 174.942
1848 1328.89 366.728
1849 138.853 582.569
1850 454.786 1318.53
1851 985.78 1203.21
1852 260.253 1220.74
1853 1363.67 959.224
1854 1073.68 1125.19
1855 67.3723 497.834
1856 423.842 176.035
1857 967.647 197.24
1858 449.28 987.278
1859 1255.34 935.545
1860 1165.87 866.878
1861 1352.84 433.669
1862 437.769 1021.42
1863 359.607 620.032
1864 307.783 499.906
1865 1053.01 948.493
1866 131.119 796.598
1867 1154.69 1249.52
1868 217.05 953.915
1869 767.472 1137
1870 995.392 89.8308
1871 579.487 206.679
1872 183.706 435.454
1873 220.114 416.664
1874 851.794 178.336
1875 50.1949 1092.11
1876 905.577 702.439
1877 1066.66 993.234
1878 678.853 1297.38
1879 479.159 116.315
1880 0.0863194 1229.14
1881 836.521 1299.9
1882 505.4 1219.28
1883 1401.03 555.783
1884 873.725 1152.81
1885 729.615 487.704
1886 550.804 43.8502
1887 170.894 213.899
1888 753.525 151.145
1889 1373.82 470.111
1890 544.971 1380.13
1891 290.551 1389.67
1892 1043.21 988.085
1893 1180.88 350.746
1894 627.974 1363.76
1895 37.2468 372.181
1896 85.0417 569.091
1897 1185.25 350.931
1898 925.775 1222.95
1899 604.236 2.02851
1900 87.6142 893.723
1901 178.94 478.857
1902 1129.96 720.869
1903 713.559 681.578
1904 1058.02 640.419
1905 139.554 1062
1906 271.647 915.503
1907 9.53829 621.875
1908 1167.34 1174.05
1909 43.2892 1136.83
1910 492.582 1253.24
1911 1154.65 445.365
1912 422.786 1169.76
1913 375.175 1050.08
1914 653.092 352.17
1915 1102.77 1408.53
1916 66.7359 1251.57
1917 1345.59 599.359
1918 565.651 743.21
1919 1092.77 1042.47
1920 589 1353.95
1921 1064.52 905.607
1922 1251.83 1130.65
1923 1360.57 862.244
1924 1357.85 1366.24
1925 1262.55 423.871
1926 723.751 944.522
1927 674.413 954.606
1928 807.722 893.896
1929 133.622 537.656
1930 1100.34 287.875
1931 553.005 776.874
1932 668.716 1282.46
1933 904.498 283.747
1934 1274.38 1396.32
1935 589.044 678.097
1936 1300.44 256.686
1937 240.48 70.6956
1938 777.924 1093.41
1939 1128.63 908.743
1940 272.553 158.482
1941 356.844 988.961
1942 1280.27 1275.17
1943 875.581 1064.46
1944 454.447 1151.16
1945 851.467 218.835
1946 1393.29 804.613
1947 1252.15 1316.3
1948 141.73 556.56
1949 230.559 256.643
1950 1052.02 1072.86
1951 895.521 413.658
1952 978.998 1353.76
1953 769.537 133.104
1954 47.9936 974.302
1955 359.348 26.1702
1956 1367.3 1151.65
1957 981.451 1171.92
1958 1121.04 249.45
1959 781.44 504.148
1960 283.726 661.379
1961 1188.92 1351.99
1962 403.543 280.106
1963 596.251 69.071
1964 491.688 800.541
1965 382.204 495.085
1966 524.174 989.695
1967 1363.99 1075.47
1968 578.469 1293.86
1969 1339.46 488.842
1970 547.74 1054.74
1971 1020.64 501.056
1972 287.308 990.644
1973 1063.16 538.62
1974 711.66 916.382
1975 1156.77 57.9635
1976 4.74757 114.33
1977 1077.17 728.19
1978 118.652 72.0921
1979 512.047 173.906
1980 295.465 342.99
1981 160.974 959.24
1982 645.453 1006.93
1983 1269.2 756.676
1984 114.675 1030.67
1985 680.456 315.47
1986 287.086 1355.62
1987 1278.65 440.79
1988 235.881 310.118
1989 1336.24 686.757
1990 829.548 717.804
1991 931.818 309.773
1992 539.126 521.428
1993 885.403 471.908
1994 477.562 1072.98
1995 514.957 983.927
1996 488.327 929.546
1997 528.873 637.355
1998 111.136 718.15
1999 68.8092 946.06
2000 1286.97 517.269
2001 864.186 1259.52
2002 545.236 892.256
2003 1351.21 359.795
2004 1079.15 371.577
2005 284.422 1020.3
2006 579.764 1343.36
2007 1401.51 404.449
2008 1352.98 751.052
2009 166.899 393.287
2010 1331.35 626.478
2011 1290.65 1011.68
2012 1412.51 1293.11
2013 1022.28 1011.64
2014 426.711 72.8536
2015 1123.59 421.411
2016 786.887 33.794
2017 1088.35 1143.26
2018 491.182 486.496
2019 1368.77 1350.78
2020 921.534 244.084
2021 84.5067 287.286
2022 548.085 794.57
2023 1281.55 240.227
2024 678.859 508.091
2025 50.5649 1168.59
2026 1110.07 1394.33
2027 727.753 919.733
2028 951.517 739.8
2029 802.548 1071.33
2030 375.058 660.1
2031 1338.98 1076.16
2032 519.556 737.685
2033 206.593 143.463
2034 55.4602 1073.35
2035 792.079 719.703
2036 888.529 435.41
2037 1365.18 725.514
2038 333.15 25.5505
2039 614.502 578.83
2040 651.193 1110.38
2041 679.944 245.708
2042 738.635 15.7101
2043 780.068 858.721
2044 1228.54 494.712
2045 1294.01 881.666
2046 935.141 1053.93
2047 888.331 900.052
2048 1070.23 1192.26
2049 1290.62 985.711
2050 152.693 1367.83
2051 1349.34 304.378
2052 1282.6 528.706
2053 754.308 1351.56
2054 134.529 469.448
2055 182.263 82.9961
2056 1396.41 854.448
2057 1228.15 1069.41
2058 130.99 1392.43
2059 461.463 668.732
2060 146.237 1134.32
2061 1266.13 643.597
2062 680.93 577.045
2063 61.1252 571.723
2064 766.905 361.765
2065 805.206 1063
2066 816.662 396.178
2067 8.07086 1355.21
2068 374.54 17.7972
2069 268.626 1405.28
2070 5.82656 611.416
2071 1290.67 272.208
2072 740.232 206.923
2073 1124.87 593.1
2074 671.577 1129.06
2075 414.598 639.038
2076 784.082 666.04
2077 680.283 287.875
2078 1230.83 1201.95
2079 55.0286 449.48
2080 1088.59 1327.22
2081 4.31597 308.376
2082 321.694 449.983
2083 599.297 230.818
2084 459.053 1266.35
2085 798.618 748.549
2086 856.369 1232.42
2087 413.556 896.34
2088 1354.29 116.056
2089 790.556 169.402
2090 920.855 527.368
2091 1369.7 986.328
2092 828.623 379.087
2093 135.262 850.017
2094 1118.57 1151.63
2095 173.675 1211.19
2096 711.512 1170.62
2097 415.067 292.623
2098 115.28 447.695
2099 979.768 791.894
2100 289.04 263.505
2101 376.328 390.956
2102 490.572 605.185
2103 789.002 1089.01
2104 669.765 904.038
2105 676.097 453.423
2106 298.19 353.968
2107 1034.22 1192.37
2108 686.403 974.749
2109 686.369 1138.22
2110 848.507 422.059
2111 362.498 230.818
2112 611.314 270.972
2113 143.693 1266.13
2114 763.84 579.075
2115 1051.93 603.545
2116 18.8176 775.58
2117 15.667 1216.71
2118 765.567 1216.04
2119 1184.47 911.015
2120 542.197 472.355
2121 649.683 429.525
2122 1180.14 1224.22
2123 564.529 331.827
2124 519.6 581.981
2125 1089.14 753.439
2126 625.902 140.731
2127 264.847 1109
2128 13.9837 909.606
2129 474.664 420.721
2130 1296.26 830.522
2131 1121.5 1127.33
2132 123.437 1118.53
2133 827.236 91.1687
2134 1330.61 22.8315
2135 11.9984 268.583
2136 435.179 976.92
2137 1222.53 82.2347
2138 1336.48 72.8104
2139 692.972 798.988
2140 1377.4 1122.21
2141 1039.03 621.456
2142 1100.36 208.807
2143 552.315 287.702
2144 454.385 354.082
2145 865.395 190.593
2146 575.448 1267.7
2147 894.812 126.991
2148 1173.08 973.639
2149 312.045 112.792
2150 773.637 946.594
2151 1410.29 1156.64
2152 1011.76 219.871
2153 379.633 242.601
2154 223.574 909.088
2155 1069.79 565.521
2156 1307.59 1154.35
2157 320.381 406.58
2158 766.239 1342.54
2159 198.929 292.638
2160 243.694 322.39
2161 1056.33 267.158
2162 673.748 596.784
2163 872.646 600.006
2164 1314.13 5.26548
2165 1050.63 548.144
2166 778.428 262.642
2167 429.655 443.638
2168 1028.55 140.226
2169 1259.78 793.102
2170 858.533 435.568
2171 1319.14 1186.75
2172 641.914 743.987
2173 900.095 294.58
2174 554.183 134.399
2175 564.14 227.64
2176 495.763 203.47
2177 73.7109 705.272
2178 1299.96 812.654
2179 665.806 838.161
2180 772.213 1195.75
2181 3.15066 990.358
2182 175.962 777.953
2183 1264.06 599.158
2184 257.146 506.538
2185 551.149 903.505
2186 575.146 827.76
2187 134.332 162.598
2188 705.038 1138.25
2189 243.945 1099.47
2190 895.558 311.138
2191 1289.16 698.755
2192 981.057 519.47
2193 1369.15 1297.12
2194 663.192 1092.43
2195 604.39 854.303
2196 1223.1 843.211
2197 665.566 268.928
2198 463.899 681.636
2199 930.603 1139.99
2200 548.214 352.917
2201 686.886 1075.37
2202 210.403 1320.4
2203 0.906353 68.2786
2204 403.845 709.502
2205 936.004 836.321
2206 1048 412.736
2207 881.752 1190.95
2208 1245.13 105.757
2209 903.419 220.978
2210 201.716 565.235
2211 101.937 1.25163
2212 928.279 481.678
2213 1373.95 1166.74
2214 120.416 233.164
2215 734.51 998.385
2216 747.483 333.97
2217 1221.77 227.969
2218 481.144 396.696
2219 987.895 916.037
2220 1246.62 154.57
2221 722.006 125.552
2222 745.3 468.082
2223 247.626 106.879
2224 279.139 188.408
2225 276.524 1194.36
2226 701.488 1060.59
2227 790.038 1153.05
2228 247.305 53.1296
2229 757.934 217.454
2230 43.5483 248.486
2231 1310.98 1199.08
2232 1366.26 1101.22
2233 406.78 1254.22
2234 995.367 74.1638
2235 758.655 918.999
2236 249.759 135.839
2237 72.983 646.03
2238 1251.46 74.2933
2239 1113.69 521.93
2240 404.542 782.846
2241 1280.28 1228.24
2242 952.362 1154.28
2243 1262.81 45.1019
2244 181.419 802.598
2245 450.396 884.444
2246 499.876 699.634
2247 382.592 731.298
2248 1031.85 779.421
2249 79.9319 915.201
2250 204.029 910.756
2251 584.512 1032.61
2252 410.103 1335.55
2253 1388.97 646.23
2254 373.633 60.9415
2255 390.145 1066.45
2256 968.892 1384
2257 1283.85 229.798
2258 779.119 1316.72
2259 305.441 1141.4
2260 493.963 479.288
2261 579.166 1090.1
2262 209.497 870.66
2263 1397.32 168.209
2264 662.058 639.195
2265 671.91 1179.77
2266 605.13 1070.55
2267 433.755 726.781
2268 603.858 1210.36
2269 1411.41 1324.63
2270 300.312 1119.86
2271 1100.15 1412.07
2272 1124.14 246.457
2273 1327.98 564.442
2274 266.252 737.83
2275 1133.68 1232.6
2276 1341.22 1166.22
2277 451.599 516.939
2278 1291.29 1116.15
2279 828.303 1228.76
2280 113.085 987.537
2281 1061.8 723.803
2282 102.585 1175.28
2283 394.307 1070.81
2284 1413.94 1369.72
2285 1047.82 1396.6
2286 1050.51 14.0269
2287 536.155 662.026
2288 601.683 271.792
2289 184.428 517.845
2290 915.503 41.6923
2291 1040.13 81.242
2292 728.906 486.367
2293 350.37 357.032
2294 231.077 6.64659
2295 402.477 358.787
2296 303.549 276.006
2297 276.049 943.557
2298 1082.4 1059.89
2299 312.519 1216.37
2300 1325.3 805.144
2301 357.276 598.841
2302 1412.37 998.083
2303 939.543 104.002
2304 628.596 177.775
2305 310.232 493.331
2306 1046.1 672.428
2307 570.923 342.256
2308 575.923 605.703
2309 253.477 468.471
2310 705.402 977.351
2311 939.667 162.037
2312 4.74757 575.146
2313 947.312 1112.63
2314 454.385 31.2045
2315 68.926 21.6816
2316 1352.66 375.274
2317 738.39 566.372
2318 467.29 863.41
2319 1325.26 1247.72
2320 234.185 714.093
2321 530.087 647.713
2322 334.999 865.281
2323 62.4832 423.138
2324 472.186 728.018
2325 873.349 208.779
2326 1230.91 1363.11
2327 1322.15 55.5034
2328 964.336 323.439
2329 104.964 960.303
2330 643.727 770.012
2331 13.7679 1278.04
2332 782.96 967.942
2333 802.4 609.776
2334 287.271 237.912
2335 986.415 1304.04
2336 846.016 138.974
2337 52.0506 814.827
2338 833.266 360.83
2339 377.512 1195.13
2340 860.173 297.472
2341 66.5522 1230.22
2342 851.239 59.9056
2343 1260.44 344.516
2344 488.722 485.864
2345 1061.03 169.402
2346 848.002 271
2347 582.958 770.675
2348 1124.35 771.668
2349 254.211 738.78
2350 115.409 420.16
2351 1374.38 1110.56
2352 1097.42 70.3226
2353 1328.58 1139.52
2354 633.282 492.77
2355 495.64 329.194
2356 160.967 1109.94
2357 1322.67 619.342
2358 1286.12 114.82
2359 790.593 882.286
2360 738.117 968.562
2361 646.662 517.485
2362 1069.3 123.998
2363 250.104 962.677
2364 106.259 603.286
2365 1139.16 462.903
2366 1314.9 761.007
2367 359.298 1161.49
2368 1124.14 702.424
2369 971.352 884.73
2370 115.711 1321.77
2371 442.683 648.188
2372 705.273 179.473
2373 638.893 1211.06
2374 1337.94 1040.38
2375 900.2 38.8869
2376 195.298 39.1613
2377 33.8496 1043.96
2378 386.662 1278.95
2379 1121.97 1319.11
2380 1096.49 1245.17
2381 328.008 570.614
2382 844.204 1073.22
2383 682.287 1032.05
2384 368.152 965.455
2385 119.004 1385.27
2386 5.136 196.105
2387 260.253 1405.88
2388 318.993 680.413
2389 574.881 700.195
2390 1117.55 258.671
2391 461.248 848.06
2392 1054.22 350.025
2393 1187.35 14.7175
2394 1379.86 1389.46
2395 44.4115 1264.06
2396 1343.67 243.895
2397 1203.39 56.8999
2398 131.723 468.011
2399 254.685 1045.73
2400 469.707 1221.2
2401 466.15 106.518
2402 27.4496 1126.66
2403 1244.56 1046.88
2404 395.213 1043.08
2405 1100.36 404.32
2406 591.263 1079.31
2407 423.224 314.979
2408 471.107 602.395
2409 671.176 22.0546
2410 431.375 1024.28
2411 476.705 681.664
2412 599.488 234.184
2413 90.5059 813.532
2414 485.047 1170.55
2415 350.716 1020.86
2416 723.757 237.782
2417 1374.09 159.102
2418 995.09 252.441
2419 662.982 791.219
2420 684.858 1368.16
2421 238.63 1278.61
2422 448.602 1283.2
2423 1260.12 834.579
2424 890.212 702.985
2425 44.8 20.3005
2426 1151.9 851.756
2427 865.895 762.114
2428 821.785 682.198
2429 442.689 838.981
2430 558.851 1371.98
2431 746.878 405.501
2432 708.201 1157.99
2433 1048.69 828.537
2434 916.626 330.344
2435 580.598 206.778
2436 1174.25 894.198
2437 1134.28 663.926
2438 1044.14 601.23
2439 1374.68 596.784
2440 869.736 1214.86
2441 1014.07 476.542
2442 738.462 873.524
2443 294.047 328.245
2444 134.701 864.547
2445 1263.15 663.667
2446 721.846 1285.94
2447 349.335 1088.92
2448 1064.97 1376.36
2449 1145.93 1246.75
2450 853.329 770.659
2451 721.932 1252.71
2452 943.212 642.432
2453 149.98 641.282
2454 1404.52 763.424
2455 104.662 85.413
2456 300.305 149.419
2457 565.867 1154.41
2458 341.954 630.045
2459 403.759 660.171
2460 350.759 617.501
2461 875.192 389.575
2462 1411.55 663.839
2463 1405.69 924.135
2464 950.457 819.818
2465 453.867 256.671
2466 411.158 473.175
2467 1334.41 140.414
2468 939.291 1404.13
2469 1200.53 1027.33
2470 1361.91 1076.92
2471 176.264 604.741
2472 554.602 77.3576
2473 83.2119 55.4602
2474 644.775 1271.79
2475 642.494 206.491
2476 310.707 613.817
2477 610.63 439.036
2478 1221.76 253.563
2479 1222.63 340.2
2480 1409.19 25.0758
2481 117.715 357.593
2482 460.428 1038.31
2483 1152.75 364.656
2484 1266.82 880.846
2485 944.377 401.142
2486 1047.25 323.109
2487 90.5922 418.492
2488 657.97 127.164
2489 246.01 266.856
2490 1093.28 499.2
2491 626.074 484.051
2492 1267.04 743.7
2493 821.976 223.869
2494 1243.56 292.595
2495 244.154 1136.67
2496 907.519 421.023
2497 1265.14 18.013
2498 352.652 984.386
2499 347.565 805.721
2500 175.29 205.872
2501 929.185 359.391
2502 132.284 326.978
2503 805.662 548.344
2504 1375.33 227.381
2505 400.269 1373.62
2506 886.198 942.753
2507 8.54562 365.001
2508 556.501 802.9
2509 936.343 40.1971
2510 33.5969 602.179
2511 698.583 1254.65
2512 368.713 124.229
2513 1206.7 1376.75
2514 1278.04 1350.29
2515 104.817 483.275
2516 1267.08 1324.8
2517 328.464 1403.73
2518 360.254 1252.21
2519 255.29 784.227
2520 72.6378 327.123
2521 98.6633 154.469
2522 190.717 1178.62
2523 1281.98 386.252
2524 1161.38 176.711
2525 963.189 63.6605
2526 659.264 654.646
2527 808.036 909.217
2528 610.938 304.103
2529 223.006 240.184
2530 988.222 92.7656
2531 1385.38 1030.52
