1 370.816 151.25
2 65.2525 256.999
3 52.0409 108.847
4 255.709 319.754
5 300.563 332.199
6 6.67401 208.009
7 183.294 439.109
8 192.523 104.45
9 397.984 426.416
10 399.726 232.007
11 299.353 126.781
12 351.457 107.128
13 435.483 358.406
14 144.943 99.2504
15 58.0462 140.905
16 64.6929 125.724
17 387.094 276.244
18 198.938 389.277
19 142.022 251.759
20 192.31 305
21 364.736 322.809
22 11.0005 251.691
23 114.209 150.761
24 314.919 299.703
25 292.688 219.447
26 222.114 92.9722
27 148.684 344.935
28 131.224 291.664
29 75.2252 48.9837
30 176.977 21.894
31 386.787 396.224
32 441.893 327.52
33 308.813 273.375
34 336.515 342.286
35 201.585 361.859
36 157.622 329.131
37 162.988 81.305
38 256.689 259.29
39 101.554 394.37
40 429.374 362.349
41 164.117 195.676
42 137.916 153.639
43 280.049 138.041
44 348.495 280.472
45 303.313 372.121
46 30.2719 362.869
47 372.482 46.7181
48 325.484 188.567
49 136.237 356.302
50 182.928 38.3821
51 390.793 162.756
52 229.264 332.775
53 80.1155 363.947
54 102.15 60.189
55 100.506 96.2436
56 324.825 243.324
57 104.304 26.2866
58 232.321 58.3874
59 294.708 162.524
60 10.2908 280.127
61 146.545 319.379
62 350.119 171.859
63 352.013 12.3108
64 292.797 245.137
65 115.589 379.438
66 383.078 43.7932
67 371.484 247.566
68 119.859 41.5475
69 272.426 174.168
70 217.212 57.284
71 270.741 151.116
72 433.899 138.175
73 89.7333 265.898
74 325.962 311.277
75 177.761 296.771
76 353.131 385.51
77 105.993 271.044
78 210.934 142.58
79 396.168 82.1218
80 283.816 395.528
81 354.255 418.732
82 302.878 444.254
83 22.8609 429.321
84 424.638 383.656
85 260.501 231.844
86 295.543 99.9349
87 135.186 216.205
88 208.641 180.744
89 201.613 303.793
90 211.166 400.359
91 436.69 37.1779
92 229.237 204.124
93 393.781 137.959
94 152.97 345.234
95 88.3989 351.514
96 35.2535 227.028
97 120.988 0.0409449
98 48.3559 175.039
99 44.6845 408.957
100 380.526 81.7081
101 298.804 415.7
102 141.041 16.6782
103 45.3207 158.552
104 121.579 377.194
105 335.652 439.191
106 148.193 67.5548
107 117.654 160.654
108 358.309 111.698
109 356.125 256.165
110 378.399 8.47769
111 285.918 233.388
112 130.604 423.097
113 338.573 207.429
114 34.0252 288.334
115 380.869 215.425
116 243.554 231.75
117 81.9643 333.796
118 296.921 9.86982
119 283.366 114.669
120 391.638 31.9937
121 193.705 0.900787
122 35.6084 239.482
123 37.3417 187.459
124 20.7727 84.5102
125 95.8677 137.427
126 307.182 429.112
127 135.773 192.996
128 236.825 213.923
129 248.394 39.0205
130 440.784 296.511
131 111.288 344.906
132 90.3507 45.3554
133 208.564 264.11
134 100.929 234.86
135 290.324 292.99
136 271.396 264.913
137 22.0829 72.4724
138 171.327 278.277
139 326.522 378.647
140 6.71496 23.8026
141 292.196 363.715
142 131.883 235.105
143 156.587 147.909
144 58.5375 332.229
145 55.6157 380.694
146 269.799 415.552
147 418.122 22.7675
148 355.743 58.2236
149 164.994 415.973
150 337.156 196.904
151 202.309 143.839
152 437.859 408.919
153 362.076 309.689
154 4.3811 119.807
155 148.357 178.707
156 368.886 385.168
157 109.323 403.992
158 11.1643 13.4982
159 131.766 42.5554
160 263.247 343.652
161 273.007 184.279
162 197.3 199.117
163 428.22 165.786
164 389.113 154.349
165 154.976 407.049
166 232.47 279.34
167 318.865 56.4903
168 103.338 216.464
169 389.945 49.3932
170 95.853 396.77
171 226.271 205.407
172 326.2 30.4241
173 315.56 311.154
174 128.653 71.9286
175 218.205 130.07
176 252.466 344.715
177 142.68 441.395
178 195.39 391.544
179 352.125 115.205
180 100.288 278.534
181 446.819 77.6588
182 403.116 254.966
183 331.694 123.613
184 349.876 95.8929
185 266.469 48.3013
186 73.0919 305.285
187 272.665 83.5139
188 120.269 24.9218
189 76.1165 97.8037
190 38.4525 407.743
191 55.9601 314.225
192 378.058 90.4336
193 80.1428 16.3391
194 172.526 260.273
195 172.774 325.539
196 9.90866 427.215
197 361.118 0.354856
198 388.333 298.286
199 187.782 102.744
200 355.71 162.101
201 351.184 341.862
202 195.019 439.202
203 291.005 363.563
204 172.651 113.881
205 296.046 432.216
206 197.164 195.949
207 161.168 134.383
208 408.562 338.641
209 126.356 227.792
210 247.403 174.616
211 445.81 269.131
212 271.874 256.588
213 57.5402 157.49
214 103.618 52.1365
215 219.446 81.3848
216 44.4168 100.083
217 208.49 243.254
218 48.1963 137.015
219 352.424 272.627
220 355.047 231.586
221 399.076 195.262
222 64.8021 291.059
223 9.34908 5.40472
224 375.683 249.083
225 43.4236 172.433
226 163.357 52.9438
227 5.9643 67.4247
228 398.871 335.641
229 196.181 278.741
230 326.994 245.587
231 395.841 183.476
232 97.0257 333.523
233 336.198 403.403
234 298.297 86.926
235 437.235 67.095
236 356.86 311.17
237 387.457 23.6252
238 5.10446 121.142
239 446.87 256.397
240 136.796 107.494
241 25.6997 371.058
