1 790.564 334.137
2 134.446 605.475
3 745.388 865.693
4 238.44 131.388
5 789.717 406.173
6 683.334 292.076
7 892.332 245.505
8 565.067 624.71
9 516.151 464.441
10 757.245 91.6619
11 684.682 598.996
12 412.89 732.295
13 737.478 682.99
14 685.314 817.433
15 131.992 745.472
16 370.524 486.263
17 579.397 180.294
18 484.323 35.7134
19 753.879 478.074
20 131.641 791.437
21 610.868 614.419
22 212.149 580.134
23 703.737 568.533
24 609.764 588.241
25 101.191 57.7869
26 94.064 346.103
27 29.453 467.947
28 783.807 36.4409
29 456.81 789.936
30 611.893 537.226
31 374.455 631.534
32 807.378 32.0483
33 340.252 687.821
34 568.615 2.51129
35 96.9491 491.668
36 20.3633 378.986
37 254.534 267.263
38 360.315 811.009
39 580.924 802.656
40 549.888 108.668
41 753.058 607.267
42 529.783 4.69501
43 213.669 680.186
44 271.546 396.976
45 265.432 617.22
46 561.354 273.732
47 99.305 561.93
48 787.973 111.672
49 767.685 212.506
50 345.233 523.114
51 766.011 247.937
52 759.91 430.387
53 260.027 837.216
54 743.013 506.599
55 375.847 507.635
56 138.188 623.208
57 844.974 477.581
58 800.008 358.843
59 535.641 198.912
60 196.741 477.881
61 622.354 439.777
62 664.735 728.22
63 827.542 890.499
64 450.742 385.264
65 479.427 129.17
66 329.415 593.127
67 280.798 99.8782
68 628.204 785.104
69 470.347 88.3884
70 803.147 643.792
71 426.782 53.6105
72 787.834 879.471
73 159.057 292.456
74 212.422 118.831
75 853.468 789.281
76 543.966 497.808
77 96.1533 581.745
78 599.855 737.965
79 155.863 544.185
80 802.956 775.632
81 413.325 763.076
82 16.0231 119.37
83 252.472 254.625
84 64.2016 670.031
85 347.868 419.821
86 677.613 471.221
87 150.209 682.551
88 36.9323 556.641
89 649.331 224.517
90 145.797 405.627
91 309.949 66.4693
92 104.491 877.831
93 127.966 77.0583
94 294.335 413.025
95 253.312 684.216
96 398.217 339.952
97 224.831 232.897
98 225.743 758.52
99 316.75 87.2945
100 765.451 268.792
101 345.793 657.468
102 485.388 698.658
103 598.488 739.929
104 473.035 616.768
105 70.9984 232.815
106 810.9 150.623
107 229.031 144.044
108 675.891 651.788
109 534.377 591.462
110 171.725 287.845
111 125.331 110.362
112 868.13 160.531
113 583.11 127.559
114 503.131 314.62
115 647.084 865.004
116 189.724 785.987
117 580.573 830.062
118 265.377 255.26
119 19.8173 317.787
120 447.58 577.295
121 546.177 725.463
122 352.185 271.958
123 316.458 433.417
124 499.528 324.72
125 634.727 835.905
126 435.108 6.30551
127 354.883 415.347
128 485.329 833.474
129 643.796 283.284
130 473.214 207.509
131 39.0887 762.559
132 606.203 763.924
133 693.153 621.736
134 325.73 132.716
135 670.883 641.715
136 301.449 682.622
137 720.439 67.0698
138 625.256 250.83
139 155.782 523.168
140 815.966 558.324
141 545.388 737.337
142 721.23 440.624
143 407.565 495.46
144 559.719 535.859
145 626.404 661.587
146 630.171 867.458
147 232.798 207.017
148 869.382 422.335
149 213.743 641.251
150 543.918 301.9
151 31.0362 843.876
152 557.6 643.572
153 142.303 505.533
154 729.109 836.012
155 352.153 227.544
156 247.143 880.59
157 580.789 600.034
158 609.125 140.659
159 346.394 872.292
160 9.08976 73.2388
161 333.917 175.435
162 462.541 414.171
163 559.756 698.902
164 547.891 156.218
165 44.3948 239.063
166 796.405 52.9554
167 194.434 559.143
168 647.366 326.06
169 276.16 140.361
170 263.603 471.63
171 268.871 48.6992
172 668.676 104.136
173 114.564 377.457
174 534.769 431.179
175 648.785 543.621
176 669.913 546.942
177 160.176 612.508
178 271.192 564.332
179 664.426 267.698
180 649.795 450.612
181 217.608 445.644
182 553.125 763.622
183 629.841 138.557
184 392.113 357.121
185 335.712 445.783
186 180.622 54.4042
187 711.977 69.3606
188 669.312 235.934
189 313.722 376.911
190 458.064 412.726
191 282.028 834.32
192 212.477 466.744
193 634.14 230.192
194 237.991 474.879
195 531.026 859.326
196 744.042 740.231
197 463.345 357.314
198 245.505 633.526
199 311.635 25.7407
200 192.508 193.233
201 583.135 174.209
202 206.526 185.944
203 201.644 107.385
204 689.913 776.672
205 10.2635 19.1097
206 885.34 141.89
207 576.094 480.64
208 68.7349 371.727
209 30.19 42.9396
210 349.291 68.0777
211 237.917 221.65
212 416.682 719.838
213 521.226 48.1806
214 187.79 866.014
215 236.607 660.388
216 434.912 260.002
217 572.739 80.6614
218 825.831 314.732
219 325.05 68.9785
220 451.553 101.518
221 823.019 563.456
222 826.295 215.727
223 177.041 25.3312
224 473.631 278.261
225 543.882 681.323
226 480.365 828.317
227 543.994 380.46
228 663.362 355.101
229 793.621 44.1953
230 687.383 855.996
231 477.778 776.178
232 398.585 375.519
233 261.373 501.684
234 402.742 743.459
235 837.295 115.656
236 124.672 366.732
237 711.076 17.9906
238 207.536 707.339
239 369.678 326.822
240 387.939 154.801
241 465.102 219.474
242 735.179 216.789
243 805.957 439.448
244 628.418 419.742
245 537.115 748.745
246 371.49 366.893
247 706.509 90.7632
248 666.868 91.58
249 417.348 91.8352
250 279.826 525.732
251 477.035 787.561
252 533.169 134.818
253 752.403 689.293
254 841.14 392.225
255 726.389 158.692
256 281.564 539.899
257 859.887 287.77
258 414.69 293.111
259 238.553 632.926
260 462.486 811.173
261 309.188 299.118
262 638.156 27.7879
263 38.843 633.745
264 462.704 267.588
265 71.0257 421.079
266 212.913 813.686
267 833.72 87.8404
268 69.8499 753.524
269 562.312 221.812
270 796.81 711.46
271 361.999 197.955
272 523.548 76.0504
273 136.002 448.984
274 89.7785 247.255
275 618.213 158.814
276 221.476 772.195
277 160.586 749.4
278 644.445 579.67
279 344.92 51.074
280 563.129 541.373
281 842.377 326.03
282 122.793 622.746
283 787.561 173.088
284 728.258 328.46
285 571.063 483.368
286 268.68 514.352
287 206.037 703.87
288 165.846 817.535
289 565.621 852.993
290 568.124 47.116
291 879.832 858.425
292 138.482 393.564
293 307.41 320.198
294 450.94 330.809
295 187.37 476.573
296 699.857 660.222
297 291.509 465.655
298 413.461 290.547
299 475.616 238.929
300 721.176 143.855
301 89.7512 135.145
302 340.552 575.223
303 148.139 396.294
304 68.9491 189.111
305 851.813 576.013
306 713.806 824.632
307 159.494 798.452
308 707.664 49.4068
309 564.684 703.897
310 719.565 605.713
311 122.862 856.159
312 437.128 544.649
313 325.184 614.83
314 228.372 372.819
315 295.622 705.237
316 172.733 273.73
317 304.766 361.955
318 296.878 793.221
319 387.557 193.915
320 108.422 712.041
321 782.238 734.226
322 418.53 11.0373
323 260.342 822.175
324 76.5585 341.373
325 856.195 590.944
326 345.575 170.44
327 677.984 450.177
328 532.75 634.73
329 213.541 344.376
330 489.837 181.304
331 656.101 640.524
332 191.076 630.662
333 190.476 774.186
334 741.421 702.532
335 275.882 285.795
336 367.576 270.273
337 551.639 55.6031
338 376.01 165.72
339 156.852 837.298
340 793.43 462.786
341 774.104 720.687
342 273.89 740.42
343 386.522 745.524
344 852.195 520.6
345 258.232 356.168
346 204.451 397.902
347 364.382 696.993
348 142.952 722.761
349 833.064 644.919
350 281.48 165.499
351 298.024 661.178
352 285.058 864.239
353 280.8 842.427
354 499.257 444.552
355 749.361 312.255
356 762.667 94.0115
357 246.616 867.242
358 252.884 166.1
359 35.1118 704.579
360 647.202 153.707
361 56.3402 868.989
362 96.6026 270.509
363 186.902 350.898
364 617.121 892.791
365 823.376 801.537
366 586.986 552.647
367 461.613 473.268
368 83.0908 36.1974
369 751.95 525.35
370 741.757 323.849
371 694.589 450.914
372 732.966 275.234
373 793.541 768.563
374 879.727 661.071
375 190.816 67.6703
376 334.683 631.372
377 610.925 201.094
378 101.107 753.331
379 275.75 882.826
380 393.23 63.0845
381 296.55 320.38
382 100.67 488.8
383 675.551 343.309
384 114.604 735.618
385 574.845 354.119
386 617.094 259.181
387 326.923 130.398
388 168.584 586.64
389 28.5522 431.916
390 440.953 666.091
391 452.928 862.601
392 349.478 840.052
393 195.019 449.957
394 399.049 119.998
395 192.304 783.794
396 83.1181 159.203
397 573.993 851.062
398 792.411 531.983
399 692.405 123.189
400 640.842 26.9984
401 879.71 609.724
402 780.191 624.819
403 324.966 763.95
404 333.44 575.742
405 123.49 571.019
406 803.884 113.01
407 556.021 672.27
408 368.708 399.651
409 590.78 818.843
410 287.324 873.029
411 635.874 745.224
412 660.596 796.76
413 142.963 546.425
414 424.695 461.285
415 326.463 599.954
416 611.28 165.062
417 724.449 320.573
418 143.681 530.318
419 559.49 404.155
420 189.386 94.9375
421 526.961 102.243
422 506.734 335.912
423 794.148 194.552
424 427.901 599.788
425 74.1165 505.342
426 278.589 408.55
427 891.047 553.686
428 703.761 33.495
429 279.899 301.165
430 845.321 516.372
431 88.3926 779.863
432 504.115 799.162
433 163.901 847.152
434 762.148 517.079
435 337.768 555.677
436 638.003 376.402
437 6.98793 571.101
438 19.0803 179.696
439 353.432 144.808
440 874.816 677.101
441 483.267 443.326
442 237.153 8.05249
443 491.395 249.272
444 484.241 503.213
445 252.25 303.756
446 785.61 800.747
447 408.029 518.963
448 546.146 870.215
449 304.876 499.257
450 99.8026 46.759
451 735.92 456.59
452 142.839 175.626
453 358.121 465.826
454 585.075 391.688
455 509.367 93.2997
456 105.564 209.34
457 746.48 550.52
458 738.154 840.573
459 465.419 310.417
460 617.913 562.912
461 498.299 31.4205
462 315.517 825.669
463 483.08 627.387
464 768.817 761.986
465 626.175 572.766
466 363.645 213.387
467 169.812 731.548
468 532.338 571.238
469 851.899 748.311
470 63.0824 525.96
471 284.323 242.56
472 263.221 732.377
473 706.853 178.795
474 629.159 518.235
475 305.722 230.165
476 193.533 383.355
477 695.332 729.392
478 74.9396 653.701
479 28.9071 851.956
480 380.81 884.027
481 462.69 707.828
482 718.366 121.144
483 115.601 866.448
484 59.2903 216.546
485 217.239 841.717
486 778.398 417.749
487 772.875 654.11
488 802.629 492.813
489 662.87 693.281
490 225.722 35.4037
491 226.749 13.5937
492 344.838 546.152
493 704.086 421.65
494 835.166 545.15
495 79.8152 164.571
496 171.204 323.33
497 506.242 263.769
498 237.254 326.331
499 11.0278 135.719
500 809.808 115.765
501 573.6 621.9
502 787.017 343.557
503 86.6667 303.131
504 794.44 827.687
505 761.684 783.548
506 128.93 349.888
507 242.503 623.836
508 45.369 689.621
509 720.903 782.404
510 793.43 371.454
511 644.768 363.729
512 225.306 94.2373
513 569.898 651.688
514 767.471 243.215
515 211.03 525.27
516 61.6378 128.978
517 332.628 282.331
518 567.687 212.859
519 806.15 746.536
520 433.743 430.251
521 499.507 659.706
522 165.34 213.05
523 392.034 865.848
524 859.032 204.399
525 446.108 333.209
526 395.706 141.562
527 9.6084 599.954
528 294.072 57.4068
529 285.222 642.098
530 636.365 870.324
531 328.596 810.629
532 73.5097 83.3092
533 756.989 163.698
534 876.705 749.4
535 459.716 240.428
536 174.807 437.785
537 683.901 500.949
538 635.057 586.087
539 289.684 331.929
540 760.237 678.02
541 709.938 342.408
542 38.442 89.6693
543 874.885 848.953
544 473.682 38.5155
545 317.802 765.533
546 819.58 378.576
547 82.3559 718.801
548 360.042 450.949
549 435.299 758.137
550 88.6047 878.022
551 620.038 66.1764
552 823.593 447.175
553 138.23 422.062
554 606.994 397.684
555 393.617 546.478
556 104.701 773.533
557 537.138 283.202
558 579.662 377.487
559 750.597 815.468
560 850.835 395.255
561 43.7312 268.844
562 9.96325 486.536
563 80.9869 100.535
564 701.625 716.701
565 835.626 222.686
566 180.785 543.586
567 351.189 717.602
568 443.051 671.778
569 787.124 296.468
570 461.848 137.629
571 685.232 471.005
572 37.1779 623.873
573 522.782 885.774
574 690.494 486.152
575 559.935 776.808
576 557.382 590.482
577 128.239 161.025
578 719.975 276.46
579 123.708 377.33
580 841.226 85.748
581 635 64.3947
582 405.52 440.221
583 336.649 179.83
584 564.957 302.528
585 885.778 458.53
586 739.051 507.198
587 109.571 72.063
588 60.3759 170.688
589 827.773 104.31
590 696.008 880.706
591 819.389 433.909
592 793.52 474.087
593 87.7963 813.631
594 319.339 206.555
595 101.495 449.466
596 74.4231 251.756
597 510.784 541.948
598 163.095 430.331
599 174.381 265.052
600 402.952 892.491
601 87.979 827.696
602 427.404 20.4199
603 562.119 878.104
604 104.166 309.543
605 699.135 152.726
606 60.294 218.045
607 77.6315 865.957
608 43.9496 398.639
609 869.174 6.55118
610 621.61 338.753
611 240.601 177.646
612 143.498 502.203
613 842.192 139.16
614 781.482 9.11916
615 594.847 681.241
616 880.951 877.751
617 489.1 155.675
618 487.244 193.451
619 785.724 461.694
620 151.88 12.2289
621 768.834 841.717
622 137.365 44.7958
623 411.605 182.425
624 333.997 793.839
625 562.146 244.359
626 336.848 24.4598
627 110.851 311.481
628 223.517 661.043
629 534.026 179.859
630 540.017 464.642
631 453.741 72.6362
632 803.716 566.95
633 126.108 581.745
634 685.419 702.643
635 506.079 611.18
636 193.56 493.358
637 770.037 250.583
638 498.354 473.104
639 488.512 492.378
640 289.426 255.578
641 832.082 376.474
642 345.249 156.737
643 676.897 526.662
644 152.097 669.724
645 12.9386 151.032
646 852.632 296.279
647 146.091 410.625
648 118.902 642.835
649 541.594 370.335
650 379.868 536.961
651 368.254 387.914
652 887.202 230.656
653 673.516 195.498
654 881.398 411.389
655 719.391 34.6121
656 190.612 597.44
657 88.3339 494.56
658 132.743 794.387
659 282.774 579.816
660 711.836 191.468
661 795.273 839.698
662 491.679 567.198
663 316.193 194.709
664 829.188 75.1496
665 367.555 319.427
666 113.526 762.448
667 18.0157 180.185
668 155.767 828.945
669 40.3444 279.162
670 354.419 29.3984
671 880.605 689.157
672 233.247 193.997
673 210.839 857.825
674 62.6205 797.224
675 421.159 515.744
676 815.131 183.051
677 325.094 104.439
678 280.915 155.618
679 791.609 353.846
680 36.695 530.4
681 43.074 674.963
682 59.0425 709.659
683 337.904 302.2
684 780.246 591.572
685 263.622 549.044
686 463.114 638.74
687 488.445 380.871
688 579.826 428.695
689 851.08 48.9249
690 666.992 136.403
691 684.325 255.578
692 539.326 867.105
693 480.529 126.576
694 274.247 153.846
695 473.881 599.026
696 241.802 107.878
697 210.114 691.206
698 753.585 743.395
699 415.37 281.921
700 402.232 665.163
701 861.726 884.655
702 523.305 570.963
703 154.085 692.733
704 165.283 311.429
705 393.285 114.812
706 838.276 510.91
707 157.338 587.695
708 702.205 537.06
709 369.72 167.166
710 12.147 674.746
711 624.384 785.787
712 434.772 688.613
713 271.082 709.766
714 291.754 785.052
715 738.942 861.316
716 333.974 124.309
717 39.7984 139.049
718 136.101 212.069
719 182.054 468.466
720 505.123 784.35
721 517.747 219.192
722 627.397 495.187
723 744.353 293.768
724 633.906 450.942
725 442.232 184.17
726 620.218 109.432
727 680.926 589.634
728 323.028 197.384
729 639.013 294.066
730 353.736 292.756
731 647.693 80.5543
732 179.803 11.8761
733 888.697 331.628
734 430.904 734.879
735 884.827 463.414
736 679.786 10.9186
737 43.4373 853.646
738 594.74 132.143
739 802.683 760.073
740 570.221 512.63
741 180.559 150.734
742 312.542 752.84
743 412.642 473.76
744 588.351 191.513
745 115.227 423.126
746 855.83 23.1769
747 712.031 397.14
748 21.3732 477.883
749 286.314 586.387
750 692.733 717.927
751 488.802 362.744
752 650.669 406.791
753 591.435 523.714
754 296.439 670.079
755 208.109 75.7774
756 283.066 749.839
757 452.304 458.992
758 83.473 461.176
759 525.369 868.579
760 560.235 670.977
761 316.586 421.132
762 558.051 413.982
763 257.743 731.385
764 242.69 833.367
765 403.821 831.754
766 426.179 420.122
767 787.147 408.059
768 102.963 196.163
769 751.229 295.84
770 620.569 74.6856
771 789.199 314.839
772 55.0026 573.146
773 608.962 150.541
774 694.944 563.567
775 457.875 810.301
776 376.838 881.109
777 492.344 884.466
778 639.15 488.939
779 856.157 768.101
780 392.057 225.963
781 692.405 640.842
782 244.941 34.4231
783 79.4079 736.926
784 604.846 694.425
785 534.098 533.05
786 165.608 236.443
787 258.662 803.147
788 432.537 72.1197
789 396.183 597.058
790 579.645 451.795
791 481.426 23.2042
792 512.741 500.731
793 478.539 706.254
794 163.628 76.2961
795 634.345 431.068
796 156.437 183.57
797 550.444 795.695
798 280.955 233.388
799 386.219 245.89
800 689.457 99.7417
801 829.134 806.559
802 234.396 366.211
803 369.76 765.096
804 609.678 855.011
805 490.056 520.766
806 824.821 710.368
807 482.681 403.835
808 716.997 68.5438
809 375.983 610.297
810 66.8724 600.006
811 305.067 826.268
812 155.2 520.873
813 880.743 831.945
814 574.469 119.968
815 386.177 763.515
816 27.0236 32.5396
817 545.113 233.713
818 436.964 233.47
819 884.5 679.903
820 184.115 466.064
821 842.182 629.625
822 196.262 392.773
823 505.023 381.988
824 71.4793 102.99
825 546.965 300.237
826 416.055 815.84
827 657.501 679.769
828 342.492 641.363
829 857.495 576.834
830 625.543 370.087
831 741.986 505.897
832 199.374 483.313
833 345.984 555.351
834 502.301 66.3853
835 163.043 568.315
836 486.452 458.037
837 602.209 19.2441
838 602.408 770.091
839 804.695 314.595
840 688.474 612.783
841 281.373 282.656
842 663.561 573.394
843 725.489 634.484
844 99.6178 525.978
845 373.445 698.438
846 33.8835 237.428
847 607.322 478.045
848 307.496 677.885
849 514.186 660.225
850 255.647 301.875
851 885.039 125.564
852 811.956 52.9302
853 39.8782 675.372
854 226.889 535.914
855 30.1354 894.238
856 45.9045 0
857 794.879 581.636
858 66.7843 74.5197
859 56.1617 515.25
860 699.775 687.847
861 407.229 821.3
862 234.709 422.24
863 388.021 554.967
864 129.222 592.775
865 473.65 851.055
866 841.745 718.119
867 159.712 748.065
868 381.852 711.922
869 749.921 613.19
870 715.143 244.061
871 78.0955 121.608
872 517.052 811.118
873 279.626 890.362
874 535.049 242.858
875 134.599 650.232
876 280.363 652.798
877 579.124 652.088
878 260.246 345.602
879 227.887 9.55591
880 482.986 23.3953
881 177.115 493.907
882 642.032 633.445
883 814.839 76.0483
884 402.488 192.743
885 894.41 780.583
886 122.492 562.856
887 110.333 54.022
888 874.23 348.143
889 585.89 55.3596
890 840.025 367.003
891 580.808 571.945
892 117.617 11.0026
893 186.541 247.798
894 607.076 314.893
895 336.43 115.137
896 167.412 112.162
897 476.899 714.49
898 33.1738 287.162
899 670.727 55.5234
900 14.9312 268.519
901 696.414 819.553
902 805.277 665.629
903 78.9963 285.113
904 801.073 22.6037
905 172.16 336.212
906 608.17 210.104
907 750.902 293.358
908 301.463 633.092
909 203.536 140.197
910 431.75 148.821
911 356.955 502.776
912 640.567 546.532
913 404.105 640.269
914 660.498 118.494
915 196.903 441.877
916 873.684 315.303
917 677.684 855.286
918 721.531 175.108
919 838.219 148.359
920 12.8294 341.781
921 635.903 294.257
922 464.792 137.495
923 359.196 95.4016
924 136.729 596.758
925 89.1528 699.068
926 344.756 861.564
927 11.8467 550.736
928 556.804 207.21
929 373.062 796.162
930 520.46 673.079
931 376.065 366.757
932 291.828 447.609
933 404.181 740.338
934 426.108 48.2331
935 10.3454 663.2
936 825.873 214.526
937 607.049 279.574
938 618.03 512.195
939 708.483 385.676
940 98.3202 614.503
941 415.618 430.904
942 875.175 151.305
943 306.075 136.783
944 7.72493 53.0467
945 674.715 660.059
946 604.099 405.165
947 685.335 217.035
948 469.329 91.3092
949 577.986 690.497
950 391.651 451.758
951 328.651 707.339
952 101.598 403.637
953 438.774 650.835
954 506.692 110.553
955 712.332 422.251
956 187.759 633.556
957 625.447 622.335
958 61.3354 396.155
959 249.919 833.474
960 710.48 215.844
961 307.66 773.995
962 42.9081 768.017
963 461.585 590.809
964 122.917 11.5213
965 859.401 277.718
966 244.195 182.698
967 647.29 454.788
968 62.5113 735.427
969 121.142 229.018
970 63.5192 122.398
971 314.226 79.4331
972 2.21102 196.563
973 253.585 484.924
974 822.664 236.006
975 277.894 71.9538
976 6.22362 495.599
977 844.447 219.71
978 214.425 730.786
979 470.102 359.061
980 398.702 773.121
981 122.238 853.81
982 97.1359 477.201
983 434.916 825.012
984 595.257 727.947
985 784.113 509.027
986 484.976 5.40472
987 868.766 823.131
988 158.347 693.906
989 253.121 442.343
990 241.711 708.813
991 150.24 542.795
992 46.0514 573.146
993 875.181 331.817
994 135.171 92.7538
995 793.148 744.514
996 713.751 173.09
997 203.96 868.85
998 585.673 464.451
999 83.116 276.817
1000 225.197 605.793
1001 534.604 634.673
1002 161.325 886.184
1003 769.854 343.664
1004 369.159 407.131
1005 123.798 718.064
1006 690.221 764.386
1007 299.773 24.569
1008 630.975 20.2835
1009 289.671 874.228
1010 223.941 794.167
1011 827.985 854.358
1012 558.681 32.0189
1013 158.606 302.23
1014 222.234 283.038
1015 53.1045 632.819
1016 201.203 55.1664
1017 751.857 27.1076
1018 501.44 266.935
1019 205.262 301.054
1020 834.82 545.634
1021 305.149 165.09
1022 214.524 650.862
1023 738.736 81.9443
1024 775.032 439.177
1025 129.65 651.433
1026 893.529 386.656
1027 400.317 524.479
1028 596.542 768.483
1029 14.9312 865.82
1030 616.361 806.596
1031 350.131 30.8178
1032 891.809 734.499
1033 489.453 240.701
1034 113.136 369.65
1035 777.333 458.503
1036 251.072 680.806
1037 91.8803 504.989
1038 534.612 711.131
1039 682.797 475.507
1040 356.218 480.611
1041 658.776 622.444
1042 636.264 733.323
1043 756.47 27.3239
1044 232.703 588.351
1045 445.89 767.307
1046 485.636 875.95
1047 548.143 325.348
1048 249.096 16.2688
1049 489.365 893.61
1050 325.531 301.764
1051 656.834 137.966
1052 408.029 493.797
1053 652.932 330.807
1054 765.041 522.811
1055 599.515 746.616
1056 865.274 269.065
1057 411.679 318.335
1058 181.254 768.838
1059 284.239 229.785
1060 183.937 94.421
1061 230.875 723.25
1062 531.937 491.832
1063 35.9223 714.49
1064 214.618 215.07
1065 670.347 196.454
1066 612.997 837.734
1067 881.988 483.968
1068 501.982 610.843
1069 281.218 871.091
1070 685.144 526.032
1071 268.197 568.836
1072 352.069 408.768
1073 169.812 68.8966
1074 240.592 365.831
1075 861.808 38.1354
1076 523.357 264.722
1077 1.55591 745.797
1078 851.408 482.633
1079 448.346 571.863
1080 203.414 75.9391
1081 406.637 620.67
1082 6.98793 196.538
1083 49.0877 306.704
