1 380.225 361.635
2 293.179 227.724
3 76.7811 187.857
4 348.168 295.856
5 290.304 264.081
6 186.796 310.992
7 307.878 276.313
8 359.526 337.986
9 374.217 300.535
10 16.0504 215.452
11 243.57 332.431
12 263.917 123.751
13 106.856 133.398
14 411.594 36.5386
15 128.908 426.796
16 131.133 196.054
17 314.639 247.839
18 227.503 132.948
19 196.604 34.6005
20 110.25 85.1108
21 349.546 261.572
22 302.835 185.346
23 74.7108 365.926
24 253.263 76.8556
25 385.592 355.663
26 106.279 38.3811
27 361.428 70.6047
28 266.257 441.593
29 64.2562 83.7207
30 220.488 290.176
31 387.871 60.4346
32 387.53 334.738
33 420.638 19.7648
34 378.155 147.947
35 61.2672 396.417
36 134.806 326.278
37 372.235 327.588
38 67.8625 431.777
39 362.846 205.216
40 161.732 7.50656
41 188.346 223.247
42 66.5218 344.43
43 414.633 155.249
44 174.178 229.908
45 75.7701 160.176
46 162.99 106.513
47 106.241 309.912
48 203.371 424.922
49 140.903 376.666
50 78.6467 280.964
51 157.761 246.64
52 272.584 12.5585
53 124.022 90.3674
54 328.937 248.892
55 201.012 151.673
56 236.579 25.4289
57 267.711 299.621
58 215.78 227.217
59 134.886 162.469
60 58.9879 207.62
61 298.602 394.219
62 62.7821 48.1102
63 367.112 172.994
64 408.889 213.36
65 227.49 403.826
66 180.171 112.503
67 1.6378 383.724
68 409.763 145.984
69 370.701 240.253
70 330.109 388.931
71 350.758 108.915
72 353.395 385.469
73 399.489 143.276
74 240.471 315.18
75 274.126 296.484
76 137.425 395.332
77 150.112 121.729
78 271.192 425.281
79 342.586 53.7081
80 211.303 223.056
81 14.1942 412.141
82 140.004 47.9874
83 361.621 118.961
84 104.996 294.314
85 15.9003 115.096
86 108.881 253.053
87 181.372 45.3008
88 315.166 185.182
89 426.381 373.078
90 428.293 222.058
91 193.749 175.926
92 253.899 100.126
93 438.037 3.64409
94 367.017 26.5071
95 435.58 187.229
96 191.117 259.959
97 117.3 101.475
98 387.583 367.821
99 338.614 79.2441
100 8.99422 355.388
101 244.505 172.776
102 173.197 376.395
103 184.588 262.184
104 41.1087 28.7591
105 351.667 188.742
106 70.0294 247.269
107 143.321 301.984
108 397.534 107.876
109 68.2551 270.536
110 201.829 346.462
111 13.9622 308.393
112 16.5417 426.825
113 235.829 36.4682
114 182.989 142.502
115 154.218 398.626
116 158.457 193.41
117 144.972 333.089
118 20.6089 327.968
119 67.3081 67.0814
120 111.984 308.679
121 210.342 204.888
122 144.228 160.765
123 423.482 327.186
124 210.8 107.319
125 10.9323 38.3538
126 406.883 244.236
127 140.182 260.152
128 37.7512 157.661
129 290.054 411.933
130 236.948 386.161
131 164.025 138.751
132 157.61 405.302
133 122.384 445.51
134 55.7113 75.5433
135 53.5559 2.86614
136 162.278 364.998
137 48.0441 84.2236
138 390.363 261.665
139 275.558 279.271
140 222.235 58.6877
141 238.982 160.875
142 390.433 10.4955
143 367.794 9.24199
144 77.959 40.0168
145 390.177 435.503
146 0.150131 280.829
147 387.435 327.627
148 340.429 93.6913
149 418.771 385.157
150 289.576 247.5
151 297.975 211.824
152 341.849 411.728
153 136.851 322.498
154 2.74331 196.019
155 48.863 106.404
156 204.615 269.486
157 11.0961 241.329
158 178.533 16.3507
159 82.0693 123.435
160 342.545 397.834
161 309.72 325.8
162 392.893 315.783
163 1.22835 171.3
164 303.074 41.7249
165 88.3181 161.446
166 278.098 128.935
167 328.298 372.185
168 116.092 246.995
169 308.1 341.316
170 172.837 119.889
171 329.223 167.888
172 139.513 40.2446
173 383.646 422.688
174 13.0751 43.1423
175 94.5963 176.541
176 268.885 309.748
177 361.494 442.998
178 216.667 425.727
179 5.69134 226.589
180 406.973 211.919
181 345.248 283.393
182 254.595 146.639
183 402.022 193.248
184 432.68 269.704
185 189.971 312.944
186 156.068 67.8415
187 272.352 44.8483
188 325.862 91.3092
189 116.892 326.945
190 183.447 259.688
191 187.5 293.222
192 83.8551 426.031
193 259.638 130.289
194 189.981 152.397
195 104.996 62.673
196 277.715 228.541
197 96.7664 213.541
198 66.4808 374.579
199 27.5024 351.609
200 257.183 395.339
201 442.282 422.005
202 345.547 129.661
203 212.149 367.209
204 436.919 99.0593
205 128.612 196.408
206 175.917 282.697
207 430.554 286.398
208 231.427 376.488
209 384.038 281.73
210 58.9428 56.1491
211 1.76063 297.112
212 8.05249 19.7239
213 260.56 73.537
214 246.256 34.8871
215 432.738 298.079
216 82.168 354.476
217 355.875 317.093
218 267.561 403.691
219 163.479 185.262
220 362.212 221.364
221 443.28 41.5591
222 192.195 90.7748
223 249.3 336.044
224 30.8021 152.426
225 100.724 111.329
226 142.374 73.9874
227 72.4451 224.624
228 91.0383 326.456
229 411.305 194.133
230 162.265 414.801
231 50.7045 399.597
232 355.17 384.215
233 129.06 8.34121
234 292.524 92.5354
235 352.713 109.762
236 237.998 150.01
237 99.2913 20.3244
238 382.284 155.973
239 54.357 205.871
240 254.734 101.311
241 292.382 212.34
242 209.624 347.062
243 96.0136 68.4619
244 306.003 436.691
245 403.539 72.2541
246 318.535 120.487
247 240.415 375.794
248 111.807 142.49
249 242.135 211.974
250 314.365 285.074
251 445.775 261.503
252 154.553 278.591
253 74.6835 379.832
254 387.531 195.02
255 215.124 10.948
256 48.9407 114.743
