1 147.372 222.953
2 494.024 155.638
3 376.192 382.77
4 205.945 117.575
5 622.806 529.799
6 394.14 455.372
7 125.171 443.126
8 260.645 84.0585
9 286.406 49.4507
10 430.831 62.1143
11 302.081 425.918
12 213.737 259.607
13 541.76 95.2239
14 568.278 433.128
15 91.9579 567.197
16 165.071 318.515
17 610.906 612.314
18 549.285 162.848
19 521.15 363.991
20 365.746 69.3984
21 307.626 370.195
22 383.388 162.502
23 133.895 554.756
24 218.069 0.714159
25 168.046 558.395
26 630.015 387.441
27 405.725 374.557
28 254.048 323.157
29 520.774 379.691
30 350.459 562.245
31 485.124 419.066
32 52.1438 303.72
33 369.719 222.711
34 325.087 102.009
35 376.047 267.115
36 177.732 253.285
37 76.3957 438.406
38 435.541 43.1988
39 408.517 596.19
40 337.392 517.227
41 37.2714 309.385
42 13.0093 11.2427
43 19.7841 107.24
44 13.5304 497.99
45 556.315 63.7146
46 356.269 110.376
47 171.958 199.8
48 345.73 320.773
49 130.348 182.332
50 503.914 251.482
51 269.081 631.886
52 211.612 31.5581
53 606.093 474.539
54 204.013 528.825
55 147.426 459.957
56 574.375 339.438
57 61.3699 587.704
58 82.5143 498.126
59 289.08 521.23
60 82.8475 207.627
61 378.481 237.11
62 120.393 347.477
63 385.59 90.2055
64 486.218 219.391
65 391.552 206.691
66 128.201 378.389
67 370.127 442.518
68 402.631 607.855
69 31.7511 377.713
70 431.584 543.34
71 551.775 275.936
72 581.573 266.574
73 88.1098 290.701
74 593.29 405.778
75 205.921 611.387
76 140.67 145.708
77 192.904 133.548
78 280.973 340.442
79 594.183 117.401
80 557.16 562.564
81 587.206 590.488
82 96.2154 457.294
83 40.4755 230.528
84 199.405 456.357
85 289.666 257.078
86 213.36 434.473
87 209.104 338.917
88 465.532 387.325
89 119.786 206.566
90 580.129 478.564
91 66.3782 601.959
92 98.2837 528.004
93 557.778 23.49
94 58.1364 41.1408
95 210.349 299.001
96 466.827 130.575
97 262.135 603.928
98 96.6756 392.015
99 338.817 579.289
100 351.504 460.459
101 132.776 436.064
102 289.38 525.93
103 85.212 185.702
104 289.418 180.151
105 575.767 265.734
106 77.1871 51.3321
107 406.762 297.003
108 245.458 287.015
109 361.823 30.2281
110 102.82 624.705
111 159.015 360.728
112 597.646 559.852
113 492.014 71.5409
114 244.645 546.795
115 629.229 47.1243
116 156.419 15.7206
117 16.5608 562.303
118 488.89 75.8167
119 250.545 219.874
120 78.7805 330.928
121 46.4823 335.327
122 400.701 464.358
123 130.035 120.249
124 164.898 239.291
125 177.48 101.227
126 90.8892 533.969
127 314.423 613.926
128 585.994 309.115
129 92.2789 477.193
130 239.858 571.201
131 594.547 548.534
132 382.828 348.017
133 469.922 438.262
134 76.7046 159.228
135 474.012 476.653
136 208.11 594.298
137 180.238 347.41
138 302.244 255.215
139 410.14 516.299
140 353.362 378.591
141 131.386 161.979
142 315.89 352.216
143 201.905 507.767
144 456.565 27.3209
145 528.648 497.431
146 223.107 17.4192
147 578.392 336.668
148 380.267 42.241
149 232.546 63.0004
150 48.2733 250.863
151 327.239 521.587
152 421.965 55.7522
153 466.018 419.154
154 198.247 492.142
155 150.919 88.4877
156 607.411 176.088
157 552.968 616.918
158 274.623 438.629
159 6.42743 20.9128
160 558.542 538.118
161 617.102 454.021
162 624.713 510.585
163 374.767 484.914
164 187.615 594.074
165 294.096 358.556
166 429.962 232.526
167 349.919 167.017
168 398.192 349.475
169 29.9947 549.468
170 320.291 118.579
171 255.283 151.344
172 28.4892 597.683
173 529.886 264.936
174 569.378 133.664
175 536.546 385.53
176 255.013 543.07
177 217.686 421.143
178 440.584 401.512
179 63.9848 16.0396
180 412.91 631.403
181 232.893 614.466
182 341.329 299.917
183 327.643 318.312
184 352.251 70.4315
185 347.313 305.197
186 512.5 9.10019
187 204.701 279.103
188 371.226 19.0791
189 43.5424 281.446
190 90.0227 77.1383
191 508.211 394.467
192 241.178 461.617
193 158.003 27.9965
194 288.142 505.856
195 156.787 179.35
196 124.145 15.4697
197 378.369 13.2886
198 316.773 123.069
199 98.5154 512.023
200 68.4272 64.699
201 279.661 284.708
202 595.587 359.637
203 460.343 611.88
204 81.8428 84.1641
205 170.758 306.75
206 164.041 53.4461
207 461.315 585.11
208 138.219 334.699
209 301.475 327.76
210 339.05 125.557
211 28.1224 356.52
212 77.7661 358.942
213 68.0219 102.945
214 271.184 137.108
215 524.099 133.432
216 403.519 189.889
217 89.1927 283.53
218 244.841 231.928
219 20.0351 167.094
220 156.931 118.926
221 297.071 179.302
222 624.912 193.827
223 542.471 288.018
224 506.259 339.312
225 171.379 48.4084
226 75.9406 158.456
227 514.487 528.594
228 504.927 307.059
229 509.432 198.318
230 150.572 391.9
231 278.754 592.824
232 602.908 0.096508
233 325.248 471.789
234 121.101 242.833
235 421.663 124.601
236 571.18 500.78
237 190.661 371.314
238 68.479 430.155
239 553.025 210.833
240 282.209 8.3962
241 368.76 90.6596
242 93.2948 140.177
243 578.102 91.1615
244 193.413 288.713
245 377.346 135.343
246 539.507 453.877
247 265.909 160.184
248 522.61 99.4418
249 516.105 548.58
250 487.666 174.178
251 248.428 324.701
252 451.252 493.754
253 245.038 101.97
254 188.959 476.904
255 601.053 247.398
256 63.042 402.168
257 355.806 613.656
258 598.952 590.918
259 352.795 144.086
260 292.612 210.949
261 464.995 281.688
262 242.853 146.238
263 263.776 216.603
264 69.6899 141.153
265 44.3073 608.106
266 213.05 632.187
267 75.5048 366.866
268 604.511 211.767
269 216.159 437.49
270 303.209 399.784
271 146.268 401.628
272 285.752 416.318
273 574.195 255.09
274 544.942 145.36
275 461.018 274.181
276 430.677 109.275
277 393.076 410.95
278 531.952 362.831
279 419.018 561.619
280 586.196 57.5977
281 124.537 266.15
282 321.324 180.373
283 539.21 232.362
284 90.0907 429.547
285 283.251 562.564
286 61.7265 198.449
287 109.73 205.089
288 530.753 463.509
289 617.748 9.84382
290 287.956 247.331
291 559.708 123.685
292 522.44 159.759
293 297.632 594.547
294 142.301 369.047
295 403.548 126.387
296 16.7924 621.589
297 413.575 246.037
298 519.483 223.676
299 507.96 421.961
300 347.001 151.209
301 196.259 241.627
302 330.405 180.142
303 567.557 432.954
304 606.092 430.975
305 276.746 485.995
306 113.146 420.236
307 239.787 210.088
308 454.62 433.542
309 85.8921 330.887
310 185.739 571.366
311 389.68 224.381
312 514.526 345.113
313 84.7939 517.35
314 526.007 325
315 415.467 372.077
316 418.765 94.6642
317 522.089 375.049
318 457.313 18.2207
319 272.644 344.06
320 270.261 497.402
321 540.641 553.917
322 293.828 460.131
323 48.7528 26.5783
324 534.905 499.284
325 553.427 350.478
326 495.318 73.5005
327 461.705 461.078
328 215.406 523.546
329 477.348 594.2
330 198.227 227.903
331 540.622 473.488
332 544.498 482.115
333 74.6352 51.1005
334 403.786 482.897
335 3.03035 412.282
336 38.4488 120.365
337 370.34 532.01
338 388.773 285.422
339 104.711 459.175
340 625.989 585.883
341 611.49 307.715
342 281.495 62.3828
343 555.393 119.863
344 392.17 217.828
345 467.581 200.775
346 413.914 30.6408
347 414.135 524.714
348 506.833 266.787
349 168.107 254.897
350 54.7048 200.63
351 197.977 483.862
352 80.6228 314.907
353 384.091 370.426
354 90.5824 385.211
355 599.006 387.334
356 471.53 593.514
357 583.468 58.4452
358 213.842 42.7236
359 32.06 52.4424
360 397.759 468.884
361 8.14528 214.508
362 411.528 314.78
363 415.503 489.025
364 606.287 612.594
365 298.606 199.773
366 27.4083 506.869
367 466.099 15.9523
368 287.961 298.21
369 359.666 399.205
370 134.992 468.141
371 259.951 272.751
372 569.687 193.43
373 6.83277 466.327
374 76.6081 102.742
375 485.695 628.025
376 504.504 610.529
377 45.243 439.247
378 101.912 393.907
379 188.673 504.978
380 128.507 551.128
381 377.018 570.333
382 390.278 243.595
383 306.895 330.954
384 623.189 313.497
385 60.861 247.178
386 22.6408 292.305
387 246.404 383.291
388 42.4422 539.412
389 158.141 579.636
390 228.013 74.9959
391 349.068 437.808
392 120.439 580.032
393 373.544 382.586
394 318.766 239.108
395 368.091 543.021
396 473.641 357.987
397 406.144 505.354
398 122.632 168.705
399 264.944 381.447
400 196.063 216.39
401 183.735 621.714
402 246.597 564.166
403 153.137 41.3054
404 508.057 110.444
405 318.399 623.673
406 346.695 603.117
407 572.138 79.87
408 632.427 273.86
409 578.55 466.336
410 189.508 488.099
411 486.736 329.885
412 535.426 41.9708
413 60.031 475.572
414 116.194 239.6
415 314.859 405.99
416 157.115 170.163
417 504.235 27.0507
418 443.705 405.574
419 383.38 499.043
420 4.8447 353.923
421 483.921 173.26
422 617.404 337.527
423 51.2823 611.378
424 523.421 192.678
425 544.146 568.278
426 214.406 308.594
427 76.606 487.539
428 603.021 411.075
429 177.199 355.294
430 555.751 631.036
431 1.40902 122.256
432 510.199 171.572
433 547.817 453.319
434 90.3315 322.298
435 224.211 620.324
436 44.4048 270.386
437 179.756 151.314
438 297.631 258.97
439 263.851 181.281
440 224.497 83.643
441 140.147 138.305
442 343.811 498.445
443 34.7733 304.193
444 331.379 430.58
445 102.892 84.7919
446 2.64432 528.448
447 438.281 138.298
448 148.421 79.7735
449 404.851 151.449
450 512.308 537.53
451 90.5438 534.307
452 391.108 35.8817
453 126.037 598.61
454 437.49 277.75
455 230.789 401.512
456 381.686 256.345
457 244.786 537.839
458 96.9321 410.624
459 445.404 92.2616
460 213.128 92.7249
461 242.445 288.771
462 184.456 505.46
463 420.309 115.501
464 196.025 3.10756
465 517.166 320.214
466 599.685 394.351
467 41.3288 76.5501
468 50.2035 517.901
469 77.4624 349.012
470 487.981 373.525
471 135.266 537.453
472 419.25 414.386
473 174.429 57.0169
474 185.488 423.863
475 444.728 560.605
476 423.361 541.265
477 513.703 17.9403
478 38.3949 428.678
479 171.049 308.613
480 404.619 192.118
481 152.521 476.72
482 264.953 405.323
483 366.027 571.713
484 445.093 327.306
485 118.191 140.516
486 290.2 0.096508
487 417.281 297.399
488 169.043 244.676
489 219.478 537.173
490 273.56 34.6555
491 253.198 458.133
492 534.075 136.54
493 212.772 153.872
494 68.6751 626.841
495 118.826 210.947
496 159.682 48.2438
497 105.464 290.296
498 469.492 392.005
499 333.253 554.014
500 599.546 48.1961
501 344.321 213.041
502 324.985 45.2623
503 224.072 159.865
504 271.226 533.959
505 460.942 43.8725
506 127.352 109.488
507 0.443937 158.659
508 44.5095 455.739
509 584.858 538.157
510 267.539 79.5226
511 9.94032 223.058
512 372.81 21.5304
513 63.1934 32.2042
514 8.22248 142.436
515 220.165 252.957
516 504.64 602.229
517 531.133 233.539
518 610.259 225.867
519 14.7271 445.037
520 221.119 602.905
521 267.906 172.044
522 627.654 565.189
523 22.7617 223.937
524 89.7758 567.032
525 415.999 552.529
526 41.2282 14.0221
527 452.873 163.262
528 587.155 256.392
529 593.235 507.776
