1 315.494 1152.04
2 260.224 108.784
3 323.665 1046.65
4 1150.27 166.389
5 257.803 36.2484
6 972.955 257.671
7 747.868 487.838
8 773.84 424.056
9 896.559 346.502
10 330.311 26.5295
11 353.429 1261.72
12 695.15 678.653
13 565.653 310.91
14 145.65 1136.18
15 240.961 663.135
16 1036.45 343.067
17 302.021 879.699
18 696.247 1044.18
19 297.005 77.0225
20 535.581 477.213
21 650.005 1213.95
22 512.612 798.092
23 1037.7 736.974
24 480.311 1096.76
25 676.1 146.354
26 734.725 920.725
27 220.544 1140.65
28 1061.82 825.307
29 532.432 567.621
30 1064.74 774.775
31 1098.88 1071.74
32 708.617 732.689
33 814.036 1255.65
34 637.432 771.996
35 613.838 581.605
36 663.908 813.254
37 574.338 416.336
38 489.496 341.831
39 296.588 404.137
40 260.37 1057.3
41 967.821 902.475
42 174.525 572.022
43 976.97 526.48
44 824.942 917.598
45 490.261 671.31
46 852.948 1160.96
47 817.341 955.12
48 230.114 92.8407
49 325.872 451.696
50 1044.9 96.7396
51 737.453 587.425
52 1128.18 746.942
53 769.508 648.495
54 946.691 1108.84
55 625.024 807.959
56 413.595 520.255
57 1213.95 429.075
58 443.768 722.815
59 74.5712 740.998
60 1093.74 256.75
61 914.934 31.037
62 128.319 312.918
63 725.234 524.356
64 592.142 141.288
65 416.169 548.985
66 119.014 55.1254
67 915.938 17.3714
68 406.994 1012.73
69 236.097 1119.77
70 1090.96 626.423
71 175.97 286.166
72 926.245 712.122
73 726.01 455.874
74 975.101 1187.4
75 121.283 1131.38
76 355.379 381.593
77 460.343 511.994
78 902.973 1121.43
79 785.316 629.734
80 589.664 1171.85
81 1012.21 697.144
82 1116.53 994.543
83 1139.33 469.145
84 580.383 165.926
85 678.6 1116.52
86 1188.48 45.0131
87 556.006 683.778
88 728.394 844.908
89 1006.03 410.352
90 774.545 513.963
91 938.627 1158.91
92 1045.97 295.469
93 481.412 483.9
94 782.934 752.762
95 837.1 194.183
96 247.418 746.161
97 392.131 567.199
98 782.334 697.183
99 236.526 284.438
100 874.403 1038
101 937.168 85.6219
102 284.783 304.303
103 1022.68 135.275
104 469.268 312.532
105 96.7396 1164.74
106 915.475 391.089
107 171.63 339.215
108 272.961 580.099
109 27.6399 670.431
110 642.627 283.927
111 143.797 637.502
112 1033.68 603.3
113 580.592 1179.6
114 739.213 319.142
115 62.8846 638.622
116 188.631 301.838
117 319.496 816.004
118 260.147 552.923
119 501.263 1053.1
120 305.514 377.81
121 616.566 973.997
122 1231.23 820.636
123 320.461 626.925
124 872.896 214.064
125 221.251 716.553
126 99.1289 238.152
127 846.144 1206.05
128 785.961 737.214
129 508.569 1170.46
130 949.712 564.842
131 1024.22 591.285
132 493.426 207.849
133 344.761 17.6048
134 1216.55 962.339
135 643.621 617.429
136 1036.48 988.821
137 259.023 1090.55
138 649.201 496.553
139 535.569 1220.72
140 448.114 617.081
141 498.213 1004.92
142 947.867 1108.23
143 1115.78 1205.69
144 769.825 574.647
145 804.8 818.774
146 489.157 139.589
147 573.914 466.992
148 509.369 1116.13
149 695.166 1143.71
150 1070.85 395.731
151 255.476 686.751
152 607.46 828.927
153 39.9929 304.967
154 53.888 1103.94
155 793.612 422.545
156 147.551 1245.96
157 357.273 39.2209
158 324.769 143.758
159 826.151 126.464
160 846.944 904.126
161 821.068 799.163
162 1159.95 729.185
163 544.923 1019.2
164 401.396 828.927
165 288.323 132.411
166 1126.71 1221.26
167 1018.99 1153.67
168 863.824 1063.79
169 158.444 829.699
170 833.892 205.639
171 374.026 481.922
172 446.485 502.584
173 414.094 920.348
174 1111.92 475.137
175 298.191 66.0206
176 963.225 933.387
177 1115.52 241.967
178 454.553 455.713
179 1188.55 104.624
180 824.377 123.771
181 854.338 389.168
182 370.883 799.318
183 1085.95 181.165
184 335.074 616.271
185 477.146 235.364
186 389.275 209.663
187 1083.4 43.9304
188 476.557 705.984
189 721.26 262.279
190 280.028 752.54
191 106.378 427.26
192 813.794 412.398
193 737.236 886.84
194 110.854 200.437
195 860.465 138.585
196 250.527 770.288
197 321.642 491.421
198 803.101 1101.89
199 1009.86 75.0832
200 41.6447 616.734
201 1224.14 388.387
202 1106.34 1041.59
203 183.31 136.926
204 881.813 990.481
205 850.551 147.652
206 1168.13 614.688
207 832.941 889.296
208 111.447 957.446
209 430.104 646.488
210 922.732 693.7
211 1174.97 203.4
212 385.839 91.1036
213 7.79785 706.679
214 35.3219 1257.73
215 759.865 229.11
216 740.292 966.595
217 1202.77 596.651
218 534.488 1023.96
219 1095.79 840.276
220 626.067 114.69
221 396.609 1200.98
222 10.8861 451.001
223 981.139 1031.02
224 695.128 578.362
225 561.368 329.719
226 849.975 1227.74
227 121.484 152.483
228 1068.79 199.356
229 999.699 510.15
230 1087.6 1221.48
231 1090.27 1185.58
232 511.994 32.9377
233 1151.48 653.252
234 510.515 1111.77
235 191.356 1010.1
236 860.668 512.814
237 848.171 245.516
238 557.842 415.988
239 698.929 415.295
240 553.716 924.672
241 996.133 950.459
242 733.766 197.349
243 500.18 94.2395
244 332.781 402.942
245 1050.35 36.2575
246 1097.67 290.064
247 1172.15 250.003
248 365.379 72.7284
249 132.238 213.128
250 727.4 1073.63
251 500.066 41.6915
252 872.983 971.497
253 481.189 1080.4
254 313.927 943.047
255 813.471 1188.64
256 778.897 1065.15
257 61.2287 554.544
258 1157.17 762.22
259 66.8221 281.688
260 991.34 53.1657
261 539.789 185.42
262 659.952 552.952
263 1114.55 1119.35
264 805.807 1101.09
265 837.419 117.084
266 542.529 714.275
267 377.986 1227.89
268 605.684 1054.37
269 911.354 168.928
270 1050.3 162.211
271 1065.22 87.7928
272 534.729 13.4817
273 1002.48 774.428
274 347.49 1017.35
275 1154.16 1000.18
276 1030.05 792.88
277 721.224 1191.56
278 142.245 878.493
279 193.321 686.451
280 400.12 1254
281 987.078 1235.35
282 435.367 202.667
283 428.424 811.632
284 107.201 651.622
285 247.379 234.514
286 1138.59 328.243
287 977.096 346.241
288 1149.53 1129.61
289 783.954 1079.89
290 183.481 907.841
291 1074.51 1179.68
292 114.332 765.356
293 336.419 933.396
294 1090 478.564
295 470.882 284.746
296 960.409 687.378
297 837.11 664.093
298 498.483 605.839
299 429.67 993.724
300 1057.34 528.323
301 1218.74 1083.51
302 230.02 826.302
303 1140.73 635.756
304 1189.64 449.003
305 696.904 297.052
306 158.273 13.7905
307 679.024 859.076
308 940.451 839.156
309 485.59 545.55
310 1081.81 642.975
311 246.211 1098.07
312 487.981 563.847
313 738.634 561.908
314 380.426 293.123
315 536.253 1175.16
316 548.011 648.304
317 297.052 789.406
318 906.856 718.714
319 670.345 1022.14
320 1205.52 201.441
321 1062.47 507.555
322 1020.78 1165.74
323 1176.24 648.813
324 397.944 528.641
325 1170.68 329.873
326 696.237 1202.65
327 228.415 442.856
328 1123.74 707.519
329 1262.85 705.058
330 417.477 1147.8
331 361.635 227.691
332 899.593 1141.65
333 675.44 784.117
334 976.121 926.563
335 781.908 586.344
336 989.709 1043.18
337 989.455 234.176
338 883.778 531.691
339 213.553 910.225
340 566.888 1200.37
341 1162.73 640.282
342 79.0208 948.528
343 258.485 590.406
344 907.256 538.36
345 914.857 647.385
346 1143.08 158.012
347 1085.68 727.863
348 202.472 1245.53
349 361.031 601.833
350 838.472 274.671
351 386.071 372.8
352 641.778 714.275
353 1261.11 447.064
354 1034.72 706.525
355 820.241 862.164
356 1214.9 384.451
357 754.353 436.187
358 465.748 341.339
359 269.296 1234.22
360 1053.37 674.484
361 1207.78 36.412
362 292.342 723.819
363 1212.76 1202.96
364 851.818 477.599
365 541.253 474.635
366 1120.9 616.348
367 341.88 674.63
368 765.694 220.965
369 1106.68 141.606
370 38.7962 1195.62
371 1143.27 835.691
372 941.705 357.311
373 1179.58 577.892
374 1130.4 304.541
375 615.363 960.264
376 1177.65 289.379
377 1199.83 287.719
378 234.329 1224.76
379 460.615 332.026
380 581.827 250.496
381 826.224 373.061
382 1220.42 940.567
383 1136.79 420.205
384 337.122 1176.83
385 23.2777 405.913
386 1106.73 591.642
387 467.099 993.462
388 533.716 1025.57
389 527.165 849.627
390 954.696 422.589
391 536.971 1216.54
392 1118 562.101
393 45.1271 488.137
394 195.355 870.232
395 361.749 1083.06
396 442.538 679.802
397 320.8 523.151
398 1253.91 594.305
399 35.3991 897.216
400 1198.55 129.484
401 591.883 934.4
402 66.3589 801.45
403 255.844 470.737
404 85.504 742.841
405 234.09 976.13
406 1219.63 812.298
407 361.828 1097.58
408 326.234 1134.79
409 444.747 812.366
410 1043.3 1203.93
411 1030.63 121.175
412 784.417 925.859
413 1242.96 902.475
414 1186.52 365.032
415 432.803 273.272
416 1248.47 22.3071
417 1028.27 158.166
418 874.102 771.371
419 974.609 193.788
420 62.8846 994.341
421 775.741 375.657
422 587.618 693.738
423 247.871 489.343
424 559.293 358.971
425 1024.03 1099.43
426 61.2226 29.3862
427 716.36 1094.13
428 984.729 1181.8
429 468.99 1114.2
430 1096.95 550.336
431 57.7118 530.88
432 484.122 633.789
433 729.913 648.109
434 246.404 359.675
435 193.991 40.6197
436 428.459 10.3457
437 966.797 818.004
438 398.462 989.1
439 876.794 928.447
440 705.125 339.554
441 732.313 771.649
442 219.784 782.101
443 861.755 595.077
444 612.44 651.631
445 1071.93 853.092
446 267.624 674.214
447 516.791 322.221
448 1188.17 537.404
449 388.503 1108.72
450 620.353 236.956
451 130.788 67.2468
452 1023.45 1252.76
453 977.703 1010.99
454 174.641 738.064
455 148.838 1052.83
456 939.758 1085.33
457 386.544 216.998
458 1011.5 1080.39
459 579.781 1252.13
460 1080.85 778.009
461 745.659 886.725
462 871.813 352.186
463 580.84 239.61
464 926.834 453.009
465 394.155 985.394
466 397.706 469.926
467 1219.84 917.183
468 186.376 1195.16
469 809.2 67.3184
470 1075.91 1178.14
471 955.239 601.478
472 700.918 51.6602
473 136.883 90.0613
474 1155.72 880.896
475 259.127 1029.32
476 209.191 1177.18
477 74.9715 253.401
478 145.495 516.781
479 640.779 447.845
480 221.389 82.0318
481 780.093 846.384
482 109.517 37.8403
483 931.418 574.917
484 1185.86 1226.62
485 695.788 679.455
486 974.548 1196.04
487 333.802 1114.05
488 564.649 1014.35
489 283.232 713.551
490 1026.94 468.15
491 807.613 66.0592
492 552.056 529.799
493 104.367 884.177
494 900.879 1221.65
495 636.49 136.819
496 562.255 876.989
497 667.825 162.49
498 312.316 792.678
499 512.844 1210.29
500 295.507 898.035
501 234.112 263.737
502 1129.46 279.294
503 1229.93 858.419
504 1204 1017.67
505 191.957 433.475
506 602.939 779.283
507 1161.18 1043.48
508 439.575 929.835
509 236.174 430.619
510 94.9639 853.217
511 247.099 554.574
512 38.7617 380.666
513 299.561 194.994
514 456.985 219.035
515 785.691 540.754
516 297.438 1221.14
517 259.013 959.26
518 597.884 891.125
519 782.568 908.642
520 125.692 999.33
521 1058.92 966.624
522 261.185 459.696
523 1034.03 266.526
524 796.228 394.534
525 1086.44 401.357
526 699.529 823.608
527 1175.89 220.163
528 563.838 398.889
529 300.154 224.053
530 171.591 46.6327
531 754.036 89.8296
532 1235.39 1243.88
533 57.5939 681.047
534 807.811 46.0242
535 217.799 605.848
536 860.922 705.714
537 1243.42 1165.13
538 1116.44 86.8663
539 472.377 44.5095
540 524.926 1164.35
541 509.558 724.929
542 129.437 612.256
543 343.028 1101.31
544 1221.71 1252.4
545 438.301 871.313
546 92.1803 1084.63
547 785.035 641.585
548 605.993 998.588
549 838.191 276.129
550 142.291 764.237
551 1240.73 1190.92
552 1230.87 350.666
553 610.603 1247.16
554 713.194 976.121
555 487.225 173.06
556 394.061 666.525
557 1069.31 164.295
558 1147.16 445.056
559 1189.7 1075.72
560 53.118 327.896
561 869.962 688.449
562 1120.65 410.12
563 221.195 1215.62
564 44.4709 4.74819
565 115.501 479.297
566 594.258 55.0096
567 285.371 1165.2
568 196.645 1047.77
569 1067.57 506.86
570 1099.15 896.684
571 860.79 608.309
572 487.597 765.694
573 874.092 313.236
574 1000.89 714.159
575 612.988 75.0446
576 414.251 1231.37
577 999.475 931.534
578 351.133 1008.52
579 1144.16 1254.02
580 293.915 421.045
581 479.255 1034.49
582 630.853 603.956
583 665.328 1237.67
584 520.448 83.6531
585 1044.68 334.613
586 745.737 532.502
587 1159.52 582.445
588 1099.39 877.46
589 922.775 159.363
590 276.515 827.267
591 741.49 864.827
592 0.270222 54.3624
593 453.803 752.415
594 700.118 609.352
595 479.297 1187.82
596 494.986 308.256
597 965.354 527.706
598 466.08 883.704
599 650.773 309.954
600 354.455 409.233
601 402.233 702.124
602 1037.88 976.7
603 575.651 997.47
604 19.5718 1115.71
605 362.996 185.604
606 400.315 1249.32
607 370.205 175.683
608 544.691 62.5463
609 95.5429 1080.27
610 33.8936 39.5002
611 156.558 256.913
612 1171.17 1179.68
613 1065.68 20.16
614 1022.21 756.121
615 1009.91 1111.24
616 362.191 1198.98
617 1045.21 473.777
618 141.901 176.532
619 956.935 794.801
620 574.887 237.689
621 769.185 148.12
622 241.27 264.818
623 983.378 1092.9
624 1118.08 909.725
625 895.528 805.842
626 1262.08 682.041
627 357.041 133.306
628 726.821 1164.77
629 71.2615 1232.53
630 933.58 878.686
631 659.597 214.218
632 873.397 192.284
633 1018.39 279.303
634 652.327 12.1214
635 1187.47 1043.14
636 901.115 965.813
637 569.269 268.996
638 563.298 293.693
639 65.6254 1023.02
640 10.5001 922.857
641 814.875 787.244
642 977.394 397.227
643 1073.09 681.269
644 1021.56 443.792
645 298.017 253.97
646 671.927 500.452
647 960.033 1206.31
648 710.029 83.7303
649 939.612 331.649
650 572.956 126.117
651 981.448 1142.2
652 1021.16 490.801
653 17.6803 778.125
654 1076.67 277.721
655 115.814 1124.02
656 1198.21 136.964
657 34.3182 565.151
658 1060.69 891.589
659 217.568 768.744
660 640.997 1135.36
661 23.5093 1187.09
662 603.677 880.85
663 381.101 375.888
664 342.101 567.467
665 613.068 589.905
666 20.4597 1223.54
667 652.323 1050.94
668 501.571 1263.57
669 1059.97 1047.38
670 718.879 742.88
671 392.914 245.709
672 343.684 784.649
673 834.563 567.158
674 1030.19 367.651
675 829.439 302.728
676 42.9268 709.565
677 489.927 1054.02
678 202.401 915.629
679 920.03 63.9269
680 836.654 1251.05
681 424.944 699.683
682 1196.12 489.913
683 1027.46 133.567
684 1154.84 396.262
685 444.46 593.372
686 85.3598 125.653
687 1248.67 1057.61
688 832.198 1025.08
689 540.854 380.429
690 232.507 893.82
691 61.8199 513.075
692 448.724 907.107
693 210.267 213.169
694 536.835 1244.3
695 110.259 348.008
696 672.644 362.638
697 762.336 1027.54
698 1226.58 728.22
699 84.7726 375.116
700 20.1509 824.528
701 468.442 15.2483
702 532.454 1054.14
703 877.953 550.018
704 251.626 371.056
705 965.312 307.976
706 1187.7 882.624
707 881.128 577.465
708 628.885 1080.85
709 155.546 739.253
710 964.574 1132.27
711 698.368 320.609
712 847.765 1022.13
713 802.599 1069.32
714 1105.71 1148.91
715 728.095 1114.06
716 1080.23 390.975
717 913.998 97.6661
718 583.067 808.737
719 588.002 551.34
720 1193.34 986.089
721 63.0004 1154.21
722 718.714 837.93
723 189.532 386.032
724 1097.33 103.186
725 984.585 632.978
726 582.608 352.534
727 137.698 706.361
728 184.601 543.07
729 855.136 981.341
730 1111.49 525.669
731 128.857 811.796
732 1053.48 458.452
733 731.646 1049.2
734 172.093 328.399
735 1092.6 1075.33
736 16.0975 325.348
737 89.3664 687.909
738 723.515 908.024
739 628.923 580.322
740 726.86 1153.97
741 921.922 106.159
742 1099.79 206.72
743 1166.2 803.458
744 159.238 976.554
745 70.1806 559.678
746 854.559 1182.43
747 454.969 484.007
748 481.25 742.503
749 749.211 164.189
750 823.209 725.132
751 1030.55 552.219
752 129.672 16.445
753 371.749 362.069
754 16.5608 105.927
755 873.607 8.29969
756 130.747 102.183
757 805.842 885.249
758 434.01 122.791
759 851.725 502.275
760 900.21 838.927
761 1084.09 312.609
762 1088.34 949.957
763 786.77 1205.35
764 168.58 952.968
765 900.806 1147.21
766 607.73 534.075
767 1175.12 671.319
768 1183.34 521.22
769 784.84 509.842
770 1164 540.445
771 17.6417 168.821
772 319.403 430.512
773 368.699 502.15
774 256.016 339.361
775 128.549 904.975
776 70.5971 767.972
777 142.677 612.44
778 814.103 742.687
779 731.315 350.054
780 527.049 520.226
781 244.155 405.025
782 641.122 1153.5
783 758.128 1186.97
784 1207.66 960.688
785 848.348 323.533
786 979.997 169.361
787 973.696 381.98
788 1041.46 908.719
789 163.793 1032.64
790 1054.93 57.5188
791 827.035 395.644
792 890.96 392.99
793 702.493 644.451
794 1197.72 847.118
795 238.82 345.306
796 239.031 496.63
797 1231.9 62.653
798 948.903 987.209
799 211.009 99.4896
800 740.525 39.6013
801 1121.31 500.577
802 748.087 795.312
803 272.23 590.406
804 1051.46 545.921
805 137.952 1188.14
806 220.093 493.242
807 248.442 675.363
808 1046.12 177.884
809 318.409 865.918
810 79.4454 446.571
811 1047.46 339.399
812 405.021 948.822
813 479.375 111.795
814 250.959 775.731
815 790.313 100.253
816 1013.1 661.205
817 289.987 208.737
818 453.009 797.628
819 911.499 514.899
820 531.326 1138.68
821 897.671 643.795
822 1160.57 400.933
823 334.781 360.554
824 1115.34 62.267
825 871.583 947.023
826 172.749 1107.42
827 662.006 940.22
828 816.187 317.938
829 233.202 851.094
830 732.248 1126.25
831 696.749 82.8516
832 67.4012 375.146
833 1068.42 232.902
834 1214.34 293.307
835 1072.17 361.219
836 404.887 471.384
837 170.74 601.486
838 925.743 857.155
839 453.571 970.33
840 222.19 162.519
841 263.158 980.483
842 347.12 307.629
843 362.6 155.146
844 1032.84 629.125
845 245.293 967.521
846 1229.52 772.797
847 714.159 346.62
848 801.594 1132.97
849 842.167 23.5093
850 513.768 953.113
851 1142.69 751.064
852 385.333 337.16
853 717.548 1074.14
854 383.539 1048.63
855 72.706 660.047
856 617.188 333.193
857 1213.78 850.158
858 893.965 494.902
859 842.529 488.224
860 292.728 43.3605
861 239.842 1178.09
862 814.249 670.315
863 692.716 449.882
864 537.901 1092.16
865 716.823 712.81
866 501.456 496.91
867 441.852 635.563
868 724.235 1012.69
869 860.427 1252.17
870 1118.57 959.801
871 758.823 737.63
872 107.78 924.015
873 385.955 1062.01
874 335.307 900.149
875 891.471 891.58
876 869.238 1050.08
877 975.58 957.668
878 216.332 255.478
879 698.177 468.806
880 1020.09 1063.76
881 386.611 194.531
882 402.13 32.7833
883 887.774 431.786
884 493.465 427.646
885 571.327 902.388
886 509.369 703.552
887 630.51 267.22
888 919.335 0.579048
889 296.511 1086.64
890 234.476 1208.86
891 1094.49 982.692
892 456.375 290.798
893 352.419 173.792
894 4.94121 149.867
895 647.569 467.909
896 616.184 113.696
897 815.568 943.887
898 610.609 53.1271
899 256.059 854.675
900 464.567 911.692
901 637.455 292.805
902 403.519 537.559
903 725.393 182.757
904 1034.18 1244.18
905 484.509 909.183
906 926.757 1031.45
907 749.751 207.694
908 441.505 436.757
909 634.415 348.596
910 755.127 901.201
911 936.629 260.572
912 124.92 1021.6
913 678.274 176.874
914 419.887 861.971
915 374.949 81.2211
916 705.435 205.61
917 451.889 942.227
918 1067.96 1202.11
919 500.289 917.482
920 354.146 856.298
921 1148.99 265.629
922 557.623 731.299
923 167.77 581.673
924 680.929 1010.01
925 1186.52 1125.06
926 1240.38 1153.43
927 587.486 185.488
928 697.22 701.12
929 335.817 959.106
930 388.094 550.327
931 1138.25 22.4376
932 954.657 1121.86
933 746.97 1222.11
934 1018.08 219.43
935 437.72 466.018
936 374.374 109.172
937 813.894 26.2593
938 1242.79 363.111
939 24.0498 980.56
940 388.159 641.401
941 1212.06 208.534
942 648.648 857.541
943 250.187 142.957
944 942.855 257.84
945 486.864 630.554
946 501.726 602.096
947 602.635 754.808
948 191.472 128.017
949 706.042 966.508
950 1129.93 1010.63
951 414.174 666.909
952 987.71 666.33
953 314.261 665.712
954 705.603 709.613
955 404.269 623.133
956 448.093 396.797
957 398.848 1133.82
958 802.343 265.368
959 90.7561 577.234
960 434.371 299.175
961 947.178 1082.71
962 999.167 630.352
963 378.364 766.119
964 63.0106 1069.81
965 768.748 334.12
966 478.062 310.061
967 1147.96 624.686
968 54.3187 66.4066
969 369.78 434.826
970 571.405 664.554
971 464.203 254.706
972 782.792 662.354
973 154.784 464.97
974 1017.46 424.288
975 1123.97 67.5261
976 563.166 818.735
977 50.6474 466.442
978 434.207 775.461
979 374.412 160.051
980 674.089 928.832
981 564.696 1033.64
982 459.278 1160.72
983 79.5957 1168.8
984 364.514 439.652
985 31.7318 971.644
986 616.014 560.643
987 697.444 284.583
988 1251.05 783.877
989 311.219 835.335
990 979.518 91.1127
991 587.232 26.0186
992 874.654 432.626
993 297.013 1156.2
994 661.775 552.412
995 968.4 434.518
996 1149.07 1138.96
997 25.6325 603.146
998 139.664 223.513
999 12.8549 866.258
1000 237.271 482.472
1001 599.932 895.179
1002 1008.28 106.776
1003 499.718 757.897
1004 266.533 736.211
1005 930.106 1253.87
1006 227.698 508.143
1007 248.508 634.791
1008 358.006 1017.35
1009 1212.8 1036.85
1010 26.4818 209.693
1011 1140.3 364.578
1012 587.103 632.477
1013 314.23 740.102
1014 744.308 1070.01
1015 513.461 102.26
1016 146.383 404.639
1017 464.799 1178.72
1018 1004.26 605.53
1019 532.838 505.75
1020 1248.88 478.92
1021 1045.51 665.982
1022 1181.6 921.343
1023 288.023 1135.63
1024 1192.57 659.506
1025 129.414 599.285
1026 1161.18 94.0778
1027 516.163 101.922
1028 797.812 83.1531
1029 176.108 698.256
1030 985.373 613.057
1031 148.159 811.903
1032 725.771 174.187
1033 1060.89 718.444
1034 993.254 469.733
1035 499.294 1150.14
1036 812.215 677.409
1037 1102.49 430.049
1038 311.114 243.588
1039 109.903 1200.56
1040 174.872 415.795
1041 715.592 0.656254
1042 236.18 536.856
1043 140.631 1189.91
1044 1217.43 1105.71
1045 910.499 708.918
1046 494.854 647.221
1047 180.1 364.569
1048 578.684 1091.71
1049 304.471 644.21
1050 469.191 60.028
1051 228.049 29.888
1052 582.977 435.792
1053 1057.67 1238.82
1054 1248.73 170.51
1055 674.398 221.544
1056 561.561 339.601
1057 271.882 512.351
1058 936.629 838.316
1059 784.62 787.206
1060 83.0355 1041.67
1061 624.6 69.563
1062 388.887 166.418
1063 462.428 354.455
1064 75.006 1061.82
1065 1042.73 371.749
1066 1127.06 534.779
1067 70.8978 267.568
1068 403.345 1181.68
1069 966.238 828.55
1070 167.847 568.542
1071 1024.68 482.54
1072 967.708 1048.08
1073 94.3503 160.444
1074 1066.08 1256.46
1075 476.286 864.52
1076 1263.99 871.776
1077 233.241 1245.84
1078 229.998 2.74083
1079 214.341 182.332
1080 86.78 1112.43
1081 68.1651 875.646
1082 673.935 839.938
1083 506.204 64.6604
1084 458.055 1112.93
1085 235.851 1159.57
1086 1103.52 150.745
1087 1137.64 26.945
1088 643.198 1095.17
1089 918.795 297.061
1090 1041.78 246.406
1091 133.551 1017.81
1092 88.0153 111.602
1093 662.431 439.15
1094 641.933 89.1734
1095 222.161 621.675
1096 868.334 359.589
1097 1018.74 864.791
1098 890.836 861.169
1099 263.119 612.449
1100 866.487 47.9929
1101 652 187.998
1102 74.3396 1045.89
1103 755.742 621.552
1104 1261.08 940.538
1105 7.45042 207.231
1106 1107.72 1033.02
1107 117.084 781.059
1108 639.346 792.185
1109 556.04 685.216
1110 967.358 391.986
1111 934.839 728.953
1112 580.198 947.602
1113 624.909 1246.23
1114 1022.98 38.4488
1115 733.51 713.85
1116 74.0795 866.805
1117 40.8422 693.4
1118 1040.47 1135.06
1119 216.639 1020.37
1120 672.661 396.493
1121 1249.86 742.301
1122 329.401 459.657
1123 211.084 227.035
1124 817.075 895.633
1125 595.56 893.471
1126 1230.24 51.9985
1127 300.572 1046.61
1128 1239.08 253.083
1129 1135.07 130.951
1130 487.172 941.302
1131 231.223 800.369
1132 79.3296 901.355
1133 709.372 399.822
1134 277.858 523.73
1135 561.211 1014.31
1136 912.425 477.367
1137 1018.95 1051.29
1138 742.224 277.287
1139 401.091 537.25
1140 1132.42 9.81435
1141 720.248 626.646
1142 128.049 365.89
1143 456.846 1191.87
1144 169.429 835.721
1145 599.737 827.507
1146 262.386 1067.97
1147 207.531 924.662
1148 1164.89 256.373
1149 495.047 964.308
1150 866.613 1096.15
1151 567.227 662.277
1152 721.764 1241.67
1153 390.587 409.164
1154 222.625 981.023
1155 1104.86 607.192
1156 626.414 1204.54
1157 534.311 402.014
1158 39.6069 1213.96
1159 1226.39 106.352
1160 338.897 242.707
1161 71.5236 1061.71
1162 1203.05 1015.2
1163 494.468 743.121
1164 256.402 464.281
1165 915.861 1239.86
1166 224.348 1076.58
1167 1123.49 1066.53
1168 653.436 1225.74
1169 23.4321 924.817
1170 110.946 194.376
1171 757.163 606.456
1172 14.785 1127.33
1173 686.905 138.161
1174 1145.59 566.542
1175 517.128 800.63
1176 203.544 237.024
1177 845.548 115.356
1178 352.573 1009.13
1179 60.3408 485.946
1180 473.507 854.028
1181 1097.68 94.4234
1182 65.5096 990.907
1183 400.73 19.456
1184 1106.95 872.712
1185 856.258 741.229
1186 525.235 320.793
1187 542.645 0.540445
1188 355.342 583.265
1189 251.839 223.097
1190 33.3146 125.431
1191 135.965 707.606
1192 1081.58 497.788
1193 513.731 730.259
1194 1188.82 48.7264
1195 225.906 207.077
1196 639.848 277.057
1197 922.753 798.709
1198 149.549 662.045
1199 328.749 634.714
1200 329.556 713.551
1201 450.041 951.53
1202 328.668 76.0188
1203 780.175 932.045
1204 39.6069 435.599
1205 999.916 1218.86
1206 699.992 1243.29
1207 491.766 554.969
1208 944.659 1172.5
1209 588.985 285.171
1210 341.252 1025.57
1211 128.526 674.947
1212 372.119 664.679
1213 1166.85 205.06
1214 1038.08 1099.81
1215 526.625 612.488
1216 306.008 984.613
1217 5.32724 797.976
1218 628.978 487.172
1219 775.92 736.481
1220 224.366 111.418
1221 47.9553 71.2229
1222 870.904 674.214
1223 1117.45 347.901
1224 102.8 747.512
1225 735.514 488.292
1226 867.337 242.206
1227 799.07 819.903
1228 808.004 465.362
1229 991.871 571.143
1230 1160.45 321.111
1231 405.063 227.527
1232 108.745 725.896
1233 7.2188 181.898
1234 135.613 88.2561
1235 769.797 208.766
1236 690.534 854.752
1237 665.674 1093.28
1238 1106.72 788.239
1239 582.793 123.569
1240 461.869 846.153
1241 372.714 607.855
1242 863.379 938.098
1243 1072.46 325.232
1244 209.731 999.446
1245 139.412 270.84
1246 801.595 1132.93
1247 910.495 222.518
1248 1210.64 1166.36
1249 718.594 26.8292
1250 1220.7 1222.11
1251 1017.31 81.4914
1252 627.82 216.564
1253 105.425 89.1825
1254 577.122 214.865
1255 176.069 433.253
1256 311.782 1122.74
1257 39.7999 502.652
1258 0.0386032 459.224
1259 868.765 135.584
1260 1262.42 226.571
1261 481.041 0.540445
1262 926.708 878.348
1263 685.3 977.086
1264 412.051 224.139
1265 126.31 1227.62
1266 801.711 1013.65
1267 292.728 756.932
1268 412.437 802.947
1269 108.308 545.357
1270 634.135 550.105
1271 1164.34 1108.38
1272 784.417 560.875
1273 780.219 1122.24
1274 964.479 125.971
1275 990.048 100.3
1276 1258.57 65.8957
1277 200.296 128.78
1278 881.868 628.238
1279 1108.3 818.272
1280 1148.06 616.763
1281 1262.58 519.956
1282 324.885 867.963
1283 1257.57 569.792
1284 1141.92 1097.22
1285 245.075 1235.15
1286 5.21143 763.31
1287 778.588 971.574
1288 875.984 450.224
1289 8.4155 841.473
1290 629.387 1066.18
1291 286.312 1091.59
1292 729.442 336.074
1293 163.531 1039.52
1294 863.978 952.148
1295 205.137 1030.51
1296 378.502 924.624
1297 1170.38 215.097
1298 1226.46 1122.63
1299 1019.86 48.833
1300 775.036 344.065
1301 560.12 15.9045
1302 632.658 1197.63
1303 346.326 300.226
1304 759.943 173.917
1305 761.56 674.514
1306 673.587 867.337
1307 769.411 547.936
1308 744.455 380.975
1309 902.319 717.951
1310 639.848 393.839
1311 267.807 716.253
1312 259.105 313.274
1313 338.792 971.15
1314 633.826 216.564
1315 743.238 524.849
1316 549.423 877.181
1317 899.851 299.57
1318 818.735 170.356
1319 481.792 137.977
1320 519.792 836.54
1321 244.165 274.006
1322 666.716 126.859
1323 952.187 784.224
1324 1046.92 826.379
1325 40.765 651.701
1326 1110.58 276.408
1327 941.493 1011.48
1328 237.024 766.09
1329 532.393 586.122
1330 678.567 1153.28
1331 336.195 274.199
1332 321.325 55.7908
1333 1093.61 810.097
1334 90.2543 776.812
1335 345.257 327.017
1336 1021.51 33.276
1337 274.755 1126.67
1338 5.21143 359.434
1339 1131.88 666.484
1340 1029.78 503.31
1341 61.2409 1146.64
1342 1199.79 461.077
1343 885.279 917.8
1344 125.586 149.944
1345 873.773 559.408
1346 1251.61 840.015
1347 137.041 1156.36
1348 320.793 673.905
1349 164.935 421.894
1350 261.537 1027.04
1351 288.595 818.388
1352 1184.06 308.873
1353 160.454 936.901
1354 214.325 632.716
1355 617.883 956.24
1356 1016.62 1065.8
1357 1058.34 0.270222
1358 595.609 245.139
1359 86.0455 949.639
1360 781.609 605.732
1361 1107.89 372.251
1362 414.946 254.82
1363 724.824 242.274
1364 1049.24 727.014
1365 897.128 674.243
1366 108.128 165.376
1367 1224.13 680.622
1368 528.147 890.035
1369 633.367 1159.92
1370 1239.63 640.166
1371 726.744 402.014
1372 270.69 571.916
1373 604.014 174.534
1374 1125.23 220.617
1375 1066.45 35.6399
1376 375.52 922.278
1377 1195.62 227.296
1378 578.662 510.218
1379 1173.38 481.691
1380 1186.11 1139.18
1381 138.468 629.319
1382 906.828 591.41
1383 536.16 504.042
1384 67.0538 979.72
1385 990.704 1243.6
1386 80.6177 416.683
1387 1230.79 382.721
1388 504.889 466.713
1389 929.362 847.967
1390 588.429 103.62
1391 1209.01 148.931
1392 1143.25 702.472
1393 0.154413 92.8021
1394 136.105 339.091
1395 717.379 1043.53
1396 607.885 932.469
1397 1035.46 1173.46
1398 889.186 999.051
1399 667.565 426.372
1400 777.865 839.658
1401 946.28 136.655
1402 782.139 1202.77
1403 1153.77 1074.37
1404 1032.29 717.211
1405 87.1436 401.174
1406 624.352 792.369
1407 625.697 560.827
1408 748.825 17.9523
1409 1040.78 444.439
1410 1202.18 428.659
1411 43.0812 616.416
1412 840.55 1177.18
1413 510.359 480.147
1414 531.684 1137.72
1415 129.963 510.257
1416 1007.74 851.326
1417 871.969 264.664
1418 1007.5 1215.89
1419 141.404 374.876
1420 1159.68 508.134
1421 771.446 659.776
1422 715.906 185.999
1423 650.5 519.059
1424 1047.4 293.586
1425 1000.21 1121.89
1426 664.511 11.7371
1427 477.406 757.211
1428 1188.98 774.882
1429 1018.97 942.574
1430 202.744 306.287
1431 647.684 1172.93
1432 608.116 424.22
1433 781.792 1223.46
1434 496.453 722.738
1435 173.406 638.381
1436 981.253 1164.32
1437 1072.91 1125.98
1438 975.078 206.22
1439 626.404 1027.27
1440 1004.44 858.304
1441 179.881 258.062
1442 1107.6 832.324
1443 237.375 654.44
1444 281.803 1008.56
1445 64.6644 948.49
1446 363.797 1200.48
1447 495.007 398.703
1448 501.157 284.969
1449 694.014 722.536
1450 683.45 765.965
1451 82.109 246.336
1452 1068.65 744.115
1453 554.226 196.49
1454 206.791 394.911
1455 58.6992 731.115
1456 1220.75 204.599
1457 1188.83 1256.04
1458 848.691 523.345
1459 1250.12 503.116
1460 288.598 979.372
1461 1203.65 289.833
1462 1052.03 579.366
1463 351.24 328.397
1464 225.443 170.819
1465 51.5353 277.605
1466 792.253 456.26
1467 550.327 374.683
1468 894.993 1137.07
1469 992.009 1071.09
1470 805.326 524.241
1471 1059.16 1027.47
1472 113.262 966.903
1473 842.283 1097.37
1474 1242.95 623.026
1475 1123.59 762.229
1476 238.915 153.071
1477 383.828 872.008
1478 476.294 1235.8
1479 33.7778 836.965
1480 731.823 74.3515
1481 998.61 664.023
1482 120.446 209.431
1483 513.13 977.279
1484 637.995 1144.98
1485 522.742 210.156
1486 559.846 456.83
1487 650.464 661.629
1488 519.174 1068.73
1489 273.654 698.911
1490 547.972 1152.42
1491 927.944 63.4654
1492 77.0906 56.5923
1493 190.352 286.667
1494 388.773 433.639
1495 552.721 759.797
1496 907.716 399.582
1497 1068.61 767.625
1498 684.561 265.676
1499 1032.33 19.8824
1500 224.4 66.7449
1501 679.735 48.5334
1502 764.024 1061.4
1503 1031.84 244.599
1504 459.041 1158.72
1505 725.145 110.144
1506 416.181 82.6108
1507 559.245 1137.56
1508 49.4121 802.638
1509 1176.8 379.083
1510 444.82 340.673
1511 736.858 356.046
1512 162.794 550.722
1513 1063.63 361.365
1514 436.995 123.723
1515 484.005 655.105
1516 168.456 695.639
1517 1179.36 1245.08
1518 737.784 478.303
1519 1061.49 312.541
1520 929.295 245.68
1521 205.832 113.802
1522 164.937 495.636
1523 51.3199 293.857
1524 927.568 336.157
1525 939.139 278.638
1526 917.019 604.796
1527 443.937 782.921
1528 712.381 165.617
1529 589.495 22.8622
1530 118.589 1256
1531 1116.67 1055.49
1532 389.661 820.743
1533 320.654 1234.19
1534 1066.95 641.324
1535 40.255 1006.78
1536 1178.98 986.398
1537 82.2796 588.862
1538 111.911 1200.02
1539 907.785 755.503
1540 258.255 534.809
1541 862.202 609.969
1542 685.207 15.8273
1543 621.337 202.051
1544 1191.5 729.446
1545 1.08089 334.767
1546 615.605 362.061
1547 1188.9 1104.86
1548 68.0188 166.032
1549 485.088 389.091
1550 420.708 1081.63
1551 450.345 101.835
1552 478.66 536.702
1553 363.569 559.206
1554 1219.9 165.733
1555 903.756 980.985
1556 1162.03 864.18
1557 333.532 62.7007
1558 585.688 132.486
1559 268.292 1080.05
1560 756.546 899.193
1561 44.3652 372.444
1562 322.221 105.55
1563 50.7347 530.34
1564 534.486 336.234
1565 1024.93 591.024
1566 1259.81 193.713
1567 381.129 256.595
1568 1143.64 560.798
1569 1060.17 1220.53
1570 818.906 796.779
1571 769.593 849.425
1572 196.529 1099.04
1573 931.958 302.34
1574 355.497 729.918
1575 205.655 601.669
1576 930.638 902.629
1577 394.293 1209.21
1578 656.98 321.535
1579 166.63 475.516
1580 1164.93 1028.67
1581 252.851 967.56
1582 425.83 881.32
1583 714.661 359.396
1584 663.626 904.444
1585 337.117 349.822
1586 239.484 801.364
1587 212.452 845.024
1588 627.235 44.7888
1589 1146.98 1213.11
1590 772.682 218.889
1591 1220.13 336.513
1592 1156.38 918.263
1593 743.42 492.422
1594 561.947 364.337
1595 123.993 1072.51
1596 381.136 392.517
1597 341.316 221.886
1598 1014.21 324.044
1599 11.4265 227.768
1600 1094.63 817.046
1601 173.338 639.964
1602 1222.57 917.251
1603 548.86 1124.64
1604 621.528 608.859
1605 471.654 1157.53
1606 826.803 229.766
1607 872.162 315.62
1608 1263.45 310.842
1609 1228.18 77.2064
1610 863.515 498.946
1611 729.275 372.482
1612 974.345 702.926
1613 338.589 29.6087
1614 391.128 146.856
1615 969.645 169.777
1616 373.496 1135.1
1617 615.335 745.389
1618 285.818 911.199
1619 516.966 127.12
1620 742.996 147.744
1621 1216.69 192.176
1622 1245.92 602.875
1623 1254.3 443.135
1624 159.699 794.106
1625 1061.38 581.017
1626 14.399 555.423
1627 682.852 1118.15
1628 579.18 1229.36
1629 334.694 1167.71
1630 496.203 464.29
1631 390.201 742.841
1632 1197.28 124.997
1633 541.304 621.984
1634 494.507 557.7
1635 225.005 894.631
1636 575.423 982.49
1637 491.921 1228.75
1638 353.557 283.541
1639 1091.43 1231.4
1640 199.717 1170.87
1641 555.693 1104.21
1642 799.279 368.661
1643 474.819 692.551
1644 613.675 945.556
1645 393.374 966.663
1646 769.36 810.754
1647 795.072 990.181
1648 410.545 1188.18
1649 396.589 808.823
1650 709.569 1240.37
1651 636.034 911.383
1652 837.082 203.873
1653 419.271 328.021
1654 784.649 1152.62
1655 1145.44 844.947
1656 154.031 1100.86
1657 916.401 685.834
1658 828.53 627.466
1659 338.45 844.908
1660 615.065 1256.5
1661 1155.13 312.802
1662 480.726 183.79
1663 960.269 1047.04
1664 398.925 643.949
1665 11.8126 806.005
1666 276.824 1200.22
1667 360.893 230.818
1668 591.324 618.771
1669 963.365 524.279
1670 845.556 256.943
1671 502.807 817.355
1672 749.284 996.898
1673 472.365 1146.72
1674 234.842 874.866
1675 442.972 544.961
1676 639.655 573.53
1677 421.545 713.735
1678 541.639 300.101
1679 1106.17 58.3772
1680 350.979 163.6
1681 554.882 74.8221
1682 486.709 523.073
1683 500.135 1261.91
1684 542.174 714.361
1685 803.188 821.283
1686 451.889 598.89
1687 71.3773 391.6
1688 220.404 610.741
1689 48.579 275.357
1690 324.421 1057.08
1691 146.58 421.672
1692 682.003 1254.84
1693 594.837 850.93
1694 1081.39 787.582
1695 435.724 245.13
1696 38.0282 502.623
1697 611.003 476.566
1698 669.688 763.534
1699 867.005 543.233
1700 616.184 185.343
1701 1031.55 820.173
1702 180.037 895.942
1703 330.829 751.768
1704 349.221 480.31
1705 989.404 732.543
1706 1035.45 686.914
1707 395.953 1034.11
1708 1263.73 996.696
1709 221.097 985.008
1710 1099.92 1149.19
1711 934.776 1028.78
1712 687.484 1186.86
1713 1195.62 1080.4
1714 396.069 928.416
1715 948.828 967.821
1716 737.183 1223.07
1717 130.676 68.3663
1718 877.065 73.1917
1719 1099.69 1161.76
1720 1208.63 823.175
1721 884.94 819.932
1722 651.864 682.08
1723 591.655 850.506
1724 1093.78 962.155
1725 2.81803 972.106
1726 162.674 1048.89
1727 628.381 282.044
1728 1158.01 940.924
1729 1217.59 1174.81
1730 7.45042 10.5478
1731 285.038 48.3017
1732 574.562 563.645
1733 285.895 492.075
1734 1147.36 960.418
1735 210.387 316.432
1736 439.273 900.921
1737 5.13423 997.709
1738 200.548 1073.59
1739 157.462 13.8585
1740 178.568 1256.77
1741 869.206 1193.43
1742 995.808 870.386
1743 821.515 954.743
1744 581.992 408.508
1745 1058.42 234.562
1746 422.246 272.972
1747 530.908 1235.3
1748 235.595 538.901
1749 1026.65 1212
1750 235.48 20.2372
1751 534.471 175.645
1752 1202.73 159.354
1753 1257.79 650.464
1754 1224.94 116.012
1755 694.742 137.745
1756 903.622 1083.25
1757 828.309 1082.21
1758 124.53 611.754
1759 1117.87 191.588
1760 9.95963 888.732
1761 180.655 283.048
1762 785.614 540.724
1763 343.414 1155.98
1764 111.716 968.602
1765 535.581 768.088
1766 553.348 289.678
1767 232.584 725.286
1768 909.16 1245.31
1769 470.589 691.306
1770 1104.47 139.791
1771 765.694 1071.2
1772 226.524 843.026
1773 807.193 607.894
1774 196.761 1127.92
1775 929.218 547.866
1776 346.076 888.037
1777 158.698 994.959
1778 1255.72 922.23
1779 552.489 961.297
1780 1231.36 1219.29
1781 1061.39 438.155
1782 1165.73 1109.03
1783 213.384 1159.87
1784 74.1791 1012.79
1785 657.553 761.921
1786 762.744 1013.64
1787 246.906 263.978
1788 254.588 376.931
1789 857.57 653.793
1790 539.356 149.587
1791 1177.13 899.223
1792 617.767 80.2175
1793 604.774 112.19
1794 903.238 916.951
1795 832.649 688.527
1796 269.643 735.314
1797 387.034 498.492
1798 41.0596 632.561
1799 908.943 233.937
1800 985.666 278.068
1801 511.338 746.123
1802 520.402 1082.78
1803 1168.36 460.623
1804 551.071 398.124
1805 295.585 127.863
1806 160.667 1231.94
1807 639.19 782.603
1808 334.188 142.687
1809 787.715 237.448
1810 892.274 1193.46
1811 219 88.3719
1812 267.087 330.366
1813 327.43 514.851
1814 272.228 1226.39
1815 55.4382 151.595
1816 251.963 215.376
1817 813.292 628.537
1818 1134.89 1098.81
1819 1140.95 78.7211
1820 403.871 678.46
1821 85.7803 78.8755
1822 1048.2 897.833
1823 732.5 63.2412
1824 1261.94 434.257
1825 1166.38 329.41
1826 556.079 531.498
1827 841.048 91.8075
1828 566.256 1183.61
1829 834.823 55.1731
1830 663.079 1032.71
1831 1030.4 757.433
1832 1136.65 797.697
1833 482.81 57.9139
1834 299.731 34.9064
1835 145.573 1015.16
1836 475.711 422.946
1837 72.6898 1079.82
1838 175.011 495.897
1839 538.283 534.423
1840 1.2353 171.167
1841 1218.93 761.718
1842 433.36 1085.61
1843 1190.28 392.71
1844 434.479 120.451
1845 160.234 507.014
1846 1194.58 739.994
1847 550.289 926.284
1848 1026.73 71.0299
1849 1118.3 1019.36
1850 917.159 109.054
1851 985.347 1260.91
1852 941.686 154.538
1853 550.486 1107.45
1854 1124.35 405.652
1855 1013.71 1068.19
1856 151.981 354.455
1857 187.959 1060.35
1858 1146.71 116.466
1859 222.153 372.946
1860 523.9 646.15
1861 719.757 967.628
1862 1135.34 1119.61
1863 1080.26 492.663
1864 1040.09 747.02
1865 1203.84 458.297
1866 472.578 266.516
1867 1142.38 77.9802
1868 1187.52 698.564
1869 236.753 1020.18
1870 65.5868 1216.31
1871 966.354 118.126
1872 1073.27 289.263
1873 593.408 1085.38
1874 711.65 1091.09
1875 303.953 990.558
1876 337.473 1103.43
1877 27.9101 1034.3
1878 649.769 245.912
1879 954.81 805.581
1880 871.467 362.716
1881 165.299 184.292
1882 1107.03 887.033
1883 889.653 254.597
1884 884.172 158.621
1885 579.28 702.848
1886 472.619 26.8678
1887 783.925 267.134
1888 116.08 574.309
1889 792.219 458.374
1890 457.139 590.436
1891 616.532 838.963
1892 222.486 54.9415
1893 1190.83 1222.52
1894 141.442 450.624
1895 88.9032 934.284
1896 854.057 1234.42
1897 1093.2 223.367
1898 650.58 664.293
1899 1172.07 1194.92
1900 631.166 1116.67
1901 1099.69 38.526
1902 1164 1256.38
1903 531.255 146.315
1904 407.573 374.258
1905 719.588 1191.41
1906 1132.97 662.633
1907 796.414 80.6035
1908 904.438 383.686
1909 1133.93 526.673
1910 251.317 744.626
1911 292.651 244.59
1912 872.662 219.314
1913 716.055 110.753
1914 1252.34 143.922
1915 433.321 847.186
1916 693.775 821.283
1917 5.44305 190.97
1918 201.238 508.288
1919 737.061 237.766
1920 1231.98 949.3
1921 48.193 746.779
1922 258.479 155.185
1923 341.677 829.978
1924 623.271 600.366
1925 540.475 316.864
1926 597.736 998.124
1927 1074.1 2.31619
1928 736.244 810.059
1929 1185.43 352.64
1930 283.714 905.98
1931 1050.86 181.242
1932 567.428 212.944
1933 456.058 823.406
1934 502.065 71.2615
1935 557.969 901.616
1936 1227.62 848.653
1937 432.006 236.059
1938 1180.87 581.219
1939 1183.71 882.508
1940 1022.91 1085.92
1941 1248.96 313.883
1942 126.927 194.946
1943 942.18 52.4323
1944 830.857 147.657
1945 591.98 1015.7
1946 278.792 1209.37
1947 7.60483 768.165
1948 954.039 574.541
1949 773.222 716.369
1950 747.011 377.964
1951 1262.79 267.868
1952 376.034 1156.09
1953 626.877 731.685
1954 92.4079 727.95
1955 187.882 1263.53
1956 551.953 960.418
1957 360.558 1244.92
1958 704.777 217.5
1959 0.772064 486.362
1960 863.052 422.946
1961 251.191 48.4084
1962 916.208 750.176
1963 1013.41 419.317
1964 1089.88 180.363
1965 247.06 784.147
1966 883.897 476.479
1967 828.693 1141.97
1968 593.833 284.313
1969 593.264 743.498
1970 815.222 1260.09
1971 1115.61 582.145
1972 664.67 198.922
1973 746.358 417.262
1974 475.628 536.893
1975 625.372 381.563
1976 339.824 1222.34
1977 1222.97 631.133
1978 1210.94 1027.66
1979 365.495 1200.38
1980 136.974 307.87
1981 931.885 431.4
1982 1094.87 105.28
1983 776.881 198.275
1984 791.62 1156.2
1985 1165.91 1065.84
1986 1130.57 515.285
1987 242.119 808.978
1988 1083.7 96.1311
1989 561.522 691.692
1990 824.247 399.784
1991 1087.41 654.71
1992 1052.9 953.624
1993 655.328 618.307
1994 131.946 970.87
1995 1189.94 443.396
1996 182.825 1215.73
1997 5.05702 1149.91
1998 134.841 337.517
1999 441.003 34.3955
2000 768.474 1232.33
2001 40.8036 1011.1
2002 1083.44 278.493
2003 465.593 835.412
2004 61.9967 675.209
2005 1251.93 45.1363
2006 443.085 947.949
2007 1245.38 1076.92
2008 485.896 1004.46
2009 582.205 42.1252
2010 1044.94 206.536
2011 957.282 592.289
2012 162.133 748.178
2013 163.239 98.0521
2014 407.648 1049.54
2015 985.115 1159.02
2016 10.6931 1059.17
2017 3.20407 512.274
2018 1264.72 78.9049
2019 884.708 532.849
2020 43.9223 632.629
2021 707.983 458.461
2022 741.405 156.806
2023 260.919 637.348
2024 460.617 363.111
2025 739.977 298.557
2026 1263.53 1181.65
2027 637.686 126.01
2028 829.776 652.365
2029 700.88 579.28
2030 974.461 604.681
2031 612.247 627.07
2032 712.123 899.184
2033 19.6876 1225.54
2034 0.463238 312.454
2035 214.465 71.3773
2036 1072.01 539.982
2037 189.694 1031.49
2038 1031.93 783.036
2039 606.611 721.426
2040 1028.51 256.759
2041 30.6367 1196.75
2042 110.332 486.564
2043 575.342 873.127
2044 347.451 690.775
2045 934.545 459.04
2046 1180.21 192.948
2047 1221.06 560.566
2048 1214.54 811.757
2049 160.937 459.735
2050 924.817 103.659
2051 249.763 999.668
2052 1161.42 330.289
2053 167.316 321.14
2054 391.977 500.422
2055 1263.87 906.133
2056 86.973 131.444
2057 438.687 276.862
2058 770.713 1009.98
2059 275.387 409.966
2060 1235.92 394.379
2061 3.97613 879.583
2062 385.676 205.687
2063 1255.91 795.882
2064 190.7 150.484
2065 484.147 655.251
2066 652.433 1044.91
2067 917.212 1226.51
2068 1112.66 625.372
2069 564.726 363.188
2070 638.058 673.896
2071 1263.19 372.376
2072 165.029 938.492
2073 301.645 67.71
2074 537.241 1175.31
2075 999.738 893.75
