1 134.301 607.739
2 632.156 299.156
3 432.315 163.474
4 463.666 398.887
5 555.693 158.147
6 445.365 447.258
7 146.036 41.2861
8 175.14 139.598
9 473.444 528.892
10 237.352 222.026
11 488.562 193.643
12 495.83 330.54
13 216.601 406.395
14 309.402 213.755
15 397.45 205.545
16 407.576 110.472
17 566.055 13.5782
18 520.159 37.0398
19 353.393 400.296
20 392.459 615.17
21 312.898 39.0278
22 289.505 595.57
23 555.867 477.176
24 515.628 341.214
25 301.386 381.979
26 79.359 493.918
27 325.116 355.603
28 489.629 104.73
29 272.265 358.064
30 312.725 286.185
31 377.366 488.35
32 58.5804 591.169
33 308.353 411.905
34 159.122 207.705
35 622.435 554.438
36 313.468 377.664
37 237.611 67.4296
38 80.2845 201.885
39 298.781 569.745
40 430.657 246.713
41 234.186 606.9
42 547.202 158.552
43 173.003 448.646
44 15.5571 40.4
45 290.486 477.908
46 466.186 501.957
47 181.319 518.778
48 455.19 271.143
49 213.971 503.8
50 85.6219 12.8935
51 344.418 138.624
52 417.204 382.104
53 606.421 245.275
54 418.707 183.327
55 76.1641 290.595
56 34.6271 333.56
57 212.606 332.839
58 484.721 361.442
59 139.358 292.516
60 432.993 286.108
61 15.1325 602.268
62 543.726 82.8039
63 340.619 557.044
64 108.089 24.8412
65 19.8806 182.226
66 136.681 83.8553
67 556.542 336.176
68 553.363 597.404
69 340.29 73.018
70 510.875 496.601
71 309.675 215.618
72 243.992 90.6108
73 538.113 209.519
74 137.665 364.467
75 542.317 351.366
76 245.39 307.706
77 184.62 101.507
78 306.645 239.88
79 135.594 478.023
80 283.019 185.585
81 218.436 8.46324
82 145.49 253.883
83 201.296 549.941
84 460.346 447.45
85 202.892 231.079
86 254.646 231.002
87 531.682 286.155
88 342.912 381.235
89 209.452 599.652
90 117.836 392.469
91 413.981 477.125
92 409.117 198.131
93 590.086 73.597
94 332.953 248.45
95 237.473 420.524
96 358.083 539.016
97 243.219 202.483
98 319.094 577.88
99 159.783 544.7
100 247.118 128.722
101 127.542 422.666
102 81.1784 379.324
103 50.8668 344.69
104 211.243 120.268
105 284.255 430.203
106 539.039 553.733
107 260.081 407.013
108 387.885 123.916
109 631.366 452.207
110 60.5877 316.894
111 228.664 446.455
112 502.903 106.236
113 612.15 318.37
114 527.957 504.563
115 4.40076 259.172
116 211.897 389.371
117 164.43 340.229
118 126.966 98.4382
119 239.922 90.3701
120 485.725 121.697
121 496.9 240.835
122 141.5 197.947
123 383.909 557.276
124 278.078 104.055
125 363.383 493.319
126 595.176 64.1778
127 535.674 468.44
128 200.679 455.73
129 473.488 71.7247
130 478.12 420.719
131 432.896 346.232
132 157.216 585.167
133 307.632 511.193
134 48.1189 267.945
135 503.898 433.311
136 100.021 619.157
137 3.78311 278.136
138 425.793 417.146
139 107.992 186.282
140 212.819 604.033
141 220.308 500.152
142 417.976 45.8504
143 67.1995 426.739
144 380.766 160.686
145 260.494 262
146 324.846 298.461
147 75.0619 294.214
148 148.351 410.12
149 540.393 574.763
150 425.153 295.565
151 224.616 110.193
152 70.3543 524.503
153 467.272 172.392
154 410.41 136.134
155 304.113 45.0398
156 314.51 529.983
157 254.605 186.26
158 161.97 557.825
159 426.121 306.355
160 459.282 591.526
161 496.514 93.4197
162 136.983 349.426
163 574.385 379.971
164 124.8 86.4905
165 285.278 148.873
166 43.6023 180.858
167 263.949 273.832
168 16.9661 215.001
169 195.605 477.647
170 466.288 324.797
171 58.4066 118.058
172 419.462 121.088
173 546.312 223.734
174 133.046 92.3094
175 159.335 526.22
176 96.1839 567.12
177 434.035 627.292
178 304.741 514.735
179 456 541.689
180 353.335 524.742
181 384.28 63.2798
182 116.261 169.2
183 59.4489 239.735
184 579.087 201.479
185 210.947 25.4202
186 566.155 177.294
187 105.461 302.495
188 43.4591 64.2642
189 106.526 154.762
190 563.394 629.724
191 589.308 271.949
192 608.111 397.15
193 450.664 69.8139
194 346.023 312.416
195 458.539 368.74
196 355.999 27.5452
197 425.277 271.756
198 121.459 202.03
199 392.468 457.351
200 351.328 75.8258
201 15.1325 508.104
202 371.923 36.6436
203 504.081 130.633
204 397.439 273.504
205 203.223 83.7395
206 437.355 612.372
207 585.475 229.505
208 56.8239 385.086
209 183.732 379.855
210 269.064 165.299
211 27.775 556.813
212 256.904 430.947
213 307.185 5.17283
214 70.045 153.006
215 190.46 245.497
216 461.511 239.083
217 75.7395 578.527
218 294.156 334.68
219 397.806 586.565
220 5.42375 12.8549
221 353.34 442.412
222 345.711 474.318
223 360.276 112.837
224 359.203 93.6514
225 203.883 199.115
226 571.289 32.957
227 288.168 254.308
228 424.577 54.3533
229 396.793 450.624
230 232.996 274.353
231 425.256 341.059
232 22.7952 412.542
233 208.198 4.55518
234 158.136 212.221
235 179.293 591.538
236 600.764 563.665
237 13.6848 548.802
238 547.972 459.464
239 586.078 447.459
240 351.694 602.663
241 233.144 24.6499
242 117.102 195.283
243 244.646 616.493
244 535.774 531.027
245 111.312 47.7613
246 587.174 1.10019
247 70.6825 219.343
248 343.26 63.9553
249 466.848 140.072
250 185.855 143.469
251 203.767 154.104
252 385.607 631.77
253 229.629 562.95
254 81.4751 346.367
255 289.775 347.38
256 481.181 466.625
257 425.718 529.752
258 360.728 313.921
259 160.161 65.9922
260 189.87 129.437
261 373.563 294.474
262 481.614 511.868
263 170.746 521.519
264 620.569 10.0754
265 358.1 440.877
266 120.538 267.124
267 595.088 542.095
268 542.124 538.804
269 535.349 426.372
270 106.043 371.498
271 11.7547 467.081
272 434.03 440.619
273 404.735 545.502
274 192.379 187.592
275 367.455 604.14
276 592.517 245.709
277 17.9505 469.203
278 253.237 138.026
279 269.577 538.311
280 266.15 184.976
281 334.327 274.739
282 525.754 230.181
283 434.132 556.851
284 384.256 91.5493
285 470.959 477.715
286 26.5834 598.88
287 156.189 173.164
288 213.07 538.727
289 539.055 326.178
290 132.381 343.781
291 425.793 4.99911
292 516.875 458.326
293 550.145 605.877
294 337.315 332.904
295 274.188 296.443
296 0.752762 238.626
297 584.723 99.3159
298 498.869 23.9165
299 554.323 600.415
300 30.2649 369.249
301 328.957 382.789
302 514.986 199.173
303 140.631 22.9394
304 504.787 44.0463
305 190.835 379.104
306 262.88 520.95
307 142.87 573.219
308 517.931 476.566
309 100.333 530.331
310 69.9683 403.695
311 470.36 490.019
312 24.4551 135.055
313 348.127 360.284
314 620.692 127.738
315 626.077 114.69
316 23.5673 267.703
317 45.0601 589.924
318 321.044 504.486
319 484.528 92.0006
320 220.461 352.756
321 165.997 49.4893
322 267.173 91.5089
323 155.008 441.437
324 251.037 474.848
325 214.576 128.415
326 282.239 591.391
327 53.1667 307.687
328 625.967 99.4225
329 573.933 586.305
330 452.101 63.4444
331 178.019 455.064
332 63.2229 164.324
333 565.095 181.521
334 616.923 184.002
335 494.256 267.076
336 164.334 228.772
337 367.869 240.401
338 377.344 265.416
339 508.539 64.2687
340 186.771 459.706
341 62.6916 44.1712
342 555.114 379.421
343 582.699 388.329
344 39.6262 612.864
345 623.182 574.802
346 355.795 546.573
347 3.08826 478.545
348 451.58 594.605
349 264.76 628.713
350 44.2108 51.9497
351 295.836 72.1006
352 331.774 403
353 87.3011 469.087
354 20.3632 445.123
355 508.636 254.299
356 460.092 202.734
357 493.156 308.951
358 586.73 498.222
359 106.136 53.243
360 226.466 255.766
361 574.47 287.632
362 126.718 143.941
363 421.122 520.573
364 121.944 342.207
365 406.106 211.854
366 614.239 215.801
367 629.738 368.11
368 520.89 26.8099
369 551.08 425.513
370 89.5208 3.04965
371 268.522 334.969
372 252.349 348.973
373 52.2921 117.479
374 116.173 502.584
375 316.044 521.693
376 38.7424 237.303
377 182.758 96.6624
378 343.916 206.431
379 451.542 172.788
380 53.0093 517.63
381 235.962 390.538
382 491.419 245.362
383 114.767 310.649
384 8.53131 423.351
385 605.26 519.29
386 298.982 193.692
387 110.184 538.708
388 137.29 119.698
389 309.501 90.1283
390 623.943 78.5961
391 445.46 592.781
392 176.014 610.22
393 77.7509 96.382
394 196.479 486.748
395 554.54 337.971
396 392.266 330.202
397 306.992 474.472
398 563.279 63.0141
399 591.343 276.119
400 118.493 534.084
401 44.8376 448.82
402 616.182 416.113
403 20.0737 570.189
404 610.578 478.371
405 345.714 36.5085
406 7.04508 178.368
407 397.314 399.436
408 513.094 77.563
409 207.618 535.446
410 187.92 75.5749
411 348.129 595.551
412 489.913 518.634
413 395.324 421.131
414 55.5855 395.19
415 141.172 311.045
416 35.8817 21.6757
417 411.993 179.051
418 104.309 146.596
419 447.087 145.264
420 163.755 551.861
421 513.819 388.792
422 288.748 344.987
423 370.282 422.165
424 526.22 167.972
425 368.525 178.993
426 243.577 182.004
427 428.457 261.054
428 424.408 57.7697
429 344.321 127.429
430 630.608 622.264
431 578.331 232.555
432 630.394 148.584
433 234.789 482.607
434 228.164 108.61
435 295.036 558.009
436 596.246 286.571
437 302.456 257.029
438 91.8482 71.6567
439 73.0677 10.6545
440 619.257 140.13
441 370.858 617.188
442 219.228 324.141
443 309.096 13.8392
444 442.277 498.145
445 222.605 46.8836
446 293.846 0.868572
447 464.309 54.3045
448 330.443 302.36
449 605.182 347.41
450 266.444 100.6
451 507.174 277.769
452 598.176 464.34
453 69.949 513.991
454 540.423 627.33
455 277.229 47.7715
456 162.597 630.419
457 489.276 487.346
458 429.055 297.766
459 170.952 504.003
460 337.373 265.271
461 88.5334 8.46324
462 395.243 160.579
463 519.792 369.954
464 630.458 285.171
465 5.86769 547.19
466 196.353 438.764
467 326.142 555.586
468 118.15 490.231
469 406.608 478.274
470 265.725 456.56
471 184.926 156.883
472 608.397 611.764
473 276.622 417.281
474 526.316 554.245
475 614.187 255.283
476 58.9826 75.1117
477 36.8848 620.392
478 348.934 367.048
479 594.991 41.8845
480 517.746 436.602
481 43.4519 536.536
482 117.326 590.571
483 248.288 466.018
484 368.684 494.912
485 631.134 388.415
486 409.368 417.078
487 552.624 192.137
488 68.4932 395.47
489 212.258 603.214
490 203.767 241.955
491 278.329 128.288
492 570.643 37.0296
