1 757.31 14.8514
2 141.344 77.1769
3 369.132 306.459
4 415.126 193.808
5 658.434 885.01
6 535.395 811.773
7 291.173 59.7816
8 354.419 146.23
9 656.647 792.256
10 612.071 777.598
11 571.897 269.772
12 333.182 33.1402
13 332.309 61.1716
14 420.582 544.46
15 738.73 728.119
16 466.444 445.862
17 699.771 218.891
18 443.761 127.857
19 590.885 183.872
20 863.406 623.511
21 675.481 712.225
22 85.6567 809.071
23 874.593 814.813
24 222.383 544.385
25 499.664 76.4031
26 70.2635 188.629
27 330.835 800.938
28 310.308 184.554
29 382.07 816.414
30 476.491 678.375
31 890.499 207.017
32 758.163 271.945
33 461.13 237.373
34 794.904 691.015
35 856.29 98.3496
36 855.624 764.443
37 171.114 846.822
38 634.4 371.67
39 784.913 592.474
40 187.473 401.342
41 890.893 835.312
42 735.425 258.146
43 616.038 628.258
44 707.118 225.186
45 264.422 25.7701
46 327.968 599.981
47 574.152 456.181
48 658.912 316.806
49 554.94 879.278
50 393.617 431.234
51 668.93 846.522
52 424.38 583.519
53 841.26 138.121
54 353.354 711.786
55 604.592 259.32
56 372.244 640.624
57 277.634 851.981
58 699.693 524.65
59 654.436 352.046
60 12.5018 633.499
61 851.996 352.372
62 84.8987 735.479
63 97.264 577.405
64 870.633 766.87
65 427.248 74.9312
66 820.617 737.925
67 564.384 14.9879
68 360.231 885.665
69 186.572 870.27
70 770.448 715.227
71 507.826 208.412
72 731.985 93.9548
73 663.053 302.776
74 71.79 237.044
75 888.474 300.208
76 49.6525 123.683
77 514.404 483.914
78 722.131 457.627
79 136.319 506.599
80 889.44 750.229
81 30.4084 203.28
82 640.997 699.068
83 569.071 712.659
84 114.864 175.763
85 760.565 316.342
86 232.166 666.339
87 698.925 467.154
88 340.552 467.481
89 285.818 725.6
90 739.286 377.132
91 323.246 347.458
92 429.13 538.4
93 320.407 462.652
94 460.302 510.039
95 431.832 80.5816
96 649.768 430.767
97 222.923 688.695
98 411.223 325.186
99 710.967 827.032
100 663.278 559.589
101 769.885 575.367
102 253.722 787.154
103 266.707 125.1
104 478.646 183.053
105 289.344 1.93806
106 626.866 99.6892
107 573.829 669.694
108 261.014 484.162
109 339.551 148.823
110 490.52 668.264
111 736.325 131.79
112 486.988 116.611
113 498.163 356.823
114 829.747 844.42
115 220.802 640.981
116 696.355 485.306
117 611.034 102.772
118 830.198 254.377
119 488.09 830.799
120 702.944 670.106
121 818.106 245.48
122 885.999 422.308
123 287.796 373.827
124 55.0845 289.81
125 52.9008 16.5711
126 437.755 796.651
127 811.091 391.406
128 473.663 301.93
129 252.957 407.103
130 846.284 564.714
131 343.21 765.562
132 21.4551 369.052
133 686.427 421.323
134 33.4656 277.554
135 83.2273 96.6121
136 349.505 772.25
137 596.502 568.943
138 688.092 123.765
139 442.942 210.539
140 365.06 376.393
141 558.818 638.522
142 763.252 236.718
143 4.42205 619.061
144 242.213 110.114
145 392.088 16.0871
146 796.733 201.151
147 363.372 682.853
148 288.252 714.461
149 587.496 387.229
150 141.369 490.192
151 343.036 721.148
152 352.672 562.339
153 467.238 838.826
154 598.942 755.324
155 465.31 432.815
156 0.682415 720.195
157 355.538 698.765
158 436.691 271.439
159 599.761 373.281
160 321.249 559.771
161 844.938 175.244
162 659.263 575.94
163 463.698 868.634
164 177.073 387.504
165 460.409 467.975
166 851.628 34.9669
167 48.5333 768.073
168 298.28 543.639
169 122.098 138.23
170 754.923 147.92
171 765.123 158.131
172 854.087 511.702
173 324.292 277.881
174 478.87 404.046
175 794.961 284.676
176 322.356 826.923
177 244.878 877.069
178 731.305 628.995
179 416.781 491.393
180 106.654 757.291
181 621.468 640.078
182 585.661 144.538
183 182.037 588.514
184 823.758 835.794
185 712.987 674.173
186 477.445 703.269
187 864.411 674.481
188 800.386 384.882
189 4.31286 842.293
190 272.953 95.9296
191 40.4619 261.831
192 169.839 364.246
193 223.584 597.333
194 66.8577 484.76
195 614.064 346.83
196 93.7722 379.015
197 706.557 603.284
198 173.159 30.5743
199 695.217 210.623
200 633.088 466.091
201 553.781 121.459
202 429.894 776.369
203 70.5617 404.872
204 628.695 172.626
205 168.16 432.624
206 79.0761 447.42
207 567.994 737.256
208 386.818 171.614
209 57.3501 205.571
210 391.842 109.871
211 583.049 751.71
212 421.459 641.088
213 852.296 373.172
214 218.536 765.615
215 299.198 753.906
216 268.987 60.6824
217 782.757 57.4887
218 503.152 143.198
219 381.159 520.384
220 555.857 689.703
221 194.461 150.488
222 639.343 847.015
223 206.28 154.308
224 727.181 887.96
225 269.199 491.912
226 585.566 661.671
227 214.797 2.89344
228 615.429 583.901
229 51.5632 341.291
230 81.6945 539
231 301.955 678.266
232 445.155 17.6609
233 475.788 766.825
234 891.066 787.998
235 354.119 367.332
236 353.558 343.966
237 280.254 418.511
238 376.474 742.961
239 107.849 703.08
240 858.574 869.56
241 656.076 857.361
242 448.319 49.3522
243 427.901 154.608
244 759.454 353.027
245 668.248 400.987
246 788.871 293.547
247 631.374 371.345
248 653.953 239.964
249 80.4934 539.162
250 590.944 203.687
251 165.986 164.171
252 825.434 494.368
253 417.256 611.171
254 613.083 810.056
255 881.923 22.7108
256 824.26 613.848
257 174.234 231.122
258 487.318 349.424
259 730.73 340.5
260 406.35 265.541
261 129.191 564.086
262 337.149 94.9921
263 670.868 51.6745
264 746.568 876.004
265 48.5522 5.48661
266 341.398 37.6693
267 583.433 853.073
268 606.526 797.308
269 690.841 72.3108
270 789.382 430.467
271 831.341 639.015
272 259.175 573.174
273 606.339 181.986
274 624.504 81.7281
275 222.194 74.7653
276 370.908 809.125
277 203.931 613.547
278 246.024 416.275
279 329.386 112.819
280 75.7774 782.295
281 432.267 171.807
282 408.206 205.652
283 576.995 336.467
284 338.341 838.499
285 434.043 573.347
286 102.635 310.625
287 182.595 705.972
288 670.203 387.366
289 827.076 664.319
290 825.012 436.911
291 534.795 551.182
292 209.568 728.002
293 648.897 718.885
294 198.675 645.02
295 591.796 847.206
296 787.792 367.658
297 409.554 254.679
298 891.116 842.345
299 166.524 409.258
300 339.624 224.981
301 6.85144 54.5659
302 113.799 792.174
303 225.142 748.964
304 806.284 176.529
305 708.75 534.715
306 252.768 73.7375
307 708.105 448.867
308 544.048 444.034
309 81.7533 830.772
310 696.582 104.328
311 810.641 547.708
312 185.422 458.31
313 684.279 496.006
314 546.641 157.283
315 492.867 595.559
316 406.656 125.428
317 787.152 112.134
318 316.325 736.025
319 163.043 536.189
320 273.094 425.39
321 436.273 609.589
322 383.03 52.2184
323 755.706 319.152
324 431.924 422.553
325 157.856 748.964
326 419.555 337.55
327 62.5344 864.239
328 207.026 128.241
329 196.653 444.498
330 487.872 438.494
331 512.684 228.527
332 810.413 236.825
333 104.804 782.375
334 683.916 589.998
335 132.487 716.563
336 819.485 574.814
337 132.271 349.615
338 233.004 619.198
339 439.866 137.249
340 149.371 66.9134
341 777.72 485.115
342 98.8955 226.698
343 680.149 124.336
344 175.326 199.575
345 482.112 761.468
346 817.969 856.949
347 740.829 765.917
348 364.384 445.235
349 49.5832 390.098
350 457.846 548.061
351 286.316 174.725
352 135.28 524.258
353 43.3995 571.019
354 604.653 44.9323
355 729.474 526.087
356 543.118 33.0016
357 399.515 99.9895
358 427.519 334.902
359 488.582 410.339
360 270.392 287.899
361 274.931 121.991
362 333.482 630.581
363 333.373 669.376
364 494.207 108.094
365 220.126 743.534
366 642.562 747.472
367 254.062 26.4231
368 70.1522 666.245
369 715.771 775.687
370 454.133 66.8787
371 828.97 547.626
372 530.263 91.5527
373 282.287 679.92
374 353.6 289.209
375 782.339 563.977
376 170.696 572.684
377 556.823 878.816
378 620.529 34.8126
379 758.49 510.885
380 212.796 858.971
381 544.17 316.422
382 72.9911 497.209
383 58.9186 411.441
384 455.395 686.755
385 534.53 174.899
386 90.843 295.004
387 56.9659 703.053
388 167.301 20.3381
389 85.8751 418.841
390 539.225 307.824
391 464.514 239.364
392 519.126 293.848
393 716.29 304.714
394 71.3827 495.624
395 768.004 809.373
396 517.48 676.027
397 574.251 416.464
398 837.35 147.156
399 737.717 82.3538
400 14.9858 588.16
401 545.058 256.861
402 801.755 489.383
403 787.425 714.061
404 604.267 498.572
405 290.692 104.848
406 866.685 582.018
407 334.898 312.521
408 792.311 770.419
409 48.8987 217.844
410 76.4157 460.002
411 213.104 199.309
412 212.456 388.349
413 195.053 778.364
414 785.787 787.29
415 573.05 328.46
416 575.725 239.391
417 455.58 421.461
418 45.1213 800.336
419 258.959 820.428
420 395.009 475.315
421 300.317 538.725
422 95.8131 625.365
423 479 808.388
424 107.357 575.33
425 111.007 390.562
426 669.205 324.092
427 85.7302 58.6877
428 474.769 222.578
429 624.924 708.976
430 255.996 438.438
431 572.418 479.494
432 261.056 214.417
433 791.765 460.794
434 300.376 343.147
435 689.621 766.679
436 297.241 801.755
437 544.636 25.3953
438 132.288 646.056
439 793.707 75.8593
440 608.004 51.7543
441 208.901 50.3643
442 628.424 733.605
443 650.368 818.408
444 668.439 728.682
445 42.5008 506.024
446 626.375 682.988
447 88.6047 262.275
448 110.835 885.501
449 91.8803 472.504
450 478.761 369.268
451 173.197 256.479
452 540.71 383.899
453 270.331 695.162
454 484.487 860.907
455 732.422 469.829
456 355.817 198.694
457 688.857 625.312
458 666.931 140.58
459 621.134 333.564
460 173.298 524.424
461 342.818 424.134
462 449.739 856.132
463 661.888 268.491
464 193.915 510.81
465 151.141 598.505
466 745.707 290.629
467 168.978 167.383
468 637.157 860.197
469 499.809 885.119
470 692.514 646.738
471 258.171 624.983
472 492.103 540.556
473 489.123 390.534
474 733.52 18.0157
475 140.659 359.096
476 862.11 128.267
477 349.833 874.883
478 615.118 528.762
479 818.715 523.821
480 329.125 215.543
481 609.337 365.258
482 87.6976 38.4882
483 319.534 739.74
484 310.681 592.827
485 62.2362 421.241
486 802.589 789.09
487 552.993 609.342
488 171.502 659.542
489 453.26 286.562
490 189.384 780.3
491 800.636 391.299
492 186.49 562.885
493 313.501 93.8205
494 716.96 29.726
495 700.758 79.7081
496 558.007 647.939
497 608.477 514.704
498 549.682 520.437
499 332.061 397.557
500 414.305 805.169
501 104.955 107.012
502 382.012 574.129
503 376.699 620.297
504 350.625 160.451
505 368.613 845.403
506 527.16 628.779
507 282.847 72.9806
508 751.721 352.21
509 504.023 610.106
510 3.49396 807.872
511 97.9632 520.901
512 305.631 845.405
513 84.5921 534.686
514 40.2898 228.745
515 303.84 583
516 78.9963 128.649
517 829.843 5.04987
518 389.701 293.547
519 793.959 867.324
520 213.188 210.238
521 628.899 229.182
522 787.131 683.889
523 778.203 732.124
524 831.099 225.361
525 271.273 220.092
526 126.117 726.69
527 181.323 846.224
528 301.428 887.25
529 627.63 90.5722
530 372.598 9.25564
531 702.329 333.293
532 444.143 629.487
533 821.342 225.688
534 269.476 224.851
535 52.6635 553.466
536 862.419 66.7968
537 666.364 541.319
538 573.911 116.747
539 238.488 178.085
540 170.18 768.647
541 144.781 545.033
542 700.689 201.178
543 216.817 843.028
544 281.155 480.047
545 703.679 146.039
546 533.102 822.037
547 291.364 785.459
548 364.008 299.699
549 331.908 240.703
550 327.695 827.716
551 741.344 343.336
552 506.44 712.632
553 284.655 352.808
554 3.87612 77.8247
555 828.888 333.209
556 315.849 710.423
557 817.295 221.377
558 81.2304 598.478
559 768.699 21.7848
560 722.268 159.712
561 648.621 52.9554
562 106.226 598.316
563 767.252 455.952
564 279.924 105.774
565 874.696 411.744
566 95.6325 671.305
567 443.735 871.826
568 179.517 108.042
569 761.274 212.697
570 396.783 784.886
571 198.213 243.215
572 79.1748 322.109
573 460.521 98.5155
574 462.849 591.845
575 827.017 420.069
576 62.6814 654.272
577 519.681 824.687
578 275.75 328.271
579 670.919 124.611
580 88.4409 153.327
581 706.381 192.031
582 135.994 736.052
583 230.91 239.227
584 222.576 526.551
585 831.399 679.931
586 616.493 285.033
587 556.059 781.858
588 346.694 89.0163
589 581.755 55.0593
590 160.848 48.0987
591 44.3024 162.988
592 189.575 428.531
593 113.226 326.169
594 415.454 883.29
595 231.229 242.641
596 837.596 597.249
597 125.728 821.2
598 95.7165 36.0882
599 459.872 451.952
600 133.352 510.937
601 578.933 598.805
602 58.2635 108.724
603 237.991 327.834
604 465.762 232.185
605 677.856 692.05
606 60.4199 680.804
607 22.1102 154.583
608 824.405 189.304
609 167.593 329.06
610 443.92 516.344
611 380.38 526.769
612 282.028 481.566
613 777.375 743.042
614 889.625 184.716
615 236.548 247.334
616 177.352 1.6378
617 375.937 255.223
618 208.027 452.223
619 255.387 892.955
620 65.2661 216.626
621 3.13911 832.548
622 720.821 682.799
623 764.932 430.333
624 410.914 111.397
625 401.086 385.837
626 517.134 100.042
627 712.987 747.735
628 633.062 411.168
629 390.614 228.556
630 650.123 466.528
631 276.105 163.561
632 667.347 679.25
633 139.704 553.713
634 72.0714 812.401
635 419.654 360.806
636 317.991 659.46
637 493.604 794.496
638 102.583 332.393
639 645.646 809.592
640 821.163 274.613
641 61.0919 303.374
642 529.065 370.142
643 43.0173 763.952
644 277.634 443.353
645 422.06 352.783
646 609.178 617.587
647 18.3706 351.2
648 800.39 67.8593
649 387.525 400.086
650 510.801 3.90341
651 518.171 147.21
652 501.241 492.678
653 598.547 578.305
654 591.649 431.75
655 553.823 226.809
656 268.244 768.808
657 696.724 357.421
658 56.3674 618.843
659 217.008 861.1
660 164.699 865.331
661 632.981 430.196
662 349.835 697.137
663 585.184 474.171
664 624.857 321.529
665 870.158 816.85
666 208.229 628.206
667 361.529 631.097
668 608.034 618.625
669 235.351 497.783
670 792.611 94.0115
671 189.308 86.2593
672 502.853 304.712
673 510.219 44.9323
674 613.545 276.926
675 416.084 205.553
676 286.425 525.305
677 109.923 636.695
678 770.578 594.956
679 625.268 219.219
680 51.0194 228.611
681 438.11 202.27
682 745.197 401.041
683 587.341 870.388
684 214.587 841.663
685 514.345 252.384
686 23.9118 114.891
687 130.778 426.948
688 694.543 837.25
689 632.735 73.7554
690 26.8598 844.966
691 415.425 282.82
692 13.0478 459.131
693 252.178 657.741
694 44.4388 799.737
695 425.936 226.891
696 373.445 357.915
697 237.34 715.282
698 549.052 762.121
699 308.861 246.734
700 821.573 651.006
701 307.561 461.094
702 193.344 831.074
703 116.283 186.135
704 418.429 502.969
705 84.6467 507.282
706 624.571 65.0205
707 376.993 658.423
708 458.637 600.525
709 683.07 513.806
710 27.622 429.048
711 592.939 830.28
712 748.567 843.357
713 3.1937 80.6341
714 89.1506 876.086
715 861.9 694.179
716 157.23 783.005
717 528.489 560.456
718 591.681 421.107
719 656.756 240.729
720 166.631 108.613
721 113.117 370.879
722 684.353 607.54
723 600.061 153.434
724 12.3654 131.433
725 598.696 260.901
726 837.459 879.769
727 115.246 685.718
728 738.154 825.267
729 378.627 582.154
730 792.527 4.03989
731 20.8819 722.431
732 390.452 325.976
733 395.8 138.394
734 584.72 85.684
735 440.565 748.609
736 399.479 17.0877
737 229.319 683.506
738 590.738 193.917
739 522.954 885.094
740 164.372 337.249
741 746.116 449.823
742 321.718 865.495
743 582.45 373.827
744 331.49 789.392
745 788.98 342.329
746 122.289 891.072
747 259.727 533.514
748 804.021 308.615
749 162.591 379.723
750 15.1496 398.203
751 278.343 286.234
752 533.266 619.387
753 262.444 14.7675
754 755.681 320.789
755 273.411 300.754
756 619.578 515.305
757 551.557 520.193
758 693.06 886.022
759 619.794 689.104
760 364.479 301.818
761 187.158 405.52
762 300.317 26.5596
763 518.089 265.543
764 662.501 40.126
765 307.481 818.242
766 558.051 305.012
767 865.004 160.913
768 36.3591 650.944
769 528.561 840.08
770 776.724 597.795
771 331.217 873.766
772 483.674 366.513
773 103.719 49.6525
774 109.02 361.379
775 832.155 890.662
776 371.206 383.519
777 34.4903 287.815
778 724.546 386.602
779 660.267 23.1496
780 582.891 285.852
781 87.9916 878.87
782 483.532 720.903
783 442.572 56.2037
784 800.363 816.168
785 882.486 515.196
786 288.336 245.997
787 520.109 123.189
788 27.7333 885.039
789 860.252 281.564
790 681.621 618.895
791 195.773 49.052
792 429.501 545.904
793 324.258 667.622
794 245.86 711.761
795 559.866 345.713
796 736.294 756.388
797 702.832 810.11
798 260.6 640.351
799 802.137 350.463
800 808.724 805.331
801 356.384 236.115
802 391.815 77.7134
803 123.28 466.337
804 170.207 125.128
805 548.388 86.9417
806 811.359 275.668
807 629.814 285.795
808 850.744 555.761
809 892.443 777.052
810 806.94 732.231
811 337.358 315.603
812 758.79 723.443
813 805.795 370.799
814 179.822 281.539
815 779.303 48.7811
816 620.806 636.804
817 24.021 378.415
818 886.492 35.2126
819 369.795 104.573
820 227.273 288.388
821 776.279 851.108
822 179.467 506.761
823 317.432 669.558
824 624.764 2.53858
825 18.8619 475.507
826 206.316 35.0215
827 419.137 588.953
828 185.235 492.678
829 518.927 334.003
830 585.073 657.848
831 421.199 630.824
832 702.969 812.565
833 413.682 571.265
834 540.277 795.477
835 652.962 210.677
836 110.387 783.248
837 163.916 264.504
838 16.1323 237.917
839 628.504 707.093
840 758.541 318.662
841 557.86 111.782
842 578.721 218.429
843 754.595 775.225
844 860.743 360.424
845 417.365 36.9071
846 643.353 449.984
847 679.021 613.002
848 400.523 99.0887
849 593.562 339.597
850 729.774 62.7276
851 463.523 818.461
852 149.505 758.574
853 258.961 535.504
854 739.929 606.612
855 214.952 410.377
856 707.418 495.024
857 299.763 506.051
858 841.881 528.244
859 720.781 270.618
860 114.828 687.357
861 187.091 470.459
862 542.765 174.755
863 347.994 160.322
864 389.222 527.099
865 256.29 344.701
866 755.479 657.274
867 540.25 369.27
868 679.364 513.232
869 879.83 14.3307
870 713.459 778.744
871 413.571 670.295
872 441.589 325.785
873 853.81 501.302
874 878.209 607.267
875 232.976 734.142
876 68.2961 866.157
877 783.548 769.111
878 308.424 415.129
879 410.112 184.989
880 104.655 617.895
881 333.073 57.3522
882 4.61312 764.332
883 445.93 406.173
884 660.304 234.917
885 69.6147 92.2898
886 876.796 580.355
887 391.473 780.766
888 274.986 873.738
889 514.295 67.1223
890 775.303 693.606
891 840.298 624.3
892 77.3879 26.6236
893 188.993 69.6063
894 222.933 434.48
895 217.088 275.859
896 670.57 881.054
897 672.852 640.705
898 890.039 51.347
899 437.728 429.541
900 537.797 568.836
901 620.498 752.514
902 43.7648 527.29
903 241.403 178.547
904 520.777 493.167
905 610.188 797.799
906 748.241 39.6913
907 883.752 725.655
908 430.74 547.981
909 87.2693 250.91
910 307.25 848.926
911 590.862 198.994
912 597.304 484.134
913 84.8798 139.895
914 891.542 660.388
915 90.4882 170.196
916 338.833 233.006
917 729.256 202.732
918 41.0541 438.849
919 253.31 584.065
920 136.21 202.213
921 719.273 681.487
922 316.586 444.472
923 159.685 814.068
924 404.89 815.569
925 891.695 457.3
926 83.5275 544.43
927 850.889 289.699
928 854.965 274.877
929 681.568 251.292
930 889.675 695.653
931 620.624 237.699
932 220.529 226.125
933 103.456 112.109
934 3.00262 623.399
935 495.954 10.0472
936 748.663 826.377
937 565.424 248.672
938 194.761 128.84
939 556.113 15.0404
940 296.441 520.6
941 480.903 743.204
942 862.299 562.612
943 94.9102 822.446
944 185.508 523.387
945 349.831 563.511
946 90.5449 291.528
947 851.708 114.946
948 771.437 384.611
949 532.021 478.273
