1 22.6601 265.966
2 81.4335 487.578
3 458.239 332.875
4 179.277 120.644
5 442.358 268.582
6 335.52 208.206
7 224.632 567.476
8 197.491 426.729
9 263.602 472.522
10 177.514 43.6501
11 623.613 397.787
12 275.627 236.659
13 506.741 462.486
14 5.11492 389.39
15 211.808 308.652
16 161.701 459.648
17 421.041 558.744
18 224.197 378.968
19 554.323 540.705
20 175.066 486.043
21 170.848 1.1581
22 127.344 276.129
23 327.436 184.571
24 117.286 504.109
25 404.793 265.186
26 514.503 264.992
27 123.717 93.883
28 592.328 204.027
29 44.6832 407.013
30 68.2698 241.83
31 495.005 429.894
32 20.3825 314.52
33 545.502 198.671
34 263.69 518.45
35 340.982 307.359
36 614.194 47.9066
37 201.933 528.459
38 208.65 142.948
39 330.164 493.91
40 271.342 20.3825
41 624.609 409.387
42 17.7189 325.232
43 518.218 66.9186
44 139.098 537.436
45 371.694 576.713
46 334.728 102.327
47 114.555 260.61
48 153.39 497.72
49 245.264 219.364
50 10.6545 371.343
51 550.979 497.604
52 353.47 516.771
53 271.438 261.99
54 161.632 389.97
55 495.202 96.9418
56 575.937 403.509
57 130.151 546.244
58 158.681 612.7
59 502.099 315.402
60 251.279 35.2658
61 473.488 622.621
62 86.2461 533.033
63 180.005 327.355
64 336.173 4.51657
65 571.443 490.849
66 460.498 288.308
67 429.808 517.341
68 546.699 16.7345
69 179.003 586.565
70 122.855 395.934
71 518.19 470.621
72 473.471 28.3927
73 352.507 571.8
74 339.206 164.353
75 271.265 20.5267
76 557.855 224.66
77 464.362 98.3224
78 448.125 548.397
79 351.706 138.209
80 297.997 252.609
81 561.348 566.695
82 272.288 73.3461
83 591.054 92.8793
84 518.287 451.184
85 428.176 364.52
86 128.028 160.116
87 454.756 595.919
88 514.264 35.389
89 140.646 447.818
90 108.842 596.981
91 287.032 379.759
92 439.382 448.327
93 398.285 455.248
94 490.357 146.528
95 144.279 81.6651
96 532.277 342.651
97 486.836 579.578
98 105.464 130.314
99 301.734 440.954
100 453.954 535.378
101 25.0342 174.264
102 321.642 393.598
103 110.324 296.771
104 120.099 36.287
105 112.044 189.918
106 178.289 75.3626
107 278.31 314.577
108 257.532 441.37
109 364.742 418.41
110 57.2201 620.382
111 18.626 577.716
112 410.97 464.57
113 33.7006 360.284
114 427.588 36.7309
115 628.84 603.117
116 167.383 378.687
117 603.961 591.247
118 405.547 541.149
119 421.384 488.757
120 549.324 163.021
121 195.081 172.267
122 588.87 560.817
123 349.957 598.465
124 567.354 10.239
125 108.503 546.988
126 498.309 115.356
127 59.5261 461.561
128 149.279 98.747
129 556.214 373.9
130 15.4992 111.032
131 506.377 574.705
132 624.089 430.223
133 428.476 398.896
134 2.58641 64.6309
135 422.411 147.324
136 80.3992 596.651
137 198.36 200.138
138 511.898 228.029
139 164.932 238.731
140 130.489 477.543
141 94.6743 430.995
142 185.845 252.706
143 545.528 564.547
144 207.04 288.472
145 97.7219 85.3903
146 584.675 246.964
147 110.035 479.066
148 519.039 77.1678
149 53.7265 17.8733
150 434.826 147.677
151 62.335 237.178
152 245.671 428.35
153 424.685 25.5645
154 214.827 346.927
155 112.741 193.634
156 308.941 112.653
157 65.2973 30.8531
158 251.931 132.814
159 459.309 295.903
160 151.653 58.4452
161 411.54 430.937
162 395.683 348.782
163 463.798 196.664
164 175.113 302.388
165 496.669 355.806
166 89.6732 80.96
167 325.28 31.2107
168 33.5655 126.908
169 168.329 192.128
170 299.715 116.176
171 433.36 55.9957
172 283.441 339.621
173 388.126 187.959
174 269.605 463.354
175 355.728 506.032
176 196.941 46.8257
177 463.219 614.398
178 377.308 337.305
179 461.482 453.066
180 31.423 428.418
181 334.533 166.476
182 86.9059 233.172
183 66.9156 255.64
184 613.673 286.648
185 337.45 621.319
186 185.641 141.481
187 332.12 51.7953
188 276.68 169.149
189 415.274 316.546
190 553.014 383.581
191 284.527 595.589
192 423.904 179.119
193 599.29 513.953
194 246.134 572.91
195 510.682 316.517
196 256.135 614.43
197 586.148 331.505
198 375.177 443.223
199 334.231 70.2477
200 479.011 146.54
201 628.842 177.596
202 118.859 416.789
203 409.696 381.477
204 283.811 207.579
205 298.336 121.447
206 92.7635 20.2179
207 423.79 65.4517
208 378.488 264.788
209 532.917 327.963
210 461.183 228.241
211 597.533 130.905
212 73.0982 509.176
213 334.211 284.737
214 129.456 162.616
215 401.55 573.759
216 613.203 614.93
217 183.581 173.946
218 35.9975 352.235
219 349.031 317.338
220 60.0087 44.3165
221 340.712 307.264
222 261.578 89.2018
223 261.556 397.594
224 489.276 194.241
225 265.436 612.034
226 168.348 349.233
227 294.076 279.805
228 474.539 495.916
229 178.231 570.815
230 296.511 374.49
231 505.49 418.227
232 95.7745 630.245
233 429.075 220.704
234 291.361 581.075
235 458.976 4.13054
236 166.65 471.798
237 98.5178 566.156
238 450.229 368.931
239 541.005 530.448
240 299.078 153.853
241 486.786 512.728
242 193.904 498.155
243 408.451 127.651
244 280.362 56.3817
245 213.891 460.7
246 182.519 219.478
247 49.3318 154.548
248 84.0503 153.718
249 49.9444 473.603
250 602.11 286.155
251 57.6732 389.882
252 221.891 222.046
253 547.307 345.75
254 437.963 612.266
255 324.258 370.368
256 454.389 462.939
257 225.192 246.838
258 28.2575 216.178
259 309.405 282.778
260 510.679 488.533
261 504.126 536.044
262 322.565 302.234
263 266.385 432.124
264 92.03 216.805
265 432.624 47.3275
266 48.0528 65.8571
267 7.66274 201.682
268 283.978 2.432
269 194.251 290.045
270 311.489 549.757
271 212.99 439.304
272 182.539 408.585
273 77.6117 526.711
274 5.23073 184.253
275 425.518 160.572
276 417.899 124.2
277 526.22 245.873
278 198.86 525.982
279 357.871 473.342
280 212.047 359.299
281 368.735 607.981
282 106.954 398.819
283 105.387 512.447
284 142.032 456.743
285 617.186 32.0407
286 511.079 287.449
287 617.944 107.742
288 481.98 416.074
289 357.446 246.471
290 143.449 319.489
291 98.9207 573.769
292 490.117 251.212
293 457.95 479.229
294 238.51 621.685
295 536.102 73.5988
296 43.0141 286.522
297 393.91 50.1842
298 562.005 269.084
299 498.541 453.819
300 606.48 156.555
301 24.8219 112.606
302 362.793 29.9947
303 252.263 263.746
304 567.033 549.487
305 534.674 150.214
306 252.774 93.0337
307 252.812 549.459
308 584.785 302.263
309 424.787 81.4721
310 551.215 360.305
311 459.629 183.22
312 542.006 438.522
313 401.724 446.446
314 382.716 66.4066
315 184.658 614.891
316 448.96 484.016
317 586.788 186.839
318 296.781 141.017
319 288.713 522.774
320 157.019 553.705
321 623.7 377.848
322 347.641 352.553
323 44.8284 472.01
324 492.233 26.3172
325 249.612 527.966
326 568.358 472.812
327 96.122 363.933
328 429.394 521.549
329 47.3377 416.818
330 505.294 602.031
331 139.242 613.752
332 475.977 85.7082
333 426.141 94.927
334 152.127 375.348
335 67.7486 131.888
336 11.3686 142.523
337 305.95 414.791
338 73.8316 268.157
339 304.423 416.673
340 254.175 547.634
341 180.798 279.836
342 321.738 334.101
343 269.679 419.51
344 462.968 13.6747
345 128.877 97.8876
346 307.031 17.7575
347 246.176 307.426
348 185.99 319.094
349 198.128 122.083
350 431.584 200.524
351 414.011 377.857
352 581.19 223.379
353 53.6391 110.251
354 484.335 155.097
355 572.736 312.145
356 303.112 61.9287
357 37.2114 412.755
358 292.242 153.978
359 212.662 597.374
360 455.248 276.659
361 600.145 575.439
362 392.193 10.5092
363 433.888 434.865
364 28.6436 622.091
365 192.688 180.605
366 500.382 570.835
367 340.394 335.558
368 374.314 597.876
369 544.595 36.1803
370 518.827 300.508
371 623.104 349.986
372 516.762 98.6505
373 243.751 428.987
374 333.821 374.209
375 83.9071 449.845
376 217.915 122.932
377 460.895 504.988
378 226.524 487.404
379 336.631 590.185
380 616.845 133.451
381 581.075 536.739
382 81.7128 577.127
383 9.47709 497.576
384 328.494 80.1687
385 256.328 402.052
386 326.004 81.5686
387 43.5159 224.806
388 539.653 566.309
389 453.482 610.943
390 169.642 98.5438
391 606.705 481.217
392 437.683 352.138
393 477.29 388.319
394 129.644 302.939
395 275.646 505.798
396 414.241 224.796
397 345.846 285.355
398 575.11 440.414
399 320.252 531.517
400 254.638 386.697
401 267.829 262.116
402 528.578 325.859
403 206.602 352.611
404 314.669 219.326
405 514.644 248.585
406 249.628 292.892
407 249.184 56.959
408 592.328 372.53
409 260.327 46.2677
410 487.829 58.1171
411 314.936 496.881
412 226.968 194.155
413 273.817 378.147
414 412.42 246.945
415 394.621 197.175
416 280.143 303.518
417 1.94946 350.893
418 355.063 483.804
419 543.861 256.885
420 191.083 23.8375
421 345.805 414.723
422 560.847 374.239
423 380.512 105.889
424 6.65905 174.313
425 578.461 86.9923
426 483.293 334.158
427 232.372 111.36
428 411.394 628.778
429 129.788 558.474
430 192.649 339.273
431 112.084 71.2615
432 127.44 93.8149
433 248.159 464.898
434 117.943 217.066
435 571.559 3.84102
436 570.343 491.921
437 252.06 131.714
438 266.932 395.846
439 336.639 38.0821
440 426.28 305.322
441 478.641 110.028
442 368.193 563.331
443 61.5822 40.3881
444 467.118 624.04
445 97.6752 596.158
446 500.471 374.132
447 52.5948 455.865
448 218.977 315.899
449 473.166 409.879
450 303.863 81.723
451 484.567 400.517
452 458.88 64.9204
453 626.143 309.04
454 9.53499 44.22
455 178.115 430.213
456 47.8101 276.573
457 516.8 207.849
458 445.558 360.554
459 468.817 233.964
460 251.691 457.94
461 169.524 291.637
462 197.706 245.902
463 552.596 374.548
464 351.579 198.71
465 58.9308 333.319
466 39.4443 379.778
467 191.811 183.442
468 124.526 180.749
469 422.782 545.232
470 624.783 624.04
471 41.2262 495.057
472 514.503 280.008
473 27.9873 524.289
474 594.663 156.159
475 126.966 583.574
476 67.71 256.576
477 141.844 231.716
478 613.32 322.26
479 292.535 629.396
480 388.437 19.2721
481 585.765 245.294
482 266.343 537.357
483 44.0696 296.337
484 319.577 504.544
485 214.267 568.239
486 9.36128 75.2569
487 249.33 170.249
488 570.747 394.611
489 50.5702 418.034
490 509.813 591.121
491 624.025 389.545
492 477.271 505.788
493 471.574 128.085
494 173.892 310.765
495 5.15353 553.077
496 304.83 599.257
497 209.491 221.621
498 221.008 412.051
499 598.548 579.511
500 352.703 490.859
501 272.268 323.418
502 4.03403 427.955
503 397.399 576.297
504 629.114 454.282
505 596.555 254.153
506 169.736 489.17
507 21.7387 140.892
508 504.883 581.113
509 176.659 435.434
510 20.8686 485.765
511 361.626 431.014
