1 310.127 52.1725
2 276.418 36.3812
3 348.864 693.428
4 288.972 133.303
5 557.586 44.986
6 494.57 171.992
7 595.823 64.9614
8 545.021 763.297
9 401.496 608.019
10 520.104 102.062
11 59.7607 556.829
12 283.895 385.395
13 411.283 248.263
14 197.285 21.3091
15 439.504 60.1488
16 677.367 376.46
17 171.859 477.458
18 148.846 470.72
19 479.292 294.558
20 186.111 254.078
21 25.7198 498.166
22 407.498 513.12
23 50.6832 458.924
24 504.349 155.132
25 139.639 637.156
26 32.5044 673.264
27 706.538 561.273
28 15.2948 74.2759
29 227.477 703.702
30 448.726 739.894
31 418.207 625.914
32 454.789 639.189
33 688.721 353.435
34 6.24084 236.027
35 604.061 157.014
36 276.417 506.619
37 434.634 427.048
38 65.3397 140.263
39 369.699 743.085
40 480.325 691.267
41 690.026 110.089
42 174.342 489.362
43 424.947 391.102
44 313.982 314.5
45 417.55 115.394
46 692.772 81.5564
47 634.443 531.819
48 525.475 476.739
49 519.169 575.103
50 570.635 475.614
51 184.979 272.243
52 210.238 608.633
53 303.461 349.237
54 90.8704 38.627
55 330.977 151.279
56 79.3408 469.893
57 442.532 649.993
58 684.388 519.82
59 1.70205 749.917
60 562.526 220.25
61 326.698 316.803
62 581.61 430.854
63 504.707 419.696
64 587.844 252.187
65 91.3432 421.361
66 505.789 469.775
67 176.434 52.3379
68 721.98 213.347
69 651.776 482.8
70 130.467 398.633
71 247.82 256.002
72 352.347 586.081
73 553.568 498.733
74 164.058 194.79
75 697.998 423.299
76 613.399 43.8513
77 440.83 278.153
78 618.517 492.53
79 422.439 472.176
80 276.825 75.3963
81 50.9196 53.8745
82 664.532 223.843
83 171.836 172.252
84 301.688 654.059
85 579.213 421.763
86 663.656 284.37
87 721.278 267.42
88 255.381 333.034
89 290.045 235.554
90 113.391 526.32
91 79.2886 379.911
92 767.115 493.239
93 702.546 577.547
94 410.642 616.803
95 302.964 587.679
96 158.598 216.065
97 332.585 471.325
98 350.558 456.338
99 502.423 486.076
100 215.569 637.984
101 564.93 256.002
102 425.204 150.702
103 18.557 57.4775
104 739.768 536.651
105 424.074 18.9357
106 272.824 765.118
107 644.532 298.932
108 306.227 643.894
109 522.21 138.065
110 233.582 200.322
111 763.314 415.867
112 736.529 761.382
113 208.501 85.5377
114 108.411 700.865
115 519.077 623.101
116 467.007 557.917
117 273.244 729.918
118 201.964 444.173
119 693.56 202.813
120 107.346 424.897
121 331.03 354.995
122 642.877 729.928
123 663.365 61.6755
124 456.623 414.34
125 763.158 312.595
126 503.759 708.865
127 220.155 470.876
128 613.611 323.129
129 317.339 90.6817
130 636.525 719.115
131 262.566 327.37
132 425.37 289.655
133 100.778 96.402
134 531.393 644.106
135 322.703 568.966
136 536.043 91.944
137 562.243 204.657
138 635.67 6.31176
139 362.279 714.104
140 339.606 292.705
141 766.703 264.834
142 679.823 567.571
143 553.734 313.65
144 584.015 123.257
145 73.1997 441.005
146 407.144 728.807
147 385.706 415.513
148 38.1542 403.749
149 436.244 127.276
150 662.9 662.356
151 507.872 177.07
152 439.504 765.032
153 103.872 113.338
154 647.511 171.42
155 590.844 699.598
156 388.078 187.779
157 373.694 8.28367
158 43.9223 540.778
159 317.644 443.643
160 722.968 132.641
161 107.513 508.723
162 232.512 86.7098
163 78.7685 516.713
164 167.516 150.05
165 696.894 642.759
166 553.803 509.182
167 85.7484 588.506
168 270.367 378.479
169 261.737 272.432
170 491.094 365.94
171 643.279 772.597
172 183.372 286.086
173 143.489 129.224
174 338.164 540.953
175 372.89 201.537
176 697.6 529.228
177 157.385 586.095
178 554.746 560.22
179 353.446 248.877
180 578.625 173.16
181 439.837 113.787
182 391.222 279.122
183 119.425 752.541
184 497.234 1.58385
185 351.023 216.926
186 264.562 567.302
187 507.122 20.5428
188 632.996 432.779
189 389.95 338.008
190 761.121 438.287
191 472.189 399.447
192 489.673 265.505
193 139.781 664.366
194 302.518 695.168
195 749.413 511.333
196 632.334 453.667
197 394.925 72.4315
198 125.031 445.227
199 56.3106 362.309
200 593.14 263.652
201 423.15 488.747
202 674.365 48.8634
203 495.992 19.607
204 113.021 360.135
205 766.575 167.392
206 433.268 627.299
207 586.003 347.747
208 157.651 482.895
209 77.3958 190.204
210 376.841 510.236
211 529.809 442.579
212 333.202 525.46
213 190.275 400.95
214 585.339 313.423
215 110.018 631.427
216 670.89 405.57
217 741.149 610.704
218 61.8383 326.968
219 651.331 520.235
220 222.968 145.312
221 475.416 549.913
222 701.751 470.271
223 213.914 217.234
224 711.243 78.9186
225 725.901 547.657
226 476.897 43.5302
227 265.758 12.6944
228 82.1171 698.596
229 405.344 741.393
230 535.152 574.616
231 577.292 401.267
232 679.615 345.374
233 259.566 418.43
234 426.386 341.757
235 503.491 441.62
236 144.721 313.499
237 32.9299 161.222
238 641.364 747.151
239 45.0306 282.185
240 219.719 188.535
241 124.131 223.961
242 264.42 725.294
243 550.52 167.661
244 227.36 533.152
245 56.664 581.779
246 319.748 397.097
247 353.222 702.766
248 534.064 28.4718
249 766.739 19.0869
250 746.119 600.042
251 277.977 217.423
252 0.661907 23.3559
253 554.463 612.416
254 178.124 383.987
255 208.598 688.62
256 479.906 40.4571
257 532.811 626.826
258 68.8147 308.009
259 544.234 208.524
260 696.834 633.469
261 695.663 700.638
262 346.754 332.963
263 426.552 72.7152
264 99.4842 265.411
265 344.854 261.311
266 266.867 100.88
267 644.39 52.2197
268 85.0944 536.344
269 504.728 666.186
270 634.25 414.117
271 72.0178 656.328
272 430.24 707.815
273 657.888 28.4856
274 320.932 618.396
275 360.314 97.0403
276 402.439 219.162
277 635.823 380.762
278 389.721 504.326
279 72.7506 732.684
280 448.938 674.767
281 405.82 87.9391
282 293.265 646.22
283 75.0555 731.323
284 147.091 82.5256
285 495.296 112.051
286 545.107 363.231
287 564.544 743.369
288 86.2764 230.58
289 63.8504 339.431
290 231.108 421.375
291 603.565 201.598
292 663.869 711.584
293 621.684 579.594
294 281.522 106.969
295 231.255 756.087
296 232.625 671.964
297 281.544 583.14
298 329.258 234.481
299 203.489 552.419
300 401.766 142.462
301 73.0014 17.7065
302 229.493 274.384
303 606.354 229.705
304 164.661 1.27653
305 649.449 489.126
306 733.369 57.5721
307 178.732 573.032
308 581.949 596.142
309 698.927 697.754
310 405.773 457.401
311 262.47 486.299
312 735.087 741.606
313 537.21 727.649
314 50.9445 721.914
315 366.271 361.212
316 772.703 270.058
317 610.94 73.188
318 423.022 71.354
319 509.837 317.006
320 567.349 771.51
321 602.333 63.1983
322 285.944 723.9
323 137.26 617.853
324 513.994 467.293
325 421.848 249.067
326 181.936 299.405
327 345.802 374.214
328 458.489 639.057
329 41.9365 211.716
330 399.093 41.4874
331 172.592 590.728
332 702.782 119.167
333 99.9951 109.167
334 543.118 286.072
335 166.027 74.1671
336 343.791 743.237
337 195.688 504.373
338 401.264 416.316
339 37.7996 37.6203
340 500.307 413.598
341 689.069 152.617
342 450.499 59.9361
343 426.528 339.228
344 43.0213 606.472
345 180.346 389.083
346 651.978 243.393
347 519.881 373.325
348 769.303 353.127
349 701.716 273.249
350 290.932 197.234
351 307.531 119.663
352 371.803 374.119
353 634.502 132.24
354 511.746 351.672
355 286.204 675.051
356 618.781 122.368
357 4.9643 370.266
358 284.406 609.096
359 65.8125 764.763
360 288.995 441.492
361 336.828 526.476
362 410.855 584.818
363 571.178 559.038
364 681.788 470.9
365 147.811 374.758
366 719.946 99.948
367 170.607 617.039
368 690.121 382.913
369 125.999 235.142
370 99.1915 700.544
371 294.307 740.768
372 96.8275 373.254
373 583.447 598.577
374 453.574 24.8215
375 200.914 143.809
376 468.255 179.211
377 418.928 527.398
378 773.989 141.577
379 493.854 200.345
380 81.2464 635.015
381 299.638 181.892
382 145.176 395.395
383 96.4598 279.571
384 600.704 609.214
385 615.503 732.235
386 564.991 481.065
387 291.411 662.508
388 756.424 116.175
389 645.002 663.845
390 292.32 161.86
391 289.667 666.564
392 170.109 738.996
393 726.017 1.04014
394 90.5499 177.746
395 511.418 61.3919
396 503.593 138.291
397 524.535 726.051
398 507.257 527.611
399 308.283 732.386
400 2.24576 418.808
401 622.65 211.267
402 373.168 25.3652
403 596.831 185.83
404 314.102 554.489
405 261.099 683.24
406 82.3601 256.253
407 631.885 196.147
408 45.8344 441.374
409 730.674 229.965
410 288.095 16.3113
411 499.314 384.412
412 135.755 348.788
413 447.662 300.648
414 321.852 88.9418
415 199.116 456.196
416 426.34 658.986
417 654.65 536.783
418 751.531 626.448
419 587.348 542.551
420 271.666 578.115
421 447.693 661.505
422 72.7389 208.392
423 573.471 33.7336
424 201.369 553.543
425 750.62 336.367
426 186.327 649.236
427 63.0295 348.906
428 564.252 110.454
429 707.484 462.413
430 541.842 329.275
431 372.009 438.05
432 531.819 316.084
433 633.117 652.38
434 5.0825 136.897
435 47.9515 317.04
436 77.3235 240.154
437 128.44 656.399
438 623.256 369.131
439 704.08 586.128
440 11.8434 205.192
441 763.678 329.039
442 288.528 62.1158
443 97.7731 325.81
444 128.821 653.336
445 144.981 577.963
446 206.116 276.772
447 620.325 513.106
448 738.381 520.07
449 46.7117 282.303
450 161.313 266.228
451 145.306 153.019
452 138.291 374.673
453 655.17 311.545
454 748.023 673.916
455 615.408 408.856
456 757.068 715.129
457 447.191 135.691
458 633.248 22.6565
459 596.407 595.939
460 702.361 597.546
461 15.1766 675.476
462 295.145 343.955
463 649.072 593.977
464 501.064 260.082
465 372.917 129.64
466 685.168 61.5435
467 141.707 38.5896
468 769.999 224.798
469 567.845 735.247
470 615.873 701.054
471 500.404 510.354
472 350.012 542.433
473 281.081 490.355
474 210.063 65.3165
475 59.4363 763.628
476 152.392 500.672
477 771.928 397.712
478 175.074 29.9277
479 421.036 773.188
480 110.799 714.269
481 252.943 527.658
482 394.947 640.111
483 561.809 133.077
484 754.633 87.4663
485 556.145 476.157
486 508.323 761.619
487 334.074 482.885
488 75.221 437.095
489 407.593 605.607
490 289.378 313.967
491 637.795 622.925
492 527.286 183.916
493 336.225 609.616
494 593.943 143.445
495 61.3919 129.862
496 0.189116 432.164
497 383.906 547.35
498 537.279 665.784
499 261.243 489.065
500 759.172 39.3697
501 92.2178 598.813
502 218.616 3.49865
503 391.092 318.33
504 198.824 224.174
505 239.941 298.473
506 732.156 663.704
507 143.279 631.601
508 158.326 433.772
509 214.552 686.87
510 624.512 678.266
511 687.455 651.563
512 2.9313 635.974
513 214.198 376.767
514 217.165 158.962
515 502.529 19.2051
516 393.203 459.742
517 163.775 772.479
518 284.431 75.6091
519 174.625 738.877
520 513.309 759.595
521 648.196 461.808
522 382.452 662.687
523 617.323 315.044
524 691.953 285.022
525 543.91 699.291
526 773.123 292.232
527 203.678 516.737
528 80.2876 474.942
529 361.106 388.09
530 230.887 208.463
531 635.783 97.0876
532 709.446 185.216
533 424.542 442.319
534 470.441 229.351
535 23.0249 299.3
536 713.907 203.111
537 510.023 552.173
538 504.021 737.516
539 159.124 199.234
540 768.802 397.485
541 132.594 711.03
542 221.81 225.484
543 378.138 711.607
544 162.934 423.276
545 636.14 678.549
546 220.793 683.712
547 707.602 19.5735
548 31.4169 749.312
549 598.695 449.506
550 7.56465 217.602
551 2.78947 530.505
552 491.3 51.7568
553 750.865 722.282
554 753.511 488.805
555 301.619 600.893
556 455.037 150.05
557 54.9829 567.893
558 387.688 355.596
559 394.334 227.209
560 202.12 81.9824
561 628.247 490.757
562 298.946 753.496
563 414.039 689.92
564 684.128 173.349
565 654.862 150.972
566 316.084 492.222
567 341.426 766.371
568 156.848 123.054
569 105.987 357.203
570 741.162 451.019
571 477.637 237.766
572 604.762 81.1644
573 731.502 750.65
574 220.533 627.654
575 284.076 40.5654
576 537.563 295.069
577 222.929 98.7896
578 425.078 151.884
579 13.6164 149.213
580 486.877 386.398
581 90.6103 528.06
582 152.049 466.962
583 171.008 353.742
584 705.12 537.634
585 621.05 293.934
586 43.2905 184.304
587 232.802 190.261
588 58.0849 136.07
589 739.234 361.638
590 477.876 773.401
591 331.332 281.736
592 574.523 141.776
593 479.741 222.944
594 107.938 181.93
595 290.743 619.096
596 530.559 450.617
597 598.409 717.578
598 675.775 242.646
599 599.948 255.023
600 494.966 94.0144
601 126.814 152.296
602 51.085 691.915
603 423.391 549.643
604 171.015 453.653
605 412.469 347.346
606 200.629 236.372
607 534.751 507.953
608 595.267 571.131
609 299.807 323.46
610 393.055 281.618
611 34.6792 626.387
612 455.179 664.862
613 296.18 279.429
614 731.644 215.555
615 143.019 608.718
616 626.331 429.554
617 583.14 749.35
618 510.59 708.973
619 510.448 509.267
620 632.355 343.955
621 354.829 723.734
622 330.481 106.01
623 434.329 527.469
624 468.353 5.0825
625 617.595 559.359
626 769.993 167.212
627 489.094 199.433
628 489.889 353.647
629 409.035 579.557
630 6.52451 328.637
631 455.473 281.405
632 117.276 97.2294
633 166.231 22.1739
634 717.862 128.727
635 702.118 662.39
636 504.422 535.766
637 169.086 165.548
638 705.358 309.877
639 64.9259 498.25
640 569.145 466.512
641 274.674 712.836
642 189.605 132.509
643 22.1502 46.6506
644 303.65 161.326
645 120.082 21.3465
646 586.664 261.028
647 504.787 69.0846
648 224.694 447.709
649 166.588 713.89
650 608.482 709.824
651 650.178 267.917
652 396.057 411.692
653 768.226 599.981
654 386.073 61.7937
655 725.119 96.9694
656 662.722 282.904
657 743.203 290.871
658 2.90766 730.802
659 212.142 38.3197
660 204.441 699.527
661 413.337 677.155
662 524.753 245.851
663 65.3397 221.03
664 272.446 765.968
665 688.337 190.44
666 90.3187 51.4967
667 658.479 661.633
668 323.083 296.723
669 295.572 0.921942
670 542.652 437.058
671 713.961 442.201
672 349.999 319.417
673 162.144 480.852
674 546.841 69.4293
675 80.0211 256.357
676 699.737 134.462
677 338.95 205.485
678 181.244 541.733
679 625.951 300.624
680 696.964 61.9592
681 20.33 461.264
682 517.54 228.902
683 764.826 582.393
684 613.751 746.357
685 430.478 127.12
686 715.06 480.19
687 767.795 79.1688
688 648.102 442.447
689 678.385 27.6917
690 192.994 525.068
691 664.886 618.411
692 520.109 309.31
693 692.993 386.043
694 249.668 180.71
695 333.877 257.316
696 432.577 249.161
697 77.5377 2.86038
698 686.468 630.689
699 139.763 285.069
700 538.899 385.017
701 1.20562 542.811
702 37.7287 604.638
703 519.384 103.754
704 568.254 687.424
705 49.6916 688.336
706 577.727 639.922
707 523.188 639.568
708 314.713 570.777
709 733.582 67.6898
710 358.898 365.396
711 146.021 207.697
712 528.155 577.608
713 684.435 227.058
714 348.305 376.412
715 105.338 461.666
716 698.999 2.08028
717 51.8179 317.914
718 244.491 655.487
719 351.379 701.608
720 458.585 503.839
721 270.838 252.423
722 249.539 592.383
723 305.115 5.34254
724 731.88 590.715
725 196.468 329.687
726 406.441 520.907
727 219.036 203.806
728 341 96.9556
729 761.456 706.856
730 65.2096 276.782
731 425.275 365.845
732 502.482 272.233
733 635.999 105.74
734 690.796 415.286
735 177.09 245.757
736 521.04 572.039
737 737.324 301.627
738 9.83405 575.977
739 70.7768 565.198
740 26.7849 75.5047
741 42.8978 125.867
742 613.745 285.032
743 639.03 32.5851
744 280.641 251.511
745 715.64 388.171
746 269.703 446.74
747 361.567 656.409
748 303.461 607.499
749 772.607 729.422
750 227.483 256.323
751 303.059 133.776
752 104.182 710.77
753 518.462 61.0235
754 348.139 198.619
755 170.036 755.624
756 272.423 92.3931
757 61.0057 185.098
758 29.9998 521.876
759 494.768 701.858
760 135.848 284.464
761 154.642 483.098
762 286.866 578.719
763 640.405 760.271
764 354.12 39.7381
765 588.762 567.656
766 236.066 437.814
767 109.689 19.7961
768 468.613 16.4058
769 131.058 133.516
770 174.31 642.144
771 178.872 675.982
772 464.315 753.25
773 95.9265 74.4409
774 201.619 114.851
775 19.8572 551.936
776 414.85 309.394
777 503.065 174.318
778 128.307 412.732
779 419.271 51.8277
780 701.977 688.464
781 233.819 764.763
782 178.289 232.968
783 724.174 749.998
784 357.809 246.807
785 319.206 665.973
786 721.62 48.8255
787 467.755 415.9
