1 451.765 598.442
2 597.203 19.597
3 898.092 437.88
4 497.279 505.722
5 800.1 157.353
6 377.3 974.975
7 983.308 395.249
8 331.479 218.36
9 137.969 555.075
10 579.166 345.317
11 486.421 207.225
12 588 393.872
13 748.283 248.054
14 872.524 485.035
15 617.143 566.668
16 784.051 571.587
17 901.883 280.652
18 405.051 870.27
19 690.756 590.442
20 736.351 792.016
21 679.168 871.308
22 603.956 359.844
23 673.269 574.114
24 538.926 403.027
25 806.219 712.638
26 34.9742 467.731
27 430.36 473.83
28 559.795 60.8539
29 789.941 491.44
30 466.811 782.438
31 274.483 986.511
32 713.309 601.886
33 988.11 224.799
34 639.997 263.595
35 829.121 523
36 718.636 892.701
37 653.771 460.952
38 321.848 201.819
39 715.049 343.455
40 907.143 624.873
41 99.3072 191.473
42 342.198 907.289
43 512.682 44.0992
44 746.553 706.111
45 172.063 936.857
46 785.241 228.095
47 106.923 81.9422
48 650.398 92.0438
49 907.59 452.651
50 429.456 336.867
51 210.639 450.484
52 799.89 328.658
53 947.563 357.402
54 205.237 79.9585
55 56.1235 566.947
56 236.427 848.689
57 307.369 621.113
58 287.393 727.138
59 445.387 395.337
60 456.459 687.83
61 47.7615 246.472
62 196.295 910.127
63 105.625 778.191
64 397.32 900.052
65 150.863 837.646
66 984.27 313.15
67 398.511 794.763
68 855.329 686.03
69 797.68 812.376
70 897.559 117.008
71 49.869 987.308
72 285.42 125.726
73 921.354 653.375
74 287.393 183.207
75 152.043 423.261
76 147.874 228.679
77 346.934 547.563
78 348.888 885.316
79 942.534 922.916
80 800.662 533.097
81 461.953 624.047
82 855.54 924.701
83 300.969 442.492
84 778.069 28.6915
85 718.834 282.361
86 591.908 765.557
87 270.699 677.027
88 222.701 403.933
89 193.314 71.0471
90 742.851 116.123
91 634.636 596.183
92 184.851 798.608
93 431.16 922.121
94 836.146 659.753
95 698.263 762.845
96 514.462 27.5582
97 643.788 881.71
98 909.33 93.757
99 626.911 46.9111
100 950.957 984.226
101 53.1327 434.797
102 254.372 6.50044
103 611.625 45.8693
104 211.808 55.4216
105 805.951 20.3763
106 910.689 886.807
107 135.899 771.695
108 847.829 60.6708
109 411.664 945.284
110 761.193 750.853
111 90.2524 529.283
112 228.446 360.393
113 727.378 363.724
114 665.395 664.484
115 174.63 111.185
116 436.668 531.667
117 164.464 545.584
118 499.435 905.606
119 11.5055 18.7425
120 497.726 223.674
121 912.681 828.272
122 698.021 826.868
123 647.176 911.71
124 897.671 390.79
125 281.716 85.1508
126 897.977 434.773
127 949.583 63.3259
128 733.39 115.974
129 829.824 364.94
130 588.549 242.169
131 56.9188 143.59
132 472.213 717.128
133 488.052 816.252
134 923.612 522.172
135 71.3161 991.18
136 356.914 994.724
137 598.304 169.195
138 812.677 509.954
139 593.289 792.295
140 864.286 982.849
141 762.387 844.996
142 423.78 207.133
143 386.639 686.697
144 725.146 368.851
145 419.309 151.301
146 161.168 305.612
147 437.788 438.067
148 900.603 944.395
149 507.619 72.9902
150 47.9141 382.784
151 379.651 409.68
152 65.5538 681.875
153 547.954 470.199
154 789.298 70.3656
155 236.765 595.355
156 386.488 355.789
157 172.613 467.94
158 627.529 503.118
159 372.234 300.729
160 879.243 733.211
161 310.923 777.49
162 912.558 846.614
163 223.487 638.569
164 601.245 275.246
165 881.375 185.19
166 155.92 650.655
167 462.576 165.288
168 458.235 892.178
169 649.068 130.222
170 745.761 681.851
171 235.328 240.333
172 802.332 134.102
173 662.252 523.427
174 710.553 464.39
175 278.176 393.909
176 816.693 342.723
177 858.058 43.2184
178 570.669 652.14
179 64.2516 428.789
180 678.389 686.88
181 160.363 41.9671
182 302.486 25.6966
183 790.314 100.457
184 517.808 829.605
185 544.238 759.545
186 767.266 840.541
187 776.255 983.402
188 465.211 424.028
189 61.6169 133.122
190 555.895 923.063
191 313.211 667.719
192 203.631 964.603
193 941.759 764.122
194 594.565 746.823
195 101.332 304.971
196 358.135 562.273
197 748.164 252.541
198 457.259 318.278
199 213.782 53.6862
200 78.1579 54.5061
201 65.2486 284.742
202 255.549 329.173
203 321.989 200.083
204 901.486 635.064
205 427.808 766.385
206 970.498 890.87
207 500.809 839.076
208 950.468 619.831
209 459.229 615.746
210 608.539 769.528
211 964.263 137.704
212 305.887 25.5135
213 529.283 285.474
214 144.139 283.399
215 738.047 29.725
216 674.623 963.53
217 41.827 746.487
218 373.424 783.05
219 822.382 16.9114
220 107.852 245.766
221 780.694 862.484
222 642.805 55.4258
223 9.09452 486.77
224 980.73 786.588
225 342.631 460.952
226 970.948 72.3594
227 66.4693 344.117
228 607.166 708.792
229 73.397 691.549
230 684.135 800.867
231 465.989 665.578
232 678.733 300.276
233 136.326 151.437
234 663.961 494.613
235 850.276 213.385
236 943.514 198.462
237 696.493 96.0764
238 934.629 170.69
239 714.408 866.634
240 826.563 196.295
241 401.715 91.0714
242 163.06 194.56
243 47.8874 905.881
244 610.797 627.709
245 200.989 210.368
246 717.887 769.158
247 874.294 260.689
248 780.508 939.106
249 951.905 910.799
250 525.926 123.478
251 328.776 123.539
252 642.079 187.414
253 922.708 821.379
254 762.23 666.559
255 315.433 975.402
256 804.437 138.585
257 394.827 116.89
258 694.082 145.73
259 623.249 440.447
260 360.79 536.393
261 55.6047 399.304
262 83.1629 122.811
263 878.17 375.962
264 29.8471 671.865
265 440.992 452.671
266 818.049 79.989
267 270.914 860.622
268 831.433 638.386
269 877.89 113.38
270 302.792 425.707
271 958.321 517.445
272 622.273 76.0826
273 607.013 866.333
274 883.572 492.752
275 357.373 268.38
276 108.189 649.865
277 974.61 799.188
278 381.925 621.509
279 447.859 238.227
280 449.128 738.965
281 637.074 843.932
282 430.06 359.264
283 612.323 659.078
284 208.04 176.249
285 290.78 608.234
286 479.232 152.654
287 469.649 553.885
288 458.914 127.496
289 76.1991 761.711
290 61.9831 398.851
291 340.306 455.824
292 222.724 249.275
293 630.141 112.156
294 109.122 952.06
295 132.942 153.529
296 902.615 989.105
297 729.087 996.1
298 171.974 912.473
299 157.829 987.919
300 965.18 312.758
301 2.50252 819.178
302 696.89 309.671
303 304.727 760.068
304 93.0509 298.292
305 999.057 833.155
306 718.424 721.61
307 309.091 294.66
308 255.67 752.525
309 914.405 760.861
310 318.522 808.863
311 555.394 670.919
312 754.168 467.513
313 303.995 572.893
314 707.602 404.767
315 382.458 153.02
316 772.052 176.34
317 79.7449 723.93
318 395.123 579.394
319 54.0658 324.412
320 528.029 571.419
321 241.585 975.467
322 196.419 160.131
323 279.745 702.414
324 484.268 964.843
325 601.703 71.7837
326 389.752 602.928
327 927.002 387.986
328 620.716 946.165
329 524.613 964.755
330 317.143 271.436
331 380.84 236.767
332 395.232 102.974
333 383.55 333.053
334 956.236 962.889
335 937.346 420.932
336 575.244 561.941
337 216.742 99.4598
338 766.228 442.339
339 821.013 788.802
340 285.257 693.289
341 396.344 319.956
342 101.17 614.856
343 175.774 422.167
344 337.565 712.841
345 200.455 688.624
346 557.543 881.314
347 217.322 721.126
348 116.184 853.241
349 885.983 978.729
350 290.658 790.063
351 897.116 961.608
352 290.63 289.655
353 800.012 388.474
354 641.807 857.391
355 346.403 972.232
356 658.498 418.073
357 638.05 274.518
358 796.88 576.617
359 422.498 964.114
360 495.167 469.684
361 802.332 301.299
362 557.634 737.911
363 1.70904 116.768
364 730.308 389.935
365 351.271 171.948
366 302.15 743.492
367 84.8664 355.27
368 266.917 655.42
369 555.651 701.442
370 53.485 690.329
371 454.817 108.192
372 407.91 111.519
373 459.151 281.859
374 844.508 285.81
375 854.396 555.284
376 82.0643 748.924
377 790.094 885.255
378 143.828 156.468
379 904.39 57.7452
380 506.943 245.648
381 53.5295 746.717
382 109.897 582.786
383 793.909 218.696
384 502.029 594.897
385 837.346 457.446
386 968.498 762.173
387 996.615 157.384
388 716.178 550.768
389 552.904 636.468
390 393.965 434.614
391 678.03 476.638
392 653.706 90.4
393 376.751 946.959
394 795.039 505.234
395 728.08 341.797
396 289.834 6.71407
397 268.679 166.513
398 178.777 289.804
399 458.266 542.823
400 220.862 924.837
401 642.079 645.135
402 185.919 127.964
403 358.533 520.619
404 967.106 554.053
405 11.3834 100.349
406 253.58 500.325
407 162.145 629.601
408 325.388 276.864
409 976.67 146.062
410 514.032 649.621
411 929.612 408.856
412 255.403 24.1096
413 407.277 935.84
414 411.414 449.477
415 37.4628 310.652
416 687.766 609.292
417 969.629 601.493
418 418.714 723.445
419 294.691 328.979
420 432.997 488.144
421 694.893 528.275
422 416.838 180.277
423 612.202 439.029
424 476.089 522.324
425 273.415 102.969
426 602.283 212.627
427 878.506 301.1
428 758.539 441.939
429 858.906 700.766
430 533.403 616.749
431 12.3295 756.192
432 583.453 188.604
433 119.383 361.583
434 634.428 587.394
435 450.392 735.7
436 292.401 394.757
437 214.427 375.408
438 271.493 494.878
439 518.511 892.091
440 394.629 804.869
441 503.694 361.74
442 561.693 144.021
443 695.425 39.7656
444 510.453 332.957
445 910.123 708.552
446 239.723 879.212
447 949.9 352.112
448 976.932 681.692
449 703.57 445.082
450 264.748 948.149
451 378.155 609.333
452 677.023 224.586
453 259.835 404.431
454 859.096 246.345
455 193.52 712.973
456 229.286 185.404
457 520.16 84.1395
458 170.776 481.403
459 427.442 861.267
460 123.632 501.419
461 539.079 902.681
462 294.566 807.127
463 841.085 951.419
464 257.576 646.783
465 277.992 560.021
466 482.376 756.161
467 91.2951 288.522
468 902.097 102.084
469 178.594 620.645
470 700.549 782.311
471 671.882 898.133
472 80.9351 208.35
473 514.786 321.36
474 168.974 632.069
475 196.609 517.934
476 803.492 209.469
477 770.44 32.6548
478 546.19 123.875
479 906.889 463.515
480 417.953 715.171
481 370.382 603.32
482 675.818 109.413
483 651.234 614.338
484 227.21 239.591
485 978.09 112.461
486 17.243 37.6904
487 153.264 968.657
488 531.043 980.468
489 90.749 261.029
490 312.145 586.81
491 253.857 532.949
492 596.874 80.4815
493 990.427 583.514
494 859.951 312.754
495 567.278 549.154
496 820.276 545.858
497 461.044 838.527
498 506.136 374.131
499 461.64 37.5683
500 633.802 363.876
501 835.688 599.052
502 363.241 763.085
503 48.2498 913.958
504 682.981 709.83
505 682.18 396.409
506 171.697 743.099
507 388.195 191.198
508 714.12 764.763
509 759.941 459.212
510 71.6412 807.489
511 3.54015 648.4
512 988.245 935.458
513 515.58 229.194
514 944.884 59.7594
515 354.17 918.886
516 932.066 23.9633
517 451.272 351.852
518 532.184 142.827
519 520.341 709.861
520 624.152 606.224
521 14.0385 118.412
522 455.55 18.8604
523 962.265 606.555
524 905.244 639.821
525 422.179 13.123
526 858.535 903.383
527 499.435 459.613
528 23.0415 76.4225
529 64.0916 165.537
530 608.875 687.25
531 176.873 450.793
532 758.409 528.581
533 78.5546 325.602
534 420.028 669.458
535 354.442 74.9229
536 261.269 533.738
537 551.998 480.941
538 884.809 721.828
539 816.372 707.698
540 900.535 31.072
541 647.42 350.007
542 87.1718 630.787
543 918.851 130.379
544 466.781 2.41096
545 566.654 84.3878
546 161.84 98.5484
547 220.796 928.556
548 209.235 144.723
549 312.442 349.712
550 163.396 318.796
551 598.86 507.309
552 970.018 739.651
553 736.101 973.235
554 489.883 387.799
555 351.482 889.497
556 125.767 240.826
557 97.4927 605.152
558 719.749 624.246
559 990.977 827.758
560 882.529 391.339
561 488.237 136.265
562 186.499 830.565
563 969.605 532.67
564 86.6726 940.951
565 765.904 59.1185
566 13.4281 699.942
567 477.441 481.8
568 411.542 637.658
569 757.012 190.283
570 750.933 378.063
571 54.2009 846.008
572 637.251 812.621
573 661.598 518.601
574 971.795 849.116
575 174.339 821.868
576 675.405 547.018
577 177.276 789.209
578 669.479 177.465
579 473.694 300.734
580 849.08 319.716
581 139.075 592.883
582 943.451 27.6803
583 112.888 865.159
584 981.089 216.193
585 646.748 881.135
586 602.68 991.424
587 118.033 0.61037
588 537.828 588.997
589 412.336 923.673
590 98.5137 132.821
591 361.126 845.367
592 10.1321 214.016
593 107.669 670.817
594 730.005 790.826
595 868.643 588.126
596 813.266 764.035
597 742.388 689.875
598 16.5716 58.0767
599 815.275 236.305
600 630.055 695.822
601 691.984 168.757
602 474.344 748.131
603 421.216 546.129
604 16.541 511.464
605 199.591 580.466
606 271.767 65.7979
607 704.672 822.291
608 900.174 339.675
609 502.427 428.728
610 532.017 256.233
611 68.9662 172.491
612 743.661 815.581
613 578.069 186.594
614 302.67 888.581
615 237.084 509.659
616 13.8859 840.866
617 574.185 441.45
618 217.172 780.969
619 462.477 955.081
620 571.947 911.653
621 386.709 12.4557
622 803.064 400.071
623 374.401 224.01
624 486.613 824.614
625 889.676 866.913
626 395.666 535.665
627 287.95 733.818
628 960.082 557.115
629 170.256 897.309
630 369.126 933.047
631 188.148 258.583
632 147.954 213.782
633 481.379 866.451
634 337.376 625.294
635 842.795 420.026
636 644.772 156.092
637 96.0417 800.627
638 553.453 490.192
639 885.189 664.174
640 273.446 254.585
641 79.6246 890.168
642 670.37 954.283
643 366.247 183.63
644 569.608 850.826
645 754.631 261.91
646 172.078 453.993
647 26.3985 892.575
648 8.05689 448.042
649 643.117 380.631
650 342.29 563.04
651 220.719 10.2847
652 578.449 308.18
653 413.862 651.011
654 367.468 315.26
655 871.61 436.877
656 166.234 502.98
657 36.0118 579.608
658 218.553 178.014
659 78.1606 542.558
660 359.691 685.358
661 28.3212 27.1004
662 48.9212 923.093
663 855.78 625.385
664 495.071 197.79
665 35.8287 711.325
666 88.9327 513.81
667 374.861 46.4228
668 245.521 820.098
669 513.596 115.791
670 246.834 560.564
671 256.294 340.377
672 456.589 193.888
673 211.768 624.226
674 588.739 321.03
675 200.873 467.822
676 589.19 933.195
677 746.879 686.701
678 142.836 996.739
679 165.38 249.646
680 431.867 406.903
681 750 504.41
682 282.632 56.7949
683 211.239 996.969
684 426.923 712.917
685 935.24 573.477
686 240.32 32.6853
687 944.945 249.723
688 254.738 657.277
689 867.336 697.897
690 387.038 249.615
691 140.355 353.378
692 719.521 291.604
693 603.381 738.461
694 217.621 476.76
695 329.304 378.281
696 498.583 61.8957
697 500.778 299.173
698 672.973 574.82
699 623.297 36.0465
700 376.738 751.63
701 705.193 332.29
702 724.444 749.752
703 378.523 373.486
704 196.875 436.75
705 44.0992 469.161
706 478.342 986.389
707 580.126 875.428
708 818.964 171.178
709 465.285 75.4723
710 36.2865 933.348
711 913.114 663.995
712 75.5351 857.666
713 208.167 325.897
714 364.882 832.58
715 628.132 128.182
716 45.2376 571.677
717 860.469 529.622
718 919.034 955.569
719 190.832 879.7
720 549.083 662.683
721 617.512 226.024
722 927.628 328.933
723 875.546 923.189
724 511.917 806.716
725 852.412 804.411
726 987.581 376.328
727 363.475 768.582
728 955.87 46.8806
729 846.706 575.508
730 214.209 153.482
731 314.491 210.69
732 514.664 295.118
733 278.176 501.572
734 5.37126 973.713
735 776.318 541.612
736 28.6264 654.439
737 541.643 990.33
738 209.876 263.985
739 41.2513 220.313
740 349.193 904.467
741 138.091 624.042
742 343.333 32.9641
743 688.192 900.204
744 907.498 133.61
745 808.445 188.486
746 246.193 762.444
747 625.904 669.179
748 866.329 98.3958
749 523.349 630.15
750 627.827 18.6163
751 408.965 61.7431
752 918.777 742.454
753 370.952 405.597
754 754.725 731.468
755 905.972 42.6649
756 997.927 863.033
757 379.43 260.14
758 511.722 255.291
759 931.212 937.101
760 798.425 408.769
761 573.656 276.593
762 285.71 344.859
763 761.402 624.531
764 92.1298 778.348
765 289.166 844.146
766 221.29 741.146
767 296.976 86.7946
768 124.067 23.8044
769 503.739 102.76
770 598.773 346.66
771 851.161 130.894
772 866.491 341.354
773 104.251 530.137
774 321.421 594.653
775 903.01 943.226
776 702.017 79.4092
777 742.685 456.923
778 494.797 431.318
779 12.7262 244.423
780 638.06 11.6927
781 735.008 300.485
782 62.5499 798.181
783 610.767 918.973
784 353.39 584.765
785 999.971 358.993
786 622.885 376.537
787 737.785 969.777
788 904.324 578.387
789 595.08 842.698
790 856.803 676.294
791 779.107 71.6575
792 725.999 119.454
793 91.1588 889.405
794 508.774 782.804
795 114.353 803.125
796 297.067 947.514
797 324.329 129.342
798 249.275 614.907
799 866.842 699.061
800 195.619 956.057
801 987.535 879.12
802 183.508 893.541
803 46.2732 183.782
804 992.296 179.754
805 996.988 103.61
806 404.645 835.021
807 437.361 915.036
808 882.382 190.344
809 815.485 183.996
810 825.007 162.393
811 411.634 691.427
812 601.733 757.565
813 290.439 773.003
814 697.586 825.072
815 127.628 518.754
816 366.438 964.114
817 289.958 582.236
818 276.805 369.304
819 147.099 401.715
820 756.446 655.314
821 951.903 675.867
822 557.573 415.876
823 481.491 792.993
824 515.183 864.803
825 96.9878 441.515
826 580.991 837.615
827 702.017 441.393
828 679.603 251.751
829 776.044 928.56
830 208.146 757.504
831 1.95318 737.453
832 348.836 864.071
833 541.215 616.203
834 626.766 334.849
835 801.874 911.867
836 645.497 61.0675
837 738.405 212.108
838 266.254 218.822
839 812.159 309.614
840 102.292 491.596
841 344.92 258.557
842 711.447 273.328
843 817.957 716.422
844 211.411 30.0344
845 716.027 854.03
846 82.4711 597.831
847 16.2358 371.919
848 476.363 404.004
849 950.867 468.429
850 1.03763 962.344
851 647.482 480.427
852 859.554 601.642
853 349.59 333.11
854 403.974 262.093
855 255.806 358.898
856 529.253 692.648
857 34.7606 322.463
858 76.557 262.123
859 508.764 345.398
860 95.0438 576.896
861 316.807 468.062
862 829.92 777.673
863 117.257 881.165
864 857.112 65.5538
865 656.701 780.745
866 791.378 282.479
867 275.277 531.179
868 604.328 172.983
869 926.969 263.833
870 329.173 428.545
871 727.378 500.904
872 335.063 192.877
873 154.28 615.624
874 958.525 98.8394
875 649.983 322.007
876 764.598 950.778
877 229.753 846.278
878 996.241 1.80059
879 113.834 302.316
880 753.38 695.246
881 65.3502 630.578
882 326.334 492.756
883 516.764 215.282
884 283.328 697.688
885 833.325 810.332
886 624.189 37.0495
887 475.352 377.697
888 347.577 360.607
889 891.263 143.376
890 171.823 483.627
891 52.5224 973.052
892 641.684 791.223
893 528.52 691.37
894 130.087 184.383
895 72.2983 14.0385
896 501.755 532.212
897 460.86 196.651
898 933.531 443.011
899 997.064 736.259
900 735.514 223.369
901 119.999 900.174
902 843.607 485.326
903 630.604 658.136
904 811.151 245.552
905 654.334 515.95
906 81.4234 317.057
907 452.942 12.0895
908 599.927 516.861
909 394.269 514.878
910 81.7896 424.604
911 788.842 548.753
912 573.595 655.969
913 252.419 677.409
914 268.198 54.1093
915 745.659 124.76
916 581.835 303.297
917 763.85 290.536
918 232.917 303.816
919 632.282 564.749
920 867.977 359.508
921 139.836 772.912
922 560.611 5.40178
923 670.645 265.82
924 771.533 49.139
925 732.515 147.282
926 344.707 493.301
927 67.5541 47.5173
928 609.517 960.116
929 598.757 757.52
930 345.836 175.573
931 522.96 609.546
932 54.1333 786.615
933 667.938 977.081
934 268.786 731.838
935 190.985 385.723
936 788.598 275.725
937 149.009 975.65
938 154.837 465.011
939 836.636 280.953
940 63.7876 86.9372
941 439.72 748.043
942 706.299 410.173
943 2.16681 724.347
944 328.104 15.656
945 258.95 689.389
946 209.389 571.952
947 15.9917 872.498
948 123.029 757.073
949 339.634 324.721
950 792.016 894.959
951 258.163 890.194
952 60.6116 288.313
953 484.055 967.009
954 998.804 628.376
955 515.671 33.0515
956 571.673 242.622
957 323.379 426.405
958 992.914 893.094
959 125.584 583.178
960 377.941 311.258
961 531.083 461.409
962 679.525 308.302
963 710.583 184.413
964 556.23 912.809
965 711.722 9.80059
966 193.579 411.176
967 438.431 297.224
968 717.751 248.577
969 96.4015 784.051
970 233.009 177.286
971 575.06 714.164
972 94.7905 263.894
973 811.792 213.298
974 282.51 713.802
975 245.493 790.582
976 274.118 89.114
977 240.059 23.1372
978 536.936 922.304
979 191.87 547.838
980 173.376 927.34
981 4.82192 412.305
982 915.86 236
983 599.597 740.532
984 822.247 155.435
985 522.517 689.661
986 771.227 575.125
987 987.887 282.846
988 292.254 763.97
989 219.674 644.185
990 615.125 628.773
991 371.33 655.877
992 10.0101 620.781
993 446.883 874.508
994 97.1422 230.018
995 596.982 671.621
996 300.891 484.119
997 364.888 535.512
998 123.051 50.4207
999 16.6021 338.115
1000 926.603 262.982
1001 887.434 873.627
1002 930.091 925.016
1003 621.16 563.834
1004 406.524 937.62
1005 515.854 31.9265
1006 829.634 588.488
1007 810.29 257.637
1008 896.451 715.354
1009 159.682 679.922
1010 92.9899 474.258
1011 935.82 719.692
1012 402.236 361.034
1013 584.515 942.965
1014 425.245 812.804
1015 595.477 530.625
1016 694.29 9.83111
1017 451.827 791.288
1018 206.397 960.835
1019 340.283 843.627
1020 900.479 884.247
1021 760.918 135.319
1022 427.581 369.304
1023 690.36 993.29
1024 333.11 404.558
1025 775.493 898.363
1026 399.26 965.758
1027 978.677 819.396
1028 531.825 377.056
1029 741.447 31.2409
1030 624.714 36.6264
1031 789.575 655.542
1032 531.51 397.325
1033 850.911 39.0068
1034 724.143 885.255
1035 475.051 168.706
1036 298.532 348.953
1037 173.278 70.4714
1038 240.335 813.044
1039 341.227 685.781
1040 173.101 727.073
1041 208.733 105.106
1042 369.06 956.969
1043 779.931 970.55
1044 865.745 774.564
1045 848.797 608.757
1046 194.708 985.935
1047 7.72118 131.23
1048 864.406 787.164
1049 946.175 956.42
1050 956.375 744.011
1051 602.68 292.219
1052 126.835 875.977
1053 508.754 747.738
1054 860.073 900.235
1055 432.8 899.537
1056 110.996 51.7594
1057 723.702 377.884
1058 12.6041 524.216
1059 822.047 96.5606
1060 321.97 985.691
1061 923.49 399.335
1062 370.604 667.837
1063 121.586 8.4883
1064 585.735 538.015
1065 885.206 459.765
1066 44.1926 380.173
1067 428.527 333.628
1068 897.488 17.7354
1069 290.163 938.932
1070 811.588 79.6838
1071 966.469 452.105
1072 573.077 2.22785
1073 849.91 855.224
1074 932.768 331.283
1075 667.442 392.564
1076 565.203 473.006
1077 364.635 850.246
1078 889.34 76.2047
1079 976.372 943.022
1080 361.585 454.272
1081 770.625 528.31
1082 585.162 110.542
1083 474.715 638.177
1084 979.295 205.15
1085 528.672 371.14
1086 249.55 520.436
1087 261.391 781.457
1088 511.236 235.41
1089 6.04266 515.885
1090 346.174 546.617
1091 0.61037 554.674
1092 997.545 772.641
1093 403.851 102.668
1094 716.3 424.085
1095 194.22 590.08
1096 437.147 308.603
1097 52.9496 109.474
1098 867.957 999.791
1099 785.22 920.32
1100 24.2936 789.152
1101 944.639 796.446
1102 410.504 651.296
1103 457.734 135.75
1104 36.2495 386.547
1105 645.283 70.6503
1106 446.974 282.327
1107 351.797 571.128
1108 310.771 728.813
1109 78.6018 202.525
1110 783.868 939.578
1111 123.386 888.886
1112 366.933 236.706
1113 152.165 671.407
1114 244.019 78.3615
1115 551.134 666.101
1116 909.392 543.661
1117 73.2444 445.57
1118 220.421 653.371
1119 9.91852 268.532
1120 889.669 856.197
1121 595.637 704.031
1122 558 161.016
1123 513.003 18.4373
1124 224.128 986.755
1125 221.656 750.363
1126 392.737 787.591
1127 394.513 431.562
1128 631.679 637.501
1129 241.401 219.092
1130 995.362 302.565
1131 397.076 794.187
1132 583.012 587.882
1133 822.504 753.441
1134 702.689 104.377
1135 102.292 914.518
1136 823.572 438.246
1137 427.306 510.518
1138 141.087 547.411
1139 586.047 154.764
1140 501.022 516.927
1141 765.613 78.7724
1142 936.674 80.752
1143 328.763 896.76
1144 999.422 475.513
1145 311.313 312.941
1146 349.393 295.206
1147 205.237 475.94
1148 887.753 60.5487
1149 596.149 313.551
1150 521.547 500.721
1151 568.804 943.541
1152 629.568 691.427
1153 85.2687 42.4818
1154 250.734 686.488
1155 610.402 217.994
1156 151.921 89.1955
1157 379.803 566.057
1158 279.397 41.9366
1159 797.321 330.214
1160 861.415 238.227
1161 941.643 969.878
1162 741.848 569.954
1163 362.651 638.722
1164 121.433 199.805
1165 710.99 834.986
1166 268.793 125.767
1167 428.388 156.015
1168 818.018 832.213
1169 726.066 281.873
1170 370.543 702.113
1171 762.688 223.111
1172 853.969 302.683
1173 78.8764 648.767
1174 886.783 140.355
1175 40.4157 232.582
1176 504.044 134.739
1177 258.95 141.972
1178 842.158 372.021
1179 381.986 879.487
1180 269.753 595.08
1181 163.84 542.806
1182 861.721 637.292
1183 558.528 277.021
1184 335.568 808.409
1185 196.326 232.063
1186 390.661 586.265
1187 965.392 483.539
1188 767.855 856.746
1189 751.579 383.378
1190 915.244 292.28
1191 690.529 583.514
1192 886.227 844.695
1193 460.877 394.212
1194 195.03 838.805
1195 393.536 237.281
1196 275.155 858.73
1197 816.034 0.427259
1198 77.8832 173.563
1199 632.527 481.338
1200 570.116 980.655
1201 155.669 517.445
1202 32.8314 859.405
1203 824.061 345.653
1204 374.937 47.6089
1205 413.282 51.3627
1206 601.972 773.827
1207 613.927 385.418
1208 557.933 14.771
1209 231.415 229.32
1210 494.4 926.603
1211 951.34 554.949
1212 366.598 159.524
1213 618.854 226.112
1214 384.106 484.97
1215 781.304 959.567
1216 643.391 119.27
1217 867.58 1.1597
1218 999.666 402.783
1219 993.776 27.253
1220 904.386 443.591
1221 556.064 736.568
1222 905.484 699.153
1223 780.999 166.662
1224 501.893 599.017
1225 98.6053 90.6705
1226 964.446 360.24
1227 762.413 333.872
1228 874.181 264.6
1229 286.966 762.662
1230 795.343 524.125
1231 940.458 645.288
1232 762.783 176.458
1233 646.29 907.38
1234 404.028 182.836
1235 323.886 285.749
1236 195.288 508.961
