1 319.5 691.646
2 433.076 724.67
3 141.554 435.616
4 685.854 377.841
5 606.023 714.174
6 682.71 181.102
7 535.689 447.388
8 430.367 116.732
9 758.216 192.166
10 434.072 325.28
11 611.129 68.4365
12 325.351 217.044
13 671.045 99.8396
14 252.754 251.832
15 636.707 158.135
16 193.265 72.1104
17 607.3 222.117
18 737.343 749.785
19 669.235 120.467
20 74.9137 483.736
21 596.405 358.352
22 691.321 595.173
23 653.759 532.821
24 583.156 544.442
25 89.192 625.36
26 597.686 450.971
27 39.1471 152.107
28 212.07 752.551
29 157.982 63.6711
30 96.2129 5.76805
31 336.331 236.287
32 692.402 395.088
33 133.012 595.007
34 151.695 262.03
35 571.935 478.157
36 169.578 322.94
37 643.778 639.861
38 359.112 87.9016
39 238.431 132.817
40 143.019 715.626
41 584.907 657.596
42 463.338 371.992
43 578.578 555.647
44 94.8628 163.052
45 328.306 399.13
46 721.146 144.164
47 176.351 632.854
48 294.998 57.775
49 711.692 718.618
50 468.776 251.582
51 580.626 394.27
52 103.353 661.978
53 276.467 523.413
54 453.879 285.457
55 489.321 556.106
56 471.68 155.855
57 407.735 512.103
58 654.768 561.803
59 751.389 665.713
60 454.712 63.6613
61 400.162 589.688
62 200.298 705.167
63 48.1774 306.108
64 337.383 234.963
65 193.868 689.811
66 72.7389 456.513
67 238.596 547.586
68 703.962 288.544
69 41.4165 288.058
70 323.67 284.63
71 562.786 261.382
72 691.623 393.551
73 368.715 404.26
74 586.757 474.148
75 40.3763 741.903
76 128.386 227.956
77 587.387 767.42
78 592.856 253.095
79 586.71 572.749
80 362.907 183.845
81 519.211 26.3344
82 421.044 407.498
83 211.077 537.081
84 677.192 0.472791
85 327.337 35.1525
86 668.576 513.201
87 612.902 64.8201
88 707.011 328.377
89 591.296 695.698
90 139.829 611.791
91 743.197 773.566
92 289.193 609.461
93 464.261 455.312
94 114.226 459.411
95 10.756 714.326
96 106.543 46.4517
97 466.642 83.8593
98 725.069 243.676
99 492.79 494.573
100 441.078 647.97
101 60.5409 188.005
102 571.651 604.024
103 563.239 469.269
104 95.4918 111.352
105 674.601 202.662
106 685.665 460.498
107 155.947 199.612
108 218.737 313.659
109 423.81 385.859
110 372.914 359.094
111 394.383 756.286
112 16.9495 354.806
113 577.987 118.222
114 83.416 558.059
115 327.943 288.97
116 539.811 230.557
117 478.677 220.425
118 698.997 413.347
119 576.174 113.186
120 263.481 450.333
121 679.542 495.731
122 407.617 697.636
123 269.399 340.41
124 317.81 125.36
125 457.307 662.025
126 561.146 146.811
127 659.023 700.96
128 313.247 672.592
129 41.4795 240.036
130 718.073 625.772
131 367.997 42.5275
132 504.16 673.987
133 173.191 179.944
134 724.596 543.118
135 115.716 383.093
136 141.547 369.519
137 177.18 211.29
138 376.921 620.609
139 264.195 738.509
140 118.139 243.913
141 402.237 478.474
142 260.476 89.9819
143 31.7006 583.542
144 146.355 322.169
145 247.65 254.253
146 129.285 520.023
147 536.996 722.079
148 730.027 46.2862
149 226.798 579.486
150 67.3463 471.561
151 507.874 524.679
152 534.655 320.07
153 278.923 270.659
154 644.529 497.163
155 512.795 177.132
156 173.762 73.6608
157 170.633 266.488
158 174.649 471.561
159 89.053 124.06
160 201.468 584.592
161 595.904 132.108
162 451.22 624.06
163 159.851 488.251
164 573.961 191.126
165 135.845 686.478
166 212.519 52.0543
167 270.968 7.61193
168 408.893 597.145
169 377.077 668.999
170 127.684 95.5845
171 124.108 278.308
172 230.648 44.3812
173 620.903 437.436
174 509.503 177.958
175 234.056 231.37
176 29.3367 555.326
177 580.453 295.977
178 672.073 449.931
179 263.518 167.614
180 92.4804 498.983
181 227.625 596.606
182 599.026 90.4783
183 515.507 81.9445
184 495.071 733.913
185 482.395 322.5
186 666.895 678.465
187 509.148 723.488
188 605.52 703.394
189 354.711 549.075
190 65.2477 483.381
191 180.893 568.271
192 100.87 763.013
193 583.329 590.076
194 101.842 341.436
195 162.457 23.9946
196 581.816 683.287
197 180.181 411.068
198 170.675 26.9727
199 602.595 394.946
200 406.438 420.335
201 406.21 263.392
202 356.106 110.028
203 510.283 567.548
204 375.94 27.4928
205 68.7595 171.268
206 490.99 130.595
207 615.644 273.959
208 248.475 619.058
209 34.1591 468.971
210 242.116 458.347
211 420.765 147.227
212 12.8599 402.757
213 460.167 707.707
214 210.25 71.8169
215 317.221 431.871
216 191.669 134.604
217 211.479 651.61
218 751.54 708.217
219 340.699 13.1436
220 650.648 666.044
221 324.275 486.927
222 248.903 168.479
223 229.957 298.223
224 143.445 417.923
225 496.303 196.492
226 128.432 297.622
227 214.522 772.763
228 264.314 633.975
229 614.983 734.74
230 255.709 674.28
231 305.092 304.004
232 206.917 242.835
233 161.931 364.177
234 731.366 471.632
235 591.638 17.1485
236 47.7068 731.573
237 692.216 331.001
238 729.232 319.687
239 0.638267 65.5524
240 201.501 609.475
241 170.931 128.883
242 533.221 609.498
243 671.402 339.015
244 477.14 249.799
245 525.154 637.441
246 362.977 436.906
247 619.66 39.6061
248 684.837 688.029
249 5.57893 743.794
250 121.271 341.473
251 519.171 516.723
252 109.002 431.445
253 264.385 102.865
254 682.241 186.965
255 504.612 655.416
256 288.167 128.302
257 90.6602 404.662
258 662.072 421.857
259 151.196 161.103
260 522.482 578.861
261 464.881 537.09
262 651.345 365.16
263 737.211 570.385
264 558.963 344.854
265 331.55 106.378
266 464.333 685.462
267 527.226 91.3432
268 297.316 176.541
269 630.916 540.683
270 347.052 524.831
271 343.556 545.459
272 605.215 149.695
273 165.571 691.504
274 737.882 266.985
275 629.497 32.6935
276 322.041 196.539
277 528.979 627.261
278 250.13 349.071
279 712.094 367.548
280 322.136 445.605
281 5.48437 602.312
282 146.683 665.572
283 247.645 386.435
284 245.957 366.058
285 217.602 695.475
286 196.941 742.079
287 684.577 299.607
288 70.2567 546.405
289 432.359 277.221
290 761.914 580.408
291 324.833 506.43
292 327.431 486.407
293 760.089 611.517
294 336.469 769.051
295 76.5277 370.914
296 179.142 123.021
297 489.123 263.935
298 57.0658 42.693
299 687.012 431.114
300 677.814 733.616
301 633.926 339.038
302 483.473 185.746
303 630.135 484.067
304 582.169 163.926
305 66.6399 651.492
306 80.4728 61.0235
307 394.092 14.1699
308 3.30954 40.6935
309 81.7573 101.944
310 352.442 579.713
311 642.641 28.2591
312 325.691 472.412
313 11.7725 533.01
314 145.78 703.286
315 301.12 370.55
316 512.86 49.9267
317 211.482 758.924
318 78.1352 757.293
319 404.614 114.449
320 653.799 365.643
321 388.6 606.6
322 400.288 294.832
323 627.703 419.352
324 485.771 765.212
325 743.008 740.235
326 235.804 565.16
327 475.627 413.111
328 540.58 758.579
329 173.42 19.5499
330 240.365 98.3739
331 10.9451 257.269
332 199.94 11.0022
333 386.696 194.61
334 420.004 16.5004
335 540.873 211.589
336 474.067 47.7282
337 35.7903 607.678
338 704.39 580.81
339 330.328 657.567
340 185.192 208.879
341 558.869 107.546
342 100.184 170.961
343 293.059 41.3928
344 135.076 339.521
345 547.421 619.096
346 92.831 214.623
347 3.78233 78.1523
348 472.862 333.611
349 301.688 332.855
350 332.894 365.066
351 754.567 150.655
352 676.665 521.758
353 209.943 493.263
354 688.147 421.918
355 8.74663 383.528
356 122.76 409.579
357 222.874 445.308
358 414.314 218.855
359 560.046 23.805
360 554.56 384.767
361 48.591 123.054
362 688.218 167.321
363 368.141 705.38
364 706.165 653.525
365 661.198 11.2997
366 507.323 483.202
367 755.886 240.66
368 119.366 423.337
369 742.752 77.4195
370 579.972 177.533
371 176.611 80.7527
372 199.73 725.711
373 525.154 391.873
374 746.124 686.786
375 757.313 447.554
376 574.113 60.6827
377 638.541 743.511
378 350.929 455.416
379 67.0181 582.819
380 689.587 320.869
381 540.777 567.585
382 454.798 395.192
383 683.185 242.433
384 708.122 224.113
385 696.657 519.82
386 450.742 441.005
387 535.083 4.94066
388 5.79169 670.441
389 326.344 236.395
390 754.808 752.896
391 219.023 511.489
392 132.128 469.41
393 5.38981 199.755
394 277.315 388.587
395 384.74 699.906
396 547.002 418.524
397 444.053 143.998
398 262.862 627.734
399 177.746 669.023
400 545.632 599.499
401 36.4049 508.723
402 180.405 734.386
403 175.147 725.545
404 549.241 481.949
405 609.121 290.388
406 177.086 398.775
407 205.808 101.532
408 674.015 605.125
409 334.925 611.886
410 189.069 193.371
411 675.145 73.4342
412 491.868 760.484
413 50.3351 694.931
414 316.796 717.696
415 765.658 595.939
416 393.267 508.213
417 172.947 389.211
418 30.9442 632.391
419 271.5 634.272
420 322.974 148.466
421 202.898 314.477
422 593.484 261.109
423 282.139 376.791
424 156.045 444.149
425 197.792 185.249
426 65.2529 238.627
427 709.541 127.12
428 461.871 88.861
429 572.354 434.859
430 269.408 360.702
431 127.192 751.95
432 531.724 94.0858
433 637.393 589.036
434 590.208 772.03
435 208.406 378.422
436 613.838 533.852
437 716.822 257.553
438 301.231 539.133
439 110.706 732.661
440 399.295 611.2
441 721.36 506.983
442 556.356 413.597
443 451.302 227.531
444 112.549 401.754
445 54.2764 31.9843
446 597.891 347.147
447 190.395 301.769
448 67.0062 576.838
449 254.125 394.237
450 455.795 422.273
451 484.688 712.306
452 353.058 173.775
453 737.187 91.3904
454 432.84 154.603
455 371.833 138.149
456 429.507 353.185
457 655.629 127.782
458 391.019 647.865
459 681.998 287.008
460 719.729 637.298
461 511.867 323.436
462 738.431 521.039
463 657.918 394.459
464 258.404 148.74
465 680.582 100.184
466 437.568 213.607
467 341.607 593.457
468 349.369 337.596
469 545.057 234.906
470 735.237 347.109
471 164.723 633.445
472 61.3379 644.012
473 706.184 380.597
474 198.241 597.82
475 106.629 653.751
476 472.554 67.9164
477 283.296 4.89338
478 355.03 246.04
479 166.24 90.2656
480 12.2216 372.677
481 462.103 105.797
482 94.4901 605.054
483 84.007 344.404
484 262.47 36.0128
485 517.736 102.903
486 321.876 515.399
487 291.148 60.2335
488 311.879 713.867
489 600.09 692.378
490 529.715 629.426
491 302.988 563.907
492 325.457 226.973
493 341.899 254.858
494 108.009 674.564
495 86.359 692.648
496 680.842 441.043
497 189.515 306.936
498 313.004 684.351
499 739.358 540.433
500 539.237 551.473
501 503.782 673.949
502 747.087 177.046
503 631.774 572.951
504 672.122 448.097
505 394.922 304.761
506 454.092 510.425
507 374.308 80.0297
508 386.324 640.168
509 598.842 307.773
510 385.469 727.862
511 107.27 324.382
512 360.03 53.2362
513 353.801 525.72
514 482.244 464.493
515 496.738 49.3219
516 594.069 285.344
517 209.765 643.917
518 523.923 272.55
519 88.0809 524.784
520 504.349 506.123
521 621.888 23.3322
522 51.4633 211.56
523 392.356 566.224
524 142.989 253.274
525 3.99508 32.6797
526 469.951 573.07
527 737.992 635.984
528 766.009 10.2458
529 657.865 406.411
530 354.829 759.184
531 526.24 734.315
532 327.154 70.1385
533 591.78 403.229
534 449.905 663.95
535 689.141 89.4146
536 127.323 238.854
537 32.1498 271.169
538 97.3712 546.924
539 609.64 155.028
540 416.009 608.813
541 128.176 715.096
542 397.283 101.849
543 372.535 280.493
544 622.667 691.561
545 359.557 486.1
546 431.083 739.407
547 22.5994 329.511
548 702.283 28.9919
549 769.303 185.722
550 384.287 281.783
551 773.186 167.52
552 6.92638 715.758
553 545.293 440.523
554 722.686 324.912
555 774.334 140.348
556 457.78 120.43
557 193.584 156.314
558 663.559 199.825
559 484.059 25.2234
560 407.002 764.323
561 49.0966 430.817
562 467.992 439.327
563 274.967 265.259
564 564.117 583.424
565 478.773 639.861
566 434.849 565.137
567 414.673 16.6422
568 686.664 483.887
569 127.58 535.634
570 595.883 511.749
571 571.273 140.405
572 37.4214 380.725
573 260.2 438.135
574 615.977 40.66
575 737.645 277.906
576 163.491 156.612
577 444.122 3.02586
578 767.876 109.546
579 200.014 263.898
580 554.534 645.487
581 579.224 533.323
582 559.146 724.268
583 510.838 297.064
584 487.719 491.287
585 652.002 382.261
586 412.331 90.8329
587 178.046 585.268
588 577.23 212.898
589 119.711 501.938
590 282.353 284.715
591 2.1512 546.627
592 177.604 35.6819
593 421.351 333.635
594 136.755 683.159
595 76.5474 635.029
596 708.997 33.4972
597 124.999 289.419
598 440.525 535.956
599 400.848 432.462
600 113.046 234.599
601 567.633 721.347
602 657.413 9.69221
603 107.524 447.884
604 299.537 198.69
605 123.777 36.6413
606 606.543 356.508
607 736.649 355.832
608 556.427 221.881
609 479.616 403.442
610 133.209 391.268
611 760.623 394.662
612 99.2834 143.667
613 254.652 123.361
614 239.729 413.597
615 190.913 340.48
616 45.2197 134.391
617 240.745 545.246
618 711.987 757.846
619 239.939 268.38
620 516.029 720.472
621 476.242 536.499
622 82.2892 70.9422
623 118.824 352.82
624 23.8628 512.87
625 650.442 496.123
626 619.285 209.73
627 133.114 603.929
628 551.558 147.818
629 457.709 188.383
630 370.632 315.659
631 78.4714 324.132
632 283.005 44.6649
633 569.76 83.7174
634 764.131 418.146
635 363.956 356.271
636 629.095 301.57
637 421.234 707.423
638 249.413 656.021
639 58.0114 740.826
640 602.997 428.642
641 426.812 739.776
642 293.804 25.446
643 520.011 362.252
644 686.421 337.383
645 762.774 626.93
646 530.374 448.844
647 56.073 122.368
648 469.268 414.283
649 626.681 543.733
650 401.259 417.106
651 435.881 708.69
652 276.252 746.806
653 755.474 559.061
654 175.701 723.971
655 204.269 545.208
656 713.465 456.702
657 71.5634 187.448
658 169.195 451.019
659 7.77741 457.86
660 769.988 732.4
661 176.493 373.727
662 159.095 101.201
663 359.48 174.011
664 657.686 437.53
665 268.439 767.018
666 543.26 175.793
667 390.289 178.289
668 510.779 476.266
669 246.018 424.566
670 382.04 309.191
671 229.422 492.209
672 665.76 109.144
673 26.689 41.511
674 562.455 95.7165
675 673.632 723.276
676 725.71 19.0633
677 43.1342 568.446
678 739.657 533.058
679 736.561 479.599
680 302.042 569.571
681 413.692 127.157
682 479.709 9.77297
683 295.557 308.671
684 329.606 300.161
685 50.5767 165.581
686 3.87688 763.983
687 710.013 696.373
688 627.228 468.82
689 639.31 615.408
690 27.7541 249.137
691 518.115 261.487
692 484.115 500.331
693 298.263 193.263
694 298.236 115.408
695 764.982 677.708
696 20.1882 10.624
697 627.417 249.326
698 736.939 688.312
699 261.122 241.052
700 592.005 487.825
701 19.2426 308.033
702 703.855 228.722
703 653.468 645.322
704 629.333 235.142
705 41.8675 439.554
706 163.444 11.3706
707 501.04 231.667
708 590.844 244.291
709 524.426 319.356
710 386.506 674.304
711 726.331 197.4
712 232.613 295.021
713 3.92416 414.056
714 184.731 199.598
715 337.242 479.528
716 372.157 401.092
717 140.679 469.056
718 84.9132 376.672
719 477.944 79.3343
720 403.684 127.417
721 355.208 581.462
722 236.017 507.163
723 173.065 509.702
724 37.9808 354.036
725 301.992 210.959
726 277.055 601.163
727 382.44 158.763
728 320.493 447.26
729 771.539 269.633
730 230.214 569.746
731 674.802 99.948
732 173.42 337.393
733 102.761 110.17
734 580.295 606.969
735 327.514 525.02
736 432.604 750.045
737 662.665 184.871
738 193.987 531.97
739 324.996 681.622
740 576.568 446.064
741 408.422 342.003
742 745.26 212.978
743 111.982 211.527
744 29.7871 114.26
745 731.62 244.173
746 602.123 128.183
747 746.018 127.748
748 344.357 345.61
749 7.54101 317.583
750 355.231 366.602
751 460.947 353.293
752 382.938 254.608
753 107.826 235.71
754 743.085 80.3508
755 764.48 333.895
756 702.612 211.29
757 3.71141 166.139
758 211.952 284.653
759 468.016 65.2077
760 435.677 491.726
761 209.423 606.047
762 742.565 539.832
763 452.264 673.382
764 34.6476 23.2475
765 166.541 45.8843
766 713.252 647.321
767 464.399 299.844
768 651.536 700.558
769 646.21 563.141
770 384.379 293.282
771 309.079 590.525
772 49.5957 765.968
773 547.957 155.156
774 136.061 687.13
775 473.618 585.679
776 624.84 378.185
777 497.116 202.638
778 359.959 175.037
779 90.7049 351.081
780 180.89 586.71
