1 319.102 553.155
2 204.633 309.083
3 89.7966 795.298
4 1027.11 1068.23
5 606.764 325.12
6 699.26 17.5948
7 758.967 886.466
8 789.749 318.009
9 392.846 881.561
10 639.408 552.988
11 33.1973 735.623
12 162.306 64.8667
13 1046.13 576.156
14 154.988 797.609
15 857.614 901.777
16 509.087 378.821
17 266.755 1051.39
18 435.611 303.657
19 862.94 726.396
20 1073.36 893.858
21 934.283 416.999
22 26.1433 383.825
23 391.281 387.603
24 158.19 668.871
25 836.854 861.225
26 661.64 579.833
27 111.193 771.104
28 980.117 83.9796
29 920.01 245.53
30 419.91 850.761
31 770.994 187.149
32 688.195 617.979
33 654.987 722.395
34 114.736 1088.8
35 392.294 49.0537
36 1053.51 934.477
37 506.92 319.073
38 826.837 670.409
39 324.08 979.008
40 254.613 939.024
41 70.1055 893.152
42 942.098 1068.77
43 485.724 875.878
44 461.386 787.743
45 831.552 1027.98
46 113.232 149.883
47 355.108 257.722
48 339.728 347.82
49 874.898 110.233
50 321.008 1039.85
51 515.144 831.782
52 4.68039 1053.97
53 67.2639 880.987
54 596.616 980.184
55 766.694 266.424
56 258.558 901.543
57 970.111 697.148
58 881.276 1023.77
59 261.516 398.803
60 653.75 652.68
61 281.094 567.564
62 821.977 22.5761
63 242.31 111.226
64 637.66 731.053
65 235.949 479.706
66 945.886 639.876
67 119.677 455.245
68 403.516 648.836
69 434.687 634.871
70 37.7106 346.024
71 563.185 187.794
72 970.739 118.146
73 202.537 1066.06
74 812.382 1012.74
75 610.141 1004.05
76 146.463 28.4166
77 900.796 132.221
78 756.727 437.626
79 732.347 767.761
80 502.735 250.601
81 351.598 519.722
82 326.454 342.314
83 818.433 338.001
84 521.329 496.556
85 602.996 468.049
86 198.415 649.404
87 93.006 1008.52
88 818.326 57.7025
89 195.767 477.042
90 534.133 618.189
91 916.587 861.135
92 570.381 59.8855
93 817.129 442.899
94 1088.77 72.0111
95 320.874 113.466
96 360.691 167.234
97 195.711 808.136
98 445.349 603.67
99 200.588 432.936
100 597.36 571.352
101 384.652 151.582
102 951.325 676.928
103 207.238 587.757
104 195.039 174.856
105 1026.61 493.547
106 417.223 958.286
107 379.635 1026.01
108 636.066 594.942
109 58.9395 585.851
110 169.718 318.066
111 326.998 492.812
112 517.915 452.303
113 245.78 246.422
114 630.081 501.915
115 742.978 791.32
116 712.849 338.693
117 1058.7 170.644
118 788.88 307.511
119 407.528 53.8245
120 622.48 291.655
121 382.111 836.686
122 120.2 602.767
123 416.622 976.463
124 357.287 373.137
125 483.892 150.886
126 576.256 58.2139
127 1088.35 442.641
128 87.0697 1001.4
129 214.395 960.152
130 873.428 712.489
131 876.436 300.725
132 980.842 202.861
133 310.31 677.018
134 600.3 1082.12
135 349.023 980.947
136 954.666 499.708
137 530.487 1008.22
138 193.033 698.123
139 104.239 179.994
140 240.045 379.145
141 917.39 327.002
142 576.156 529.596
143 875.593 779.729
144 668.794 209.915
145 647.301 1040.48
146 691.5 804.435
147 25.5416 479.844
148 1081.47 459.089
149 17.8189 568.41
150 95.0788 344.319
151 111.794 727.036
152 7.05402 528.583
153 712.989 688.485
154 964.127 1053.26
155 564.327 148.88
156 249.832 675.146
157 466.802 847.227
158 933.537 396.329
159 521.897 114.172
160 963.352 627.105
161 107.883 501.614
162 113.508 446.318
163 387.302 212.991
164 213.336 337.733
165 685.07 295.677
166 550.313 413.746
167 245.486 207.953
168 97.3959 264.719
169 330.975 598.321
170 1041.12 877.081
171 1053.15 149.95
172 641.447 1030.06
173 653.326 384.26
174 176.178 118.481
175 712.245 178.891
176 229.573 147.977
177 863.866 173.719
178 706.338 963.267
179 466.535 1026.41
180 493.28 699.956
181 557.895 903.683
182 485.457 1080.2
183 553.657 470.145
184 72.9398 1071.88
185 946.375 5.38245
186 1054.17 847.528
187 549.043 801.354
188 124.599 872.969
189 30.3222 655.693
190 62.1788 1.63814
191 865.939 1084.78
192 776.839 515.144
193 410.728 1079.13
194 130.186 681.174
195 242.336 224
196 606.913 759.092
197 69.3115 824.628
198 338.325 965.474
199 724.591 989.94
200 991.072 421.603
201 593.106 1039.89
202 35.2032 552.129
203 779.352 121.332
204 203.864 134.036
205 400.935 288.522
206 797.147 1064.39
207 85.0159 1033.11
208 135.497 242.387
209 471.315 724.491
210 676.383 598.498
211 626.357 170.665
212 1015.38 626.738
213 727.455 569.503
214 150.575 107.659
215 474.248 270.794
216 98.2432 712.198
217 916.521 776.844
218 702.597 35.8483
219 147.666 736.469
220 218.899 292.157
221 725.561 947.688
222 20.5937 838.859
223 452.771 120.453
224 938.261 486.503
225 410.844 381.094
226 668.293 352.667
227 726.396 549.855
228 628.4 79.9443
229 941.126 232.759
230 851.396 68.0427
231 462.991 101.808
232 380.292 903.559
233 61.1521 945.315
234 491.541 934.784
235 329.447 312.583
236 849.691 565.09
237 322.471 75.4979
238 809.507 1053.8
239 96.8841 224.258
240 0.768921 1033.86
241 766.815 596.392
242 795.283 661.042
243 866.834 222.897
244 246.498 890.845
245 329.022 174.746
246 463.024 640.722
247 512.335 754.546
248 1060.91 717.915
249 1023.84 1025.71
250 420.307 138.583
251 840.899 555.863
252 818.934 706.906
253 1030.71 949.527
254 164.516 937.382
255 206.801 634.637
256 932.367 532.16
257 365.946 803.355
258 1025.44 361.192
259 520.47 1012.37
260 60.0761 513.84
261 559.749 536.182
262 183.509 306.265
263 370.556 18.4207
264 735.063 410.279
265 344.05 188.753
266 658.999 705.736
267 263.365 280.466
268 153.617 45.0655
269 789.187 1004.18
270 578.797 238.944
271 28.1492 297.905
272 815.881 1066.26
273 30.8237 122.725
274 522.432 254.55
275 610.925 242.645
276 981.62 36.8748
277 703.295 493.356
278 830.026 867.376
279 474.769 359.832
280 368.213 758.089
281 715.932 502.105
282 326.416 922.113
283 390.645 778.583
284 976.328 734.396
285 774.504 353.914
286 465.466 474.133
287 1007.98 475.728
288 902.713 16.0805
289 342.744 988.074
290 580.636 650.908
291 734.152 155.623
292 300.464 648.836
293 886.657 886.432
294 96.4829 288.479
295 754.846 701.533
296 442.079 1047.4
297 593.383 189.489
298 879.868 130.192
299 897.498 522.074
300 719.061 195.373
301 287.71 664.649
302 733.416 279.117
303 180.06 613.599
304 513.506 632.163
305 111.226 352.878
306 622.119 368.652
307 65.726 929.559
308 1003.29 787.251
309 591.991 817.741
310 192.23 494.483
311 1025.28 137.613
312 500.847 240.95
313 856.014 694.001
314 73.5824 996.659
315 446.977 18.7866
316 491.459 909.567
317 568.025 376.571
318 674.848 478.47
319 509.46 23.4019
320 963.659 1017.05
321 922.041 592.872
322 1051.22 724.591
323 302.716 794.406
324 35.0695 156.128
325 1028.28 957.918
326 824.469 410.838
327 329.911 643.731
328 9.82882 185.019
329 862.529 812.114
330 256.719 482.548
331 705.034 385.875
332 920.666 384.026
333 821.552 743.246
334 775.867 232.08
335 495.003 744.353
336 636.132 783.173
337 534.266 283.531
338 1031.56 1083.98
339 578.685 666.621
340 457.776 395.837
341 806.531 513.403
342 142.083 65.726
343 313.465 618.156
344 459.614 575.063
345 923.663 216.167
346 771.729 137.904
347 488.532 125.311
348 751.813 733.393
349 368.888 375.401
350 811.704 248.472
351 388.931 452.36
352 628.945 268.855
353 967.185 694.072
354 434.724 33.9328
355 332.617 1061.21
356 289.683 707.842
357 900.173 196.041
358 186.814 856.621
359 323.86 507.421
360 233.986 1016.28
361 775.808 265.077
362 657.115 1021.1
363 791.053 812.282
364 413.855 100.772
365 260.269 157.505
366 74.251 965.407
367 336.912 883.624
368 379.446 1013.51
369 37.0419 81.3484
370 591.3 895.559
371 815.959 382.923
372 410.47 798.417
373 648.735 47.6731
374 577.26 898.277
375 962.422 836.83
376 500.928 710.226
377 834.148 499.502
378 385.218 300.949
379 828.394 8.46804
380 784.99 458.143
381 718.741 662.576
382 225.361 821.485
383 871.983 257.589
384 664.238 89.5725
385 761.645 127.651
386 632.12 201.357
387 428.95 420.165
388 898.641 97.7966
389 1032.26 743.384
390 311.346 871.465
391 456.708 839.16
392 332.642 572.311
393 656.057 641.38
394 617.779 125.769
395 380.516 539.515
396 454.779 181.9
397 632.534 955.979
398 219.202 748.428
399 410.504 724.267
400 639.951 805.662
401 770.721 851.229
402 904.586 435.62
403 982.347 349.291
404 885.496 292.701
405 941.895 174.689
406 971.94 707.919
407 183.271 57.1676
408 550.28 219.711
409 987.629 27.2899
410 668.594 473.732
411 1031.72 751.503
412 909.099 572.522
413 843.406 999.306
414 80.8036 409.3
415 528.282 948.19
416 1086.16 552.219
417 602.366 914.381
418 633.835 541.22
419 611.927 337.289
420 582.876 746.131
421 575.955 262.68
422 799.611 877.239
423 946.399 666.063
424 976.597 859.296
425 568.667 402.179
426 82.2077 367.745
427 150.943 1002.32
428 434.152 76.902
429 153.098 544.701
430 1056.75 609.53
431 951.289 280.054
432 210.183 627.75
433 453.088 20.7609
434 987.462 960.416
435 464.328 829.642
436 97.3521 476.965
437 626.313 498.505
438 323.516 54.7036
439 112.485 914.19
440 849.002 81.2088
441 81.5056 128.811
442 670.323 894.265
443 351.898 670.141
444 658.22 147.008
445 827.57 966.734
446 193.768 353.47
447 824.417 428.623
448 712.393 322.445
449 856.979 182.813
450 100.896 840.063
451 305.763 0.802352
452 953.863 1083.58
453 177.654 178.189
454 705.602 843.143
455 1035.84 1015.18
456 988.933 59.1066
457 892.015 366.508
458 991.841 982.715
459 831.34 928.599
460 92.0941 427.286
461 597.117 147.432
462 296.068 850.631
463 929.024 148.779
464 900.403 752.343
465 883.189 359.324
466 567.731 866.25
467 444.704 590.274
468 481.478 429.325
469 115.806 516.518
470 200.173 303.256
471 146.756 297.974
472 676.977 792.166
473 631.926 357.558
474 213.365 823.882
475 98.5639 357.381
476 405.255 621.432
477 502.195 208.443
478 690.023 1076.19
479 553.79 1015.78
480 619.163 520.168
481 180.638 436.389
482 695.882 738.04
483 500.928 884.436
484 691.263 103.647
485 230.108 595.249
486 560.778 884.263
487 385.908 438.93
488 550.808 666.12
489 179.426 900.072
490 652.279 432.836
491 816.87 823.147
492 277.522 876.635
493 278.47 12.3795
494 472.82 188.128
495 334.385 688.619
496 1045.72 626.681
497 1028.98 670.91
498 337.457 214.562
499 433.605 1011.9
500 371.991 687.549
501 1083.92 342.548
502 540.919 478.938
503 126.948 967.069
504 148.383 780.89
505 227.199 477.565
506 286.54 224.291
507 687.282 1053.12
508 562.977 821.652
509 712.688 1065.33
510 90.4203 733.226
511 277.667 396.84
512 822.044 208.688
513 255.357 453.807
514 818.339 25.8189
515 513.331 452.895
516 380.148 504.288
517 480.542 40.5956
518 133.257 687.649
519 421.713 241.341
520 385.741 904.92
521 765.12 144.858
522 366.608 197.646
523 615.237 319.537
524 472.659 103.236
525 896.72 341.444
526 411.139 733.026
527 139.451 813.656
528 486.326 657.528
529 514.8 804.158
530 873.89 37.687
531 690.458 672.271
532 849.792 39.1481
533 1091.37 175.481
534 538.478 684.283
535 564.424 68.902
536 292.491 311.824
537 797.921 991.741
538 790.852 620.319
539 646.663 17.8523
540 865.003 500.304
541 669.805 29.687
542 804.726 1054.83
543 77.4939 406.201
544 1083.69 1004.79
545 931.698 331.539
546 756.251 837.355
547 349.608 740.569
548 133.659 205.302
549 345.379 80.837
550 798.909 990.013
551 606.244 172.773
552 153.985 744.794
553 764.084 619.393
554 1003.42 739.468
555 232.616 979.214
556 475.041 329.208
557 312.511 1001.25
558 632.502 844.854
559 1013.75 104.182
560 201.717 612.673
561 306.014 64.4656
562 1035.4 292.457
563 169.456 772.665
564 360.946 544.329
565 55.7934 98.5222
566 434.24 762.335
567 975.35 613.91
568 383.825 233.184
569 873.294 541.765
570 899.37 965.096
571 239.32 456.973
572 670.594 600.628
573 282.93 450.22
574 29.0894 712.733
575 661.239 981.02
576 932.354 195.282
577 884.02 605.275
578 992.866 902.055
579 779.576 551.784
580 1049.97 1054.86
581 631.442 689.264
582 360.524 1079.07
583 590.632 316.862
584 896.877 518.286
585 311.012 426.092
586 698.381 257.832
587 720.011 714.027
588 338.621 293.093
589 330.664 751.38
590 948.481 915.417
591 901.276 768.018
592 898.861 439.957
593 1020.85 357.615
594 839.336 163.857
595 92.9726 203.573
596 350.337 125.568
597 1017.28 618.356
598 469.476 467.404
599 740.738 56.8708
600 745.486 295.065
601 922.544 951.657
602 778.292 874.397
603 737.101 18.5977
604 308.344 89.6059
605 605.065 22.0746
606 737.094 108.093
607 242.383 1063.13
608 209.814 399.904
609 643.955 934.64
610 354.373 853.202
611 87.9567 665.394
612 754.186 456.682
613 510.654 215.933
614 498.253 45.6672
615 126.68 209.815
616 117.838 818.199
617 52.6544 751.971
618 361.225 563.719
619 1077.03 255.113
620 354.113 239.903
621 285.504 532.695
622 274.549 199.328
623 956.312 74.8194
624 685.935 301.049
625 1051.27 484.464
626 963.718 1016.02
627 749.397 83.8793
628 1033.65 261.734
629 1034.69 415.027
630 496.666 489.98
631 887.607 554.129
632 32.5621 770.864
633 849.992 805.371
634 383.562 802.122
635 340.131 334.351
636 696.411 0.0668627
637 87.189 1075.72
638 309.073 719.978
639 27.046 62.8608
640 223.522 674.889
641 727.933 1084.41
642 133.792 117.588
643 481.044 498.227
644 387.603 892.894
645 56.8102 722.853
646 1044.5 1046.03
647 2.13961 94.4869
648 911.416 783.631
649 98.7843 243.247
650 43.2936 190.936
651 393.821 291.923
652 856.444 461.62
653 1016.56 757.755
654 222.987 427.396
655 981.511 84.0799
656 269.215 88.7937
657 322.237 360.022
658 52.0526 273.034
659 560.801 1063.13
660 349.462 1025.51
661 959.685 244.761
662 1085.36 137.102
663 872.549 831.672
664 503.337 395.861
665 760.436 777.78
666 18.3204 677.931
667 831.137 280.56
668 717.805 824.995
669 699.25 137.379
670 334.681 700.587
671 203.864 805.739
672 261.304 609.33
673 1030.22 695.439
674 94.711 654.596
675 228.604 517.116
676 37.3094 499.832
677 607.815 463.836
678 883.115 475.026
679 271.259 761.8
680 859.721 253.988
681 912.442 885.807
682 634.35 715.073
683 171.291 518.921
684 373.818 352.534
685 1000.61 196.519
686 1.0698 328.43
687 816.184 958.949
688 127.006 90.3749
689 608.561 790.962
690 154.62 924.945
691 215.161 291.726
692 1067.73 383.959
693 709.58 375.945
694 800.685 1014.64
695 731.946 165.719
696 65.0855 900.316
697 1001.17 115.271
698 87.917 231.312
699 679.693 524.147
700 980.776 641.548
701 202.034 1080.31
702 333.143 998.103
703 195.32 445.616
704 641.778 963.926
705 1095.22 551.36
706 966.377 1006.66
707 88.0978 38.1216
708 1046.51 974.424
709 363.309 764.919
710 910.937 35.748
711 505.415 596.984
712 453.831 608.116
713 342.872 407.428
714 555.223 776.309
715 794.274 566.528
716 758.725 685.219
717 659.66 577.269
718 820.038 652.346
719 911.305 458.253
720 518.14 565.021
721 125.931 14.9872
722 8.99303 279.73
723 28.5838 205.807
724 880.314 303.991
725 781.223 906.635
726 761.967 287.52
727 682.647 524.973
728 648.893 993.647
729 60.4773 172.41
730 107.214 881.451
731 695.84 634.504
732 94.4758 42.9927
733 877.18 1033.36
734 671.622 1007.36
735 627.473 422.315
736 315.187 824.818
737 1021.48 789.214
738 816.795 405.8
739 608.642 746.355
740 1046.14 229.382
741 461.194 929.87
742 356.111 451.3
743 361.092 175.682
744 873.06 940.29
745 588.396 1093.45
746 545.301 634.393
747 760.605 611.336
748 101.264 40.0508
749 329.991 775.641
750 443.032 509.561
751 769.088 617.888
752 131.992 955.773
753 658.096 375.879
754 855.262 356.378
755 845.4 254.69
756 455.536 931.631
757 42.0294 362.305
758 647.395 914.084
759 672.897 750.638
760 2.64108 1056.3
761 693.943 137.246
762 40.5522 468.617
763 1013.58 885.907
764 4.04519 512.446
765 274.104 705.478
766 133.191 355.275
767 515.779 96.7268
768 701.044 384.27
769 279.219 105.185
770 654.218 840.006
771 943.008 265.048
772 881.668 939.826
773 795.365 640.755
774 452.493 619.349
775 823.916 844.376
776 1037.17 117.879
777 1020.69 514.843
778 515.736 59.4409
779 101.905 181.241
780 926.861 687.258
781 1019.89 587.623
782 557.869 215.931
783 876.505 1000.73
784 337.984 271.84
785 7.3549 689.064
786 950.133 1086.79
787 318.066 595.845
788 523.234 202.694
789 57.7128 919.071
790 315.592 395.035
791 37.0085 490.548
792 420.258 229.951
793 327.911 1004.48
794 545.494 973.163
795 114.109 631.886
796 15.6793 993.346
797 62.082 336.697
798 935.701 927.864
799 378.589 945.405
800 651.009 220.881
801 885.262 163.617
802 489.595 82.3749
803 597.855 1051.08
804 1008.06 52.7253
805 712.35 547.315
806 953.075 590.541
807 211.678 414.392
808 384.103 405.566
809 22.0313 702.737
810 872.903 532.227
811 806.862 741.812
812 269.056 1080.97
813 732.462 71.1419
814 639.373 981.444
815 1070.77 471.86
816 1005.48 186.346
817 998.217 501.571
818 986.593 19.0323
819 308.965 993.155
820 216.802 514.151
821 153.126 550.815
822 375.643 1013.17
823 855.83 184.852
824 454.106 829.007
825 995.619 579.131
826 659.621 856.415
827 620.051 502.607
828 900.462 631.829
829 1054.63 280.489
830 435.477 341.21
831 781.124 483.728
832 23.0342 420.71
833 729.115 747.09
834 544.104 1076.57
835 250.545 529.385
836 162.61 261.701
837 1063 112.841
838 763.372 394.868
839 998.528 540.027
840 161.54 550.524
841 683.308 1072.54
842 1037.97 385.206
843 698.918 58.3043
844 568.308 721.449
845 460.338 1090.04
846 156.091 1023.81
847 1085.8 907.17
848 592.575 717.775
849 1095.39 451.066
850 1044.19 676.851
851 667.164 636.977
852 273.101 35.8149
853 1033.7 796.937
854 213.827 72.312
855 163.938 825.119
856 543.264 653.325
857 412.142 3.71088
858 390.117 488.208
859 332.033 163.957
860 639.22 939.999
861 1041.65 859.797
862 971.08 411.807
863 887.87 989.137
864 613.532 453.707
865 833.149 573.558
866 444.325 664.181
867 8.55843 169.473
868 267.618 399.037
869 167.834 858.293
870 572.278 561.189
871 54.002 935.887
872 704.733 40.2613
873 240.773 842.972
874 115.338 1058.98
875 190.551 703.396
876 915.947 417.558
877 526.654 287.386
878 612.868 531.09
879 360.223 737.629
880 678.382 168.738
881 527.045 292.391
882 409.501 868.59
883 28.2829 375.267
884 349.531 820.883
885 689.354 530.589
886 965.071 105.877
887 124.825 522.499
888 483.919 642.25
889 775.775 909.366
890 452.472 181.542
891 511.5 1028.21
892 161.908 833.644
893 1083.75 233.083
894 130.048 1003.38
895 324.025 274.405
896 319.002 54.8943
897 213.158 554.058
898 231.475 26.1473
899 890.979 15.3549
900 1072.74 505.315
901 179.459 657.862
902 555.272 355.78
903 1021.61 437.316
904 812.898 37.2091
905 800.079 377.684
906 676.297 113.967
907 149.839 1043.46
908 44.8314 858.956
909 795.297 768.587
910 952.113 544.095
911 562.424 544.73
912 1031.3 756.729
913 950.312 93.4072
914 623.895 32.7962
915 660.135 197.021
916 95.9113 25.3843
917 740.78 95.0552
918 867.443 72.2452
919 29.9429 230.242
920 306.035 949.618
921 766.113 1084.68
922 482.414 550.925
923 378.632 658.562
924 160.78 418.828
925 1057.67 1043.27
926 749.497 320.74
927 683.771 688.428
928 799.147 649.013
929 1077.82 89.6295
930 433.707 903.085
931 301.083 1049.01
932 215.988 1032.06
933 329.867 912.977
934 815.675 475.136
935 267.642 1027.41
936 192.899 678.332
937 146.565 25.1778
938 64.3219 1021.97
939 394.146 257.465
940 112.028 254.483
941 840.865 922.916
942 309.364 1033.94
943 589.183 1064.89
944 88.5262 901.152
945 518.119 981.946
946 332.282 435.544
947 701.189 303.222
948 632.258 428.49
949 467.811 985.79
950 817.53 1079.44
951 679.465 410.38
952 1022.56 1035.67
953 385.463 398.468
954 247.988 771.796
955 1046.37 204.075
956 890.444 832.885
957 168.929 674.076
958 876.069 767.081
959 685.343 1038.68
960 736.637 906.792
961 971.816 71.9108
962 481.077 525.073
963 1039.61 9.50441
964 34.2733 584.514
965 400.942 812.215
966 987.395 668.135
967 319.695 370.486
968 104.941 574.284
969 56.7413 1080.37
970 1033.04 684.985
971 176.986 952.727
972 879.52 460.293
973 1046.2 860.222
974 565.332 573.715
975 734.955 928.99
976 471.506 974.968
977 305.815 1081.57
978 428.122 283.498
979 441.662 1067.64
980 1060.58 128.844
981 484.578 747.057
982 654.077 210.317
983 902.045 340.732
984 673.08 179.493
985 205.001 362.697
986 631.217 112.874
987 619.126 636.867
988 967.035 379.322
989 651.076 1033.83
990 517.913 713.927
991 1080.43 221.058
992 1086.53 760.095
993 706.354 984.587
994 78.5129 1034.57
995 533.263 730.174
996 422.563 1036.88
997 369.171 224.167
998 42.0628 521.673
999 468.145 906
1000 658.564 925.012
1001 500.233 746.388
1002 219.652 316.996
1003 275.365 246.399
1004 1080.28 830.578
1005 33.3195 607.815
1006 163.724 752.473
1007 426.356 870.185
1008 58.9614 881.718
1009 312.583 104.172
1010 94.3986 570.239
1011 148.134 979.873
1012 721.549 197.713
1013 33.6204 582.986
1014 464.83 1054.19
1015 678.824 287.52
1016 781.257 231.021
1017 133.734 916.922
1018 499.457 599.524
1019 981.94 989.969
1020 138.127 90.7661
1021 390.211 489.111
1022 730.274 293.671
1023 205.636 1093.98
1024 280.029 733.417
1025 878.843 694.135
1026 23.9368 750.166
1027 1.1701 456.95
1028 941.128 1058.14
1029 245.353 282.495
1030 1061.58 731.588
1031 895.191 600.962
1032 791.765 405.231
1033 249.097 576.022
1034 495.36 775.24
1035 277.781 765.244
1036 983.617 404.362
1037 1021.75 152.28
1038 906.491 898.578
1039 923.14 590.765
1040 1002.1 588.693
1041 1009.31 1069.67
1042 1027.61 770.258
1043 744.67 191.037
1044 884.761 998.437
1045 816.394 290.351
1046 156.626 914.715
1047 378.589 622.769
1048 503.978 260.731
1049 527.52 322.345
1050 667.524 137.436
1051 1000.14 943.041
1052 702.967 881.016
1053 263.144 704.599
1054 921.167 46.7705
1055 892.751 875.778
1056 950.219 525.712
1057 844.789 788.522
1058 330.259 415.461
1059 156.024 493.657
1060 933.715 919.807
1061 6.88686 340.398
1062 230.5 640.01
1063 345.346 608.494
1064 703.964 1076.29
1065 693.767 758.056
1066 449.39 994.65
1067 41.2762 618.146
1068 242.879 172.382
1069 972.184 176.718
1070 109.671 827.961
1071 322.412 942.802
1072 556.391 410.848
1073 980.797 578.262
1074 471.367 539.458
1075 1087.7 38.2219
1076 587.785 67.9424
1077 1022.16 306.231
1078 1077.6 52.6544
1079 112.269 867.955
1080 364.335 119.484
1081 1091.36 653.125
1082 1032.06 820.984
1083 254.59 233.227
1084 704.56 970.221
1085 140.445 171.206
1086 937.891 501.036
1087 443.007 156.669
1088 151.535 957.942
1089 931.842 267.284
1090 456.052 528.994
1091 614.374 824.584
1092 119.811 780.03
1093 229.914 941.694
1094 357.582 101.932
1095 694.743 463.101
1096 493.681 765.277
1097 990.738 385.463
1098 394.3 1061.11
1099 170.559 573.09
1100 70.6093 302.988
1101 785.594 493.624
1102 805.804 449.728
1103 556.164 764.675
1104 528.851 536.239
1105 793.827 586.657
1106 1039.32 347.261
1107 385.163 334.514
1108 634.718 612.228
1109 29.6536 209.013
1110 944.369 462.991
1111 13.6734 869.292
1112 456.639 1076.27
1113 386.667 643.463
1114 998.461 492.922
1115 504.454 75.8322
1116 150.467 157.973
1117 514.943 911.807
1118 64.2142 631.953
1119 537.442 439.455
1120 436.521 745.954
1121 722.752 812.124
1122 78.4027 614.736
1123 361.828 813.485
1124 161.35 269.734
1125 1048.74 955.635
1126 65.7813 594.242
1127 931.052 213.603
1128 734.554 863.599
1129 351.798 6.41882
1130 218.901 427.597
1131 683.504 241.217
1132 874.862 49.6456
1133 144.591 202.972
1134 864.969 152.791
1135 690.157 1015.74
1136 503.744 10.3068
1137 140.846 1032.7
1138 330.151 325.187
1139 175.548 555.863
1140 787.576 717.103
1141 1005.4 551.694
1142 812.258 334.213
1143 785.67 888.004
1144 238.104 878.509
1145 995.511 617.745
1146 421.202 171.011
1147 814.906 421.302
1148 899.671 1017.48
1149 798.575 101.498
1150 767.516 494.049
1151 956.672 425.013
1152 300.637 689.354
1153 517.15 184.852
1154 871.16 947.956
1155 428.596 800.848
1156 27.1347 203.707
1157 24.9064 136.209
1158 896.127 580.947
1159 390.946 442.273
1160 506.025 949.795
1161 966.3 1060.34
1162 862.562 235.4
1163 705.669 475.193
1164 638.004 957.244
1165 892.249 394.423
1166 945.74 838.793
1167 122.426 823.09
1168 816.561 172.716
1169 72.3166 400.24
1170 984.978 986.034
1171 1011.44 802.921
1172 263.004 261.41
1173 282.367 128.042
1174 925.982 657.638
1175 527.038 298.786
1176 1084.31 160.046
1177 993.72 912.452
1178 13.5397 780.532
1179 615.196 86.8547
1180 456.973 663.077
1181 812.549 245.296
1182 390.679 300.882
1183 501.972 621.265
1184 264.475 44.6073
1185 913.321 118.858
1186 648.579 469.41
1187 431.699 493.112
1188 732.055 796.311
1189 795.499 803.723
1190 552.186 604.716
1191 563.519 921.87
1192 205.469 1067.1
1193 1079.74 272.198
1194 123.069 1036.27
1195 822.679 281.459
1196 40.3578 961.997
1197 100.261 684.942
1198 395.693 966.878
1199 517.049 858.484
1200 713.358 690.224
1201 735.046 105.543
1202 1076.78 980.217
1203 156.058 883.428
1204 304.113 731.388
1205 626.991 205.914
1206 234.612 686.556
1207 571.275 623.562
1208 108.442 426.928
1209 124.498 605.475
1210 352.768 268.922
1211 827.058 738.231
1212 640.087 278.617
1213 912.82 382.354
1214 456.868 351.507
1215 174.211 1002.51
1216 629.89 305.897
1217 654.462 382.598
1218 216.836 110.032
1219 745.626 1.53784
1220 1078.5 27.5908
1221 993.071 223.699
1222 334.146 775.808
1223 921.359 1047.68
1224 320.64 826.356
1225 655.278 62.4163
1226 629.646 873.203
1227 386.166 940.027
1228 485.39 421.202
1229 778.182 36.0823
1230 114.201 911.883
1231 780.756 432.702
1232 1081.46 780.288
1233 411.64 111.995
1234 778.215 856.444
1235 714.495 312.082
1236 800.943 751.269
1237 193.4 745.83
1238 942.296 70.6169
1239 166.923 142.952
1240 449.745 456.973
1241 93.3643 622.926
1242 643.444 679.296
1243 607.572 780.799
1244 838.215 936.947
1245 459.614 270.704
1246 515.511 848.287
1247 388.594 188.352
1248 472.82 857.882
1249 61.9722 945.506
1250 74.7191 675.624
1251 700.019 52.6977
1252 134.333 99.6589
1253 1094.82 62.1823
1254 517.443 387.713
1255 198.653 889.976
1256 769.523 458.12
1257 855.062 623.906
1258 1044.12 574.193
1259 680.228 923.752
1260 498.629 343.149
1261 943.708 440.826
1262 1087.36 372.994
1263 552.564 494.961
1264 376.771 726.53
1265 505.783 231.98
1266 987.662 330.837
1267 875.125 1094.28
1268 230.576 948.29
1269 290.892 387.446
1270 631.241 887.201
1271 716.768 635.864
1272 455.749 369.059
1273 285.337 561.155
1274 609.186 404.396
1275 1030.31 1001.03
1276 1086.18 945.911
1277 396.262 1017.88
1278 184.213 798.909
1279 135.263 399.939
1280 715.297 1017.05
1281 664.773 39.3487
1282 1093.08 324.261
1283 222.887 968.984
1284 201.666 36.4736
1285 60.9536 138.071
1286 885.512 962.961
1287 595.981 219.377
1288 479.915 434.24
1289 857.347 1012.74
1290 1014.55 1035.87
1291 265.721 836.228
1292 213.475 519.323
1293 334.101 965.975
1294 787.108 905.866
1295 15.2781 793.56
1296 288.813 626.403
1297 873.795 711.228
1298 972.284 676.426
1299 709.252 616.551
1300 677.843 816.504
1301 365.594 346.96
1302 968.16 202.427
1303 672.515 515.277
1304 886.365 617.153
1305 373.035 496.599
1306 753.384 31.9034
1307 416.187 581.81
1308 668.232 884.938
1309 838.191 118.992
1310 33.3038 320.884
1311 59.0992 919.563
1312 1088.68 343.073
1313 862.529 322.379
1314 508.257 157.906
1315 476.938 590.899
1316 64.8317 221.75
1317 357.983 721.458
1318 1038.14 17.6282
1319 648.067 664.281
1320 87.8126 924.019
1321 267.308 630.415
1322 1036.67 653.416
1323 601.936 447.947
1324 305.395 91.5685
1325 22.6999 39.9604
1326 764.534 343.741
1327 527.446 949.885
1328 457.508 411.206
1329 4.34608 437.717
1330 715.999 326.992
1331 126.738 1043
1332 459.272 940.925
1333 626.972 1057.18
1334 813.124 206.014
1335 541.449 804.101
1336 853.194 131.161
1337 706.137 825.119
1338 174.445 90.599
1339 682.033 738.499
1340 260.932 454.309
1341 65.726 355.653
1342 387.798 774.949
1343 403.654 622.134
1344 3.3097 881.695
1345 399.379 1058.65
1346 134.035 39.9269
1347 70.841 308.839
1348 839.562 853.034
1349 651.548 364.469
1350 46.411 72.9905
1351 73.341 902.112
1352 77.3527 499.173
1353 184.13 453.841
1354 614.702 52.1529
1355 149.104 377.373
1356 644.079 188.954
1357 98.495 892.059
1358 821.247 529.696
1359 960.11 136.41
1360 43.1013 991.684
1361 62.7506 683.949
1362 212.857 901.276
1363 806.164 693.777
1364 833.276 605.117
1365 727.524 294.263
1366 856.946 362.864
1367 284.601 1037.64
1368 1065.66 987.696
1369 351.263 870.596
1370 135.765 494.283
1371 648.472 131.997
1372 1094.03 1013.98
1373 302.546 753.676
1374 817.454 553.633
1375 774.916 220.246
1376 773.492 977.141
1377 386.858 887.168
1378 1060.71 258.257
1379 350.353 204.667
1380 428.59 374.565
1381 897.707 963.893
1382 865.343 102.845
1383 182.925 23.1778
1384 833.951 640.946
1385 774.538 601.564
1386 715.937 866.741
1387 551.739 932.811
1388 310.884 861.593
1389 161.027 937.114
1390 85.3073 722.161
1391 762.502 705.936
1392 171.202 192.163
1393 345.087 9.86225
1394 674.602 598.465
1395 173.408 585.025
1396 944.642 563.562
1397 222.653 292.758
1398 970.378 597.051
1399 237.463 36.7175
1400 723.695 944.011
1401 729.879 457.642
1402 2.37363 1019.23
1403 568.5 764.284
1404 178.523 45.0989
1405 1090.67 927.663
1406 303.547 802.185
1407 420.156 841.343
1408 825.979 564.03
1409 877.009 990.213
1410 586.178 1005.85
1411 409.467 1059.04
1412 1035.87 413.389
1413 757.743 824.929
1414 876.871 1001.7
1415 1094.83 869.717
1416 817.296 90.4083
1417 748.3 418.771
1418 1092.31 693.209
1419 519.089 13.2722
1420 692.069 249.776
1421 359.889 317.975
1422 1091.09 372.402
1423 26.3105 391.983
1424 154.419 596.282
1425 312.806 387.937
1426 212.456 417.634
1427 939.726 236.57
1428 610.089 659.3
1429 166.461 73.8499
1430 271.451 298.719
1431 813.291 216.545
1432 415.752 520.87
1433 432.334 849.19
1434 761.366 584.256
1435 545.767 832.919
1436 721.482 248.539
1437 352.567 756.662
1438 652.446 909.878
1439 121.79 472.361
1440 523.702 562.927
1441 136.863 602.109
1442 211.821 607.815
1443 621.656 856.979
1444 513.974 463.77
1445 748.795 622.559
1446 15.1444 371.466
1447 589.228 1071.18
1448 64.5894 561.58
1449 1056.5 495.453
1450 318.233 932.31
1451 684.377 326.257
1452 557.124 881.217
1453 924.31 748.628
1454 1077.22 38.3458
1455 1047.35 291.191
1456 620.118 698.648
1457 1094.1 1067.31
1458 187.24 221.793
1459 987.851 934.583
1460 1084.46 838.803
1461 313.787 259.933
1462 278.216 426.317
1463 899.437 339.505
1464 591.507 123.238
1465 1059.14 305.372
1466 383.123 842.169
1467 242.444 714.227
1468 794.563 48.7763
1469 963.525 636.543
1470 868.989 408.431
1471 1031.62 9.10323
1472 256.855 345.948
1473 412.509 1038.18
1474 107.571 497.492
1475 893.252 284.143
1476 638.799 1092.81
1477 52.4872 64.9571
1478 281.793 143.153
1479 542.223 664.291
1480 239.703 742.778
1481 393.041 832.049
1482 853.335 6.08451
1483 135.397 645.034
1484 106.615 1086.39
1485 646.451 795.265
1486 495.386 107.281
1487 559.841 345.78
1488 367.686 68.3671
1489 1036.71 858.521
1490 720.412 1029.12
1491 190.692 1042.02
1492 1070.11 351.832
1493 254.617 342.28
1494 1086.63 946.742
1495 596.816 413.455
1496 334.681 1002.44
1497 1019.32 89.4722
1498 4.14549 848.087
1499 875.4 1052.29
1500 90.9333 704.041
1501 533.319 196.453
1502 199.217 118.156
1503 817.998 463.726
1504 1054.12 183.806
1505 515.11 467.437
1506 323.419 574.518
1507 552.996 88.135
1508 166.227 1.03637
1509 264.342 774.203
1510 539.889 485.132
1511 885.63 478.212
1512 332.617 1023.28
1513 932.902 267.718
1514 534.768 746.331
1515 3.14255 465.04
1516 691.917 565.892
1517 409.434 271.162
1518 478.328 249.876
1519 191.996 703.964
1520 441.227 837.632
1521 27.4022 488.198
1522 525.273 973.287
1523 430.897 424.043
1524 399.973 147.743
1525 811.568 1082.65
1526 1016.19 868.088
1527 858.038 320.707
1528 284.273 527.48
1529 91.5078 108.316
1530 650.816 335.995
1531 686.011 158.765
1532 652.714 679.626
1533 740.571 13.2388
1534 341.702 635.53
1535 195.273 237.697
1536 608.317 18.1297
1537 489.368 149.08
1538 605.174 27.7579
1539 934.908 412.275
1540 286.914 1054.06
1541 483.729 232.057
1542 157.216 171.67
1543 1027.88 127.841
