1 1196.51 833.035
2 1224.69 1057.91
3 635.538 1332.81
4 724.664 68.2615
5 99.3595 846.66
6 436.186 1300.08
7 1481.17 411.425
8 977.208 525.809
9 422.38 15.0737
10 1435.94 772.864
11 1009.48 1002.59
12 655.111 469.728
13 332.888 794.464
14 177.416 737.569
15 1154.03 837.29
16 848.164 580.075
17 755.992 1009.12
18 950.42 815.776
19 487.02 1184.2
20 1069.82 442.206
21 1169.88 1183.02
22 1406.88 297.659
23 1142.29 729.511
24 320.394 1216.71
25 1418.17 368.336
26 830.047 680.838
27 504.971 523.187
28 88.5408 608.955
29 179.209 1244.55
30 401.681 481.633
31 514.461 835.163
32 1139.31 493.945
33 658.081 783.14
34 442.342 1030.52
35 1082.18 398.434
36 494.353 619.016
37 107.118 262.771
38 1285.56 1146.82
39 452.454 641.456
40 1388.41 752.778
41 1360.8 968.608
42 149.064 477.831
43 1443.13 516.262
44 320.527 1140.88
45 529.389 904.013
46 1283.39 1396.33
47 1349.25 1135.49
48 826.153 115.882
49 1456.12 1252.38
50 431.649 1401.58
51 319.388 250.504
52 1071.27 1048.77
53 1129.17 618.79
54 651.291 1318.46
55 1285.88 683.463
56 912.548 1402.47
57 630.861 216.056
58 1145.15 323.427
59 1108.03 550.516
60 1305.84 883.495
61 180.16 133.852
62 406.536 993.504
63 1433.08 306.951
64 916.774 974.435
65 199.556 781.465
66 432.147 854.537
67 1157.5 389.924
68 890.433 609.465
69 963.753 185.592
70 1264.11 1028.48
71 1019.27 707.998
72 528.147 965.653
73 1367.22 1239.39
74 846.114 347.192
75 728.118 809.134
76 565.964 1274.15
77 708.723 919.267
78 276.339 828.146
79 814.476 833.126
80 259.33 653.147
81 768.304 1246.45
82 267.84 165.979
83 594.71 251.812
84 465.156 1482.37
85 528.891 1141.57
86 28.2461 1239.89
87 82.4104 1229.52
88 572.618 370.867
89 1075.35 298.338
90 72.6248 412.364
91 717.289 1390.61
92 1340.88 557.17
93 973.325 214.324
94 1255.54 538.216
95 640.97 1453.4
96 1399.75 85.1337
97 11.5429 647.081
98 1233.14 175.666
99 1375.91 1052.67
100 169.341 183.559
101 291.786 408.981
102 888.848 1047.37
103 1122.67 973.27
104 723.002 115.055
105 980.019 673.324
106 1388.9 1003.78
107 625.625 161.588
108 879.524 757.519
109 4.52663 1125.36
110 1186.66 786.716
111 1092.68 989.521
112 1185.91 916.144
113 1088.26 618.156
114 538.306 957.559
115 432.836 1384.28
116 891.376 530.653
117 349.139 470.588
118 90.3515 344.974
119 343.498 1282.88
120 1407.19 1071.94
121 100.274 715.648
122 1240.72 922.481
123 988.298 758.527
124 277.573 1124.31
125 556.503 797.999
126 575.645 555.187
127 1232.6 965.801
128 1411.65 239.455
129 889.889 88.3024
130 932.281 367.562
131 464.341 1017.18
132 164.045 672.826
133 885.951 1474.49
134 85.9578 1043.56
135 933.251 1074.38
136 479.297 564.277
137 1094.32 328.271
138 1019.03 210.035
139 1097.77 656.575
140 944.028 568.997
141 427.178 329.357
142 384.941 91.6521
143 248.467 931.024
144 463.887 590.951
145 648.881 49.826
146 1325.91 543.455
147 1174.34 806.316
148 957.65 178.88
149 1213.09 1480.38
150 682.434 850.644
151 595.442 1450.91
152 310.285 1294.79
153 144.626 1032.16
154 350.406 679.389
155 514.813 1124.9
156 1289.09 645.44
157 67.1751 1132.61
158 380.563 1273.79
159 1421.25 1351.24
160 1410.61 1275.92
161 633.375 1026.04
162 435.597 164.679
163 212.525 1454.66
164 1321.03 467.769
165 914.767 830.5
166 643.777 1382.11
167 822.535 502.398
168 136.84 1307.02
169 261.911 586.186
170 314.355 1430.5
171 461.127 374.611
172 252.92 205.69
173 395.938 275.478
174 124.165 902.416
175 370.414 826.245
176 72.6071 1335.04
177 948.234 1447.98
178 1172.53 204.32
179 1258.58 280.775
180 181.288 362.673
181 695.382 1281.34
182 1006.5 1235.89
183 18.9666 515.673
184 1219.25 209.859
185 954.711 1426.02
186 176.136 1410.85
187 1323.27 1071.41
188 950.506 885.215
189 852.259 845.347
190 660.461 500.452
191 525.632 1366.12
192 839.663 215.817
193 715.608 702.668
194 372.315 167.029
195 457.528 430.524
196 1189.68 854.389
197 1365.38 959.18
198 615.269 1227.03
199 526.88 862.503
200 269.565 1149.04
201 479.551 1207.1
202 326.777 1428.56
203 523.28 1270.8
204 1004.77 975.295
205 512.912 129.778
206 207.683 1369.16
207 1283.86 246.611
208 434.278 1355.44
209 796.234 1303.88
210 1107.48 9.13166
211 1345.31 794.728
212 1268.15 452.98
213 1222.91 819.036
214 840.991 710.137
215 1075.25 601.362
216 966.842 860.104
217 1014.83 1258.54
218 1096.12 1197.93
219 469.14 1360.96
220 1073.71 171.773
221 1301.41 1191.21
222 422.832 116.606
223 924.006 1345.31
224 541.656 188.024
225 487.655 141.095
226 428.672 215.69
227 853.225 546.454
228 1290.36 16.7485
229 1423.68 918.44
230 934.703 1008.8
231 237.538 869.01
232 180.341 764.004
233 992.073 1043.7
234 1136.18 661.645
235 584.813 760.914
236 170.301 452.379
237 423.783 530.43
238 726.866 140.552
239 813.37 82.3272
240 519.43 1464.76
241 1284.46 771.835
242 1223.19 517.122
243 753.366 469.535
244 663.966 302.185
245 911.3 577.552
246 1076.39 218.813
247 1201.6 1254.1
248 501.46 1224.53
249 835.551 452.922
250 327.362 1329.87
251 598.511 351.164
252 36.9874 357.694
253 631.73 1399.27
254 718.602 401.964
255 759.523 1445.22
256 1271.74 1283.65
257 984.994 840.957
258 792.748 313.23
259 531.381 1312.81
260 301.183 881.832
261 339.049 110.314
262 670.348 54.4553
263 1454.52 658.629
264 292.058 496.073
265 1415.41 1107.65
266 1180.96 236.06
267 439.083 68.2615
268 777.855 27.3287
269 1157.64 1118.39
270 162.461 1114.86
271 115.615 359.595
272 463.074 886.98
273 1118.94 1277.55
274 179.463 395.989
275 926.733 41.6328
276 219.315 281.104
277 630.152 80.3929
278 1297.42 993.685
279 888.758 1092.9
280 1460.45 1102.31
281 785.641 1432.77
282 1323.7 1418.92
283 131.34 232.216
284 727.249 317.905
285 779.759 439.848
286 989.556 142.453
287 197.406 1323.4
288 153.319 217.64
289 340.946 604.35
290 708.372 1097.93
291 1325.25 1304.03
292 414.639 354.061
293 963.764 311.111
294 673.517 81.0719
295 1027.56 67.1299
296 1326.07 305.049
297 175.045 573.795
298 979.064 331.621
299 683.204 255.89
300 1252.65 41.6781
301 72.4648 1279.89
302 379.559 276.034
303 1174.8 688.5
304 669.93 1080.14
305 1225.77 1391.02
306 1295.93 1262.06
307 53.065 243.623
308 445.014 367.324
309 968.879 454.416
310 977.16 97.8657
311 1052.08 349.093
312 903.107 1427.33
313 1253.98 150.148
314 1111.78 44.9825
315 1334.49 1302.63
316 172.102 351.628
317 652.196 3.30444
318 90.3967 259.545
319 749.247 1167.78
320 701.44 1356.62
321 1015.01 1395.42
322 1336.49 908.313
323 316.773 470.041
324 853.722 807.764
325 310.771 682.389
326 428.717 1249.34
327 734.207 53.4021
328 968.11 1061.89
329 1019.04 953.353
330 168.798 1071.14
331 352.658 432.745
332 38.1142 426.951
333 1057.15 932.745
334 668.63 1201.68
335 415.182 765.543
336 1372.74 1213.27
337 590.191 15.0615
338 1458.28 155.625
339 239.821 879.067
340 978.624 1477.84
341 481.227 1165.11
342 994.435 1143.88
343 11.0902 228.549
344 1305.03 1214.86
345 119.277 131.136
346 55.587 330.658
347 767.104 103.022
348 1048 50.0192
349 834.529 410.598
350 1198.74 1007.95
351 1211.51 139.556
352 1380.18 138.865
353 222.122 584.569
354 725.702 1153.42
355 1031.45 1301.31
356 1478.49 587.33
357 1420.14 254.973
358 1417.8 1377.03
359 1008.26 421.281
360 889.921 1034.19
361 1165.06 268.701
362 263.172 1356.8
363 815.2 336.102
364 971.414 251.001
365 1419.48 1275.73
366 683.204 1122.05
367 1079.15 1181.18
368 110.904 182.378
369 799.684 371.048
370 931.399 1175.29
371 372.032 1390.16
372 1081.91 1346.17
373 1265.06 225.747
374 733.554 607.428
375 102.166 1449.55
376 712.323 1463.04
377 1139.9 504.13
378 708.973 361.949
379 92.1799 1180.86
380 57.0808 1482.91
381 373.311 882.997
382 604.757 947.378
383 587.285 1316.74
384 1289.58 590.215
385 81.7056 1163.89
386 428.355 1039
387 901.615 235.327
388 1107.48 1123.19
389 720.076 138.638
390 182.556 1060.72
391 875.944 684.607
392 757.573 819.998
393 1057.96 235.022
394 519.566 831.303
395 847.402 92.7958
396 1092.18 184.053
397 394.224 1308.56
398 645.644 398.981
399 1478.2 611.852
400 584.478 1102.32
401 1364.37 926.963
402 61.2905 97.4009
403 489.374 1412.58
404 370.278 702.261
405 1004.82 348.764
406 17.2012 732.272
407 15.4358 1069.1
408 63.5962 65.9944
409 867.075 1160.54
410 1113.91 1456.61
411 394.357 328.588
412 745.079 772.955
413 1370.44 187.855
414 623.724 1175.46
415 1291.15 1210.68
416 285.087 515.945
417 1363.07 735.894
418 185.999 735.338
419 306.52 1025.82
420 566.734 824.966
421 1310.86 601.408
422 815.675 145.609
423 1383.65 312.198
424 265.962 1237.3
425 435.778 897.856
426 1409.26 27.6621
427 28.9251 17.9254
428 914.333 859.516
429 951.539 753.4
430 865.735 1165.32
431 681.936 666.081
432 162.551 44.7109
433 423.33 690.039
434 669.681 686.233
435 795.378 771.745
436 716.187 182.518
437 1355.36 1440.54
438 193.74 421.734
439 1297.33 1466.94
440 828.95 15.6047
441 1178.62 1183.44
442 732.796 953.929
443 1378.77 718.059
444 577.905 1159.86
445 674.424 896.26
446 328.678 920.251
447 1013.23 822.533
448 973.609 239.277
449 812.646 1266.78
450 928.852 390.422
451 1177.51 1157.81
452 1227.17 1098.96
453 1307.79 1440.83
454 1072.81 512.686
455 111.463 1390.44
456 205.735 512.822
457 1125.97 950.806
458 1156.1 248.014
459 608.288 751.148
460 1426.34 740.239
461 1480.3 1469.7
462 862.322 320.485
463 1238.44 1375.58
464 1126.03 566.553
465 309.938 691.035
466 301.936 1185.42
467 362.628 731.083
468 341.613 724.339
469 891.039 1301.48
470 899.956 359.414
471 1279.04 726.837
472 386.348 50.6861
473 403.859 241.903
474 593.984 1464.62
475 60.1136 1289.45
476 1031.46 1114.46
477 290.792 791.061
478 372.81 338.954
479 96.4143 531.652
480 821.469 1066.38
481 1350.18 1352.59
482 1306.75 788.086
483 553.199 568.034
484 542.422 713.261
485 416.718 1038.36
486 1271.08 560.623
487 336.399 554.964
488 947.012 1208.33
489 245.476 391.903
490 892.787 130.638
491 1139.1 1475.17
492 51.3659 503.542
493 549.17 848.097
494 171.016 842.767
495 1403.88 397.755
496 491.865 240.545
497 815.291 628.341
498 879.75 494.584
499 181.518 698.956
500 497.159 665.867
501 34.5382 79.216
502 324.976 357.908
503 378.562 308.749
504 1435.7 1291.22
505 876.083 1319.69
506 436.367 187.357
507 935.634 532.06
508 1035.69 888.486
509 841.907 1007.62
510 43.7725 305.728
511 1126.02 1090.5
512 1015.19 1078.83
513 488.016 320.699
514 739.696 1088.61
515 854.039 703.199
516 1431.01 491.139
517 717.316 23.7692
518 325.804 299.798
519 387.072 236.459
520 1028.95 736.923
521 1289.5 1165.32
522 672.222 875.528
523 316.117 804.834
524 1185.81 970.418
525 680.95 1136.4
526 377.204 939.23
527 866.868 942.942
528 991.653 554.421
529 36.9373 802.707
530 166.535 826.245
531 1063.17 303.058
532 146.165 1310.78
533 233.889 473.835
534 446.416 661.192
535 1105.54 358.596
536 1015.28 218.727
537 703.936 1193.7
538 916.491 1383.47
539 1445.22 192.608
540 438.223 467.551
541 117.511 588.914
542 1317.2 980.105
543 425.548 1436.69
544 787.605 690.344
545 979.205 595.84
546 1346.72 428.4
547 508.023 1342.87
548 1288.23 299.741
549 330.728 1448.73
550 938.777 152.502
551 462.712 494.839
552 800.527 1211.01
553 1362.61 1391.07
554 107.507 1471.55
555 205.008 819.579
556 274.899 526.22
557 792.042 623.95
558 101.396 978.933
559 1062.26 756.206
560 1235.59 119.355
561 1230.56 894.824
562 1282.55 1443.59
563 937.298 934.658
564 806.503 216.101
565 551.443 1235.71
566 952.719 55.9453
567 1124.8 377.69
568 374.986 799.448
569 1251.77 950.954
570 1367.09 32.637
571 97.8628 1465.36
572 106.628 703.833
573 613.086 687.413
574 453.628 1345.93
575 829.357 651.2
576 1233.69 1175.46
577 425.353 963.526
578 1233.16 484.621
579 52.2098 161.498
580 1051.33 144.342
581 784.165 876.943
582 1212.37 759.465
583 1107.36 29.7731
584 375.801 382.126
585 823.84 1004.9
586 180.703 310.379
587 322.178 545.277
588 1252.43 476.337
589 1419.79 475.374
590 468.742 112.293
591 1115.22 1116.39
592 223.208 1405.16
593 596.483 576.692
594 1055.25 1020.88
595 602.648 473.032
596 964.416 1107.57
597 342.704 227.858
598 1013.24 678.71
599 461.037 1287
600 913.337 916.325
601 902.677 1098.61
602 33.1349 986.611
603 1415.71 1150.26
604 1419.64 276.984
605 91.1663 68.3973
606 501.911 137.959
607 281.285 830.093
608 67.6536 462.519
609 865.989 274.178
610 374.156 1009.83
611 926.507 333.522
612 1088.97 166.761
613 930.131 277.606
614 871.518 489.316
615 593.214 512.776
616 362.276 1467.2
617 132.213 1215.3
618 484.892 72.5618
619 1042.64 1336.93
620 354.752 747.029
621 1239.48 1194.03
622 640.427 730.948
623 944.568 763.053
624 345.563 194.192
625 212 565.092
626 791.107 786.501
627 1305.4 422.787
628 1018.84 356.822
629 1159.43 1267.73
630 577.623 921.881
631 343.254 1178.04
632 1303.02 769.704
633 1080.73 1422.81
634 730.612 237.829
635 444.924 863.137
636 402.779 1370.98
637 1163.65 428.536
638 338.549 615.626
639 407.532 444.556
640 723.924 280.198
641 666.098 200.291
642 331.213 899.61
643 1131.48 1330.59
644 1019.44 200.698
645 1399.53 320.847
646 243.035 1038.54
647 517.846 297.354
648 1440.55 635.493
649 1055.22 1237.62
650 777.796 1365.64
651 1108.39 1225.22
652 147.885 371.274
653 194.69 280.277
654 1411.03 159.416
655 352.172 103.117
656 235.158 742.186
657 322.975 259.318
658 166.489 1082.77
659 157.979 1189.14
660 1231.95 1241.7
661 1450.83 107.178
662 1321.27 1104.23
663 883.152 51.513
664 302.375 860.195
665 677.183 474.345
666 935.749 71.4633
667 610.823 566.685
668 151.729 810.616
669 786.954 390.014
670 49.1769 287.35
671 264.672 669.929
672 1422.45 472.72
673 186.542 1163.93
674 1400.6 503.723
675 461.116 97.9893
676 868.921 925.695
677 1157.4 113.524
678 101.909 677.455
679 789.534 980.591
680 390.942 1253.2
681 440.557 1328.78
682 95.8287 726.919
683 58.2124 1153.47
684 1236.95 1154.92
685 781.748 276.519
686 1096.56 866.076
687 1005.45 950.489
688 388.719 1023.91
689 105.018 417.672
690 136.704 1004.67
691 1225.77 286.161
692 439.807 12.6624
693 1438.15 1304.89
694 290.972 210.612
695 562.071 733.075
696 595.432 357.468
697 1097.39 393.352
698 847.41 103.207
699 1024.92 1415.37
700 548.239 222.619
701 754.272 248.693
702 1334.68 529.525
703 476.201 908.132
704 1250.57 579.668
705 1368.82 653.587
706 903.017 554.998
707 202.069 774.279
708 940.814 1267.09
709 354.005 1348.7
710 128.105 1255.22
711 749.202 35.9414
712 711.928 1409.4
713 1166.46 875.042
714 557.861 1370.89
715 575.41 902.552
716 522.554 1327.92
717 1073.54 522.554
718 607.247 105.504
719 1303.13 1330.6
720 78.3559 1358.65
721 1217.12 743.453
722 537.382 859.277
723 277.102 1148.71
724 1342.1 215.772
725 729.924 977.706
726 1255.91 345.97
727 925.378 893.318
728 121.357 1009.3
729 859.29 705.022
730 976.51 235.87
731 571.124 1176.33
732 362.9 722.166
733 511.934 287.169
734 498.49 981.056
735 277.982 555.553
736 481.678 805.501
737 17.4275 634.271
738 797.297 1060.95
739 255.279 123.305
740 79.9208 142.169
741 1217.06 1199.15
742 665.094 793.008
743 688.959 527.08
744 370.459 844.397
745 1433.51 397.018
746 490.053 153.136
747 912.98 25.3944
748 1247.86 99.4831
749 325.962 1160.49
750 497.403 1002.14
751 897.721 1277.41
752 470.362 127.548
753 1089.11 1444.34
754 686.422 1105.07
755 1446.39 689.767
756 1130.48 1421.41
757 929.226 394.45
758 1004.93 799.81
759 1246.25 31.2337
760 594.957 979.007
761 96.4624 565.602
762 829.238 1098.06
763 402.734 1071.05
764 1257.68 1188.68
765 1173.66 1115.95
766 379.739 518.797
767 1161.49 1443.68
768 1011.52 440.7
769 1173.66 13.8559
770 479.405 1230.47
771 1175.02 99.4831
772 1232.6 1328.43
773 316.638 78.6237
774 1132.11 64.3686
775 777.991 697.689
776 564.425 1253.27
777 1104.69 417.4
778 81.2335 924.325
779 1252.85 417.433
780 248.673 958.682
781 740.692 295.494
782 1013.73 821.616
783 255.455 1341.77
784 430.772 1036.27
785 776.135 63.0106
786 360.766 829.402
787 1115 1457.2
788 1049.36 946.822
789 446.506 41.9044
790 491.284 1469.78
791 992.87 390.772
792 1419.43 708.779
793 636.704 297.626
794 971.369 609.872
795 448.409 835.298
796 517.937 51.6941
797 747.12 1399.62
798 400.335 1270.22
799 859.605 179.65
800 482.131 305.037
801 969.954 505.986
802 300.722 1419.69
803 1308.6 574.836
804 1445.02 1179.58
805 1291.08 826.653
806 1388.87 1012.65
807 1463.94 54.5911
808 209.719 65.0808
809 1034.11 121.845
810 148.021 1230.42
811 1252.8 59.7967
812 1049.95 549.837
813 193.559 1467.22
814 1314.94 663.739
815 545.051 1094.31
816 1252.34 1244.32
817 302.242 115.47
818 106.693 1288.31
819 121.664 652.604
820 486.25 351.402
821 587.244 639.974
822 184.268 1416.47
823 134.033 96.0964
824 467.827 567.82
825 1052.81 1180.77
826 72.5052 550.393
827 1400.72 382.895
828 718.466 750.367
829 1411.95 673.414
830 1356.99 1084.9
831 1310.4 924.156
832 256.026 1069.59
833 272.367 27.3861
834 1000.34 527.759
835 549.801 1367.18
836 743.707 1154.02
837 1280.19 368.92
838 1117.26 1126.44
839 1397.82 870.775
840 1127.58 157.527
841 458.565 676.99
842 749.689 784.6
843 759.306 999.883
844 1348.55 185.003
845 752.306 1296.78
846 420.071 1088.51
847 1012.48 1294.87
848 999.723 1276.78
849 724.441 1079.51
850 415.182 320.938
851 509.421 1150.26
852 547.314 430.075
853 1121.83 26.0612
854 562.323 265.532
855 52.7853 1327.96
856 1195.48 416.721
857 57.9861 1033.33
858 1319.6 863.635
859 1347.4 943.563
860 368.522 1121.83
861 1152.5 48.4349
862 1387.77 1109.02
863 189.708 807.402
864 1400.04 883.585
865 280.877 1297.42
866 111.916 287.214
867 177.56 314.012
868 626.787 1160.8
869 1025.09 926.691
870 875.291 811.76
871 1178.99 121.993
872 1299.36 451.745
873 73.9198 170.925
874 1038.68 376.694
875 1112.06 336.872
876 1169.23 780.345
877 52.5347 151.675
878 1322.95 351.028
879 1147.05 101.927
880 723.672 892.153
881 1263.89 503.53
882 349.934 753.309
883 1213.14 75.821
884 723.258 965.303
885 825.521 243.43
886 370.821 1247.89
887 1392.44 978.291
888 122.221 1307.91
889 118.552 211.925
890 1115.36 702.442
891 1472.22 681.303
892 1067.06 686.821
893 155.399 612.498
894 1190.96 552.656
895 1446.65 12.074
896 1167.24 359.64
897 932.168 118.631
898 1246.07 1318.33
899 587.681 329.538
900 308.557 755.222
901 1153.2 936.65
902 413.36 564.368
903 287.893 1249.07
904 154.72 1015.77
905 1389.67 886.676
906 266.607 1438.69
907 605.482 1014.64
908 721.725 487.97
909 259.575 824.875
910 1425.5 1023.92
911 1137.35 1165.64
912 1348.98 116.232
913 729.063 304.959
914 619.831 1034.33
915 1234.41 1287.55
916 54.5911 1401.17
917 1264.92 552.01
918 350.272 846.162
919 1421.9 1270.39
920 1374.1 1395.29
921 851.706 163.004
922 270.838 894.824
923 149.079 1119.75
924 1172.71 1069.13
925 1093.36 1362.65
926 1289.76 1226.16
927 39.1553 368.784
928 789.874 203.324
929 1022.32 1217.38
930 1103.09 1394.83
931 736.01 515.945
932 963.148 1395.32
933 866.776 1458.15
934 7.87633 448.26
935 587.692 339.575
936 316.366 973.994
937 1257.18 620.362
938 1440.09 1342.78
939 769.24 536.948
940 1190.37 296.437
941 956.069 1319.92
942 885.937 1046.69
943 153.045 1382.44
944 644.008 259.059
945 2.58018 862.31
946 947.378 205.814
947 763.26 79.6234
948 1380.31 441.391
949 918.857 955.797
950 1062.54 640.913
951 188.31 272.68
952 677.5 759.058
953 584.166 56.266
954 220.447 232.714
955 661.403 458.49
956 134.486 866.668
957 633.663 503.995
958 868.115 1278.82
959 1174.35 995.257
960 286.274 375.336
961 1390.19 1234.9
962 143.821 498.246
963 280.56 1096.03
964 671.872 823.529
965 375.846 1083.04
966 727.836 924.597
967 1054.1 322.736
968 2.53491 1424.39
969 1245.32 133.84
970 1220.65 1034.65
971 531.29 93.9728
972 913.355 1157.13
973 794.423 430.877
974 1028.97 627.197
975 293.109 621.325
976 513.633 1096.03
977 971.53 294.4
978 977.098 1256.9
979 35.8557 481.214
980 168.979 221.352
981 784.193 592.116
982 1392.62 531.879
983 1233.42 987.653
984 1184.21 535.903
985 483.625 1048
986 779.849 1402.58
987 838.242 1251.07
988 1117.37 664.814
989 1114.18 1030.4
990 994.778 1029.52
991 308.27 424.688
992 753.446 1280.76
993 743.804 1174.42
994 503.859 115.779
995 1303.67 159.337
996 1111.5 879.511
997 1243.46 1233.73
998 1043.25 346.909
999 654.414 1052.08
1000 1343.29 440.474
1001 966.551 1038.85
1002 317.769 923.07
1003 1424.93 264.219
1004 760.371 585.293
1005 687.278 654.266
1006 203.019 67.1751
1007 346.604 398.105
1008 1162.86 1015.64
1009 1145.04 860.964
1010 1402.28 63.237
1011 633.702 1473.99
1012 888.984 1212.23
1013 1465.83 444.651
1014 290.79 1473.51
1015 1037.86 1374.92
1016 257.837 912.523
1017 861.044 1061.54
1018 1390.76 620.193
1019 187.836 1393.74
1020 865.129 3.80237
1021 1231.83 387.66
1022 480.094 1131.66
1023 77.0157 816.875
1024 385.623 819.579
1025 1010.98 35.7482
1026 143.158 1317.33
1027 877.396 462.926
1028 1479.02 958.558
1029 1208.29 102.89
1030 1211.74 1215.25
1031 1239.47 1341.42
1032 1016.5 775.773
1033 307.267 908.889
1034 901.112 471.843
1035 104.158 383.767
1036 200.303 636.806
1037 337.84 127.47
1038 555.055 784.555
1039 142.109 528.109
1040 947.604 1351.69
1041 722.269 669.126
1042 1114.57 79.4876
1043 425.225 58.4387
1044 1021.12 721.178
1045 1205.72 199.896
1046 158.341 333.386
1047 1216.18 385.574
1048 1136.95 904.815
1049 385.442 1302.39
1050 910.853 118.042
1051 1344.27 1040.4
1052 1060.18 795.542
1053 328.025 1377.05
1054 851.73 101.656
1055 480.948 1101.96
1056 280.153 313.831
1057 855.015 35.884
1058 1286.21 863.001
1059 184.387 1156.87
1060 1172.11 649.332
1061 825.295 1085.2
1062 908.187 1225.45
1063 350.361 176.493
1064 973.904 688.138
1065 1099.38 1226.66
1066 303.113 772.411
1067 19.374 1081.23
1068 1224.63 535.216
1069 842.269 217.538
1070 310.438 593.486
1071 767.992 1121.02
1072 610.079 993.549
1073 505.851 998.788
1074 1092.26 358.645
1075 82.0321 1434.13
1076 1397.14 1418.51
1077 195.331 190.978
1078 223.48 680.476
1079 963.176 1164.43
1080 593.557 1345.68
1081 583.406 762.782
1082 723.691 1239.83
1083 825.576 1470.29
1084 51.0151 1049.77
1085 617.749 1296.19
1086 328.18 316.954
1087 764.182 1425.38
1088 419.482 1057.42
1089 325.102 811.114
1090 407.068 507.887
1091 747.799 738.235
1092 578.548 108.232
1093 1015.8 76.8621
1094 1173.53 516.167
1095 1328.55 1374.72
1096 1020.21 426.182
1097 646.629 1222.14
1098 34.3118 986.714
1099 799.095 461.07
1100 1291.98 892.865
1101 447.819 511.052
1102 1155.2 590.317
1103 265.422 946.143
1104 1464.61 777.041
1105 539.845 1244.09
1106 1278.91 694.237
1107 349.546 288.482
1108 1288.44 1265.32
1109 364.122 651.369
1110 578.129 526.842
1111 553.516 31.7317
1112 602.927 664.464
1113 1308.96 478.51
1114 795.555 776.814
1115 850.443 1358.93
1116 791.733 817.632
1117 738.804 579.306
1118 750.487 346.999
1119 412.33 924.066
1120 575.153 608.231
1121 1292.35 780.341
1122 1430.58 797.818
1123 218.889 1264.92
1124 782.183 834.348
1125 1470.5 849.409
1126 102.619 1180.5
1127 146.832 112.791
1128 1157.04 272.68
1129 670.104 660.694
1130 1377.16 1311.14
1131 1195.65 1374.83
1132 435.503 1012.7
1133 28.4272 578.684
1134 225.562 1285.02
1135 531.879 1411.85
1136 1424.08 1143.2
1137 1131.39 685.998
1138 721.408 514.167
1139 203.246 320.428
1140 205.056 446.675
1141 432.29 1390.44
1142 314.329 1085.53
1143 859.38 670.924
1144 1182.68 1331.64
1145 692.679 1243.37
1146 83.353 721.499
1147 511.984 744.038
1148 159.88 991.093
1149 802.48 234.512
1150 134.203 1008.11
1151 713.998 510.229
1152 217.957 488.423
1153 380.87 896.861
1154 622.067 461.535
1155 1171.99 798.168
1156 1215.4 220.57
1157 205.011 1211.64
1158 571.172 1075.98
1159 802.227 335.23
1160 808.637 743.725
1161 351.674 569.721
1162 563.927 413.779
1163 994.002 1143.28
1164 762.329 1102.37
1165 1415.59 1204.03
1166 1300.51 138.832
1167 1104.91 1293.44
1168 734.977 1276.09
1169 38.5216 631.197
1170 1037.14 86.866
1171 687.048 214.562
1172 530.082 448.181
1173 1426.34 1170.31
1174 719.397 388.78
1175 1203.63 1010.57
1176 693.389 1091.36
1177 138.495 298.169
1178 1446.99 561.619
1179 1275.65 1291.34
1180 1172.22 474.753
1181 1367 895.819
1182 799.357 1372.88
1183 197.951 747.799
1184 604.836 849.195
1185 671.325 424.371
1186 397.368 1333.58
1187 1092.77 1235.27
1188 171.65 1173.98
1189 995.269 177.522
1190 116.03 157.107
1191 383.858 782.246
1192 431.885 854.117
1193 55.8133 744.585
1194 1453.5 873.816
1195 50.4896 695.776
1196 1430.69 943.201
1197 719.405 592.219
1198 1143.7 821.945
1199 586.741 71.6444
1200 191.386 265.656
1201 21.6825 1115.08
1202 220.447 1284.61
1203 985.492 1258.44
1204 652.486 151.132
1205 941.719 476.098
1206 734.264 701.389
1207 1108.16 599.687
1208 886.06 420.059
1209 1208.75 841.578
1210 329.719 15.2056
1211 1174.12 1150.38
1212 1211.69 920.848
1213 841.092 880.371
1214 816.099 875.03
1215 1225.87 668.085
1216 1203.82 859.923
1217 643.326 778.568
1218 1240.21 1334.84
1219 346.623 86.3228
1220 321.046 512.311
1221 1109.08 1253.91
1222 609.166 232.533
1223 1052.62 380.191
1224 459.86 476.959
1225 785.449 524.805
1226 861.398 1211.58
1227 608.174 410.878
1228 496.666 266.664
1229 182.391 856.755
1230 1040.54 406.174
1231 948.799 915.091
1232 567.005 630.106
1233 12.8556 937.452
1234 249.847 1049.54
1235 1062.74 1067.42
1236 1089.15 251.861
1237 307.309 1261.11
1238 592.626 539.076
1239 1062.94 591.132
1240 348.683 1301.09
1241 463.934 945.057
1242 1307.92 636.296
1243 255.276 29.592
1244 865.265 724.668
1245 82.0225 84.6358
1246 438.069 550.245
1247 529.452 255.302
1248 17.9707 223.06
1249 440.033 1190.28
1250 759.125 1136.77
1251 71.6662 891.281
1252 199.172 165.671
1253 105.289 330.534
1254 892.344 890.252
1255 1081.41 1402.12
1256 1027.36 1360.93
1257 746.15 871.816
1258 1199.9 883.462
1259 834.411 1308.96
1260 1147.55 463.481
1261 536.813 1197.69
1262 1225.65 778.568
1263 166.675 1438.1
1264 186.271 1422.71
1265 598.782 593.519
1266 1149.58 704.977
1267 1152.57 1476.8
1268 488.148 713.351
1269 848.201 506.62
1270 193.785 612.486
1271 403.439 355.6
1272 236.949 717.141
1273 776.725 1220.11
1274 1166.76 1100.5
1275 351.221 1056.7
1276 1001.92 1021.38
1277 573.795 256.117
1278 1040.54 470.407
1279 49.0039 609.453
1280 992.361 901.432
1281 63.576 1388.09
1282 137.836 914.638
1283 653.101 1065.65
1284 748.57 150.872
1285 1216.29 349.999
1286 594.708 1420.4
1287 253.299 151.268
1288 100.868 879.927
1289 1031.71 1166.65
1290 994.542 1094.85
1291 1388.64 450.988
1292 192.144 651.188
1293 885.476 1148.17
1294 1333.55 525.854
1295 408.892 633.399
1296 1461.54 1184.98
1297 240.5 327.682
1298 110.948 919.222
1299 328.543 1313.17
1300 311.07 1192.75
1301 89.4461 35.205
1302 171.152 662.641
1303 1358.41 733.845
1304 572.528 628.193
1305 1242.95 29.6825
1306 300.704 45.3899
1307 1203.22 327.003
1308 807.686 766.313
1309 912.07 849.907
1310 1218.3 51.0935
1311 744.766 554.964
1312 1172.67 505.986
1313 586.424 215.817
1314 1300.21 85.4053
1315 143.973 1367.48
1316 734.22 687.911
1317 93.0569 772.152
1318 323.099 1161.99
1319 727.072 1217.2
1320 1153.28 789.715
1321 1412.87 275.083
1322 146.026 1394.07
1323 1481.26 1324.39
1324 969.16 1128.9
1325 1391.75 1475.4
1326 765.503 370.085
1327 771.428 607.515
1328 258.271 690.808
1329 1268.97 1030.31
1330 1139.94 757.984
1331 593.558 733.676
1332 670.122 938.765
1333 298.395 326.551
1334 446.466 157.152
1335 899.159 1180.77
1336 655.835 936.275
1337 1327.44 21.1393
1338 369.146 741.811
1339 1262.69 1407.91
1340 1440.74 98.4089
1341 748.269 236.414
1342 1352.06 591.618
1343 426.046 685.048
1344 1226.26 625.037
1345 485.259 600.231
1346 851.953 143.947
1347 815.268 194.505
1348 658.217 467.362
1349 901.533 713.713
1350 396.668 1135.22
1351 552.819 485.152
1352 1347.13 47.6201
1353 472.489 1251.25
1354 426.091 757.309
1355 1073.13 1474.76
1356 343.978 1293.02
1357 1201.68 1074.65
1358 1069.1 745.037
1359 776.001 1336.03
1360 893.084 1330.69
1361 422.965 1262.24
1362 736.708 800.217
1363 315.035 1106.13
1364 1066.69 458.095
1365 146.889 525.179
1366 108.322 45.3568
1367 451.984 955.793
1368 1175 534.097
1369 1095.37 123.984
1370 922.598 1408.23
1371 728.331 546.545
1372 350.786 489.859
1373 917.819 1370.79
1374 817.708 528.438
1375 1404.15 186.259
1376 1283.98 337.946
1377 1220.97 829.591
1378 1054.07 488.106
1379 507.485 1392.65
1380 432.021 397.652
1381 991.92 275.853
1382 1119.34 144.128
1383 935.654 1353.69
1384 417.863 1460.83
1385 370.197 1044.97
1386 789.263 161.951
1387 261.141 59.1509
1388 1472.18 365.797
1389 939.475 642.374
1390 886.223 437.453
1391 1306.25 11.1808
1392 1225.04 761.514
1393 3.6213 345.324
1394 487.382 1305.89
1395 913.129 169.646
1396 1033.08 2.80651
1397 846.162 198.353
1398 623.562 197.53
1399 27.2503 949.32
1400 1156.27 689.858
1401 798.633 40.3775
1402 1013.18 679.899
1403 914.564 1144.45
1404 1151.17 436.638
1405 1177.63 277.437
1406 793.382 856.89
1407 165.956 121.256
1408 1158.86 77.5411
1409 860.876 954.394
1410 29.3778 36.0772
1411 1358.12 1382.84
1412 207.987 284.046
1413 875.361 1131.92
1414 1290.41 812.213
1415 1363.46 1048.86
1416 1271.85 846.014
1417 821.402 899.395
1418 310.68 1046.14
1419 1284.5 1140.71
1420 1138.72 1074.8
1421 472.659 402.87
1422 607.973 984.587
1423 548.672 27.7814
1424 1337.27 857.874
1425 1310.78 1408.78
1426 75.4475 1178.13
1427 1470.99 409.565
1428 812.665 1419.31
1429 378.28 1366.85
1430 589.186 1337.56
1431 738.836 1328.02
1432 737.599 721.668
1433 704.604 750.375
1434 73.9198 668.266
1435 583.295 485.798
1436 478.815 1003.87
1437 1063.62 771.88
1438 641.465 1043.61
1439 1383.92 418.565
1440 533.508 283.276
1441 693.162 161.782
1442 278.388 470.95
1443 639.114 1308.64
1444 1046.61 532.014
1445 254.713 344.555
1446 506.394 169.16
1447 1402.67 63.7802
1448 1037.07 641.139
1449 1079.66 574.927
1450 243.623 1087.6
1451 652.934 1002.86
1452 1110.06 44.1225
1453 995.583 795.678
1454 1115.59 807.855
1455 1418.15 1041.43
1456 576.657 1297.82
1457 61.6413 833.792
1458 43.6367 287.202
1459 374.437 1227.94
1460 1299.1 1212.94
1461 106.647 429.396
1462 962.949 745.116
1463 607.609 30.5095
1464 288.512 72.3355
1465 1397 817.463
1466 274.871 400.594
1467 445.512 277.075
1468 179.41 16.2015
1469 418.335 1215.58
1470 1304.26 64.3565
1471 861.236 159.144
1472 755.901 1353.27
1473 273.997 1273.83
1474 421.228 1169.5
1475 145.149 966.513
1476 550.347 149.502
1477 171.831 888.474
1478 227.644 463.794
1479 1462.71 955.016
1480 1467.76 1009.39
1481 853.764 375.212
1482 620.827 1431.13
1483 1042.26 554.874
1484 639.16 305.819
1485 1025.96 906.502
1486 1075.66 733.301
1487 545.73 87.5864
1488 372.296 1456.79
1489 1415.66 1198.06
1490 425.566 982.414
1491 1071.62 1188.96
1492 1333.97 1427.06
1493 1038.23 362.085
1494 163.094 956.464
1495 1215.31 1455.94
1496 917.728 322.251
1497 760.292 643.04
1498 761.324 1482.23
1499 1438.92 1134
1500 592.49 1367.07
1501 885.722 564.956
1502 828.192 528.472
1503 670.164 1175.47
1504 995.221 1068.92
1505 702.716 912.753
1506 1210.26 879.149
1507 288.754 795.464
1508 218.546 1013.14
1509 846.479 1264.65
1510 48.2263 1340.01
1511 43.0482 395.253
1512 929.622 803.826
1513 513.618 733.935
1514 999.39 586.47
1515 19.2382 1251.02
1516 1396.51 381.899
1517 416.088 1449.69
1518 197.243 516.443
1519 1251.63 610.914
1520 1046.69 1312.13
1521 80.4151 910.165
1522 1335.58 165.312
1523 390.784 1204.67
1524 975.559 377.385
1525 860.67 470.905
1526 442.93 1326.75
1527 268.022 1390.08
1528 1238.98 1081.28
1529 281.454 1332.04
1530 333.884 1107.48
1531 1228.35 368.093
1532 1048.96 824.253
1533 1190.68 449.585
1534 1223.73 1220.51
1535 1104.04 238.644
1536 419.809 699.352
1537 1218.87 1266.64
1538 1208.11 595.93
1539 1479.45 1445.57
1540 1189.24 954.032
1541 936.819 420.24
1542 133.038 327.32
1543 253.129 971.682
1544 148.292 82.1009
1545 1427.23 308.84
1546 1207.2 813.073
1547 1379.68 636.115
1548 32.9086 1415.25
1549 1385.51 816.637
1550 842.858 1199.23
1551 648.066 620.95
1552 732.481 964.884
1553 470.543 1426.34
1554 849.016 923.012
1555 95.0688 1150.07
1556 1286.69 1124.67
1557 834.257 453.387
1558 989.037 943.077
1559 1273.32 1361.69
1560 1182.72 235.792
1561 122.264 1096.03
1562 1447.27 595.614
1563 1069.69 999.117
1564 728.088 793.246
1565 787.774 301.156
1566 398.011 215.871
1567 888.26 565.145
1568 774.968 1462.27
1569 1023.15 1021.98
1570 1191.27 614.568
1571 927.279 311.658
1572 785.465 260.19
1573 1290.22 35.6698
1574 1050.88 1047.22
1575 465.15 24.2175
1576 552.9 71.3811
1577 948.781 417.898
1578 873.458 375.665
1579 334.523 729.647
1580 1456.86 1088.78
1581 184.392 1453.18
1582 163.683 1256.18
1583 682.489 571.939
1584 904.504 436.309
1585 267.569 952.888
1586 1417.3 1415.51
1587 940.293 975.307
1588 947.976 264.207
1589 14.0778 765.041
1590 496.797 610.506
1591 346.563 143.754
1592 359.592 153.259
1593 283.684 2.67071
1594 1324.45 139.239
1595 958.377 1385.69
1596 674.115 487.46
1597 124.907 552.01
1598 738.825 1076.37
1599 647.941 1024.23
1600 1220.48 620.917
1601 803.838 329.67
1602 1253.31 341.76
1603 1008.47 776
1604 158.914 1082.27
1605 1310.53 659.439
1606 1130.89 1413.75
1607 1122.49 144.025
1608 1332.5 316.547
1609 224.566 403.322
1610 950.218 1445.07
1611 426.871 624.889
1612 104.429 948.917
1613 341.76 1077.24
1614 1114.54 931.037
1615 402.281 1116.36
1616 1183.62 1246.26
1617 502.897 82.792
1618 161.203 1048.05
1619 930.855 453.963
1620 348.324 1472.83
1621 589.253 339.995
1622 631.416 15.5716
1623 1314.57 808.415
1624 565.041 702.895
1625 1065.61 769.65
1626 1188.82 50.834
1627 636.127 117.013
1628 152.547 54.1716
1629 50.834 105.47
1630 836.656 290.643
1631 1212 634.18
1632 432.338 585.598
1633 433.153 625.432
1634 1140.94 562.66
1635 96.2263 799.028
1636 70.9092 1206.57
1637 324.873 373.266
1638 1126.63 586.684
1639 253.624 536.541
1640 1288.56 1292.76
1641 1227.98 406.751
1642 1465.22 98.3515
1643 1389.96 85.508
1644 123.027 250.401
1645 355.702 1199.33
1646 260.734 211.62
1647 1378.13 851.504
1648 672.611 1357.26
1649 105.742 1140.94
1650 905.184 1122.42
1651 1287.68 846.072
1652 200.937 1424.35
1653 659.243 864.265
1654 320.395 1436.87
1655 1049.77 1262.97
1656 1141.72 814.702
1657 932.847 720.816
1658 898.27 986.986
1659 25.9828 1482.87
1660 12.1766 255.302
1661 647.715 1431.59
1662 75.6819 1068.23
1663 394.377 259.421
1664 1005.68 642.917
1665 636.082 1196.19
1666 10.8639 317.44
1667 302.708 730.269
1668 173.325 1119.57
1669 741.689 638.209
1670 526.175 1261.92
1671 547.405 1426.7
1672 486.386 1447.11
1673 1007.13 1281.97
1674 877.668 733.495
1675 1475.56 114.75
1676 563.112 1085.98
1677 1416.34 1382.39
1678 563.085 1002.38
1679 645.705 318.629
1680 1338.15 1265.42
1681 806.871 443.914
1682 80.6451 668.118
1683 568.2 894.087
1684 808.095 1188.15
1685 974.132 23.7074
1686 778.037 1223.95
1687 677.41 731.367
1688 1338.28 1463.64
1689 264.426 1037.45
1690 640.88 595.297
1691 577.643 722.075
1692 117.068 1106.76
1693 750.741 1038.36
1694 1149.06 490.946
1695 1216.03 188.612
1696 599.552 1410.62
1697 1200.28 653.225
1698 745.128 1188.05
1699 590.498 80.1544
1700 52.2825 78.4796
1701 990.924 1127.27
1702 1213.1 1223.99
1703 1197.5 27.9293
1704 1440.78 76.0926
1705 398.888 123.112
1706 564.694 116.968
1707 740.42 758.379
1708 1242.95 582.577
1709 685.331 499.908
1710 80.4834 1378.93
1711 279.881 710.351
1712 767.853 1258.72
1713 1427.74 591.12
1714 5.16035 1031.29
1715 363.352 10.8518
1716 544.101 362.764
1717 642.58 876.581
1718 905.144 1332.22
1719 375.303 400.38
1720 1409.59 515.851
1721 1288.73 205.27
1722 217.852 677.455
1723 0.633728 1357.67
1724 1095.3 920.806
1725 123.816 381.492
1726 287.531 362.854
1727 1155.69 299.885
1728 310.552 638.378
1729 1450.1 1340.96
1730 130.548 1333.44
1731 1424.08 729.544
1732 852.771 598.646
1733 943.881 218.908
1734 597.141 160.333
1735 1040.04 798.497
1736 106.874 885.816
1737 342.032 26.9666
1738 99.1784 834.076
1739 379.784 326.312
1740 186.316 859.549
1741 1410.91 1257.58
1742 143.496 1224.71
1743 907.146 915.42
1744 192.608 985.311
1745 1408.44 994.364
1746 1360.09 1109.84
1747 1342.24 566.1
1748 156.149 711.936
1749 1283.25 715.886
1750 823.62 71.418
1751 278.936 648.065
1752 280.948 15.2426
1753 364.736 176.3
1754 1027.86 478.464
1755 1023.88 1096.39
1756 205.333 1414.47
1757 264.357 31.3243
1758 1057.69 112.384
1759 1103.07 226.875
1760 1054.02 1328.19
1761 672.566 635.037
1762 1119.98 524.002
1763 646.593 708.677
1764 432.157 1214.58
1765 1254.33 703.607
1766 29.4683 570.841
1767 305.819 539.389
1768 878.437 512.369
1769 172.823 555.45
1770 83.8751 417.536
1771 6.38254 1179.55
1772 383.415 48.4349
1773 2.58018 170.325
1774 486.069 598.182
1775 206.369 249.496
1776 1411.13 127.186
1777 496.597 1115.36
1778 765.045 422.594
1779 299.614 1193.49
1780 349.798 984.089
1781 1173.15 515.447
1782 581.401 816.772
1783 1058.91 335.954
1784 802.716 1110.52
1785 1370.53 966.287
1786 996.917 659.834
1787 1267.55 556.413
1788 357.123 1398.49
1789 68.8225 968.505
1790 1313.04 655.637
1791 1348.19 129.458
1792 990.154 148.835
1793 1408.6 923.477
1794 1468.6 817.282
1795 1052.84 1061.62
1796 498.679 276.215
1797 26.2092 1004.4
1798 709.62 353.892
1799 926.238 725.301
1800 933.972 349.727
1801 491.365 419.075
1802 1192.8 484.349
1803 483.987 416.528
1804 618.038 1133.73
1805 910.022 177.444
1806 432.817 412.24
1807 1209.88 687.636
1808 1111.42 1358.93
1809 113.166 931.308
1810 694.254 330.308
1811 1371.45 1029.94
1812 97.8883 978.192
1813 718.348 681.381
1814 435.597 54.8174
1815 665.979 138.918
1816 803.827 1085.2
1817 142.453 153.259
1818 110.484 212.204
1819 1057.42 1053.03
1820 1328.11 769.016
1821 612.407 982.636
1822 1455.22 559.117
1823 462.689 923.827
1824 103.343 883.495
1825 1204.67 895.593
1826 1428.75 1080.9
1827 218.196 1383.79
1828 828.644 607.473
1829 643.528 448.984
1830 384.88 778.341
1831 108.367 1095.66
1832 1268.22 600.988
1833 1392.66 455.819
1834 1432.32 39.3364
1835 1016.91 1352.78
1836 4.1645 1163.98
1837 1062.9 733.404
1838 1305.54 947.695
1839 929.135 1062.7
1840 618.971 409.43
1841 40.6944 495.168
1842 1311 387.343
1843 1285.41 729.511
1844 173.73 414.129
1845 1390.57 228.772
1846 902.516 1440.27
1847 1090.65 885.227
1848 698.142 448.577
1849 429.939 1450.96
1850 124.907 465.292
1851 1104.23 962.904
1852 3.8929 131.667
1853 847.426 1338.33
1854 474.968 411.787
1855 732.499 348.912
1856 1251.09 233.29
1857 889.665 133.931
1858 349.048 1371.66
1859 392.956 1155.42
1860 885.303 258.289
1861 681.828 641.649
1862 1210.83 664.904
1863 773.655 398.512
1864 1088.95 17.6417
1865 580.265 1333.73
1866 1474.97 26.8429
1867 675.497 1092.53
1868 963.737 924.835
1869 836.656 292.058
1870 255.093 806.769
1871 1440.1 1275.38
1872 1192.23 333.827
1873 1007.85 876.626
1874 543.286 316.671
1875 0.0452663 1368.58
1876 230.315 1468.7
1877 1142.78 1192.77
1878 1410.32 905.223
1879 927.551 1191.82
1880 1319.79 1095.72
1881 760.337 1287.42
1882 68.234 10.4896
1883 156.44 350.982
1884 1147.23 59.4346
1885 1039.48 497.657
1886 329.47 392.047
1887 1045.05 105.911
1888 844.85 1274.91
1889 159.654 462.473
1890 480.275 1369.43
1891 1345.37 1251.19
1892 403.484 136.976
1893 1312.95 941.119
1894 129.578 822.612
1895 611.23 734.886
1896 181.408 1201.91
1897 1151.74 590.363
1898 427.993 310.029
1899 1361.01 710.759
1900 657.926 802.649
1901 743.13 1176.11
1902 908.403 687.957
1903 853.124 563.565
1904 275.672 94.516
1905 281.873 1141.57
1906 1326.3 501.139
1907 1044.02 812.665
1908 903.5 625.522
1909 548.491 504.628
1910 97.6393 781.658
1911 1280.36 1061.63
1912 975.691 1293.57
1913 949.979 806.633
1914 136.706 864.899
1915 277.03 1078.91
1916 992.553 1310.64
1917 147.293 642.452
1918 909.128 667.044
1919 692.682 540.389
1920 958.332 996.479
1921 737.433 237.603
1922 1450.02 738.009
1923 468.823 812.575
1924 782.251 986.023
1925 1047.82 1303.31
1926 632.42 1282.97
1927 953.443 879.647
1928 59.9665 102.516
1929 611.909 287.383
1930 420.776 506.246
1931 469.819 688.636
1932 84.2405 160.695
1933 1214.63 255.256
1934 1065.12 952.085
1935 1360.98 1463.67
1936 54.0027 1318.33
1937 1232.47 1171.94
1938 826.562 890.149
1939 703.211 1253.82
1940 1021.3 1156.77
1941 429.957 40.5464
1942 1376.18 669.352
1943 848.317 942.567
1944 235.233 1175.66
1945 211.358 332.74
1946 802.209 1042.79
1947 316.24 240.726
1948 24.8964 837.652
1949 335.116 393.59
1950 705.611 25.7112
1951 1179.28 360.184
1952 934.379 1106.53
1953 985.011 1237.49
1954 414.22 1445.49
1955 1050.96 775.082
1956 1226.76 1162.85
1957 682.842 183.736
1958 786.346 9.18905
1959 92.2752 1097.71
1960 490.007 22.6784
1961 248.602 741.495
1962 131.237 1268.8
1963 238.915 867.29
1964 721.032 264.4
1965 1238.53 1267.27
1966 856.599 1381.79
1967 1025.67 1456.34
1968 628.341 363.986
1969 112.842 590.815
1970 1095.72 1329.47
1971 748.977 1024.87
1972 693.369 1377.8
1973 626.354 1271.65
1974 725.03 1305.47
1975 985.854 274.573
1976 926.273 1245.72
1977 628.774 826.336
1978 170.02 476.518
1979 612.679 842.767
1980 3.16864 265.622
1981 887.943 46.2621
1982 254.097 1396.83
1983 1282.49 737.569
1984 622.411 1110.97
1985 551.117 1048.63
1986 1206.69 1296.47
1987 392.64 1048.64
1988 277.329 1093.27
1989 144.762 243.385
1990 936.106 64.8997
1991 977.341 12.8888
1992 162.955 565.907
1993 334.445 944.831
1994 1236.28 1078.15
1995 1242.89 1420.46
1996 143.166 689.031
1997 377.113 1003.06
1998 301.771 534.414
1999 688.036 771.416
2000 1339.25 619.638
2001 565.961 596.235
2002 1030.52 470.316
2003 1085.85 847.43
2004 152.638 496.151
2005 42.3579 753.943
2006 81.2998 386.019
2007 48.3864 1307.32
2008 468.461 1027.41
2009 448.561 968.608
2010 935.201 128.318
2011 1384.63 908.358
2012 1128.8 665.052
2013 262.59 772.967
2014 1208.88 881.425
2015 780.169 957.834
2016 1042.02 975.397
2017 509.431 1292.85
2018 695.081 225.29
2019 494.054 514.632
2020 1292.85 99.4952
2021 976.555 630.773
2022 1336.73 1001.92
2023 1237 1149.66
2024 863.014 15.7858
2025 1142.88 182.954
2026 1172.94 1452.31
2027 526.266 1277.05
2028 84.2405 1068.41
2029 1418.15 1458.42
2030 961.8 247.516
2031 65.6458 178.971
2032 862.866 307.494
2033 1187.52 320.156
2034 744.088 423.046
2035 416.117 1103.54
2036 430.332 652.468
2037 675.596 1266.37
2038 1181.31 925.695
2039 541.475 530.068
2040 1175.07 947.139
2041 1420.82 125.388
2042 72.6976 1391.76
2043 481.633 557.545
2044 1267.25 1460.7
2045 78.8021 1097.29
2046 9.00799 47.5296
2047 1153.25 558.664
2048 585.505 872.96
2049 457.189 1334.84
2050 288.388 852.487
2051 267.278 573.783
2052 148.792 506.756
2053 684.2 371.048
2054 191.52 62.8174
2055 1044.04 180.522
2056 859.571 1467.61
2057 114.8 1198.51
2058 365.876 1219.74
2059 189.439 719.236
2060 4.61716 1263.61
2061 790.507 914.366
2062 832.084 90.7467
2063 899.486 1465.12
2064 548.307 723.943
2065 835.661 1305.03
2066 551.253 962.044
2067 818.55 830.488
2068 1443.25 1341.77
2069 393.364 601.498
2070 761.333 729.273
2071 238.196 921.078
2072 1263.34 415.261
2073 184.696 1232.19
2074 1407.78 419.754
2075 1107.85 1431.18
2076 737.025 380.735
2077 315.334 1046.87
2078 1206.77 1243.15
2079 1256.66 189.032
2080 1383.16 1120.61
2081 479.601 859.878
2082 694.385 890.375
2083 818.374 913.235
2084 1344.77 1420.18
2085 1307.52 1071.95
2086 68.4442 1353.31
2087 1080.09 1434.2
2088 782.88 359.776
2089 1139.82 1141.97
2090 1136.59 321.197
2091 219.958 631.135
2092 1362.9 1331.55
2093 47.2466 1408.4
2094 316.301 270.997
2095 926.429 651.11
2096 546.047 857.343
2097 1464.35 182.329
2098 1467.47 839.043
2099 936.808 495.168
2100 973.136 1115.9
2101 661.115 175.633
2102 1088.93 610.325
2103 892.496 1011.84
2104 614.218 917.276
2105 219.904 184.188
2106 269.274 486.39
2107 58.2835 201.785
2108 1035.83 1003.73
2109 242.517 593.577
2110 232.759 219.994
2111 479.008 630.197
2112 1108.36 160.14
2113 505.715 927.687
2114 342.801 1139.99
2115 501.419 67.5704
2116 316.773 639.431
2117 1478.04 199.126
2118 1019.07 1163.56
2119 380.262 1000.64
2120 373.555 821.254
2121 1337.29 1239.89
2122 835.751 794.547
2123 1290.59 1344.35
2124 876.324 764.535
2125 696.195 330.353
2126 84.15 831.937
2127 351.266 1281.88
2128 1479.49 711.076
2129 619.243 811.295
2130 598.076 935.744
2131 1161.33 1316.02
2132 750.442 1449.46
2133 1089.48 66.4387
2134 618.552 1163.84
2135 508.069 1406.23
2136 964.053 1319.06
2137 849.567 1393.6
2138 972.455 514.258
2139 1256.85 1112.77
2140 402.915 790.847
2141 1387.12 807.991
2142 860.512 565.24
2143 821.04 134.486
2144 780.164 1232.09
2145 173.055 797.942
2146 570.496 380.858
2147 1331.86 380.949
2148 683.837 588.178
2149 1020.17 437.77
2150 1103.59 794.999
2151 37.8426 1280.9
2152 477.026 1089.74
2153 761.107 115.372
2154 721.171 213.962
2155 1441.64 81.3435
2156 914.107 168.831
2157 1224.45 790.111
2158 942.005 850.644
2159 796.728 1148.85
2160 825.295 995.541
2161 948.037 894.416
2162 345.155 220.085
2163 97.3225 652.509
2164 166.716 892.47
2165 660.206 635.399
2166 843.315 1149.17
2167 1412.13 112.849
2168 30.7358 610.416
2169 1353.28 1401.35
2170 243.287 1028.71
2171 1432.68 503.394
2172 327.366 1029.4
2173 328.494 192.201
2174 1236.12 431.482
2175 271.688 139.601
2176 317.226 457.675
2177 1464.6 341.534
2178 1220.08 1020.26
2179 999.875 348.131
2180 493.448 753.91
2181 285.721 298.428
2182 185.128 161.057
2183 85.7763 504.628
2184 577.208 702.294
2185 851.232 588.042
2186 868.976 65.0024
2187 1008.31 44.3035
2188 489.917 782.868
2189 504.221 1113.13
2190 87.2734 626.395
2191 1030.83 584.602
2192 702.216 1015.55
2193 838.874 540.422
2194 386.393 1437.43
2195 1222.37 879.602
2196 107.389 610.597
2197 465.762 261.413
2198 486.658 598.873
2199 903.56 867.8
2200 745.4 441.572
2201 191.024 21.082
2202 5.20562 116.594
2203 635.943 1346.03
2204 204.604 741.688
2205 841.328 683.43
2206 1022.19 1198.24
2207 1414.99 255.438
2208 863.994 1395.33
2209 694.928 456.556
2210 277.437 903.469
2211 752.248 172.238
2212 550.575 652.139
2213 1310.69 1169.54
2214 287.305 576.137
2215 1471.86 213.204
2216 235.475 204.727
2217 529.884 393.545
2218 820.406 597.955
2219 150.872 1348.03
2220 1256.32 176.312
2221 1274.2 68.7142
2222 1476.12 258.154
2223 534.263 386.335
2224 950.863 984.303
2225 809.387 821.854
2226 244.755 980.286
2227 467.329 1158.76
2228 348.958 768.156
2229 138.198 580.178
2230 5.02456 296.856
2231 1141.42 462.881
2232 521.81 231.492
2233 1345 849.545
2234 845.212 1433.93
2235 1045.38 1338.92
2236 1351.51 1010.96
2237 1392.65 49.0686
2238 286.603 48.3322
2239 598.511 12.934
2240 985.356 299.515
2241 374.669 451.35
2242 901.297 531.278
2243 1421.9 1475.23
2244 702.62 103.158
2245 1214.22 1444.85
2246 1449.74 997.216
2247 14.8473 325.51
2248 194.967 634.316
2249 440.845 1470.07
2250 1365.7 743.951
2251 51.6488 790.201
2252 154.203 1474.1
2253 116.108 464.329
2254 1317.93 1173.43
2255 1029.85 1218.6
2256 871.516 977.887
2257 1212.64 59.6035
2258 751.42 313.424
2259 1399.36 825.599
2260 986.126 1113.76
2261 358.164 652.513
2262 815.152 897.482
2263 1275.2 289.511
2264 1057.97 212.92
2265 815.247 1154.2
2266 857.715 731.231
2267 1277.38 385.702
2268 702.17 535.895
2269 1407.42 1014.37
2270 895.503 588.371
2271 976.435 842.8
2272 610.053 166.987
2273 892.832 1057.68
2274 1443.72 235.517
2275 229.772 1425.29
2276 500.272 1396.33
2277 922.129 1179.22
2278 271.504 1136.76
2279 1277.64 675.825
2280 1163.8 258.561
2281 843.718 206.9
2282 1305.37 158.51
2283 969.332 1400.48
2284 225.078 755.947
2285 314.589 237.545
2286 338.818 891.281
2287 1460.17 571.803
2288 353.843 427.211
2289 1473.85 1358.84
2290 1130.37 555.236
2291 1041.85 79.3849
2292 499.848 833.883
2293 1447.94 341.296
2294 73.7387 123.849
2295 128.33 737.375
2296 252.686 903.56
2297 1481.35 1038.45
2298 767.19 609.914
2299 164.729 1342.81
2300 270.919 289.149
2301 181.654 104.915
2302 55.8586 1447.16
2303 1341.94 686.78
2304 187.085 1443.03
2305 32 790.473
2306 760.111 1137.76
2307 284.796 414.548
2308 527.872 533.735
2309 127.57 488.83
2310 1033.34 404.216
2311 756.676 271.1
2312 189.892 1060
2313 329.176 311.375
2314 1306.9 736.89
2315 151.223 1023.92
2316 1149.36 1217.15
2317 665.776 1297.18
2318 902.462 1362.29
2319 910.486 789.748
2320 149.055 996.344
2321 1343.14 419.437
2322 1363.26 899.112
2323 471.362 1415.83
2324 932.445 99.9358
2325 209.494 1014.45
2326 124.38 1236.58
2327 1342.5 1039.18
2328 213.295 1187.79
2329 339.678 941.629
2330 1459.64 236.969
2331 120.589 96.5982
2332 267.52 1390.7
2333 483.036 791.604
2334 189.729 273.137
2335 422.606 564.425
2336 1099.7 692.076
2337 396.574 1142.1
2338 1422.45 1368.25
2339 851.594 1482.41
2340 1290.68 1364.54
2341 1396.74 708.224
2342 842.632 451.482
2343 754.543 615.576
2344 1355.99 1147.36
2345 333.845 1000.96
2346 1208.6 120.306
2347 1190.66 1228.53
2348 72.489 1124.76
2349 1020.92 11.4071
2350 618.79 423.507
2351 81.7961 142.26
2352 1043.6 1087.25
2353 322.975 802.695
2354 88.5861 1036.42
2355 1034.25 887.309
2356 879.026 817.509
2357 1421.22 1082.5
2358 701.451 874.713
2359 705.463 205.949
2360 1468.72 804.019
2361 1000.61 1470.34
2362 1172.8 581.079
2363 236.516 1483.05
2364 1473.19 1120.33
2365 1328.18 959.645
2366 1109.16 420.693
2367 366.456 1332.68
2368 425.186 1210.45
2369 727.953 1318.64
2370 670.665 406.944
2371 204.033 916.959
2372 1440.96 152.725
2373 603.203 924.518
2374 489.618 896.577
2375 519.539 1455.12
2376 1411.45 1235.62
2377 1325.62 1282.02
2378 1047.5 1290.48
2379 1058.38 668.752
2380 509.472 1075.88
2381 408.216 389.199
2382 178.259 255.154
2383 630.535 1482.59
2384 801.077 205.641
2385 360.625 237.998
2386 582.984 1387.81
2387 984.36 923.691
2388 674.875 1042.62
2389 1159.27 1008.57
2390 655.452 1147.76
2391 595.043 205.587
2392 615.536 894.404
2393 14.3494 1316.24
2394 1244.19 271.721
2395 462.955 289.704
2396 887.561 393.907
2397 925.605 1372.07
2398 6.65414 704.603
2399 479.334 765.531
2400 1438.79 794.32
2401 455.33 1260.38
2402 1421.91 749.009
2403 666.138 1344.21
2404 337.51 776.893
2405 617.383 768.926
2406 1193.58 631.962
2407 1223.35 992.903
2408 662.876 663.558
2409 698.402 1137.22
2410 127.842 1190.32
2411 1339.75 0.0905325
2412 493.402 1194.66
2413 876.192 490.686
2414 1113.25 1106.81
2415 299.934 680.521
2416 1271.44 497.781
2417 1067.93 1124.5
2418 1141.21 1458.66
2419 165.104 1180.4
2420 880.274 1094.21
2421 822.081 1441.05
2422 863.706 972.443
2423 305.14 617.07
2424 573.931 118.824
2425 1427.25 320.032
2426 372.913 599.087
2427 107.055 36.4393
2428 339.271 555.508
2429 523.052 1475.18
2430 493.855 321.074
2431 548.899 215.83
2432 76.0699 959.542
2433 740.058 481.576
2434 1420.82 1427.02
2435 775.683 536.948
2436 710.019 1398.22
2437 433.112 246.327
2438 1429.92 436.548
2439 812.032 1420.59
2440 402.006 432.383
2441 1237.29 128.951
2442 1244.95 137.655
2443 1453 1052.29
2444 7.33313 899.745
2445 1190.68 1355.94
2446 372.406 924.066
2447 13.263 483.58
2448 1400.04 1137.8
2449 1232.42 974.311
2450 455.243 1303.53
2451 1059.09 251.726
2452 191.148 509.143
2453 363.674 1161.58
2454 650.317 50.3814
2455 213.012 230.948
2456 953.715 1209.64
2457 1306.07 1203.75
2458 167.712 545.492
2459 1124.23 1047.6
2460 620.691 297.432
2461 897.664 17.1559
2462 1395.83 1326.65
2463 1421.88 320.292
2464 1475.18 749.474
2465 114.388 765.078
2466 1078.08 905.675
2467 1416.42 1091.51
2468 82.7467 1326.62
2469 439.676 506.846
2470 256.603 500.735
2471 1408.3 394.755
2472 1409.37 618.144
2473 544.723 1383.55
2474 66.8146 1379.9
2475 1206.03 100.174
2476 1.13166 1051.04
2477 539.217 519.702
2478 327.999 680.986
2479 620.062 1144.36
2480 1116.47 1291.43
2481 766.811 126.927
2482 1134.37 1.53905
2483 310.038 1368.53
2484 342.982 1204.76
2485 841.674 659.529
2486 1057.6 317.362
2487 397.224 1388.95
2488 1433.27 297.614
2489 297.968 17.9707
2490 238.974 93.01
2491 20.234 354.332
2492 1352.51 583.153
2493 732.137 78.6154
2494 784.283 1411.16
2495 441.372 1186.28
2496 1374.17 548.389
2497 1439.56 476.246
2498 391.073 92.66
2499 991.637 1400.63
2500 1257.9 1321.72
2501 448 967.916
2502 854.763 1081.53
2503 1184.28 756.161
2504 424.824 951.077
2505 665.776 441.787
2506 53.7407 34.6166
2507 71.6161 472.218
2508 982.685 242.31
2509 765.768 1464.59
2510 1041.72 840.447
2511 1009.79 711.405
2512 959.373 1105.3
2513 1295.97 255.347
2514 6.88047 1188.51
2515 115.836 296.935
2516 569.857 269.244
2517 1345.36 459.045
2518 667.221 842.665
2519 1431.27 1025.24
2520 1230.61 1038.36
2521 1188.38 297.761
2522 751.103 1356.04
2523 666.863 1113.36
2524 484.301 1188.83
2525 1036.33 8
2526 1260.52 1017.4
2527 1229.61 398.286
2528 952.601 1191.4
2529 618.676 1030.44
2530 1297.1 526.175
2531 673.798 983.545
2532 362.271 377.113
2533 900.322 840.685
2534 1433.31 1418.5
2535 1483.05 1241.29
2536 638.597 250.129
2537 1009.71 993.628
2538 168.622 1251.19
2539 932.847 370.764
2540 493.81 42.5956
2541 325.65 67.9325
2542 580.504 1112.04
2543 758.346 762.691
2544 1450.29 879.705
2545 1006.86 1013.6
2546 409.071 874.861
2547 217.414 546.409
2548 694.155 887.161
2549 956.584 1341.23
2550 266.392 126.009
2551 1147.73 85.3269
2552 1001.72 1437.55
2553 1474.42 1174.56
2554 670.212 392.323
2555 532.965 450.128
2556 1350.82 1174.61
2557 292.646 1338.65
2558 159.473 63.5991
2559 421.66 94.866
2560 1279.96 1181.86
2561 1206.4 912.013
2562 1273.75 970.871
2563 497.526 1067.6
2564 27.4362 532.422
2565 1478.83 22.7198
2566 299.119 19.1024
2567 1126.09 652.275
2568 1403.96 557.952
2569 120.586 311.341
2570 1232.39 1257.99
2571 1427.88 54.3979
2572 378.743 533.282
2573 863.2 217.867
2574 618.787 876.479
2575 1136.09 1219.7
2576 147.613 1451.68
2577 314.419 758.527
2578 1398.89 593.667
2579 710.228 557.364
2580 535.987 955.378
2581 724.396 1239.42
2582 17.2012 668.854
2583 993.328 169.703
2584 1314.51 1010.52
2585 1007.13 571.203
2586 617.477 721.54
2587 503.587 912.658
2588 1438.61 1373.88
2589 1090.91 545.866
2590 896.046 296.087
2591 1115.13 1039.36
2592 1262.48 32.9417
2593 855.216 1393.42
2594 929.316 1076.43
2595 1322.8 1080.19
2596 1070.37 1420.26
2597 1107.58 1465.12
2598 1116.36 83.0967
2599 384.265 79.4467
2600 1371.28 291.276
2601 276.072 1359.89
2602 549.22 151.63
2603 693.072 1125.64
2604 778.353 1455.22
2605 360.455 635.267
2606 141.502 655.184
2607 117.33 689.632
2608 871.13 124.334
2609 125.981 907.226
2610 45.0286 1161.07
2611 1111.69 267.026
2612 1338.8 859.685
2613 126.7 665.867
2614 1345.49 922.074
2615 1031.8 1115.89
2616 1435.12 1303.67
2617 153.453 939.999
2618 585.519 89.0387
2619 445.38 734.762
2620 1261.53 947.094
2621 810.04 555.508
2622 1024.51 906.128
2623 507.44 1087.02
2624 189.258 1157.54
2625 727.519 969.06
2626 1362.7 874.635
2627 458.502 337.913
2628 465.745 976.472
2629 77.5912 1263.25
2630 1012.01 331.563
2631 526.571 105.639
2632 103.343 1233.31
2633 1351.29 1070.31
2634 120.133 894.28
2635 649.152 945.283
2636 86.5944 1270.58
2637 970.345 610.099
2638 948.645 849.376
2639 648.745 1376.99
2640 1432.59 1159.35
2641 37.3948 427.766
2642 685.15 773.736
2643 599.742 42.3692
2644 797.637 805.456
2645 471.901 1343.68
2646 639.295 1120.02
2647 1218.48 159.609
2648 1480.19 1294.83
2649 1368.85 829.731
2650 347.554 358.871
2651 1066.16 666.319
2652 1043.22 1038.71
2653 1468.07 712.265
2654 150.779 1376.46
2655 676.957 36.3941
2656 1178.64 483.522
2657 43.7531 1456.48
2658 732.232 1347.62
2659 516.85 990.504
2660 449.313 249.825
2661 766.629 235.372
2662 987.645 36.892
2663 574.157 1120.1
2664 684.036 65.8624
2665 163.23 1140.15
2666 945.793 651.378
2667 1286.29 869.145
2668 613.041 1308.32
2669 354.209 1186.55
2670 971.781 215.92
2671 739.832 709.232
2672 342.937 133.297
2673 407.723 498.098
2674 1390.15 339.44
2675 1476.57 351.855
2676 1327.98 264.129
2677 1009.85 596.643
2678 1175.79 830.624
2679 1274.88 704.388
2680 613.177 1179.87
2681 294.367 35.7482
2682 1040.68 922.831
2683 462.169 149.741
2684 147.885 121.766
2685 595.861 1262.01
2686 431.565 896.034
2687 401.24 1283.48
2688 147.232 1410.62
2689 1016.36 1385.46
2690 15.0284 1225.84
2691 480.227 797.32
2692 578.503 912.477
2693 728.541 1411.95
2694 811.778 91.5615
2695 1260.98 1383.14
2696 200.012 206.369
2697 403.953 587.137
2698 903.515 479.448
2699 1281.04 1451.87
2700 886.54 1453.94
2701 427.512 668.706
2702 1198.47 246.384
2703 897.701 551.24
2704 118.64 735.384
2705 158.16 1479.7
2706 1109.97 478.736
2707 1225.36 1409.14
2708 1209.65 1058.14
2709 100.525 685.92
2710 297.862 721.857
2711 714.211 9.08639
2712 1143.8 1447.29
2713 377.159 670.258
2714 699.752 1068.54
2715 68.9664 403.31
2716 120.997 1118.52
2717 1132.4 1072.95
2718 739.47 44.7683
2719 732.137 1306.29
2720 282.959 149.424
2721 1063.17 961.308
2722 1154.61 1453.45
2723 222.574 1372.34
2724 514.312 745.354
2725 37.3414 183.691
2726 534.549 1266.28
2727 171.737 306.35
2728 285.092 690.763
2729 743.725 859.006
2730 555.39 282.585
2731 1472.89 1419.69
2732 972.681 196.534
2733 996.044 1225.53
2734 1018.26 1417.42
2735 301.334 1449.37
2736 411.052 147.07
2737 198.945 612.588
2738 927.415 967.25
2739 994.5 234.875
2740 1281.07 644.633
2741 1190.29 1166.54
2742 1378.36 1360.75
2743 287.305 1349.25
2744 1227.19 1196.78
2745 1441.1 495.246
2746 1082.87 842.043
2747 752.495 1382.37
2748 592.042 302.457
2749 1279.57 433.877
2750 1055.52 1080.73
2751 915.691 773.103
2752 1228.53 235.566
2753 95.9192 556.594
2754 696.24 1208.87
2755 1418.07 1190.17
2756 585.841 1227.35
2757 676.094 580.087
2758 192.65 416.676
2759 754.634 337.098
2760 883.981 964.974
2761 1478.17 395.162
2762 1343.55 1361.23
