1 83.769 166.687
2 406.76 176.268
3 336.894 383.039
4 364.227 25.1223
5 25.4268 67.4908
6 302.882 445.496
7 185.303 270.509
8 267.882 95.7585
9 195.564 308.875
10 248.645 349.478
11 395.758 406.585
12 354.733 185.837
13 427.405 235.105
14 231.243 219.669
15 110.591 434.821
16 302.678 313.832
17 114.386 284.458
18 437.965 132.02
19 122.107 46.0084
20 239.373 259.545
21 120.446 367.712
22 175.636 202.925
23 274.479 128.828
24 292.123 36.7821
25 174.425 306.147
26 223.196 9.2126
27 291.377 404.726
28 433.982 61.9653
29 367.588 268.271
30 166.194 211.439
31 342.405 47.7963
32 225.511 137.807
33 47.4824 292.062
34 325.04 380.419
35 210.746 436.855
36 385.441 412.547
37 426.245 226.223
38 274.404 243.706
39 78.358 310.963
40 206.122 405.177
41 41.6136 151.744
42 321.767 205.614
43 268.082 181.495
44 179.066 380.692
45 2.52493 358.404
46 127.131 103.088
47 417.189 116.334
48 442.363 31.2819
49 384.609 195.446
50 69.7837 110.456
51 85.3008 89.6987
52 186.013 121.866
53 221.995 141.398
54 45.8037 119.709
55 220.515 280.391
56 109.918 430.046
57 328.419 127.434
58 421.648 196.194
59 6.14173 26.0703
60 247.321 370.772
61 283.107 424.273
62 32.1669 189.195
63 248.494 331.014
64 185.153 318.592
65 211.521 209.776
66 177.756 155.988
67 223.687 233.986
68 281.768 109.528
69 83.4047 257.423
70 432.146 344.083
71 75.2766 220.34
72 183.938 155.552
73 146.82 400.566
74 149.711 114.211
75 362.081 212.629
76 264.326 85.3995
77 159.528 245.671
78 181.418 171.204
79 239.324 161.227
80 92.6856 345.659
81 236.443 407.483
82 421.008 72.7863
83 86.2436 359.291
84 419.981 30.9018
85 19.2441 66.8378
86 219.233 428.638
87 283.931 244.427
88 338.246 442.296
89 246.379 322.948
90 339.488 298.163
91 116.068 180.076
92 372.716 194.463
93 356.646 95.3879
94 141.028 412.943
95 396.741 254.186
96 237.781 304.359
97 172.132 404.824
98 136.346 364.343
99 212.668 382.4
100 334.543 296.047
101 348.136 172.473
102 179.811 318.838
103 402.558 306.745
104 174.766 341.112
105 347.679 166.143
106 222.126 99.032
107 77.0173 282.358
108 299.171 38.4745
109 347.945 105.788
110 441.687 357.26
111 190.197 77.095
112 301.858 8.3958
113 37.9286 326.972
114 279.359 175.847
115 368.668 160.165
116 138.025 82.968
117 420.8 39.6756
118 85.0835 236.022
119 94.5312 142.245
120 187.213 103.224
121 14.6992 246.579
122 296.796 284.514
123 438.822 21.894
124 328.496 399.57
125 232.191 32.8399
126 295.212 59.5748
127 246.733 193.738
128 59.9297 197.641
129 160.865 401.451
130 121.729 36.2908
131 21.8509 224.624
132 7.80682 380.83
133 213.987 111.452
134 195.553 68.7213
135 425.427 290.586
136 91.4026 314.691
137 13.5118 163.631
138 144.44 259.809
139 332.334 229.319
140 15.8593 40.5449
141 420.449 309.188
142 10.127 280.796
143 141.738 193.55
144 84.3286 268.478
145 129.509 29.9601
146 420.723 326.865
147 80.4777 390.589
148 66.6215 193.679
149 49.6241 3.23465
150 413.747 100.904
151 293.156 155.495
152 372.749 10.7433
153 261.774 273.35
154 91.9066 345.834
155 298.543 115.997
156 167.328 206.308
157 92.5627 258.389
158 263.384 340.595
159 337.795 223.384
160 51.9171 398.899
161 333.633 144.851
162 190.097 63.8761
163 389.973 169.145
164 64.2835 410.256
165 298.515 146.678
166 397.657 267.056
167 318.224 33.3176
168 388.305 168.911
169 442.399 116.365
170 319.692 251.991
171 336.163 76.842
172 301.873 12.9071
173 137.712 12.4777
174 434.554 376.927
175 268.435 218.115
176 125.223 304.291
177 189.113 329.565
178 57.7459 255.717
179 147.271 158.498
180 282.847 197.056
181 179.652 420.558
182 205.38 48.9428
183 342.438 334.752
184 15.3816 43.9475
185 111.706 214.005
186 288.19 24.1869
187 153.9 392.371
188 123.626 347.349
189 221.558 363.973
190 191.862 278.671
191 416.65 285.565
192 188.619 232.959
193 348.154 70.0724
194 287.242 369.282
195 377.408 416.3
196 21.4415 420.533
197 87.0488 69.115
198 72.126 336.239
199 321.409 127.052
200 150.307 437.239
201 95.3333 25.9591
202 338.491 235.053
203 354.826 95.2945
204 321.581 245.983
205 155.255 219.519
206 373.009 324.408
207 15.9276 258.064
208 263.317 141.983
209 378.967 204.413
210 247.252 26.3139
211 446.468 379.218
212 399.622 390.341
213 19.053 300.549
214 238.861 77.1538
215 149.203 45.2987
216 54.8661 16.2845
217 2.59318 433.752
218 409.326 403.089
219 441.848 86.2572
220 125.058 306.324
221 244.386 264.138
222 145.773 13.7165
223 43.7617 208.084
224 438.951 422.374
225 192.004 178.959
226 317.413 33.8362
227 249.887 68.4052
228 115.956 428.968
229 310.319 227.151
230 351.252 367.699
231 3.84882 152.358
232 216.74 354.542
233 232.007 265.459
234 439.368 205.625
235 402.079 142.857
236 401.806 359.987
237 11.9696 103.081
238 396.879 264.765
239 245.914 0.532283
240 32.0546 340.691
241 299.739 313.735
242 205.907 214.66
243 325.165 137.329
244 86.421 168.72
245 37.2714 351.814
246 396.87 82.0262
247 61.7575 300.483
248 114.632 438.192
249 110.218 331.874
250 438.405 63.9422
251 255.018 348.921
252 252.067 146.078
253 365.61 116.788
254 235.269 289.398
255 241.37 129.413
256 375.697 31.4866
257 243.248 382.916
258 207.167 211.589
259 171.818 37.2735
260 163.692 257.518
