1 37.2328 357.543
2 255.611 333.502
3 154.49 432.182
4 102.551 514.59
5 536.124 379.807
6 590.329 477.715
7 405.202 362.397
8 185.738 78.7891
9 418.034 321.825
10 253.565 12.9605
11 456.386 219.333
12 113.725 622.264
13 558.376 521.345
14 560.576 394.572
15 69.5995 272.046
16 371.73 237.197
17 507.285 108.832
18 99.8654 196.55
19 534.963 142.455
20 471.154 186.473
21 96.4501 356.365
22 148.468 370.398
23 40.9773 492.345
24 241.656 559.543
25 155.664 187.987
26 141.255 482.675
27 25.2851 598.525
28 235.288 620.143
29 540.097 420.099
30 442.093 386.283
31 353.644 491.129
32 477.946 33.7199
33 430.333 507.448
34 476.772 333.927
35 550.327 621.559
36 61.4177 218.089
37 284.332 266.555
38 453.05 92.7919
39 351.27 372.376
40 346.56 350.488
41 40.0508 8.02947
42 159.952 583.14
43 483.042 451.484
44 156.652 203.091
45 238.328 514.416
46 417.281 17.1012
47 629.346 554.814
48 481.073 527.686
49 458.529 474.337
50 374.171 168.715
51 516.993 402.853
52 326.95 111.37
53 28.3154 545.521
54 314.674 583.747
55 290.426 428.748
56 193.906 298.547
57 478.432 366.286
58 473.298 334.111
59 84.1387 118.743
60 171.711 278.445
61 178.192 322.067
62 177.768 189.86
63 441.929 426.49
64 333.571 540.059
65 577.929 192.639
66 425.465 119.284
67 213.379 388.717
68 72.8442 409.059
69 420.389 241.328
70 446.475 75.5851
71 429.654 158.576
72 388.561 332.769
73 330.675 217.905
74 349.517 40.2245
75 74.0206 332.142
76 520.603 120.075
77 30.5402 418.294
78 123.853 293.712
79 469.434 240.025
80 242.081 128.626
81 540.522 531.045
82 338.84 147.001
83 406.318 201.567
84 535.192 338.589
85 33.7778 34.9643
86 109.961 60.095
87 340.538 453.635
88 48.2733 453.259
89 315.197 307.59
90 579.842 74.9288
91 115.868 606.786
92 69.6016 128.356
93 579.955 21.6178
94 302.842 588.892
95 572.725 245.188
96 230.271 533.747
97 559.36 433.881
98 369.703 305.216
99 242.602 469.25
100 591.613 458.036
101 278.503 250.235
102 459.247 1.56343
103 75.4114 559.129
104 548.571 159.412
105 297.92 529.047
106 572.717 607.257
107 175.526 7.85575
108 429.171 97.2222
109 447.602 277.924
110 523.848 594.682
111 410.082 442.074
112 128.394 176.611
113 132.718 321.419
114 329.456 180.817
115 203.611 554.544
116 474.588 305.65
117 463.296 443.599
118 195.538 302.939
119 590.305 261.556
120 167.761 339.891
121 240.961 608.06
122 465.863 182.325
123 249.242 354.792
124 244.551 147.029
125 620.371 500.538
126 624.59 151.305
127 37.6767 515.044
128 176.552 458.992
129 189.793 405.72
130 113.783 221.872
131 361.361 288.424
132 9.72801 422.28
133 540.483 340.354
134 126.947 98.8719
135 372.255 562.507
136 232.517 56.8432
137 131.74 274.314
138 462.553 181.772
139 458.413 629.569
140 468.488 86.78
141 43.7547 249.637
142 198.647 512.245
143 9.99823 611.05
144 450.844 61.4949
145 163.526 475.388
146 284.023 497.827
147 490.194 506.252
148 380.049 407.92
149 383.437 30.274
150 113.006 200.138
151 6.36953 398.22
152 406.404 271.67
153 67.3819 179.109
154 80.827 379.566
155 534.045 57.6244
156 215.3 235.257
157 588.776 417.773
158 507.082 354.966
159 586.457 269.914
160 47.2696 114.159
161 258.873 441.437
162 374.836 94.6182
163 88.1311 242.785
164 380.531 56.0803
165 123.511 423.197
166 609.78 236.28
167 379.828 3.89892
168 433.61 403.828
169 186.762 139.917
170 231.509 163.571
171 222.77 342.024
172 589.22 47.1345
173 337.582 364.944
174 146.303 120.288
175 229.612 576.027
176 113.682 619.378
177 63.4637 65.4131
178 211.121 122.42
179 147.645 580.42
180 176.745 53.4746
181 457.93 553.222
182 285.209 44.6923
183 235.808 284.544
184 263.659 28.7998
185 291.744 385.52
186 385.742 544.982
187 408.827 578.411
188 499.733 77.0924
189 553.863 408.017
190 290.007 75.6135
191 200.327 190.7
192 422.84 158.601
193 476.95 294.918
194 589.242 305.785
195 578.604 385.732
196 48.0031 53.6971
197 632.138 359.396
198 280.915 451.705
199 617.535 224.904
200 102.981 469.801
201 300.912 470.438
202 222.48 568.055
203 583.729 467.099
204 81.148 570.671
205 280.24 18.3172
206 536.758 1.96876
207 250.988 244.242
208 400.937 463.479
209 365.59 241.009
210 81.6072 33.0829
211 224.632 110.221
212 108.935 535.079
213 395.451 29.184
214 86.5818 317.859
215 307.124 179.089
216 313.246 550.25
217 269.048 479.442
218 19.7455 628.45
219 437.208 134.397
220 545.478 565.691
221 12.8356 88.7102
222 482.366 278.628
223 383.482 442.074
224 358.351 393.695
225 114.341 524.598
226 363.542 335.027
227 517.92 358.297
228 167.866 382.056
229 526.481 383.89
230 626.464 99.4317
231 438.45 534.142
232 288.446 345.655
233 336.849 611.889
234 363.248 630.284
235 626.243 521.394
236 358.183 325.434
237 201.186 212.047
238 283.174 58.4544
239 567.564 398.539
240 597.006 586.769
241 415.177 626.906
242 379.489 117.768
243 144.029 128.645
244 547.432 314.944
245 518.136 321.111
246 267.508 229.382
247 141.847 402.865
248 425.832 617.545
249 354.89 254.183
250 121.561 258.342
251 390.667 94.7323
252 404.63 586.518
253 117.257 451.435
254 539.576 554.247
255 81.1408 156.478
256 51.2411 250.593
257 422.735 523.307
258 409.541 489.875
259 623.13 306.548
260 262.94 369.442
261 76.6853 41.5177
262 323.804 316.478
263 554.651 290.638
264 324.129 230.21
265 237.432 603.84
266 243.2 88.2855
267 382.596 607.411
268 48.1575 607.817
269 445.77 261.334
270 394.362 44.7695
271 469.413 222.412
272 503.405 183.269
273 21.6178 442.479
274 582.283 209.32
275 50.3579 356.355
276 366.283 226.262
277 161.632 489.575
278 285.336 140.728
279 314.826 366.846
280 229.863 631.114
281 9.7087 106.168
282 493.33 512.901
283 106.506 502.112
284 118.25 16.5608
285 446.078 565.404
286 196.374 85.631
287 501.774 146.547
288 570.389 222.026
289 109.807 366.402
290 463.104 568.22
291 179.003 578.304
292 405.581 425.523
293 455.641 469.936
294 544.545 108.842
295 268.833 209.895
296 122.314 239.321
297 135.208 272.278
298 306.919 416.499
299 323.251 297.476
300 107.549 454.109
301 551.379 287.333
302 372.984 343.279
303 356.616 608.657
304 215.274 505.047
305 272.809 126.169
306 583.024 582.254
307 198.903 178.742
308 505.938 402.312
309 168.735 71.1162
310 11.3879 368.815
311 550.297 591.835
312 119.747 586.749
313 139.61 399.601
314 269.627 231.117
315 323.872 399.099
316 426.427 262.984
317 285.705 488.427
318 291.233 591.159
319 120.426 97.7626
320 327.876 133.152
321 263.698 148.931
322 17.7961 170.954
323 433.461 487.22
324 139.84 110.639
325 377.346 251.867
326 55.4504 229.515
327 31.6739 302.939
328 545.661 64.448
329 529.787 604.449
330 576.157 487.095
331 73.1114 42.6179
332 345.939 484.547
333 411.954 346.618
334 223.523 341.397
335 565.636 11.7547
336 202.242 262.511
337 577.445 370.226
338 283.154 518.624
339 483.968 412.398
340 234.958 54.3919
341 291.126 416.741
342 225.233 272.83
343 178.578 97.9841
344 182.651 532.791
345 464.541 451.85
346 290.914 624.387
347 189.989 41.469
348 140.551 331.283
349 35.1787 299.28
350 524.559 429.383
351 444.128 220.819
352 385.483 375.879
353 538.032 90.7561
354 170.237 30.8145
355 43.7608 456.048
356 1.93016 474.954
357 379.055 196.287
358 440.443 525.341
359 306.374 158.852
360 589.838 322.202
361 112.448 445.018
362 68.1153 143.932
363 530.022 496.225
364 583.642 63.9746
365 208.901 273.291
366 22.4864 135.517
367 331.698 499.352
368 121.793 532.695
369 366.544 73.0759
370 224.932 123.492
371 55.6191 75.4114
372 209.712 433.591
373 524.705 543.938
374 217.989 361.065
375 510.759 148.449
376 243.586 166.601
377 232.99 528.12
378 258.253 175.75
379 123.932 97.7138
380 140.487 439.063
381 562.871 240.777
382 408.21 305.052
383 607.289 441.949
384 465.05 377.674
385 370.957 225.018
386 551.041 566.434
387 120.654 545.849
388 97.5421 263.611
389 63.6181 83.6816
390 265.799 452.265
391 409.31 589.297
392 234.611 198.314
393 231.674 8.07721
394 58.495 65.3745
395 113.773 291.309
396 284.37 99.3453
397 247.003 511.203
398 621.348 376.545
399 394.844 155.397
400 30.5351 570.256
401 0.84927 75.2955
402 326.523 66.8506
403 564.61 172.112
404 337.932 543.561
405 242.389 539.566
406 526.374 449.099
407 369.925 67.7192
408 475.147 119.11
409 515.53 161.94
410 612.412 629.782
411 319.673 7.45042
412 48.4663 630.535
413 361.345 404.107
414 590.042 72.7955
415 158.097 388.068
416 76.2768 579.781
417 547.355 116.996
418 494.563 14.8135
419 268.881 504.727
420 279.236 289.977
421 55.3031 338.608
422 581.557 84.7432
423 610.355 138.798
424 10.0175 328.533
425 250.091 613.829
426 64.2077 213.111
427 222.605 73.2973
428 619.702 268.552
429 360.824 296.781
430 132.718 50.2705
431 148.429 116.485
432 132.329 338.087
433 486.417 262.232
434 96.9509 632.137
435 605.182 68.4435
436 113.706 210.021
437 531.971 253.198
438 49.2678 389.651
439 93.7093 395.422
440 530.863 332.749
441 455.694 553.039
442 67.7069 406.424
443 229.744 631.808
444 406.164 460.536
445 558.098 429.422
446 363.411 314.076
447 627.956 9.03315
448 45.3496 143.604
449 532.991 129.166
450 40.5699 277.943
451 289.913 315.986
452 586.244 323.476
453 452.7 66.9278
454 626.028 488.68
455 83.4987 567.313
456 487.421 507.169
457 353.876 416.413
458 533.168 512.582
459 594.817 253.034
460 7.54693 217.568
461 482.135 288.713
462 108.359 261.054
463 349.691 244.03
464 294.369 433.291
465 229.494 315.648
466 249.862 10.3843
467 446.253 529.848
468 370.475 626.153
469 284.062 218.61
470 399.598 489.961
471 3.86032 25.8062
472 369.054 405.971
473 253.488 460.7
474 347.989 187.177
475 589.173 55.7908
476 337.396 529.732
477 345.297 372.993
478 115.639 255.138
479 323.698 398.568
480 195.988 294.764
481 330.366 270.56
482 566.384 605.086
483 491.146 97.2222
484 470.68 47.3946
485 417.067 373.302
486 632.086 204.838
487 589.104 19.0121
488 542.549 142.504
489 316.525 262.511
490 400.055 201.779
491 576.853 218.966
492 500.452 9.35111
493 311.815 557.98
494 17.217 13.9165
495 410.545 451.3
496 422.454 356.674
497 242.37 52.992
498 602.033 466.278
499 118.233 374.798
500 577.137 505.2
501 163.405 355.101
502 401.724 394.525
503 421.075 165.704
504 630.581 114.12
505 294.581 460.738
506 192.159 251.365
507 531.133 308.256
508 229.843 487.625
509 359.574 279.699
510 114.574 119.293
511 615.088 609.39
512 277.24 400.277
513 477.282 356.906
514 202.62 277.654
515 35.5144 350.671
