1 155.926 151.256
2 1067.81 669.141
3 543.096 1258.11
4 753.108 176.256
5 92.4306 382.781
6 725.45 756.276
7 362.82 795.669
8 1302.82 1394.45
9 1196.49 13.8055
10 392.997 92.2986
11 507.399 267.562
12 1198.05 681.883
13 1462.25 838.22
14 472.791 151.081
15 903.55 423.431
16 584.369 1277.88
17 860.216 11.735
18 1456.42 1067.7
19 1038.97 61.2264
20 126.282 1520.74
21 993.838 0.189116
22 1227.22 690.7
23 1184.25 1207.51
24 347.123 36.263
25 413.278 1406.32
26 234.127 1299.61
27 900.98 443.346
28 167.285 1004.5
29 650.317 420.368
30 818.318 940.674
31 1216.44 1160.42
32 336.911 211.962
33 238.145 652.546
34 1154.16 382.204
35 82.3129 418.042
36 403.196 106.435
37 128.206 316.26
38 108.708 597.749
39 1458.1 13.2381
40 1284.67 1179.66
41 1204.34 251.761
42 1366.51 434.282
43 1064.16 653.775
44 896.033 1082.69
45 275.732 1535.07
46 690.117 95.9292
47 1464.23 1380.45
48 985.39 501.442
49 598.128 875.798
50 524.857 759.548
51 1072.34 136.258
52 981.703 1210.01
53 1179.02 345.232
54 1479.27 127.143
55 1361.59 190.156
56 120.231 1428.11
57 775.188 1381.27
58 860.337 1323.06
59 1137.82 1180.04
60 414.354 795.612
61 1242.37 992.492
62 627.338 1255.64
63 481.246 1385.48
64 357.791 732.552
65 1123.86 974.516
66 1366.13 1454.54
67 539.832 452.366
68 342.37 609.522
69 1054.36 855.194
70 651.411 1285.09
71 456.102 1016.74
72 367.398 189.173
73 1359.82 1121.41
74 473.973 1209.71
75 821.101 1050.22
76 1346.84 93.9676
77 1060.76 87.088
78 974.481 897.404
79 986.431 1374.65
80 543.473 549.477
81 748.24 1266.05
82 1209.71 239.185
83 1495.06 1147.19
84 463.666 446.608
85 1035.28 1121.14
86 386.601 1104.25
87 654.949 510.472
88 275.401 920.996
89 336.343 529.677
90 926.717 224.765
91 889.036 1223.75
92 596.662 1416.25
93 1346.65 676.8
94 230.755 623.649
95 1055.51 948.702
96 172.637 134.982
97 1146.66 585.75
98 1141.37 1290.72
99 375.066 167.567
100 116.732 936.504
101 543.711 709.564
102 31.6297 982.175
103 279.845 1074.66
104 1044.82 1446.24
105 598.411 525.554
106 114.51 240.769
107 889.414 501.3
108 596.047 219.432
109 1491.88 558.933
110 223.433 191.679
111 374.274 127.748
112 628.717 164.588
113 554.945 1133.62
114 108.16 150.688
115 542.055 360.219
116 1254.36 684.696
117 1255.04 1189.69
118 1086.48 307.55
119 109.073 1155.36
120 359.475 1305.86
121 1181.93 463.345
122 740.438 582.029
123 67.0535 768.578
124 1318.11 1492.13
125 16.5004 674.861
126 307.692 643.762
127 1371.99 204.293
128 613.732 261.761
129 805.174 1283.68
130 235.781 1308.07
131 702.851 110.123
132 793.863 834.996
133 7.47009 1337.86
134 332.828 173.798
135 1099.48 280.223
136 312.452 1172.72
137 65.5288 1274.7
138 1353.32 1343.26
139 82.0793 858.281
140 352.655 855.704
141 600.775 1101.56
142 1456.35 252.99
143 1169.26 1298.91
144 1461.35 1072.86
145 156.588 103.173
146 974.764 1144.72
147 33.8991 1407.04
148 1298.66 1294.61
149 312.403 50.4566
150 326.746 1342.87
151 195.833 503.475
152 1397.76 1420.6
153 1068.19 608.633
154 1087.09 572.541
155 954.576 576.796
156 1347.1 764.938
157 1054.66 305.385
158 1193.56 316.827
159 70.6349 1285.39
160 1048.75 916.704
161 968.797 108.941
162 505.51 355.312
163 1317.1 1441.45
164 614.912 353.326
165 919.72 1209.31
166 945.487 78.2941
167 837.222 14.3256
168 823.944 505.792
169 1137.25 1250.91
170 126.424 1351.38
171 1002.3 1089.31
172 1149.97 227.034
173 491.04 1504.71
174 1300.41 841.294
175 71.6278 903.739
176 291.969 51.0614
177 1299.32 952.011
178 460.415 410.061
179 632.246 1428.77
180 1085.76 1408.69
181 1095.84 440.523
182 133.894 782.894
183 779.206 1312.1
184 185.667 973.075
185 1431.61 36.8875
186 421.552 587.878
187 792.258 1076.47
188 597.655 1160.89
189 950.652 612.179
190 1003.1 1444.53
191 685.131 14.2783
192 265.85 1420.88
193 56.924 320.836
194 1156.45 176.871
195 682.191 458.749
196 160.607 1030.55
197 470.806 1001.19
198 1259.23 329.465
199 1133.09 1248.84
200 303.877 102.596
201 1485.93 1054.61
202 197.78 538.13
203 398.421 461.16
204 779.159 673.538
205 640.323 1395.96
206 417.183 598.6
207 1215.83 805.163
208 543.757 301.083
209 1110.07 214.042
210 807.291 1008.8
211 841.512 1470.33
212 277.654 155.832
213 1025.07 1181.14
214 1351.03 273.368
215 713.273 848.196
216 1272.52 1438.09
217 238.003 1468.06
218 734.693 731.323
219 1171.69 1199.62
220 996.504 886.01
221 1091.82 1085.53
222 1048.22 1128.32
223 1030.2 376.966
224 1332.69 1355.3
225 1311.36 1527.74
226 830.41 406.752
227 1489.59 283.013
228 547.444 1384.85
229 1180.94 1343.2
230 1502.39 422.155
231 640.643 181.183
232 592.22 818.789
233 529.384 1001.81
234 1548.25 414.742
235 437.331 1155.26
236 783.036 1533.83
237 483.913 704.458
238 213.659 1090.96
239 1334.38 784.029
240 1056.5 995.13
241 509.861 337.408
242 1055.6 328.59
243 45.1042 880.1
244 1477.42 1293.51
245 485.56 1427.38
246 15.6021 1039.06
247 692.024 553.931
248 959.389 771.453
249 735.804 1511.99
250 1386.7 539.053
251 676.185 78.6019
252 616.644 195.31
253 958.536 72.0631
254 389.395 312.798
255 1237.72 196.01
256 286.107 302.822
257 1022.13 443.052
258 6.19356 1104.69
259 24.4433 397.239
260 641.813 1358.33
261 1494.11 479.457
262 1502.41 847.298
263 198.005 22.231
264 738.735 97.6081
265 78.4385 807.952
266 514.396 532.23
267 910.973 115.55
268 335.918 1115.6
269 156.452 122.699
270 893.897 566.923
271 830.268 1091.77
272 741.027 494.492
273 366.744 1198.77
274 564.228 590.043
275 1465 819.866
276 493.198 771.699
277 1298.66 1163.69
278 466.975 33.7671
279 1244.56 1491.75
280 173.27 1257.68
281 883.166 1201.37
282 570.091 1031.26
283 212.236 683.844
284 1437.1 793.556
285 872.962 1214.22
286 373.572 516.345
287 683.088 1014.51
288 163.302 752.352
289 1047.42 490.568
290 1409.28 1498.27
291 1278.7 1326.89
292 1206.28 1535.01
293 414.779 217.73
294 1439.59 772.635
295 1450.33 155.17
296 1489.06 1483.66
297 128.175 1079.1
298 75.9131 352.796
299 166.139 725.025
300 7.28098 1084.78
301 522.029 79.155
302 1439.93 1109.88
303 800.718 342.797
304 171.481 1230.11
305 1253.89 1060.71
306 1453.6 1393.91
307 529.62 33.71
308 1040.23 1168.55
309 965.96 1047.24
310 857.406 1465.27
311 1138.95 598.458
312 161.033 443.488
313 101.272 1209.36
314 1144.2 428.264
315 431.934 1229.5
316 223.405 71.9686
317 1426.03 906.765
318 1112.03 371.235
319 1329.44 895.806
320 766.112 1186.04
321 1540.49 1027.75
322 1235.9 970.413
323 403.574 348.967
324 533.261 760.295
325 1321.93 983.003
326 1026.05 1503.9
327 797.598 247.033
328 1397.57 272.186
329 396.259 375.963
330 859.271 1242.17
331 562.064 483.476
332 1497.15 1520.08
333 513.971 493.404
334 463.099 586.318
335 1100.52 1010.99
336 1514.3 596.341
337 173.697 702.861
338 21.6538 217.744
339 917.784 164.082
340 341.187 816.557
341 1492.26 235.601
342 89.6919 950.64
343 1137.08 518.926
344 981.584 450.711
345 542.196 162.461
346 731.029 1012.72
347 927.899 323.247
348 1320.92 222.647
349 1196.02 124.354
350 927.237 834.854
351 1299.02 568.162
352 94.6264 1143.87
353 1178.01 700.449
354 1244.48 588.624
355 738.31 728.155
356 560.588 942.036
357 535.721 1311.05
358 1466.74 1334.23
359 450.893 288.828
360 1080.18 1315.88
361 594.723 862.134
362 1474.11 1027.85
363 1168.87 1100.05
364 810.269 454.541
365 817.455 813.683
366 1110.3 1265.85
367 251.808 1189.78
368 611.292 474.03
369 1243.89 1065.35
370 289.265 1459.93
371 364.723 677.33
372 857.642 358.338
373 1075.33 397.58
374 1525.92 996.312
375 178.1 474.682
376 859.155 140.088
377 1428.35 759.61
378 909.008 281.925
379 343.624 1336.56
380 1244.91 1237.48
381 1456.71 890.417
382 74.9018 636.292
383 955.606 337.809
384 1299.18 457.851
385 377.488 946.49
386 415.254 1485.51
387 1466.69 704.894
388 231.076 14.1936
389 229.162 1261.26
390 818.497 391.637
391 884.119 1109.6
392 982.554 1130.17
393 953.725 489.065
394 689.161 1177.16
395 47.4209 1236.44
396 416.15 1357.77
397 1108.32 708.477
398 534.871 1327.64
399 1157.02 1058.53
400 1091.52 270.909
401 387.086 472.28
402 1475.21 1377.15
403 1480.31 1268.21
404 1106.57 1437.58
405 896.829 51.2131
406 69.7865 65.2924
407 862.512 928.372
408 37.1614 970.507
409 285.066 1178.9
410 1545.09 1270.3
411 1474.33 581.637
412 237.294 343.577
413 1071.63 429.54
414 665.027 394.071
415 926.15 260.47
416 1101.54 29.2657
417 503.244 639.875
418 1025.29 153.657
419 1362.31 1031.64
420 491.141 1146.78
421 756.545 481.594
422 482.939 974.8
423 1048.5 1320.89
424 501.82 1454.26
425 234.61 1518.66
426 986.525 1267.03
427 226.041 528.306
428 1320.08 1190.3
429 1348.97 288.45
430 1196.1 1274.74
431 247.801 215.082
432 723.674 1354.79
433 1319.32 22.4674
434 222.875 845.728
435 472.604 118.127
436 1410.52 797.172
437 106.531 1502.06
438 419.792 157.26
439 1528.52 330.906
440 446.031 1506.46
441 286.958 243.308
442 1242.54 1116.65
443 1313.4 12.198
444 732.258 1321.08
445 57.0186 1015
446 509.905 1263.63
447 1471.33 465.652
448 1098.12 786.109
449 1477 1120.82
450 1484.68 1244.95
451 634.532 1013.01
452 101.792 843.033
453 693.428 750.413
454 539.922 543.294
455 575.812 658.834
456 1124.32 1231.71
457 773.007 611.877
458 1440.12 362.877
459 1315.73 611.271
460 500.99 916.515
461 1542.25 1226.8
462 332.514 1390.1
463 1509.35 748.059
464 1077.63 1030.42
465 636.379 1329.72
466 146.151 591.14
467 521.291 126.802
468 1391.42 263.25
469 984.06 173.089
470 1146.49 1125.24
471 309.442 1439.55
472 1353.65 838.542
473 718.947 642.722
474 237.532 1074.46
475 219.916 1210.68
476 1089 200.757
477 676.185 354.735
478 42.2675 1184.1
479 1115.54 1229.12
480 636.755 1302.03
481 796.605 873.647
482 287.882 1322.73
483 1180.27 954.116
484 1121.79 966.11
485 668.715 564.039
486 1465.86 495.816
487 1306.27 724.562
488 187.414 1530.43
489 1156.35 192.804
490 630.602 438.135
491 1303.91 349.818
492 746.158 206.042
493 1232.76 1045.15
494 88.9161 475.117
495 329.536 1245.29
496 62.8929 389.779
497 693.679 368.777
498 1280.42 800.066
499 1190.96 1095.7
500 1174.32 153.137
501 893.054 1114.6
502 425.638 63.2594
503 64.8196 715.663
504 1430.62 819.072
505 1193.09 216.538
506 197.627 838.646
507 1146.38 1480.7
508 1059.71 609.049
509 1214.27 98.7758
510 1091.48 1162.03
511 624.454 1357.16
512 730.419 668.053
513 640.353 16.6048
514 1356.46 1312.48
515 108.356 1321.31
516 25.9089 1436.48
517 527.448 1174.01
518 1345.8 1041.04
519 278.571 777.325
520 591.719 700.402
521 699.118 587.689
522 1175.97 276.914
523 1400.93 553.26
524 298.156 807.952
525 407.501 847.534
526 659.543 825.634
527 1451.43 368.966
528 1235.12 740.343
529 1038.67 222.023
530 986.289 19.6307
531 1329.63 1234.08
532 693.3 260.082
533 464.233 1280.84
534 1189.72 878.691
535 589.147 1484.07
536 469.481 1097.73
537 971.585 771.179
538 651.6 625.171
539 1532.79 527.328
540 1498.81 547.123
541 122.926 161.222
542 930.028 786.582
543 810.024 952.021
544 1363.8 149.544
545 71.4123 191.291
546 1296.49 105.716
547 1396.76 877.699
548 973.884 983.887
549 777.693 780.341
550 651.263 974.138
551 1086.24 750.107
552 149.772 1078.3
553 455.12 143.738
554 304.95 1464.62
555 721.195 992.482
556 360.969 435.592
557 579.917 60.4227
558 225.987 585.835
559 792.728 1300.61
560 1308.92 702.094
561 668.532 320.41
562 617.276 707.541
563 1.84388 348.882
564 962.821 534.537
565 886.53 1240.52
566 962.413 735.568
567 612.843 1537.8
568 506.501 837.748
569 168.408 931.266
570 1135.5 495.305
571 511.181 1055.32
572 432.934 745.601
573 809.276 1060.38
574 971.748 25.1623
575 1344.44 1052.38
576 261.217 278.994
577 1037.4 1038.63
578 1048.08 1146.48
579 933.643 1360.74
580 807.104 1253.77
581 1329.16 341.946
582 985.045 223.025
583 337.812 1258.25
584 839.593 536.06
585 912.214 1296.58
586 833.807 882.71
587 1529.52 274.597
588 558.292 1425.57
589 1051.2 1155.94
590 1363.34 1081.51
591 1232.14 50.7304
592 486.785 1366.34
593 1069.82 786.875
594 1442.77 668.668
595 451.515 178.478
596 826.911 39.346
597 1395.7 733.923
598 810.647 1183.45
599 964.23 1261.42
600 875.478 1488.07
601 52.2434 288.062
602 1070.32 205.428
603 675.904 307.929
604 358.947 391.707
605 105.527 294.88
606 476.573 482.067
607 485.651 1425.98
608 793.042 431.705
609 335.918 985.542
610 939.293 711.607
611 83.1166 769.335
612 375.301 534.679
613 1222.84 1127.23
614 391.862 876.885
615 578.649 1045.79
616 902.747 1339.76
617 799.536 636.518
618 510.814 1128.69
619 635.337 1101.79
620 461.191 376.474
621 1093.15 1493.07
622 1306.42 1008.85
623 815.469 188.511
624 828.095 1117.39
625 793.024 536.239
626 1401.3 590.563
627 525.98 1005.53
628 838.258 961.713
629 605.942 993.627
630 379.746 614.061
631 1352.09 824.405
632 333.187 842.476
633 492.745 1543.39
634 1132.24 542.963
635 220.793 424.566
636 702.806 915.474
637 841.095 358.754
638 1188.78 996.729
639 50.3443 1258.58
640 1509.55 1098.72
641 662.402 1446.79
642 445.4 44.6787
643 1413.41 1293.75
644 376.767 1084.16
645 140.23 1447.51
646 1399.99 395.736
647 1094.7 1341.12
648 494.917 224.15
649 817.742 316.061
650 1187.55 1514.54
651 472.176 1077.5
652 1293.43 1383.87
653 291.281 377.864
654 1090.26 126.812
655 1276.58 803.082
656 1133.05 1376.77
657 1523.22 923.975
658 539.974 398.998
659 110.134 16.2266
660 539.029 633.492
661 1118.68 86.7571
662 1217.88 979.774
663 1161.65 849.865
664 1224.2 670.616
665 721.951 8.33095
666 1125.02 1461.07
667 1071.46 56.6787
668 370.727 55.2791
669 346.508 473.784
670 1538.88 1117.35
671 888.09 639.979
672 572.029 309.583
673 917.025 361.921
674 1393.6 170.29
675 1259.43 398.373
676 950.632 649.331
677 1116.39 300.421
678 385.088 227.233
679 874.048 552.844
680 1145.04 349.355
681 1303.82 1414.02
682 1425.95 1296.86
683 478.8 917.45
684 1362.33 1278.2
685 1380.22 1421.59
686 1127.89 454.882
687 703.323 1109.26
688 33.8518 1051.16
689 585.613 1221.55
690 973.24 819.015
691 344.428 455.355
692 1003.12 1057.93
693 619.687 1209.3
694 272.679 954.564
695 1197.11 534.112
696 1396.14 1324.24
697 250.863 265.046
698 551.22 339.18
699 1507.93 626.637
700 711.03 914.009
701 1489.43 1255.88
702 743.7 1435.36
703 734.197 584.464
704 1025.66 1009.61
705 769.94 850.172
706 209.966 37.9651
707 1141.74 227.105
708 335.256 1495.82
709 1092.81 1211.76
710 97.387 1120.9
711 107.418 1287.74
712 933.765 386.696
713 930.405 201.787
714 358.612 1058.72
715 435.677 458.522
716 1235.46 1525.27
717 1510.75 1171.07
718 518.557 1426.32
719 598.931 1377.44
720 918.543 665.052
721 592.88 388.029
722 1263.72 1549.06
723 1086.43 816.141
724 1190.91 913.479
725 707.106 1537.24
726 971.352 1401.12
727 789.289 1389.45
728 676.469 424.292
729 355.302 1532.74
730 196.303 1429.16
731 1390.73 982.932
732 1227.88 1511.1
733 603.706 1118.39
734 875.75 1048.6
735 277.892 175.264
736 743.835 1302.12
737 1071.21 357.524
738 662.372 961.562
739 1026.23 1408.25
740 368.825 905.347
741 539.371 1305.91
742 193.392 269.633
743 602.327 578.138
744 394.936 246.513
745 924.157 1013.11
746 1357.31 1343.43
747 747.409 313.649
748 1342.63 735.851
749 281.87 686.208
750 175.831 414.553
751 877.405 705.664
752 997.683 254.182
753 970.036 614.959
754 889.745 1173.1
755 988.038 656.102
756 347.218 818.269
757 917.502 1504.68
758 1351.03 541.97
759 1534.46 610.052
760 488.508 1221.51
761 235.253 1491.43
762 573.921 250.116
763 736.088 353.458
764 904.053 25.2096
765 666.682 608.964
766 119.95 387.121
767 22.7885 1529.95
768 1024.52 991.111
769 848.517 908.146
770 384.379 1119.66
771 1207.89 150.405
772 242.683 985.353
773 371.424 959.103
774 291.904 301.475
775 981.033 1238.77
776 342.35 1078.86
777 434.826 270.068
778 249.837 1240.98
779 1177.63 181.315
780 1379.51 1477.02
781 71.2889 1510.14
782 1241.58 173.099
783 144.373 122.926
784 623.812 344.532
785 670.826 762.801
786 1544.52 716.113
787 617.323 813.919
788 1086.28 687.968
789 73.142 657.794
790 207.351 630.23
791 1066.33 1491.19
792 708.479 492.658
793 311.616 1491.85
794 454.402 34.098
795 969.336 281.169
796 1255.51 507.74
797 1368.11 512.221
798 1160.23 792.681
799 1064.06 465.604
800 604.427 57.0757
801 73.1144 1315.5
802 193.847 766.016
803 626.637 151.587
804 205.333 570.848
805 1530.31 883.467
806 6.05172 1197.25
807 682.154 1511
808 1540.8 947.435
809 635.1 529.866
810 787.028 1484.04
811 731.265 136.684
812 1309.3 943.548
813 1156.21 776.228
814 773.629 560.777
815 1260.46 131.115
816 1321.07 299.466
817 1400.02 958.11
818 1234.88 471.136
819 389.959 335.597
820 753.82 658.928
821 587.868 853.387
822 881.66 724.835
823 1330.23 880.583
824 811.67 622.817
825 339.038 1282.73
826 334.192 331.72
827 1310.96 1034.99
828 298.951 878.918
829 759.352 935.001
830 1438.56 188.275
831 1122.55 1122.43
832 861.36 229.077
833 1323.25 454.456
834 170.066 183.396
835 769.846 966.063
836 787.823 1215.88
837 252.328 1124.04
838 525.98 274.455
839 361.308 1018.77
840 1395.11 71.1077
841 559.314 1023.69
842 282.734 863.089
843 1480.36 203.631
844 1078.34 632.003
845 477.634 836.603
846 737.254 236.122
847 1422.82 1017.11
848 781.287 1358.71
849 607.076 970.082
850 453.643 89.3673
851 617.08 780.616
852 776.89 307.361
853 845.303 485.33
854 1066.37 1200.84
855 471.175 956.182
856 1015.6 667.463
857 602.43 1057.26
858 1322.04 1458.51
859 918.632 958.215
860 103.021 817.928
861 1287.03 213.617
862 140.875 103.257
863 1456.17 969.41
864 183.18 706.728
865 739.777 749.005
866 209.117 235.412
867 344.759 106.057
868 102.314 696.515
869 172.146 562.148
870 1426.6 1395.54
871 351.446 785.447
872 1214.93 388.233
873 1159.8 651.846
874 1036.03 844.334
875 684.175 936.504
876 888.232 1350.43
877 310.907 958.12
878 260.076 1545.94
879 1324.34 489.268
880 991.489 1352.56
881 1312.37 256.016
882 1524.94 775.377
883 1492.99 330.538
884 926.578 1160.81
885 60.3779 273.519
886 287.693 78.9659
887 227.223 352.749
888 154.35 796.038
889 1003.24 579.31
890 978.765 1461.73
891 1038.53 1011.72
892 1525.73 691.703
893 500.461 297.622
894 811.027 693.844
895 599.737 1518.01
896 232.518 1101.61
897 259.846 492.932
898 1359.97 932.353
899 29.4089 421.692
900 155.115 160.853
901 327.029 154.14
902 105.578 1501.8
903 606.015 194.374
904 1394.65 943.643
905 1222.87 1229.02
906 700.439 273.982
907 263.253 249.066
908 590.386 165.335
909 165.335 1152.43
910 1428.6 127.332
911 467.631 825.313
912 1515.29 77.6421
913 455.487 412.652
914 1157.34 1009.5
915 936.74 400.416
916 751.221 36.3103
917 40.66 1471.75
918 806.723 121.281
919 84.7844 83.6465
920 1305.23 862.38
921 261.742 1292.78
922 94.6076 834.665
923 70.2973 464.952
924 1401.02 599.168
925 748.439 440.32
926 1462.66 304.062
927 289.868 969.42
928 771.216 1109.93
929 682.379 788.105
930 718.973 236.868
931 1389.53 1535.96
932 725.358 181.268
933 827.348 769.089
934 1262.97 442.154
935 1360.12 1520.49
936 941.536 414.543
937 69.1693 1253.95
938 985.847 963.264
939 639.82 1477.48
940 833.751 920.581
941 1093.78 536.958
942 1137.16 1004.92
943 1272.66 241.464
944 261.143 31.4504
945 29.2657 174.176
946 148.354 1228.23
947 1239.8 1411.43
948 737.321 1219.8
949 166.517 648.915
950 1144.91 105.409
951 391.518 1313.19
952 783.748 1171.35
953 768.997 1030.13
954 564.193 430.391
955 1504.42 1256.11
956 1257.48 1013.26
957 792.114 961.751
958 1511.83 1136.32
959 1237.25 617.748
960 77.5967 1094.09
961 926.815 595.253
962 878.161 1126.61
963 1113.89 630.797
964 868.103 1410.81
965 898.599 173.713
966 819.076 406.695
967 333.51 459.789
968 387.888 362.63
969 316.242 674.257
970 370.782 551.378
971 666.493 1486.12
972 1079.48 1365.95
973 671.694 526.651
974 251.099 1490.53
975 1120.41 1099.43
976 1240.73 793.825
977 131.742 1332.14
978 172.19 1066.78
979 337.13 895.57
980 141.412 490.189
981 1531.31 1404.2
982 459.877 118.481
983 1176.36 543.095
984 467.925 570.068
985 1366.76 546.877
986 1351.23 180.285
987 499.409 723.984
988 1046.57 1256.25
989 501.962 295.447
990 652.262 1328.02
991 107.938 78.6251
992 198.288 1321.59
993 283.438 721.867
994 679.317 1535.21
995 432.462 1479.94
996 1194.88 275.978
997 23.0722 28.7457
998 849.267 1395.07
999 1024.53 698.653
1000 937.092 864.886
1001 922.887 44.0739
1002 1307.27 644.414
1003 1250.12 31.9232
1004 713.63 1342.09
1005 1212.88 79.6652
1006 489.149 1111.96
1007 1213.94 731.785
1008 1465.13 1149.31
1009 1403.38 413.844
1010 932.31 373.694
1011 1062.83 1329.92
1012 1050.16 583.897
1013 438.75 318.708
1014 1351.28 1065.3
1015 42.8821 783.509
1016 426.033 443.015
1017 123.777 922.661
1018 1254.79 1057.45
1019 635.762 1323.4
1020 339.994 737.175
1021 849.463 1521.45
1022 740.053 1282.93
1023 1133.89 899.887
1024 1270.53 506.832
1025 1123.35 1461.82
1026 1265.25 48.0454
1027 944.683 420.216
1028 1029.97 241.559
1029 263.914 866.011
1030 404.993 1536.14
1031 130.199 829.228
1032 17.3514 225.001
1033 862.512 752.399
1034 327.77 1437.15
1035 88.2738 1208.41
1036 408.68 887.154
1037 1462.77 762.328
1038 1062.83 1188.08
1039 282.667 1395.97
1040 1134.84 700.014
1041 460.954 944.315
1042 1484.3 60.0543
1043 426.317 1507.83
1044 1178.01 306.936
1045 151.955 264.442
1046 74.5118 1425.87
1047 636.003 1178.62
1048 332.183 1381.84
1049 931.114 784.927
1050 814.76 712.874
1051 1169.26 149.223
1052 793.864 1451.16
1053 484.8 1399.06
1054 1091.77 82.039
1055 1052.11 731.29
1056 880.1 840.443
1057 1361.06 1392.95
1058 922.852 524.75
1059 466.313 501.536
1060 1273.05 82.0292
1061 985.58 557.979
1062 459.269 1271.05
1063 778.196 841.473
1064 1139.14 1086.1
1065 194.648 971.311
1066 1016.88 1344.1
1067 821.474 298
1068 971.159 416.884
1069 884.45 809.238
1070 465.504 1249.87
1071 790.695 604.17
1072 830.741 257.151
1073 1392.86 1154.33
1074 34.1828 39.809
1075 907.333 754.479
1076 1043.43 73.3771
1077 120.063 359.888
1078 1391.89 72.4315
1079 646.589 1474.27
1080 844.736 1138.34
1081 1205.29 645.785
1082 1007.62 1445.08
1083 597.938 29.2756
1084 479.281 520.742
1085 660.207 1071.49
1086 963.737 1477.19
1087 199.943 139.19
1088 1112.45 984.208
1089 305.018 1161.42
1090 1483.26 594.024
1091 1453.04 1172.01
1092 1047.09 859.723
1093 1395.35 651.175
1094 1386.27 569.571
1095 78.0105 350.348
1096 569.621 1409.68
1097 1218.06 567.028
1098 901.474 475.699
1099 1188.6 1374.22
1100 1470.9 443.327
1101 687.296 209.929
1102 556.522 535.568
1103 1242.07 1267.69
1104 766.207 776.488
1105 660.416 1347.56
1106 1464.09 163.444
1107 463.856 1483.81
1108 1233.61 1414.05
1109 505.886 416.68
1110 797.362 1354.89
1111 676.633 377.013
1112 1027.28 926.481
1113 16.595 1378.82
1114 1420.59 1042.99
1115 9.78677 971.159
1116 1241.88 283.968
1117 258.488 696.657
1118 169.07 83.8356
1119 1337.8 682.814
1120 922.512 938.253
1121 709.907 353.563
1122 1228.77 583.235
1123 1451.7 1465.66
1124 1022.71 98.6241
1125 280.981 76.5448
1126 1352.84 243.984
1127 853.009 614.26
1128 573.1 568.919
1129 1444.85 1027.19
1130 1174.55 632.074
1131 284.242 36.2729
1132 86.146 1363.27
1133 430.998 716.562
1134 368.836 191.102
1135 540.494 678.88
1136 1060.19 973.25
1137 255.732 531.275
1138 1409.63 308.543
1139 622.949 291.452
1140 1041 590.894
1141 507.705 165.912
1142 832.112 1282.69
1143 542.527 607.971
1144 1092.38 48.2818
1145 255.697 504.373
1146 1143.3 920.013
1147 975.805 927.899
1148 298.142 768.64
1149 374.403 1439.94
1150 653.116 541.781
1151 271.571 756.002
1152 705.718 986.762
1153 1080.18 1039.16
1154 1078.82 265.969
1155 915.184 1043.33
1156 106.094 1405.84
1157 289.915 156.802
1158 651.054 795.007
1159 158.574 909.896
1160 1279.25 1029.51
1161 221.55 802.998
1162 494.229 389.826
1163 1283.53 961.704
1164 774.103 1400.74
1165 1009.46 307.692
1166 354.829 25.8242
1167 449.057 894.898
1168 653.569 563.482
1169 771.784 1470.01
1170 70.6283 826.874
1171 1014.44 349.156
1172 454.524 496.761
1173 1388.49 641.861
1174 93.9435 26.2497
1175 593.006 1161.14
1176 21.2756 132.769
1177 1280.03 1250.3
1178 1171.54 827.384
1179 914.994 105.158
1180 1205.48 332.24
1181 796.558 631.375
1182 375.821 1525.19
1183 920.287 648.395
1184 1235.4 722.103
1185 1245.36 864.971
1186 1220.45 493.367
1187 745.922 740.996
1188 67.9873 1451.37
1189 1487.02 366.318
1190 238.146 606.317
1191 620.946 1200.79
1192 569.618 272.054
1193 188.222 750.863
1194 679.648 888.657
1195 265.283 1404.76
1196 930.736 802.572
1197 868.564 1396.4
1198 1343.77 1493.1
1199 1489.57 1501.58
1200 1215.31 66.1434
1201 1455.78 1225.69
1202 387.426 1042.88
1203 671.174 381.731
1204 830.173 85.8686
1205 1495.77 137.984
1206 914.966 266.228
1207 1317.27 1102.23
1208 46.4753 513.366
1209 861.928 424.472
1210 1476.34 1454.8
1211 517.422 932.06
1212 654.061 1494.55
1213 664.698 1418.18
1214 737.884 69.122
1215 87.4663 1053.43
1216 430.429 667.699
1217 1093 1411.94
1218 1086.38 418.099
1219 293.225 1273.94
1220 84.5651 166.101
1221 936.203 820.528
1222 602.052 614.581
1223 1217.01 292.988
1224 1256.54 1355.21
1225 672.167 1474.92
1226 768.994 276.062
1227 1018.43 1247.04
1228 1325.28 399.13
1229 1368.82 1240.61
1230 134.178 1396.16
1231 553.044 216.122
1232 435.397 691.74
1233 1177.96 910.227
1234 284.809 990.554
1235 155.398 372.285
1236 1151.53 627.89
1237 1014.89 959.671
1238 559.406 1238.52
1239 1468.72 736.854
1240 279.708 447.071
1241 831.119 1344.72
1242 1532.88 30.4477
1243 5.29526 579.004
1244 1390.86 1444.94
1245 543.532 625.124
1246 334.284 851.449
1247 1489.86 994.194
1248 279.331 1458.96
1249 1096.64 126.33
1250 360.928 712.08
1251 1489.73 949.175
1252 109.029 254.007
1253 500.537 1187.47
1254 1073.63 1407.49
1255 1188.43 399.187
1256 1341.54 217.531
1257 464.831 595.811
1258 874.805 563.813
1259 208.832 1113.64
1260 721.715 491.807
1261 1365.24 520.117
1262 1534.87 102.076
1263 1236.77 546.782
1264 244.359 715.191
1265 654.484 1256.02
1266 473.736 595.584
1267 214.08 1045.96
1268 938.495 1369.96
1269 1355.31 1089.93
1270 238.298 552.267
1271 1004.76 488.308
1272 950.026 1022.51
1273 265.005 390.241
1274 1224.06 463.959
1275 1232.29 473.084
1276 1302.59 118.018
1277 358.52 609.437
1278 235.592 1513.5
1279 1457.15 1352.38
1280 968.748 522.67
1281 325.187 1049.12
1282 602.621 228.783
1283 1250.05 712.836
1284 1223.87 365.666
1285 691.456 28.3113
1286 349.848 598.468
1287 662.618 396.955
1288 298.284 214.42
1289 801.439 222.59
1290 1068.4 1435.92
1291 525.698 1010.92
1292 731.873 1430.05
1293 1496.86 212.425
1294 995.886 1038.16
1295 761.905 839.086
1296 1218.15 608.695
1297 1091.77 936.372
1298 381.982 774.289
1299 108.075 645.133
1300 975.131 559.075
1301 180.464 1167.41
1302 1406.08 1101.15
1303 277.209 1366.52
1304 533.736 886.01
1305 54.2316 525.885
1306 1379.76 1164.34
1307 1127.43 909.318
1308 1058.9 901.953
1309 346.888 1201.91
1310 1027.52 191.504
1311 1471.61 615.195
1312 226.308 1363.76
1313 954.706 470.531
1314 923.74 738.688
1315 1463.12 1192.8
1316 799.481 806.922
1317 37.1141 436.008
1318 1206.33 104.912
1319 459.978 6.52451
1320 1232.71 395.074
1321 1443 446.929
1322 1453.74 492.388
1323 862.181 1531.27
1324 921.833 1080.01
1325 766.226 712.978
1326 107.098 398.704
1327 736.702 623.952
1328 1482.96 393.646
1329 122.833 99.3102
1330 623.054 606.354
1331 861.046 1319.41
1332 1546.88 503.522
1333 1021.49 1258.63
1334 272.992 1331.09
1335 1210.44 854.721
1336 328.167 1126.9
1337 168.455 422.769
1338 222.164 113.233
1339 212.456 1397.38
1340 728.334 649.614
1341 970.167 139.851
1342 1357.52 691.835
1343 333.368 1226.49
1344 178.431 164.862
1345 156.306 66.3567
1346 510.85 1452.85
1347 897.546 992.35
1348 1140.61 1143.08
1349 745.622 292.657
1350 1315.02 254.04
1351 645.02 86.4833
1352 264.29 545.6
1353 81.4276 1131.11
1354 1371.93 560.162
1355 337.336 1429.97
1356 561.675 1536.49
1357 134.076 1039.11
1358 769.582 509.527
1359 36.7831 303.036
1360 636.991 824.462
1361 1133.01 781.344
1362 346.366 8
1363 448.253 206.998
1364 1181.83 1424.57
1365 789.419 1321.02
1366 934.003 916.883
1367 1373.32 425.332
1368 743.514 1148.6
1369 12.9545 949.624
1370 439.839 1013.88
1371 1331.89 1481.06
1372 719.421 1167.19
1373 949.316 1284.72
1374 578.188 510.33
1375 1075.36 898.359
1376 803.141 901.858
1377 430.336 1477.54
1378 590.705 457
1379 1099.99 529.441
1380 819.897 983.556
1381 532.421 1246
1382 234.791 1191.62
1383 981.316 1425.7
1384 788.872 1087.13
1385 936.366 886.223
1386 586.216 789.371
1387 1540.22 979.679
1388 494.114 1210.82
1389 560.399 1145.49
1390 1041.32 456.432
1391 868.28 316.591
1392 1335.35 503.404
1393 509.243 1384.44
1394 277.008 92.4779
1395 355.985 1003.5
1396 595.622 918.254
1397 754.919 445.747
1398 556.052 189.079
1399 204.104 1387.79
1400 907.15 51.8651
1401 1397.19 1330.39
1402 999.246 1537.85
1403 1307.88 1143.93
1404 1301.92 919.399
1405 1175.5 270.578
1406 178.329 1179.71
1407 700.392 53.709
1408 519.032 681.301
1409 1486.18 1434.6
1410 1505.6 462.541
1411 887.289 991.395
1412 990.876 297.348
1413 992.674 391.717
1414 152.137 1348.27
1415 1144.92 137.062
1416 1481.96 1535.02
1417 424.144 687.462
1418 1383.87 1189.64
1419 397.005 1248.43
1420 1162.78 515.105
1421 487.967 283.022
1422 1098.43 1506.56
1423 589.381 1233.74
1424 121.082 1179.62
1425 597.487 1314.18
1426 663.798 967.59
1427 665.776 432.282
1428 486.743 558.281
1429 170.725 224.538
1430 1449.86 1284.29
1431 763.076 1492.6
1432 695.002 338.954
1433 1034.14 937.26
1434 1494.92 1184.34
1435 1037.44 1526.98
1436 38.2488 917.829
1437 774.951 1415.82
1438 88.811 1481.25
1439 1036.22 1211.72
1440 515.467 1044.55
1441 1248.26 1427.02
1442 691.173 175.793
1443 1486.81 990.837
1444 920.145 185.334
1445 155.028 1280.29
1446 627.866 497.47
1447 1105.28 1476.11
1448 1012.34 1109.85
1449 618.224 1499.31
1450 361.006 404.945
1451 1176.28 953.771
1452 812.349 792.917
1453 505.177 1526.5
1454 511.913 425.653
1455 719.977 897.782
1456 1240.53 758.272
1457 324.392 1088.79
1458 1079.1 1049.12
1459 864.443 489.764
1460 876.432 652.508
1461 1076.1 788.52
1462 53.9454 1285.75
1463 512.883 88.601
1464 525.783 52.007
1465 1460.03 1360.04
1466 474.493 1001.04
1467 677.178 137.771
1468 1352.53 49.3121
1469 772.504 1352.38
1470 529.715 809.617
1471 1147.56 929.895
1472 1160.51 1224.86
1473 379.746 277.207
1474 181.126 1150.8
1475 1511.06 970.886
1476 1428.82 877.226
1477 1054.56 1275.87
1478 438.372 1404.77
1479 1383.02 141.989
1480 426.033 1208.12
1481 1435.67 1459.28
1482 1381.55 1543.44
1483 868.469 1445.24
1484 969.268 121.271
1485 1176.45 1449.06
1486 835.802 560.929
1487 1408.77 716.467
1488 407.51 661.245
1489 1152.15 762.99
1490 394.544 135.086
1491 1491.37 384.531
1492 1292.89 1542.96
1493 569.518 109.631
1494 33.2372 51.9597
1495 843.849 1437.99
1496 834.428 1456.77
1497 626.734 898.491
1498 494.539 873.207
1499 122.312 654.258
1500 1539.4 844.461
1501 205.061 669.283
1502 1449.63 1354.92
1503 827.574 135.748
1504 176.067 51.3451
1505 589.65 389.069
1506 556.806 643.374
1507 859.864 1431.19
1508 148.362 807.243
1509 935.653 264.432
1510 30.7314 542.821
1511 803.655 796.568
1512 1254.05 941.998
1513 391.471 782.951
1514 183.607 1115.65
1515 1105.67 1067.94
1516 343.908 755.624
1517 1400.65 352.229
1518 1473.99 1036.98
1519 42.2504 1282.54
1520 324.099 479.718
1521 118.06 1434.13
1522 13.049 446.078
1523 182.592 206.005
1524 572.145 755.34
1525 931.823 1123.07
1526 226.895 1503.59
1527 819.772 1070.47
1528 934.707 812.879
1529 563.237 851.993
1530 861.661 522.931
1531 1454.07 1086.14
1532 1426.34 69.0373
1533 1395.01 1119.53
1534 600.967 622.675
1535 1126.14 754.054
1536 936.078 1080.8
1537 1434.73 922.614
1538 1281.92 234.372
1539 1238.52 1395.25
1540 183.443 332.429
1541 1098.39 9.97588
1542 1159.35 437.521
1543 86.3789 669.803
1544 110.693 1389.68
1545 777.602 868.352
1546 933.856 1500.38
1547 1096.98 107.475
1548 208.551 1270.22
1549 430.76 847.383
1550 1030.57 331.767
1551 1549 679.032
1552 1116.72 476.904
1553 467.968 250.532
1554 854.616 1259.09
1555 1033.43 491.04
1556 836.698 423.819
1557 629.798 1285.61
1558 306.089 404.331
1559 279.892 916.798
1560 881.518 1295.55
1561 1286.55 1155.18
1562 1069.12 825.361
1563 960.474 1167.71
1564 1488.91 1443.35
1565 1460.47 1183.68
1566 368.07 1548.97
1567 1407.67 1252.29
1568 43.0252 664.943
1569 716.845 1230.86
1570 462.997 1440.12
1571 610.044 678.748
1572 220.935 1433.79
1573 125.669 530.424
1574 1096.87 739.502
1575 238.476 197.636
1576 291.145 1029.12
1577 854.9 198.005
1578 842.135 739.634
1579 110.964 656.848
1580 371.666 1202.21
1581 1280.98 956.881
1582 317.216 1343.1
1583 406.127 1376.27
1584 185.854 998.014
1585 342.587 904.317
1586 721.301 1130.74
1587 696.044 1083.55
1588 618.876 884.213
1589 400.596 488.289
1590 463.745 1068.51
1591 1423.81 140.655
1592 675.571 1243.58
1593 776.392 808.756
1594 1351.38 786.45
1595 1121.54 880.724
1596 624.143 490.993
1597 1124.11 669.34
1598 776.901 635.714
1599 84.6768 1307.29
1600 268.162 953.203
1601 1459.78 405.759
1602 51.961 1415.2
1603 1106.38 31.1195
1604 474.893 1173.62
1605 984.211 679.731
1606 124.344 337.913
1607 124.297 1116.97
1608 1023.64 172.768
1609 787.89 136.646
1610 1369.17 1295.3
1611 190.65 1325.86
1612 157.156 354.366
1613 79.2397 927.615
1614 917.67 1254.18
1615 163.113 666.928
1616 922.124 1016.22
1617 173.828 985.778
1618 648.587 1463.06
1619 35.9337 775.471
1620 490.617 1512.98
1621 91.0595 870.928
1622 1364.38 1266.66
1623 236.301 1054.24
1624 691.356 1304.9
1625 1445.28 1240.39
1626 614.439 66.8152
1627 744.515 253.047
1628 1430.46 1134.93
1629 49.6167 1180.8
1630 1487.45 1428.64
1631 389.249 1291.33
1632 490.825 56.5556
1633 200.619 463.524
1634 143.539 1544.76
1635 1216.02 1267.09
1636 1074.64 412.331
1637 1541.72 819.309
1638 143.256 601.39
1639 970.639 784.511
1640 1452.62 1006.24
1641 382.338 121.895
1642 1006.86 482.082
1643 106.795 892.96
1644 1477.05 1311.52
1645 1343.6 581.107
1646 79.1924 559.747
1647 546.738 828.812
1648 1494.94 775.424
1649 340.693 362.418
1650 1476.01 15.8385
1651 1168.93 768.72
1652 664.838 535.682
1653 1501.77 445.983
1654 956.855 67.5145
1655 1329.2 328.221
1656 541.251 21.8429
1657 739.728 1425.99
1658 651.553 1525.44
1659 1454.64 626.283
1660 984.398 674.389
1661 650.465 264.063
1662 806.507 298.189
1663 1141.7 1315.21
1664 133.989 1479.27
1665 588.72 1078.26
1666 24.4906 1005.13
1667 1033.27 872.772
1668 815.469 1029.79
1669 1465.16 108.988
1670 96.7158 1539.37
1671 667.802 1446.23
1672 1336.72 653.066
1673 1297.97 702.047
1674 1193.37 1.89116
1675 201.645 315.21
1676 172.285 118.964
1677 710.084 877.594
1678 342.631 1317.24
1679 1423.72 1173.61
1680 497.092 614.023
1681 552.799 239.468
1682 530.518 351.047
1683 157.628 895.475
1684 678.455 1065.87
1685 197.437 713.64
1686 1212.5 62.8339
1687 1010.68 632.358
1688 242.393 137.97
1689 894.425 139.199
1690 894.378 845.066
1691 1439.27 802.194
1692 590.764 1370.35
1693 988.051 1390.39
1694 483.715 1060.21
1695 753.156 456.101
1696 197.837 1011.91
1697 923.124 103.456
1698 208.231 953.713
1699 710.067 1399.32
1700 63.6376 1024.17
1701 136.791 500.932
1702 878.75 1245.71
1703 631.979 1198.53
1704 1412.35 626.4
1705 105.338 1317.39
1706 584.902 925.072
1707 632.121 708.713
1708 172.211 1211.05
1709 219.339 1465.6
1710 93.8017 41.71
1711 257.245 564.569
1712 134.698 520.353
1713 613.871 365.808
1714 459.177 244.159
1715 858.875 242.457
1716 1472.51 354.546
1717 415.961 752.305
1718 988.381 155.983
1719 290.341 239.809
1720 706.258 136.377
1721 1024.33 268.876
1722 156.969 68.6965
1723 761.477 469.245
1724 874.173 633.114
1725 818.109 1165.91
1726 831.301 1528.4
1727 1352.75 976.465
1728 954.234 109.924
1729 121.87 254.078
1730 1260.31 1180.33
1731 374.119 975.887
1732 13.5691 896.884
1733 639.688 747.35
1734 1028.8 1079.91
1735 1302.28 941.573
1736 901.689 773.212
1737 1482.67 749.279
1738 594.771 1241.03
1739 79.3343 751.264
1740 637.892 95.4663
1741 720.58 984.161
1742 1425.38 44.7358
1743 574.635 370.337
1744 149.449 304.572
1745 604.841 45.5396
1746 45.8134 620.264
1747 847.95 683.869
1748 1477.61 13.3425
1749 1393.59 1367.88
1750 1227.74 1277.29
1751 1140.18 436.727
1752 550.113 207.66
1753 522.056 1195.65
1754 1148.51 1211.39
1755 1405.39 849.51
1756 109.262 1534.56
1757 1271.39 1344
1758 297.199 635.667
1759 556.762 940.901
1760 1143.16 851.898
1761 1427.45 635.242
1762 1093.05 1115.74
1763 502.2 392.936
1764 7.13914 163.737
1765 462.563 1288.08
1766 236.821 165.619
1767 605.259 1013.53
1768 1045.53 179.765
1769 1402.58 1200.98
1770 629.825 588.02
1771 978.527 238.428
1772 1233.46 773.023
1773 1415.25 446.835
1774 606.165 1392.85
1775 1540.89 791.745
1776 715.001 120.051
1777 986.998 1341.03
1778 1007.22 668.252
1779 990.036 1142.46
1780 1372.18 891.882
1781 1407.64 440.651
1782 1325.94 467.306
1783 252.123 988.558
1784 83.6367 1442.73
1785 1371.33 943.227
1786 288.922 1294.62
1787 1336.58 1520.22
1788 351.189 269.727
1789 293.615 13.8626
1790 1448.96 343.965
1791 797.362 1133.62
1792 124.391 449.019
1793 1101.98 0.425512
1794 1254.71 581.401
1795 371.739 291.192
1796 373.647 1102.51
1797 780.531 1146.31
1798 456.101 532.765
1799 1519.74 1206.42
1800 658.108 564.985
1801 611.46 850.466
1802 1297.15 99.0969
1803 443.253 1347.94
1804 430.665 195.603
1805 803.271 1225.24
1806 242.873 1020.52
1807 693.679 200.095
1808 572.502 824.925
1809 1344.59 1331.57
1810 644.225 1104.73
1811 1170.3 1500.78
1812 448.585 761.429
1813 186.658 95.055
1814 1010.59 107.371
1815 812.916 703.087
1816 458.988 1260.41
1817 1233.65 830.372
1818 293.178 1369.2
1819 609.543 724.646
1820 1342.87 1079.69
1821 243.583 624.84
1822 456.607 1229.63
1823 219.422 1129.5
1824 1518.6 1100.34
1825 482.797 1115.88
1826 432.747 1175.4
1827 1437.38 667.212
1828 1419.34 84.1095
1829 543.483 659.127
1830 262.068 704.435
1831 594.243 546.178
1832 1444.94 1037.54
1833 1032.8 1321.54
1834 1079.05 651.515
1835 1499.55 1236.68
1836 1318.52 38.164
1837 1431.18 904.874
1838 1073 1157.34
1839 314.5 16.5575
1840 1427.83 86.5207
1841 1217.48 205.201
1842 268.548 768.437
1843 1127.72 1510.33
1844 693.302 240.178
1845 602.761 1080.09
1846 1180.84 20.4487
1847 724.877 1200.94
1848 240.556 590.242
1849 1472.46 1539.03
1850 711.193 1143.12
1851 207.697 279.467
1852 1342.49 10.1748
1853 406.328 929.412
1854 1402.41 999.962
1855 1504.78 241.312
1856 197.582 1039.81
1857 1311.82 536.107
1858 1225.58 863.515
1859 503.475 856.744
1860 977.601 1026.14
1861 1460.36 1445.16
1862 105.243 202.685
1863 810.742 1010.84
1864 1379.75 3.30954
1865 985.346 1348.27
1866 555.683 1046.38
1867 1313.78 369.259
1868 783.225 155.132
1869 1134.93 1398.48
1870 993.853 828.093
1871 202.639 1384.67
1872 139.277 1467.6
1873 1384.6 1022.47
1874 1271.62 376.01
1875 1221.31 808.094
1876 1044.02 67.7607
1877 1466.83 861.425
1878 414.46 1151.29
1879 1129.17 373.056
1880 1516.72 1014.05
1881 451.016 88.0907
1882 516.146 579.32
1883 1312.09 421.881
1884 1020.8 515.389
1885 1480.12 1541.16
1886 539.91 1293.66
1887 454.071 625.171
1888 1530.8 1320.14
1889 1276.84 261.831
1890 1152.82 506.889
1891 823.649 623.337
1892 313.651 1185.34
1893 1394.33 110.69
1894 1219.85 1304.91
1895 809.884 817.786
1896 902.888 235.639
1897 904.261 629.342
1898 72.4788 1511.28
1899 982.223 334.641
1900 1436.24 397.594
1901 957.685 1056.65
1902 831.027 504.161
1903 640.634 478.606
1904 362.347 894.331
1905 1232.23 214.373
1906 445.889 174.99
1907 1072.79 1467.5
1908 1446.17 206.194
1909 1537.9 302.066
1910 966.518 1411.89
1911 1489.1 270.824
1912 201.506 878.517
1913 1327.36 617.002
1914 1472.8 1047.52
1915 7.99016 704.799
1916 912.155 298.425
1917 114.935 409.011
1918 880.405 982.27
1919 1531.1 1469.76
1920 1251.49 1485.33
1921 861.134 92.1469
1922 1515.58 558.99
1923 37.3505 931.398
1924 271.772 227.176
1925 1542.73 324.864
1926 1352.66 1253.52
1927 546.924 1351.8
1928 567.165 118.34
1929 15.6494 685.121
1930 253.038 684.705
1931 632.547 1278.77
1932 799.519 375.453
1933 746.71 690.927
1934 476.526 982.979
1935 433.975 1096.84
1936 480.308 1486.6
1937 402.392 1450.62
1938 333.235 352.796
1939 798.252 104.061
1940 1315.73 256.452
1941 1309.35 432.141
1942 1223.88 1315.17
1943 153.941 1342.83
1944 333.453 631.422
1945 142.038 731.984
1946 584.7 122.557
1947 634.06 206.619
1948 267.079 723.937
1949 369.911 411.621
1950 625.88 1546.18
1951 1223.06 239.138
1952 1172.47 813.2
1953 251.849 361.449
1954 10.6378 1231.35
1955 333.79 650.891
1956 1132.66 955.142
1957 1283.14 751.17
1958 1296.25 1214.37
1959 400.076 1024.63
1960 392.558 393.135
1961 610.839 77.122
1962 1215.91 617.427
1963 682.627 617.333
1964 414.393 985.343
1965 835.422 487.079
1966 876.52 1401.59
1967 1283.99 285.707
1968 815.897 1340.84
1969 1450.15 1319.82
1970 85.9559 20.3773
1971 524.183 669.86
1972 1394.04 1181.47
1973 482.01 42.1828
1974 211.763 889.036
1975 683.232 342.892
1976 1270.96 546.367
1977 758.073 1203.21
1978 1042.83 870.276
1979 930.263 444.92
1980 4.20784 1320.36
1981 110.018 403.537
1982 1036.9 980.804
1983 1503.85 1320.99
1984 1493.75 997.163
1985 276.488 876.658
1986 216.634 913.29
1987 478.701 317.962
1988 1223.79 1467.73
1989 60.2545 1272.19
1990 1353.32 862.512
1991 1087.66 805.976
1992 950.15 1069.89
1993 704.83 936.466
1994 585.109 854.238
1995 186.555 852.688
1996 158.574 380.407
1997 1404.61 716.893
1998 414.828 187.982
1999 725.16 1187.09
2000 702.141 44.9624
2001 991.199 907.664
2002 913.29 1530.54
2003 987.707 1070.88
2004 1351.06 243.45
2005 344.475 773.273
2006 49.4066 1060.99
2007 661.248 805.645
2008 897.407 773.817
2009 1365.5 627.062
2010 804.264 1458.09
2011 110.728 1144.06
2012 33.0954 706.822
2013 371.805 579.807
2014 1278.24 676.611
2015 1362.96 46.9954
2016 124.819 862.228
2017 618.242 153.998
2018 527.41 1157.5
2019 26.8072 800.917
2020 1139.67 1219.8
2021 1221.17 294.596
2022 1107.94 53.5199
2023 1534.59 1388.17
2024 175.551 169.779
2025 569.715 1470.48
2026 63.3184 1519.5
2027 117.453 442.306
2028 321.888 514.548
2029 574.899 109.924
2030 438.088 1127.18
2031 19.4317 739.407
2032 1415.44 1474.82
2033 1409.9 919.011
2034 1165.1 1260.46
2035 1336.08 672.886
2036 724.788 974.564
2037 462.909 357.146
2038 1541.18 762.659
2039 527.54 789.334
2040 23.8759 476.431
2041 95.7807 408.917
2042 1416.2 572.952
2043 1098.12 758.65
2044 359.085 179.67
2045 863.753 1114.57
2046 362.302 1138.29
2047 827.925 454.031
2048 458.04 1347.7
2049 756.309 849.747
2050 110.018 319.701
2051 262.683 1504.86
2052 1447.02 855.997
2053 1214.84 1207.84
2054 1492.11 455.581
2055 890.501 8.75647
2056 814.431 741.052
2057 451.893 1407.92
2058 1302.21 1436.53
2059 513.167 1513.08
2060 12.0562 907.191
2061 995.035 1537.05
2062 305.754 1481.93
2063 1120.14 175.273
2064 728.251 1459.42
2065 1168.97 39.4406
2066 1288.21 656.48
2067 1410.67 378.327
2068 537.327 1161.74
2069 1468.35 1406.17
2070 1145.67 889.329
2071 1284.21 225.767
2072 629.946 783.471
2073 40.8491 516.713
2074 583.208 1281.75
2075 814.004 1263.63
2076 1456.69 867.061
2077 1091.67 596.851
2078 1339.65 1101.79
2079 601.751 711.04
2080 296.298 993.191
2081 778.047 1360.12
2082 851.273 41.7001
2083 228.973 736.513
2084 111.91 1373.56
2085 630.183 274.938
2086 923.552 898.359
2087 1307.91 728.145
2088 112.384 213.843
2089 154.803 1505.71
2090 76.4423 1158.86
2091 580.351 427.072
2092 62.4576 874.261
2093 608.245 999.489
2094 839.724 845.586
2095 1084.11 1428.64
2096 804.595 536.239
2097 810.411 737.719
2098 1232.9 1313.85
2099 88.2227 541.44
2100 100.794 1131.86
2101 467.346 1032.29
2102 1204.27 341.696
2103 1473.17 686.549
2104 708.678 743.426
2105 434.374 259.515
2106 664.887 298.047
2107 1085.62 1080.3
2108 313.886 221.739
2109 1094.7 721.1
2110 463.288 782.951
2111 841.473 673.642
2112 584.18 931.587
2113 1510.52 301.839
2114 799.962 289.49
2115 758.167 1078.67
2116 56.7822 586.024
2117 35.2229 110.548
2118 1293.75 833.294
2119 283.771 1007.71
2120 1369.36 1416.49
2121 950.557 722.67
2122 249.815 819.725
2123 1010.21 626.779
2124 561.959 129.734
2125 490.635 820.008
2126 387.662 1069.88
2127 990.688 596.246
2128 695.002 1002.84
2129 204.721 248.792
2130 890.42 1209.74
2131 1029.64 1393.75
2132 1527.7 166.139
2133 1494.93 1139.71
2134 725.707 1094.9
2135 790.601 1101.14
2136 437.048 698.795
2137 460.65 784.748
2138 769.42 26.0035
2139 384.003 415.772
2140 298.756 661.444
2141 356.94 715.579
2142 1496.38 233.18
2143 1492.03 904.648
2144 891.165 1151.55
2145 1258.58 408.538
2146 716.413 81.5564
2147 391.944 533.237
2148 569.24 1322.83
2149 831.972 654.981
2150 256.472 334.168
2151 326.084 1372.24
2152 414.968 1404.85
2153 720.167 1382.82
2154 1418.56 343.01
2155 705.498 472.47
2156 833.437 67.0417
2157 1061.04 1291.38
2158 331.542 1392.65
2159 987.282 357.666
2160 390.289 336.873
2161 546.396 1095.51
2162 493.877 882.616
2163 378.422 80.2424
2164 292.376 993.144
2165 1318.64 158.338
2166 1341.83 1278.24
2167 1549.05 199.669
2168 12.3398 364.474
2169 1542.78 473.037
2170 1240.84 352.995
2171 1237.77 1121.32
2172 1244.29 523.143
2173 575.711 1442.73
2174 809.723 187.603
2175 1052 798.449
2176 1505.6 728.769
2177 1386.08 221.266
2178 1098.67 617.843
2179 1259.47 571.131
2180 432.887 792.833
2181 157.488 478.039
2182 1010.01 1526.32
2183 1379.41 579.736
2184 290.388 1473.65
2185 1133.89 1451.1
2186 491.763 877.368
2187 1109.42 1177.2
2188 892.906 1123.46
2189 596.52 162.65
2190 178.074 1129.36
2191 355.087 1359.28
2192 319.323 497.943
2193 1052.62 698.369
2194 194.745 839.937
2195 1531.23 1349.89
2196 602.761 685.641
2197 1530.94 903.408
2198 353.553 836.377
2199 1176.35 481.169
2200 268.122 1222.33
2201 537.281 392.085
2202 1463.48 1181.66
2203 658.739 814.25
2204 1026.04 1026.15
2205 22.9303 544.891
2206 323.72 1155.36
2207 1031.53 1449.2
2208 258.995 1146.91
2209 1005.96 1.1347
2210 1346.08 181.173
2211 1138.91 1111.82
2212 642.109 131.257
2213 1154.46 50.7777
2214 455.498 1525.7
2215 532.431 543.426
2216 1545.51 59.8794
2217 1288.59 434.211
2218 1539.44 670.002
2219 1106.66 857.217
2220 113.178 693.877
2221 262.446 1447.22
2222 1229.87 490.672
2223 1367.41 1403.39
2224 1398.66 173.609
2225 3.87688 6.00444
2226 763.462 1254.74
2227 945.818 868.952
2228 1115.41 789.466
2229 876.414 331.45
2230 1332.04 410.392
2231 654.685 1136.07
2232 627.764 163.964
2233 1212.66 737.545
2234 15.7439 99.6268
2235 968.701 945.937
2236 661.245 975.84
2237 660.158 1211.53
2238 749.184 406.61
2239 736.185 562.158
2240 1034.04 34.76
2241 1239.27 923.549
2242 294.068 127.464
2243 1232.54 1105.57
2244 95.7795 342.31
2245 701.243 1440.12
2246 508.345 62.172
2247 1290.06 830.278
2248 1459.22 432.58
2249 0.0945581 325.564
2250 1031.25 1069.6
2251 737.364 431.034
2252 1304.19 1480.93
2253 241.117 562.337
2254 446.071 300.742
2255 371.614 903.219
2256 1483.48 499.655
2257 778.828 526.982
2258 779.206 1512.99
2259 1355.49 1313.7
2260 237.824 275.93
2261 770.226 1473.13
2262 1218.05 775.708
2263 847.005 109.924
2264 1057.96 110.349
2265 1479.83 584.994
2266 745.071 337.535
2267 1211.57 1512.6
2268 618.535 627.346
2269 102.871 233.427
2270 1239.83 1042.18
2271 291.523 1417.44
2272 179.991 983.084
2273 457.709 1199.12
2274 675.429 1417.44
2275 1415.58 142.925
2276 1436.57 70.7866
2277 1448.68 557.856
2278 961.461 511.56
2279 1061.32 428.656
2280 1044.86 578.658
2281 478.228 490.341
2282 1204.25 121.933
2283 1176.54 1257.59
2284 934.028 1277.82
2285 613.014 1015.13
2286 1288.19 1216.59
2287 536.807 442.296
2288 841.757 1050.07
2289 1154.71 197.116
2290 378.319 483.665
2291 1267.8 887.864
2292 1080.79 77.4431
2293 172.475 1039.58
2294 1078.11 888.951
2295 215.406 338.045
2296 875.798 86.4734
2297 669.569 193.206
2298 225.474 944.362
2299 1078.77 1245.09
2300 525.859 846.154
2301 415.301 345.762
2302 1122.12 483.864
2303 948.229 1288.87
2304 859.392 972.02
2305 1130.16 406.279
2306 255.591 1302.97
2307 158.479 1297.43
2308 985.201 1433.46
2309 514.777 935.899
2310 319.417 1171.44
2311 907.285 679.694
2312 1165.85 1379.75
2313 1367.66 617.37
2314 885.804 137.923
2315 948.135 1374.93
2316 390.953 804.416
2317 521.394 741.488
2318 1255.74 333.885
2319 399.555 427.696
2320 896.422 229.02
2321 1360.98 823.469
2322 774.187 339.275
2323 368.115 434.315
2324 1499.03 1378.71
2325 857.598 445.393
2326 980.334 164.21
2327 1036.88 1422.64
2328 352.04 136.258
2329 338.234 1215.88
2330 771.5 960.106
2331 1434.77 836.566
2332 433.863 325.621
2333 277.906 444.811
2334 798.26 112.392
2335 1069.74 1094.18
2336 1328.28 1508.2
2337 563.615 1326.47
2338 1149.44 1523.14
2339 1449.04 109.829
2340 953.43 598.695
2341 832.709 1449.58
2342 961.612 585.041
2343 326.367 866.862
2344 44.5106 430.722
2345 1225.86 1149.46
2346 640.679 689.291
2347 1073.75 361.165
2348 464.907 337.714
2349 721.245 597.05
2350 534.679 410.241
2351 1269.11 379.614
2352 617.89 590.232
2353 286.227 447.213
2354 1409.96 689.991
2355 1299.8 31.9232
2356 517.329 291.533
2357 532.156 762.801
2358 843.82 1191.96
2359 401.684 1182.84
2360 1374.15 444.859
2361 806.602 87.5234
2362 184.105 1251.48
2363 437.426 272.848
2364 871.025 862.002
2365 1452.65 1530.29
2366 1179.47 444.764
2367 29.9277 1192.43
2368 1053.61 926.301
2369 395.158 258.248
2370 52.4344 491.891
2371 770.272 742.092
2372 403.338 236.122
2373 1099.24 898.61
2374 431.745 63.1274
2375 801.475 349.061
2376 584.606 906.576
2377 207.161 1209.88
2378 1539.11 214.032
2379 532.307 554.962
2380 310.576 1505.6
2381 104.392 945.392
2382 1420.5 933.502
2383 583.378 1340.03
2384 109.645 1540.21
2385 1171.81 1340.32
2386 1487.21 648.716
2387 966.668 1297.29
2388 787.785 1329.45
2389 1445.26 544.371
2390 833.294 816.699
2391 1038.91 327.417
2392 552.551 220.699
2393 1209.86 576.436
2394 558.075 463.855
2395 1126.52 241.431
2396 897.416 792.549
2397 137.96 283.958
2398 1531.34 1310.02
2399 242.778 605.04
2400 1090.58 706.454
2401 1144.08 252.99
2402 1.65477 1010.07
2403 1291.76 47.3835
2404 1362.63 1077.59
2405 1180.09 1314.79
2406 1003.69 1304.43
2407 1409.21 379.651
2408 676.138 710.983
2409 74.0784 769.372
2410 1423.53 903.844
2411 667.356 1152.63
2412 613.304 550.244
2413 1235.83 864.602
2414 1252.52 945.865
2415 620.774 642.296
2416 699.542 1048.98
2417 253.625 60.0917
2418 1412.75 1133.68
2419 5.48437 646.305
2420 1242.78 992.104
2421 1311.38 331.143
2422 720.817 1379.8
2423 587.758 981.996
2424 86.237 1265.62
2425 73.3219 1040.23
2426 867.157 1160.84
2427 593.541 137.818
2428 503.874 804.453
2429 508.628 614.77
2430 370.857 650.513
2431 1444.2 1412.57
2432 692.499 654.957
2433 309.205 1316.31
2434 77.0649 205.002
2435 671.41 1380.42
2436 50.2405 743.369
2437 675.952 67.5618
2438 1108.95 1393.8
2439 791.452 176.124
2440 576.19 713.488
2441 207.774 1358.62
2442 1404.33 982.932
2443 1481.58 384.71
2444 85.1798 1098.86
2445 345.054 1274.27
2446 886.645 65.0087
2447 423.006 668.432
2448 1113.8 197.627
2449 1067.43 1459.17
2450 1476.05 828.859
2451 935.889 926.443
2452 23.3086 254.598
2453 951.55 1453.12
2454 1164.48 354.971
2455 1273.53 442.069
2456 1466.22 1511.58
2457 686.729 119.389
2458 301.357 263.354
2459 1496.76 1488.7
2460 865.16 1080.28
2461 374.935 1517.89
2462 611.897 1217.21
2463 988.038 256.394
2464 80.5845 1304.49
2465 1494.92 900.534
2466 1290.2 889.329
2467 1544.31 137.025
2468 214.988 121.649
2469 1109.31 261.122
2470 1534.34 1444.34
2471 1160.05 1374.32
2472 1321.92 689.234
2473 66.5217 979.065
2474 1096.4 325.763
2475 134.682 462.777
2476 344.192 1113.43
2477 1366.55 244.433
2478 698.115 425.559
2479 858.202 939.388
2480 174.159 693.405
2481 86.1425 141.138
2482 1494.18 281.509
2483 321.025 534.774
2484 1370.01 908.714
2485 1079.66 573.401
2486 708.658 305.47
2487 964.068 1229.88
2488 42.7612 614.307
2489 718.926 1032.34
2490 1339.13 933.951
2491 63.6376 1415.73
2492 360.503 735.483
2493 1021.27 155.217
2494 1418.83 1473.98
2495 1417.22 29.9375
2496 147.077 740.778
2497 303.248 652.887
2498 862.087 28.6984
2499 352.938 886.057
2500 303.721 373.325
2501 526.577 522.349
2502 1453.12 613.219
2503 1124.11 1481.82
2504 339.106 488.308
2505 175.642 32.5378
2506 363.011 1226.8
2507 601.742 1123.16
2508 434.97 199.423
2509 1348.69 1263.59
2510 8.69935 828.991
2511 1541.19 530.755
2512 421.589 750.045
2513 313.641 220.935
2514 23.6395 586.922
2515 1018.96 145.241
2516 1208.55 544.608
2517 74.7955 1169.54
2518 313.791 679.826
2519 704.47 1238.3
2520 1404.47 160.948
2521 140.608 570.422
2522 310.701 1535.67
2523 584.984 508.638
2524 256.216 929.138
2525 170.216 230.429
2526 1259.12 139.767
2527 34.8367 359.945
2528 1168.7 1143.49
2529 497.521 15.6967
2530 126.046 715.852
2531 1298.8 1319.75
2532 1434.31 588.114
2533 1219.47 1117.58
2534 977.543 1272.1
2535 621.741 1195.65
2536 381.589 170.536
2537 415.301 157.628
2538 814.713 890.596
2539 1464.47 1216.73
2540 152.156 860.962
2541 746.954 1537.99
2542 546.889 961.477
2543 912.999 684.128
2544 160.325 1417.43
2545 887.712 975.367
2546 755.898 1156.36
2547 1463.52 1160.71
2548 1352.7 270.966
2549 1509.53 243.629
2550 1195.78 1013.57
2551 1356.27 66.626
2552 897.971 1506.45
2553 1021.65 686.029
2554 446.551 737.138
2555 750.224 890.748
2556 1436.72 750.603
2557 1090.41 1330.34
2558 346.077 60.7536
2559 197.437 1191.02
2560 1412.62 1163.36
2561 693.962 952.73
2562 923.239 1024.96
2563 383.869 724.136
2564 611.224 454.504
2565 1299.23 204.222
2566 469.502 1325.71
2567 785.404 536.013
2568 578.223 1424.48
2569 544.051 649.813
2570 853.427 149.932
2571 569.996 1489.01
2572 364.096 1308.17
2573 328.185 943.18
2574 621.862 1060.99
2575 1028.98 1530.42
2576 1515.01 1288.65
2577 40.7546 190.261
2578 448.332 393.22
2579 650.032 230.921
2580 1085.96 560.635
2581 1176.68 1158.44
2582 480.499 1461.77
2583 973.145 615.763
2584 780.835 384.294
2585 334.398 521.63
2586 286.627 382.204
2587 923.975 125.715
2588 568.239 1042.84
2589 1276.39 1456.44
2590 1116.59 1172.26
2591 1024.11 1548.93
2592 1081.18 653.501
2593 1390.15 713.451
2594 591.993 1251.05
2595 415.651 1136.22
2596 1540.1 845.728
2597 146.794 1065.21
2598 116.261 274.479
2599 1206.56 1294.42
2600 504.592 1087
2601 573.732 841.766
2602 1237.2 1195.55
2603 1385.47 127.748
2604 1245.28 157.959
2605 333.197 1105.29
2606 649.804 1014.04
2607 419.698 836.471
2608 241.88 911.399
2609 986.052 227.412
2610 693.868 1507.35
2611 1315.99 983.405
2612 1533.01 1501.31
2613 165.526 55.6716
2614 525.649 87.3816
2615 751.879 1291.86
2616 507.968 84.2986
2617 810.639 723.474
2618 1071.01 456.158
2619 779.795 1453.55
2620 1258.99 890.265
2621 1093.26 729.62
2622 950.735 25.1997
2623 1370.19 496.298
2624 551.551 1138.86
2625 718.736 1139.01
2626 49.1347 1470.34
2627 1017.98 521.64
2628 210.451 802.383
2629 973.476 532.315
2630 530.188 1087.24
2631 439.037 1388.23
2632 372.902 1101
2633 1301.39 140.287
2634 1054.04 349.487
2635 632.452 1022.55
2636 1151.77 803.13
2637 1328.45 1240.67
2638 290.435 417.947
2639 1185.57 1389.2
2640 656.139 445.44
2641 398.356 598.468
2642 786.356 126.198
2643 677.389 1118.07
2644 405.891 804.406
2645 221.665 1229.74
2646 44.0184 729.398
2647 110.16 240.792
2648 558.727 896.458
2649 1473.86 422.448
2650 707.401 147.936
2651 1481.35 354.036
2652 1044.58 1132.81
2653 941.705 99.5323
2654 994.61 1230.86
2655 286.296 782.752
2656 1510.14 958.702
2657 1407.78 1100.23
2658 676.641 1356.02
2659 804.926 552.56
2660 656.706 513.271
2661 608.711 1302.17
2662 1459.9 1329.36
2663 928.183 999.064
2664 1503.43 100.62
2665 882.795 1183.96
2666 1050.87 1046.57
2667 869.852 1282.96
2668 21.6065 115.976
2669 1173.05 1352.7
2670 303.863 1428.45
2671 1132.99 707.399
2672 1368.49 93.0925
2673 750.86 215.734
2674 109.112 944.457
2675 647.508 1527.12
2676 1478.27 1063.26
2677 289.955 1230.96
2678 326.226 221.276
2679 456.68 42.9865
2680 463.383 58.4842
2681 615.018 953.855
2682 1460.36 724.609
2683 619.461 104.629
2684 1395.71 187.897
2685 1099.69 153.194
2686 685.972 537.894
2687 671.457 652.887
2688 832.632 292.856
2689 957.024 740.967
2690 759.834 147.653
2691 323.814 566.9
2692 1298.19 751.747
2693 888.196 207.461
2694 953.177 1488.88
2695 1241.17 94.8418
2696 287.827 147.227
2697 1148.42 808.236
2698 1252.28 1092.25
2699 48.3687 1152.92
2700 571.746 1081.18
2701 406.375 855.666
2702 771.342 1312.05
2703 636.775 1160.66
2704 1526.73 1360.22
2705 1427.12 938.49
2706 331.333 20.0936
2707 751.501 1473.64
2708 146.266 809.89
2709 1112.43 781.381
2710 806.166 477.991
2711 1541.04 151.577
2712 45.9289 288.507
2713 64.2078 1460.47
2714 1170.15 291.391
2715 1290.67 813.105
2716 332.346 170.073
2717 900.383 359.709
2718 1357.24 1366.71
2719 800.246 694.293
2720 577.062 1203.78
2721 411.027 1021.95
2722 242.194 1412.18
2723 60.5194 1113.04
2724 537.705 1443.71
2725 1384.05 505.66
2726 876.554 1413.41
2727 1413.12 1500.17
2728 1322.35 800.445
2729 1536.59 262.314
2730 1000.28 388.597
2731 1458.56 883.599
2732 1230.25 175.027
2733 478.427 1306.13
2734 576.143 292.573
2735 1025.62 1360.65
2736 1144.2 1152.9
2737 358.746 1173.23
2738 498.295 490.993
2739 1400.52 1345.37
2740 1357 661.292
2741 746.537 166.81
2742 11.5361 314.558
2743 842.978 612.888
2744 834.097 320.751
2745 428.017 1211.02
2746 1345.75 721.857
2747 1291.14 1120.52
2748 1502.29 1521.92
2749 865.426 981.24
2750 1386.21 635.431
2751 1375.52 310.576
2752 415.488 1467.36
2753 591.491 8.52007
2754 912.061 1390.95
2755 1141.92 720.259
2756 1286.98 9.27653
2757 1230.03 1414.64
2758 641.844 1485.71
2759 1295.54 1014.85
2760 960.77 1478.05
2761 812.928 1492.27
2762 728.523 1397.96
2763 581.261 915.805
2764 991.3 933.346
2765 678.458 8.28367
2766 330.954 28.131
2767 816.938 1320.28
2768 131.466 582.772
2769 1037.07 1115.61
2770 727.152 627.062
2771 825.351 507.73
2772 267.819 1345.14
2773 1346.69 270.824
2774 133.327 927.994
2775 468.299 1249.4
2776 43.6405 1491.25
2777 752.307 806.969
2778 1332.47 765.354
2779 420.285 946.395
2780 860.526 128.325
2781 170.395 203.357
2782 398.649 1509.49
2783 1077.58 983.273
2784 1193.32 234.514
2785 1282.49 81.188
2786 1116.26 455.676
2787 664.49 55.5155
2788 466.834 963.122
2789 1257.91 1540.13
2790 543.805 1525
2791 311.939 1363.73
2792 171.549 1079.24
2793 1432.74 738.887
2794 707.389 1085.3
2795 1493.04 471.372
2796 823.168 569.344
2797 285.661 1374.5
2798 539.407 883.325
2799 188.257 1056.37
2800 596.494 1379.05
2801 117.944 57.6805
2802 1426.16 735.899
2803 486.513 1300.61
2804 345.799 820.15
2805 783.266 695.806
2806 1346.61 635.856
2807 892.298 244.007
2808 231.667 540.069
2809 317.009 334.594
2810 734.008 677.613
2811 809.042 1183.74
2812 1392.37 1443.72
2813 911.164 184.719
2814 79.5732 141.043
2815 1185.21 260.129
2816 1146.35 1047.86
2817 910.928 1174.88
2818 393.74 96.4119
2819 866.625 873.538
2820 1080.71 677.406
2821 1243.29 154.319
2822 561.864 1110.64
2823 121.642 492.469
2824 736.572 413.796
2825 452.886 795.659
2826 1170.11 1446.23
2827 1286.51 1276.2
2828 1202.21 113.564
2829 144.344 1014.76
2830 29.9289 1312.48
2831 767.718 1.04014
2832 206.791 1313.75
2833 160.796 986.005
2834 788.804 267.221
2835 1234.73 453.983
2836 1504.14 182.355
2837 908.42 763.415
2838 395.962 496.346
2839 1032.37 213.938
2840 1312.09 1525.55
2841 469.313 78.7295
2842 274.513 674.824
2843 226.119 656.953
2844 1030.82 296.308
2845 1530.08 290.871
2846 1033.76 586.79
2847 591.566 176.776
2848 1047.94 540.636
2849 762.044 928.665
2850 1380.75 1032.39
2851 1426.65 45.4923
2852 1191.67 1030.79
2853 971.207 201.244
2854 122.7 152.948
2855 1287.48 932.022
2856 772.776 1273.8
2857 1509.86 700.26
2858 1398.14 283.533
2859 2.69491 185.297
2860 674.909 292.478
2861 1250.39 58.106
2862 162.545 371.33
2863 285.812 825.928
2864 337.809 1036.95
2865 832.104 1216.73
2866 1351.56 842.749
2867 64.9614 1224.1
2868 450.742 933.772
2869 943.501 511.475
2870 498.369 51.3549
2871 609.238 231.336
2872 1498.51 61.1318
2873 1544.04 628.632
2874 456.915 1049.13
2875 1452.55 373.042
2876 74.5052 555.387
2877 399.981 995.555
2878 1045.22 130.538
2879 443.052 157.78
2880 992.057 970.072
2881 1363.01 1391.15
2882 230.58 1397.24
2883 1529.33 1203.07
2884 1066.8 898.964
2885 809.259 903.976
2886 934.755 1005.67
2887 101 741.147
2888 55.4111 1390.1
2889 698.626 1502.35
2890 176.918 818.59
2891 440.074 443.44
2892 690.795 1170.82
2893 554.964 1536.29
2894 1011.88 1383.21
2895 59.2407 1341.59
2896 1268.45 1013
2897 1232.58 838.835
2898 457.141 624.698
2899 286.523 844.026
2900 1129.63 244.622
2901 564.164 587.783
2902 866.767 712.732
2903 814.193 948.135
2904 1539.3 568.673
2905 1427.73 735.672
2906 138.898 1274.98
2907 837.691 549.241
2908 340.409 340.504
2909 823.064 665.075
2910 471.089 216.17
2911 565.148 440.225
2912 1135.79 697.518
2913 79.3343 514.349
2914 1090.75 127.701
2915 4.58607 1434.65
2916 500.213 682.095
2917 1512.13 1181.14
2918 1268.28 1461.92
2919 1242.38 1066.38
2920 117.441 434.126
2921 508.817 699.021
2922 290.351 428.538
2923 666.635 1419.55
2924 611.33 408.359
2925 1454.92 1392.04
2926 488.81 1529.06
2927 371.104 1127.13
2928 1153.85 1209.98
2929 376.483 866.2
2930 1375.08 1205.86
2931 1454.97 74.4173
2932 752.446 297.206
2933 1073.27 371.283
2934 1053.69 620.595
2935 390.526 1308.68
2936 114.084 359.236
2937 1334.5 599.357
2938 898.096 584.757
2939 1122.36 539.322
2940 252.595 81.4244
2941 572.502 309.357
2942 1412.08 1078.15
2943 909.886 297.726
2944 1548.29 802.94
2945 1547.87 1027.34
2946 1383.9 272.327
2947 274.786 1045.68
2948 598.744 1111.25
2949 938.49 472.034
2950 1487.83 1124.16
2951 963.643 1512.61
2952 933.252 478.616
2953 310.417 733.488
2954 115.931 1078.21
2955 1163.51 552.503
2956 1152.05 1004.78
2957 5.53165 665.926
2958 459.914 993.012
2959 744.09 818.353
2960 84.2158 648.574
2961 1039.76 557.288
2962 888.14 506.841
2963 763.265 1130.97
2964 842.657 590.242
2965 995.745 119.9
2966 116.999 771.689
2967 884.922 1223.91
2968 331.806 804.841
2969 340.081 1333.65
2970 1168.3 981.003
2971 8.32112 1263.53
2972 1240.32 1367.64
2973 464.139 94.5109
2974 1337.71 480.214
2975 460.782 1258.14
2976 537.348 1367.69
2977 277.765 944.21
2978 1322.58 781.438
2979 550.046 249.35
2980 564.654 1169.97
2981 801.183 1031.92
2982 500.308 563.33
2983 536.239 1231.38
2984 1379.89 536.665
2985 1367.26 652.829
2986 3.21498 522.822
2987 1035.73 462.163
2988 1270.72 168.739
2989 916.26 541.166
2990 214.072 1438.8
2991 454.722 574.819
2992 1093.78 964.692
2993 337.904 1258.91
2994 1225.99 609.664
2995 1103.01 1069.32
2996 37.1245 1247.61
2997 385.978 1472.8
2998 205.958 290.682
2999 268.386 609.38
3000 765.411 57.255
3001 746.481 1266.37
3002 665.465 477.198
3003 1429.39 956.811
3004 844.151 1154.47
3005 738.179 965.401
3006 704.316 1316.34
3007 157.1 642.381
3008 234.551 1299.09
3009 811.309 817.975
3010 730.84 955.756
3011 785.137 390.336
3012 1279.42 274.502
3013 289.206 1448.11
3014 456.802 1308.45
3015 905.803 295.211
3016 932.25 114
3017 96.3547 1219.15
3018 143.502 1374.59
3019 1493.59 223.015
3020 712.318 1190.96
3021 83.7785 567.926
3022 255.543 1249.36
3023 175.358 688.147
3024 1342.24 287.835
3025 1104.37 1265.05
3026 890.501 206.468
3027 1045.2 1264.38
3028 314.54 972.341
3029 36.0752 296.582
3030 306.132 144.353
3031 149.969 1198.96
3032 1186.61 1335.68
3033 884.308 1279.37
3034 1042.08 773.07
3035 1290.56 1242.16
3036 1024.58 816.415
3037 1514.68 1109.37
3038 425.211 1045.87
3039 465.88 604.179
3040 1244.29 796.274
3041 222.164 1232.28
3042 348.051 581.391
3043 361.543 1353.32
3044 774.1 834.485
3045 312.185 1005.96
3046 590.705 768.484
3047 900.053 1531.19
3048 922.367 16.7939
3049 553.591 211.101
3050 540.251 1356.26
3051 248.68 502.87
3052 354.225 71.7696
3053 475.118 751.737
3054 934.518 1069.97
3055 754.651 926.68
3056 1498.89 568.352
3057 374.169 1189.5
3058 1114.51 391.102
3059 72.2266 199.66
3060 1538.63 539.832
3061 827.242 571.803
3062 994.792 380.465
3063 1320.02 800.728
