1 1024.54 982.247
2 468.286 700.558
3 377.25 558.37
4 382.957 514.141
5 1014.47 614.211
6 592.964 409.166
7 363.606 738.432
8 793.889 245.018
9 809.718 831.247
10 893.229 161.574
11 104.105 164.382
12 765.344 771.027
13 106.617 771.466
14 589.762 385.206
15 132.555 900.841
16 720.111 740.08
17 77.8364 610.49
18 752.953 135.073
19 666.721 292.1
20 164.014 798.207
21 1083.13 575.731
22 626.091 1004.35
23 770.084 370.663
24 867.41 867.744
25 992.202 66.5284
26 815.859 910.336
27 52.3535 357.749
28 637.703 438.018
29 300.09 419.473
30 901.585 476.495
31 505.024 480.652
32 903.321 926.493
33 587.631 452.259
34 288.847 468.407
35 275.374 231.312
36 903.415 591.802
37 781.892 930.973
38 999.804 744.148
39 572.044 1067.14
40 264.314 372.669
41 903.081 537.787
42 440.826 514.542
43 735.51 530.455
44 67.6597 465.665
45 404.26 533.197
46 371.924 831.375
47 1044.24 260.297
48 218.848 455.445
49 888.672 657.404
50 594.476 519.858
51 382.73 302.129
52 422.832 591.534
53 143.36 197.044
54 471.192 222.663
55 1007.46 723.163
56 457.53 982.514
57 523.18 993.011
58 923.856 264.074
59 413.78 74.5853
60 435.978 361.694
61 342.036 999.474
62 462.489 1017.48
63 509.36 632.264
64 969.309 1076.49
65 1001.8 659.477
66 749.966 699.083
67 672.863 911.917
68 616.14 224.191
69 618.367 262.535
70 559.101 894.8
71 165.853 963.033
72 323.248 242.678
73 744.308 975.604
74 53.6908 14.7531
75 832.235 401.113
76 333.301 1021.74
77 888.094 437.449
78 918.183 937.559
79 549.203 874.865
80 357.559 934.573
81 370.623 205.904
82 260.096 1032.43
83 178.09 816.695
84 1015.61 1033.3
85 633.426 279.691
86 730.619 24.6822
87 674.177 991.674
88 441.728 100.605
89 35.1029 327.971
90 639.107 116.518
91 939.933 233.117
92 455.359 31.8307
93 678.289 448.983
94 942.558 142.661
95 1085.04 510.229
96 1088.86 690.568
97 867.271 109.397
98 749.23 237.239
99 496.857 225.131
100 566.839 86.2962
101 178.991 460.283
102 533.263 573.949
103 271.68 585.015
104 983.115 513.272
105 588.949 1039.42
106 1039.27 924.444
107 628.37 759.727
108 539.321 968.109
109 502.885 538.422
110 698.548 5.31558
111 378.859 580.278
112 164.449 774.604
113 606.727 314.058
114 856.511 189.298
115 210.183 120.39
116 100.327 914.381
117 949.651 797.849
118 157.428 347.82
119 369.806 219.076
120 818.726 720.513
121 153.416 658.34
122 638.806 806.297
123 244.049 1046.6
124 525.665 279.787
125 960.841 350.003
126 563.281 97.189
127 584.347 327.303
128 446.877 350.661
129 598.982 714.404
130 625.267 514.975
131 716.066 1019.72
132 715.163 793.159
133 934.151 609.22
134 454.098 153.059
135 262.741 898.477
136 155.678 252.24
137 221.583 641.223
138 5.88392 862.228
139 695.264 339.194
140 870.797 1057.88
141 374.331 1048.72
142 214.12 558.705
143 757.956 1092.55
144 963.659 249.665
145 1007.65 203.941
146 458.411 591.845
147 496.556 936.947
148 473.455 418.236
149 715.341 562.192
150 1050.27 861.569
151 319.537 718.216
152 90.6993 847.886
153 110.841 21.8307
154 511.156 118.184
155 511.333 111.56
156 445.078 423.442
157 85.6846 489.134
158 194.612 1091.38
159 636.561 784.935
160 753.643 84.3572
161 877.445 261.242
162 942.629 219.41
163 116.04 1074.43
164 460.679 977.141
165 316.628 898.735
166 128.176 48.2789
167 797.94 939.822
168 530.288 999.975
169 683.27 476.039
170 961.596 175.619
171 645.995 604.877
172 318.768 815.892
173 553.948 771.763
174 250.608 689.555
175 912.041 277.079
176 317.798 494.316
177 548.642 810.146
178 263.345 598.354
179 373.428 767.116
180 619.79 232.783
181 252.674 180.366
182 801.91 899.437
183 90.2312 525.708
184 912.622 674.749
185 859.119 937.649
186 962.121 647.341
187 35.6044 116.776
188 300.581 227.377
189 627.506 339.171
190 641.882 365.304
191 272.9 893.195
192 309.407 22.9438
193 686.16 1046.07
194 897.713 986.726
195 368.687 1017.53
196 435.878 244.527
197 713.28 823.992
198 1024.44 556.799
199 1030.64 1.83872
200 528.416 494.125
201 568.4 492.477
202 13.7069 81.3719
203 189.321 541.22
204 3.9449 301.35
205 1.20353 684.143
206 236.493 285.48
207 192.891 1022.06
208 142.145 185.444
209 755.448 552.52
210 1048.93 661.84
211 637.469 268.487
212 910.871 776.687
213 637.268 204.834
214 871.936 513.639
215 831.538 758.668
216 556.097 351.2
217 391.458 977.065
218 946.91 908.53
219 86.3594 726.072
220 1088.84 1003.11
221 462.79 213.269
222 852.008 478.77
223 415.96 268.654
224 195.807 953.639
225 916.592 829.699
226 747.659 627.912
227 728.77 860.055
228 42.8256 529.462
229 803.222 956.815
230 501.18 13.8071
231 526.644 193.033
232 393.909 854.905
233 107.85 756.127
234 365.739 756.093
235 199.886 24.8061
236 943.528 250.501
237 379.267 196.285
238 461.2 702.326
239 933.821 821.418
240 386.488 88.0012
241 531.258 277.146
242 947.043 396.807
243 211.479 382.999
244 51.5846 1077.56
245 920.365 468.651
246 394.757 401.153
247 63.7202 576.958
248 724.446 119.995
249 116.575 673.675
250 790.644 856.989
251 479.532 845.98
252 171.403 102.176
253 1037.27 366.04
254 511.309 22.8002
255 220.948 402.213
256 223.957 523.606
257 512.703 653.827
258 480.041 575.832
259 828.892 650.674
260 600.795 577.832
261 328.229 1066.83
262 911.84 479.038
263 1074.68 167.1
264 586.118 727.571
265 586.653 975.631
266 179.45 499.966
267 685.984 691.828
268 95.0453 938.863
269 1077.74 464.204
270 985.527 884.637
271 358.919 425.213
272 113.767 311.747
273 529.72 362.573
274 235.156 322.89
275 484.22 68.5008
276 827.025 850.494
277 590.455 917.055
278 67.5396 148.134
279 717.805 406.057
280 641.748 197.021
281 948.381 939.655
282 939.688 128.052
283 252.065 878.887
284 962.057 700.186
285 394.195 324.986
286 1044.72 879.913
287 267.601 1028.59
288 451.658 2.60765
289 460.944 907.069
290 891.839 578.864
291 507.109 136.61
292 1035.5 826.6
293 841.21 267.919
294 480.442 370.52
295 159.187 961.787
296 953.347 319.212
297 445.967 158.264
298 29.1521 884.135
299 85.8517 433.843
300 901.811 13.5162
301 987.161 417.367
302 1042.81 963.692
303 113.577 639.886
304 239.807 142.093
305 664.916 596.425
306 1041.43 1012.27
307 154.044 596.449
308 553.322 655.589
309 808.904 757.387
310 604.205 79.6335
311 1091.65 798.174
312 154.252 485.767
313 78.3515 352.437
314 845.078 898.167
315 337.021 916.163
316 623.534 116.04
317 785.67 866.885
318 908.998 215.442
319 294.389 656.257
320 175.073 266.582
321 169.096 321.442
322 613.688 771.863
323 105.315 273.903
324 533.39 1036.41
325 286.179 542.634
326 740.471 539.114
327 163.412 129.423
328 935.058 319.704
329 628.634 855.408
330 1009.36 999.497
331 1037.31 88.2018
332 398.976 305.663
333 182.134 428.857
334 852.934 777.078
335 44.1628 910.703
336 677.754 943.566
337 299.819 343.082
338 585.555 976.195
339 907.656 45.4666
340 50.0802 241.207
341 843.573 421.937
342 979.639 338.793
343 967.237 554.66
344 1072.04 130.75
345 679.703 246.928
346 310.536 761.666
347 295.955 1014.25
348 761.106 1069.28
349 1014.48 779.786
350 63.6199 497.826
351 877.606 96.5832
352 729.899 548.485
353 274.083 1080.01
354 422.739 71.0181
355 924.009 867.878
356 884.192 508.701
357 988.168 983.116
358 146.66 228.574
359 210.651 944.941
360 583.594 290.585
361 161.941 195.444
362 209.882 256.027
363 828.551 155.493
364 348.589 930.839
365 613.62 400.551
366 255.878 748.662
367 1000.71 902.656
368 848.989 770.068
369 612.93 480.475
370 922.622 65.3348
371 496.782 268.186
372 727.168 52.9317
373 357.637 1043.37
374 310.297 858.317
375 608.852 709.457
376 77.1975 933.875
377 914.882 26.0864
378 120.029 260.641
379 312.879 1092.85
380 737.696 478.704
381 922.937 685.176
382 838.726 632.726
383 716.868 178.032
384 256.15 739.401
385 563.887 684.44
386 451.557 447.255
387 469.206 805.906
388 367.594 395.593
389 682.936 608.795
390 448.515 883.089
391 335.429 43.6613
392 1033.5 11.9016
393 693.056 72.2157
394 109.573 39.3487
395 545.499 948.447
396 23.1345 406.091
397 420.339 865.17
398 1009.68 625.31
399 395.058 54.3594
400 906.546 217.949
401 239.803 833.487
402 318.241 434.383
403 37.8443 1021.14
404 535.854 38.5129
405 233.752 202.531
406 371.188 448.692
407 508.29 1024.28
408 78.7354 734.119
409 407.1 380.392
410 747.157 1081.5
411 949.952 450.932
412 559.139 11.4001
413 374.593 586.018
414 322.819 88.5027
415 806.264 1010.83
416 818.466 219.487
417 835.926 883.457
418 14.7767 199.719
419 430.362 1083.19
420 975.24 39.4255
421 931.498 539.615
422 594.075 884.035
423 495.552 602.5
424 574.332 1067.96
425 1002.87 301.962
426 548.876 182.98
427 826.991 726.105
428 443.823 467.705
429 886.332 1036.31
430 234.604 157.729
431 339.495 733.287
432 274.212 979.716
433 1016.3 400.675
434 222.452 48.676
435 862.352 859.721
436 387.544 1089.6
437 885.101 73.5923
438 691.899 458.244
439 207.753 614.234
440 651.276 1022.67
441 261.968 64.8333
442 1031.52 502.072
443 1060.1 735.69
444 522.957 730.652
445 748.727 87.7573
446 695.606 563.586
447 531.926 31.1345
448 195.062 580.612
449 985.531 580.01
450 273.87 810.643
451 339.328 70.8844
452 564.211 134.337
453 1025.57 725.561
454 653.951 148.301
455 542.591 551.488
456 876.457 974.691
457 467.267 314.723
458 583.189 901.777
459 679.202 1073.49
460 272.432 140.412
461 281.057 90.3649
462 139.91 289.726
463 272.924 920.265
464 126.448 707.15
465 926.717 839.037
466 86.6875 655.03
467 827.065 388.777
468 424.311 542.992
469 4.81411 834.848
470 92.9945 946.408
471 263.09 842.447
472 45.2661 141.92
473 967.77 143.186
474 197.01 1045.36
475 254.387 83.7121
476 76.2235 866.273
477 63.2521 218.484
478 308.898 546.001
479 691.721 147.442
480 100.761 372.86
481 804.349 200.458
482 590.469 471.817
483 283.03 301.661
484 680.912 303.728
485 297.128 137.68
486 408.874 542.089
487 711.954 674.912
488 510.597 537.82
489 181.395 728.64
490 990.009 495.295
491 310.477 657.762
492 736.051 353.771
493 776.286 319.37
494 759.761 801.55
495 404.118 409.802
496 728.068 304.831
497 337.891 782.227
498 53.2153 3.57715
499 325.4 646.995
500 492.644 660.47
501 413.42 831.438
502 563.242 821.078
503 666.915 635.63
504 970.149 622.592
505 888.146 1093.05
506 83.5846 106.111
507 368.282 879.65
508 723.231 666.655
509 641.87 416.521
510 284.726 992.309
511 191.079 347.061
512 330.92 354.272
513 810.109 1068.74
514 197.839 201.257
515 817.436 533.441
516 980.2 53.8579
517 787.308 33.4413
518 62.4832 983.059
519 411.038 126.475
520 983.484 1085.38
521 853.87 842.102
522 47.506 480.81
523 668.887 172.048
524 82.3414 1038.25
525 629.716 446.385
526 670.666 862.061
527 582.575 113.208
528 773.334 336.487
529 1086.77 181.231
530 1036.54 868.781
531 977.105 299.679
532 391.448 1021.36
533 685.911 838.525
534 473.789 539.014
535 422.984 147.977
536 793.684 147.175
537 933.236 432.578
538 832.903 22.0746
539 485.758 924.816
540 645.282 39.2917
541 334.681 621.933
542 903.181 803.666
543 1040.48 40.5621
544 892.527 460.922
545 404.72 184.551
546 549.72 155.767
547 858.183 291.087
548 987.462 348.321
549 856.21 1038.92
550 820.164 591.243
551 116.843 452.393
552 356.545 119.661
553 943.734 1060.95
554 447.204 487.701
555 341.596 669.095
556 1016.87 812.191
557 260.297 683.237
558 141.381 998.929
559 587.556 303.901
560 683.062 828.897
561 603.295 835.894
562 430.286 46.5405
563 1054.36 327.059
564 57.5688 555.796
565 443.275 17.6951
566 709.977 937.519
567 618.573 891.313
568 747.986 214.405
569 800.347 179.336
570 1029.92 535.279
571 992.766 1041.16
572 441.784 808.404
573 760.831 676.894
574 906.531 542.491
575 546.903 946.117
576 765.74 528.058
577 1057.95 321.987
578 395.419 343.885
579 1022.56 43.093
580 408.203 101.173
581 575.38 63.2521
582 436.036 261.911
583 207.241 272.609
584 370.111 345.981
585 686.472 884.995
586 954.833 224.635
587 246.596 582.05
588 190.525 891.05
589 109.855 813.595
590 238.108 988.876
591 995.834 1028.96
592 334.548 241.251
593 892.951 642.661
594 791.796 63.4193
595 848.618 366.474
596 484.922 869.392
597 496.456 365.649
598 520.102 468.584
599 914.023 748.237
600 658.063 653.315
601 479.807 594.008
602 836.452 802.49
603 1009.89 549.855
604 1051.64 280.7
605 674.377 86.9924
606 560.322 51.4174
607 498.261 450.755
608 312.884 605.117
609 219.033 539.291
610 261.968 32.104
611 1082.76 760.53
612 580.368 48.6092
613 452.486 735.5
614 949.718 374.168
615 97.0846 394.925
616 172.996 762.034
617 407.996 649.872
618 336.644 989.167
619 814.087 815.257
620 320.918 739.736
621 935.787 371.666
622 268.457 306.275
623 727.858 1049.15
624 490.965 510.674
625 145.727 873.772
626 368.664 264.011
627 649.629 622.63
628 218.333 13.4728
629 899.329 281.836
630 486.387 1035.48
631 401.067 646.228
632 751.604 633.892
633 81.8399 909.276
634 172.606 993.179
635 163.011 73.0475
636 421.001 489.736
637 203.062 344.376
638 317.744 612.362
639 534.567 837.288
640 417.35 458.01
641 330.526 773.802
642 705.664 325.564
643 1024.87 596.984
644 832.431 832.106
645 300.757 799.253
646 865.178 871.756
647 958.443 841.935
648 938.418 477.142
649 564.955 741.942
650 201.918 517.193
651 16.5151 806.101
652 185.094 441.026
653 97.3071 666.364
654 937.681 734.43
655 897.007 397.269
656 599.959 955.167
657 971.649 714.906
658 70.0469 68.8352
659 796.709 822.588
660 745.452 1007.93
661 357.448 468.574
662 313.252 10.7414
663 226.464 393.157
664 1014.53 311.59
665 541.421 202.159
666 1029.52 335.517
667 541.554 645.229
668 736.493 463.469
669 1060.28 283.665
670 483.585 491.284
671 607.322 166.354
672 730.876 121.834
673 267.986 503.042
674 605.275 11.176
675 95.7808 487.004
676 42.6646 297.85
677 304.626 130.616
678 365.004 881.685
679 875.027 90.308
680 120.62 85.1162
681 392.183 203.172
682 819.636 302.721
683 60.0427 1002.58
684 967.494 928.699
685 213.025 909.872
686 562.143 420.399
687 1022.23 961.857
688 302.821 792.791
689 546.31 173.385
690 225.26 1068.77
691 225.835 610.099
692 48.5758 684.273
693 163.795 778.081
694 485.9 1057.38
695 149.973 713.803
696 246.456 960.984
697 1090.02 212.566
698 588.726 736.326
699 781.826 11.0029
700 547.405 462.857
701 595.045 223.465
702 384.527 362.296
703 764.275 314.599
704 811.438 88.4594
705 1084.58 422.041
706 985.144 324.16
707 161.679 233.953
708 518.446 766.846
709 1055.02 105.61
710 349.692 954.432
711 111.097 60.3535
712 89.596 799.688
713 261.099 490.442
714 300.065 443.701
715 274.772 975.393
716 1030.89 249.665
717 963.234 403.884
718 658.698 804.903
719 879.862 1030.12
720 389.81 645.463
721 484.094 843.617
722 239.308 663.923
723 341.501 622.358
724 1094.51 55.6632
725 289.883 729.974
726 637.475 408.331
727 368.504 803.121
728 747.792 964.27
729 1006.09 695.282
730 69.3428 447.846
731 5.38245 1011.21
732 821.037 508.334
733 891.823 970.121
734 654.285 26.5445
735 525.407 383.625
736 259.026 258.725
737 324.552 380.716
738 1045.93 446.519
739 985.647 1017.93
740 1076.44 584.748
741 1067.76 21.8975
742 418.159 666.521
743 118.815 463.459
744 481.306 872.124
745 130.489 998.26
746 774.381 895.168
747 980.876 237.835
748 284.568 621.79
749 231.646 109.498
750 877.172 79.4329
751 590.675 518.296
752 84.7819 1029.46
753 802.34 910.904
754 787.81 297.816
755 479.097 458.788
756 450.567 940.859
757 570.44 1086.23
758 61.0618 183.772
759 934.405 881.652
760 53.2487 826.49
761 151.678 148.245
762 577.033 233.284
763 734.963 259.136
764 188.931 70.9847
765 1072.89 629.684
766 171.102 637.536
767 1094.41 858.25
768 871.789 330.435
769 91.9507 1061.39
770 507.964 339.171
771 609.615 1056.47
772 16.5485 509.394
773 409.467 920.57
774 457.841 568.27
775 36.7411 158.699
776 931.185 395.693
777 83.6787 101.531
778 417.19 503.744
779 14.5426 102.544
780 202.132 365.114
781 453.101 758.902
782 403.115 135.039
783 1055.43 129.222
784 891.046 903.649
785 826.156 361.67
786 723.695 206.214
787 755.983 474.635
788 971.615 678.623
789 380.583 939.62
790 747.595 1093.72
791 915.25 203.005
792 130.772 147.466
793 96.7838 733.755
794 53.0638 588.659
795 75.2643 390.478
796 175.214 794.868
797 1047.95 651.988
798 123.626 993.088
799 113.399 1017.22
800 459.347 653.593
801 685.644 168.604
802 968.205 99.1004
803 383.568 764.351
804 703.689 771.405
805 578.123 318.969
806 939.109 444.604
807 1006.28 901.754
808 473.689 180.63
809 828.952 130.793
810 811.46 597.218
811 558.772 429.626
812 649.395 1023.33
813 348.637 305.329
814 237.145 246.527
815 484.186 684.239
816 1042.94 752.205
817 52.5112 1076.2
818 945.144 762.345
819 257.02 706.308
820 509.427 1095.32
821 686.479 1059.85
822 871.355 117.311
823 316.795 524.772
824 762.369 420.199
825 682.3 426.216
826 230.685 211.788
827 202.935 179.035
828 76.4521 464.238
829 986.693 569.012
830 13.3725 486.77
831 809.153 219.577
832 379.646 1004.48
833 973.764 970.412
834 597.506 680.037
835 1035.97 827.827
836 627.975 894.188
837 609.988 627.473
838 230.743 221.984
839 798.942 560.487
840 131.746 622.86
841 6.11794 1024.54
842 253.469 816.738
843 437.627 289.386
844 558.169 791.654
845 1061.64 1011.58
846 630.415 924.448
847 298.82 155.556
848 631.995 561.088
849 347.185 122.426
850 285.666 325.488
851 186.679 886.442
852 257.512 559.283
853 792.532 784.634
854 537.376 591.21
855 106.546 422.816
856 837.605 210.856
857 729.211 642.983
858 978.092 856.378
859 92.304 836.028
860 593.243 40.3615
861 283.598 868.48
862 642.216 785.167
863 27.1463 338.135
864 291.856 369.383
865 654.777 665.752
866 438.586 233.829
867 653.975 848.531
868 795.71 277.848
869 605.642 103.681
870 660.964 643.988
871 269.583 295.075
872 133.384 682.3
873 990.32 328.095
874 114.569 562.091
875 243.591 469.811
876 789.582 326.166
877 784.333 267.895
878 636.734 260.263
879 709.205 862.037
880 224.659 670.432
881 475.001 293.46
882 1079.25 820.783
883 890.477 354.707
884 1033.13 65.8263
885 564.129 536.945
886 577.56 151.287
887 364.535 660.57
888 842.282 560.844
889 779.318 1042.27
890 938.493 962.255
891 410.427 1078.7
892 940.792 185.621
893 637.135 990.736
894 46.7001 970.784
895 142.762 510.53
896 417.096 757.922
897 71.5476 66.499
898 663.589 183.08
899 970.679 173.953
900 325.046 748.495
901 239.101 727.968
902 353.159 326.4
903 150.341 228.112
904 1006.25 455.178
905 487.563 563.696
906 278.65 109.789
907 496.21 992.252
908 469.502 1072.25
909 623.328 398.903
910 376.069 590.374
911 198.95 489.612
912 51.5846 555.433
913 972.886 670.275
914 59.0835 893.052
915 86.5934 679.87
916 751.799 742.109
917 482.57 723.488
918 712.121 709.982
919 14.2083 444.212
920 462.356 175.825
921 1030.48 517.651
922 97.8461 174.044
923 287.003 532.939
924 638.451 162.152
925 827.428 790.789
926 405.689 304.794
927 1004.78 630.682
928 1008.19 701.166
929 630.76 71.848
930 225.811 506.188
931 663.278 233.896
932 198.138 936.813
933 195.874 0.601764
934 1047.34 630.85
935 656.863 663.02
936 519.557 936.556
937 144.624 114.345
938 755.771 663.011
939 70.7742 715.24
940 155.523 403.192
941 62.9595 575.597
942 986.107 164.353
943 370.795 406.124
944 118.843 856.612
945 1050.95 387.536
946 929.77 489.535
947 500.946 817.106
948 51.8091 283.641
949 1022.3 785.379
950 872.869 536.951
951 903.583 66.3278
952 299.01 833.343
953 71.8741 649.705
954 490.763 153.149
955 675.882 610.624
956 715.097 445.911
957 148.491 369.483
958 1046.23 240.572
959 1065.25 478.045
960 92.6957 297.171
961 459.42 576.701
962 868.028 609.32
963 308.408 571.719
964 54.0216 773.668
965 278.115 790.327
966 105.509 11.4335
967 704.131 36.5739
968 591.71 275.083
969 575.633 732.615
970 881.459 130.081
971 77.5356 1036.82
972 880.155 145.694
973 991.096 245.931
974 659.701 1081.75
975 167.09 421.339
976 551.175 696.776
977 552.865 821.943
978 859.553 1074.99
979 749.775 878.653
980 1059.41 1066.37
981 594.276 451.624
982 296.678 183.037
983 520.894 103.37
984 500.1 439.03
985 473.398 722.06
986 795.037 745.753
987 134.4 387.479
988 931.498 432.669
989 51.3097 567.407
990 564.288 532.06
991 94.3577 311.848
992 424.979 867.988
993 210.86 526.821
994 568.548 852.867
995 982.279 379.947
996 697.478 270.125
997 929.659 662.777
998 288.847 72.2786
999 501.303 1013.38
1000 661.774 1035.75
1001 748.194 1045
1002 606.624 376.514
1003 843.566 716.043
1004 714.227 344.009
1005 387.842 415.05
1006 631.986 496.633
1007 1001.87 239.034
1008 968.673 597.084
1009 160.715 922.505
1010 383.19 1013
1011 422.093 336.721
1012 316.458 500.873
1013 8.55843 702.66
1014 711.988 97.7867
1015 221.025 320.383
1016 741.201 952.426
1017 559.867 498.863
1018 692.975 387.503
1019 557.628 145.737
1020 719.142 809.507
1021 584.313 139.987
1022 805.027 545.108
1023 829.8 591.702
1024 322.654 401.988
1025 458.867 53.8913
1026 123.395 633.491
1027 541.655 336.496
1028 1091.68 949.989
1029 818.299 71.3091
1030 1085.94 488.967
1031 796.256 1010.83
1032 220.246 632.264
1033 1088.69 401.243
1034 1045.43 926.66
1035 998.862 1045.36
1036 161.867 1056.5
1037 609.745 249.608
1038 776.617 167.601
1039 444.537 391.491
1040 1041.79 951.289
1041 560.754 609.42
1042 260.297 957.718
1043 490.204 945.974
1044 965.876 414.281
1045 868.437 416.665
1046 376.353 699.183
1047 170.923 735.59
1048 722.819 823.815
1049 809.016 219.152
1050 394.089 228.37
1051 1050.15 266.023
1052 15.0775 491.073
1053 1036.91 92.5714
1054 911.138 1066.66
1055 106.813 302.998
1056 760.273 370.72
1057 19.2565 809.206
1058 584.012 899.471
1059 743.513 935.978
1060 819.135 771.93
1061 573.415 1086.63
1062 711.453 189.365
1063 45.9095 714.863
1064 588.603 220.012
1065 580.97 425.18
1066 1038.01 86.4869
1067 145.834 897.976
1068 855.174 501.069
1069 565.658 826.995
1070 313.753 434.942
1071 53.3725 217.371
1072 167.114 323.749
1073 993.771 454.232
1074 1058.04 975.169
1075 377.602 52.8884
1076 417.825 193.043
1077 1018.99 486.235
1078 198.866 58.6485
1079 17.518 945.449
1080 22.7333 607.324
1081 1024.99 571.509
1082 893.988 600.293
1083 786.913 574.618
1084 1037.43 227.477
1085 785.236 243.958
1086 121.366 286.741
1087 545.967 725.13
1088 72.8416 230.81
1089 148.134 690.3
1090 993.145 157.238
1091 769.957 445.673
1092 507.762 928.389
1093 116.575 658.364
1094 1064.69 310.955
1095 915.15 1085.76
1096 1009.84 725.059
1097 392.283 680.896
1098 336.019 71.5431
1099 291.797 579.944
1100 220.279 618.724
1101 855.742 709.313
1102 372.884 1019.26
1103 1060.28 712.733
1104 415.815 220.244
1105 61.0873 31.2249
1106 973.748 582.742
1107 679.853 131.863
1108 671.259 754.378
1109 956.337 509.103
1110 439.729 325.956
1111 1050.41 660.637
1112 899.939 948.481
1113 739.844 507.856
1114 96.4495 748.07
1115 566.06 881.718
1116 618.453 759.637
1117 472.828 1095.32
1118 896.93 565.558
1119 206.884 637.078
1120 48.8692 1044.9
1121 343.428 121.055
1122 84.1467 1093.88
1123 632.956 222.696
1124 238.276 855.585
1125 507.287 265.412
1126 545.577 1067.04
1127 623.16 304.493
1128 1062.48 223.087
1129 592.196 965.608
1130 822.182 871.154
1131 716.708 418.738
1132 97.2894 437.081
1133 835.717 653.158
1134 342.314 537.409
1135 599.765 197.088
1136 1034.93 681.575
1137 206.572 142.551
1138 908.859 200.23
1139 295.902 727.744
1140 767.873 616.451
1141 547.641 338.459
1142 1036.97 348.789
1143 1061.17 148.779
1144 259.695 19.6341
1145 686.647 886.743
1146 574.317 701.4
1147 779.118 155.757
1148 685.677 1009.34
1149 760.387 657.404
1150 175.281 927.964
1151 698.712 740.709
1152 149.997 960.259
1153 575.22 1023.21
1154 631.725 1006.82
1155 943.472 44.7646
1156 1081.08 50.1904
1157 924.644 679.268
1158 371.389 157.806
1159 162.823 82.1507
1160 200.142 1043.7
1161 664.539 290.395
1162 713.396 294.062
1163 52.4538 1041.59
1164 40.0508 56.1746
1165 811.49 744.626
1166 6.05107 173.475
1167 33.3529 343.24
1168 922.362 344.343
1169 306.632 467.648
1170 136.734 384.327
1171 659.426 942.664
1172 1039.85 382.264
1173 1032.17 1033.17
1174 382.933 161.975
1175 278.082 42.4343
1176 417.403 449.551
1177 220.622 1068.41
1178 583.183 1009.94
1179 443.743 176.193
1180 936.969 574.317
1181 709.469 688.061
1182 427.42 375.066
1183 40.3913 147.676
1184 378.209 679.836
1185 1073.09 171.77
1186 911.16 1017.58
1187 414.883 442.474
1188 510.124 193.802
1189 1030.96 845.111
1190 59.703 264.576
1191 303.089 933.346
1192 257.097 773.21
1193 639.843 476.975
1194 50.0824 364.439
1195 1055.19 1032.76
1196 1041.29 901.48
1197 257.432 550.725
1198 174.186 32.8395
1199 236.56 562.282
1200 493.447 1057.64
1201 555.895 401.076
1202 3.61059 784.534
1203 182.435 736.402
1204 510.263 788.488
1205 425.306 744.894
1206 1062.08 240.281
1207 737.598 908.534
1208 176.071 696.108
1209 1023.7 610.824
1210 416.618 721.358
1211 154.601 568.5
1212 628.282 351.965
1213 777.011 310.888
1214 850.494 325.989
1215 344.719 291.297
1216 336.019 197.613
1217 443.433 291.152
1218 225.829 919.406
1219 0.768921 685.978
1220 805.796 675.113
1221 780.087 430.83
1222 766.514 1059.07
1223 326.084 884.804
1224 815.491 186.112
1225 947.889 295.443
1226 742.513 340.87
1227 641.08 351.898
1228 631.542 471.683
1229 409.09 360.868
1230 112.764 950.63
1231 999.698 367.788
1232 443.442 112.239
1233 385.731 384.494
1234 846.608 579.71
1235 945.982 786.74
1236 831.739 248.539
1237 313.809 914.615
1238 463.191 972.117
1239 334.614 869.487
1240 476.731 720.121
1241 342.437 613.275
1242 873.902 655.89
1243 480.969 741.039
1244 120.994 847.16
1245 748.033 700.186
1246 678.356 169.932
1247 904.309 812.425
1248 150.331 163.656
1249 669.998 53.1224
1250 335.283 96.894
1251 230.71 340.431
1252 563.92 509.103
1253 785.436 973.464
1254 806.465 285.28
1255 287.276 1084.26
1256 915.724 426.885
1257 5.28215 1094.05
1258 40.8081 557.143
1259 228.226 979.849
1260 1005.28 832.407
1261 626.403 578.596
1262 850.036 119.956
1263 52.9771 645.502
1264 756.902 683.537
1265 868.671 45.2425
1266 973.944 116.685
1267 879.623 601.129
1268 1034.18 877.142
1269 551.093 1034.64
1270 468.474 318.434
1271 726.001 146.406
1272 554.426 565.224
1273 908.062 997.657
1274 520.392 756.184
1275 40.9084 585.928
1276 813.611 353.871
1277 16.582 622.793
1278 223.57 832.818
1279 488.064 555.639
1280 895.516 566.361
1281 1034.73 909.701
1282 166.178 583.477
1283 640.745 793.771
1284 816.36 230.309
1285 51.618 415.351
1286 649.705 6.1848
1287 108.491 471.793
1288 846.014 14.7098
1289 1023.89 130.024
1290 53.587 989.104
1291 199.017 1084.61
1292 701.223 26.7785
1293 39.2034 1077.69
1294 1042.25 433.805
1295 209.357 259.805
1296 642.584 818.901
1297 541.354 49.2543
1298 625.935 1055.56
1299 249.471 183.872
1300 1029.59 33.0636
1301 210.374 294.874
1302 870.987 1051.18
1303 971.682 776.888
1304 307.034 182.268
1305 796.29 848.23
1306 207.174 182.779
1307 26.4108 662.543
1308 818.628 490.873
1309 118.347 367.588
1310 890.611 726.373
1311 308.304 338.335
1312 686.045 586.296
1313 1093.65 715.632
1314 432.16 515.779
1315 224.968 373.605
1316 652.232 258.835
1317 369.517 242.31
1318 943.927 165.395
1319 6.68627 532.862
1320 430.7 541.13
1321 340.07 1075.23
1322 649.009 1082.95
1323 742.878 255.583
1324 460.488 600.638
1325 709.48 63.8205
1326 696.375 506.06
1327 1083.52 659.443
1328 973.387 528.483
1329 217.434 911.807
1330 965.865 133.391
1331 1053.49 424.01
1332 27.8483 758.935
1333 198.382 64.3888
1334 763.93 975.794
1335 725.795 726.573
1336 184.132 131.318
1337 925.404 96.0916
1338 353.47 18.9989
1339 768.052 831.571
1340 344.51 363.91
1341 794.73 139.385
1342 137.837 650.25
1343 696.676 457.709
1344 653.55 255.927
1345 1083.53 108.618
1346 918.46 941.002
1347 997.959 950.63
1348 538.32 211.864
1349 300.949 201.2
1350 632.053 1005.95
1351 0 1013.14
1352 110.583 99.7356
1353 229.841 1037.88
1354 179.058 971.324
1355 184.748 148.435
1356 501.494 711.763
1357 716.802 930.104
1358 1050.45 1028.83
1359 69.3606 853.445
1360 276.584 469.41
1361 158.62 182.779
1362 921.036 114.807
1363 531.999 523.211
1364 927.419 621.021
1365 524.245 59.4744
1366 843.038 384.838
1367 371.098 1000.77
1368 1031.46 382.325
1369 13.64 256.93
1370 156.986 357.659
1371 65.5713 950.119
1372 980.336 194.413
1373 212.857 202.594
1374 469.231 419.072
1375 954.892 777.446
1376 1053.8 1084.96
1377 1090.77 357.348
1378 84.1801 897.943
1379 613.198 680.495
1380 809.239 67.6357
1381 814.447 991.741
1382 70.0053 752.139
1383 273.374 435.544
1384 282.361 711.486
1385 84.5813 621.019
1386 1056.73 751.881
1387 165.051 1.57127
1388 144.298 412.653
1389 936.145 529.462
1390 58.3043 779.495
1391 295.03 655.833
1392 382.725 975.96
1393 769.083 1039.12
1394 768.339 17.4945
1395 346.683 280.088
1396 745.699 235.892
1397 35.1739 163.513
1398 654.478 873.939
1399 763.561 1010.63
1400 511.132 802.687
1401 64.6228 828.439
1402 498.67 341.234
1403 29.2074 858.193
1404 106.839 1072.92
1405 1056.64 971.849
1406 1057.97 976.028
1407 233.953 506.328
1408 369.533 43.097
1409 92.5285 221.249
1410 225.984 593.139
1411 492.277 156.994
1412 835.574 335.56
1413 1092.11 639.91
1414 92.6048 690.859
1415 495.325 120.085
1416 900.533 478.202
1417 642.283 415.151
1418 161.641 165.93
1419 80.5361 596.225
1420 285.597 374.999
1421 838.191 633.324
1422 1034.32 490.237
1423 668.954 1045.07
1424 520.058 383.434
1425 828.663 101.34
1426 596.716 288.69
1427 799.845 931.698
1428 769.047 286.607
1429 162.443 489
