1 399.721 361.489
2 655.173 477.965
3 667.702 18.5617
4 817.724 722.513
5 730.641 6.96063
6 8.0252 711.679
7 182.669 382.78
8 721.155 774.434
9 71.2693 307.635
10 308.752 497.442
11 669.967 696.611
12 772.411 394.356
13 386.56 573.094
14 724.342 888.424
15 390.56 33.9842
16 249.499 784.149
17 35.6766 234.835
18 527.288 392.934
19 813.948 586.358
20 588.178 293.14
21 814.203 364.437
22 230.41 224.078
23 164.435 251.538
24 820.18 34.4504
25 138.064 191.24
26 800.418 551.446
27 505.785 366.893
28 784.393 673.106
29 522.028 527.345
30 717.491 232.931
31 745.209 461.56
32 812.628 304.878
33 447.366 79.6241
34 3.90341 732.586
35 554.728 660.796
36 705.279 636.804
37 359.796 748.008
38 296.252 494.778
39 546.423 623.736
40 484.122 840.489
41 115.75 347.786
42 180.294 226.626
43 335.259 524.64
44 581.9 298.161
45 233.386 75.6388
46 395.773 122.998
47 218.373 310.499
48 776.451 57.432
49 580.447 785.025
50 813.741 124.147
51 867.649 84.6362
52 774.404 450.832
53 319.782 377.568
54 503.089 827.114
55 275.586 850.944
56 67.8593 159.985
57 770.23 725.27
58 184.115 127.641
59 332.464 417.121
60 181.216 32.8105
61 253.94 882.746
62 653.508 603.091
63 772.361 660.823
64 446.797 817.753
65 329.988 849.033
66 721.913 481.321
67 484.624 868.141
68 72.3087 241.82
69 158.266 615.074
70 691.996 81.0982
71 200.193 275.07
72 9.71758 812.063
73 590.807 558.324
74 299.717 49.6546
75 556.359 711.733
76 218.408 300.726
77 760.034 830.28
78 496.42 186.982
79 881.361 832.63
80 29.453 429.757
81 774.471 284.787
82 621.739 333.949
83 828.369 5.24094
84 408.903 778.444
85 345.881 349.508
86 745.006 429.73
87 447.301 487.628
88 350.704 820.508
89 343.882 162.142
90 730.837 328.462
91 552.838 271.494
92 27.7879 480.074
93 400.122 586.36
94 578.688 582.263
95 346.858 181.577
96 163.67 96.3937
97 349.233 198.828
98 392.495 838.662
99 579.916 447.91
100 137.422 573.476
101 570.52 346.967
102 459.238 297.369
103 483.859 735.234
104 338.639 220.993
105 364.733 139.877
106 224.651 101.98
107 149.795 276.433
108 633.762 729.258
109 556.655 412.069
110 479.504 724.972
111 197.873 726.228
112 487.135 164.598
113 203.698 58.4966
114 90.8157 171.941
115 78.9417 356.766
116 845.056 407.565
117 331.626 149.205
118 420.968 103.318
119 555.813 65.6483
120 689.644 499.937
121 805.604 779.017
122 683.007 526.826
123 724.288 346.669
124 840.968 216.082
125 108.076 73.6462
126 97.6126 798.373
127 204.13 232.54
128 155.943 119.805
129 664.945 458.421
130 377.43 599.353
131 237.608 160.451
132 350.352 648.651
133 381.415 226.591
134 384.365 427.931
135 373.585 37.5622
136 402.753 19.6808
137 168.351 682.935
138 426.211 508.508
139 169.791 634.136
140 90.1312 608.443
141 511.511 30.2446
142 428.063 242.096
143 723.882 612.374
144 739.04 56.8063
145 485.73 384.939
146 836.008 171.723
147 771.158 743.288
148 455.523 287.187
149 807.215 13.8121
150 346.249 13.5958
151 351.28 394.165
152 395.528 330.298
153 801.789 539.217
154 213.915 487.656
155 789.199 277.281
156 483.941 599.651
157 159.166 575.824
158 84.611 299.063
159 604.838 748.472
160 373.062 318.305
161 783.303 426.455
162 450.436 660.914
163 871.231 154.692
164 710.421 206.499
165 561.865 254.488
166 349.524 481.678
167 856.157 108.859
168 324.584 329.388
169 537.148 430.74
170 411.427 639.588
171 792.611 613.22
172 665.3 415.756
173 366.375 478.129
174 308.645 807.845
175 422.36 153.489
176 523.903 578.715
177 411.101 242.23
178 241.289 110.251
179 510.707 648.321
180 528.298 794.742
181 162.005 840.489
182 256.594 637.348
183 449.321 807.832
184 584.162 130.587
185 534.003 630.06
186 289.125 440.596
187 499.773 246.408
188 258.935 787.945
189 807.133 234.45
190 183.078 451.95
191 123.817 361.655
192 512.428 67.8866
193 300.317 388.869
194 694.807 177.046
195 600.634 535.725
196 223.259 541.874
197 170.904 828.481
198 608.932 83.8373
199 679.639 115.576
200 158.505 150.597
201 651.979 821.436
202 715.689 617.503
203 231.011 684.464
204 399.051 444.773
205 546.513 473.869
206 650.469 456.262
207 318.033 120.269
208 675.399 861.344
209 820.901 465.928
210 44.9218 348.907
211 430.604 471.742
212 776.006 101.826
213 588.514 43.5653
214 284.277 25.5517
215 843.307 571.92
216 573.575 879.469
217 350.093 453.699
218 724.943 818.625
219 662.35 236.554
220 572.546 786.851
221 109.077 91.58
222 510.562 223.288
223 598.723 540.172
224 306.089 483.477
225 706.436 644.773
226 568.424 106.184
227 463.943 626.33
228 482.849 678.375
229 724.689 423.889
230 63.2546 261.256
231 154.545 263.387
232 445.125 275.779
233 57.0226 682.36
234 230.954 694.427
235 263.194 697.102
236 785.869 757.535
237 783.933 314.293
238 420.313 670.215
239 159.712 731.221
240 761.466 160.804
241 740.794 521.856
242 63.3008 409.533
243 118.404 738.429
244 77.7134 311.402
245 875.733 135.691
246 804.976 867.185
247 650.751 576.724
248 631.488 800.691
249 253.396 755.961
250 724.437 402.245
251 664.775 687.874
252 357.858 263.285
253 188.865 129.113
254 556.878 865.822
255 6.74226 523.387
256 647.011 566.96
257 541.346 651.788
258 330.085 266.28
259 203.523 714.081
260 887.324 198.366
261 384.582 93.2997
262 556.693 567.687
263 113.506 504.388
264 410.213 314.868
265 253.886 329.988
266 598.091 425.936
267 678.429 173.799
268 224.405 571.729
269 865.268 255.278
270 572.015 118.986
271 112.176 661.125
272 871.794 651.872
273 243.103 516.972
274 611.742 369.35
275 164.525 584.886
276 344.265 58.253
277 256.806 199.947
278 385.537 291.502
279 132.995 323.656
280 415.754 23.6955
281 254.431 301.855
282 61.7722 528.789
283 58.6331 584.311
284 892.668 467.672
285 415.903 827.908
286 850.425 454.49
287 671.668 860.909
288 361.388 74.631
289 732.785 764.47
290 495.761 90.7632
291 883.521 317.025
292 205.107 500.594
293 719.401 253.094
294 847.88 778.672
295 269.991 159.141
296 333.109 839.045
297 550.408 6.96063
298 798.973 0.982677
299 683.506 45.7585
300 100.451 842.973
301 250.753 584.229
302 158.463 15.4247
303 198.165 415.047
304 540.418 152.724
305 420.258 33.4131
306 519.956 776.324
307 613.655 436.8
308 590.998 471.303
309 506.133 451.977
310 450.257 488.199
311 739.983 426.32
312 370.574 461.558
313 249.736 609.697
314 249.373 704.698
315 434.725 342.691
316 754.314 687.519
317 763.513 189.029
318 385.319 702.822
319 67.4772 840.655
320 671.324 356.441
321 218.452 512.004
322 284.995 893.911
323 185.827 186.329
324 371.834 349.615
325 313.741 756.388
326 205.025 514.322
327 620.424 239.828
328 148.248 657.994
329 141.123 541.673
330 521.201 763.704
331 179.668 376.457
332 589.142 316.834
333 44.6572 648.651
334 259.181 583.903
335 145.039 346.041
336 235.57 632.342
337 94.0745 53.4467
338 155.183 563.267
339 757.207 710.284
340 484.378 715.416
341 856.138 543.202
342 584.867 319.672
343 636.84 854.303
344 51.1979 359.469
345 382.236 518.181
346 78.589 81.9443
347 802.748 787.67
348 786.908 19.8446
349 617.676 871.935
350 245.233 407.95
351 143.744 885.421
352 332.008 671.389
353 76.6488 542.301
354 638.631 675.126
355 93.5181 488.993
356 866.11 516.918
357 643.599 299.498
358 333.783 676.136
359 181.293 393.244
360 386.738 555.595
361 250.637 245.697
362 850.835 334.956
363 593.232 175.544
364 71.1076 752.021
365 280.808 383.026
366 630.36 321.298
367 279.244 417.337
368 382.644 552.649
369 690.992 268.08
370 730.702 847.122
371 627.122 500.649
372 523.194 90.9795
373 174.452 145.711
374 799.16 521.613
375 412.42 108.722
376 483.504 813.247
377 75.3386 420.506
378 512.229 577.841
379 671.137 131.572
380 485.388 549.781
381 214.068 72.6362
382 187.32 769.029
383 570.343 374.4
384 216.134 371.916
385 274.849 589.197
386 302.637 540.227
387 857.795 600.527
388 271.738 261.722
389 437.592 876.766
390 399.444 732.943
391 191.899 5.5958
392 64.1197 283.038
393 602.087 197.081
394 470.704 543.939
395 700.485 130.887
396 90.6247 777.327
397 345.289 191.215
398 663.834 667.274
399 636.187 287.215
400 120.934 699.639
401 544.13 737.445
402 108.941 80.6887
403 85.3144 859.378
404 354.501 3.79423
405 78.0199 458.912
406 591.162 515.58
407 758.826 595.259
408 874.633 533.104
409 783.67 105.338
410 656.019 806.259
411 781.092 620.451
412 589.984 223.532
413 442.65 705.371
414 236.689 49.8163
415 728.544 753.279
416 216.271 819.098
417 653.071 494.562
418 662.406 198.394
419 649.904 322.263
420 578.415 357.121
421 644.05 829.843
422 445.218 529.172
423 336.645 554.394
424 326.858 753.579
425 609.55 424.581
426 53.4593 795.889
427 692.766 265.789
428 122.043 593.155
429 803.408 815.16
430 692.319 356.903
431 55.1664 105.092
432 133.835 801.574
433 353.736 766.215
434 781.829 57.2157
435 389.997 314.568
436 729.182 265.896
437 453.642 518.828
438 298.763 663.145
439 893.186 171.124
440 53.5832 892.901
441 730.074 502.751
442 840.388 787.234
443 114.805 869.724
444 8.05249 884.111
445 483.832 508.674
446 792.531 379.931
447 176.132 468.357
448 260.538 356.741
449 452.441 539.765
450 853.619 577.214
451 298.625 737.447
452 669.373 153.134
453 529.253 192.279
454 253.844 332.964
455 185.718 516.779
456 690.631 72.6362
457 57.705 449.611
458 138.667 108.806
459 66.7129 213.896
460 3.60315 589.936
461 737.867 530.564
462 601.535 404.399
463 878.144 686.839
464 817.356 320.246
465 269.008 715.746
466 371.998 396.346
467 887.515 222.276
468 404.216 878.814
469 840.544 690.931
470 515.24 62.1018
471 509.327 754.287
472 74.3013 73.6283
473 692.038 230.438
474 592.85 638.576
475 521.176 265.161
476 397.384 862.599
477 691.147 701.386
478 131.515 25.2787
479 233.522 91.9349
480 148.439 814.45
481 513.642 153.6
482 263.549 180.023
483 374.154 451.813
484 71.874 102.801
485 759.916 878.133
486 509.272 850.045
487 773.516 158.431
488 844.474 456.481
489 153.434 397.93
490 249.287 466.608
491 876.97 841.228
492 140.359 334.194
493 652.634 286.889
494 475.126 238.001
495 232.976 221.65
496 214.014 602.52
497 127.857 286.068
498 224.624 831.891
499 665.526 167.819
500 301.377 766.706
501 628.64 411.007
502 713.533 338.644
503 694.035 794.538
504 764.149 394.738
505 635.874 347.979
506 236.876 894.238
507 149.749 201.178
508 432.105 413.444
509 39.79 27.3533
510 510.61 734.471
511 77.8877 616.55
512 817.915 664.18
513 837.432 72.2835
514 324.464 844.911
515 167.097 480.722
516 46.8682 823.758
517 552.21 152.044
518 756.22 365.967
519 700.54 579.097
520 626.784 369.186
521 883.275 53.5286
522 61.7176 126.604
523 845.375 490.576
524 365.602 87.0236
525 851.024 270.1
526 198.719 442.807
527 834.074 403.309
528 145.993 527.918
529 284.239 85.7134
530 635.462 201.642
531 451.731 451.786
532 336.416 859.378
533 464.451 786.662
534 330.379 796.817
535 630.23 817.888
536 37.7239 41.6546
537 461.854 53.6199
538 605.793 2.48399
539 119.423 610.763
540 15.4499 207.099
541 308.846 706.656
542 40.2898 16.2709
543 879.504 499.448
544 12.2835 676.193
545 831.931 749.757
546 256.403 850.7
547 659.952 60.0273
548 734.797 404.481
549 266.77 162.36
550 127.259 236.582
551 872.68 711.924
552 195.068 321.201
553 612.235 744.516
554 369.587 326.66
555 647.748 718.965
556 451.922 756.889
557 468.145 252.603
558 644.418 62.673
559 255.672 174.534
560 5.81417 765.26
561 494.56 110.688
562 657.356 448.621
563 781.31 95.5129
564 50.253 743.941
565 808.117 38.8157
566 405.613 614.066
567 273.743 283.202
568 147.754 156.682
569 785.869 699.257
570 180.737 459.786
571 494.095 143.937
572 177.888 669.724
573 837.741 328.433
574 46.5134 36.8798
575 858.832 549.944
576 62.0787 561.193
577 89.642 781.447
578 527.632 587.15
579 406.446 190.287
580 569.283 51.2084
581 52 213.298
582 609.728 207.072
583 601.102 74.0829
584 704.061 242.86
585 848.031 811.582
586 171.221 489.946
587 578.058 545.249
588 214.778 204.724
589 246.587 183.979
590 168.338 575.903
591 59.9664 162.526
592 424.244 182.125
593 30.2719 172.296
594 292.391 245.433
595 217.686 165.445
596 604.81 179.147
597 459.975 305.942
598 692.241 114.154
599 345.993 639.286
600 189.193 660.141
601 450.83 402.143
602 23.748 754.832
603 369.936 97.5328
604 461.421 105.258
605 54.6478 710.476
606 580.338 521.367
607 865.201 43.6199
608 40.5165 309.545
609 575.767 686.839
610 889.909 642.271
611 356.466 742.995
612 745.726 698.311
613 264.422 111.918
614 642.234 539.981
615 296.605 3.33018
616 151.059 431.425
617 426.018 860.835
618 755.977 675.318
619 300.183 609.344
620 820.302 356.768
621 717.791 503.567
622 653.589 389.115
623 49.1906 411.989
624 51.2903 855.996
625 241.434 250.121
626 25.1675 663.473
627 528.762 460.357
628 599.078 602.736
629 463.441 297.289
630 574.62 656.649
631 183.12 757.599
632 655.036 338.616
633 93.9654 282.03
634 342.108 868.743
635 560.357 345.358
636 588.275 597.659
637 684.334 881.627
638 522.129 441.577
639 230.686 551.555
640 394.763 424.628
641 92.9533 338.505
642 412.88 274.497
643 43.6472 131.406
644 271.381 132.172
645 842.675 488.5
646 344.962 774.213
647 517.839 441.086
648 715.511 673.818
649 659.618 773.285
650 366.751 282.056
651 771.076 297.699
652 866.967 867.185
653 686.154 722.461
654 556.674 542.986
655 439.257 133.235
656 586.685 635.638
657 695.838 217.69
658 622.198 39.9916
659 43.0488 497.016
660 725.052 243.294
661 724.724 600.498
662 658.885 461.585
663 164.025 533.13
664 173.554 853.373
665 644.424 134.081
666 100.397 383.144
667 338.421 809.071
668 471.687 739.439
669 765.915 829.089
670 274.755 481.923
671 368.75 340.962
672 192.294 264.422
673 507.769 854.001
674 443.078 641.715
675 37.9612 122.072
676 527.725 368.069
677 207.536 263.66
678 580.107 94.4756
679 262.658 37.1528
680 198.207 704.852
681 474.906 709.222
682 780.691 762.45
683 253.493 433.234
684 438.82 497.726
685 263.139 666.446
686 849.751 372.544
687 801.012 795.941
688 638.86 298.679
689 1.50131 564.548
690 267.46 531.794
691 273.621 127.73
692 711.103 64.8861
693 403.651 534.286
694 71.9118 628.097
695 261.665 148.386
696 100.082 16.4325
697 291.874 360.042
698 864.094 107.742
699 835.139 748.837
700 776.697 287.187
701 174.289 839.27
702 458.473 41.4929
703 465.327 200.985
704 12.3108 828.806
705 42.1732 785.052
706 802.301 827.796
707 848.651 251.731
708 500.81 26.3433
709 155.973 160.561
710 564.766 576.568
711 373.172 714.706
712 71.3281 243.57
713 253.577 861.917
714 47.3239 723.826
715 784.369 529.445
716 813.902 810.083
717 609.747 32.5921
718 16.2142 700.951
719 440.701 361.734
720 803.066 543.15
721 14.4399 415.345
722 464.848 285.47
723 568.288 260.603
724 859.46 392.172
725 873.079 787.124
726 751.187 785.898
727 58.3454 78.5071
728 452.273 674.362
729 848.733 662.27
730 117.415 158.868
731 275.152 561.029
732 180.703 668.22
733 543.849 837.325
734 390.996 427.164
735 756.321 195.307
736 583.929 391.16
737 517.188 384.008
738 279.353 400.525
739 882.757 714.024
740 196.808 763.404
741 602.49 639.559
742 721.776 769.518
743 388.821 161.851
744 645.304 483.586
745 110.824 47.7144
746 368.313 787.725
747 701.468 309.571
748 191.54 285.279
749 48.5732 349.56
750 821.081 199.32
751 673.871 356.113
752 229.592 49.2178
753 306.593 137.031
754 66.0262 493.368
755 771.79 630.032
756 582.144 701.06
757 788.731 264.613
758 650.45 848.407
759 52.1785 532.447
760 213.35 550.329
761 813.111 882.089
762 58.715 515.989
763 25.6861 318.333
764 298.541 741.951
765 425.718 192.55
766 295.294 208.328
767 851.599 299.717
768 641.493 517.68
769 221.579 349.699
770 638.933 277.743
771 237.344 721.394
772 452.687 563.893
773 359.945 25.4971
774 315.003 506.245
775 395.779 181.279
776 677.392 146.746
777 587.75 102.61
778 693.932 760.52
779 866.284 824.304
780 401.474 406.746
781 468.273 1.20105
782 842.27 126.056
783 656.046 290.545
784 328.405 699.586
785 105.174 619.198
786 5.70499 402.736
787 120.876 182.669
788 882.184 424.846
789 361.352 382.407
790 890.612 500.537
791 36.4829 49.5454
792 364.71 328.978
793 625.01 862.763
794 169.921 47.0593
795 773.699 705.728
796 589.388 385.484
797 865.43 359.525
798 147.129 116.831
799 605.888 195.937
800 801.81 584.34
801 125.81 512.031
802 143.173 131.815
803 659.471 23.4226
804 723.553 655.5
805 663.145 881.68
806 493.932 891.236
807 884.38 280.145
808 69.3501 551.011
809 613.319 124.256
810 811.473 34.6394
811 124.552 123.929
812 344.747 232.922
813 609.279 26.6436
814 125.867 691.422
815 647.639 135.637
816 821.163 438.165
817 124.823 730.24
818 423.288 609.924
819 825.445 404.101
820 336.367 355.21
821 380.506 878.079
822 204.126 862.245
823 342.627 804.214
824 450.014 830.58
825 531.601 526.387
826 519.819 485.988
827 428.775 119.534
828 887.173 320.216
829 692.05 711.133
830 53.2409 467.047
831 431.507 67.7795
832 365.002 887.359
833 825.167 344.621
834 405.027 649.142
835 524.544 614.009
836 364.716 597.604
837 37.4425 779.7
838 44.7139 251.784
839 287.162 828.617
840 10.3454 753.552
841 37.4152 125.619
842 523.767 50.801
843 777.188 655.227
844 420.149 443.49
845 617.203 567.824
846 49.9969 679.467
847 98.822 564.632
848 411.66 893.911
849 13.5118 65.5139
850 848.309 287.135
851 576.878 215.152
852 335.966 839.725
853 572.46 512.659
854 517.911 329.909
855 490.593 417.365
856 333.81 395.391
857 205.298 875.565
858 79.6514 689.521
859 489.537 10.3181
860 581.917 477.526
861 669.967 626.95
862 473.787 156.027
863 258.553 462.268
864 751.446 710.341
865 479.246 284.105
866 84.8651 804.376
867 264.353 601.264
868 330.354 315.767
869 809.153 525.079
870 436.745 243.076
871 17.6336 337.961
872 225.197 328.653
873 444.468 563.92
874 505.06 53.3669
875 25.4824 863.584
876 683.698 255.525
877 8.89869 135.391
878 8.43464 8.54383
879 491.448 548.008
880 572.947 563.731
881 103.567 581.501
882 249.6 799.737
883 368.596 659.768
884 683.015 513.749
885 468 205.573
886 880.968 769.218
887 221.921 91.8005
888 809.151 731.141
889 552.42 65.4845
890 802.744 28.3339
891 226.287 38.0787
892 178.847 612.81
893 279.305 399.842
894 355.889 583.849
895 879.695 222.005
896 131.96 323.03
897 456.315 15.4247
898 528.544 262.623
899 47.6052 630.442
900 474.931 770.312
901 219.849 624.3
902 280.964 564.521
903 126.081 267.07
904 609.797 460.575
905 473.487 248.071
906 251.055 573.665
907 21.5097 595.202
908 486.236 351.362
909 723.305 208.136
910 281.705 451.378
911 864.947 661.48
912 114.473 676.957
913 281.646 313.039
914 159.748 79.3806
915 776.015 497.753
916 690.085 859.845
917 709.976 432.078
918 321.054 443.624
919 215.288 487.819
920 95.2105 476.71
921 53.094 532.122
922 105.092 294.858
923 805.629 332.283
924 763.103 584.449
925 348.6 716.071
926 477.526 173.743
927 840.733 595.231
928 694.616 338.996
929 523.74 669.23
930 390.478 208.928
931 666.446 884.082
932 712.248 287.872
933 236.745 196.235
934 351.179 110.935
935 2.62047 884.519
936 117.949 835.387
937 427.192 511.074
938 827.269 674.089
939 677.314 40.4262
940 618.696 343.609
941 351.771 783.087
942 568.151 667.32
943 130.585 583.712
944 793.675 253.615
945 851.08 125.403
946 744.542 306.158
947 27.515 439.502
948 117.455 428.886
949 784.535 646.793
950 514.623 411.716
951 624 768.456
952 515.414 110.062
953 381.976 560.319
954 763.349 878.352
955 690.753 805.333
956 640.787 727.754
957 251.082 369.871
958 628.531 391.078
959 892.733 347.731
960 50.3916 225.881
961 793.976 596.567
962 34.1459 103.645
963 881.415 568.672
964 773.43 19.601
965 455.007 810.41
966 384.365 38.0514
967 319.343 613.739
968 2.89344 871.609
969 470.566 691.286
970 234.732 725.109
971 533.562 238.383
972 206.935 68.7076
973 519.5 207.208
974 433.44 340.09
975 183.952 105.312
976 644.995 579.534
977 852.027 380.76
978 264.386 161.487
979 570.872 793.787
980 592.72 165.772
981 156.51 742.087
982 83.4961 8.05459
983 10.6457 638.087
984 649.669 600.862
985 534.904 634.901
986 679.603 165.72
987 763.956 846.988
988 370.415 79.2966
989 855.311 184.609
990 631.998 508.699
991 207.37 802.958
992 769.052 521.121
993 179.456 217.226
994 524.722 753.961
995 646.358 557.562
996 488.432 671.389
997 481.64 868.468
998 47.2819 393.817
999 778.826 367.305
1000 505.778 8.68241
1001 664.972 478.373
1002 557.041 754.125
1003 498.354 567.089
1004 164.899 512.195
1005 20.8546 152.672
1006 682.142 111.591
1007 18.1795 651.981
1008 508.099 857.932
1009 723.12 26.969
1010 86.694 459.103
1011 167.926 829.543
1012 579.07 884.409
1013 127.966 592.911
1014 339.687 876.987
1015 503.595 421.978
1016 582.345 335.53
1017 161.986 415.372
1018 338.723 66.3055
1019 344.972 755.105
1020 830.835 698.74
1021 766.27 846.251
1022 186.763 363.045
1023 458.119 96.0042
1024 380.594 108.424
1025 886.755 383.383
1026 369.35 230.793
1027 792.72 671.962
1028 770.345 753.524
1029 125.564 531.601
1030 448.073 426.154
1031 872.071 106.431
1032 882.421 509.818
1033 853.892 263.849
1034 60.3527 364.792
1035 761.329 225.663
1036 144.905 176.718
1037 189.657 299.473
1038 64.5018 260.002
1039 808.8 198.91
1040 577.814 438.056
1041 142.679 248.974
1042 301.436 173.524
1043 444.267 222.824
1044 801.073 484.653
1045 160.695 567.252
1046 286.341 222.986
1047 431.318 415.238
1048 44.9323 845.867
1049 297.907 842.484
1050 667.129 176.609
1051 385.182 663.116
1052 319.538 830.61
1053 789.825 479.112
1054 145.9 302.339
1055 515.057 383.192
1056 527.425 275.914
1057 232.703 302.364
1058 181.55 27.8992
1059 562.625 878.925
1060 265.839 160.888
1061 85.5286 788.735
1062 555.294 402.952
1063 75.0362 573.774
1064 754.368 623.838
1065 854.532 154.826
1066 37.4824 299.781
1067 398.012 496.172
1068 585.621 233.113
1069 219.465 451.761
1070 153.516 282.576
1071 883.79 296.552
1072 36.084 163.725
1073 449.657 487.192
