1 827.855 303.702
2 175.983 842.136
3 802.601 63.5013
4 360.968 621.925
5 574.757 76.6509
6 71.4898 38.3811
7 808.252 144.29
8 101.115 553.848
9 360.712 81.6168
10 742.377 515.523
11 864.959 385.755
12 336.976 19.0803
13 689.56 137.713
14 394.108 787.179
15 50.4567 285.086
16 691.332 758.272
17 401.369 172.078
18 262.69 851.082
19 179.612 697.946
20 728.901 113.608
21 418.702 392.281
22 291.777 719.019
23 250.774 235.189
24 144.999 175.492
25 586.767 403.446
26 178.247 498.929
27 183.074 394.818
28 687.985 303.183
29 668.248 24.7402
30 622.28 171.179
31 209.472 163.534
32 653.493 680.868
33 598.86 21.8121
34 780.491 459.103
35 417.365 497.837
36 784.176 861.535
37 680.941 673.553
38 773.094 233.55
39 607.131 500.265
40 891.693 330.179
41 195.171 577.68
42 155.542 535.179
43 461.867 630.797
44 71.5443 810.056
45 291 319.618
46 528.435 327.288
47 32.9554 159.876
48 678.293 441.113
49 391.612 516.044
50 717.136 762.86
51 69.9297 141.533
52 752.487 583.11
53 538.944 442.751
54 783.693 193.178
55 805.113 257.764
56 312.409 434.944
57 90.2425 282.058
58 193.123 558.654
59 753.785 354.173
60 517.18 154.992
61 695.708 130.807
62 479.765 836.504
63 83.2273 192.723
64 592.397 349.371
65 796.561 276.162
66 834.295 850.671
67 32.4556 747.217
68 745.333 796.189
69 708.456 347.597
70 645.812 590.973
71 308.941 595.857
72 551.063 302.756
73 811.091 354.667
74 633.934 154.201
75 230.711 626.893
76 850.07 472.397
77 163.179 409.613
78 71.2714 107.003
79 573.795 659.195
80 449.739 232.842
81 489.298 528.107
82 854.331 107.276
83 750.41 704.582
84 646.15 890.744
85 269.432 809.562
86 72.884 702.778
87 297.888 708.13
88 366.184 831.59
89 163.28 10.1837
90 597.516 50.9449
91 482.385 365.72
92 653.753 49.0814
93 237.199 368.668
94 201.285 625.585
95 578.713 549.455
96 685.713 362.228
97 222.358 116.449
98 276.086 196.262
99 893.808 745.934
100 273.73 322.891
101 314.921 484.897
102 102.253 294.696
103 470.818 614.719
104 547.725 400.252
105 60.38 173.445
106 119.983 243.959
107 248.8 118.713
108 86.2572 193.86
109 169.457 649.631
110 398.203 663.443
111 315.408 385.946
112 371.311 60.9554
113 632.71 182.041
114 532.584 590.998
115 796.554 754.822
116 252.027 518.473
117 406.146 288.773
118 188.496 829.245
119 139.855 816.796
120 51.5486 663.446
121 104.897 86.8577
122 468.191 765.314
123 558.541 371.298
124 433.195 459.101
125 734.587 287.679
126 585.495 574.32
127 93.9674 654.956
128 387.357 734.908
129 836.943 162.879
130 542.322 106.848
131 64.9386 439.259
132 175.681 254.896
133 780.489 160.122
134 351.551 884.111
135 591.181 269.39
136 164.626 594.929
137 646.207 633.154
138 66.2257 201.804
139 357.61 333.073
140 336.399 693.445
141 238.408 385.02
142 800.246 633.829
143 605.27 120.405
144 258.068 274.958
145 824.3 679.878
146 521.919 253.858
147 369.287 782.893
148 722.57 691.395
149 286.154 237.944
150 52.6824 631.261
151 643.462 537.197
152 543.343 727.045
153 255.32 163.025
154 381.531 829.545
155 543.924 711.679
156 271.273 181.249
157 721.558 551.2
158 561.182 779.208
159 40.3171 121.988
160 825.543 586.715
161 47.5507 732.504
162 217.772 350.898
163 643.263 378.551
164 476.626 280.244
165 111.924 767.063
166 384.008 159.139
167 93.0814 356.22
168 165.308 751.011
169 787.698 595.584
170 616.439 480.859
171 829.134 196.645
172 811.173 706.954
173 724.67 850.509
174 280.512 794.524
175 469.419 894.02
176 562.473 237.317
177 530.658 1.82887
178 790.482 429.814
179 394.587 409.558
180 320.286 873.466
181 711.076 498.247
182 149.495 731.66
183 270.368 694.646
184 351.989 534.933
185 302.228 776.863
186 844.311 244.252
187 737.751 473.732
188 646.119 316.094
189 312.256 31.937
190 246.515 560.808
191 331.162 709.93
192 507.517 794.167
193 314.839 138.53
194 144.344 129.113
195 593.182 249.3
196 528.649 441.85
197 493.741 485.035
198 399.376 354.428
199 90.4063 233.934
200 436.147 446.9
201 169.256 787.206
202 510.929 678.866
203 785.505 796.296
204 331.08 112.762
205 689.999 263.196
206 445.258 396.947
207 654.518 622.282
208 716.493 870.79
209 604.829 367.084
210 476.38 605.986
211 474.1 764.47
212 16.569 518.992
213 178.488 445.48
214 7.34278 18.0976
215 829.352 81.1254
216 425.466 813.127
217 270.646 549.592
218 335.693 564.029
219 689.867 820.927
220 217.317 634.893
221 496.989 624.792
222 828.737 516.834
223 150.398 70.8094
224 535.677 566.95
225 643.315 822.093
226 687.429 781.64
227 850.667 685.936
228 585.894 449.195
229 778.744 829.843
230 658.803 40.5648
231 209.39 645.73
232 350.27 381.934
233 403.758 159.059
234 272.884 463.471
235 674.622 212.34
236 251.859 586.303
237 263.876 450.751
238 806.614 539.41
239 305.495 150.022
240 782.173 253.476
241 756.506 690.278
242 97.2577 74.8745
243 236.607 62.6478
244 253.94 663.746
245 697.373 149.014
246 30.2719 498.602
247 590.736 98.8777
248 414.908 383.39
249 813.827 410.141
250 340.716 399.786
251 154.499 697.075
252 196.235 881.134
253 668.72 0.109186
254 199.16 538.589
255 457.841 591.271
256 469.537 437.755
257 648.949 449.848
258 238.354 738.919
259 662.005 735.317
260 164.489 485.608
261 772.288 88.3611
262 660.168 822.694
263 712.491 837.732
264 190.627 217.256
265 58.0178 273.159
266 540.582 767.744
267 373.499 648.403
268 325.65 206.064
269 554.639 287.108
270 796.789 543.122
271 85.7113 578.278
272 633.172 493.879
273 404.617 542.465
274 862.908 300.019
275 494.142 305.585
276 782.043 505.014
277 272.235 217.174
278 198.629 613.875
279 668.193 750.522
280 386.492 198.53
281 199.784 462.704
282 397.848 215.834
283 143.202 851.737
284 846.303 404.046
285 301.218 224.214
286 7.53386 527.017
287 132.307 438.283
288 820.453 763.677
289 586.631 307.441
290 556.273 212.886
291 363.399 878.622
292 624.575 531.219
293 112.216 94.3464
294 317.241 768.565
295 784.531 476.218
296 608.926 633.854
297 410.814 517.625
298 265.405 138.585
299 555.651 303.456
300 222.877 669.285
301 40.9449 619.769
302 58.6898 50.5533
303 661.033 641.934
304 212.676 775.942
305 465.434 555.677
306 824.861 364.739
307 764.741 205.925
308 11.3008 314.704
309 591.721 427.71
310 688.962 421.541
311 413.025 715.143
312 227.845 65.621
313 411.586 310.31
314 473.896 336.078
315 554.284 613.545
316 32.0189 424.764
317 810.95 741.494
318 82.8451 601.182
319 77.6105 469.256
320 734.715 637.539
321 623.099 486.534
322 606.389 115.003
323 566.658 82.1795
324 123.135 571.238
325 95.6766 829.489
326 290.245 497.726
327 447.091 320.571
328 343.956 364.957
329 291.393 293.086
330 618.35 573.938
331 155.882 150.459
332 814.066 604.483
333 500.428 506.87
334 247.297 447.882
335 75.5296 494.835
336 744.187 430.877
337 10.8367 296.768
338 675.809 202.486
339 86.2026 714.324
340 180.731 93.3291
341 366.62 517.352
342 696.292 846.112
343 776.699 450.94
344 390.914 640.353
345 813.064 160.315
346 866.513 139.378
347 207.836 95.7018
348 117.73 125.048
349 784.319 720.384
350 561.094 829.163
351 510.436 128.174
352 614.692 751.477
353 649.85 313.447
354 561.558 192.743
355 148.523 39.6346
356 216.025 538.589
357 840.953 323.767
358 501.577 809.535
359 110.253 59.727
360 737.321 54.7842
361 623.126 824.521
362 51.3449 370.171
363 797.442 319.643
364 754.505 16.8966
365 426.06 785.188
366 399.322 71.0803
367 716.017 242.066
368 693.497 395.748
369 607.25 524.288
370 435.572 614.093
371 297.669 735.534
372 410.946 343.584
373 528.38 67.0425
374 58.864 72.884
375 111.294 451.049
376 446.108 130.614
377 694.539 345.331
378 53.9108 881.598
379 516.861 206.119
380 872.92 258.444
381 720.193 786.662
382 218.127 774.905
383 328.596 696.609
384 699.246 800.12
385 35.7312 676.876
386 749.631 236.936
387 250.828 7.34278
388 150.704 740.393
389 398.698 124.8
390 91.6346 482.094
391 842.018 359.496
392 372.955 289.673
393 608.414 802.356
394 255.395 51.2105
395 426.791 472.722
396 855.112 567.605
397 799.693 351.691
398 361.31 247.582
399 472.441 477.499
400 413.942 493.14
401 222.797 287.597
402 4.09449 541.293
403 293.178 478.7
404 453.314 180.512
405 653.841 703.197
406 486.425 461.942
407 114.77 375.929
408 823.047 789.965
409 638.797 263.712
410 62.1774 860.033
411 503.21 85.3291
412 559.307 206.417
413 464.342 290.054
414 614.965 87.4331
415 186.9 855.338
416 864.208 155.682
417 12.2289 334.658
418 158.047 304.384
419 822.883 222.822
420 156.601 850.809
421 272.311 168.365
422 680.26 652.579
423 188.01 101.707
424 600.718 724.315
425 722.077 816.605
426 281.155 584.311
427 738.604 264.367
428 693.361 825.613
429 14.4945 783.767
430 435.423 29.9192
431 311.887 521.337
432 691.204 111.481
433 882.629 72.7727
434 296.983 468.764
435 762.108 154.856
436 468.825 831.702
437 694.732 113.718
438 660.823 555.895
439 463.544 41.4908
440 51.3722 769.19
441 503.786 879.498
442 377.056 271.419
443 589.877 355.729
444 39.4709 252.357
445 715.49 337.088
446 330.253 786.06
447 380.271 425.718
448 125.846 403.771
449 217.556 385.51
450 486.807 400.741
451 881.61 185.48
452 841.554 451.24
453 769.671 718.203
454 473.705 750.467
455 517.976 27.1055
456 494.36 646.849
457 747.79 50.5281
458 780.115 873.738
459 350.925 687.929
460 725.379 199.649
461 581.663 662.188
462 459.811 202.404
463 642.333 106.923
464 798.459 390.641
465 769.272 190.996
466 196.399 828.588
467 318.06 830.772
468 656.393 232.733
469 170.026 674.69
470 610.083 426.308
471 392.859 751.038
472 217.445 616.55
473 512.699 160.559
474 135.318 643.055
475 22.1921 596.43
476 741.184 665.709
477 218.177 69.3081
478 474.383 21.9013
479 473.732 668.111
480 18.589 397.902
481 342.299 61.7995
482 222.604 328.378
483 258.99 409.751
484 559.479 885.146
485 819.872 767.034
486 152.873 261.121
487 181.852 34.1575
488 267.628 171.122
489 121.102 310.608
490 153.543 739.474
491 864.521 655.899
492 358.704 363.674
493 11.2189 441.77
494 754.305 874.883
495 176.535 659.868
496 802.601 628.997
497 826.667 490.956
498 659.567 186.845
499 766.242 486.263
500 893.184 885.529
501 555.12 529.636
502 814.776 119.914
503 93.7638 703.242
504 251.101 637.239
505 650.818 864.865
506 432.693 870.272
507 183.322 891.345
508 428.269 247.446
509 761.789 277.142
510 794.314 66.2761
511 589.356 380.05
512 402.925 746.7
513 740.147 323.41
514 798.862 106.104
515 495.79 861.153
516 250.228 821.846
517 622.007 280.281
518 548.386 798.919
519 255.908 273.732
520 841.801 800.065
521 829.207 667.95
522 137.875 351.828
523 869.961 826.133
524 525.76 748.691
525 11.137 174.917
526 474.551 852.336
527 130.56 700.132
528 812.752 813.795
529 529.134 715.689
530 853.499 550.09
531 778.362 376.886
532 788.025 11.0646
533 881.621 377.157
534 415.399 429.541
535 480.065 184.698
536 14.8766 724.734
537 220.846 510.173
538 368.584 841.062
539 784.094 91.3092
540 467.7 70.78
541 468.531 417.094
542 809.734 892.983
543 384.418 844.502
544 679.441 245.187
545 694.786 722.85
546 782.601 100.044
547 225.224 415.782
548 514.24 815.87
549 840.025 817.972
550 228.374 878.706
551 43.9223 367.63
552 800.199 442.641
553 712.372 710.15
554 65.8394 575.032
555 777.774 601.699
556 112.197 392.445
557 770.364 845.896
558 62.8388 809.237
559 599.855 708.046
560 130.314 463.223
561 795.893 339.544
562 351.729 106.977
563 561.463 570.665
564 613.109 31.1454
565 326.11 551.309
566 746.421 632.417
567 437.161 580.025
568 676.546 646.494
569 157.31 217.581
570 287.788 295.758
571 183.903 147.049
572 447.063 784.777
573 233.879 499.773
574 379.599 223.507
575 644.336 176.582
576 545.852 230.138
577 514.623 610.625
578 612.89 405.109
579 561.109 327.859
580 707.118 422.305
581 742.003 665.138
582 600.01 145.336
583 619.288 604.292
584 319.248 19.0257
585 476.334 246.272
586 512.993 63.0299
587 51.7627 414.746
588 775.46 174.507
589 273.102 430.413
590 667.206 522.704
591 116.968 505.56
592 368.775 312
593 432.432 873.545
594 253.285 807.299
595 288.852 710.748
596 111.807 61.3921
597 528.897 698.221
598 698.161 379.723
599 104.164 867.16
600 786.769 620.262
601 864.355 25.9066
602 881.976 215.563
603 778.799 222.986
604 701.004 157.856
605 311.194 124.475
606 464.852 467.263
607 385.949 208.985
608 300.044 625.174
609 314.921 248.508
610 622.484 201.26
611 534.931 157.146
612 682.826 271.765
613 723.055 11.1118
614 7.04252 35.0509
615 29.7533 345.602
616 544.185 834.129
617 480.529 383.462
618 858.322 411.878
619 408.363 860.854
620 1.06457 820.153
621 270.045 515.969
622 763.637 371.479
623 838.041 345.604
624 350.051 555.932
625 219.683 189.631
626 229.793 794.522
627 44.6005 217.802
628 76.0714 592.072
629 84.0861 617.888
630 427.838 92.4808
631 542.948 433.524
632 114.455 594.331
633 331.108 472.26
634 586.494 61.3921
635 825.778 287.105
636 74.822 130.969
637 55.7963 50.1459
638 177.266 384.018
639 396.621 347.103
640 298.133 168.286
641 220.617 709.684
642 102.381 525.052
643 368.785 577.459
644 392.934 264.04
645 186.482 785.925
646 120.978 98.5134
647 442.041 196.81
648 660.181 429.676
649 717.39 600.909
650 101.898 172.708
651 633.877 450.885
652 380.594 473.869
653 382.482 38.0787
654 414.757 237.892
655 213.417 536.571
656 338.408 64.9386
657 382.043 693.06
658 395.578 9.00787
659 132.061 15.6682
660 834.457 846.576
661 3.13911 88.1428
662 675.41 791.385
663 58.9333 345.386
664 642.137 539.981
665 518.853 738.455
666 26.7779 567.332
667 137.739 553.193
668 861.125 841.856
669 294.312 731.141
670 480.279 622.772
671 710.093 774.706
672 309.736 257.434
673 38.7339 486.455
674 747.735 32.4556
675 230.602 259.565
676 742.104 742.102
677 183.5 342.902
678 155.817 270.948
679 466.562 764.741
680 85.1108 372.737
681 580.134 782.841
682 886.018 163.916
683 43.5108 877.997
684 201.722 235.271
685 816.168 28.443
686 603.586 798.889
687 538.889 692.298
688 185.426 81.2367
689 414.977 253.585
690 571.368 869.316
691 320.489 615.731
692 391.303 371.234
693 497.371 498.709
694 294.694 753.524
695 834.921 175.135
696 453.35 111.263
697 814.394 501.384
698 2.72966 689.73
699 497.468 347.597
700 257.627 349.187
701 104.273 348.115
702 284.403 214.717
703 450.969 566.741
704 298.761 126.765
705 414.119 301.657
706 733.514 571.92
707 750.86 220.611
708 3.68504 643.656
709 180.871 334.147
710 9.19895 317.35
711 528.353 562.53
712 252.412 571.126
713 813.52 274.658
714 61.3375 559.391
715 234.287 84.1921
716 447.507 702.478
717 39.3218 365.722
718 686.564 543.504
719 814.811 881.136
720 715.794 463.824
721 625.911 290.818
722 874.742 479.874
723 194.707 145.111
724 590.698 172.869
725 98.0787 216.407
726 176.582 518.553
727 392.903 664.453
728 143.171 360.097
729 495.679 20.5564
730 474.469 466.062
731 548.857 299.317
732 820.836 740.347
733 477.077 395.882
734 718.119 537.117
735 177.484 83.7753
736 23.557 105.394
737 516.67 115.685
738 258.499 863.42
739 725.652 540.118
740 621.106 353.93
741 876.08 762.314
742 218.064 670.898
743 758.578 853.592
744 854.119 842.511
745 194.952 791.521
746 690.081 152.317
747 35.3302 345.55
748 118.028 96.8756
749 813.72 385.43
750 388.185 83.9097
751 588.729 30.6289
752 878.335 673.19
753 314.375 447.937
754 477.188 833.447
755 105.065 422.908
756 308.233 330.435
757 580.598 467.483
758 385.048 632.052
759 534.805 587.807
760 27.9244 442.259
761 162.778 485.988
762 525.077 153.627
763 315.181 286.043
764 558.843 2.81155
765 520.258 280.336
766 301.268 359.141
767 402.005 737.335
768 87.2903 680.449
769 176.09 195.034
770 592.458 473.923
771 454.434 659.213
772 716.411 418.431
773 199.347 324.204
774 861.717 746.261
775 602.217 98.1606
776 512.615 45.8331
777 629.812 741.514
778 632.785 224.134
779 722.24 183.406
780 88.5186 459.811
781 37.6777 451.731
782 228.68 14.6404
783 400.409 718.255
784 781.474 31.664
785 328.391 343.391
786 705.052 78.3506
787 261.419 86.1753
788 38.5974 3.02992
789 477.854 750.52
790 358.541 175.981
791 518.02 359.853
792 108.122 659.488
793 714.824 506.436
794 759.504 211.913
795 858.505 719.183
796 653.806 201.915
797 271.519 811.5
798 894.19 89.9171
799 730.488 653.071
800 12.7748 190.967
801 764.605 690.578
802 540.445 498.081
803 217.69 647.857
804 9.77218 274.14
805 737.99 12.3948
806 151.933 419.74
807 825.913 585.321
808 741.621 134.408
809 669.449 602.654
810 425.753 204.533
811 279.299 777.898
812 399.84 8.98268
813 651.315 246.761
814 141.26 636.966
815 524.558 31.6913
816 497.306 500.155
817 648.949 884.136
818 577.772 12.2835
819 462.965 463.498
820 591.441 259.536
821 852.634 884.466
822 376.64 648.296
823 564.867 765.125
824 505.314 143.528
825 886.916 528.491
826 215.042 560.617
827 647.46 612.726
828 437.018 202.186
829 346.203 159.494
830 841.743 729.503
831 329.961 516.208
832 377.453 37.6987
833 334.219 491.532
834 801.696 52.9554
835 27.6766 88.7412
836 377.795 676.655
837 824.684 633.226
838 743.368 463.796
839 338.868 666.528
840 729.705 801.646
841 274.465 295.567
842 192.714 28.6341
843 731.221 601.373
844 387.542 535.122
845 524.422 400.768
846 32.674 433.526
847 244.218 405.793
848 861.071 865.85
849 146.965 394.383
850 117.848 449.44
851 104.052 851.763
852 129.222 702.751
853 135.855 289.235
854 893.661 646.574
855 460.122 302.401
856 886.221 442.341
857 132.359 181.743
858 485.178 138.694
859 54.2929 285.413
860 404.071 111.943
861 861.78 42.9942
862 479.028 245.505
863 889.075 513.751
864 39.1895 733.077
865 706.463 303.866
866 74.6016 147.649
867 859.351 548.8
868 278.314 127.147
869 686.337 104.573
870 1.17375 624.409
871 156.128 503.294
872 67.6955 544.46
873 671.565 477.608
874 261.995 397.304
875 883.124 108.477
876 199.971 617.558
877 49.3606 502.093
878 894.207 623.863
879 341.417 474.442
880 451.731 774.923
881 821.927 459.511
882 430.003 329.852
883 835.658 306.677
884 621.814 393.646
885 595.538 724.208
886 51.452 845.321
887 384.17 459.322
888 384.113 272.038
889 590.713 822.419
890 397.178 776.972
891 288.155 738.675
892 309.556 45.3669
893 267.452 334.137
894 257.652 832.218
895 535.723 248.374
896 110.442 334.085
897 585.239 864.758
898 0.0818898 892.573
899 296.64 168.067
900 838.442 249.191
901 190.037 322.402
902 163.536 237.753
903 193.47 60.0546
904 233.795 685.31
905 367.557 595.775
906 378.385 569.407
907 409.167 67.6157
908 215.095 739.983
909 846.085 796.269
910 886.482 690.196
911 110.499 402.053
912 379.605 391.542
913 446.919 320.355
914 451.649 326.906
915 240.292 708.483
916 60.9533 72.6362
917 554.952 462.923
918 548.008 221.894
919 497.478 426.646
920 224.678 603.093
921 590.07 654.765
922 635.137 670.024
923 298.27 806.398
924 632.598 568.754
925 598.942 30.1102
926 802.383 71.7102
927 60.6551 119.479
928 749.864 166.127
929 115.189 138.314
930 680.504 673.598
931 446.284 747.681
932 890.041 429.348
933 115.328 757.617
934 670.129 371.099
935 384.754 255.989
936 101.432 421.732
937 9.85407 549.619
938 556.275 350.161
939 143.496 299.143
940 633.283 881.682
941 346.119 884.983
942 314.675 533.457
943 764.317 379.723
944 43.0992 776.89
945 633.562 39.7438
946 281.046 422.36
947 314.402 518.444
948 370.879 434.971
949 180.403 686.975
950 549.946 88.168
951 271.273 269.526
952 343.118 799.164
953 254.759 368.777
954 72.8 261.094
955 87.6283 232.951
956 385.207 188.674
957 439.339 447.036
958 297.096 410.977
959 162.253 603.202
960 481.812 515.551
961 128.785 461.724
962 688.5 403.446
963 885.909 283.584
964 653.22 214.935
965 54.8535 165.144
966 739.273 421.76
967 669.44 524.176
968 884.516 567.278
969 444.483 30.2992
970 505.671 597.088
971 326.001 701.906
972 403.307 505.833
973 409.476 884.164
974 676.626 635.467
975 822.847 259.809
976 330.316 0.573228
977 890.795 793.186
978 36.3948 879.443
979 142.169 744.025
980 0.300262 682.752
981 888.666 742.688
982 276.328 625.039
983 555.521 860.227
984 339.742 849.115
985 175.078 812.701
986 721.867 440.815
987 431.423 85.8205
988 155.599 516.151
989 537.333 166.509
990 707.145 453.724
991 522.41 315.357
992 272.296 559.091
993 94.9669 791.901
994 545.008 133.626
995 611.288 80.4976
996 231.763 826.843
997 354.61 101.655
998 462.958 808.227
999 686.037 583.874
1000 783.985 785.843
1001 430.671 823.513
1002 467.614 372.71
1003 454.461 711.378
1004 741.348 320.682
1005 145.432 691.179
1006 821.117 204.208
1007 763.349 285.797
1008 637.002 682.442
1009 779.099 180.514
1010 510.236 613.272
1011 72.6089 252.441
