1 115.822 79.7591
2 249.851 319.397
3 868.527 891.565
4 110.057 259.908
5 979.164 131.307
6 721.069 318.303
7 1047.57 1303.68
8 684.815 635.872
9 1347.98 418.405
10 1196.21 867.121
11 341.634 1329.1
12 844.419 660.704
13 1244.15 1395.54
14 898.055 1345.35
15 513.773 764.013
16 900.484 449.884
17 1056.77 404.579
18 1252.88 89.1679
19 164.611 1177.66
20 1018.14 1140.49
21 1015.55 33.781
22 1329.38 1366.06
23 450.371 80.5661
24 332.243 491.934
25 647.63 292.58
26 265.704 597.46
27 306.261 1134.54
28 252.527 970.332
29 1045.19 134.313
30 757.354 1123.58
31 808.769 489.979
32 46.224 510.292
33 75.4 522.103
34 569.881 401.487
35 569.443 571.78
36 92.6026 319.009
37 1033.22 1368.95
38 250.369 1217.21
39 1352.22 229.812
40 1293.22 1057.5
41 1231.95 705.747
42 336.239 138.629
43 872.214 849.787
44 146.657 512.608
45 1190.29 986.128
46 620.593 1061.34
47 656.718 162.28
48 717.185 849.916
49 255.851 826.394
50 1284.93 856.994
51 923.766 529.455
52 889.262 1357.5
53 758.495 565.565
54 1337.95 502.854
55 1187.3 212.993
56 1072.69 1107.32
57 102.418 55.562
58 534.533 530.519
59 863.798 349.997
60 251.865 1073.68
61 899.01 1405.25
62 845.369 587.144
63 725.586 129.824
64 406.478 373.347
65 291.205 442.791
66 727.987 83.0115
67 701.82 564.113
68 1295.88 1218.83
69 448.213 1113.82
70 898.937 402.954
71 1201.31 799.592
72 711.358 452.761
73 698.842 278.941
74 672.773 185.544
75 675.185 1052.94
76 103.312 438.848
77 502.12 436.202
78 1194.23 465.779
79 1227.5 192.449
80 112.943 695.318
81 70.6956 671.105
82 495.387 248.125
83 1110.71 311.974
84 405.239 60.6394
85 511.97 816.195
86 98.2132 14.9333
87 315.307 674.329
88 958.753 267.203
89 730.866 1324.18
90 745.109 876.489
91 1206.92 415.024
92 1274.85 1381.43
93 121.575 352.658
94 1128.15 851.211
95 1229.36 912.568
96 1264.94 529.973
97 1012.18 1341.53
98 657.606 823.616
99 353.638 1380.16
100 106.173 627.601
101 790.031 1147.3
102 563.709 1285.01
103 362.721 1123.33
104 979.565 356.342
105 1103.88 998.817
106 791.851 949.858
107 712.943 668.991
108 922.008 32.3421
109 849.105 1296.58
110 499.678 310.707
111 1359.31 839.24
112 221.496 1321.59
113 516.132 1286.71
114 171.085 551.078
115 341.566 342.861
116 224.178 884.989
117 702.683 221.957
118 782.899 399.616
119 588.029 927.158
120 490.066 664.675
121 1222.59 1213.88
122 164.705 297.961
123 347.781 1047.89
124 570.171 1020.08
125 1165.73 995.478
126 540.81 1053.63
127 1381.81 980.502
128 462.586 1025.47
129 897.031 789.637
130 244 960.189
131 226.027 541.67
132 1023.47 56.641
133 543.165 1354.11
134 732.852 84.0751
135 1349.52 452.875
136 937.62 713.531
137 1167.86 724.149
138 849.525 55.935
139 840.621 1038.29
140 158.655 786.86
141 1308.85 864.23
142 997.679 290.378
143 1361.89 94.4489
144 121.408 1060.99
145 240.931 1198.79
146 264.18 26.9471
147 1363.18 733.11
148 1332.76 661.841
149 852.659 309.701
150 151.645 1041.75
151 130.126 1330.57
152 1302.47 544.503
153 1194.1 1204.39
154 1169.58 1221.55
155 1004.02 84.3641
156 577.433 912.239
157 756.984 250.04
158 401.687 1358.4
159 1090.4 1070.68
160 839.406 347.897
161 588.039 949.63
162 1312.38 1001.19
163 786.049 1355.9
164 696.813 142.168
165 63.79 114.734
166 938.872 556.803
167 1012.13 1326.51
168 1217.43 392.984
169 763.693 1296.52
170 1331.99 790.772
171 969.17 946.578
172 1010.07 701.649
173 1098.75 1217.16
174 560.515 1206.57
175 321.626 1025
176 643.425 57.9203
177 775.455 592.742
178 863.021 1140.81
179 559.227 601.689
180 1392.69 640.505
181 548.514 438.546
182 982.876 431.165
183 607.171 791.98
184 1130.14 395.071
185 1226.22 1150.05
186 763.97 640.576
187 1211.18 1342.48
188 392.883 765.739
189 410.923 182.695
190 375.206 29.9528
191 69.1418 881.15
192 358.226 1310.65
193 252.343 1123.79
194 780.845 826.221
195 149.573 1098.9
196 681.319 1274.41
197 655.448 135.465
198 796.303 1224.4
199 1265.92 250.671
200 307.254 182.522
201 849.765 1103.57
202 1000.9 1385.47
203 1321.25 1093.6
204 936.091 1287.97
205 1120.86 242.687
206 1117.14 672.918
207 1168.27 515.357
208 861.122 459.148
209 244.845 834.12
210 941.011 1413.88
211 817.081 1385.04
212 945.888 1221.69
213 1070.32 895.579
214 1071.57 978.489
215 229.067 261.375
216 711.315 375.274
217 1029.19 1291.7
218 1314.64 361.765
219 580.116 777.997
220 716.396 885.739
221 145.232 733.801
222 1017.23 1070.71
223 572.847 1193.84
224 1244.77 456.112
225 841.873 135.004
226 1394.67 816.538
227 1047.01 632.434
228 1341.9 138.715
229 206.483 1402.65
230 369.903 959.785
231 175.081 1079.57
232 29.6507 479.261
233 1374.03 997.118
234 797.375 491.459
235 566.718 815.734
236 1133.29 133.407
237 1017.06 1357.73
238 1330.19 1259.36
239 325.665 840.033
240 693.533 353.003
241 209.929 880.732
242 522.232 1175.8
243 282.986 1016.5
244 846.405 1376.81
245 1280.29 1292.33
246 863.052 1003.76
247 998.715 157.764
248 625.458 154.123
249 126.415 567.177
250 252.287 919.517
251 31.519 531.915
252 625.729 1320.18
253 713.387 1087.93
254 530.741 202.16
255 426.849 726.809
256 368.627 1181.43
257 1245.46 952.405
258 326.978 709.259
259 1357.11 143.694
260 507.17 1156.81
261 247.046 621.99
262 706.826 256.843
263 835.96 1312.76
264 514.063 1083.5
265 199.182 1263.13
266 934.482 235.193
267 399.443 1232.34
268 894.516 770.832
269 1342.65 779.134
270 270.655 898.384
271 290.841 257.219
272 374.306 364.958
273 350.198 53.4472
274 364.7 857.799
275 1313.13 909.029
276 897.031 123.998
277 114.287 924.826
278 957.411 188.724
279 35.1751 939.759
280 894.454 754.576
281 743.469 507.055
282 564.949 678.168
283 466.248 223.351
284 1320.71 899.75
285 170.503 906.556
286 687.016 924.367
287 592.669 1081.12
288 1227.98 537.079
289 1036.09 939.63
290 863.57 15.6238
291 66.3796 833.084
292 485.276 595.086
293 732.981 1070.06
294 1131.91 1363.21
295 242.399 118.762
296 813.258 50.6418
297 115.859 988.89
298 715.668 331.741
299 1200.88 568.903
300 914.203 727.343
301 890.557 1088.83
302 602.164 544.416
303 649.035 1335.48
304 361.808 14.588
305 57.7908 610.753
306 689.84 792.686
307 466.556 938.264
308 885.637 811.677
309 1297.08 24.7305
310 497.545 1145.37
311 586.756 383.69
312 605.358 1338.17
313 1346.93 110.806
314 1301.09 1267.9
315 946.172 345.163
316 1282.83 173.935
317 652.865 561.594
318 816.366 907.117
319 958.447 368.571
320 1151.33 1118.18
321 1140.8 1051.56
322 1093.02 802.943
323 383.388 296.868
324 1276.15 462.068
325 1015.72 205.009
326 352.83 270.482
327 327.194 926.941
328 472.296 506.436
329 697.245 115.711
330 1346.92 676.01
331 449.249 1383.28
332 754.08 813.317
333 143.765 846.42
334 749.727 224.057
335 885.507 677.132
336 478.209 837.371
337 1206.02 182.004
338 818.351 518.866
339 737.926 894.284
340 727.888 524.606
341 50.1455 82.7094
342 1036.31 1258.28
343 1308.46 1150.18
344 1072.81 271.015
345 627.24 616.968
346 256.11 1403.9
347 216.489 910.497
348 1235.49 291.975
349 344.199 721.112
350 979.682 225.337
351 1093.02 67.4154
352 1109.81 970.13
353 460.082 384.137
354 21.9683 605.114
355 1061.77 1035.85
356 289.028 134.544
357 816.236 680.86
358 826.028 27.579
359 383.228 1057.8
360 603.795 1247.47
361 75.8747 1223.71
362 617.628 277.575
363 644.288 440.919
364 1232.86 114.345
365 1192.11 250.011
366 1326.69 1064.02
367 732.525 790.96
368 911.101 897.204
369 1046.27 1172.78
370 966.345 478.009
371 886.932 57.014
372 640.317 1293.27
373 660.257 679.334
374 615.457 751.151
375 276.093 1349.75
376 329.968 245.508
377 550.502 1255.34
378 990.213 240.011
379 176.419 822.883
380 1023.64 536.561
381 872.214 1265.28
382 1081.64 14.5171
383 494.456 398.984
384 518.169 124.645
385 302.075 1315.03
386 1323.97 1158.05
387 807.623 611.89
388 592.047 1096.13
389 468.098 972.388
390 134.825 390.74
391 1236.65 1111.15
392 1247.76 1027.66
393 1367.77 176.798
394 337.444 338.717
395 1114.29 598.798
396 1238.68 734.867
397 131.033 115.236
398 1001.08 104.073
399 384.417 892.974
400 293.011 540.575
401 458.054 1215.05
402 75.4311 961.959
403 778.73 124.143
404 802.857 924.437
405 1128.03 583.778
406 298.104 737.081
407 797.375 991.48
408 955.556 1145.04
409 1008.4 773.48
410 1403.56 253.363
411 958.182 1255.06
412 224.973 1239.09
413 267.905 1138.55
414 902.63 616.955
415 960.476 664.357
416 643.012 364.44
417 398.493 556.587
418 333.15 999.033
419 546.963 751.151
420 1290.94 882.113
421 648.345 777.667
422 1278.72 1346.04
423 124.006 1328.14
424 123.036 228.028
425 1204.9 1245.35
426 112.604 456.774
427 808.381 1179.87
428 452.227 279.777
429 425.173 1018.8
430 1062.77 750.649
431 250.265 79.5433
432 171.387 636.232
433 460.292 1396.47
434 1305.08 964.49
435 1097.77 1248.22
436 220.675 42.6141
437 480.183 29.1328
438 178.94 179.819
439 1153.29 77.4285
440 1252.62 1076.7
441 431.899 1275.25
442 601.77 363.463
443 922.754 702.957
444 323.18 666.213
445 270.957 1031.26
446 579.764 72.5083
447 1224.7 228.848
448 590.092 197.973
449 1246.55 1255.99
450 601.603 1038.48
451 430.086 938.378
452 517.685 358.053
453 1204.16 332.502
454 1119.99 1382.4
455 45.3608 1390.84
456 145.448 944.565
457 401.342 1190.99
458 673.593 690.167
459 1101.65 1118.24
460 1327.12 1033.52
461 570.427 49.4178
462 851.67 264.886
463 168.809 1275.41
464 149.82 744.246
465 333.581 825.876
466 1008.92 994.788
467 265.802 1390.23
468 238.198 572.168
469 415.682 417.958
470 1052.42 1199.41
471 780.198 1341.63
472 407.6 265.016
473 623.541 974.244
474 180.71 656.329
475 349.291 923.46
476 807.21 15.4512
477 292.999 11.4528
478 1004.5 805.375
479 132.223 585.606
480 1306.57 757.727
481 1237.24 331.223
482 84.6362 192.147
483 751.565 1375.17
484 230.316 11.1352
485 1297.38 1122.54
486 137.075 1318.87
487 436.862 827.3
488 1314.88 1049
489 466.304 515.111
490 1237.99 762.302
491 3.62541 1340.12
492 654.171 760.532
493 877.215 476.153
494 491.472 1161.53
495 457.327 1091.14
496 1340.93 816.784
497 346.529 198.448
498 123.926 531.468
499 859.784 548.489
500 153.519 1219.28
501 28.917 273.619
502 646.748 1222.23
503 1316.33 568.601
504 441.178 538.663
505 120.755 1299.42
506 953.139 385.243
507 64.9001 1006.54
508 1227.3 1273.23
509 621.111 626.333
510 790.642 97.8585
511 91.0238 137.436
512 490.701 702.985
513 809.207 1058.98
514 391.058 9.76955
515 311.009 394.005
516 235.393 378.942
517 1181.84 268.253
518 805.403 1402.06
519 597.793 694.439
520 93.9155 1345.98
521 1284.82 65.4301
522 356.326 77.04
523 680.653 977.626
524 811.791 465.838
525 907.001 82.694
526 793.417 981.769
527 652.747 155.175
528 1405.48 615.688
529 7.03503 731.874
530 205.903 338.905
531 952.793 729.312
532 31.9382 1175.24
533 323.174 4.05701
534 798.282 695.13
535 631.55 339.321
536 324.906 774.516
537 1098.02 820.854
538 780.813 1207
539 694.144 1003.78
540 480.497 26.5733
541 366.642 839.342
542 352.367 66.9407
543 231.811 1102.26
544 1340.85 686.239
545 253.952 927.502
546 108.331 321.151
547 478.123 486.814
548 532.881 454.472
549 251.93 736.65
550 1296.15 508.421
551 1073.56 173.172
552 613.644 1120.51
553 494.734 246.485
554 792.369 286.969
555 882.172 1020.35
556 199.182 191.558
557 566.521 549.611
558 506.479 1116
559 154.709 210.678
560 166.591 302.118
561 987.691 647.697
562 612.522 1260.48
563 592.139 157.36
564 7.94138 45.8942
565 426.825 696.483
566 1040.11 655.38
567 253.821 509.314
568 863.663 1261.99
569 877.554 156.081
570 125.465 1250.27
571 545.243 586.627
572 774.587 104.446
573 1268.81 544.33
574 205.311 1361.34
575 102.32 628.017
576 618.639 239.838
577 1169.5 270.957
578 1290.19 692.901
579 172.552 33.7663
580 1043.82 1050.03
581 551.883 421.427
582 716.112 819.618
583 208.153 571.477
584 319.702 890.989
585 80.4065 995.219
586 181.456 437.871
587 103.411 182.091
588 536.302 889.752
589 1114.3 1160.58
590 774.032 376.282
591 746.009 931.731
592 638.634 600.885
593 782.83 1104.9
594 1192.24 268.281
595 192.702 353.046
596 370.785 138.083
597 708.308 97.5279
598 228.272 1229.79
599 514.932 196.953
600 995.694 454.228
601 1160.63 617.184
602 772.731 132.559
603 347.991 583.433
604 1289.51 38.4121
605 1388.89 64.8413
606 898.224 359.52
607 541.136 1294.72
608 1143.26 834.81
609 577.131 322.39
610 1139.16 537.986
611 1252.62 204.447
612 633.8 195.211
613 564.874 656.545
614 158.784 1096.01
615 1262.55 1020.35
616 1220.4 1188.22
617 732.032 1108.51
618 241.245 149.046
619 447.091 1125.95
620 663.926 281.244
621 631.038 1184.78
622 463.412 469.636
623 378.036 619.126
624 387.919 584.037
625 142.655 1158.77
626 228.633 495.072
627 60.6518 58.1793
628 512.184 904.657
629 345.075 125.999
630 66.6386 1275.28
631 499 912.353
632 833.01 1123.56
633 470.405 158.383
634 698.256 268.426
635 374.618 337.64
636 1343.92 585.649
637 1298.2 530.692
638 9.88357 196.651
639 796.919 1028.94
640 649.079 795.735
641 149.419 788.096
642 996.903 784.514
643 526.006 629.355
644 516.233 938.48
645 1058.45 83.514
646 67.9765 1105.34
647 1335.92 287.789
648 457.388 1177.4
649 1006.88 816.883
650 977.221 574.369
651 1209.61 80.0335
652 991.853 412.147
653 68.063 644.994
654 1363.67 715.07
655 820.888 1239.24
656 752.532 751.669
657 925.548 631.081
658 149.049 1130.44
659 1323.19 947.528
660 1222.5 1328.17
661 81.2697 542.647
662 443.595 1305.55
663 123.357 780.429
664 1106.12 251.737
665 1023.73 926.654
666 467.678 16.5025
667 1172.04 47.5921
668 154.111 404.681
669 614.903 59.6467
670 479.381 123.366
671 345.629 261.952
672 863.009 195.427
673 71.9229 1404.56
674 1111.75 1128.97
675 215.299 816.683
676 718.911 626.565
677 750.288 937.444
678 311.613 594.67
679 1090.43 902.512
680 1364.19 1209.72
681 1385.91 160.038
682 1345.07 17.1645
683 177.313 1012.48
684 1263.67 124.632
685 1198.87 296.609
686 549.552 1014.05
687 490.59 329.583
688 174.387 1376.02
689 172.898 1279.81
690 1002.17 500.553
691 860.691 965.18
692 708.319 652.531
693 120.681 414.78
694 894.189 757.927
695 100.797 1069.21
696 1231.3 838.247
697 63.2289 361.031
698 1144.72 162.641
699 820.528 193.802
700 644.978 560.574
701 1341.59 896.27
702 1062.16 583.06
703 891.852 383.763
704 282.955 936.911
705 215.065 1041.36
706 880.112 1062.16
707 1233.98 490.871
708 609.582 1145.21
709 505.856 282.092
710 1022.26 636.562
711 215.996 678.227
712 974.984 307.312
713 1278.35 34.2411
714 1073.77 343.624
715 894.509 249.996
716 659.326 956.348
717 1154.87 103.944
718 1244.08 1003.68
719 1343.13 1380.72
720 270.741 1249.3
721 280.365 1089.97
722 1091.55 1024.58
723 925.301 77.1418
724 414.808 1155
725 1312.23 130.487
726 917.23 1078.88
727 28.6149 247.305
728 449.699 337.567
729 166.942 982.444
730 416.01 983.091
731 1204.72 1086.46
732 8.0277 928.365
733 204.188 235.479
734 1343.33 823.616
735 1098.89 435.956
736 1125.06 629.946
737 375.403 1386.48
738 1249.6 302.549
739 981.957 1023.25
740 1004.38 1244.65
741 64.1724 1262.28
742 600.697 1015.5
743 156.885 95.8731
744 1125.09 191.299
745 873.336 1022.19
746 591.966 627.844
747 868.028 975.754
748 332.872 1271.93
749 157.408 809.287
750 149.556 279.36
751 424.627 553.898
752 200.822 1110.76
753 1143.92 1240.17
754 309.868 369.765
755 759.303 1283.57
756 985.379 1372.43
757 1074.68 120.388
758 1023.79 1395.09
759 359.44 980.517
760 1000.32 1024.57
761 1260.18 1135.81
762 1207.77 969.598
763 613.891 120.776
764 107.597 363.75
765 960.778 308.419
766 668.211 842.175
767 272.387 693.058
768 615.112 685.003
769 714.475 411.614
770 853.514 836.262
771 1227.4 851.282
772 971.112 411.787
773 1105.66 327.152
774 505.098 565.235
775 217.439 1207.71
776 660.491 403.947
777 45.0587 230.257
778 717.968 715.646
779 1300.66 1398.85
780 875.217 951.428
781 288.954 52.0506
782 1392.72 1147.8
783 767.731 107.597
784 838.291 205.009
785 209.152 1107.75
786 464.226 69.8478
787 1153.62 117.869
788 586.022 424.26
789 1050 514.321
790 976.063 1316.03
791 1386 429.886
792 61.99 153.951
793 1236.22 1371.72
794 266.758 748.605
795 370.44 1268.25
796 1269.3 1206.74
797 1275.62 1158.02
798 812.463 233.596
799 554.084 1303.9
800 211.655 214.217
801 920.424 1195.91
802 371.519 247.493
803 1237.65 912.137
804 201.784 1239.24
805 496.077 413.068
806 959.181 286.582
807 969.866 957.411
808 55.8798 1232.21
809 542.647 726.307
810 574.365 1325.52
811 293.788 433.986
812 1031.73 1317.19
813 148.87 341.609
814 1007.69 910.987
815 969.681 147.434
816 1078.33 1094.55
817 1099.45 722.624
818 355.895 1134.3
819 1283.21 403.861
820 619.657 1230.58
821 830.479 552.66
822 1000.94 1268.64
823 1273.72 404.363
824 1298.87 387.546
825 668.359 39.0164
826 1025.52 991.221
827 759.352 807.994
828 346.573 1221.46
829 648.259 1384.23
830 1280.02 1403.94
831 1117.75 1400.82
832 961.605 203.254
833 1183.74 1282.55
834 694.569 223.265
835 933.674 515.86
836 151.749 619.976
837 830.097 1287.64
838 942.09 871.912
839 172.386 704.986
840 378.116 872.905
841 721.673 693.317
842 1207 1124.71
843 766.405 469.852
844 423.612 1097.55
845 745.232 733.169
846 705.902 1361.82
847 1170.68 402.809
848 1275.37 277.948
849 54.8192 1052.46
850 572.772 1381.89
851 931.818 913
852 544.738 221.123
853 267.535 982.373
854 1103.64 677.305
855 1399.48 870.216
856 421.8 57.3747
857 1144.66 764.949
858 761.707 1389.46
859 1346.93 1280.98
860 1280.27 677.191
861 423.23 965.455
862 1351.07 757.97
863 968.978 844.435
864 129.263 480.901
865 555.86 485.044
866 803.325 1350.05
867 1015.9 594.555
868 1023.83 1128.08
869 1148.95 581.706
870 980.113 189.083
871 1102.82 843.96
872 745.195 1018.54
873 694.89 748.62
874 519.384 498.639
875 1291.21 1244.77
876 1260.13 1.51059
877 241.861 413.168
878 1033.01 545.841
879 1010.53 188.192
880 1303.47 1316.67
881 1024.03 1226.1
882 1209.32 734.939
883 115.545 339.408
884 415.93 159.691
885 1134.32 1098.69
886 1139.85 824.538
887 417.687 576.197
888 66.9086 380.44
889 651.675 882.702
890 83.9024 788.355
891 649.942 542.258
892 431.098 112.964
893 428.274 948.148
894 867.121 871.151
895 1074.59 1410.22
896 390.293 645.496
897 711.907 293.572
898 976.075 88.0026
899 233.105 294.09
900 181.141 240.702
901 795.649 945.644
902 1320.73 1370.67
903 68.6149 777.22
904 755.649 387.272
905 291.544 93.5572
906 461.649 202.348
907 434.114 1373.16
908 1344.94 74.6817
909 320.713 1148.87
910 413.282 891.839
911 475.447 1066.99
912 940.018 706.281
913 1117.2 1169.21
914 999.794 570.226
915 884.028 321.944
916 707.646 743.771
917 13.2932 1272.88
918 1076.42 929.185
919 1293.28 475.965
920 344.31 533.642
921 213.456 1048.58
922 930.961 144.326
923 679.759 15.7964
924 248.316 735.543
925 943.859 1149.77
926 1085.03 327.382
927 215.885 448.429
928 931.947 740.663
929 464.053 853.828
930 795.908 328.661
931 193.054 1268.35
932 811.279 174.408
933 1225.65 776.257
934 413.038 722.768
935 1325.13 1253.89
936 491.114 259.174
937 1282.66 239.724
938 1264.65 372.541
939 1159.44 750.39
940 347.756 790.571
941 879.729 174.395
942 1015.89 10.7468
943 568.24 47.9227
944 907.291 823.918
945 1412.55 1070.42
946 514.914 655.697
947 566.341 33.7232
948 800.267 393.675
949 645.62 941.112
950 668.026 1245.78
951 841.522 742.06
952 758.445 250.514
953 675.406 833.284
954 1268.29 1314.51
955 805.446 876.934
956 1209.98 671.71
957 1208.3 603.733
958 1075.32 867.094
959 442.085 1047.67
960 454.946 107.742
961 753.741 626.894
962 278.38 1190.39
963 767.768 463.233
964 821.502 516.249
965 1413.47 478.93
966 1216.04 18.6604
967 615.537 234.761
968 54.4244 972.258
969 948.995 598.236
970 390.198 150.398
971 204.223 270.913
972 780.796 1172.71
973 1337.43 1174.94
974 930.067 1042.57
975 1003.89 1315.74
976 205.928 960.491
977 101.425 864.907
978 567.877 1368.98
979 67.4154 1312.88
980 1202.25 151.276
981 324.595 989.911
982 1165.41 56.3234
983 1320 775.638
984 636.519 110.1
985 1006.18 421.599
986 950.414 1130.37
987 129.954 717.689
988 1067.04 482.886
989 2.76222 1024.08
990 884.299 589.216
991 1178.02 793.707
992 772.645 561.767
993 500.998 326.201
994 315.929 642.518
995 748.494 1034.37
996 1100.4 659.424
997 66.3551 989.911
998 246.226 1175.02
999 819.559 1143.73
1000 913.457 1052.75
1001 36.7721 512.349
1002 854.95 508.766
1003 1243.29 631.21
1004 215.783 130.731
1005 197.11 1164.45
1006 10.6173 172.28
1007 925.708 304.593
1008 193.269 225.151
1009 1104.41 931.127
1010 248.902 218.259
1011 800.224 781.493
1012 214.072 1267.43
1013 716.729 179.603
1014 812.186 1191.29
1015 604.199 370.181
1016 1138.64 788.241
1017 641.304 418.923
1018 763.938 675.22
1019 864.883 1223.71
1020 345.407 1360.71
1021 787.405 704.409
1022 337.897 1397.61
1023 1107.35 698.54
1024 907.217 1183.61
1025 737.901 961.123
1026 898.973 1098.85
1027 912.291 9.72639
1028 1050.14 1186.11
1029 1088.66 870.805
1030 1031.34 520.635
1031 273.016 1350.55
1032 380.884 246.328
1033 345.611 1105.28
1034 202.16 680.974
1035 1074.72 104.117
1036 59.8193 487.618
1037 213.807 1017.01
1038 924.641 20.6889
1039 234.961 723.329
1040 172.312 1259.11
1041 960.02 836.564
1042 1332.99 873.164
1043 1353.4 1344.44
1044 1305.24 586.022
1045 307.685 958.074
1046 510.475 494.61
1047 377.82 1076.68
1048 1255.4 184.523
1049 1130.7 1367.69
1050 1403.51 1044.77
1051 834.024 854.648
1052 110.791 550.733
1053 888.202 437.655
1054 1103.68 362.714
1055 91.4554 1243.86
1056 908.253 1026.16
1057 359.52 786.067
1058 960.747 220.934
1059 323.007 486.943
1060 1064.34 122.358
1061 1156.92 635.44
1062 900.552 1215.09
1063 791.407 896.772
1064 724.892 513.486
1065 405.837 799.059
1066 901.865 468.773
1067 48.9064 710.769
1068 1172.56 9.81271
1069 294.781 165.85
1070 1134.01 263.995
1071 439.107 774.716
1072 756.374 1273.26
1073 1380.01 314.707
1074 1162.2 878.472
1075 98.9652 978.748
1076 357.313 849.413
1077 126.199 682.255
1078 1356.01 378.338
1079 534.317 1323.29
1080 171.042 317.282
1081 369.447 1222.5
1082 381.279 414.91
1083 145.492 96.6932
1084 266.252 159.922
1085 407.576 912.584
1086 50.4539 682.025
1087 432.836 525.21
1088 693.718 541.324
1089 216.964 841.139
1090 1038.19 356.212
1091 1019.78 569.609
1092 297.506 487.332
1093 309.679 785.247
1094 1404.93 1219.75
1095 41.9512 96.8503
1096 1303.37 529.887
1097 1174.85 572.341
1098 577.692 806.094
1099 569.319 459.983
1100 707.844 612.797
1101 934.167 671.019
1102 378.252 1279.68
1103 1236.93 951.428
1104 1262.29 605.487
1105 987.537 954.088
1106 877.091 270.439
1107 804.83 724.149
1108 1312.65 624.089
1109 48.2465 302.738
1110 706.049 483.518
1111 647.852 286.725
1112 269.878 1091.12
1113 1222.78 1307.88
1114 708.232 474.929
1115 159.629 163.877
1116 214.892 591.433
1117 938.884 798.988
1118 617.511 712.841
1119 1374.83 1041.59
1120 628.578 1004.58
1121 1316.77 46.6125
1122 674.111 306.952
1123 728.536 439.036
1124 271.771 172.395
1125 844.512 751.885
1126 1062.7 1231.23
1127 799.416 454.903
1128 1173.17 441.194
1129 1240.45 443.984
1130 659.437 360.815
1131 614.064 876.2
1132 565.737 638.289
1133 325.708 565.062
1134 1187.24 620.824
1135 129.584 1139.76
1136 1073.73 423.008
1137 687.053 208.332
1138 661.389 85.7151
1139 991.347 1347.88
1140 803.202 552.028
1141 200.964 521.973
1142 110.144 684.14
1143 781.104 541.972
1144 684.858 470.672
1145 975.452 978.489
1146 511.701 248.011
1147 1161.32 490.769
1148 544.164 705.417
1149 1271.35 939.5
1150 1013.52 1338.74
1151 573.938 571.305
1152 75.5295 152.785
1153 1382.79 643.381
1154 430.648 450.085
1155 97.6704 656.518
1156 812.697 907.691
1157 545.366 341.652
1158 215.287 40.9585
1159 956.715 1331.35
1160 96.6227 1118.4
1161 1258.65 808.267
1162 435.438 348.573
1163 455.538 644.131
1164 503.113 525.442
1165 94.1744 71.343
1166 79.0686 1401.05
1167 243.205 804.453
1168 481.49 1408.1
1169 876.962 56.8283
1170 307.254 386.165
1171 29.9097 125.767
1172 617.486 734.852
1173 310.971 637.628
1174 746.274 732.808
1175 578.771 475.533
1176 787.763 987.882
1177 1028.69 1059.27
1178 1336.79 349.997
1179 1319.69 722.105
1180 809.983 1259.52
1181 698.669 1107.67
1182 1022.23 105.023
1183 5.30864 622.81
1184 155.806 999.723
1185 1071.14 681.852
1186 1098.21 527.455
1187 1115.12 234.329
1188 200.779 60.2664
1189 65.338 854.405
1190 187.917 893.276
1191 361.721 829.948
1192 994.097 657.553
1193 19.2924 867.309
1194 173.78 562.429
1195 718.51 426.375
1196 805.076 659.15
1197 576.176 509.947
1198 1248.76 147.464
1199 463.017 786.283
1200 283.516 1014.6
1201 241.966 397.717
1202 592.928 1356.85
1203 391.231 1413.24
1204 236.645 457.795
1205 110.705 1226.01
1206 585.135 1070.16
1207 1227.63 976.978
1208 1116.03 182.754
1209 404.061 869.511
1210 1386.43 43.0888
1211 1057.24 464.398
1212 1124.46 1089.19
1213 905.447 1176.03
1214 1314.68 10.1425
1215 636.606 180.941
1216 733.049 824.868
1217 302.722 1297.7
1218 496.725 614.378
1219 973.843 427.901
1220 1092.59 1221.81
1221 754.302 1006.73
1222 1137.92 130.53
1223 888.621 1082.96
1224 925.387 689.334
1225 711.605 1206.54
1226 1212.31 1101.35
1227 641.094 66.0343
1228 546.063 1167.04
1229 69.5921 1195.54
1230 145.646 1240.12
1231 1109.08 548.387
1232 734.56 1179.99
1233 881.839 174.05
1234 547.74 598.295
1235 181.659 283.041
1236 880.458 1390.53
1237 746.965 1315.22
1238 169.47 893.421
1239 1003.03 847.872
1240 737.168 683.924
1241 360.741 223.179
1242 570.355 108.994
1243 729.75 1389.57
1244 1100.47 308.031
1245 920.831 65.3438
1246 1200.49 66.7835
1247 818.006 361.392
1248 918.829 1245.01
1249 410.498 353.392
1250 1330.7 1208.83
1251 232.76 860.432
1252 515.456 639.324
1253 1166.61 1061.38
1254 1011.58 1283.28
1255 1402.64 952.103
1256 823.055 1355.73
1257 96.8072 105.023
1258 44.7383 113.569
1259 676.41 512.249
1260 1311.32 1231.07
1261 4.70441 1293.99
1262 1382.19 1252.08
1263 563.53 185.343
1264 941.609 284.466
1265 320.97 508.494
1266 253.705 705.316
1267 513.995 874.344
1268 765.931 289.084
1269 589.408 1041.03
1270 580.498 267.347
1271 1006.83 1044.85
1272 722.826 986.285
1273 791.648 44.2541
1274 1033.61 115.252
1275 576.515 1355.3
1276 514.094 1217.32
1277 1178.22 341.954
1278 775.987 1067.7
1279 905.102 625.285
1280 1075.19 886.947
1281 659.733 969.037
1282 1148.57 1339.23
1283 30.2549 458.285
1284 521.231 1260.05
1285 1110.33 201.34
1286 728.449 176.955
1287 1294.27 1185.05
1288 1389.43 1290.65
1289 1287.65 503.862
1290 1292.41 83.9611
1291 391.841 844.592
1292 833.341 1095.29
1293 1094.22 1365.96
1294 274.613 1065.8
1295 1375.41 1200.4
1296 1167.81 1385.48
1297 228.401 776.788
1298 1126.47 550.416
1299 490.985 960.664
1300 853.051 1100.62
1301 745.886 51.0148
1302 307.609 280.324
1303 1082.92 1294.45
1304 1294.62 921.632
1305 502.663 1005.64
1306 1344.17 1006.57
1307 1176.92 540.202
1308 519.168 297.457
1309 444.674 886.545
1310 636.322 1003.44
1311 731.211 166.337
1312 621.441 1.72639
1313 1177.53 1007.61
1314 1360.44 572.125
1315 675.696 517.01
1316 1122.63 444.286
1317 119.54 1060.03
1318 753.741 415.541
1319 1305.98 739.671
1320 582.872 616.279
1321 1364.49 83.1687
1322 440.445 980.761
1323 1404.95 333.51
1324 580.929 499.099
1325 368.547 1162.38
1326 292.993 860.102
1327 233.364 532.131
1328 507.102 169.833
1329 1085.98 1276.46
1330 224.387 1310.85
1331 506.824 133.277
1332 490.911 1169.28
1333 685.179 1344.22
1334 541.691 1011.32
1335 124.867 279.632
1336 350.068 750.676
1337 424.432 964.433
1338 837.749 2.2443
1339 967.418 1375.67
1340 274.927 599.445
1341 1023.79 1241.01
1342 299.615 508.68
1343 1293.88 324.533
1344 21.1482 1325.79
1345 106.135 1095.85
1346 858.792 1247.19
1347 473.203 1259.29
1348 103.621 469.204
1349 1218.69 700.136
1350 371.173 299.528
1351 792.622 1180.33
1352 388.998 602.179
1353 254.426 1079.57
1354 766.658 1398.46
1355 161.683 638.03
1356 1146.24 340.459
1357 149.801 57.9203
1358 737.685 215.814
1359 1365.04 790.068
1360 326.318 95.5556
1361 793.183 1159.96
1362 1292.81 1188.06
1363 1134.32 1006.96
1364 1108.17 104.36
1365 1191.68 480.771
1366 662.631 1025.95
1367 492.304 624.234
1368 1035.53 279.33
1369 373.677 214.951
1370 781.19 364.527
1371 566.397 740.879
1372 1078.09 152.801
1373 387.272 103.642
1374 35.6499 1217.22
1375 638.893 1368.21
1376 1144.16 386.495
1377 660.602 492.538
1378 66.2565 818.409
1379 1275.88 888.572
1380 925.763 1280.59
1381 462.401 1253.93
1382 200.088 1223.12
1383 164.093 760.948
1384 64.0058 921.259
1385 564.865 29.3917
1386 743.037 60.2078
1387 1052.76 808.165
1388 460.514 1048.18
1389 1151.24 313.268
1390 108.239 215.037
1391 169.574 1298.91
1392 242.73 1294.01
1393 437.344 991.205
1394 1395.78 518.477
1395 1357.98 400.133
1396 908.801 118.014
1397 1109.28 193.903
1398 525.094 851.642
1399 1157.69 740.318
1400 524.323 186.983
1401 655.818 695.648
1402 1298.14 1346.75
1403 154.037 542.461
1404 326.762 292.336
1405 263.91 1400.16
1406 164.266 590.267
1407 497.262 1387.93
1408 553.782 324.734
1409 47.8458 431.742
1410 1328.2 857.081
1411 1264.37 819.143
1412 130.737 1168.65
1413 948.416 42.1393
1414 642.852 224.446
1415 190.267 1030.26
1416 1263.93 647.439
1417 449.212 69.3145
1418 87.2384 1036.06
1419 909.332 496.928
1420 1210.76 990.315
1421 1175.63 462.169
1422 1368.54 1082.85
1423 1215.77 565.882
1424 514.316 645.943
1425 1138.63 789.089
1426 683.767 1174.59
1427 795.557 77.9187
1428 1135.29 1037.69
1429 1241.52 278.207
1430 291.889 1248.88
1431 847.397 185.833
1432 1408.03 210.058
1433 513.194 1228.32
1434 538.276 717.357
1435 127.062 233.179
1436 648.617 767.913
1437 161.763 111.08
1438 1184.19 851.411
1439 1028.57 888.14
1440 444.804 98.8511
1441 17.0912 116.272
1442 91.9366 593.72
1443 616.364 1118.24
1444 69.395 566.471
1445 557.03 94.0751
1446 354.298 117.61
1447 175.932 752.317
1448 65.9912 481.002
1449 595.604 924.151
1450 1119.6 950.608
1451 1410.21 1114.46
1452 280.156 189.659
1453 1149.95 775.955
1454 403.025 1057.11
1455 849.451 1160.56
1456 366.901 1087.58
1457 380.496 722.062
1458 808.51 693.98
1459 522.886 222.445
1460 1044.11 616.12
1461 1151.93 602.309
1462 1348.4 1255.08
1463 334.099 1220.87
1464 392.365 173.027
1465 482.007 155.534
1466 1119.43 530.836
1467 905.145 997.464
1468 184.181 1382.32
1469 208.289 361.98
1470 224.338 250.844
1471 1237.31 1298.47
1472 873.121 871.524
1473 992.457 762.949
1474 444.2 1034.19
1475 808.597 156.109
1476 1073.55 1021.04
1477 339.716 466.47
1478 133.838 1198.99
1479 562.112 844.937
1480 679.687 258.125
1481 502.638 1240.24
1482 193.614 387.617
1483 396.94 1313.22
1484 1333.25 486.021
1485 976.013 1177.05
1486 878.084 1274.91
1487 34.4414 57.461
1488 1002.17 620.809
1489 87.3121 956.03
1490 642.327 463.017
1491 990.842 854.993
1492 1353.32 758.316
1493 262.88 1340.5
1494 669.752 45.4472
1495 393.568 322.634
1496 670.357 346.788
1497 268.065 973.769
1498 67.5018 3.02118
1499 370.958 1337.78
1500 883.047 1295.61
1501 30.1686 773.264
1502 971.081 897.018
1503 73.1988 1071.96
1504 358.201 516.751
1505 84.6797 142.831
1506 1277.7 378.138
1507 366.771 451.407
1508 1407.32 444.07
1509 710.538 769.337
1510 383.819 406.537
1511 1299.07 1384.22
1512 1191.02 610.337
1513 795.332 278.583
1514 861.351 1028.84
1515 847.915 812.453
1516 888.578 1082.66
1517 1180.92 1169.47
1518 524.002 729.226
1519 786.469 601.92
1520 133.666 1030.06
1521 75.3568 839.974
1522 620.68 1277.28
1523 1195.7 81.1402
1524 766.923 132.025
1525 1180.81 164.352
1526 540.705 559.565
1527 56.4097 1366.22
1528 405.313 1153.36
1529 865.481 333.554
1530 852.102 75.1133
1531 1111.41 347.349
1532 602.898 1095.6
1533 169.057 481.246
1534 8.0277 801.216
1535 86.6958 720.883
1536 830.867 1319.35
1537 1170.37 1355.56
1538 440.143 550.086
1539 26.3274 789.045
1540 987.605 26.0253
1541 899.75 1394.1
1542 636.044 1157.83
1543 1269.27 1403.61
1544 968.892 1011.07
1545 69.0123 1045.04
1546 976.92 941.572
1547 274.711 1391.77
1548 1109.85 1058.97
1549 1237.11 912.296
1550 1047.28 970.461
1551 795.329 871.755
1552 999.794 215.237
1553 636.994 0.258958
1554 189.795 372.598
1555 949.686 1287.3
1556 190.118 647.956
1557 862.806 349.507
1558 958.62 1121.91
1559 1312.68 694.914
1560 45.6632 1166.09
1561 242.428 402.436
1562 710.883 1237.95
1563 131.68 1400.81
1564 285.705 203.47
1565 328.162 902.167
1566 1249.17 486.41
1567 1070.8 1172.39
1568 1344.29 569.205
1569 625.643 643.943
1570 1132.49 1351.43
1571 650.589 484.511
1572 592.194 1346.71
1573 151.145 1188.01
1574 846.016 504.25
1575 617.14 1397.55
1576 1221.3 542.604
1577 1265.05 1316.26
1578 1180.26 670.199
1579 1216.1 226.259
1580 919.456 860.706
1581 753.309 891.134
1582 131.569 1171.61
1583 883.091 125.783
1584 1411.29 692.987
1585 347.824 250.067
1586 1074.84 346.615
1587 221.2 726.264
1588 1367.32 1350.08
1589 1174.94 352.054
1590 292.253 554.704
1591 1047.18 65.948
1592 526.203 997.118
1593 103.849 743.398
1594 274.496 405.011
1595 1305.75 361.521
1596 497.237 920.769
1597 582.613 143.737
1598 705.704 238.889
1599 917.273 815.804
1600 406.09 739.455
1601 0.388437 410.162
1602 205.742 360.399
1603 515.888 994.156
1604 378.116 710.754
1605 807.604 269.058
1606 923.377 916.511
1607 1001.69 1113.45
1608 34.3983 532.979
1609 1114.3 1198.09
1610 995.762 330.144
1611 1299.12 442.1
1612 396.249 1.98535
1613 215.657 916.323
1614 719.818 1282.42
1615 925.473 1351.09
1616 337.238 1370.32
1617 378.338 929.314
1618 318.173 430.432
1619 461.377 82.0897
1620 1240.58 942.58
1621 115.837 1160.08
1622 260.037 1046.71
1623 661.225 932.178
1624 824.862 625.384
1625 1177.61 1029.44
1626 874.717 738.579
1627 582.009 226.329
1628 459.478 1008.43
1629 1181.28 842.795
1630 937.817 763.165
1631 1015.51 554.731
1632 1315.72 264.051
1633 1344.6 704.597
1634 612.048 1168.91
1635 1289.15 785.392
1636 154.641 1359.76
1637 1341.83 438.906
1638 683.927 892.111
1639 60.208 345.379
1640 908.209 504.941
1641 574.542 1125.27
1642 296.31 62.8837
1643 10.0994 1240.32
1644 635.268 1337.36
1645 286.926 167.805
1646 736.261 782.399
1647 707.912 1227.68
1648 1089.09 685.376
1649 1412.85 829.961
1650 451.796 403.068
1651 903.061 1168.31
1652 491.805 962.245
1653 291.975 1279.68
1654 400.473 608.422
1655 843.846 1219.72
1656 537.696 352.975
1657 426.59 763.957
1658 883.738 1312.2
1659 885.501 622.967
1660 54.2517 1357.27
1661 219.251 370.31
1662 417.354 422.879
1663 84.9694 188.321
1664 289.817 351.32
1665 751.207 101.225
1666 1099.84 635.742
1667 1096.46 435.87
1668 205.009 509.889
1669 628.491 915.503
1670 1204.63 654.446
1671 1286.92 657.926
1672 968.288 0.172639
1673 335.523 1202.52
1674 1169.1 1178.15
1675 913.604 556.344
1676 1197.9 504.062
1677 1405.74 187.27
1678 1232.08 1269.59
1679 948.348 299.155
1680 896.47 1205.51
1681 1022.01 1101.8
1682 974.071 774.501
1683 1228.32 1187.34
1684 626.074 1147.8
1685 207.08 557.623
1686 705.636 860.62
1687 363.007 305.601
1688 1059.61 515.758
1689 1401.11 901.304
1690 1259.7 190.565
1691 1008.15 751.339
1692 795.002 1043.31
1693 1351.08 840.723
1694 968.337 107.64
1695 1.25163 1105.9
1696 1399.73 593.72
1697 599.439 410.464
1698 971.069 411.716
1699 1381.76 290.033
1700 797.332 83.4
1701 416.824 1111.38
1702 65.825 1217.49
1703 521.887 315.211
1704 840.068 144.27
1705 893.147 306.779
1706 291.26 141.564
1707 1.20847 1128.41
1708 1023.85 334.79
1709 1104.23 1321.05
1710 1412.37 965.266
1711 1105.33 219.439
1712 211.482 554.92
1713 328.057 637.93
1714 1404.73 223.179
1715 877.016 225.941
1716 1315.42 263.807
1717 319.123 1069.02
1718 1320 1106.72
1719 913.345 242.255
1720 496.811 119.065
1721 726.353 62.4952
1722 456.457 1359.14
1723 551.724 662.242
1724 781.456 904.843
1725 1037.31 321.928
1726 342.731 656.243
1727 156.91 33.3779
1728 1357.24 731.788
1729 1024.75 42.6572
1730 907.648 1177.14
1731 347.781 693.419
1732 1033.11 433.943
1733 209.855 879.739
1734 379.591 684.456
1735 394.825 712.15
1736 26.759 888.14
1737 254.174 1008.92
1738 1232.73 621.947
1739 380.798 1010.73
1740 109.885 805.548
1741 540.501 464.485
1742 560.774 188.004
1743 622.671 992.3
1744 483.679 47.3331
1745 919.345 1185.17
1746 489.499 1323.72
1747 589.925 970.979
1748 1301.59 174.236
1749 8.32982 335.496
1750 771.079 384.698
1751 1332.21 178.508
1752 1182.1 992.63
1753 127.796 692.34
1754 1176.66 755.295
1755 90.1054 1251.13
1756 1357.67 383.144
1757 1332.62 1175.04
1758 1222.15 308.764
1759 1284.39 583.39
1760 1241.79 1330.54
1761 1153.66 1263.99
1762 936.608 1013.97
1763 1208.73 1089.39
1764 1236.29 126.501
1765 609.415 1154.91
1766 1411.69 1082.68
1767 1177.42 959.671
1768 773.292 570.355
1769 435.858 1334.83
1770 965.482 403.429
1771 426.936 691.505
1772 360.532 1148.48
1773 452.967 1207.52
1774 608.379 850.893
1775 1398.22 807.922
1776 1390.88 652.618
1777 587.206 1079.12
1778 600.481 14.1564
1779 877.517 1357.56
1780 703.355 948.968
1781 358.238 11.1352
1782 664.191 1096.21
1783 568.629 894.485
1784 786.746 515.888
1785 54.9423 627.428
1786 318.821 462.774
1787 1052.36 780.543
1788 867.609 671.451
1789 744.332 165.188
1790 853.338 1414.16
1791 243.402 1302.65
1792 862.392 1385.66
1793 383.949 484.239
1794 516.161 1355.37
1795 441.549 674.586
1796 1098.44 369.333
1797 811.575 1049.38
1798 559.744 1193.81
1799 1074.68 1153.01
1800 1115.68 986.544
1801 599.143 184.637
1802 580.042 474.556
1803 897.315 446.805
1804 838.112 427.095
1805 447.739 25.6955
1806 678.045 238.602
1807 518.089 802.743
1808 97.3807 176.539
1809 512.133 816.036
1810 463.733 577.147
1811 5.52444 17.8836
1812 1361.26 887.363
1813 1173.48 1207.75
1814 155.159 1163.63
1815 564.702 1393.6
1816 73.4146 425.743
1817 186.382 1117.4
1818 984.559 479.59
1819 413.384 387.66
1820 279.286 40.5269
1821 203.936 351.681
1822 835.344 965.094
1823 588.809 284.034
1824 71.7314 1108.47
1825 87.3984 37.8079
1826 903.548 988.184
1827 1190.44 136.702
1828 384.337 375.058
1829 823.814 1134.21
1830 591.726 340.804
1831 129.306 990.903
1832 1345.7 502.049
1833 232.76 438.028
1834 27.9675 876.502
1835 306.465 733.212
1836 1331.17 389.905
1837 1368.83 741.138
1838 206.143 828.623
1839 726.649 402.507
1840 726.291 515.385
1841 690.178 581.749
1842 542.407 413.945
1843 174.883 307.269
1844 295.212 849.598
1845 21.0619 696.872
1846 327.86 137.35
1847 397.581 469.463
1848 1389.64 662.631
1849 249.852 351.335
1850 51.3169 1365.8
1851 199.509 429.8
1852 462.888 1094.8
1853 575.356 1345.95
1854 239.691 160.526
1855 1271.18 267.649
1856 1358.8 1328.07
1857 1114.25 1322.67
1858 1412.31 1054.26
1859 1162.12 631.154
1860 1288.01 663.192
1861 2.97802 283.575
1862 942.608 205.958
1863 1203.81 144.946
1864 0.172639 1106.14
1865 335.394 816.683
1866 986.76 174.985
1867 164.05 979.525
1868 48.6227 652.359
1869 223.444 695.993
1870 605.013 677.262
1871 697.547 1307.57
1872 216.44 1057.9
1873 268.885 1132.18
1874 1106.57 711.66
1875 296.248 423.585
1876 1089.36 913.059
1877 899.35 223.065
1878 1172 19.8966
1879 1074.77 1045.08
1880 195.742 2.97802
1881 469.577 1188.92
1882 239.142 66.0343
1883 949.859 133.579
1884 870.408 373.547
1885 919.301 778.142
1886 1354.26 44.6271
1887 4.70441 745.195
1888 65.6276 826.767
1889 178.564 191.17
1890 85.0433 555.81
1891 343.206 1181.5
1892 822.803 318.275
1893 779.421 586.426
1894 1328.89 1279.66
1895 1099.65 1003.81
1896 845.93 1173.94
1897 223.783 935.788
1898 768.274 471.779
1899 118.473 1087.9
1900 937.706 647.152
1901 1319.14 240.184
1902 1363.89 682.5
1903 371.907 607.747
1904 975.236 1081.67
1905 863.367 955.858
1906 162.798 1068.39
1907 571.139 129.106
1908 283.818 1362.52
1909 838.957 238.026
1910 347.393 757.927
1911 856.59 1405.54
1912 61.5644 1317.34
1913 1385.61 615.716
1914 1149.55 483.318
1915 214.381 471.103
1916 306.434 193.183
1917 1335.62 602.482
1918 1060.35 1131.56
1919 1210.5 382.626
1920 8.71826 1204.59
1921 1044.77 101.095
1922 415.159 1306.33
1923 760.646 916.41
1924 907.815 948.45
1925 68.106 1138.09
1926 946.621 1033.03
1927 1338.99 191.456
1928 387.358 502.379
1929 55.1149 79.6451
1930 1410.47 126.661
1931 604.71 1299.5
1932 275.704 750.676
1933 1069.37 1398.86
1934 43.2801 36.4284
1935 422.361 862.562
1936 772.435 660.79
1937 497.804 824.624
1938 1138.51 259.189
1939 624.854 769.278
1940 349.692 712.696
1941 550.329 867.137
1942 883.683 33.794
1943 1206.85 493.79
1944 1204.33 474.109
1945 1036.01 112.431
1946 108.288 311.57
1947 1385.37 1302.56
1948 247.909 1253.55
1949 486.632 134.658
1950 1242.24 1231.56
1951 799.102 1295.89
1952 140.596 1381.89
1953 283.732 873.423
1954 1203.81 521.557
1955 108.849 661.681
1956 877.523 1150.98
1957 525.272 705.531
1958 913.572 1216.89
1959 89.1681 288.997
1960 695.05 717.055
1961 727.845 704.064
1962 722.376 1076.58
1963 1166.11 94.9668
1964 1298.45 1281.37
1965 575.146 1199.64
1966 655.941 458.544
1967 1159.87 1083.19
1968 1078.98 1389.86
1969 988.289 834.163
1970 1199.19 445.408
1971 465.477 336.602
1972 1082.38 597.071
1973 1182.19 226.545
1974 39.0597 59.992
1975 76.5653 1335.53
1976 410.246 785.565
1977 1065.7 65.6182
1978 1413.04 1398.22
1979 121.203 709.144
1980 792.973 1371.14
1981 711.66 1259.29
1982 674.37 1169
1983 190.723 447.495
1984 482.316 243.738
1985 965.735 593.073
1986 807 440.963
1987 1221.42 423.051
1988 178.811 638.418
1989 1347.27 1289.02
1990 579.962 386.769
1991 113.492 151.722
1992 1212.57 1362.26
1993 662.76 1405.75
1994 302.975 1226.4
1995 978.56 1263.96
1996 627.129 589.491
1997 991.249 1216.43
1998 53.6539 1343.69
1999 320.374 214.115
2000 646.125 1210.33
2001 1110.37 725.644
2002 1173.86 47.2599
2003 1164.6 419.226
2004 626.741 515.903
2005 1012.68 261.073
2006 676.485 961.037
2007 371.513 1007.15
2008 611.149 759.641
2009 1282.89 1231.73
2010 1300.69 98.0588
2011 650.33 334.315
2012 1079 731.356
2013 578.297 303.24
2014 831.256 539.986
2015 1154.77 292.163
2016 400.645 1366.31
2017 275.704 1229.1
2018 318.463 457.594
2019 755.122 335.625
2020 240.893 797.822
2021 401.256 310.318
2022 32.2096 925.143
2023 418.563 1265.5
2024 352.966 449.437
2025 1084.71 1339.5
2026 51.6624 915.389
2027 458.553 607.171
2028 265.821 289.919
2029 507.385 98.7925
2030 717.123 842.089
2031 1412.57 607.056
2032 931.99 936.797
2033 293.097 1044.54
2034 1404.56 1364.08
2035 1071.98 1148.65
2036 399.375 860.835
2037 1274.33 1303.03
2038 817.876 606.582
2039 354.039 1262.13
2040 658.056 442.877
2041 232.026 498.769
2042 1081.5 565.925
2043 519.945 551.451
2044 1015.33 702.079
2045 423.785 176.107
2046 721.759 1332.6
2047 264.137 764.444
2048 1143.17 1289.61
2049 971.075 1060.92
2050 623.676 668.285
2051 636.754 46.93
2052 1414.21 543.065
2053 424.476 830.522
2054 813.963 1060.05
2055 472.482 1412.98
2056 244.025 234.2
2057 1141.93 28.3991
2058 268.712 1139.2
2059 1112.7 1209.55
2060 276.61 962.547
2061 127.062 220.216
2062 794.527 773.437
2063 125.62 1251.89
2064 858.921 77.558
2065 140.269 1190.1
2066 913.302 479.865
2067 1012.87 469.161
2068 700.093 527.196
2069 112.604 920.741
2070 1274.16 1369.85
2071 1387.2 175.589
2072 1045.93 608.983
2073 166.035 171.618
2074 1.46743 971.999
2075 1013.34 1069.97
2076 465.027 1231.97
2077 745.713 853.585
2078 290.249 889.839
2079 126.44 1003.55
2080 1029.54 85.413
2081 821.156 125.81
2082 1280.16 568.672
2083 108.608 752.576
2084 409.413 58.7403
2085 754.129 832.421
2086 893.233 1112.74
2087 1179.51 1052.1
2088 210.49 318.922
2089 1051.41 986.819
2090 864.039 1296.65
2091 1200.65 383.144
2092 988.209 1228.07
2093 798.627 414.435
2094 1347.27 234.012
2095 1236.57 129.22
2096 1205.88 1245.5
2097 1412.8 1374.82
2098 889.071 566.039
2099 599.833 394.48
2100 908.555 182.177
2101 1181.16 1129.92
2102 85.7954 972.101
2103 855.487 1328.02
2104 1258.15 80.5946
2105 1398.18 781.061
2106 1097.98 474.772
2107 576.052 1087.8
2108 1055.73 155.202
2109 925.88 1011.71
2110 1031 673.22
2111 847.872 687.534
2112 1410.09 1173.18
2113 1027.15 1305.18
2114 9.06353 401.875
2115 813.172 225.05
2116 26.6295 92.7656
2117 1225 403.127
2118 805.144 390.74
2119 1289.48 782.615
2120 832.31 613.817
2121 1016.15 22.7606
2122 12.2574 543.769
2123 307.112 864.273
2124 1411.92 209.469
2125 1117.66 951.628
2126 113.424 601.603
2127 0.992673 1361.86
2128 12.3005 422.678
2129 41.4674 502.336
2130 495.732 40.9154
2131 533.201 970.489
2132 364.638 981.624
2133 1082.55 380.598
2134 134.356 157.807
2135 679.735 1393.69
2136 858.804 1119.1
2137 1332.94 955.987
2138 43.2892 1070.06
2139 709.083 1046.75
2140 1038.75 260.355
2141 573.29 432.546
2142 244.767 1371.49
2143 1198.67 612.754
2144 165.388 648.863
2145 827.26 764.185
2146 794.743 261.52
2147 209.337 1201.18
2148 1297.07 1360.26
2149 1026.38 333.452
2150 676.312 626.765
2151 401.428 1164.79
2152 766.732 144.801
2153 1088.5 204.161
2154 551.754 176.884
2155 52.3035 1381.27
2156 217.136 993.422
2157 1220.42 538.692
2158 322.101 699.187
2159 491.268 664.789
2160 1371.23 1091.34
2161 1387.24 910.928
2162 1013.26 309.514
2163 754 1052.42
2164 1412.31 988.702
2165 1031.82 1109.05
2166 1125.39 873.336
2167 1256.53 782.442
2168 696.918 985.826
2169 959.051 902.296
2170 805.317 721.889
2171 616.105 528.016
2172 1034.88 538.849
2173 1133.46 1098.85
2174 771.177 685.117
2175 1126.55 1412.89
2176 597.805 172.827
2177 363.836 185.5
2178 390.466 816.856
2179 176.653 370.412
2180 1227.37 1308.39
2181 1295.72 1076.7
2182 1191.97 893.88
2183 732.759 652.029
2184 1308.95 967.727
2185 134.122 769.251
2186 1013.68 1133.65
2187 701.302 574.628
2188 595.863 895.952
2189 182.899 777.494
2190 1137 1006.27
2191 1087.64 923.029
2192 352.27 571.132
2193 575.362 1126.38
2194 149.955 1107.23
2195 765.006 89.2697
2196 107.77 1362.61
2197 620.18 1177.97
2198 488.913 541.395
2199 567.248 1146.15
2200 934.494 16.8909
2201 0.517916 349.119
2202 1400.64 1409.4
2203 1280.25 1338.68
2204 1353.57 481.073
2205 1279.42 321.971
2206 771.652 197.067
2207 628.621 1260.57
2208 881.185 421.411
2209 559.424 1279.35
2210 464.269 1239.46
2211 278.855 796.124
2212 81.091 1015.22
2213 993.912 452.702
2214 320.461 1172.58
2215 488.993 269.332
2216 628.491 387.315
2217 625.267 73.6736
2218 254.513 489.517
2219 877.48 283.904
2220 249.907 23.6515
2221 520.592 325.612
2222 596.467 145.966
2223 406.521 796.167
2224 157.108 593.575
2225 104.576 939.63
2226 381.624 101.872
2227 1206.1 1074.13
2228 323.199 114.907
2229 535.712 379.244
2230 1083.74 300.838
2231 470.916 204.275
2232 397.291 261.85
2233 63.4447 67.2583
2234 900.7 224.489
2235 1172.03 580.513
2236 861.252 1045.95
2237 982.876 69.0425
2238 954.834 832.005
2239 876.093 274.123
2240 608.131 646.532
2241 191.62 1136.34
2242 1052.98 216.403
2243 865.29 1197.14
2244 695.105 1043.7
2245 500.178 941.96
2246 376.174 594.425
2247 1312.13 348.703
2248 1164.39 73.0848
2249 1064.42 901.535
2250 542.924 267.417
2251 865.611 981.898
2252 155.696 353.737
2253 10.3583 480.928
2254 1324.6 1043.79
2255 1165.4 832.739
2256 698.583 1002.53
2257 255.721 1087.75
2258 55.8241 1284.1
2259 689.476 957.902
2260 960.778 794.786
2261 125.163 1298.73
2262 1274.1 869.597
2263 19.3355 836.305
2264 1165.23 641.18
2265 73.1988 23.2199
2266 562.414 912.584
2267 283.997 476.973
2268 1083.39 1183.18
2269 607.886 627.255
2270 1000.76 852.549
2271 581.879 777.306
2272 210.662 901.476
2273 760.788 532.677
2274 663.919 993.767
2275 925.862 527.83
2276 606.739 560.919
2277 547.265 215.555
2278 814.985 817.848
2279 7.07819 605.703
2280 1083.48 608.465
2281 1069.96 396.033
2282 792.705 1371.23
2283 1061.65 1023.58
2284 144.869 955.959
2285 152.483 798.497
2286 56.6936 489.992
2287 1109.87 879.955
2288 1077.2 844.851
2289 737.268 1343.73
2290 4.44545 761.352
2291 332.286 565.494
2292 49.2452 663.049
2293 1041.18 733.672
2294 129.004 464.441
2295 1079.73 1206.72
2296 1148.68 1313.48
2297 1182.36 1409.02
2298 1217.84 742.994
2299 416.879 909.664
2300 665.048 936.106
2301 328.963 1240.34
2302 929.487 190.609
2303 934.685 401.66
2304 992.192 394.668
2305 648.172 98.0157
2306 1384.09 72.0767
2307 167.33 1229.03
2308 38.215 586.642
2309 478.641 764.272
2310 1225.74 37.4626
2311 390.466 1118.22
2312 1196.6 107.424
2313 1406.34 1330.63
2314 1182.61 181.027
2315 799.749 947.241
2316 379.022 540.375
2317 718.177 1168.81
2318 69.6971 672.487
2319 424.858 925.187
2320 1212.45 423.181
2321 896.39 822.251
2322 112.604 1204.89
2323 709.774 842.018
2324 944.161 689.994
2325 919.129 429.439
2326 1405.56 324.49
2327 86.8373 238.889
2328 383.887 56.496
2329 937.126 1366.18
2330 584.469 50.4537
2331 990.299 635.758
2332 605.056 1237.13
2333 761.201 640.36
2334 707.277 25.2053
2335 1219.7 413.457
2336 424.044 357.119
2337 282.135 185.932
2338 1196.53 1118.11
2339 1208.6 211.757
2340 75.7884 1392.72
2341 413.322 971.654
2342 748.13 828.25
2343 366.944 1047.92
2344 18.386 143.549
2345 342.016 27.1906
2346 868.761 193.846
2347 554.035 1239.39
2348 336.991 911.375
2349 181.929 384.941
2350 322.144 1049.51
2351 849.987 282.711
2352 57.569 897.635
2353 329.074 660.143
2354 220.947 969.727
2355 613.756 1389.91
2356 1091.81 574.341
2357 16.487 1386.81
2358 336.732 625.054
2359 385.502 416.291
2360 832.766 1070.07
2361 758.618 724.608
2362 1408.36 343.869
2363 912.396 574.039
2364 848.322 1205.81
2365 235.091 98.4904
2366 1264.75 547.394
2367 694.026 290.696
2368 489.431 894.63
2369 259.174 1000.83
2370 1150.4 1119.26
2371 47.2599 1206.33
2372 636.821 915.217
2373 1228.6 677.78
2374 994.621 498.494
2375 133.808 576.974
2376 557.685 714.395
2377 761.035 552.718
2378 1279.51 925.603
2379 712.413 44.9015
2380 724.824 804.225
2381 1140.15 1210.85
2382 1059.79 514.177
2383 71.7069 520.679
2384 1315.81 1002.74
2385 114.028 447.538
2386 394.221 841.269
2387 91.5849 714.897
2388 529.754 782.054
2389 801.358 483.749
2390 3.97069 721.473
2391 1326.04 492.381
2392 1214.11 162.123
2393 588.674 224.791
2394 369.663 393.502
2395 710.329 706.324
2396 1325.91 1061.79
2397 1343.78 623.916
2398 1406.41 286.682
2399 515.413 903.391
2400 821.193 381.892
2401 269.964 1380.42
2402 973.282 1079.6
2403 108.978 1129.03
2404 7.29399 239.148
2405 561.31 61.2868
2406 1022.4 1236.11
2407 273.935 266.095
2408 455.853 1288.83
2409 589.475 842.061
2410 1111.37 27.8966
2411 767.379 661.336
2412 862.201 1328.02
2413 999.708 1150.12
2414 64.5669 452.529
2415 1001.91 604.424
2416 118.424 329.481
2417 223.999 1331.35
2418 1133.43 834.221
2419 5.52444 1060.66
2420 128.875 503.458
2421 1239.42 387.574
2422 105.655 1032.7
2423 709.33 1235.29
2424 838.026 457.81
2425 860.925 1139.56
2426 544.854 1345
2427 1312.74 1029.33
2428 237.724 881.45
2429 986.199 544.977
2430 730.003 69.5303
2431 684.038 670.615
2432 27.4064 1361.23
2433 1365.87 705.1
2434 1381.28 1234.19
2435 1342.37 109.555
2436 60.2941 263.419
2437 259.951 83.4863
2438 108.201 1041.07
2439 440.617 326.648
2440 1349.91 417.37
2441 961.635 78.6801
2442 443.38 881.682
2443 2.41694 224.43
2444 500.566 686.239
2445 828.999 992.802
2446 1358.5 304.032
2447 1210.91 1027
2448 37.506 1036.35
2449 519.68 40.2403
2450 65.3871 1300.92
2451 725.422 150.714
2452 536.734 1288.19
2453 106.586 117.394
2454 279.545 236.876
2455 139.233 149.348
2456 1061.38 56.0367
2457 1253.7 137.42
2458 613.299 1285.68
2459 863.971 716.294
2460 274.058 836.537
2461 167.848 50.0221
2462 439.107 414.678
2463 208.153 456.99
2464 892.931 403.759
2465 1355.6 127.235
2466 506.436 285.199
2467 759.907 453.565
2468 3.06434 432.762
2469 190.544 1109.12
2470 393.53 1297.61
2471 1089.61 0.733715
2472 496.725 1322.6
2473 566.083 357.621
2474 920.251 1159.23
2475 328.575 1208.62
2476 626.549 685.117
2477 995.737 430.62
2478 422.04 42.4846
2479 549.306 189.083
2480 2.33062 883.954
2481 360.254 162.21
2482 213.702 817.962
2483 948.521 992.257
2484 354.341 1079.29
2485 1054.42 993.363
2486 280.489 425.915
2487 712.295 681.535
2488 703.719 717.012
2489 1261.51 633.368
2490 884.558 15.9259
2491 1228.11 124.833
2492 1029.19 1216.13
2493 500.048 1391.81
2494 1277.22 1176.42
2495 416.362 24.0399
2496 1387.24 492.668
2497 1096.81 539.626
2498 228.13 119.466
2499 904.757 363.275
2500 133.234 181.847
2501 1284.71 1257.04
2502 576.133 145.161
2503 1011.69 461.377
2504 401.663 228.401
2505 1.33795 72.2925
2506 681.707 614.68
2507 649.208 488.481
2508 513.557 1053.87
2509 117.573 890.616
2510 548.862 263.203
2511 627.456 1011.98
2512 520.284 882.89
2513 943.625 1208.73
2514 716.926 233.71
2515 630.822 707.948
2516 893.165 1142.35
2517 1189.82 483.691
2518 1248.83 1040.62
2519 1324.13 84.1337
2520 1264.49 987.25
2521 1209.55 933.948
2522 9.19301 1081.31
2523 172.596 620.205
2524 399.918 80.4065
2525 903.505 598.582
2526 738.259 1356.42
2527 1080.53 645.151
2528 1130.75 384.957
2529 603.65 524.319
2530 1404.8 1319.32
2531 1177.3 1160.41
2532 926.121 1061.94
2533 452.005 1011.64
2534 970.107 937.04
2535 396.335 755.467
2536 36.0815 205.93
2537 246.097 637.987
2538 1212.92 961.095
2539 343.434 273.907
2540 1412.64 741.311
2541 707.042 1323.72
2542 512.947 476.326
2543 709.731 768.603
2544 1298.5 1066.23
2545 666.731 1129.99
2546 1250.68 230.171
2547 1032.13 827.846
2548 556.587 25.6955
2549 1305.88 516.162
2550 576.626 1078.71
2551 506.627 613.574
2552 578.531 589.318
2553 1053.14 775.768
2554 668.371 315.238
2555 1014.73 317.973
2556 164.432 404.838
2557 415.326 441.237
2558 1100.65 396.551
2559 1187.08 1246.8
2560 124.257 980.674
2561 1326.21 122.287
2562 62.4521 1242.45
2563 1096 1371.05
2564 26.8022 367.175
2565 658.222 668.371
2566 40.6133 1404.59
2567 1131.74 819.402
2568 332.891 830.365
2569 886.63 163.763
2570 458.917 1105.62
2571 1253.39 1146.06
2572 826.872 772.515
2573 488.654 231.509
2574 295.971 954.665
2575 1159.79 192.924
2576 1164.19 695.922
2577 1310.61 1155.73
2578 68.9816 163.705
2579 499.796 1314.4
2580 1170.62 541.007
2581 400.275 1210.67
2582 896.168 694.412
2583 1265.27 352.658
2584 1004.63 1314.57
2585 38.7082 293.199
2586 481.274 739.01
2587 1338.04 1095.35
2588 850.271 1353.76
2589 490.942 8.4316
2590 629.484 811.461
2591 606.807 1275.08
2592 1377.01 790.815
2593 622.535 813.474
2594 1413.43 302.765
