1 238.807 338.967
2 219.079 55.742
3 344.478 279.065
4 150.779 212.449
5 349.085 217.862
6 576.214 512.586
7 639.862 741.535
8 362.374 155.109
9 278.66 750.082
10 230.627 322.514
11 652.314 687.66
12 533.402 352.962
13 145.998 145.667
14 718.419 747.458
15 284.809 307.243
16 543.473 80.6345
17 73.0225 231.88
18 183.23 425.143
19 249.896 156.376
20 335.232 366.115
21 375.275 606.898
22 106.26 717.162
23 743.392 672.626
24 152.097 595.348
25 617.442 165.619
26 68.1528 742.528
27 414.377 254.527
28 206.357 544.948
29 454.511 370.124
30 415.235 469.812
31 224.67 610.184
32 131.748 283.888
33 577.159 410.298
34 622.169 579.784
35 281.429 146.93
36 607.134 352.168
37 204.603 447.104
38 589.819 20.4246
39 577.493 196.681
40 353.553 29.5593
41 521.204 122.216
42 18.6989 140.679
43 680.18 11.1913
44 279.114 532.907
45 288.781 283.013
46 578.176 94.9364
47 469.171 466.772
48 341.632 180.687
49 450.286 318.363
50 559.205 415.701
51 731.336 595.953
52 759.742 139.521
53 119.053 187.012
54 526.048 562.607
55 127.906 562.479
56 44.8678 163.917
57 428.301 644.329
58 341.284 390.738
59 160.594 557.69
60 461.184 493.343
61 131.298 598.695
62 594.085 699.575
63 449.6 181.112
64 461.706 609.768
65 414.257 557.927
66 344.785 422.769
67 703.97 607.536
68 601.886 304.558
69 501.158 225.356
70 246.631 684.625
71 25.1997 665.217
72 653.872 288.365
73 181.365 33.8617
74 145.099 396.019
75 139.632 116.104
76 291.948 373.883
77 380.447 401.116
78 20.7319 107.158
79 440.05 11.5125
80 387.402 293.376
81 366.717 135.502
82 290.648 413.148
83 565.668 381.103
84 553.638 534.963
85 6.73727 585.727
86 221.822 33.9937
87 688.262 383.75
88 436.294 57.2648
89 326.155 715.65
90 176.895 680.214
91 91.5532 118.765
92 497.187 344.31
93 622.119 616.623
94 279.467 15.6592
95 278.072 190.781
96 283.473 90.9413
97 653.701 656.527
98 505.082 748.603
99 125.957 324.51
100 369.557 455.25
101 511.893 382.748
102 29.9277 357.312
103 612.818 332.939
104 129.815 443.123
105 377.854 527.81
106 54.1226 493.783
107 195.239 721.843
108 509.86 277.845
109 708.193 713.678
110 466.983 203.764
111 675.925 309.134
112 328.695 67.7273
113 462.957 130.774
114 187.698 104.132
115 390.998 296.085
116 116.848 491.121
117 614.72 244.622
118 389.49 487.599
119 682.054 178.36
120 491.525 742.565
121 311.213 220.604
122 251.052 539.241
123 550.544 656.754
124 218.005 564.37
125 283.135 638.409
126 293.698 112.477
127 545.317 255.53
128 670.961 655.511
129 167.927 402.747
130 598.801 11.8296
131 216.869 451.61
132 631.814 158.929
133 148.785 104.449
134 130.419 641.412
135 507.463 565.269
136 200.028 496.383
137 360.278 640.348
138 258.343 666.375
139 448.25 231.701
140 296.18 443.099
141 65.056 263.108
142 88.069 19.148
143 69.9257 0.803744
144 521.063 511.63
145 517.417 512.113
146 135.756 614.51
147 361.356 567.359
148 680.201 757.907
149 740.155 327.181
150 672.048 213.418
151 358.021 773.164
152 429.055 501.253
153 187.175 708.061
154 722.117 82.9039
155 225.403 57.6332
156 78.5948 465.07
157 684.837 12.2689
158 669.708 342.476
159 672.452 766.063
160 181.575 102.7
161 105.058 206.657
162 556.572 765.411
163 650.867 28.131
164 194.045 292.941
165 328.534 232.235
166 239.918 458.276
167 412.864 410.028
168 151.766 233.261
169 418.762 183.689
170 428.183 695.948
171 67.6917 517.479
172 588.234 57.6903
173 551.056 65.5997
174 143.927 256.948
175 455.442 719.848
176 291.478 506.099
177 232.119 360.952
178 610.346 720.438
179 663.042 494.421
180 387.617 664.494
181 246.742 31.5686
182 390.454 80.0435
183 49.5248 395.891
184 186.768 736.844
185 439.104 56.1203
186 715.829 62.1252
187 194.837 246.773
188 180.01 639.057
189 524.17 334.263
190 622.24 524.103
191 365.254 424.552
192 527.847 529.11
193 561.663 580.516
194 728.584 259.454
195 643.634 352.962
196 232.45 651.198
197 157.581 756.394
198 319.134 518.638
199 424.141 353.86
200 197.695 202.733
201 697.582 434.802
202 445.511 30.694
203 639.166 539.454
204 167.439 755.577
205 115.739 741.818
206 140.206 663.16
207 224.01 84.2991
208 404.971 694.79
209 144.461 472.365
210 525.977 401.693
211 707.483 670.299
212 701.994 423.848
213 219.132 310.174
214 449.979 701.929
215 203.56 13.1534
216 211.148 187.046
217 612.965 449.624
218 565.339 70.4222
219 368.548 671.136
220 0.378233 89.4382
221 488.085 48.6836
222 54.8082 348.825
223 285.714 42.5275
224 463.043 162.343
225 739.154 279.798
226 374.253 736.192
227 90.9649 284.455
228 151.591 75.349
229 706.808 107.286
230 271.249 242.646
231 580.965 478.251
232 244.386 700.203
233 744.316 455.756
234 590.35 229.03
235 557.609 113.919
236 739.896 150.678
237 741.525 167.614
238 698.832 561.709
239 569.027 563.259
240 639.922 118.623
241 630.726 626.826
242 163.349 42.5512
243 80.6081 759.052
244 492.766 720.58
245 611.247 11.5597
246 706.302 492.128
247 77.1804 130.112
248 446.577 386.611
249 710.321 106.52
250 257.245 373.018
251 47.1582 430.618
252 233.464 624.887
253 398.687 342.523
254 480.024 75.6938
255 96.532 198.548
256 507.328 160.489
257 87.8786 530.812
258 546.712 700.473
259 325.895 586.639
260 210.98 128.916
261 610.538 220.969
262 149.496 562.455
263 567.862 268.319
264 572.786 362.63
265 471.092 591.036
266 351.378 488.558
267 651.892 660.418
268 470.806 483.273
269 276.914 579.037
270 394.071 166.139
271 595.551 54.0641
272 441.775 756.64
273 125.29 493.627
274 712.39 434.623
275 690.348 199.977
276 455.061 475.094
277 705.123 66.2148
278 548.035 476.772
279 93.4444 305.149
280 126.096 577.348
281 773.252 615.432
282 66.2497 636.66
283 264.952 165.558
284 330.646 254.645
285 714.138 458.546
286 460.15 319.063
287 129.844 329.251
288 66.1198 382.795
289 344.922 440.745
290 185.547 262.328
291 743.7 178.432
292 113.683 514.241
293 45.057 478.214
294 315.056 476.772
295 659.898 709.101
296 475.441 617.536
297 466.156 636.173
298 306.037 715.876
299 550.896 627.772
300 91.5086 408.468
301 81.7612 655.264
302 667.785 326.874
303 152.774 469.255
304 671.41 305.976
305 686.421 580.195
306 353.837 673.585
307 546.807 616.33
308 683.254 178.809
309 42.7639 181.349
310 737.905 687.934
311 560.278 644.768
312 434.71 151.847
313 523.821 215.096
314 356.661 682.308
315 104.313 433.975
316 680.013 230.391
317 498.345 736.878
318 0.661907 476.228
319 516.219 451.468
320 474.871 552.631
321 337.951 526.699
322 650.01 492.01
323 696.21 98.6246
324 107.122 771.675
325 289.797 546.026
326 82.6438 518.661
327 11.8907 240.022
328 590.894 557.633
329 330.152 218.737
330 570.942 382.876
331 564.599 396.175
332 290.769 350.362
333 188.194 730.202
334 403.719 623.03
335 533.121 542.882
336 6.14628 335.375
337 115.226 549.18
338 167.037 435.048
339 490.405 243.119
340 246.017 298.955
341 250.366 567.24
342 263.132 557.775
343 489.528 682.767
344 58.7442 42.3955
345 487.329 106.908
346 70.5404 552.716
347 203.251 180.285
348 737.878 363.505
349 35.7679 18.425
350 289.446 773.921
351 688.525 174.73
352 203.823 94.568
353 18.3679 150.04
354 412.746 432.968
355 209.614 373.765
356 335.871 764.772
357 45.4798 682.757
358 5.60257 64.7349
359 661.692 713.441
360 247.8 303.886
361 736.868 229.857
362 182.237 354.768
363 361.283 45.5396
364 124.675 198.7
365 238.452 109.664
366 373.883 692.128
367 142.688 622.439
368 628.637 322.69
369 758.246 478.309
370 608.814 740.755
371 363.176 634.131
372 761.314 289.466
373 760.108 345.383
374 640.702 723.228
375 220.817 65.7179
376 419.322 101.508
377 232.258 278.271
378 668.476 584.298
379 542.386 440.736
380 733.125 445.662
381 475.686 190.19
382 422.155 549.96
383 506.218 412.439
384 445.818 293.991
385 195.631 453.123
386 418.612 580.398
387 241.1 382.403
388 395.811 130.051
389 16.3586 555.515
390 444.683 251.653
391 639.423 268.744
392 184.12 338.684
393 156.99 527.153
394 88.5537 94.5443
395 33.9464 421.635
396 492.884 301.073
397 72.3106 314.581
398 420.69 738.972
399 645.432 461.396
400 46.3571 43.2131
401 511.394 294.842
402 762.744 267.633
403 107.208 698.005
404 233.346 261.17
405 668.621 39.5017
406 727.696 130.679
407 504.066 177.023
408 397.987 306.297
409 500.79 519.432
410 536.428 332.703
411 485.343 710.463
412 285.743 733.426
413 558.106 601.045
414 695.96 239.208
415 669.732 524.183
416 616.141 212.742
417 347.575 414.316
418 383.094 80.0435
419 631.609 400.204
420 575.008 710.047
421 705.451 628.646
422 8.132 294.251
423 81.795 575.103
424 52.8839 380.432
425 761.559 512.671
426 456.708 412.888
427 560.14 88.6719
428 637.399 427.403
429 236.75 651.364
430 753.886 735.757
431 210.037 288.932
432 425.961 89.9957
433 177.462 554.57
434 398.735 227.871
435 502.222 132.381
436 622.355 177.533
437 325.225 595.773
438 50.6805 693.655
439 191.294 301.191
440 120.659 220.911
441 272.449 424.637
442 54.1936 726.453
443 389.866 76.758
444 649.712 38.6605
445 362.415 48.9338
446 622.03 153.681
447 102.288 527.327
448 349.093 496.582
449 314.099 575.954
450 669.661 267.86
451 492.033 214.397
452 437.565 500.553
453 332.254 158.007
454 340.364 95.2678
455 558.011 278.214
456 615.999 328.991
457 757.124 391.055
458 769.493 756.583
459 638.421 535.506
460 307.574 36.6275
461 715.687 73.4008
462 496.619 466.56
463 141.451 763.189
464 493.215 111.744
465 685.547 679.117
466 526.266 333.422
467 313.768 8.66191
468 118.15 680.7
469 463.075 773.023
470 44.8206 94.6054
471 336.014 48.4945
472 442.565 277.042
473 251.477 395.126
474 241.241 408.879
475 699.066 479.032
476 707.212 666.314
477 100.043 10.9687
478 298.474 745.412
479 29.7149 647.109
480 310.836 605.503
481 638.018 89.06
482 7.91924 410.595
483 390.99 430.263
484 682.757 547.951
485 449.506 101.532
486 209.777 687.509
487 347.262 657.922
488 551.157 499.159
489 615.763 451.113
490 573.424 68.3281
491 695.525 605.749
492 517.02 572.502
493 722.724 562.361
494 657.502 566.035
495 658.009 0.307314
496 408.368 65.3732
497 133.746 55.1274
498 734.031 433.724
499 336.435 100.184
500 326.604 341.615
501 645.359 115.891
502 450.049 351.922
503 494.423 149.837
504 115.314 723.275
505 741.383 29.4549
506 769.413 198.464
507 698.976 405.499
508 299.472 674.02
509 51.0771 710.203
510 769.624 118.41
511 664.461 503.073
512 759.63 233.724
513 558.129 153.241
514 401.659 22.5994
515 512.215 587.689
516 309.279 505.541
517 622.194 627.323
518 315.488 622.983
519 231.234 627.984
520 123.703 315.858
521 398.862 133.185
522 20.8264 522.434
523 459.068 119.191
524 538.417 591.958
525 220.155 579.58
526 130.705 377.075
527 774.121 731.417
528 508.297 766.252
529 470.924 131.696
530 197.628 323.791
531 713.843 409.659
532 307.881 26.9825
533 503.278 653.903
534 86.1582 697.116
535 656.99 385.372
536 530.849 245.483
537 211.361 502.87
538 24.136 750.447
539 374.731 229.398
540 399.203 604.653
541 640.088 86.8851
542 513.879 371.566
543 339.646 337.772
544 299.992 25.7198
545 256.179 493.367
546 61.7493 534.632
547 520.944 282.337
548 726.703 663.288
549 213.016 754.527
550 241.076 88.0198
551 373.103 238.854
552 122.87 351.695
553 19.4317 262.446
554 217.507 125.408
555 374.76 10.3068
556 247.46 175.864
557 510.006 438.074
558 448.537 39.0762
559 10.9451 129.294
560 111.531 354.995
561 241.903 699.74
562 19.6208 621.588
563 434.903 483.925
564 130.538 146.92
565 82.6438 136.235
566 695.617 586.331
567 567.966 617.441
568 513.569 483.698
569 151.577 214.221
570 125.266 85.6322
571 771.441 346.343
572 320.459 264.513
573 139.276 588.719
574 247.815 399.083
575 689.335 465.51
576 663.916 221.739
577 301.404 296.44
578 323.419 763.07
579 537.823 383.67
580 464.596 441.313
581 674.49 306.959
582 569.169 139.034
583 755.584 242.494
584 545.27 198.383
585 636.652 189.069
586 154.25 699.282
587 19.1953 760.437
588 160.087 287.183
589 146.991 583.434
590 446.669 9.41837
591 367.902 345.775
592 85.126 661.954
593 488.889 361.094
594 404.819 645.454
595 89.8432 633.431
596 299.466 84.9467
597 770.104 381.457
598 406.758 582.36
599 310.198 457.851
600 11.4415 438.773
601 317.975 477.079
602 209.429 65.8834
603 424.424 672.507
604 542.198 642.32
605 423.68 395.712
606 62.2218 731.549
607 105.314 516.831
608 317.764 422.708
609 356.236 248.249
610 507.848 185.155
611 137.511 653.373
612 228.454 477.755
613 607.364 211.385
614 93.6598 131.942
615 369.147 182.946
616 469.18 172.957
617 543.142 12.4108
618 127.154 155.369
619 457.236 752.139
620 540.163 554.725
621 586.693 291.688
622 559.028 752.234
623 482.002 229.644
624 551.204 412.354
625 44.633 168.834
626 426.694 529.147
627 0.165477 597.877
628 199.754 299.806
629 105.527 680.568
630 45.0017 51.0476
631 446.802 285.315
632 231.438 738.901
633 139.19 599.38
634 772.139 680.322
635 719.587 400.842
636 340.052 753.544
637 12.4817 394.828
638 697.751 344.286
639 11.1106 248.65
640 81.4855 482.02
641 533.56 160.725
642 751.844 503.38
643 488.251 30.7787
644 148.074 46.5699
645 46.1982 399.201
646 562.786 770.753
647 577.254 638.22
648 322.09 520.495
649 95.9541 720.959
650 232.899 215.096
651 88.4052 339.7
652 134.157 743.653
653 489.078 257.657
654 576.735 615.858
655 44.5578 253.699
656 702.094 424.127
657 379.651 99.1777
658 258.806 206.09
659 197.414 338.731
660 474.92 563.165
661 561.534 678.157
662 235.24 408.146
663 475.297 608.586
664 141.128 234.882
665 480.166 635.478
666 689.163 765.519
667 56.9594 32.2916
668 518.194 409.872
669 368.874 548.839
670 709.801 103.338
671 244.031 589.617
672 553.449 498.331
673 390.738 287.599
674 585.386 742.258
675 323.554 508
676 169.544 108.08
677 422.486 653.927
678 485.128 718.321
679 135.479 240.225
680 758.279 355.066
681 667.261 288.379
682 580.712 331.294
683 332.497 350.385
684 268.946 14.3492
685 319.181 220.013
686 701.59 69.1456
687 86.3513 711.006
688 704.813 636.967
689 317.102 315.328
690 193.655 706.666
691 741.361 30.8496
692 253.413 209.527
693 468.164 523.105
694 575.733 300.009
695 4.65699 682.46
696 297.267 765.945
697 522.138 195.854
698 205.368 190.19
699 728.523 12.0798
700 113.302 84.6867
701 669.757 363.883
702 75.0292 456.844
703 767.984 131.436
704 81.7941 9.43217
705 457.732 737.942
706 624.455 424.481
707 305.446 742.622
708 650.111 147.771
709 704.243 732.069
710 380.927 406.269
711 768.059 747.648
712 201.196 464.03
713 0.685547 106.624
714 748.889 486.653
715 140.836 200.251
716 46.0471 564.711
717 156.544 622.831
718 752.793 469.184
719 584.834 276.758
720 430.972 118.917
721 738.546 539.913
722 409.271 318.26
723 428.1 558.555
724 749.502 327.431
725 659.519 168.313
726 283.651 674.058
727 35.7823 750.933
728 442.524 70.564
729 282.139 311.167
730 619.811 520.623
731 88.857 680.559
732 509.198 495.816
733 392.886 380.323
734 15.5785 177.803
735 431.492 339.426
736 144.225 261.96
737 437.594 21.4982
738 638.643 28.9446
739 651.767 713.167
740 742.376 765.259
741 558.958 109.13
742 770.485 421.195
743 114.534 441.478
744 262.996 549.312
745 145.88 253.142
746 233.96 741.761
747 271.926 71.1077
748 390.88 537.667
749 217.295 543.861
750 155.383 157.179
751 611.437 97.3102
752 189.554 713.654
753 278.56 148.135
754 560.281 659.458
755 704.663 322.727
756 436.789 60.4699
757 47.4839 482.176
758 288.379 138.821
759 437.347 11.806
760 404.479 261.416
761 118.67 42.561
762 742.116 269.302
763 109.971 661.893
764 31.0873 131.649
765 425.393 450.239
766 710.109 120.065
767 486.763 206.68
768 364.403 638.277
769 309.126 58.2478
770 486.687 626.259
771 620.538 270.294
772 294.265 405.371
773 30.6381 304.038
774 81.1782 182.791
775 111.58 463.879
776 108.978 297.125
777 639.201 354.451
778 59.125 0.449151
779 263.738 2.34031
780 141.057 371.529
781 729.232 570.503
782 500.189 749.326
783 444.423 298.827
784 91.5428 509.442
785 372.914 360.881
786 562.29 580.965
787 231.526 468.512
788 634.06 692.024
789 309.845 647.639
