1 1073.3 1129.62
2 1409.69 540.748
3 1339.59 1261.39
4 903.332 494.869
5 223.938 774.675
6 962.985 403.084
7 1267.51 578.744
8 1160 221.452
9 1105.66 337.856
10 252.873 223.136
11 1103.77 398.623
12 570.744 37.0896
13 960.519 920.266
14 604.581 418.19
15 623.701 588.094
16 274.409 622.104
17 547.265 1071.01
18 1039.03 1228.28
19 350.13 1178.56
20 621.974 1096.96
21 1228.62 873.121
22 372.129 1245.07
23 509.284 822.38
24 826.539 147.578
25 736.428 328.72
26 285.372 1398.13
27 378.733 179.242
28 303.487 966.706
29 679.592 534.964
30 353.478 735.527
31 59.733 1005.08
32 1139.07 973.596
33 338.933 1066.02
34 1137.43 447.695
35 96.2461 301.659
36 876.105 947.5
37 851.152 1255.01
38 322.36 477.793
39 355.938 815.734
40 37.851 888.572
41 206.174 1331.09
42 927.113 368.901
43 184.853 657.899
44 1342.53 1178.06
45 200.908 889.305
46 332.977 838.968
47 1209.68 206.679
48 1247.36 1399.58
49 299.606 1275.83
50 380.601 258.801
51 772.084 1307.11
52 0.431597 438.718
53 571.746 177.991
54 1170.92 1110.67
55 1305.61 1395.77
56 756.639 468.945
57 896.261 25.0326
58 463.88 1337.91
59 470.915 233.035
60 1075.59 742.433
61 884.392 100.951
62 435.901 977.151
63 1235.32 455.162
64 93.1818 523.888
65 559.609 751.583
66 354.643 766.128
67 57.7477 380.712
68 987.019 847.585
69 173.422 960.319
70 660.177 1210.72
71 25.5937 56.0644
72 751.746 1044.54
73 1081.11 886.875
74 363.096 491.977
75 264.914 1215.16
76 278.466 1304.8
77 53.5182 45.29
78 1027.16 539.453
79 653.191 353.953
80 1348.01 304.405
81 1068.5 241.58
82 675.604 699.979
83 1327.98 657.812
84 479.751 768.372
85 1196.86 1025.52
86 264.101 853.585
87 530.217 717.977
88 1166.69 1230.96
89 385.546 1042
90 222.112 1377.27
91 795.526 385.604
92 904.079 673.593
93 516.215 677.391
94 521.656 1097.38
95 868.552 820.768
96 1106.55 859.482
97 432.128 403.932
98 357.612 851.498
99 664.961 441.092
100 1010.8 1023.89
101 258.176 1069.21
102 1189.85 782.615
103 781.585 449.48
104 1159.53 742.908
105 1181.19 635.613
106 1333.98 1326.05
107 685.117 505.243
108 265.057 1251.07
109 403.629 1164.52
110 742.821 172.525
111 136.102 606.409
112 673.895 175.589
113 1214.13 292.45
114 731.298 869.467
115 631.297 1381.28
116 641.698 308.333
117 727.457 65.8617
118 0.172639 825.645
119 1072.44 411.182
120 484.884 711.647
121 395.238 1138.6
122 272.251 718.825
123 68.8524 1155.47
124 811.47 918.108
125 1395.53 212.534
126 110.662 1151.13
127 1030.38 621.025
128 877.48 186.854
129 688.958 383.085
130 360.944 1357.26
131 1057.12 269.634
132 118.517 167.389
133 1083.23 246.744
134 89.3406 917.23
135 1031.79 828.034
136 296.014 781.81
137 1354.88 341.566
138 81.9914 465.018
139 780.888 745.497
140 1108.67 694.282
141 1246.54 330.862
142 448.99 1238.94
143 834.881 525.657
144 632.796 1262.05
145 39.8304 1120.66
146 990.774 91.8593
147 1013.82 576.657
148 106.722 1043.83
149 963.3 285.689
150 812.006 744.002
151 823.918 1179.25
152 485.849 592.684
153 512.843 42.5123
154 1388.22 730.465
155 1207.29 1247.66
156 694.168 1078.62
157 218.51 216.174
158 300.336 904.541
159 141.175 187.184
160 148.118 1275.24
161 1186.82 386.309
162 1204.56 1399.25
163 1341.27 777.192
164 1268.68 362.082
165 948.434 692.325
166 386.581 654.662
167 759.229 914.871
168 820.509 957.239
169 490.189 946.535
170 239.709 919.345
171 1261.87 21.3795
172 720.823 839.326
173 470.891 507.17
174 571.693 977.496
175 1015.68 1076.81
176 1312.79 1138.6
177 446.826 1016.3
178 655.171 549.078
179 804.41 423.412
180 173.903 343.294
181 136.644 54.9577
182 374.349 1155
183 206.649 174.84
184 647.093 793.577
185 824.48 325.368
186 891.593 844.262
187 922.064 195.902
188 1140.37 495.171
189 804.121 553.021
190 448.516 143.565
191 142.187 885.005
192 209.67 394.236
193 95.9689 1350.78
194 1376.56 1073.47
195 639.75 298.751
196 748.05 1142.44
197 1229.8 1148.38
198 311.268 305.111
199 103.195 1110.37
200 1360.35 1059.46
201 1386.86 197.615
202 54.1287 1262.61
203 659.85 681.405
204 314.462 1301.8
205 877.375 1386.95
206 1050.85 289.904
207 210.508 326.115
208 104.286 711.66
209 1324.69 488.05
210 898.196 257.016
211 263.058 1242.02
212 57.0571 426.634
213 323.568 827.603
214 279.286 340.848
215 171.628 838.506
216 1097.51 1030.74
217 311.348 309.541
218 990.126 1345.22
219 369.274 778.773
220 66.4105 94.8373
221 955.291 57.4024
222 1019 1349.95
223 712.092 1085.7
224 781.037 710.899
225 1192.99 1356.34
226 429.402 1039.99
227 933.082 330.949
228 1109.32 100.621
229 1321.41 188.09
230 1048.12 610.121
231 858.705 763.036
232 1179.51 1014.3
233 1325.48 1387.71
234 1005.53 710.698
235 818.394 771.825
236 409.795 235.279
237 243.84 353.882
238 551.451 530.592
239 441.437 453.365
240 788.756 929.848
241 816.039 352.069
242 34.5649 367.85
243 1078.66 65.1581
244 517.95 1207.48
245 1369.15 84.2632
246 810.317 1219.61
247 1285.47 954.52
248 1199.71 443.164
249 100.648 733.413
250 746.12 983.582
251 44.8861 1223.06
252 572.254 1041.4
253 540.156 541.136
254 912.347 874.042
255 896.038 1199.49
256 267.251 380.468
257 1235.71 988.416
258 1300.19 1384.92
259 558.098 492.409
260 574.443 1295.48
261 331.843 555.236
262 418.501 346.572
263 891.291 484.44
264 1329.41 171.144
265 637.518 613.703
266 1267.06 1294.65
267 43.8934 132.17
268 978.19 1161.05
269 387.876 951.169
270 636.908 228.315
271 512.823 13.1637
272 148.944 183.545
273 1388.19 1318.03
274 976.439 1033.04
275 331.75 169.935
276 172.682 562.328
277 1250.34 999.378
278 763.236 686.729
279 787.966 693.404
280 747.316 122.848
281 519.6 57.7477
282 1027.8 132.846
283 104.662 900.009
284 548.585 731.011
285 337.984 222.907
286 1044.55 444.415
287 325.079 1067.51
288 157.138 1018.96
289 248.686 1135.83
290 1239.43 37.996
291 1397.71 1015.16
292 324.35 1120.54
293 480.626 239.709
294 1319.74 409.37
295 614.076 565.867
296 1386.43 1134.25
297 1308.84 553.998
298 120.262 1067.04
299 552.253 489.144
300 919.049 211.051
301 864.322 386.036
302 919.24 1309.14
303 1403.08 365.045
304 1228.84 963.383
305 976.661 459.564
306 914.295 1134.12
307 915.454 1065.48
308 299.652 1070.29
309 792.008 3.19382
310 1029.72 716.796
311 792.246 248.729
312 738.876 260.829
313 1132.29 844.117
314 324.241 793.793
315 117.999 372.727
316 364.324 621.86
317 221.268 809.605
318 1333.68 723.011
319 762.027 1372.65
320 1238.77 1178.36
321 951.24 1317.81
322 601.007 226.2
323 1181.41 165.906
324 589.642 1004.08
325 144.302 3.88437
326 634.102 936.121
327 571.952 944.479
328 1334.24 1345.99
329 882.357 714.207
330 331.198 874.575
331 185.796 596.942
332 1365.54 1295.12
333 157.139 1181.94
334 63.2721 680.816
335 584.771 111.309
336 565.855 173.69
337 27.2338 482.656
338 872.468 1276.85
339 1157.54 94.1467
340 213.36 706.511
341 1378.75 846.059
342 583.303 1161.83
343 666.213 1246.94
344 648.776 21.9837
345 316.447 731.773
346 85.8757 874.502
347 676.664 1015.46
348 117.086 269.446
349 85.9309 964.015
350 556.156 787.405
351 1314.27 91.4122
352 780.173 730.132
353 311.977 695.432
354 635.853 59.1442
355 897.666 1097.46
356 962.665 504.882
357 115.625 616.034
358 828.142 127.639
359 579.203 914.67
360 479.751 365.075
361 42.9256 26.1979
362 351.236 686.226
363 626.987 325.381
364 369.675 203.988
365 576.54 1138.42
366 613.836 643.224
367 1061.38 672.055
368 601.548 334.185
369 69.6597 870.115
370 47.5006 254.269
371 1017.14 896.054
372 299.433 641.353
373 652.661 293.717
374 278.43 1342.09
375 185.858 505.933
376 1245.35 733.283
377 653.351 738.607
378 1215.25 607.473
379 792.135 774.414
380 785.913 590.856
381 88.7859 625.658
382 693.231 409.37
383 446.981 1285.87
384 132.155 258.974
385 239.666 1160
386 389.775 755.224
387 187.874 1088.57
388 284.053 556.933
389 460.989 1120.96
390 1251.11 1118.87
391 731.384 148.642
392 626.73 520.406
393 639.122 86.8528
394 705.297 246.241
395 414.919 312.692
396 401.428 885.896
397 324.604 840.147
398 506.041 1412.42
399 1338.65 11.9121
400 7.68242 525.442
401 748.719 672.156
402 4.61809 231.179
403 942.478 753.54
404 270.131 671.696
405 1235.49 1260.29
406 17.566 692.211
407 184.539 1173.66
408 301.651 130.86
409 621.666 1361.86
410 992.125 672.847
411 168.886 1269.66
412 1148.62 823.012
413 767.25 1256.64
414 412.305 442.704
415 29.9097 160.699
416 1137.56 761.337
417 727.814 1206.27
418 1123.48 278.207
419 83.5945 597.03
420 349.791 39.0595
421 633.239 833.515
422 690.641 992.861
423 706.048 748.894
424 929.142 426.245
425 58.4382 27.3934
426 1154.78 66.9838
427 608.336 156.799
428 439.952 62.7542
429 902.679 1406.29
430 862.355 1170.71
431 77.7432 994.846
432 1220.77 565.262
433 967.036 101.166
434 1104.9 14.4585
435 186.191 1042.93
436 1274.91 694.871
437 1135.23 353.737
438 1403.91 598.021
439 907.994 1212.44
440 1178.22 533.858
441 634.62 1264.19
442 1113.51 896.054
443 1162.2 188.019
444 1307.97 474.686
445 1269.82 1346.97
446 1127.37 656.863
447 524.11 472.6
448 1195.52 1160.05
449 938.982 331.784
450 1245.85 531.771
451 864.131 620.796
452 106.05 1318.67
453 376.254 532.707
454 1087.54 986.56
455 202.629 1007.05
456 752.101 657.122
457 1016.59 390.625
458 834.826 1158.88
459 212.451 470.872
460 1039.59 562.933
461 1189.44 798.109
462 439.354 1302.65
463 282.178 278.309
464 437.738 444.761
465 1002.12 1162.72
466 22.2704 1402.23
467 767.188 1377.44
468 1092.67 1083.19
469 486.108 843.744
470 1356.42 64.856
471 754.172 1186.09
472 1303.21 508.507
473 893.449 1269.5
474 1020.46 816.295
475 1227.46 857.971
476 789.477 755.122
477 1019.48 357.723
478 612.22 935.372
479 561.008 1094.96
480 59.5172 545.236
481 1318.74 93.3699
482 231.422 1351.76
483 183.947 1280.07
484 741.111 351.825
485 452.4 135.968
486 843.156 590.77
487 990.572 131.119
488 1272.13 634.161
489 395.189 1377.4
490 788.614 504.58
491 871.632 1329.45
492 523.207 1363.82
493 224.646 362.168
494 224.43 1124.96
495 815.663 826.236
496 360.205 600.28
497 921.761 19.6963
498 310.189 671.926
499 1033.02 71.6451
500 1028.11 1224.2
501 21.1482 1295.45
502 1316.54 559.047
503 1108.08 164.497
504 436.154 927.113
505 1279.94 746.49
506 820.738 267.374
507 1395.98 629.586
508 1346.19 281.185
509 48.382 810.468
510 548.449 794.326
511 1352.19 900.931
512 606.782 445.251
513 158.569 723.933
514 1293.97 1138.73
515 931.818 1372.22
516 960.365 857.713
517 433.239 367.893
518 606.221 200.377
519 695.087 184.394
520 938.995 649.942
521 1320.76 921.977
522 636.908 888.529
523 94.9393 69.0987
524 1394.47 1234.45
525 742.131 572.254
526 758.273 236.084
527 96.9015 1095.74
528 575.806 770.027
529 880.778 359.693
530 387.531 613.243
531 1303.55 31.4072
532 792.116 590.138
533 1323.28 1361.13
534 1374.55 249.204
535 1327.94 1088.19
536 452.379 1008.21
537 1017.14 237.767
538 1124.38 396.221
539 271.259 1389.92
540 499.919 1206.11
541 510.018 123.323
542 1306.7 616.32
543 632.505 287.012
544 901.83 733.917
545 464.059 199.484
546 1039.85 118.402
547 972.906 1103.35
548 1235.38 1094.86
549 1043 483.749
550 943.433 625.457
551 920.412 474.081
552 216.662 1392.85
553 1363.88 1306.23
554 595.142 855.743
555 48.5179 326.173
556 1277.79 386.97
557 1290.87 703.935
558 430.931 508.264
559 128.055 1233.97
560 844.512 1137.82
561 789.2 1322.5
562 984.454 1225.95
563 640.145 204.145
564 526.678 480.21
565 535.402 1274.94
566 50.799 1375.13
567 1147.06 262.944
568 1146.61 1366.61
569 658.444 302.996
570 718.474 611.804
571 231.466 51.2306
572 263.342 942.537
573 1034.71 1003.18
574 614.644 624.089
575 1134.05 941.485
576 133.191 284.207
577 983.591 557.321
578 1381.06 486.9
579 1104.15 1158.77
580 987.358 796.426
581 1144.16 122.762
582 151.965 231.465
583 236.694 417.327
584 831.307 180.408
585 1084.65 1151.9
586 42.0807 1249.89
587 1177.35 319.829
588 352.097 272.64
589 413.74 1277
590 743.074 1296.32
591 65.3869 723.529
592 1068.2 713.948
593 1239.72 1199.88
594 569.276 1404
595 194.62 994.544
596 1169.71 9.68323
597 651.668 58.0367
598 1275.63 1183.22
599 365.495 433.684
600 343.255 1377.27
601 366.068 240.788
602 842.995 980.043
603 1055.86 1331.72
604 689.39 130.601
605 1255.04 529.455
606 326.676 479.692
607 76.2881 643.295
608 281.408 996.859
609 81.5535 627.887
610 448.904 1337.97
611 701.707 798.441
612 383.344 156.225
613 284.293 575.809
614 832.119 397.861
615 491.718 884.66
616 262.972 21.4227
617 998.543 110.144
618 423.483 858.419
619 1274.46 1159.74
620 821.415 76.3495
621 1043.4 1293.99
622 1328.81 1335.49
623 271.172 65.8185
624 1095.36 365.938
625 534.212 1334.77
626 967.121 583.592
627 756.935 899.507
628 961.74 976.272
629 1095.78 1277.63
630 944.063 1000.8
631 132.975 1078.06
632 1204.2 89.7159
633 1018.91 370.008
634 528.49 501.429
635 1388.99 700.568
636 513.341 87.7868
637 598.002 409.687
638 872.646 1095.09
639 243.636 496.466
640 562.858 164.972
641 1062.07 550.604
642 884.644 452.415
643 421.785 1221.41
644 406.305 556.717
645 202.246 1315.51
646 509.143 397.069
647 1070.84 1301.52
648 1185.99 408.91
649 1065.22 1095.97
650 1045.39 193.528
651 130.848 254.815
652 1403.89 152.354
653 464.744 945.256
654 1326.43 649.899
655 1038.98 686.125
656 1105.88 1161.69
657 1292.22 144.889
658 1287.76 227.482
659 551.284 1027.23
660 241.004 119.481
661 1261.13 256.183
662 458.183 992.645
663 214.331 246.183
664 634.879 386.467
665 218.315 77.4285
666 1380.03 232.372
667 951.369 50.0375
668 1308.82 1055.08
669 801.174 529.757
670 832.551 989.35
671 729.454 1362.7
672 437.165 1097.13
673 320.676 1197.98
674 342.565 581.663
675 1157.36 1191.6
676 355.852 88.3202
677 456.716 29.623
678 436.258 661.654
679 646.603 1058.15
680 440.574 300.234
681 947.929 9.72639
682 956.505 1414.16
683 1328.37 182.84
684 1359.88 689.276
685 1137 724.58
686 1343.17 1280.61
687 1000.8 416.435
688 855.826 479.849
689 877.919 45.404
690 987.537 779.507
691 1319.91 1335.33
692 990.349 717.789
693 913.913 962.994
694 187.745 1404.11
695 1237.09 236.213
696 933.846 1064.3
697 940.617 230.041
698 842.656 668.084
699 450.563 1172.58
700 671.527 1285.38
701 803.504 252.182
702 890.98 1342.7
703 86.0173 1164.64
704 1375.16 845.485
705 58.6109 406.493
706 427.799 1024.93
707 736.434 459.278
708 977.222 919.474
709 666.558 1164.88
710 962.412 103.929
711 1274.64 124.315
712 903.311 854.894
713 578.858 200.665
714 775.407 216.662
715 700.093 612.35
716 136.557 815.934
717 206.667 961.7
718 433.151 1230.41
719 683.52 521.973
720 964.064 959.283
721 1057.28 172.223
722 1086.05 526.305
723 1030.61 1342.93
724 218.61 872.402
725 1011.4 741.326
726 1001.74 1301.01
727 1118.09 1193.37
728 1192.75 598.036
729 193.46 539.425
730 933.643 1235.79
731 684.124 621.37
732 1244.85 779.982
733 11.1352 767.222
734 154.641 1134.68
735 1252.32 833.645
736 866.033 280.136
737 854.291 1074.72
738 80.8813 312.017
739 469.917 14.1287
740 300.823 199.543
741 654.252 427.108
742 271.733 762.216
743 200.779 592.28
744 1171.82 105.124
745 1113.17 493.59
746 854.13 11.6254
747 269.933 523.845
748 551.23 923.762
749 980.012 173.057
750 708.984 1096.3
751 313.115 1351.07
752 120.385 103.685
753 1121.85 535.525
754 1314.96 858.964
755 1267.99 272.165
756 181.968 687.29
757 595.517 70.5229
758 204.059 1306.98
759 1181.68 706.324
760 615.384 204.706
761 1330.35 397.155
762 104.274 472.657
763 1146.36 1324.85
764 1357.24 52.4691
765 91.3325 1381.24
766 646.748 969.9
767 761.423 720.351
768 1212.4 896.729
769 1169.47 53.2314
770 490.38 223.885
771 750.374 1118.48
772 803.029 102.677
773 650.657 1172
774 156.602 321.598
775 136.169 30.3136
776 710.452 437.568
777 1083.44 77.5303
778 307.618 713.834
779 7.42347 779.982
780 211.008 872.689
781 883.547 293.702
782 73.1557 778.212
783 816.952 316.878
784 985.953 145.06
785 431.64 799.462
786 672.712 1187.28
787 213.382 986.846
788 1143.56 467.074
789 845.11 1359.1
790 642.993 1105.58
791 586.534 1164.88
792 808.899 1177.8
793 1266.18 1023.59
794 224.387 504.753
795 507.614 1383.84
796 480.108 756.978
797 861.64 1145.52
798 250.283 1088.31
799 612.042 897.694
800 170.376 1092.73
801 406.102 580.757
802 55.1089 1191.98
803 786.974 1023.45
804 282.097 1081.31
805 97.1956 1365.72
806 234.098 1196.78
807 247.737 1232.22
808 554.852 630.334
809 955.889 545.495
810 727.284 802.915
811 216.101 626.047
812 405.011 1192.1
813 4.44545 1026.66
814 1058.76 338.747
815 478.641 554.731
816 1177.27 1074.59
817 758.563 185.846
818 204.725 861.267
819 294.769 437.266
820 960.408 1034.84
821 1270.89 182.263
822 512.534 84.593
823 535.149 326.762
824 969.922 734.621
825 118.147 41.3624
826 973.855 522.319
827 1404.53 1188.81
828 90.9501 945.213
829 566.514 136.514
830 932.94 1114.64
831 1109.85 904.627
832 73.501 1284.78
833 627.715 633.368
834 887.622 115.899
835 158.094 1408.49
836 1331.98 668.803
837 695.969 405.673
838 1120.94 68.9415
839 1016.72 537.813
840 198.603 1315.82
841 1016.71 729.83
842 608.983 1320.04
843 986.544 15.3217
844 1148.06 670.544
845 285.594 416.938
846 450.742 729.328
847 467.981 1295.5
848 115.718 1413.06
849 1321.69 38.1963
850 356.326 957.972
851 89.2854 960.937
852 362.757 457.752
853 514.205 71.4724
854 1360.49 857.281
855 50.386 554.617
856 800.052 1014.38
857 99.189 857.786
858 1120.59 513.141
859 371.685 108.201
860 829.371 868.028
861 549.608 1401.89
862 383.998 177.79
863 1327.45 903.678
864 1140.71 568.845
865 821.465 358.441
866 611.832 859.109
867 1005.31 760.532
868 256.282 751.857
869 1275.76 948.594
870 2.93486 144.816
871 29.6507 916.123
872 360.858 1126.55
873 1184.35 861.526
874 318.821 909.174
875 427.799 1367.79
876 753.297 1112.63
877 2.6759 1137.65
878 274.15 151.204
879 626.519 101.253
880 1105.32 1259.53
881 937.093 560.256
882 596.467 1105.81
883 503.927 420.03
884 696.968 1230.71
885 396.397 1258.92
886 283.504 218.763
887 766.473 1048.09
888 530.162 911.375
889 737.47 794.801
890 237.378 484.338
891 737.912 1252.71
892 607.818 28.097
893 454.989 111.885
894 1329.13 884.774
895 1025.87 866.949
896 570.904 1176.75
897 231.595 247.564
898 1061.64 1214.27
899 339.747 278.466
900 848.396 408.781
901 153.174 439.625
902 1216.84 570.183
903 376.094 1367.53
904 288.393 1334.07
905 444.156 537.008
906 1151.03 216.403
907 633.998 1144.52
908 742.822 952.55
909 1027.76 976.231
910 35.1751 779.566
911 570.985 1374.57
912 432.861 912.568
913 501.99 415.615
914 829.832 562.084
915 905.306 894.312
916 1012.32 657.87
917 492.495 1014.48
918 705.531 564.904
919 544.848 534.964
920 450.255 543.165
921 1338.86 521.499
922 112.271 1186.03
923 1014.04 31.5066
924 180.839 1027.43
925 842.866 997.968
926 683.175 339.74
927 829.757 1388.1
928 648.672 461.334
929 631.411 1234.83
930 644.763 1120.81
931 475.786 1205.75
932 966.475 1387.15
933 934.556 140.025
934 565.867 623.759
935 644.935 1304.29
936 1172.09 370.628
937 349.119 68.3218
938 406.041 1348.02
939 1069.23 790.901
940 856.072 1010.12
941 1066.48 468.457
942 236.386 2.41694
943 548.055 1064.89
944 1300.26 878.704
945 263.792 1162.69
946 968.849 214.879
947 362.585 1080.16
948 1071.48 1015.03
949 850.505 1317.32
950 1028.58 177.645
951 880.156 47.6483
952 161.455 1329.53
953 178.839 636.506
954 979.22 305.096
955 1398.18 312.778
956 648.776 100.232
957 1230.44 83.4708
958 672.638 1409.35
959 557.666 675.81
960 622.369 308.505
961 819.257 64.4529
962 1047.41 1115.71
963 937.299 818.351
964 1219.27 413.945
965 1313.09 980.933
966 1287.76 27.3201
967 378.683 339.596
968 1253.1 266.079
969 495.461 378.036
970 692.67 503.214
971 273.891 400.522
972 429.396 425.555
973 1216.24 433.496
974 1178.91 656.761
975 1202.96 423.656
976 1198.63 1310
977 1342.27 642.793
978 1110.14 640.619
979 1115.38 1398.94
980 1330.34 1213.48
981 603.942 276.783
982 301.502 39.0164
983 252.078 459.796
984 844.117 1121.22
985 1110.17 226.804
986 836.866 922.094
987 1013.14 194.348
988 1006.74 1183.97
989 309.541 995.349
990 964.576 1042.39
991 1280.32 1078.82
992 1328.71 515.256
993 1064.79 427.857
994 259.119 723.529
995 1265.8 1052.88
996 368.109 124.3
997 1126.68 958.204
998 745.553 879.567
999 1299.93 689.707
1000 75.0115 162.885
1001 686.671 163.806
1002 668.831 660.158
1003 1097.55 216.217
1004 1236.11 545.582
1005 698.201 1200.23
1006 989.936 224.344
1007 586.238 1307.54
1008 540.853 1346.63
1009 180.925 905.533
1010 865.179 911.462
1011 1300.36 808.726
1012 1362.31 1195.01
1013 265.223 814.898
1014 248.717 834.061
1015 802.327 199.614
1016 761.498 680.385
1017 728.492 995.176
1018 238.532 1186.24
1019 672.305 488.697
1020 186.105 18.4292
1021 452.486 528.175
1022 22.3567 566.702
1023 373.177 1123.85
1024 878.91 1397.79
1025 267.504 196.29
1026 671.164 1372.95
1027 681.707 1186.42
1028 1335.65 204.549
1029 1130.96 837.686
1030 944.55 1173.17
1031 755.856 845.471
1032 793.276 1394.58
1033 193.519 274.526
1034 1054 867.51
1035 179.489 438.432
1036 1274.72 1304.69
1037 1249.12 929.733
1038 908.33 792.153
1039 643.474 766.905
1040 380.021 1101.69
1041 1136.47 120.545
1042 96.8935 1056.69
1043 805.394 287.789
1044 1155.14 926.481
1045 1014.73 475.635
1046 253.269 298.609
1047 225.602 31.5497
1048 602.325 689.664
1049 1035.96 1065.79
1050 1020.96 447.954
1051 742.668 520.953
1052 957.621 584.296
1053 571.218 784.227
1054 1234.45 834.924
1055 707.085 54.0514
1056 153.562 931.704
1057 236.041 492.468
1058 720.07 297.213
1059 237.165 1121.15
1060 626.167 583.837
1061 784.557 1404.46
1062 423.662 1228.54
1063 303.111 1165.53
1064 1199.19 1379.1
1065 1083.22 815.561
1066 244.044 1134.93
1067 320.837 356.342
1068 247.25 1050.94
1069 180.278 102.304
1070 285.207 330.331
1071 351.918 267.476
1072 921.509 704.597
1073 274.97 1283.35
1074 979.854 597.835
1075 850.752 1289.65
1076 76.8242 368.355
1077 1270.81 814.035
1078 1217.92 761.741
1079 199.959 719.876
1080 939.889 1326.9
1081 835.486 621.197
1082 590.893 1273.34
1083 251.578 160.785
1084 657.495 1175.69
1085 655.214 455.437
1086 169.272 1263.93
1087 1309.82 332.906
1088 576.57 834.406
1089 594.229 421.211
1090 1121.12 1170.23
1091 1183.42 1275.97
1092 716.019 745.929
1093 327.724 365.994
1094 543.251 383.015
1095 213.468 1217.03
1096 1328.58 1036.97
1097 602.454 394.02
1098 307.685 886.673
1099 635.619 1014.57
1100 1264.97 422.533
1101 1092.37 1269.62
1102 1037.42 154.469
1103 870.741 311.024
1104 1173.47 684.772
1105 1282.06 855.915
1106 424.044 1388.79
1107 1064 1413.28
1108 639.602 936.824
1109 1208.49 831.832
1110 1069.15 787.22
1111 595.049 288.523
1112 762.502 1064.88
1113 880.199 1298.6
1114 714.207 890.314
1115 304.923 125.351
1116 313.673 387.056
1117 278.793 527.023
1118 358.065 30.3413
1119 544.003 694.698
1120 119.627 486.194
1121 875.488 802.554
1122 835.054 536.102
1123 398.796 1327.41
1124 64.4007 898.93
1125 314.893 650.317
1126 1028.41 36.5994
1127 1055.56 1311.75
1128 521.24 1127.24
1129 583.821 1205.68
1130 721.501 1245.95
1131 98.2626 353.062
1132 635.052 370.094
1133 107.394 115.754
1134 623.911 1087.21
1135 1089.25 761.337
1136 1391.41 1160.43
1137 1303.6 700.454
1138 1312.75 125.15
1139 1256.67 361.579
1140 367.144 784.155
1141 396.379 680.628
1142 738.937 485.044
1143 556.113 776.27
1144 1314.51 450.63
1145 111.314 525.944
1146 1321.29 388.006
1147 808.884 277.776
1148 947.139 300.925
1149 156.67 449.135
1150 264.526 1099.32
1151 1064.15 319.369
1152 858.483 1211.84
1153 811.994 1359.72
1154 916.367 768.172
1155 860.129 461.652
1156 938.723 524.779
1157 1254.18 421.858
1158 295.015 178.74
1159 530.883 274.366
1160 506.652 958.276
1161 6.94871 202.203
1162 1253.87 1073.94
1163 1200.43 243.911
1164 1156.55 994.516
1165 1134.32 761.812
1166 651.736 1328.07
1167 516.319 732.895
1168 674.081 153.923
1169 112.949 983.064
1170 1364.42 813.015
1171 892.024 735.225
1172 1394.89 1005.68
1173 870.963 1159.14
1174 636.778 479.664
1175 472.291 837.4
1176 1007.43 1140.86
1177 1042.09 960.907
1178 1009.73 1233.63
1179 1164.06 1127.48
1180 1142.23 1008.61
1181 352.936 536.216
1182 113.405 609.113
1183 583.131 804.842
1184 130.515 1146.15
1185 858.329 497.588
1186 435.524 291.272
1187 633.159 1241.49
1188 1191.99 820.611
1189 1165.42 732.506
1190 1075.67 1258.6
1191 186.622 145.276
1192 1119.04 15.0065
1193 938.995 889.422
1194 707.924 905.549
1195 721.285 1374.06
1196 1052.97 1174.35
1197 542.086 1029.49
1198 892.037 1022.38
1199 156.115 932.12
1200 1262.45 1310.65
1201 1172.07 706.654
1202 497.077 1205.42
1203 146.743 780.759
1204 70.4798 1390.35
1205 763.964 34.312
1206 1213.69 101.727
1207 294.565 1335.49
1208 127.599 1389.41
1209 834.32 1377.63
1210 407.169 667.551
1211 599.963 249.306
1212 1112.21 11.6686
1213 434.877 265.965
1214 258.483 1026.25
1215 276.179 743.598
1216 1210.07 381.331
1217 393.703 572.168
1218 542.481 1217.66
1219 793.419 1336.53
1220 250.333 167.332
1221 536.087 40.3543
1222 540.661 593.834
1223 1320.04 1110.9
1224 678.47 1266.26
1225 1025.37 910.454
1226 67.7732 446.142
1227 871.653 229.841
1228 608.379 946.19
1229 703.102 85.558
1230 184.107 1098.46
1231 203.979 886.257
1232 758.526 961.311
1233 821.976 497.301
1234 455.464 395.79
1235 287.4 56.2525
1236 278.337 1186.68
1237 1177.34 1097.25
1238 65.9048 1298.68
1239 718.35 1308.95
1240 309.11 924.437
1241 470.139 625.917
1242 1195.23 157.505
1243 1091.43 1030.78
1244 522.362 592.842
1245 768.501 1379.47
1246 703.281 577.002
1247 178.595 1403.53
1248 953.348 1248.7
1249 96.6964 1125.99
1250 1093.15 608.897
1251 655.682 712.049
1252 80.715 505.788
1253 570.029 1328.73
1254 1346.85 1227.12
1255 529.181 365.994
1256 865.568 406.105
1257 590.228 648
1258 272.856 610.753
1259 96.8503 908.425
1260 1371.51 1039.72
1261 755.381 222.272
1262 355.741 706.885
1263 1354.39 879.61
1264 437.516 479.806
1265 876.493 329.567
1266 307.094 841.743
1267 1131.6 30.1409
1268 793.275 1207.36
1269 124.146 654.316
1270 1135.96 1332.86
1271 989.306 1142.01
1272 574.104 807.62
1273 366.469 670.615
1274 158.482 589.289
1275 60.8983 416.377
1276 1207.77 1012.24
1277 859.606 198.133
1278 448.818 886.371
1279 1121.75 1247.11
1280 286.192 979.827
1281 228.688 752.662
1282 1030.74 1102.49
1283 1085.51 474.239
1284 481.255 1153.5
1285 1193.11 743.383
1286 430.481 196.996
1287 897.856 1043.33
1288 185.544 646.332
1289 1146.85 1299.5
1290 954.298 897.678
1291 404.538 980.933
1292 142.612 128.977
1293 1053.14 305.931
1294 1213.21 280.409
1295 1268.14 627.369
1296 971.438 907.405
1297 382.179 827.085
1298 1170.36 508.896
1299 71.8858 1077.89
1300 1351.46 1246.97
1301 454.083 1047.92
1302 6.12868 616.968
1303 934.371 1230.58
1304 97.1406 1219.79
1305 448.281 1410.13
1306 1188.4 1200.33
1307 1039.7 1201.13
1308 1214.64 894.457
1309 662.804 923.331
1310 304.578 12.43
1311 115.15 64.4806
1312 501.213 131.464
1313 1113.69 1051.7
1314 426.504 594.741
1315 320.461 1362.26
1316 321.919 822.667
1317 1245.48 1404.72
1318 559.22 259.492
1319 665.92 271.994
1320 683.039 992.414
1321 1295.49 787.982
1322 86.1347 931.919
1323 177.935 206.017
1324 377.475 239.407
1325 1003.25 491.416
1326 919.536 443.913
1327 358.787 786.844
1328 1314.56 966
1329 770.659 207.9
1330 622.276 1345.5
1331 1000.53 437.05
1332 134.097 533.756
1333 1273.76 403.975
1334 508.594 296.637
1335 957.048 634.102
1336 743.08 84.1182
1337 307.901 1400.7
1338 1141.19 1298.75
1339 27.3201 241.983
1340 277.128 467.349
1341 720.853 1230.77
1342 437.38 334.244
1343 1186.38 387.358
1344 561.335 436.172
1345 643.049 670.874
1346 1052.2 944.766
1347 1256.29 659.48
1348 1125.04 1388.12
1349 397.371 35.2338
1350 328.963 91.1964
1351 831.934 29.9829
1352 205.483 269.575
1353 463.017 567.766
1354 1040.22 512.047
1355 1330.48 267.347
1356 1122.9 854.923
1357 714.793 1378.41
1358 941.831 929.185
1359 1143.19 1309.21
1360 794.762 645.987
1361 426.202 898.801
1362 1087.38 1116.07
1363 856.474 582.11
1364 649.751 283.79
1365 136.859 149.708
1366 599.574 215.626
1367 400.683 623.183
1368 742.174 1197.44
1369 1208.39 1403.48
1370 1154.13 1213.65
1371 1229.11 1213.54
1372 639.897 1111.19
1373 121.926 42.9162
1374 998.586 1394.79
1375 122.834 790.729
1376 556.774 609.329
1377 160.431 830.349
1378 267.892 1052.39
1379 651.452 1049.99
1380 240.227 83.1256
1381 68.5376 1208.54
1382 1293.67 765.523
1383 1206.44 208.332
1384 531.709 0.129479
1385 285.853 34.3274
1386 979.423 315.929
1387 938.656 65.6459
1388 481.928 736.736
1389 970.92 1367.75
1390 1389.55 105.957
1391 1274.59 977.885
1392 1217.36 154.786
1393 1013.13 1326.79
1394 831.428 98.8943
1395 860.043 1259.44
1396 1341.62 1014.01
1397 244.845 244.429
1398 1255.69 281.876
1399 683.304 786.989
1400 46.6556 1057.9
1401 739.412 404.983
1402 812.093 159.173
1403 632.678 662.803
1404 169.618 1249.19
1405 936.047 91.2119
1406 471.304 422.247
1407 427.626 176.955
1408 381.963 384.51
1409 1264.23 1383.07
1410 1199.71 1186.73
1411 783.207 125.249
1412 1270.1 73.8617
1413 1187.17 559.738
1414 1326.64 1049.83
1415 817.056 648.03
1416 172.855 49.9944
1417 1136.75 991.335
1418 948.323 384.812
1419 1070.71 627.385
1420 477.13 499.185
1421 217.913 944.463
1422 390.638 699.202
1423 72.9957 1018.41
1424 1267.51 381.288
1425 108.762 481.03
1426 523.589 936.753
1427 93.6997 1239.69
1428 346.067 770.891
1429 491.503 263.792
1430 400.695 1296.16
1431 1011.48 675.061
1432 394.369 1007.82
1433 208.202 1184.32
1434 735.614 848.735
1435 191.025 656.647
1436 342.257 954.994
1437 641.698 619.832
1438 689.001 657.294
1439 170.826 469.118
1440 1197.38 951.241
1441 659.135 357.233
1442 1018.31 475.29
1443 828.598 782.917
1444 9.75409 526.376
1445 574.024 875.84
1446 478.555 617.717
1447 1013.39 1197.39
1448 733.456 1013.76
1449 200.181 130.86
1450 1096.33 904.325
1451 882.736 436.129
1452 1039.03 923.488
1453 1102.56 1344.86
1454 303.542 200.131
1455 104.582 370.699
1456 670.961 281.777
1457 799.447 1134.83
1458 824.856 465.477
1459 1270.48 477.13
1460 871.61 1057.13
1461 510.795 968.663
1462 651.582 822.984
1463 530.087 991.249
1464 104.101 177.688
1465 495.905 343.853
1466 16.6165 756.13
1467 1132.95 1396.66
1468 982.617 630.175
1469 1406.78 585.865
1470 264.56 1284.13
1471 1110.71 77.7306
1472 550.424 1165.14
1473 1298.8 1114.38
1474 490.596 204.491
1475 1375.68 301.702
1476 475.663 975.668
1477 430.592 872.43
1478 1380.81 956.246
1479 508.421 1403.47
1480 600.092 9.27933
1481 68.4762 735.268
1482 1147.53 344.846
1483 59.3877 582.067
1484 553.739 866.992
1485 161.892 219.51
1486 1187.42 939.012
1487 973.208 349.192
1488 916.342 788.327
1489 691.505 1355.39
1490 1201.63 54.1809
1491 397.765 134.486
1492 1223.88 586.426
1493 64.2216 658.703
1494 10.7468 897.262
1495 475.115 637.598
1496 551.606 1379.34
1497 1022.94 143.392
1498 640.447 58.8698
1499 864.766 34.1825
1500 1149.47 1354.87
1501 1249.76 1357.85
1502 840.776 934.854
1503 1168.66 435.913
1504 710.236 836.465
1505 12.9047 496.525
1506 562.957 1273.61
1507 599.988 741.154
1508 299.134 445.51
1509 346.486 152.958
1510 592.539 1276.49
1511 1357.07 30.0546
1512 130.349 1020.01
1513 1106.56 1014.37
1514 1397.58 974.878
1515 509.92 112.431
1516 87.3 977.481
1517 724.349 1404.11
1518 920.165 835.112
1519 1110.59 344.889
1520 555.422 855.986
1521 487.597 350.458
1522 599.488 979.854
1523 207.641 1370.51
1524 833.451 311.154
1525 456.802 871.151
1526 570.911 1194.55
1527 1344.47 1357.22
1528 975.927 863.641
1529 246.399 575.491
1530 1162.77 164.697
1531 71.0041 278.035
1532 986.156 779.393
1533 1338.73 738.635
1534 776.572 803.892
1535 239.074 914.726
1536 1161.51 645.885
1537 739.369 936.047
1538 897.74 965.828
1539 747.538 22.3999
1540 1272.9 606.28
1541 404.277 759.913
1542 699.46 1334.58
1543 1276.14 401.357
1544 603.337 561.926
1545 437.596 148.642
1546 1068.68 243.35
1547 470.009 1316.63
1548 367.678 556.717
1549 1003.46 611.4
1550 1223.3 708.164
1551 371.254 443.999
1552 162.416 950.349
1553 711.42 915.547
1554 261.591 611.847
1555 522.016 155.088
1556 359.077 296.177
1557 1144.47 780.573
1558 744.944 695.635
1559 1098.2 33.0326
1560 739.061 1130.8
1561 119.38 1367.51
1562 733.801 1209.12
1563 85.4562 821.243
1564 600.135 976.244
1565 1190.07 587.203
1566 643.597 36.9879
1567 1412.12 760.69
1568 44.1463 804.626
1569 1070.14 195.384
1570 366.307 602.941
1571 794.989 964.921
1572 1076.99 99.6557
1573 1393.23 669.221
1574 406.521 1172.91
1575 41.0449 424.836
1576 1115.72 904.211
1577 1125.98 811.389
1578 1147.01 299.242
1579 154.416 722.437
1580 895.434 101.369
1581 433.151 1273.61
1582 788.688 862.158
1583 505.709 1042.24
1584 506.004 568.37
1585 1134.32 56.6255
1586 218.024 560.358
1587 82.9901 1107.95
1588 579.949 1161.36
1589 932.681 1280.16
1590 1407.91 831.444
1591 262.843 639.685
1592 1.89903 977.151
1593 830.263 117.28
1594 428.619 1136.42
1595 1004.93 1124.09
1596 1218.35 4.31597
1597 837.6 626.42
1598 639.583 10.2875
1599 1331.65 1222.53
1600 453.676 393.487
1601 1118.61 1065.51
1602 89.5258 222.158
1603 97.6704 1352.73
1604 444.113 82.062
1605 554.362 672.184
1606 1072.29 575.565
1607 575.861 982.617
1608 883.763 206.88
1609 513.644 1255.26
1610 869.662 1196.19
1611 1352.97 129.868
1612 88.9957 290.206
1613 118.35 818.539
1614 751.626 74.9684
1615 1307.23 736.909
1616 864.618 377
1617 916.509 141.65
1618 477.951 847.024
1619 1400.37 169.201
1620 919.301 1413.28
1621 1186.59 1036.78
1622 421.788 53.2591
1623 1320.91 74.1483
1624 431.4 310.981
1625 876.444 937.083
1626 562.284 1380.51
1627 571.952 171.387
1628 250 689.217
1629 723.406 860.577
1630 657.106 760.317
1631 407.798 714.12
1632 1120.89 267.676
1633 314.418 708.337
1634 353.478 723.184
1635 974.028 1271.01
1636 380.712 428.505
1637 135.09 645.771
1638 903.012 933.085
1639 848.865 592.798
1640 680.752 1093.9
1641 164.088 322.187
1642 1272.61 178.25
1643 998.802 1152.92
1644 1330.48 10.1148
1645 807.302 1147.1
1646 152.915 669.407
1647 141.348 420.822
1648 170.46 742.519
1649 101.432 171.689
1650 15.1491 192.335
1651 207.321 942.953
1652 103.238 566.616
1653 729.954 942.278
1654 885.248 350.759
1655 903.721 857.182
1656 1406.12 468.585
1657 1334.36 442.171
1658 165.172 1200.27
1659 1290.65 1101.18
1660 212.852 695.663
1661 1142.44 608.308
1662 289.707 863.539
1663 665.221 118.187
1664 1050.98 932.163
1665 822.871 423.958
1666 1150.68 254.053
1667 326.891 1232.05
1668 89.4765 267.633
1669 84.9292 114.101
1670 825.429 608.049
1671 58.6604 658.401
1672 1149.39 1135.76
1673 742.698 1329.72
1674 600.58 1309.34
1675 202.592 684.312
1676 696.067 1010.17
1677 26.6727 309.341
1678 974.577 778.875
1679 1211.28 157.706
1680 1242.74 1098.5
1681 1114.51 1236.84
1682 231.016 397.587
1683 85.5796 1086.86
1684 1241.88 390.006
1685 294.596 855.209
1686 117.049 216.532
1687 546.747 1217.9
1688 242.514 1387.64
1689 632.462 711.503
1690 1051.5 840.362
1691 470.743 489.69
1692 616.191 532.979
1693 1404.79 674.456
1694 693.371 1136.44
1695 645.54 728.206
1696 428.198 1251.53
1697 885.939 299.63
1698 532.209 1316.34
1699 487.748 255.462
1700 377.609 491.533
1701 915.676 1198.86
1702 489.949 1136.19
1703 300.589 1172.79
1704 1252.82 263.851
1705 702.467 1340.21
1706 151.275 4.18649
1707 144.283 370.714
1708 560.102 743.08
1709 67.6007 389.473
1710 726.544 144.946
1711 1074.16 1379.94
1712 222.575 709
1713 438.589 871.739
1714 521.431 1115.55
1715 1133.82 969.108
1716 992.5 1011.25
1717 1103.24 1104.76
1718 244.543 119.568
1719 367.605 324
1720 1254.23 521.628
1721 640.336 91.1101
1722 453.072 255.607
1723 216.027 792.153
1724 835.991 440.46
1725 705.667 1392.16
1726 221.409 478.354
1727 780.654 367.418
1728 1212.27 497.07
1729 1375.51 589.259
1730 761.596 1094.8
1731 980.674 251.621
1732 204.929 1352.84
1733 265.722 792.686
1734 15.5375 169.417
1735 319.536 1017.06
1736 383.258 867.007
1737 953.829 920.985
1738 1023.58 1351.47
1739 213.943 514.177
1740 907.864 1260.26
1741 948.33 417.686
1742 914.64 600.092
1743 1053.64 4.9202
1744 664.627 1039.88
1745 966.389 179.372
1746 944.1 37.1173
1747 293.141 458.688
1748 566.934 457.983
1749 1206.01 1128.11
1750 991.076 1010.17
1751 1267.95 797.218
1752 1175.15 806.109
1753 431.912 1091.68
1754 1386.98 1303.83
1755 776.227 265.879
1756 852.904 1014.34
1757 391.964 363.42
1758 456.759 634.377
1759 1295.31 504.38
1760 1249.99 1214.73
1761 312.6 804.022
1762 479.665 95.7282
1763 31.9753 349.205
1764 614.982 183.703
1765 914.418 426.261
1766 1005.53 1317.64
1767 785.285 720.637
1768 290.792 586.324
1769 675.147 1288.03
1770 1069.83 153.951
1771 468.32 229.15
1772 455.551 1298.29
1773 492.668 824.868
1774 584.469 299.01
1775 1221.33 1384
1776 945.499 986.846
1777 1334.11 1366.71
1778 676.707 427.037
1779 1105.33 383.489
1780 847.699 340.616
1781 1260.13 1273.47
1782 41.8404 497.545
1783 107.19 544.95
1784 385.459 857.857
1785 979.552 1244.51
1786 813.992 547.338
1787 1181.41 460.831
1788 897.29 1174.89
1789 979.045 276.468
1790 975.712 122.142
1791 813.48 43.8502
1792 1293.88 314.261
1793 576.916 127.58
1794 1027.24 405.76
1795 1176.32 852.404
1796 1224.96 228.388
1797 278.164 182.911
1798 1253.88 1032.31
1799 780.291 1030.93
1800 1381.58 561.723
1801 355.895 1025.66
1802 394.067 0.172639
1803 1396.3 182.926
1804 978.64 642.561
1805 950.358 1350.55
1806 1105.78 1355.6
1807 107.604 250.86
1808 1071.53 221.193
1809 227.193 96.2461
1810 1378.95 1073.08
1811 293.011 215.108
1812 732.654 420.721
1813 384.091 938.982
1814 429.655 16.746
1815 117.222 1006.33
1816 1306.87 1361.1
1817 32 1039.76
1818 530.007 321.555
1819 857.669 282.049
1820 753.223 1198.2
1821 1020.51 836.364
1822 1157.24 863.625
1823 920.566 251.032
1824 232.545 242.789
1825 731.711 486.798
1826 541.481 363.765
1827 989.35 174.424
1828 950.266 1067.21
1829 300.823 1160.84
1830 1236.7 918.972
1831 302.359 419.512
1832 1276.12 341.566
1833 1110.63 1117.38
1834 418.538 109.151
1835 114.854 703.346
1836 698.386 681.809
1837 1307.73 1069.97
1838 289.898 256.93
1839 1028.28 649.914
1840 430.894 666.157
1841 783.996 1006.31
1842 410.147 470.154
1843 628.794 876.746
1844 877.393 434.375
1845 54.4308 425.598
1846 282.869 385.216
1847 1387.35 880.63
1848 161.806 1191.87
1849 507.866 784.702
1850 933.501 1295.48
1851 1226.72 670.27
1852 694.569 1061.3
1853 51.8412 1309.91
1854 740.892 1095.15
1855 236.318 789.406
1856 347.917 1277.63
1857 1371.84 1158.25
1858 1310.24 614.437
1859 10.6173 873.352
1860 682.104 532.016
1861 77.6443 1164.79
1862 785.42 908.872
1863 376.784 510.191
1864 578.167 1348.19
1865 812.913 175.891
1866 681.492 112.418
1867 135.608 111.454
1868 1044.29 664.027
1869 102.122 8.4316
1870 857.195 1158.55
1871 1188.19 553.868
1872 828.062 268.598
1873 1074.77 35.939
1874 331.078 1035.89
1875 1042.04 314.794
1876 567.852 449.767
1877 437.479 236.962
1878 668.359 397.041
1879 350.241 883.09
1880 301.945 1295.22
1881 304.06 1234.15
1882 375.823 386.581
1883 182.603 429.627
1884 176.32 891.679
1885 503.446 691.332
1886 991.532 446.718
1887 632.851 597.33
1888 1293.07 1088.1
1889 1230.44 1003.51
1890 154.512 120.89
1891 1024.55 361.592
1892 1017.05 559.781
1893 23.522 847.499
1894 259.001 772.056
1895 1157.7 783.262
1896 173.422 405.199
1897 545.292 794.699
1898 51.0579 1086.98
1899 1258.92 8.34528
1900 778.49 348.428
1901 234.148 983.884
1902 1166.75 203.557
1903 591.547 956.332
1904 1392.05 926.222
1905 24.9895 1328.17
1906 892.629 1120.96
1907 1187.61 1203.01
1908 199.139 256.023
1909 1350.73 278.855
1910 379.991 686.584
1911 204.17 1213.18
1912 382.654 1387.84
1913 439.279 592.986
1914 1406.54 379.115
1915 1208.77 425.08
1916 112.715 1066.58
1917 1312.92 332.286
1918 108.029 1301.54
1919 353.564 1192.99
1920 243.982 151.161
1921 779.785 62.9854
1922 455.982 195.5
1923 483.124 366.642
1924 784.773 952.118
1925 658.876 761.164
1926 617.96 904.599
1927 2.76222 916.598
1928 903.03 813.172
1929 906.569 523.37
1930 978.504 700.957
1931 412.046 1338.99
1932 1106.74 1148.21
1933 349.396 1105.42
1934 1380.46 862.935
1935 467.364 622.896
1936 60.4316 1124.27
1937 80.7086 141.148
1938 999.788 570.96
1939 1407.43 487.489
1940 1409.86 38.2118
1941 894.676 509.112
1942 112.043 451.968
1943 566.508 12.7476
1944 1409.89 1112.87
1945 381.868 577.334
1946 1334.02 73.3869
1947 1149.27 967.397
1948 98.3609 287.776
1949 1408.87 94.7225
1950 1292.37 370.498
1951 1348.78 322.532
1952 906.717 14.4585
1953 152.6 797.865
1954 1229.64 991.782
1955 104.921 1128.8
1956 398.623 217.913
1957 354.317 1321.31
1958 146.57 522.938
1959 1033.62 1092.73
1960 1026.87 287.56
1961 673.717 154.9
1962 1237.69 1326.56
1963 1383.02 437.337
1964 281.556 356.629
1965 832.705 190.507
1966 937.126 941.442
1967 603.126 1352.75
1968 1209.81 930.998
1969 573.195 913.117
1970 445.322 479.245
1971 341.467 1026.57
1972 369.706 566.789
1973 435.438 1144.65
1974 1136.22 607.229
1975 1365 12.3437
1976 190.809 95.6142
1977 123.147 774.689
1978 961.247 346.572
1979 1233.76 843.945
1980 1227.1 533.367
1981 893.356 497.243
1982 366.598 78.378
1983 959.853 1380.64
1984 359.958 469.161
1985 413.014 264.396
1986 819.88 40.1108
1987 465.527 315.238
1988 917.187 493.935
1989 33.7264 73.7754
1990 1254.94 594.497
1991 1025.65 556.042
1992 490.738 60.6117
1993 940.801 1342.48
1994 1402.7 719.703
1995 180.531 1037.92
1996 499.703 803.461
1997 803.159 1279.73
1998 152.255 386.927
1999 1164.09 113.655
2000 914.443 1192.04
2001 385.589 1206.24
2002 1372.13 1334.14
2003 1319.65 95.5124
2004 394.511 99.2241
2005 209.842 192.421
2006 69.0866 1164.84
2007 1273.59 1040.93
2008 1148.07 1074.13
2009 1104.67 525.284
2010 824.836 397.703
2011 976.476 792.082
2012 882.314 780.17
2013 1112.31 189.789
2014 871.437 813.905
2015 1342.18 580.541
2016 1109.55 694.153
2017 1270.66 1248.8
2018 918.999 685.262
2019 340.962 795.951
2020 528.836 1046.55
2021 1010.02 750.547
2022 735.756 482.282
2023 9.32249 54.8714
2024 1222.2 1115.74
2025 1077.05 67.4586
2026 971.654 405.414
2027 959.742 425.225
2028 796.426 1309.72
2029 1.03583 1270.94
2030 1086.33 557.71
2031 517.337 147.535
2032 657.279 549.682
2033 1222.54 644.088
2034 970.187 877.178
2035 1389.37 1380.78
2036 66.4659 1124.02
2037 547.135 694.31
2038 1114.6 361.98
2039 563.468 57.3747
2040 705.877 778.083
2041 240.141 1233.07
2042 1349.4 267.547
2043 316.317 309.455
2044 183.796 1328.89
2045 530.605 318.432
2046 1247.89 993.493
2047 453.263 1001.95
2048 501.257 1293.77
2049 1349.39 649.137
2050 1227.39 1168.72
2051 569.184 1236.74
2052 265.518 65.014
2053 1054.56 503.819
2054 751.188 1189.15
2055 1007.87 69.891
2056 790.039 1285.48
2057 837.434 1254.62
2058 1338.99 697.433
2059 232.119 425.986
2060 407.125 1375.89
2061 1209.31 309.557
2062 304.88 305.716
2063 49.7449 1346.73
2064 957.765 26.9316
2065 1306.19 1269.95
2066 724.96 154.182
2067 1131.71 1219.26
2068 1146.41 840.766
2069 1170.97 908.382
2070 878.59 1229.38
2071 1319.82 1295.61
2072 1252.79 797.779
2073 1192.2 475.736
2074 708.855 1296.56
2075 947.312 1149.92
2076 567.1 1113.91
2077 1395.41 917.245
2078 1386.64 530.389
2079 1300.01 146.888
2080 197.456 543.525
2081 899.966 198.507
2082 1266.13 1308.3
2083 1391.43 1358.58
2084 1034.26 1025.95
2085 441.308 237.767
2086 966.487 889.608
2087 1320.94 1155.18
2088 833.321 689.06
2089 643.899 1261.31
2090 1337.06 903.434
2091 283.455 1186.26
2092 735.398 758.618
2093 100.217 1100.31
2094 953.577 625.47
2095 1087.87 1052.71
2096 202.185 1298.42
2097 868.761 281.46
2098 300.823 784.902
2099 833.346 732.133
2100 1377.65 780.845
2101 912.895 636.131
2102 1030.4 1094.01
2103 570.183 1327.75
2104 1236.01 1284.02
2105 60.6458 697.849
2106 1409.98 1083.96
2107 126.598 153.679
2108 1362.77 1203.59
2109 1359.62 151.262
2110 69.2468 616.336
2111 743.21 490.467
2112 1207.51 490.195
2113 2.97802 639.066
2114 447.739 300.65
2115 242.508 230.402
2116 933.779 1361.95
2117 1305.93 938.178
2118 730.382 953.095
2119 603.675 374.339
2120 244.068 1318.36
2121 370.73 652.833
2122 1065.87 704.409
2123 734.319 803.547
2124 800.54 92.1891
2125 729.609 974.648
2126 1241.78 830.322
2127 274.668 1265.46
2128 1019.86 215.065
2129 1187.54 1104.69
2130 339.969 554.617
2131 626.802 831.142
2132 875.433 118.258
2133 808.165 74.5522
2134 1149.77 968.346
2135 669.752 67.3723
2136 1168.38 203.125
2137 999.862 1133.81
2138 1132.1 299.528
2139 1411.77 323.439
2140 72.9957 1350.86
2141 562.932 741.57
2142 901.617 683.261
2143 755.813 1343.91
2144 524.692 216.748
2145 612.22 859.396
2146 579.142 100.174
2147 740.657 1141.11
2148 82.435 188.004
2149 818.782 834.579
2150 184.853 197.067
2151 793.658 955.426
2152 287.918 885.393
2153 1080.93 258.829
2154 328.396 89.0816
2155 955.377 480.555
2156 1308.89 302.953
2157 605.013 760.489
2158 1395.66 342.386
2159 1158.54 1367.95
2160 1303.16 989.522
2161 330.209 179.948
2162 914.252 1395.31
2163 673.162 1403.98
2164 142.847 586.627
2165 536.993 593.548
2166 812.327 540.245
2167 227.372 1153.89
2168 986.014 494.021
2169 728.875 374.41
2170 274.268 622.794
2171 318.605 336.473
2172 517.633 1140.11
2173 78.119 703.589
2174 707.831 1304.95
2175 1240.02 615.5
2176 453.038 174.093
2177 15.8396 1412.68
2178 405.787 1153.59
2179 629.916 326.389
2180 345.685 424.966
2181 523.663 442.057
2182 288.868 1152.72
2183 451.882 723.141
2184 353.953 755.295
2185 312.951 1387.57
2186 816.495 369.404
2187 269.058 1196.08
2188 658.833 432.762
2189 1263.91 1190.13
2190 47.3279 1094.37
2191 1116.53 1182.19
2192 982.358 466.054
2193 690.814 934.121
2194 1268.32 1261.43
2195 1025.34 359.607
2196 1234.39 240.372
2197 932.114 527.066
2198 39.2322 362.541
2199 1413.55 943.341
2200 783.996 572.889
2201 704.964 1219.49
2202 1363.46 1148.45
2203 1366.57 1199.94
2204 436.696 1060.54
2205 45.7924 1061.64
2206 1175.21 676.614
2207 315.799 912.18
2208 1062.16 751.108
2209 1405.54 814.898
2210 155.498 752.878
2211 767.379 1106.79
2212 193.312 542.258
2213 62.4523 329.826
2214 600.308 850.52
2215 200.016 1333.25
2216 404.222 169.719
2217 802.08 131.508
2218 1391.9 199.931
2219 159.734 321.21
2220 484.733 1088.11
2221 769.605 185.473
2222 472.272 712.955
2223 405.658 982.487
2224 560.373 1047.4
2225 987.364 143.938
2226 485.59 717.502
2227 636.088 488.411
2228 57.4951 1009.13
2229 181.9 1136.96
2230 1052.75 386.223
2231 794.311 1131.6
2232 562.63 316.922
2233 616.105 119.337
2234 609.113 1162.68
2235 373.029 905.074
2236 1158.58 1074.52
2237 435.352 271.431
2238 444.138 531.57
2239 1272.26 180.293
2240 910.109 826.681
2241 413.038 293.674
2242 1085.31 367.289
2243 1261.89 624.795
2244 1189.87 693.274
2245 716.882 637.484
2246 830.565 1326.7
2247 225.725 775.207
2248 56.6998 404.277
2249 1241.49 42.9439
2250 315.676 942.435
2251 612.516 814.855
2252 1126.63 629.441
2253 1399.32 1291.05
2254 664.289 1241.42
2255 657.926 467.262
2256 760.93 220.216
2257 249.981 1272.41
2258 1183.2 882.631
2259 1090.83 1204.27
2260 264.507 336.559
2261 841.633 659.107
2262 286.062 1079.12
2263 1284.88 733.989
2264 1113.52 556.315
2265 945.888 544.907
2266 551.02 1330.35
2267 830.313 235.883
2268 1355.17 461.766
2269 459.608 753.584
2270 324.962 260.037
2271 825.3 713.057
2272 797.98 1039.85
2273 1122.2 728.19
2274 1079.66 1300.93
2275 652.747 738.478
2276 1380.12 768.933
2277 478.9 42.4414
2278 777.793 117.006
2279 1194.3 1034.08
2280 1308.85 341.02
2281 517.46 366.01
2282 746.385 595.604
2283 1369.11 927.329
2284 1281.5 405.14
2285 281.444 525.528
2286 716.883 1382.19
2287 757.033 235.997
2288 603.588 26.2997
2289 473.505 1384.09
2290 52.1002 387.287
2291 395.377 1315.33
2292 1402.34 803.374
2293 842.354 670.486
2294 630.699 69.4162
2295 1075.73 823.875
2296 264.871 930.264
2297 893.702 1211.88
2298 590.468 478.484
2299 1059.08 428.764
2300 940.277 1171.63
2301 137.593 1394.51
2302 413.476 596.914
2303 995.435 659.135
2304 495.418 63.1858
2305 1273 1353.03
2306 814.855 923.115
2307 709.379 1175.76
2308 61.632 1142.11
2309 532.375 76.5376
2310 920.467 1046.02
2311 941.763 162.253
2312 1154.65 37.1605
2313 1017.49 1075.93
2314 112.111 1023.36
2315 214.676 742.233
2316 1334.07 248.443
2317 193.571 307.874
2318 1284.83 617.329
2319 629.78 704.209
2320 4.9202 169.618
2321 303.931 21.364
2322 869.625 1136.88
2323 1113.26 1288.29
2324 591.797 262.109
2325 233.556 288.106
2326 1356.16 496.768
2327 817.703 280.322
2328 1149.32 704.079
2329 372.08 88.4774
2330 187.609 1175.32
2331 533.633 1074.09
2332 609.97 352.889
2333 429.18 542.144
2334 518.385 1087.97
2335 7.50979 1028.19
2336 703.244 394.393
2337 825.688 1351.35
2338 24.2296 13.4096
2339 551.538 402.221
2340 392.316 706.006
2341 118.147 197.067
2342 333.279 152.585
2343 1349.65 756.864
2344 1288.62 1000.4
2345 930.868 1113.19
2346 550.631 1290.19
2347 28.6952 1367.96
2348 1051.41 858.721
2349 772.454 146.24
2350 447.517 125.422
2351 937.342 256.226
2352 512.003 490.38
2353 6.17184 120.819
2354 436.554 580.239
2355 153.606 1040.54
2356 555.436 761.151
2357 568.154 157.835
2358 38.2519 722.552
2359 45.677 93.4839
2360 905.959 334.719
2361 1002.78 612.393
2362 341.942 814.18
2363 1051.62 1022.12
2364 813.203 512.953
2365 569.794 19.6377
2366 1022.09 977.092
2367 1247.79 758.806
2368 816.267 835.458
2369 819.979 19.9121
2370 430.748 1251.8
2371 279.669 978.732
2372 710.581 1031.08
2373 376.932 1376.16
2374 254.205 1159.98
2375 375.385 879.394
2376 457.222 207.943
2377 226.416 970.375
2378 1371.58 1318.92
2379 581.429 1253.03
2380 96.7209 732.004
2381 1107.15 159.98
2382 255.068 824.782
2383 640.928 1153.33
2384 719.04 21.6385
2385 41.9946 85.413
2386 528.361 837.859
2387 1242.76 779.177
2388 18.645 456.731
2389 16.1417 570.01
2390 365.045 1404.29
2391 289.645 256.298
2392 841.035 452.674
2393 976.377 521.989
2394 988.918 1403.96
2395 142.341 283.014
2396 350.019 1189.35
2397 816.6 773.955
2398 1012.14 44.7566
2399 440.876 624.693
2400 863.971 56.5392
2401 857.583 1063.8
2402 624.021 1404.5
2403 1334.62 745.944
2404 1227.89 675.81
2405 994.788 503.803
2406 1392.65 127.364
2407 242.706 387.876
2408 1151.93 942.003
2409 36.5563 822.51
2410 1092.83 1156.08
2411 553.566 1228.5
2412 562.716 1104.8
2413 266.61 1007.05
2414 1.76955 14.2427
2415 920.751 1328.28
2416 1096.55 218.015
2417 1253.51 70.3935
2418 1314.9 1167.43
2419 903.296 601.171
2420 512.041 995.306
2421 869.329 1096.57
2422 1301.66 324.058
2423 650.675 868.863
2424 360.125 503.717
2425 109.755 351.335
2426 87.9781 1249.9
2427 114.632 1186.24
2428 111.05 853.397
2429 135.867 149.894
2430 482.001 157.403
2431 326.503 1060.54
2432 187.967 311.499
2433 262.534 970.618
2434 827.889 475.635
2435 675.579 583.405
2436 1058.75 950.808
2437 715.545 367.175
2438 577.131 543.035
2439 1413.21 467.392
2440 1371.7 608.206
2441 1318.27 470.613
2442 1196.56 844.462
2443 278.67 73.8462
2444 1203.57 82.4782
2445 1350.08 269.619
2446 325.881 1206.66
2447 447.091 1285.44
2448 1121.72 226.07
2449 844.635 976.186
2450 1337.22 207.684
2451 1363.29 1230.97
2452 171.689 576.974
2453 1118.69 987.811
2454 12.6026 1244.29
2455 710.624 812.367
2456 1399.72 407.989
2457 858.224 865.583
2458 208.153 108.433
2459 1283.18 259.519
2460 39.9167 1231.17
2461 1009.6 939.775
2462 204.318 1106.76
2463 568.413 1024.45
2464 1374.85 530.275
2465 1166.52 1221.98
2466 1092.89 605.66
2467 903.98 694.843
2468 1270.19 1060.62
2469 642.068 1122.93
2470 1368.64 959.671
2471 1367.04 57.3592
2472 497.613 584.484
2473 118.017 512.666
2474 1140.82 381.936
2475 864.896 423.958
2476 662.07 945.99
2477 794.663 1295.41
2478 595.086 8.47476
2479 1334.76 568.758
2480 983.11 154.771
2481 1165.45 751.755
2482 749.444 511.371
2483 284.811 55.7346
2484 1408.32 1067.66
2485 1.68323 1059.93
2486 546.309 433.511
2487 508.051 601.603
2488 1053.92 885.134
2489 369.318 1106.36
2490 130.644 496.74
2491 812.389 55.935
2492 1058.98 462.385
2493 1.33795 1182.25
2494 955.469 476.138
2495 1227.7 960.06
2496 728.363 825.142
2497 603.952 188.494
2498 1032.77 721.371
2499 1373.82 1157.47
2500 734.338 1198.11
2501 440.186 923.876
2502 609.119 918.568
2503 641.482 1273.86
2504 72.2925 448.041
2505 727.5 293.788
2506 218.518 1221.64
2507 798.066 612.609
2508 359.736 346.357
2509 901.951 271.259
2510 230.171 1018.61
2511 1090.43 243.766
2512 529.631 517.845
2513 1225.54 770.416
2514 1413.87 10.272
2515 1060.39 334.574
2516 421.023 799.576
2517 188.386 1059.28
2518 13.7248 681.248
2519 612.522 165.172
2520 47.7778 1183.83
2521 1186.07 244.974
2522 950.851 845.514
2523 635.742 339.337
2524 1384.65 1348.5
2525 6.17184 1271.4
2526 292.228 1375.9
2527 22.2397 732.204
2528 1164.49 1188.37
2529 1366.87 880.042
2530 985.595 1221.85
2531 273.657 548.085
2532 1270.16 884.385
2533 1384.48 841.614
2534 797.893 980.631
2535 248.729 614.206
2536 1402.81 243.075
2537 1189.22 330.23
2538 1111.62 148.297
2539 895.101 547.265
2540 376.137 206.75
2541 301.81 821.215
2542 1046.5 1123.89
2543 1279.86 116.833
2544 1065.74 1083.93
2545 416.627 322.532
2546 934.58 1239.33
2547 1030.7 888.572
2548 637.382 1041.57
2549 324.814 325.742
2550 1409.03 692.281
2551 226.07 459.823
2552 493.482 1230.48
2553 161.861 1194.75
2554 1256.51 124.516
2555 1383.1 479.332
2556 572.057 879.249
2557 717.807 214.719
2558 767.114 1177.93
2559 849.426 771.322
2560 1157.48 421.945
2561 1413.54 427.167
2562 1212.79 95.5124
2563 1095.63 186.666
2564 753.87 1142.01
2565 1381.11 1407.97
2566 143.068 1258.51
2567 986.267 1346.9
2568 489.388 1084.1
2569 1020.17 303.299
2570 70.7819 231.136
2571 231.552 17.2362
2572 251.27 1282.07
2573 811.575 1104.93
2574 965.544 340.459
2575 1370.36 1211.57
2576 482.871 290.61
2577 735.429 88.9676
2578 46.3784 1310.54
2579 700.482 1121.56
2580 139.19 120.345
2581 1297.16 231.379
2582 1352.11 640.333
2583 1331.46 913.777
2584 959.705 321.383
2585 472.315 413.399
2586 531.253 934.509
2587 1003.27 334.028
2588 826.379 460.745
2589 1291.19 1149.47
2590 983.628 725.86
2591 511.196 1153.1
2592 319.727 525.728
2593 246.917 300.564
2594 411.916 499.891
2595 951.757 654.56
