1 122.532 33.411
2 163.725 346.458
3 717.873 349.778
4 43.7291 423.943
5 415.007 555.595
6 2.26562 144.9
7 761.012 164.981
8 524.069 554.095
9 619.578 670.431
10 545.113 400.334
11 133.344 675.645
12 657.056 88.0315
13 143.971 755.679
14 426.891 270.209
15 703.024 163.236
16 312.684 229.755
17 13.8121 540.509
18 719.183 703.078
19 331.334 643.055
20 386.738 302.818
21 174.234 740.531
22 793.839 717.165
23 603.635 636.693
24 620.819 301.736
25 335.912 334.728
26 495.227 856.185
27 121.17 438.973
28 826.818 348.059
29 235.57 466.28
30 192.525 125.239
31 766.843 504.307
32 250.7 57.3228
33 74.9795 197.555
34 376.857 453.972
35 703.706 614.503
36 862.809 532.338
37 226.043 799.628
38 217.144 557.562
39 167.683 842.702
40 106.171 329.507
41 554.175 737.281
42 208.603 517.98
43 490.205 788.3
44 86.0115 77.8226
45 97.3669 729.176
46 772.248 373.062
47 767.049 529.092
48 354.719 144.153
49 597.766 810.19
50 660.987 485.524
51 349.697 801.346
52 368.036 244.796
53 643.244 751.066
54 64.9407 172.134
55 663.334 726.198
56 263.385 704.39
57 154.717 163.243
58 248.554 604.183
59 719.538 841.638
60 521.65 594.058
61 363.863 409.831
62 76.8126 352.672
63 409.05 519.9
64 491.147 788.38
65 69.2367 233.77
66 789.827 570.335
67 244.936 496.5
68 492.321 752.294
69 715.061 823.347
70 616.71 828.153
71 636.229 204.042
72 526.688 891.891
73 259.263 674.064
74 163.318 258.799
75 434.324 591.735
76 318.797 121.907
77 668.554 382.209
78 796.506 201.558
79 681.466 882.692
80 458.173 738.047
81 179.089 599.49
82 138.039 313.722
83 817.986 86.021
84 114.077 747.656
85 681.268 680.069
86 345.984 744.733
87 479.084 794.713
88 888.865 188.349
89 540.64 691.132
90 21.073 837.295
91 179.721 225.715
92 441.522 836.831
93 741.856 61.1443
94 75.4478 272.948
95 379.462 710.778
96 202.814 865.631
97 712.441 123.226
98 610.469 418.73
99 238.463 346.284
100 447.057 455.58
101 298.434 35.5402
102 773.491 352.126
103 274.112 200.768
104 83.4289 499.555
105 562.801 448.157
106 257.625 856.321
107 487.519 311.32
108 750.492 647.093
109 655.364 285.306
110 116.556 846.877
111 431.614 237.946
112 733.514 292.237
113 263.03 376.556
114 17.1423 625.337
115 503.895 362.119
116 856.374 392.498
117 364.493 874.94
118 810.35 667.185
119 366.858 656.264
120 877.264 492.43
121 458.228 176.72
122 883.931 413.079
123 378.14 266.144
124 372.991 838.769
125 623.918 665.2
126 129.386 192.86
127 505.333 488.544
128 762.803 259.045
129 130.833 829.543
130 208.666 213.25
131 744.422 628.486
132 546.723 116.502
133 387.803 856.842
134 58.9606 104.218
135 726.751 533.102
136 194.98 97.6672
137 300.153 257.655
138 424.502 657.111
139 209.94 627.303
140 698.683 719.101
141 737.835 87.5947
142 370.578 711.322
143 200.731 320.544
144 141.369 206.444
145 260.649 303.704
146 235.351 814.503
147 93.9275 631.288
148 791.2 602.356
149 370.797 213.149
150 243.513 165.419
151 833.174 581.447
152 539.385 810.736
153 422.772 8.07979
154 306.65 393.289
155 448.265 890.389
156 875.714 255.962
157 108.321 701.306
158 780.773 190.066
159 48.3423 498.547
160 680.666 38.5974
161 304.359 523.494
162 15.0677 688.693
163 406.064 673.407
164 489.896 448.783
165 626.524 582.045
166 602.488 283.676
167 532.863 474.089
168 686.072 591.435
169 251.429 345.093
170 432.451 349.342
171 535.71 770.664
172 461.776 157.61
173 32.0189 9.52651
174 523.255 15.4226
175 194.27 596.01
176 643.572 784.451
177 298.543 82.6814
178 757.858 306.377
179 458.828 554.421
180 613.054 334.383
181 134.081 41.2451
182 310.417 611.255
183 740.183 462.104
184 308.151 368.26
185 759.66 241.939
186 58.3076 262.841
187 562.335 13.1045
188 743.313 475.352
189 480.939 673.252
190 8.84409 763.786
191 853.304 557.205
192 314.457 523.139
193 783.003 56.9428
194 103.536 883.893
195 242.072 17.1423
196 700.048 145.709
197 757.726 344.485
198 336.458 270.757
199 520.619 540.584
200 610.431 450.967
201 507.511 92.5921
202 326.249 513.942
203 269.226 577.851
204 798.043 515.005
205 480.338 126.574
206 508.699 155.126
207 180.109 249.22
208 179.612 824.493
209 790.973 444.452
210 64.2016 299.282
211 596.258 226.452
212 126.373 818.133
213 435.599 336.649
214 521.529 350.49
215 341.207 544.376
216 143.309 765.151
217 547.444 882.091
218 404.481 67.2336
219 710.877 849.405
220 412.861 245.424
221 479.452 145.873
222 435.635 390.914
223 543.557 113.01
224 730.851 809.537
225 8.29816 868.468
226 651.162 798.862
227 874.131 101.191
228 232.703 634.127
229 362.253 814.748
230 712.277 25.8772
231 252.139 751.748
232 842.618 308.625
233 742.167 805.522
234 275.777 827.114
235 337.85 478.784
236 378.686 168.038
237 701.474 224.978
238 237.207 741.512
239 404.882 380.844
240 818.289 98.4588
241 750.116 663.091
242 177.375 531.656
243 153.646 448.674
244 623.154 714.461
245 604.838 282.547
246 411.933 333
247 562.528 575.66
248 712.103 74.3286
249 612.344 711.706
250 778.371 742.114
251 72.2541 398.505
252 132.852 404.344
253 243.049 205.216
254 710.093 266.526
255 596.897 802.14
256 568.479 766.379
257 524.065 583.712
258 415.208 581.745
259 352.699 890.499
260 89.2871 506.9
261 90.1333 648.485
262 756.989 582.455
263 774.906 129.55
264 888.384 113.181
265 525.705 61.3375
266 777.079 278.891
267 115.941 846.194
268 672.588 632.871
269 223.15 667.704
270 143.855 587.07
271 830.849 226.973
272 223.418 254.35
273 575.357 861.862
274 227.763 94.5648
275 163.834 59.4247
276 302.146 53.8289
277 887.784 157.627
278 765.535 877.424
279 42.9375 460.357
280 400.588 575.439
281 368.067 119.159
282 621.325 366.24
283 260.871 136.976
284 462.165 642.098
285 706.982 267.561
286 823.452 244.505
287 659.611 500.82
288 316.64 791.355
289 103.29 87.4856
290 279.735 683.971
291 194.652 582.375
292 860.225 708.348
293 583.683 128.194
294 419.357 729.34
295 431.068 536.76
296 714.217 216.899
297 647.183 93.9821
298 479.737 259.208
299 541.291 378.931
300 379.04 39.8152
301 97.7764 59.8362
302 292.355 168.01
303 176.145 884.521
304 409.858 135.664
305 472.094 203.061
306 308.945 223.725
307 531.546 540.063
308 212.395 450.341
309 186.681 535.859
310 424.407 432.46
311 378.767 628.558
312 668.668 37.3711
313 109.898 705.535
314 298.324 74.085
315 491.721 623.893
316 316.964 118.415
317 581.993 19.6262
318 602.026 412.945
319 607.63 218.511
320 570.116 143.125
321 158.043 223.561
322 467.427 291.992
323 196.617 265.896
324 556.838 473.816
325 636.918 594.929
326 776.311 850.182
327 317.296 790.198
328 551.444 731.059
329 184.514 811.609
330 283.693 435.381
331 522.158 146.037
332 577.405 169.104
333 230.984 47.8782
334 298.654 484.899
335 866.11 741.321
336 774.958 813.82
337 69.0877 347.133
338 662.66 314.293
339 597.932 476.6
340 261.501 424.908
341 516.254 184.388
342 747.765 253.669
343 443.542 291.899
344 319.015 452.304
345 640.397 82.927
346 702.513 398.885
347 690.11 252.441
348 572.829 654.008
349 638.522 14.0598
350 270.142 681.841
351 432.569 507.972
352 478.175 698.329
353 418.347 769.573
354 120.481 803.311
355 88.6593 73.9485
356 166.48 639.452
357 160.859 354.749
358 712.978 558.898
359 674.335 452.386
360 726.389 498.301
361 819.389 460.195
362 101.68 516.044
363 575.139 539.246
364 125.346 796.906
365 228.239 402.982
366 394.354 72.9092
367 816.659 134.063
368 418.749 481.841
369 798.895 768.845
370 424.382 399.076
371 870.811 600.006
372 349.218 164.025
373 399.647 871.88
374 411.223 574.977
375 639.559 326.03
376 778.171 34.505
377 377.867 832.302
378 843.637 637.211
379 648.525 744.859
380 251.866 549.51
381 708.51 512.577
382 506.629 414.144
383 882.528 724.369
384 468.705 764.061
385 816.304 626.95
386 727.189 434.045
387 237.835 846.769
388 790.209 882.089
389 831.317 856.14
390 755.351 182.753
391 542.219 519.156
392 829.552 200.577
393 52.0819 53.0121
394 252.739 4.53123
395 29.5076 617.369
396 503.647 102.064
397 412.766 224.705
398 694.998 850.289
399 443.261 377.05
400 57.6861 409.012
401 540.666 604.51
402 833.088 420.941
403 230.765 722.104
404 427.242 740.722
405 603.036 151.878
406 494.15 653.371
407 691.887 16.0504
408 809.426 145.138
409 122.48 893.474
410 841.144 13.3753
411 385.182 836.722
412 231.038 506.979
413 680.367 254.541
414 794.66 335.668
415 585.048 358.898
416 534.48 807.544
417 641.117 789.745
418 396.647 52.0021
419 678.591 264.915
420 538.238 633.69
421 861.508 88.0609
422 818.133 169.075
423 64.842 443.954
424 787.937 438.874
425 778.098 290.063
426 112.981 696.12
427 736.195 470.184
428 367.96 694.864
429 673.655 834.732
430 610.375 838.36
431 89.7743 221.214
432 658.776 409.394
433 449.839 424.052
434 458.36 97.9695
435 121.115 481.678
436 250.009 491.939
437 690.604 368.424
438 563.784 69.3606
439 585.102 65.2136
440 769.709 773.722
441 232.771 293.932
442 595.569 629.27
443 843.246 334.793
444 537.442 88.905
445 754.933 564.96
446 156.313 481.757
447 754.734 426.02
448 625.05 240.128
449 154.035 509.764
450 164.624 667.456
451 178.11 551.391
452 337.55 236.855
453 128.485 408.113
454 750.32 691.559
455 300.836 491.968
456 222.917 671.88
457 796.647 407.746
458 194.242 87.3218
459 686.625 691.095
460 194.728 457.627
461 18.5617 716.319
462 779.481 802.631
463 142.652 374.921
464 585.277 780.873
465 849.253 358.759
466 482.631 378.722
467 314.457 739.412
468 454.734 387.721
469 751.557 748.09
470 193.096 179.723
471 788.735 865.247
472 573.913 245.699
473 151.57 618.352
474 277.352 367.578
475 639.985 46.2425
476 655.145 441.222
477 814.221 836.995
478 862.78 671.414
479 480.5 528.491
480 336.185 766.272
481 607.076 117.439
482 92.1533 30.6635
483 486.998 312
484 506.242 702.569
485 632.626 857.604
486 395.698 769.3
487 584.065 27.5171
488 134.927 424.628
489 286.131 305.476
490 195.16 126.711
491 413.934 343.066
492 472.905 659.54
493 91.9475 733.052
494 160.449 78.1795
495 295.049 308.015
496 137.424 300.863
497 93.1234 368.204
498 5.18635 643.708
499 606.221 754.041
500 652.181 197.711
501 668.447 602.954
502 616.124 684.779
503 796.023 59.4247
504 190.667 756.225
505 96.2583 792.993
506 784.285 689.102
507 372.945 2.81155
508 508.281 104.846
509 843.309 755.542
510 330.562 633.174
511 821.764 276.981
512 713.56 629.159
513 144.836 178.795
514 560.435 603.912
515 64.4871 642.755
516 832.252 543.284
517 357.369 82.3559
518 771.481 455.58
519 446.358 100.288
520 333.85 754.068
521 448.84 693.172
522 238.108 814.123
523 500.351 359.114
524 15.0404 458.228
525 892.873 636.913
526 793.839 471.166
527 614.618 15.3701
528 631.561 763.868
529 757.615 45.2052
530 732.512 304.141
531 299.605 773.451
532 96.6614 874.128
533 881.692 483.805
534 223.74 648.976
535 172.787 723.607
536 223.45 117.812
537 342.012 283.231
538 108.168 755.296
539 302.503 332.72
540 406.744 156.792
541 51.4268 549.237
542 585.862 530.402
543 264.449 182.478
544 188.674 783.059
545 607.007 494.289
546 587.41 703.597
547 410.868 377.348
548 140.451 116.72
549 615.402 429.385
550 70.8346 159.903
551 157.703 201.724
552 88.5774 275.996
553 807.758 848.241
554 19.053 281.946
555 93.0226 596.241
556 76.5669 239.81
557 111.998 739.276
558 156.164 454.47
559 48.2877 330.753
560 110.114 718.503
561 886.786 412.071
562 592.936 557.342
563 714.406 108.588
564 14.4945 147.156
565 787.693 572.983
566 838.601 734.834
567 880.766 233.631
568 182.501 100.206
569 631.28 206.146
570 23.2567 564.93
571 459.756 246.843
572 697.424 501.93
573 505.365 218.648
574 659.099 650.48
575 620.567 855.887
576 708.789 187.475
577 775.145 7.50656
578 415.509 218.673
579 349.405 414.665
580 34.9123 785.898
581 375.286 163.509
582 217.117 855.559
583 761.484 81.537
584 302.723 781.392
585 758.872 257.409
586 833.392 333.43
587 654.272 50.9354
588 455.899 617.751
589 885.51 845.568
590 360.479 628.486
591 323.192 351.473
592 126.875 745.033
593 555.677 437.457
594 15.2588 457.91
595 227.053 341.755
596 667.183 525.077
597 342.681 95.4583
598 2.53858 105.201
599 886.967 815.267
600 178.866 870.135
601 286.014 29.8646
602 489.457 15.3155
603 232.731 619.851
604 155.248 138.749
605 403.267 443.926
606 273.403 144.945
607 16.5963 679.985
608 378.631 317.571
609 390.15 130.969
610 57.5412 579.616
611 681.022 591.192
612 29.726 837.188
613 345.067 612.208
614 566.062 247.525
615 800.09 856.403
616 578.442 418.732
617 701.34 521.831
618 317.039 647.147
619 781.965 3.79423
620 313.789 452.031
621 455.704 157.829
622 561.029 863.719
623 809.944 37.7953
624 329.415 811.527
625 745.197 607.95
626 601.707 409.069
627 482.631 231.393
628 337.438 228.556
629 315.725 707.91
630 825.476 873.682
631 615.101 266.36
632 98.3475 678.921
633 142.024 480.968
634 60.1092 77.0877
635 52.8714 406.148
636 880.584 202.377
637 153.543 392.254
638 178.219 712.252
639 14.8766 85.8751
640 88.1134 622.935
641 64.7727 201.667
642 53.2661 662.297
643 697.182 370.879
644 61.4299 303.893
645 31.0908 378.549
646 891.737 288.909
647 412.703 501.331
648 267.943 240.565
649 432.705 874.119
650 672.594 623.756
651 836.508 25.6063
652 373.308 565.203
653 62.1942 9.25564
654 833.856 221.921
655 413.161 743.204
656 763.131 392.234
657 887.347 501.056
658 669.646 640.298
659 5.21365 66.715
660 599.74 663.118
661 521.098 113.445
662 535.859 170.494
663 345.501 882.089
664 265.978 126.929
665 859.714 806.341
666 594.383 722.786
667 193.993 96.8304
668 188.813 355.729
669 322.602 316.531
670 845.102 708.974
671 469.638 398.803
672 574.675 257.682
673 532.519 739.137
674 824.29 327.343
675 35.5654 210.921
676 764.632 158.32
677 213.056 565.421
678 475.397 335.259
679 518.36 30.4903
680 262.184 107.332
681 277.006 557.915
682 2.89344 174.534
683 737.125 743.723
684 49.98 254.352
685 184.634 498.709
686 202.431 25.2766
687 373.638 190.421
688 745.209 334.656
689 708.624 831.873
690 547.053 81.5097
691 506.352 495.606
692 612.781 228.336
693 554.952 42.3643
694 669.776 546.641
695 865.659 660.96
696 714.07 710.748
697 527.546 712.987
698 564.571 205.38
699 325.348 395.693
700 175.912 773.367
701 660.26 459.429
702 572.729 838.308
703 817.342 366.812
704 340.869 747.683
705 137.083 387.805
706 848.869 771.118
707 629.531 883.59
708 59.6892 489.703
709 378.377 18.5617
710 12.3381 854.44
711 231.066 868.141
712 193.988 626.268
713 805.119 97.0688
714 824.647 786.196
715 751.614 867.679
716 418.089 541.437
717 561.272 295.242
718 893.774 436.038
719 44.5753 606.505
720 137.72 212.95
721 545.44 156.794
722 58.7695 559.118
723 410.864 729.858
724 613.245 457.664
725 61.1443 22.0283
726 518.144 448.984
727 136.456 4.39475
728 716.262 792.695
729 237.398 45.9423
730 78.969 517.434
731 222.738 816.525
732 809.642 408.957
733 409.386 215.479
734 696.42 745.39
735 880.204 560.21
736 648.458 581.365
737 78.4357 521.585
738 886.072 619.987
739 200.861 33.2199
740 327.2 826.523
741 803.681 873.818
742 622.28 815.815
743 373.883 427.355
744 369.678 188.021
745 517.426 60.464
746 303.519 623.536
747 51.2756 272.202
748 782.236 362.662
749 370.797 866.696
750 495.91 70.3433
751 891.851 806.261
752 684.905 343.91
753 510.234 422.715
754 193.014 362.389
755 609.518 871.989
756 229.239 213.896
757 227.817 232.105
758 47.2588 43.7564
759 162.744 548.309
760 676.928 683.07
761 850.698 360.699
762 229.736 138.614
763 513.457 827.908
764 805.997 531.983
765 635.246 170.497
766 718.337 487.546
767 202.077 239.418
768 10.9186 123.41
769 761.302 310.583
770 796.269 531.903
771 522.005 624
772 802.492 599.817
773 363.208 276.869
774 216.857 644.993
775 752.313 210.757
776 273.115 830.308
777 85.7953 883.563
778 837.841 52.6572
779 67.3659 753.004
780 450.749 865.22
781 258.211 377.512
782 434.572 305.458
783 889.69 541.783
784 575.958 174.644
785 688.393 893.447
786 48.6614 290.272
787 608.359 214.824
788 198.665 140.577
789 515.632 217.445
790 239.992 36.716
791 35.7942 805.197
792 523.248 586.74
793 120.708 190.259
794 17.8793 104.957
795 785.073 718.392
796 356.485 711.731
797 317.615 270.293
798 48.4367 249.848
799 831.299 292.567
800 183.105 806.971
801 106.675 561.054
802 739.194 731.03
803 775.687 150.131
804 92.4535 836.451
805 61.9821 367.523
806 505.176 508.372
807 134.054 798.78
808 211.03 519.672
809 373.243 405.766
810 51.7816 54.0472
811 244.523 738.538
812 113.308 448.212
813 668.22 394.936
814 238.572 885.474
815 687.07 20.3905
816 683.324 126.631
817 538.635 564.657
818 689.293 884.63
819 259.981 193.426
820 516.777 386.74
821 49.7491 387.066
822 511.698 62.2635
823 568.223 137.384
824 758.654 40.6173
825 219.273 282.467
826 116.88 414.99
827 434.83 119.559
828 867.71 160.64
829 123.708 237.715
830 870.431 79.0803
831 894.425 127.832
832 756.724 200.002
833 893.741 376.038
834 823.565 308.888
835 430.03 260.519
836 76.8945 435.408
837 190.394 693.661
838 853.81 651.108
839 188.164 849.552
840 675.836 709.522
841 254.513 194.816
842 135.345 377.596
843 78.1774 845.077
844 749.644 777.871
845 534.003 186.52
846 760.92 825.34
847 892.218 660.907
848 514.438 352.756
849 34.9123 530.074
850 525.151 517.461
851 294.803 45.5307
852 572.046 303.402
853 168.057 292.783
854 343.305 535.996
855 339.051 575.087
856 666.65 383.135
857 713.606 106.677
858 71.559 85.3585
859 873.018 791.521
860 688.72 35.7858
861 837.05 829.161
862 17.1968 271.03
863 739.576 801.048
864 385.386 426.184
865 668.004 689.132
866 462.595 644.8
867 248.401 116.231
868 552.046 500.565
869 27.5696 716.453
870 224.132 567.824
871 552.939 430.058
872 540.254 712.987
873 323.756 682.499
874 30.0808 348.441
875 703.221 234.805
876 731.821 545.631
877 746.78 683.397
878 271.015 764.004
879 532.72 72.3926
880 445.352 818.135
881 255.15 484.708
882 323.983 351.989
883 794.868 68.8714
884 732.04 538.345
885 457.327 604.101
886 728.5 651.599
887 367.139 83.6661
888 16.4598 340.445
889 122.753 337.77
890 172.657 665.466
891 793.174 454.9
892 168.747 167.028
893 585.703 328.735
894 330.45 476.901
895 751.832 186.929
896 549.707 857.333
897 486.807 847.04
898 340.607 666.856
899 698.639 866.257
900 561.111 419.849
901 767.635 564.002
902 433.308 192.004
903 205.325 464.124
904 48.9008 468.573
905 576.829 189.193
906 156.355 109.104
907 619.387 69.1968
908 170.358 423.29
909 247.456 15.7249
910 338.259 177.537
911 884.355 470.623
912 308.424 253.995
913 146.938 582.864
914 125.728 322.129
915 153.707 58.8808
916 322.917 504.88
917 600.111 486.072
918 877.762 775.414
919 622.276 696.747
920 54.0934 559.063
921 796.758 707.639
922 65.621 254.786
923 481.375 448.076
924 456.535 130.534
925 183.406 874.503
926 887.147 570.801
927 158.921 608.141
928 146.574 696.964
929 210.043 78.2866
930 432.214 489.073
931 0.846194 431.814
932 440.703 403.962
933 560.508 614.92
934 775.685 50.5806
935 58.2635 21.2913
936 625.447 527.943
937 893.432 271.63
938 154.524 353.52
939 335.378 802.492
940 832.712 627.03
941 97.6483 775.007
942 197.354 153.707
943 710.83 769.463
944 52.8546 588.162
945 345.247 684.082
946 547.761 753.988
947 9.19895 788.571
948 782.347 187.619
949 746.78 883.863
950 334.875 827.66
951 650.341 884.355
952 129.715 609.89
953 470.047 568.206
954 508.645 837.241
955 781.564 620.915
956 234.341 291.53
957 245.151 531.792
958 77.8772 138.257
959 680.229 802.713
960 515.523 109.844
961 462.459 684.273
962 773.205 219.765
963 35.5989 876.657
964 128.3 640.378
965 28.6593 815.349
966 277.424 20.4451
967 124.863 150.268
968 519.563 38.8997
969 641.041 759.038
970 640.815 178.931
971 805.631 708.54
972 525.487 531.683
973 378.385 26.6982
974 222.175 885.119
975 417.638 552.81
976 892.638 599.572
