1 106.047 1343.62
2 762.386 909.555
3 683.326 124.935
4 143.429 800.379
5 905.489 548.4
6 868.989 810.846
7 430.44 252.716
8 753.014 638.873
9 1325.14 267.751
10 766.036 578.79
11 456.813 1007.76
12 200.7 1381.13
13 1124.63 1150.07
14 441.256 588.351
15 489.338 969.325
16 832.351 1294.89
17 1064.59 822.892
18 96.1656 429.351
19 137.347 1031.39
20 477.096 125.668
21 149.496 1485.74
22 305.66 341.875
23 562.716 1140.7
24 977.022 510.354
25 1335.96 372.89
26 1129.92 1022.75
27 941.158 55.0328
28 1064.79 1492.61
29 821.277 436.339
30 1369.82 263.463
31 107.052 1378.52
32 1112.15 1519.69
33 1140.86 856.896
34 430.807 572.37
35 553.023 974.101
36 1300.56 1319.28
37 963.264 1458.09
38 612.785 1207.32
39 1376.57 672.923
40 1482.06 585.325
41 457.512 1051.26
42 1361.12 1108.14
43 1308.85 414.59
44 936.354 880.913
45 1447.31 220.604
46 733.96 560.162
47 948.56 1486.78
48 595.341 158.574
49 706.491 1308.17
50 366.035 745.979
51 1457.24 1231.82
52 1252.42 91.2959
53 589.097 1056.18
54 1257.11 48.1301
55 1306.14 789.797
56 878.4 116.354
57 697.558 379.85
58 400.275 487.778
59 1250.58 1257.44
60 456.338 1538.05
61 701.29 1332.1
62 131.909 298.993
63 1134.7 1084.54
64 782.989 1086.09
65 195.86 694.256
66 720.344 1041.14
67 1139.61 900.298
68 1453.19 1386.36
69 943.312 773.921
70 466.455 70.8713
71 1426.23 1052.31
72 980.001 110.018
73 547.258 104.355
74 404.993 90.171
75 1132.05 569.193
76 214.46 1432.8
77 1491.1 308.827
78 326.698 61.0471
79 1150.42 158.669
80 1109.17 1030.98
81 1470.05 715.72
82 248.972 467.165
83 132.996 404.53
84 299.844 1420.07
85 78.6724 1183.4
86 997.352 13.9
87 778.308 33.9562
88 427.828 706.255
89 1401.18 1179.52
90 706.353 356.258
91 484.755 1134.08
92 705.167 1182.83
93 1044.43 615.574
94 1239.09 988.747
95 118.623 1225.9
96 313.697 227.517
97 540.033 486.691
98 1399.6 947.624
99 239.235 1467.83
100 1264.62 1213.42
101 921.375 434.268
102 941.329 499.102
103 483.239 989.173
104 711.834 1114.94
105 283.477 816.047
106 732.242 1023.65
107 618.836 1173.24
108 1214.41 1073.48
109 674.864 827.346
110 122.027 1080.89
111 1286.87 501.584
112 764.353 386.696
113 68.9342 1029.75
114 720.452 1247.7
115 336.879 1180.23
116 1180 1221.5
117 263.263 134.225
118 79.9489 930.31
119 834.523 1127.62
120 1095.47 634.343
121 783.792 1036.12
122 1080.07 1387.32
123 155.312 1535.54
124 1072.08 1262.36
125 239.131 1286.33
126 730.635 760.153
127 353.961 509.999
128 1080.85 236.774
129 637.05 643.856
130 474.493 196.539
131 1463.49 624.226
132 1286 1471.29
133 971.578 913.857
134 763.699 470.19
135 532.031 946.631
136 735.473 1413.42
137 427.45 1116.61
138 1187.22 278.095
139 99.5434 1494.78
140 1392.37 1324.48
141 958.5 310.161
142 1334.5 694.398
143 525.743 1524.66
144 660.3 889.093
145 1026.29 587.112
146 1370.9 289.206
147 1232.42 886.152
148 1494.41 1040.19
149 63.5364 656.186
150 776.417 1219.72
151 649.851 1348.75
152 300.742 786.497
153 1256.44 403.574
154 759.396 142.546
155 443.953 1549.03
156 884.213 42.1257
157 774.1 206.525
158 1332.8 228.736
159 506.973 643.61
160 127.795 806.912
161 895.592 736.429
162 899.865 1385.29
163 1346.74 1133.29
164 347.089 1392.76
165 1546.26 888.799
166 994.603 1542.39
167 183.348 93.1023
168 1456.72 543.567
169 604.416 668.29
170 1367.12 1386.7
171 519.277 333.8
172 1381.32 1170.87
173 183.237 81.2826
174 322.16 500.638
175 1535.62 684.327
176 61.7937 1317.58
177 461.207 1075.5
178 792.775 68.0346
179 881.187 1282.88
180 1366.51 462.257
181 1293.77 1167.76
182 236.709 1036.23
183 363.068 20.661
184 1417.01 1527.03
185 1117.07 1195.07
186 1038.63 1183.04
187 1375.11 1022.84
188 950.774 14.5718
189 829.039 847.005
190 836.142 1413.98
191 222.826 237.682
192 404.531 639.449
193 261.474 819.063
194 721.773 940.854
195 532.788 737.53
196 1377.81 124.817
197 1286.13 1117.69
198 1296.16 126.566
199 130.774 153.137
200 1.18198 903.692
201 1242.94 826.59
202 1096.48 1059.67
203 1449.13 767.197
204 957.259 198.015
205 742.709 1173.8
206 311.947 322.548
207 1410.43 87.3343
208 453.264 651.316
209 1173.94 303.967
210 1288.47 1040.8
211 540.778 408.974
212 543.993 1386.55
213 995.605 128.86
214 275.46 336.391
215 990.024 435.818
216 1152.76 772.172
217 1435.06 164.115
218 1376.91 418.113
219 707.059 789.476
220 207.37 312.42
221 1331.33 336.769
222 980.379 605.277
223 498.465 116.165
224 1487.17 856.659
225 1116.12 523.309
226 536.102 509.503
227 307.977 966.597
228 1249.77 113.706
229 1349.13 545.837
230 1057.11 468.545
231 465.983 1319.62
232 844.898 1343.86
233 1044.02 75.0792
234 661.919 681.953
235 1269.16 642.097
236 827.481 1454.68
237 321.64 828.802
238 1066.62 202.118
239 622.429 862.654
240 871.495 1000.81
241 960.363 517.375
242 242.563 397.532
243 1493.79 612.416
244 354.593 470.2
245 844.121 774.503
246 733.677 924.731
247 257.813 238.57
248 551.426 1432.98
249 1322.97 256.3
250 895.052 695.249
251 573.072 35.545
252 1273.3 1353.36
253 306.132 1513.02
254 496.005 180.89
255 1245.27 262.03
256 262.505 1018.26
257 167.604 1417.63
258 719.162 79.4387
259 770.318 751.322
260 148.078 362.583
261 102.417 1111.49
262 1117.83 271.949
263 674.344 999.631
264 286.227 647.922
265 1283.5 1528.01
266 958.869 791.225
267 990.168 829.464
268 208.832 522.197
269 229.587 595.726
270 1335.78 475.226
271 1467.83 60.0917
272 849.032 558.234
273 958.577 1323.54
274 920.157 1497.9
275 10.0232 1422.31
276 1421.91 1434.31
277 343.836 1231.57
278 430.098 821.734
279 1536.5 504.751
280 513.206 1233.46
281 1211.15 1049.22
282 1042.65 1328.35
283 1175.47 987.329
284 740.26 1081.56
285 748.239 303.673
286 143.87 638.608
287 307.787 1022.14
288 1113.23 536.722
289 1095.74 12.0187
290 705.877 89.2629
291 171.824 343.634
292 255.576 752.173
293 842.513 505.65
294 33.9937 154.612
295 708.619 1429.4
296 486.125 724.609
297 345.801 911.493
298 529.762 1035.89
299 1250.83 1313.38
300 39.2416 488.573
301 1267.41 160.38
302 218.524 1451.75
303 298.047 882.346
304 387.505 931.823
305 172.854 568.2
306 670.181 215.403
307 460.452 461.075
308 1345.28 897.309
309 959.124 1191.81
310 1539.52 1010.6
311 375.585 620.963
312 1122.44 711.796
313 615.81 296.534
314 1461.8 793.92
315 466.954 414.212
316 676.99 276.393
317 886.577 978.119
318 586.024 695.522
319 223.161 1154.26
320 509.595 67.7607
321 326.462 69.6519
322 222.779 1120.59
323 543.095 1235.6
324 184.702 594.639
325 819.299 1539.41
326 569.138 779.774
327 99.7036 569.959
328 262.966 1444.01
329 80.4623 338.575
330 1416.67 118.633
331 1089.07 559.983
332 60.8691 924.221
333 983.783 697.934
334 491.278 1290.73
335 1463.34 986.241
336 74.4645 242.566
337 51.9124 177.826
338 635.679 483.901
339 675.76 1404.53
340 1.7966 125.678
341 481.537 1100.34
342 718.919 1517.33
343 1356.86 523.19
344 528.489 359.132
345 380.313 1491.51
346 669.767 1381.36
347 736.277 334.121
348 1417.9 1373.76
349 595.87 1359.33
350 963.511 1411.2
351 532.308 849.983
352 1089.92 903.078
353 302.822 1265.58
354 489.338 398.431
355 1429.83 1433.42
356 179.861 925.913
357 724.274 139.734
358 935.18 858.361
359 1053.61 1080.47
360 618.886 1200.77
361 875.892 371.093
362 934.946 261.699
363 1052.67 625.541
364 478.655 387.651
365 518.047 175.273
366 1194.6 945.308
367 593.384 986.299
368 889.171 362.772
369 558.366 915.191
370 213.07 1337.53
371 1289.11 1193.81
372 748.664 246.229
373 1011.72 790.8
374 1052.15 1464.8
375 370.857 1435.25
376 688.593 896.08
377 382.632 649.614
378 253.475 187.991
379 50.0213 862.37
380 1462.2 952.494
381 740.015 994.232
382 9.83405 252.196
383 1040.75 1191.58
384 18.8171 823.044
385 1423.4 676.715
386 914.519 709.375
387 576.19 1305.9
388 1181.77 364.484
389 1014.91 238.996
390 966.857 1298.99
391 517.614 1192.9
392 831.016 38.1069
393 458.656 1258.53
394 862.087 1389.25
395 157.534 797.419
396 1223.06 1139.15
397 921.8 669.623
398 285.521 73.5662
399 409.342 267.798
400 751.22 972.294
401 1480.26 1466.04
402 90.4449 988.274
403 1437.61 412.935
404 1038.06 723.805
405 1002.65 307.787
406 1252.09 1341.03
407 1541.83 1524.1
408 1053.66 303.636
409 1090.3 244.821
410 1020.85 1439.08
411 130.348 1319.51
412 1417.83 175.689
413 360.928 1276.39
414 1365.01 1277.2
415 691.787 1217.86
416 439.554 160.418
417 135.218 1391.14
418 201.221 455.355
419 132.429 517.621
420 1032.44 1274.08
421 668.907 398.572
422 390.981 672.224
423 422.58 485.093
424 221.881 562.787
425 1016.98 1369.53
426 1424 742.329
427 705.924 982.979
428 1477.94 1378.94
429 561.263 1463.9
430 1436.11 1074.99
431 1372.32 1454.08
432 1261.36 868.479
433 448.209 1182.78
434 1220.7 146.953
435 659.401 804.832
436 486.022 741.383
437 271.524 111.144
438 1043.2 526.358
439 795.87 1353.14
440 1528.79 1021.46
441 1425.15 1139.76
442 1016.84 1143.02
443 1285.71 581.202
444 104.818 976.795
445 221.401 446.041
446 1400.27 664.862
447 290.057 365.656
448 582.425 1395.82
449 450.333 750.839
450 218.382 878.682
451 1037.64 215.924
452 826.675 666.928
453 1348.34 389.958
454 867.429 860.574
455 1020.02 806.903
456 561.82 1482.15
457 1023.13 264.101
458 1011.11 745.355
459 1245.77 1418.67
460 328.411 1152.9
461 431.188 1457.12
462 940.523 101.745
463 390.454 1361.64
464 597.118 1259.9
465 1530.84 516.902
466 1061.6 261.227
467 264.755 368.219
468 431.839 1369.11
469 307.219 1142.26
470 704.978 718.926
471 375.729 1345
472 1409.47 101.896
473 750.13 234.41
474 267.745 96.0238
475 1439.74 51.2505
476 417.022 515.247
477 411.612 827.289
478 9.31398 1519.22
479 1130.11 1248.36
480 994.98 148.041
481 1454.07 360.607
482 406.316 1165.19
483 1427.55 277.292
484 799.489 1127.7
485 375.928 199.386
486 335.761 680.819
487 288.31 1162.65
488 920.686 1300.93
489 162.708 55.6947
490 217.673 771.415
491 614.202 1122.37
492 857.926 792.123
493 1279.2 449.303
494 1506.95 856.933
495 823.838 64.2621
496 490.939 443.43
497 318.333 1483.29
498 804.548 1264.53
499 361.072 138.126
500 986.289 1358.53
501 803.604 1380.28
502 894.047 447.27
503 811.498 1049.93
504 1.65477 567.311
505 108.033 1094.65
506 892.96 284.005
507 1215.39 670.086
508 894.662 1149.69
509 413.609 990.922
510 370.405 1171.29
511 1351.42 318.671
512 1510.58 446.135
513 1450.59 1474.07
514 1266.37 69.973
515 106.52 717.082
516 1121.08 1107.14
517 790.979 790.742
518 574.062 622.533
519 644.461 586.379
520 1249.4 1436.87
521 166.963 549.014
522 1331.14 942.036
523 620.827 8.27384
524 596.486 794.099
525 875.939 1044.69
526 1110.92 596.152
527 147.484 843.931
528 1092.48 1340.53
529 759.68 866.352
530 348.922 186.573
531 616 282.256
532 483.239 255.732
533 360.32 451.256
534 519.825 592.738
535 163.444 1230.31
536 432.604 1131.92
537 1411.14 1397.14
538 636.047 1430.12
539 156.684 1357.95
540 1071.86 945.828
541 949.668 1526.51
542 1215.12 36.6511
543 801.664 579.641
544 782.65 268.876
545 1528.39 76.8285
546 1325.09 1496.78
547 230.107 1290.72
548 1461.77 662.285
549 1095.31 63.9686
550 1172.52 477.33
551 360.902 1113.48
552 805.723 376.871
553 1445.6 1098.58
554 481.322 1029.79
555 192.91 250.731
556 325.611 584.757
557 1090.82 1454.71
558 845.066 88.6581
559 1457.34 699.21
560 628.709 657.699
561 174.129 760.446
562 743.581 1530.61
563 822.516 894.095
564 746.064 539.643
565 112.619 684.932
566 1406.6 869.651
567 261.406 611.139
568 646.778 168.163
569 210.573 22.5521
570 10.2596 108.326
571 308.479 10.9313
572 1084.58 606.695
573 569.24 724.089
574 975.793 335.895
575 1466.73 597.665
576 183.963 1205
577 659.259 1481.02
578 866.578 1438.89
579 746.915 615.456
580 1123.07 1188.56
581 698.058 1421.59
582 1161.01 829.096
583 1085.86 575.339
584 638.621 466.087
585 252.328 488.464
586 1161.13 918.065
587 158.574 1025.67
588 578.339 1080.05
589 1130.25 8.94558
590 669.54 330.055
591 1063.53 489.386
592 914.708 364.531
593 1128.17 1420.9
594 873.342 318.803
595 1102.78 135.36
596 963.785 1513.32
597 1093.19 28.8501
598 1504.63 406.09
599 948.607 1441.78
600 1357.55 1541.59
601 48.9338 591.944
602 1343.06 1504.1
603 971.49 1033.06
604 411.895 974.81
605 822.892 199.518
606 337.245 1534.58
607 314.465 1480.32
608 1513.39 13.3425
609 1514.48 1347.89
610 257.765 955
611 127.039 1242.45
612 1531.67 886.398
613 1396.46 1293.04
614 1348.45 1477.01
615 261.883 1314.04
616 1374.88 497.139
617 1171.43 1199.86
618 865.388 1455.07
619 548.253 1173.73
620 1439.02 824.368
621 1030.22 1213.99
622 1319.9 422.722
623 195.31 1353.27
624 176.729 268.923
625 161.47 104.439
626 1015.52 382.025
627 1516.82 1113.71
628 1372.28 845.312
629 1367.07 725.497
630 547.397 260.319
631 1213.42 812.231
632 1445.35 916.174
633 560.552 146.575
634 150.169 1163.25
635 985.641 1093.71
636 980.332 1071.06
637 483.05 635.289
638 493.245 866.058
639 235.991 11.7252
640 35.0811 214.411
641 1075.26 659.458
642 137.251 671.646
643 1438.32 836.471
644 1250.77 1299.68
645 1064.02 425.616
646 612.524 893.433
647 804.879 1000.99
648 231.336 848.244
649 808.058 767.396
650 355.633 813.035
651 961.233 1168.31
652 1313.63 729.668
653 514.039 1320.08
654 106 1480.88
655 1422.22 725.46
656 1491.18 384.993
657 408.163 849.298
658 856.082 774.715
659 1317.43 1056.92
660 1147.67 375.112
661 1357.38 151.506
662 690.085 683.618
663 1510.52 765.269
664 1402.78 1099.77
665 1326.6 511.418
666 335.209 1478.45
667 661.136 1135.98
668 400.929 1056.88
669 1082.64 1207.27
670 668.762 490.767
671 97.0639 1208.78
672 1332.97 272.706
673 91.9499 1200.43
674 416.691 727.152
675 151.057 405.796
676 877.398 916.552
677 2.17484 521.252
678 668.811 1210.35
679 384.237 16.6048
680 26.3344 990.402
681 709.065 455.922
682 420.973 320.458
683 1433.97 503.026
684 580.353 753.402
685 355.87 1316.72
686 651.884 838.802
687 1044.3 693.736
688 1253.79 1234.46
689 244.454 684.128
690 766.395 117.215
691 573.591 1325.71
692 463.243 939.35
693 598.222 1330.01
694 1194.11 966.857
695 823.696 965.165
696 349.583 736.939
697 772.827 1443.52
698 986.1 1012.2
699 881.566 1203.96
700 1049.17 90.171
701 511.229 1002.51
702 1000.24 456.678
703 1310.08 602.771
704 1051.82 400.974
705 0.992861 182.332
706 1110.63 1040.05
707 400.785 884.852
708 1033.38 968.853
709 1202.09 1314.22
710 905.111 594.591
711 300.648 809.9
712 195.171 826.826
713 55.0328 895.948
714 847.808 176.219
715 1292.24 381.126
716 1115.98 932.826
717 322.774 1378.38
718 666.343 203.158
719 765.779 352.206
720 872.772 1111.49
721 1302.68 651.421
722 600.116 64.6546
723 1399.19 488.487
724 834.603 657.927
725 857.407 273.283
726 1141.55 114.378
727 321.643 198.052
728 937.922 670.465
729 862.847 809.985
730 1371.61 429.446
731 765.336 430.192
732 1545.22 1425.75
733 690.605 1511.62
734 1039.1 1427.92
735 1378.37 1227.09
736 212.682 1095.03
737 1255.64 807.763
738 1527.87 572.716
739 102.74 851.071
740 106.286 879.495
741 864.451 1334.89
742 729.942 1060.38
743 769.894 886.246
744 147.344 713.829
745 1448.29 431.091
746 1430.16 756.938
747 381.923 244.196
748 912.581 1017.21
749 713.588 1259.23
750 917.291 812.585
751 352.56 225.356
752 1548.92 1059.34
753 1101.46 1304
754 170.962 494.88
755 184.106 1480.41
756 1078.67 1491.37
757 190.15 869.283
758 819.405 702
759 806.676 250.626
760 1250.02 78.0676
761 620.916 1509.21
762 1157.07 1488.45
763 967.141 953.581
764 406.978 288.459
765 1256.96 576.592
766 434.922 687.343
767 459.836 1011.4
768 493.378 626.164
769 77.254 323.682
770 1242.3 206.194
771 870.581 215.025
772 400.268 527.209
773 474.428 1072.44
774 1173.52 1118.15
775 907.238 754.999
776 981.277 1249.64
777 171.528 983.925
778 1336.26 182.791
779 1369.67 116.637
780 944.137 1401.6
781 789.419 417.342
782 1309.35 115.465
783 892.773 452.045
784 563.141 576.852
785 1496.48 648.102
786 208.973 454.257
787 324.885 1289.88
788 670.086 415.961
789 1358.99 1017.12
790 1425.23 41.7243
791 1331.85 54.1818
792 1460.31 1399.93
793 787.898 568.436
794 793.532 1118.82
795 838.592 1161.93
796 1416.68 363.964
797 533.027 1341.17
798 686.398 1361.46
799 824.71 297.584
800 278.568 986.856
801 874.053 103.919
802 694.955 1392.66
803 1297.76 634.637
804 497.493 1203.91
805 159.614 655.099
806 1068.08 768.451
807 1264.34 614.533
808 1156.71 288.45
809 262.115 314.368
810 1203.61 1539.51
811 212.614 836.235
812 16.0276 61.1318
813 258.995 212.661
814 355.87 1053.02
815 950.735 631.932
816 373.459 633.786
817 1092.31 1042.94
818 1322.48 13.1061
819 1258.52 304.714
820 75.4101 738.982
821 603.186 544.523
822 363.512 148.456
823 93.9473 580.597
824 900.545 1236.96
825 353.364 702.104
826 1398.14 957.307
827 244.291 1045.06
828 1163.41 787.338
829 929.081 183.594
830 657.277 1445.96
831 1449.24 1032.15
832 515.325 518.567
833 1502.62 371.046
834 348.856 160.418
835 680.96 395.357
836 966.101 997.778
837 554.016 1462.41
838 535.294 675.297
839 188.173 1256.25
840 1283.01 1118.67
841 362.441 1303.02
842 66.6162 641.482
843 860.668 893.821
844 1494.97 195.429
845 426.99 541.298
846 1181.65 1541.11
847 1040.8 1519.41
848 689.376 324.439
849 468.677 1431.29
850 1400.31 1316.46
851 616.162 227.838
852 1239.47 329.488
853 525.129 236.878
854 1245.52 297.49
855 1216.68 542.244
856 756.979 207.896
857 88.1596 1059.68
858 104.534 152.154
859 1355.59 225.531
860 1421.15 68.7438
861 1095.22 62.5029
862 229.871 1506.36
863 662.143 511.522
864 386.932 330.623
865 243.479 500.213
866 1299.37 1109.5
867 1065.1 347.076
868 55.5923 425.805
869 4.58607 1108.17
870 693.584 1135.79
871 36.3576 280.091
872 291.381 1076.27
873 867.382 471.278
874 911.743 196.833
875 145.424 131.871
876 1202.56 256.3
877 552.458 535.318
878 1164.15 1498.94
879 1495.91 257.056
880 6.14628 1173.96
881 353.603 952.792
882 429.353 1160
883 1488.87 97.3717
884 47.4682 834.476
885 519.315 1267.53
886 329.964 1404.19
887 361.165 901.896
888 193.33 940.05
889 589.619 852.357
890 1169.21 709.044
891 1116.36 175.027
892 1356.97 605.976
893 97.6313 1049.98
894 641.246 1498.05
895 594.392 180.427
896 1102.08 51.9597
897 881.045 139.795
898 518.462 1284.77
899 964.164 1426.34
900 749.072 476.205
901 929.699 538.485
902 701.86 89.8775
903 1041.46 1055.56
904 904.384 606.401
905 1543.3 810.316
906 1129.12 640.641
907 1061.3 1517.15
908 93.9381 1238.52
909 1123.02 1285.76
910 242.838 697.603
911 1252.42 1508.53
912 1393.13 352.003
913 73.0017 1449.48
914 854.238 634.117
915 440.783 272.138
916 1469.06 130.122
917 354.927 339.521
918 1496.9 284.186
919 746.624 733.866
920 778.035 1268.79
921 1100.7 412.803
922 316.734 1095.42
923 1491.84 199.139
924 1499.51 737.611
925 979.54 213.418
926 653.767 1276.16
927 701.527 499.125
928 1337.08 1409.53
929 1074.89 1139.96
930 66.8999 433.691
931 893.102 314.973
932 1001.62 1111.01
933 76.2348 1129.37
934 1040.94 918.869
935 1299.09 1265.02
936 210.289 1502.3
937 1486.78 696.809
938 903.314 1034.43
939 279.954 915.522
940 1097.11 1086.33
941 108.553 775.103
942 963.134 88.2227
943 250.815 1468.21
944 784.182 1475.38
945 126.249 1517.2
946 1098.99 867.996
947 981.998 414.222
948 959.481 883.514
949 1359.37 1206.8
950 1195.78 1220.46
951 83.0693 1077.91
952 1159.8 73.4244
953 1179.69 500.213
954 1357.15 751.241
955 1198.76 935.994
956 497.423 836.849
957 1338.42 747.397
958 850.881 1478.51
959 1093.42 741.913
960 445.919 40.8491
961 52.8107 17.5789
962 1315.16 91.2727
963 449.654 593.683
964 155.551 1447.09
965 832.774 591.556
966 1286.27 1277.02
967 107.013 264.054
968 813.531 953.818
969 825.268 879.921
970 1148.75 1256.87
971 363.92 621.73
972 822.884 14.9402
973 313.791 720.761
974 70.448 326.013
975 1288.84 870.55
976 385.771 999.952
977 1327.55 1320.69
978 193.797 853.009
979 107.513 898.738
980 1318.87 461.974
981 1165 304.335
982 1474.35 1206.57
983 1467.35 492.516
984 1136.16 668.361
985 465.321 704.373
986 1180.04 1167.85
987 1254.34 762.716
988 95.551 346.319
989 124.675 221.701
990 892.697 1190.97
991 1299.94 730.32
992 1097.62 1151.34
993 1000.43 226.183
994 1245.95 1151.15
995 200.889 572.833
996 72.9541 1327.83
997 322.301 1267.98
998 1414.07 644.485
999 1076.36 806.108
1000 1304.06 149.175
1001 676.366 849.841
1002 528.533 381.316
1003 160.04 1007.97
1004 800.117 1251.43
1005 824.594 945.606
1006 239.689 962.139
1007 428.351 405.097
1008 744.976 25.446
1009 957.59 1383.72
1010 1505.74 1040.33
1011 1240.84 347.889
1012 1367.88 391.613
1013 616.379 550.234
1014 1038.11 398.431
1015 363.056 951.113
1016 525.838 1299.56
1017 559.852 69.8312
1018 575.386 1170.02
1019 731.674 59.7706
1020 644.397 989.419
1021 1050.4 365.193
1022 52.6413 1254.12
1023 1269.44 1011.88
1024 651.931 659.685
1025 491.952 797.22
1026 1250.34 633.303
1027 944.544 1236.45
1028 1487.68 1281.75
1029 1280.29 922.036
1030 741.809 601.825
1031 979.102 181.315
1032 1122.59 705.697
1033 122.407 76.1764
1034 1402.3 299.806
1035 1085.24 453.511
1036 1047.23 1449.35
1037 1034.28 45.8848
1038 1342.25 8.28367
1039 215.072 1140.43
1040 746.727 768.758
1041 879.695 286.842
1042 1340.2 891.116
1043 76.3557 246.135
1044 792.114 515.105
1045 430.996 904.07
1046 1119.22 1049.03
1047 524.941 45.9553
1048 1036.11 145.44
1049 313.452 1164.72
1050 1377.54 1072.29
1051 288.102 632.935
1052 740.033 1454.64
1053 735.662 755.813
1054 1305.77 251.818
1055 455.865 760.011
1056 871.1 161.468
1057 905.596 1507.21
1058 110.16 1185.85
1059 781.762 452.177
1060 606.496 55.7046
1061 182.308 38.4852
1062 507.825 859.297
1063 1048.21 470.484
1064 123.163 553.496
1065 767.532 1201.67
1066 1203.54 393.466
1067 374.592 90.4449
1068 576.663 1215.88
1069 1189.52 149.26
1070 141.838 749.099
1071 1456.14 207.801
1072 709.058 757.969
1073 135.88 283.485
1074 1096.69 130.311
1075 1492.98 900.288
1076 374.5 1361.19
1077 1491.47 1245.71
1078 861.511 1158.21
1079 279.892 1210.91
1080 569.186 1022.8
1081 864.31 1358.23
1082 1010.02 1115.36
1083 1382.03 618.458
1084 1067.09 212.614
1085 666.54 703.853
1086 482.022 1474.22
1087 502.104 440.877
1088 1211.15 1471.66
1089 870.408 1225.58
1090 292.681 1261.41
1091 200.747 978.308
1092 757.791 1106.81
1093 1134.46 37.6814
1094 201.787 666.02
1095 1275.64 1014.75
1096 849.132 242.211
1097 770.554 1527.68
1098 1451.62 1229.68
1099 1392.85 784.88
1100 1071.65 1421.93
1101 92.9507 380.218
1102 682.379 49.3219
1103 77.3419 964.493
1104 302.775 1312.1
1105 4.9643 990.034
1106 850.978 1203.61
1107 1006.69 1101.93
1108 1024.11 846.84
1109 1242.78 313.933
1110 684.79 182.544
1111 80.1498 539.927
1112 897.073 571.425
1113 632.126 606.142
1114 1157.16 1403.88
1115 526.37 284.762
1116 548.295 197.684
1117 1006.86 886.729
1118 1433.83 178.346
1119 1221.93 533.318
1120 1085.39 284.336
1121 17.8715 53.6529
1122 1010.12 972.01
1123 1297.06 631.28
1124 776.322 167.472
1125 1476.76 459.137
1126 52.2262 1073.85
1127 1410.85 972.01
1128 626.66 246.419
1129 1000.03 1296.21
1130 624.975 1046.58
1131 1098.18 1288.46
1132 1318.52 855.042
1133 443.998 18.9687
1134 1099.08 234.183
1135 157.959 564.9
1136 569.287 1102.94
1137 300.411 974.374
1138 1229.54 1342.84
1139 1014.69 158.196
1140 101.035 1136.71
1141 418.042 889.65
1142 1151.34 469.339
1143 312.328 582.299
1144 431.283 236.089
1145 539.785 1127.38
1146 589.942 1150.58
1147 1182.92 518.628
1148 653.616 1085.21
1149 1081.09 511.002
1150 1100.47 1002.04
1151 213.883 1170.55
1152 98.0305 1307.23
1153 1473.64 1493.89
1154 1162.73 837.133
1155 391.199 302.728
1156 1431.9 59.0614
1157 109.123 516.676
1158 53.2099 1190.96
1159 319.677 50.9196
1160 1150.77 191.963
1161 781.459 1492.17
1162 671.836 1373.33
1163 1370.24 1275.41
1164 67.089 1531.94
1165 265.059 112.051
1166 947 1246.71
1167 1371.14 1406.69
1168 1203.35 1240.23
1169 766.346 1315.3
1170 932.485 907.106
1171 1085.39 1177.12
1172 988.984 389.012
1173 396.21 1241.56
1174 1239.66 509.3
1175 1227.5 995.461
1176 863.393 1474.55
1177 508.555 1441.17
1178 1331.39 937.223
1179 1019.91 425.725
1180 1202.97 907.532
1181 1252.89 244.716
1182 1347.83 1198.77
1183 520.684 1379.75
1184 1345.67 133.999
1185 1307.83 839.487
1186 859.581 1020.48
1187 600.239 950.404
1188 664.555 467.779
1189 1253.94 1139.24
1190 1488.62 1508.2
1191 160.229 202.412
1192 1388.26 1362.64
1193 624.273 1406.79
1194 87.5358 619.649
1195 196.135 1297.53
1196 587.537 280.138
1197 914.614 1474.5
1198 1005.63 821.229
1199 1502.43 832.868
1200 370.518 1530.52
1201 134.947 297.159
1202 776.086 206.704
1203 566.214 649.047
1204 250.467 1488.3
1205 1548.39 1081.6
1206 455.439 1357.33
1207 1332.47 1419.55
1208 185.57 618.609
1209 1027.71 1346.51
1210 910.171 113.517
1211 374.356 1029.29
1212 50.3522 39.9134
1213 1031.96 1141.17
1214 185.195 189.552
1215 1499.88 922.698
1216 710.322 1040.45
1217 1303.14 1376.87
1218 431.469 775.944
1219 1324.9 965.463
1220 208.786 762.044
1221 497.045 418.997
1222 579.407 1240.65
1223 851.874 1425.54
1224 404 1348.54
1225 748.808 1127.32
1226 1206.18 584.369
1227 112.272 366.924
1228 557.751 927.403
1229 1311.47 193.75
1230 746.82 1343.4
1231 1263.15 1181.42
1232 911.919 1465.68
1233 568.72 1477.73
1234 1399.7 247.516
1235 849.635 394.081
1236 1395.54 939.019
1237 265.975 1108.8
1238 526.132 129.639
1239 362.454 113.139
1240 595.54 1428.5
1241 276.914 893.102
1242 163.396 207.792
1243 1484.23 995.234
1244 307.267 74.7482
1245 1525.22 1448.74
1246 1058.86 99.5323
1247 230.911 1425.84
1248 134.861 1327.79
1249 365.65 384.19
1250 546.776 88.7527
1251 409.059 1410.1
1252 1009.22 869.33
1253 1101.27 313.744
1254 775.814 399.508
1255 1498.51 1162.46
1256 962.602 656.21
1257 239.006 551.378
1258 1540.03 767.859
1259 336.391 427.166
1260 857.737 583.339
1261 78.1272 757.884
1262 1496.28 1304.11
1263 414.091 478.994
1264 208.285 1105.2
1265 1150.16 1058.51
1266 554.112 114.378
1267 1425.79 588.918
1268 927.001 576.237
1269 301.928 727.625
1270 540.685 702.908
1271 938.631 996.762
1272 1175.57 1357.49
1273 323.342 850.125
1274 924.252 617.323
1275 21.6538 944.163
1276 681.236 1309.07
1277 571.793 1011.82
1278 488.083 309.536
1279 197.437 1069.98
1280 944.399 742.873
1281 337.856 1462.4
1282 387.595 557.468
1283 1184.68 1294.56
1284 876.044 480.592
1285 1221.79 754.158
1286 1276.68 213.607
1287 167.18 39.0052
1288 670.134 1066.25
1289 1221.97 786.97
1290 1253.33 172.852
1291 526.408 308.142
1292 748.948 739.833
1293 770.026 1520.74
1294 383.575 1387.76
1295 1311.38 1337.43
1296 951.627 511.314
1297 476.679 1511.29
1298 627.63 525.564
1299 289.503 1350.49
1300 344.381 678.597
1301 1100.15 1253.95
1302 1084.96 658.48
1303 334.972 301.792
1304 17.6824 1342.87
1305 704.272 190.913
1306 1234.72 434.032
1307 1338.94 1366.09
1308 950.877 631.8
1309 278.1 721.125
1310 679.507 534.452
1311 820.532 1244.16
1312 1401.37 597.466
1313 1128.6 459.742
1314 645.333 431.374
1315 52.8107 639.568
1316 646.778 238.428
1317 12.2453 724.93
1318 1440.51 802.184
1319 774.951 1306.51
1320 297.953 488.062
1321 455.072 1327.36
1322 593.778 995.981
1323 403.343 1244.91
1324 612.643 1288.35
1325 572.455 614.449
1326 671.394 1075.28
1327 1258.86 9.2667
1328 1178.53 91.2584
1329 424.046 924.41
1330 615.148 35.3647
1331 501.962 1542.25
1332 1313.8 773.259
1333 229.067 259.846
1334 298.993 30.2113
1335 591.178 1034.81
1336 391.187 871.127
1337 1264.95 1402.51
1338 528.175 427.97
1339 623.564 1182.22
1340 952.638 1332.57
1341 1029.74 1320.33
1342 1204.44 645.028
1343 1102.69 347.511
1344 1503.7 633.171
1345 1159.38 956.787
1346 1069.08 684.942
1347 321.167 44.4994
1348 1231.62 364.579
1349 637.257 713.026
1350 1003.3 474.256
1351 40.66 136.826
1352 1044.35 732.788
1353 1159.71 1097.25
1354 1135.43 754.111
1355 1252.9 974.006
1356 991.085 27.4317
1357 1485.13 1537.01
1358 775.569 538.58
1359 308.915 1219.75
1360 27.4219 404.671
1361 665.642 22.7038
1362 738.425 1342.36
1363 1023.36 180.63
1364 933.196 846.367
1365 428.821 728.618
1366 76.131 405.418
1367 307.477 564.512
1368 7.70649 129.923
1369 1405.22 643.657
1370 612.926 104.156
1371 1501.3 1309.44
1372 643.384 827.431
1373 1049.64 107.465
1374 1408.98 78.5778
1375 822.325 127.086
1376 1205.29 848.244
1377 659.413 1324.86
1378 91.0122 330.528
1379 1015.08 890.029
1380 942.839 1129.93
1381 1342.59 986.951
1382 80.1774 338.802
1383 609.006 1412.27
1384 825.209 837.643
1385 984.35 1196.4
1386 710.843 1287.95
1387 300.072 517.148
1388 690.605 627.913
1389 1355.07 1168.1
1390 1360.29 1025.96
1391 835.563 1426.98
1392 921.906 237.162
1393 200.298 1399.74
1394 1048.53 946.442
1395 603.848 1396.85
1396 204.627 595.433
1397 1202.23 559.453
1398 880.576 434.708
1399 162.404 120.325
1400 324.1 407.57
1401 609.475 724.93
1402 358.379 554.442
1403 289.189 860.631
1404 1407.92 907.569
1405 105.737 598.458
1406 372.559 350.385
1407 1434.35 1459.74
1408 149.969 389.637
1409 316.959 1090.83
1410 939.482 73.3397
1411 1227.55 694.521
1412 452.428 768.531
1413 448.678 347.795
1414 938.813 381.637
1415 506.832 1053.09
1416 475.099 1087.23
1417 675.429 1434.31
1418 378.076 19.4888
1419 907.856 296.156
1420 245.739 1327.75
1421 895.856 751.889
1422 118.116 954.99
1423 1516.62 38.7787
1424 169.264 456.621
1425 1006.43 956.607
1426 716.214 562.631
1427 1354.78 1494.41
1428 275.687 1130.66
1429 233.505 143.776
1430 1384.42 941.62
1431 509.858 1309.25
1432 793.498 169.826
1433 869.178 64.3468
1434 847.677 635.478
1435 1459.65 1169.02
1436 1040.14 1377.44
1437 1379.98 856.957
1438 559.501 300.506
1439 1178.81 619.886
1440 645.359 1147.05
1441 511.039 690.19
1442 1464.22 866.115
1443 139.901 1461.44
1444 174.885 1440.69
1445 82.6752 454.031
1446 523.362 1155.64
1447 401.021 311.201
1448 1308.3 1443.05
1449 151.617 662.38
1450 844.747 862.276
1451 930.027 1253.08
1452 1084.4 188.785
1453 756.977 1050.03
1454 1253.65 1082.83
1455 395.395 1522.39
1456 219.422 72.7723
1457 667.394 1235.14
1458 604.51 323.02
1459 270.05 25.0106
1460 789.137 850.575
1461 568.439 576.72
1462 43.5913 1475.78
1463 1040.4 900.194
1464 1333.03 255.222
1465 974.374 1163.4
1466 126.472 161.174
1467 1477.28 658.811
1468 1158.81 753.449
1469 50.666 291.58
1470 431.374 1426.42
1471 760.062 789.655
1472 417.004 349.071
1473 167.124 473.122
1474 564.418 1511.1
1475 1220.44 678.738
1476 1444.04 100.563
1477 1198.34 1082.46
1478 1108.41 496.099
1479 1217.15 704.836
1480 626.071 1516.95
1481 1222.87 8.37823
1482 848.152 988.426
1483 242.069 989.939
1484 1538.84 230.675
1485 32.151 789.419
1486 1264.24 1515.63
1487 824.854 280.649
1488 877.778 310.056
1489 398.063 74.0863
1490 1468.4 1374.97
1491 498.57 1054.7
1492 1021.84 23.1195
1493 105.858 827.857
1494 298.756 1324.9
1495 73.8026 497.849
1496 666.221 922.462
1497 1098.92 661.292
1498 1508.33 1146.2
1499 429.01 1392.23
1500 907.947 605.787
1501 232.029 1057.69
1502 1473.83 828.386
1503 186.61 178.914
1504 1106.14 1432.46
1505 435.687 1312.71
1506 120.091 911.588
1507 1474.45 1482.59
1508 511.043 151.27
1509 93.1699 747.908
1510 787.386 969.741
1511 274.788 1173.4
1512 704.269 381.977
1513 973.526 558.815
1514 73.5662 1145.11
1515 1388.21 191.963
1516 47.2318 1001.65
1517 1168.6 322.301
1518 1156.16 69.7465
1519 736.943 1050.12
1520 1417 24.4674
1521 901.822 1264.58
1522 454.115 1013.24
1523 1175.83 1356.87
1524 57.0303 1035.03
1525 1547.76 1030.16
1526 1084.53 483.807
1527 1452.41 478.205
1528 1197.67 1277.53
1529 276.015 432.992
1530 1000 108.373
1531 65.056 95.9391
1532 379.095 1503.66
1533 1426.04 859.392
1534 778.312 1277.63
1535 968.228 1.51293
1536 565.764 279.24
1537 869.256 1464.43
1538 1090.96 1377.06
1539 582.667 215.035
1540 649.945 553.837
1541 1051.25 1451.33
1542 887.381 1071.67
1543 480.311 610.004
1544 945.487 729.668
1545 978.632 744.74
1546 639.234 82.8428
1547 939.883 1343.11
1548 868.469 980.521
1549 987.094 1346.96
1550 858.635 1167.52
1551 601.78 347.218
1552 739.587 670.427
1553 1121.98 883.859
1554 1163.44 1516.76
1555 664.838 31.6868
1556 1101.13 1469.01
1557 616.755 69.5574
1558 1125.02 427.686
1559 379.367 1170.2
1560 944.533 947.435
1561 1246.42 1140.13
1562 455.676 1486.37
1563 1390.73 1336.21
1564 1107.59 1084.78
1565 528.438 316.013
1566 750.579 415.546
1567 1038.11 1509.08
1568 1107.04 1013.58
1569 1177.91 1026.43
1570 140.135 260.801
1571 678.986 256.452
1572 1537.37 456.489
1573 346.603 1431.49
1574 1310.58 486.431
1575 926.974 41.0954
1576 1099.95 297.716
1577 878.871 698.69
1578 77.7005 1438.65
1579 727.173 1204.72
1580 1262.19 1178.48
1581 766.914 353.837
1582 133.99 1414.54
1583 174.271 234.75
1584 574.772 105.253
1585 218.025 162.404
1586 75.0817 196.255
1587 1254.75 403.158
1588 567.672 1514.54
1589 1063.18 166.479
1590 809.373 1013.43
1591 423.519 1121.89
1592 934.991 924.779
1593 631.849 180.842
1594 141.283 1376.45
1595 76.2611 1355.77
1596 103.825 1521.96
1597 1182.31 541.592
1598 171.623 798.071
1599 744.799 255.222
1600 453.17 234.693
1601 158.529 1053.76
1602 60.3754 1504.96
1603 1381.08 163.028
1604 1127.65 1087.75
1605 873.244 31.0062
1606 756.867 1320.28
1607 379.651 21.3701
1608 1461.84 1424.76
1609 428.662 1034.56
1610 556.336 631.2
1611 1323.77 432.84
1612 1054.51 651.232
1613 882.845 1082.65
1614 1214.91 491.088
1615 608.73 112.855
1616 1538.48 1218.34
1617 1391.04 169.458
1618 386.317 113.48
1619 1307.46 449.397
1620 1409.82 997.872
1621 596.756 1150.25
1622 1009.98 99.5323
1623 838.75 568.247
1624 710.738 914.945
1625 45.2461 692.969
1626 1145 1206.47
1627 593.731 741.44
1628 1489.59 331.342
1629 633.002 846.116
1630 681.055 813.531
1631 577.887 545.695
1632 108.127 619.687
1633 1127.42 543.189
1634 82.9748 775.897
1635 618.081 422.628
1636 212.709 930.878
1637 574.535 500.354
1638 189.09 923.701
1639 798.215 332.524
1640 333.139 801.816
1641 461.968 180.252
1642 830.126 340.608
1643 1416.85 858.976
1644 608.954 948.995
1645 1124.91 1003.37
1646 868.989 149.506
1647 1294.15 896.232
1648 507.574 977.778
1649 961.467 1061.85
1650 277.057 1325.34
1651 229.687 907.342
1652 1487.73 118.869
1653 249.681 1211.06
1654 372.135 1208.02
1655 1463.43 1012.44
1656 1296.59 1460.7
1657 600.438 392.747
1658 75.6122 706.207
1659 1068.74 803.754
1660 819.604 1295.87
1661 379.462 1096.78
1662 448.074 1327.09
1663 490.608 683.571
1664 45.3879 1520.87
1665 937.875 986.724
1666 1518.53 786.734
1667 1415.75 989.372
1668 1534.08 1194.85
1669 865.16 762.621
1670 349.338 1025.29
1671 1490.24 1293
1672 290.388 279.41
1673 1025.96 1475.77
1674 1101.19 969.893
1675 1357.43 1302.43
1676 209.211 1081.08
1677 1125.15 963.926
1678 754.952 1024.06
1679 1100.14 937.663
1680 1071.82 826.249
1681 737.622 1291
1682 1152.57 1312.66
1683 164.011 1548.12
1684 705.451 609.947
1685 486.218 1268.4
1686 1446.2 1545.7
1687 278.852 600.785
1688 1458.41 1275.83
1689 634.77 1247.04
1690 185.901 324.571
1691 937.176 161.231
1692 863.269 647.203
1693 1462.05 1319.57
1694 1252.85 1548.78
1695 600.019 1359.03
1696 979.481 1320.29
1697 956.597 248.593
1698 1472.8 99.2959
1699 427.084 190.119
1700 1225.62 678.857
1701 1503.71 476.1
1702 1111.63 417.9
1703 1431.94 67.9026
1704 210.206 885.845
1705 2.9313 880.502
1706 665.358 841.142
1707 344.96 826.401
1708 1023.92 1070.73
1709 105.834 1267.98
1710 1433.93 887.381
1711 1524.63 208.264
1712 1175.88 1075.28
1713 1380.69 1130.17
1714 1364.19 1419.23
1715 1420.7 1121.75
1716 365.184 1075.47
1717 590.14 881.022
1718 795.671 223.829
1719 1281.64 239.256
1720 1257.66 1114.99
1721 1363.62 1103.45
1722 1130.49 221.512
1723 1539.47 980.483
1724 1054.04 918.916
1725 670.086 257.151
1726 1292.47 207.65
1727 590.563 370.219
1728 882.128 1148.7
1729 407.026 660.867
1730 599.038 155.936
1731 438.986 958.877
1732 253.416 706.894
1733 787.369 952.872
1734 1325.14 301.026
1735 1161.32 444.528
1736 1491.17 1359.61
1737 832.579 498.568
1738 997.688 1264.67
1739 83.5421 204.445
1740 731.296 606.458
1741 1291.69 475.779
1742 811.699 829.653
1743 365.562 214.799
1744 1039.15 1033.58
1745 430.05 28.33
1746 1260.55 1101.32
1747 1461.59 345.053
1748 545.83 37.2086
1749 459.81 1346.42
1750 119.191 87.1924
1751 1392.47 1468.98
1752 1443.1 811.981
1753 451.846 1460.03
1754 757.508 1115.36
1755 1096.89 1016.04
1756 236.868 1078.81
1757 391.443 439.837
1758 14.8929 205.759
1759 634.676 818.709
1760 1012.67 1535.96
1761 691.409 10.7565
1762 60.3281 1293.28
1763 656.375 962.612
1764 992.249 451.657
1765 1494.78 1526.43
1766 300.6 472.942
1767 272.208 490.568
1768 978.346 1223.72
1769 1262.83 956.054
1770 471.582 836.792
1771 1432.08 689.754
1772 407.632 1421.46
1773 347.324 1323.68
1774 13.38 1185.2
1775 928.044 636.329
1776 483.003 343.01
1777 61.0017 392.332
1778 457.096 647.606
1779 240.32 292.918
1780 1244.66 19.8099
1781 711.739 1494.54
1782 20.8028 1221.89
1783 524.041 521.734
1784 377.051 1487.03
1785 893.824 11.7823
1786 1052.95 254.267
1787 1457.76 1173.75
1788 1028.41 145.667
1789 600.863 1542.54
1790 887.714 832.121
1791 250.863 1374.36
1792 1018.65 129.025
1793 1489.05 1070.07
1794 1405.17 1244.34
1795 1177.39 984.776
1796 408.825 270.436
1797 765.921 914.708
1798 1263.44 728.344
1799 974.244 348.74
1800 1462.81 552.749
1801 666.053 777.798
1802 118.198 133.847
1803 856.132 458.891
1804 72.3094 1360.22
1805 768.475 693.972
1806 440.31 160.002
1807 644.944 723.805
1808 966.762 686.587
1809 553.591 829.994
1810 1216.11 1274.1
1811 1243.78 596.331
1812 1432.41 26.7698
1813 1054.75 376.861
1814 1.46565 376.162
1815 531.325 907.285
1816 384.284 619.508
1817 701.907 82.3843
1818 634.808 162.356
1819 96.3402 1401.13
1820 859.913 714.481
1821 331.805 759.562
1822 1345.81 923.37
1823 253.606 1232.52
1824 1535.53 960.862
1825 649.142 723.275
1826 966.384 1361.5
1827 125.1 1382.39
1828 544.466 1342.73
1829 1327.36 1225.11
1830 715.637 564.796
1831 744.551 992.624
1832 1091.11 110.501
1833 827.006 870.55
1834 551.937 811.508
1835 897.926 1180.58
1836 694.342 148.031
1837 839.387 1175.31
1838 351.417 691.598
1839 107.583 191.396
1840 1207.18 112.345
1841 844.451 968.465
1842 1307.6 176.848
1843 665.068 1249.49
1844 807.054 85.1969
1845 1329.57 1200.37
1846 1310.1 889.282
1847 1002.63 955.51
1848 794.567 1153.95
1849 1059.83 1160.85
1850 877.783 905.735
1851 1182.97 182.082
1852 1184.34 355.17
1853 1423.76 1494.93
1854 214.552 1201.84
1855 818.3 59.8179
1856 1197.42 1312
1857 919.097 1291.58
1858 375.585 155.974
1859 88.3382 1163.26
1860 1486.55 1081.56
1861 243.676 638.788
1862 390.903 1267.55
1863 917.261 807.929
1864 661.966 261.264
1865 358.236 871.458
1866 978.44 546.443
1867 1199 912.817
1868 425.135 382.512
1869 341.497 791.83
1870 693.206 864.592
1871 1523.88 1260.79
1872 422.073 1522.21
1873 1227.55 462.683
1874 193.797 477.907
1875 1486.93 27.7627
1876 1169.97 1418.94
1877 350.338 964.209
1878 1163.77 1378.43
1879 922.605 633.597
1880 997.893 279.088
1881 904.307 1356.63
1882 490.568 606.827
1883 1342.54 876.422
1884 1460.73 717.224
1885 868.942 683.334
1886 60.8009 987.481
1887 1010.75 1525.41
1888 850.799 485.991
1889 417.049 51.6287
1890 5.67349 160.512
1891 1365.04 1244.16
1892 617.134 1398.61
1893 896.742 463.25
1894 1490.28 429.209
1895 638.409 597.334
1896 532.459 1040.05
1897 1314.93 68.3183
1898 575.67 569.359
1899 1145.29 1381.16
1900 1410.43 907.39
1901 558.413 891.126
1902 405.836 1133.38
1903 574.204 1370.77
1904 1285.49 1192.09
1905 346.414 892.96
1906 545.414 1337.68
1907 641.104 972.625
1908 1535.39 1424.67
1909 585.801 1494.21
1910 1458.23 573.41
1911 1206.56 1208.45
1912 146.717 1028.47
1913 90.9583 811.933
1914 607.235 683.844
1915 626.4 627.64
1916 1095.27 1298.59
1917 1317.43 580.975
1918 334.964 256.536
1919 654.059 437.237
1920 1268.38 1004.63
1921 509.527 1217.82
1922 686.286 713.073
1923 610.28 1110.35
1924 648.719 1346.61
1925 687.249 120.089
1926 1177.25 395.395
1927 1205.29 0.283674
1928 854.383 176.54
1929 1293.74 554.442
1930 606.631 1083.21
1931 1308.4 781.296
1932 1278.66 489.433
1933 53.9952 653.974
1934 1238.1 308.789
1935 683.449 1210.53
1936 1039.57 1398.24
1937 174.318 773.675
1938 440.085 582.384
1939 757.13 1098.63
1940 773.26 809.428
1941 1347.55 980.625
1942 967.558 1053.34
1943 1091.11 121.328
1944 191.653 1287.88
1945 789.56 1098.91
1946 897.309 263.581
1947 1099.33 1455.77
1948 1350.4 1308.5
1949 594.676 793.353
1950 12.4344 461.491
1951 65.056 25.6351
1952 275.164 1003.4
1953 1514.34 248.84
1954 965.223 332.041
1955 1453.8 515.919
1956 501.631 480.616
1957 659.545 226.444
1958 1057.4 1219.33
1959 966.053 1130.92
1960 73.8972 1082.83
1961 669.566 359.463
1962 1497.85 1134.71
1963 1365.9 756.465
1964 542.605 848.811
1965 673.916 1069.12
1966 732.306 1372.43
1967 331.409 1057.68
1968 75.6938 212.33
1969 379.178 504.336
1970 827.33 720.628
1971 851.307 404.293
1972 470.379 1179.19
1973 1378.75 448.594
1974 354.747 1135.09
1975 232.377 801.674
1976 363.881 476.62
1977 424.992 1217.63
1978 434.118 1096.22
1979 1516.9 1012.43
1980 235.97 408.822
1981 1547.66 160.078
1982 561.452 1218.85
1983 787.149 504.799
1984 1251.09 1275.6
1985 855.042 1356.3
1986 40.1872 676.374
1987 1124.36 328.448
1988 118.019 1171.25
1989 661.739 406.61
1990 1140.37 1468.73
1991 36.925 313.423
1992 1125.95 623.526
1993 1433.27 1364.1
1994 404.662 384.379
1995 394.449 200.662
1996 786.866 1278.57
1997 477.227 541.024
1998 895.592 1010.22
1999 1107.69 43.5913
2000 80.0933 550.518
2001 1254.23 695.664
2002 1525.34 1110.22
2003 807.293 1547.42
2004 482.306 100.336
2005 494.798 466.739
2006 888.271 566.886
2007 642.523 904.638
2008 1433.07 614.543
2009 1179.75 1189.73
2010 859.77 97.5938
2011 836.367 1236.66
2012 1192.8 370.772
2013 1124.96 561.013
2014 992.192 863.647
2015 1179.38 1431.8
2016 1381.02 543.294
2017 499.693 461.893
2018 549.384 1132.43
2019 1097.96 304.582
2020 224.907 784.181
2021 982.034 1422.83
2022 849.258 528.722
2023 1087.8 1399.51
2024 822.94 1518.84
2025 681.427 1112.3
2026 1092.19 843.752
2027 274.325 1342.31
2028 888.894 87.3486
2029 407.451 1076.88
2030 671.788 328.968
2031 734.48 1278.71
2032 596.588 290.293
2033 1293.3 510.709
2034 1172.33 622.334
2035 1045.72 1277.21
2036 816.031 187.651
2037 1451.85 361.449
2038 334.388 810.032
2039 1247.93 1035.66
2040 591.132 327.077
2041 1174.06 532.504
2042 643.846 1194.7
2043 1451.18 532.693
2044 511.796 225.862
2045 858.966 1496.3
2046 447.348 1150.59
2047 509.527 557.468
2048 101.697 751.17
2049 942.482 1437.1
2050 1322.49 1385.19
2051 58.316 772.162
2052 585.646 1488.12
2053 898.654 1319.57
2054 739.303 933.856
2055 195.31 424.15
2056 782.09 806.874
2057 800.104 1445.89
2058 606.508 530.717
2059 1361.59 552.692
2060 364.457 526.037
2061 1395.16 325.706
2062 13.5218 1388.31
2063 1289.11 1514.61
2064 410.527 819.819
2065 310.718 722.424
2066 315.73 91.4948
2067 555.576 1066.73
2068 1504.28 296.591
2069 1146.27 1360.31
2070 857.343 1064.02
2071 1367.64 49.2274
2072 1063.21 336.769
2073 273.985 358.92
2074 1335.25 826.874
2075 595.567 714.066
2076 902.368 1084.16
2077 467.138 509.905
2078 598.527 40.9437
2079 1045.01 993.674
2080 785.685 1224.06
2081 1070.68 685.367
2082 1069.55 273.084
2083 433.455 123.219
2084 276.991 1022.74
2085 764.455 159.388
2086 877.132 709.101
2087 1374.5 543.119
2088 1488.77 803.248
2089 984.918 1503.2
2090 1183.25 1179.2
2091 947 60.2104
2092 569.857 543.625
2093 717.65 863.278
2094 269.633 1524.04
2095 398.043 1193.04
2096 914.377 719.918
2097 550.538 1116.84
2098 951.16 400.558
2099 1064.25 1513.88
2100 385.419 919.814
2101 1129.45 548.768
2102 1166.23 415.914
2103 167.084 1361.35
2104 528.864 1449.63
2105 822.325 1397.29
2106 1450.47 1408.11
2107 1098.58 888.847
2108 1103.59 223.63
2109 1072.53 435.214
2110 219.942 164.872
2111 660.728 143.019
2112 1337.76 242.494
2113 780.908 308.047
2114 1109.21 1540.82
2115 178.386 36.9963
2116 481.406 995.187
2117 79.3356 1069.98
2118 534.227 1508.16
2119 1091.2 1225.48
2120 687.769 963.027
2121 1186.91 99.3432
2122 779.348 1433.15
2123 221.364 1519.81
2124 765.818 385.713
2125 459.316 1153.16
2126 1092.24 767.032
2127 341.5 766.488
2128 257.694 378.904
2129 1028.08 813.115
2130 521.725 929.601
2131 404.52 487.873
2132 316.439 178.346
2133 612.737 872.204
2134 1434.02 675.77
2135 985.817 1186.57
2136 165.63 539.842
2137 485.934 665.557
2138 641.513 442.39
2139 1430.97 1083.74
2140 48.331 1378.1
2141 62.6657 1403.34
2142 390.006 781.202
2143 1229.51 858.645
2144 965.77 1403.86
2145 1517.87 49.842
2146 56.6429 69.973
2147 207.65 0.992861
2148 288.971 1362.11
2149 878.05 1274.04
2150 355.491 1311.58
2151 46.9783 1295.4
2152 1316.67 815.857
2153 1537.98 268.744
2154 103.967 704.908
2155 669.275 636.187
2156 911.315 424.86
2157 1308.92 1477.75
2158 621.948 856.508
2159 399.699 686.776
2160 703.276 518.084
2161 44.8888 11.735
2162 1084.66 858.409
2163 199.388 504.383
2164 404.898 1241.03
2165 824.832 1082.05
2166 546.357 994.951
2167 620.993 752.683
2168 1163.59 127.663
2169 666.351 1048.47
2170 796.605 1389.25
2171 20.6137 85.9534
2172 243.014 1504.95
2173 539.863 215.224
2174 715.616 108.482
2175 778.734 122.368
2176 646.212 558.092
2177 1156.3 1359.32
2178 423.121 131.209
2179 970.498 1473.74
2180 1181.08 787.315
2181 1074.13 768.001
2182 99.4685 1012.34
2183 850.22 386.034
2184 694.057 1169.08
2185 913.384 197.589
2186 1057.27 426.457
2187 919.247 115.645
2188 1209.97 561.841
2189 1402.25 1058.39
2190 1239.33 364.758
2191 1125.71 580.02
2192 917.653 933.441
2193 1308.83 1435.59
2194 1169.21 1150.39
2195 339.523 383.254
2196 32.1025 667.722
2197 494.391 528.164
2198 943.42 1140.43
2199 932.781 956.891
2200 666.628 1029.45
2201 1259.7 25.7439
2202 8.3684 834.391
2203 258.401 609.106
2204 201.543 842.088
2205 203.773 519.905
2206 992.36 356.683
2207 1187.65 37.5494
2208 1109.64 1502.95
2209 182.686 890.076
2210 7.04458 1043.31
2211 362.851 364.059
2212 1202.89 984.076
2213 677.935 139.993
2214 675.476 1003.17
2215 570.611 1264.81
2216 938.162 1060.9
2217 1546.31 299.135
2218 1228.77 239.006
2219 1395.91 1340.08
2220 552.922 915.512
2221 1406.55 210.959
2222 958.907 1180.09
2223 965.081 697.423
2224 1541.04 360.229
2225 982.412 359.463
2226 770.838 679.968
2227 1253.18 189.447
2228 623.225 96.0809
2229 312.515 138.339
2230 159.663 1537.09
2231 279.561 229.303
2232 107.276 1274.88
2233 787.717 269.112
2234 383.54 1286.89
2235 1068.74 604.085
2236 67.2308 1259.04
2237 391.707 1387.78
2238 710.888 356.541
2239 1500.69 136.731
2240 700.395 656.858
2241 270.294 844.934
2242 234.599 621.351
2243 288.119 1053.48
2244 1176.96 865.633
2245 840.765 601.484
2246 194.697 1132.59
2247 1477.38 836.84
2248 30.3059 108.742
2249 94.7 401.882
2250 1370.67 411.683
2251 1491.51 318.377
2252 1358.61 52.7733
2253 106.472 101.896
2254 438.041 562.347
2255 645.974 613.503
2256 335.445 891.504
2257 1235.35 1427.08
2258 1079.24 119.427
2259 194.338 522.103
2260 913.689 283.353
2261 92.5724 1461.07
2262 727.625 80.2799
2263 1517.52 1021.14
2264 156.069 951.444
2265 783.048 1482.62
2266 163.199 1265.85
2267 630.608 1094.75
2268 257.671 542.112
2269 1196.82 788.662
2270 810.527 1210.26
2271 6.47723 508.402
2272 197.627 226.193
2273 442.248 1518.89
2274 1149.64 1392.66
2275 1282 1378.14
2276 967.947 425.521
2277 389.154 452.035
2278 562.716 491.986
2279 831.544 370.904
2280 111.94 55.7893
2281 1103.94 1240.99
2282 467.242 181.173
2283 117.11 1116.12
2284 491.562 934.093
2285 1132.34 871.377
2286 101.177 1425.7
2287 435.204 245.426
2288 1198.41 1481.4
2289 44.4909 1533.87
2290 823.802 893.963
2291 434.211 401.409
2292 319.892 147.842
2293 1404.09 268.498
2294 40.8018 1091.77
2295 1074.84 1353.61
2296 411.848 705.745
2297 1180.23 1039.34
2298 1285.71 267.789
2299 1274.55 1233.95
2300 238.808 1230.27
2301 811.923 394.355
2302 885.396 498.048
2303 373.41 1223.49
2304 647.912 236.656
2305 1359.37 220.226
2306 1148.88 851.496
2307 1077.55 918.642
2308 894.379 405.702
2309 321.197 1273.23
2310 880.887 45.0195
2311 66.8999 1043.03
2312 109.026 453.463
2313 1244.81 513.64
2314 288.591 1456.63
2315 53.3308 281.074
2316 1257.43 580.895
2317 81.4355 720.817
2318 1330.24 1443.72
2319 1250.48 57.5386
2320 1538.59 847.666
2321 1542.69 585.74
2322 1101.46 1097.21
2323 357.524 405.702
2324 1437.71 968.805
2325 1182.67 338.433
2326 392.653 69.8883
2327 185.476 429.814
2328 690.274 1477.87
2329 300.838 1154.38
2330 1172.99 171.255
2331 228.483 927.814
2332 351.237 355.265
2333 1520.73 328.495
2334 841.37 750.886
2335 919.016 1367.41
2336 297.574 1403.31
2337 974.989 782.668
2338 1067.54 776.474
2339 1356.3 794.241
2340 902.794 1534.69
2341 6.66635 1071.4
2342 1186.18 335.54
2343 130.112 1196.21
2344 1021.72 846.92
2345 1461.95 955.804
2346 213.181 246.466
2347 1521.25 407.546
2348 896.11 273.33
2349 511.701 1100.61
2350 771.925 1105.15
2351 299.07 326.708
2352 3.73505 887.428
2353 991.567 754.196
2354 576.71 1178.62
2355 1500.45 182.696
2356 1499.17 1302.6
2357 285.898 506.747
2358 306.153 131.625
2359 147.747 743.048
2360 810.978 610.042
2361 725.669 695.674
2362 249.409 530.471
2363 363.862 1220.75
2364 1405.37 39.1569
2365 1298.85 714.775
2366 590.46 443.488
2367 54.0873 255.969
2368 753.014 626.741
2369 872.234 46.3335
2370 366.207 1092.62
2371 1360.73 738.131
2372 1506.45 1407.89
2373 1454.3 925.119
2374 1244.87 294.795
2375 1145.19 1410.06
2376 1160.37 736.381
2377 453.217 496.346
2378 1240.32 38.958
2379 734.48 130.585
2380 327.088 1200.99
2381 371.994 9.27653
2382 571.511 1370.08
2383 304.233 922.462
2384 913.462 668.914
2385 1270.06 886.587
2386 1116.35 1040.23
2387 1350.45 344.995
2388 1454.17 380.36
2389 637.038 1514.11
2390 1261.45 177.911
2391 1394.82 914.103
2392 790.506 1231.2
2393 437.645 154.471
2394 61.2854 930.074
2395 140.469 223.677
2396 1235.31 1352.24
2397 869.19 1256.07
2398 590.791 447.449
2399 1282.07 234.892
2400 314.578 655.288
2401 703.363 613.588
2402 1535.55 1496.1
2403 652.634 29.4647
2404 1070.66 447.686
2405 860.405 1327.03
2406 1296.16 1464.19
2407 578.31 1011.26
2408 402.3 573.6
2409 1118.24 933.1
2410 534.017 8.09456
2411 272.301 380.266
2412 1514.31 1546.04
2413 1284.19 320.694
2414 14.3728 1208.84
2415 1248.6 1261.86
2416 1429.81 1536.06
2417 202.071 1078.54
2418 115.931 1228.51
2419 205.191 1382.39
2420 1286.32 12.7752
2421 637.606 1290.43
2422 1512.41 443.157
2423 585.268 206.761
2424 423.431 1236.4
2425 546.121 705.981
2426 681.433 290.766
2427 877.925 100.704
2428 103.021 166.99
2429 891.968 456.148
2430 645.248 412.132
2431 123.721 610.467
2432 117.063 4.44423
2433 124.013 606.874
2434 1484.38 1315.83
2435 88.1282 661.775
2436 707.969 543.814
2437 89.5466 671.268
2438 1536.89 1100.1
2439 245.058 426.609
2440 1350.67 1154.22
2441 851.402 553.695
2442 449.389 648.007
2443 779.738 69.5101
2444 765.574 903.371
2445 939.9 1387.63
2446 982.527 1070.41
2447 1218.95 411.29
2448 981.797 204.151
2449 1373.14 1355.45
2450 950.215 966.857
2451 722.133 673.595
2452 1532.07 911.351
2453 687.686 1326.6
2454 1158.81 1158.63
2455 1207.71 449.624
2456 1484.04 553.212
2457 1151.76 383.291
2458 711.476 933.677
2459 875.277 217.295
2460 123.901 496.913
2461 809.985 1010.64
2462 757.694 670.748
2463 1107.66 1513.41
2464 712.262 456.196
2465 433.05 360.456
2466 1466.03 1398.76
2467 383.764 123.172
2468 939.314 1129.74
2469 217.174 806.392
2470 832.443 915.616
2471 1069.64 1424.38
2472 118.67 1503.96
2473 1166.09 529.11
2474 793.439 425.89
2475 638.362 499.23
2476 1294.08 1274.42
2477 227.176 1527.41
2478 1226.33 1449.93
2479 308.224 751.747
2480 1291.65 1257.77
2481 1067.66 136.4
2482 1512.55 1470.86
2483 343.371 672.119
2484 1472.84 753.969
2485 109.356 1482.34
2486 1112.22 776.606
2487 614.082 513.072
2488 1052.01 41.6154
2489 869.273 343.908
2490 849.841 793.91
2491 886.53 1536.05
2492 298.709 1114.84
2493 745.12 279.916
2494 1061.23 1527.35
2495 57.796 28.9919
2496 1457.9 1454.65
2497 106.577 903.04
2498 788.21 321.697
2499 755.615 31.6297
2500 727.672 1433.45
2501 178.242 1449.1
2502 511.155 1290.81
2503 1505.84 473.273
2504 1379.37 632.83
2505 251.508 1541.01
2506 42.9786 1281.22
2507 1006.38 1214.74
2508 961.184 710.132
2509 539.88 384.568
2510 911.635 1000.71
2511 807.689 1500.54
2512 1321.64 94.6527
2513 1306.05 1476.01
2514 533.97 1046.63
2515 687.154 1238.53
2516 22.9776 441.596
2517 673.238 306.747
2518 1126.75 254.182
2519 40.6797 591.839
2520 1161.55 376.625
2521 11.5834 788.956
2522 1507.16 423.431
2523 1285.68 980.001
2524 509.054 723.994
2525 6.00444 1135.69
2526 1448.68 16.4157
2527 712.904 433.275
2528 531.511 368.768
2529 388.551 257.435
2530 1531.38 1061.46
2531 459.659 1437.19
2532 535.956 168.834
2533 530.501 735.757
2534 577.183 635.015
2535 946.669 157.213
2536 302.608 295.731
2537 1316.5 1134.28
2538 482.247 977.505
2539 925.556 595.149
2540 1527.88 625.039
2541 443.215 71.9587
2542 587.784 812.68
2543 461.917 793.069
2544 1321.21 143.776
2545 242.589 828.424
2546 219.138 1478.7
2547 999.716 1361.02
2548 256.765 246.428
2549 1337.43 1405.76
2550 39.1391 856.517
2551 84.6768 1208.51
2552 552.912 120.562
2553 349.763 967.529
2554 843.506 413.182
2555 220.909 54.8437
2556 1543.8 1253.24
2557 848.538 225.805
2558 666.304 1258.39
2559 1031.2 263.108
2560 519.124 778.98
2561 67.5539 803.565
2562 738.415 851.033
2563 6.38267 629.531
2564 923.739 236.216
2565 20.7555 264.489
2566 969.836 1186.7
2567 1489.72 960.9
2568 853.245 1102.27
2569 1088.84 374.224
2570 450.203 1008.84
2571 750.744 1308.46
2572 1329.49 709.233
2573 926.34 1248.45
2574 444.376 829.994
2575 72.2738 226.845
2576 1296.02 1065.11
2577 38.2592 488.261
2578 93.8502 1154.52
2579 133.47 889.518
2580 1021.37 1311.25
2581 88.7901 414.978
2582 1367.97 584.086
2583 1352.79 836.235
2584 525.952 1407.78
2585 139.142 772.03
2586 1147.94 725.214
2587 1452.85 784.511
2588 1382.74 167.273
2589 568.712 1275.98
2590 1208.22 544.891
2591 407.538 608.633
2592 821.522 1520.03
2593 1279.75 920.722
2594 397.759 300.752
2595 1496.24 601.343
2596 150.3 1069.74
2597 576.899 683.382
2598 434.723 949.468
2599 492.706 185.438
2600 1084.73 409.352
2601 905.226 1192.57
2602 1215.08 1130.73
2603 187.69 1045.01
2604 354.168 988.332
2605 913.727 1466.55
2606 493.83 408.217
2607 1241.86 416.954
2608 681.433 33.2845
2609 19.7154 1326.85
2610 81.0769 1422.39
2611 236.774 1006.34
2612 723.75 310.317
2613 1234.45 1484.7
2614 150.584 858.692
2615 1057.77 488.875
2616 204.323 1010.64
2617 1262.16 519.692
2618 646.553 129.034
2619 876.223 187.769
2620 775.058 877.405
2621 199.565 1300.37
2622 212.672 66.3798
2623 342.3 1496.49
2624 198.206 831.072
2625 1100.55 1168.42
2626 1283.83 806.165
2627 785.127 977.457
2628 685.499 396.104
2629 534.123 1064.82
2630 766.725 968.994
2631 965.667 605.277
2632 487.146 51.024
2633 925.772 470.957
2634 998.724 295.258
2635 802.61 779.122
2636 628.709 940.438
2637 1155.5 1368.59
2638 873.369 1203.63
2639 1116.9 691.882
2640 977.421 207.849
2641 1401.5 784.748
2642 373.629 1407.5
2643 317.065 543.757
2644 934.944 841.473
2645 1503.47 119.852
2646 1541.79 307.787
2647 1461.92 292.998
2648 12.7653 1227.51
2649 1006.43 1162.93
2650 805.429 390.714
2651 733.109 820.245
2652 42.5905 1472.79
2653 1065.58 1017.21
2654 450.333 601.778
2655 1260.32 390.241
2656 348.541 1193.81
2657 1298 966.857
2658 260.755 1035.22
2659 1043.45 1337.01
2660 325.339 766.451
2661 1261.88 381.353
2662 669.046 1491.65
2663 895.891 858.456
2664 166.801 965.391
2665 760.363 839.308
2666 219.422 436.916
2667 1241.46 630.608
2668 1151.77 952.011
2669 168.928 540.494
2670 199.879 1239.01
2671 681.433 1421.36
2672 23.8759 1498.47
2673 1439.27 615.904
2674 1541.47 381.93
2675 228.748 263.685
2676 1270.77 156.777
2677 527.967 28.9446
2678 1221.5 1082.97
2679 309.084 882.417
2680 428.585 1289.97
2681 840.338 1405.46
2682 155.595 726.49
2683 979.416 365.562
2684 1246.68 67.1934
2685 610.562 1021.42
2686 567.16 593.646
2687 269.585 527.408
2688 253.701 1438.65
2689 942.036 1496.9
2690 802.848 226.23
2691 1362.86 124.921
2692 1267.03 762.858
2693 1466.64 1426.22
2694 312.081 97.783
2695 505.576 105.054
2696 141.506 180.063
2697 495.014 376.351
2698 1464.04 1237.67
2699 1011.44 1113.72
2700 761.224 1375.87
2701 433.124 358.291
2702 1036.31 596.047
2703 59.7528 492.175
2704 81.32 544.996
2705 1178.68 606.59
2706 327.644 241.937
2707 603.802 1230.86
2708 861.85 722.245
2709 9.12486 859.77
2710 1232.57 1332.81
2711 1389.18 1319.98
2712 847.146 144.674
2713 1296.25 363.822
2714 1025.44 1050.5
2715 585.412 432.661
2716 885.773 362.465
2717 763.179 767.434
2718 247.66 481.726
2719 1139.38 1276.73
2720 822.033 267.468
2721 378.233 705.508
2722 562.763 1168.65
2723 244.527 1256.55
2724 1497.86 934.755
2725 389.958 39.3933
2726 1142.4 697.485
2727 464.517 1443.52
2728 730.178 438.844
2729 765.354 1053.77
2730 1335.4 589.334
2731 44.6616 360.56
2732 1545.24 658.881
2733 1359.41 1088.56
2734 1269.73 551.227
2735 100.752 1304.91
2736 1253.13 102.464
2737 144.686 571.131
2738 1092.2 419.422
2739 1457.99 706.974
2740 370.148 1326.23
2741 1162.78 795.896
2742 890.738 162.971
2743 1203.37 737.128
2744 721.242 710.96
2745 57.2077 1254.89
2746 825.088 566.791
2747 89.8775 1112.67
2748 1397.43 333.128
2749 1242.16 1497.19
2750 913.093 88.601
2751 350.243 282.965
2752 957.033 538.424
2753 1343.13 502.293
2754 1541.3 1449.77
2755 1194.88 353.846
2756 202.544 406.09
2757 9.40854 305.801
2758 1195.26 1242.64
2759 927.946 1347.64
2760 223.149 1048.61
2761 196.019 1019.05
2762 552.078 839.686
2763 251.903 860.999
2764 1261.03 134.722
2765 319.995 1096.35
2766 251.64 1422.31
2767 391.423 145.724
2768 276.755 173.902
2769 559.028 346.565
2770 250.742 949.232
2771 93.3118 1219.57
2772 1495.67 1507.54
2773 215.451 201.04
2774 1185.73 279.713
2775 1413.69 399.329
2776 181.695 1313.61
2777 442.863 282.256
2778 263.176 571.283
2779 205.77 1141.7
2780 1232.43 476.819
2781 1291.62 345.573
2782 852.489 575.207
2783 852.301 1295.78
2784 766.111 1296.02
2785 72.6692 783.131
2786 966.29 889.981
2787 432.462 845.208
2788 1519.93 1293.23
2789 232.87 874.342
2790 459.157 990.497
2791 1484.65 1168.28
2792 931.57 1110.12
2793 1515.2 36.8875
2794 403.963 1339.23
2795 544.608 138.538
2796 1361.4 834.154
2797 25.0579 1153.67
2798 139.777 583.518
2799 161.033 72.9142
2800 1282.88 278.757
2801 71.8642 921.753
2802 1442.98 688.96
2803 626.542 1085.91
2804 1546.76 1245.06
2805 900.335 1451.86
2806 16.1222 508.912
2807 14.8929 39.644
2808 1190.72 1357.19
2809 668.518 481.112
2810 273.132 651.175
2811 2.41123 1007.99
2812 288.829 973.429
2813 583.917 1297.87
2814 1291.85 1391.62
2815 934.519 103.399
2816 1214.88 1130.55
2817 854.637 1491.28
2818 1299.04 947.094
2819 838.116 894.615
2820 193.156 1371
2821 385.893 325.706
2822 1048.35 480.554
2823 651.611 1039.71
2824 381.826 512.468
2825 1495.67 591.178
2826 44.8507 700.355
2827 1192.58 603.338
2828 986.082 484.752
2829 1019.29 512.363
2830 1515.91 59.1087
2831 69.0957 737.884
2832 229.02 334.888
2833 789.608 1333.04
2834 479.599 334.121
2835 1472.41 160.891
2836 618.93 388.975
2837 1196.87 92.6197
2838 1150.7 201.182
2839 70.5404 823.233
2840 1195.29 435.923
2841 713.158 917.791
2842 1048.3 1293.42
2843 380.816 1164.07
2844 297.48 39.7617
2845 55.5739 295.92
