1 382.532 513.64
2 379.076 229.975
3 392.133 407.049
4 544.773 495.636
5 579.901 364.427
6 135.244 68.4601
7 291.145 162.735
8 730.468 585.811
9 146.991 284.11
10 493.806 547.846
11 234.386 205.225
12 572.309 60.1863
13 312.706 536.239
14 501.796 94.828
15 340.445 229.692
16 671.67 93.2018
17 497.801 666.422
18 188.904 134.131
19 232.779 427.474
20 274.452 623.101
21 503.168 85.2776
22 642.714 394.095
23 468.346 147.426
24 485.272 475.472
25 431.067 439.199
26 640.629 378.989
27 549.856 536.523
28 258.316 251.204
29 387.688 629.096
30 137.343 14.4201
31 158.456 14.7511
32 224.316 306.024
33 750.421 553.638
34 153.586 548.873
35 616.818 655.061
36 519.127 321.994
37 223.302 588.161
38 311.07 94.828
39 481.938 303.707
40 643.829 636.329
41 234.36 484.658
42 92.6906 369.155
43 233.157 526.51
44 424.545 483.121
45 433.833 686.776
46 660.394 52.267
47 486.052 53.8607
48 299.324 16.8885
49 268.014 350.419
50 162.167 510.023
51 458.772 742.849
52 444.825 450.83
53 71.3441 675.169
54 151.295 460.096
55 393.073 327.1
56 204.263 532.372
57 326.675 104.723
58 308.26 719.091
59 106.836 419.99
60 450.363 50.3049
61 725.521 458.678
62 421.918 380.715
63 141.104 730.367
64 368.76 207.73
65 396.719 126.647
66 702.962 380.904
67 202.804 596.435
68 95.874 235.993
69 382.556 470.852
70 531.039 644.216
71 546.099 422.392
72 303.19 374.484
73 497.305 556.546
74 357.973 452.13
75 621.72 212.921
76 247.552 143.397
77 254.177 690.18
78 233.748 67.3259
79 224.694 729.327
80 288.733 708.321
81 383.221 527.337
82 604.006 291.475
83 242.454 52.6787
84 366.708 124.628
85 565.883 507.801
86 281.27 560.257
87 640.927 239.468
88 529.549 212.671
89 699.494 108.6
90 154.201 58.3049
91 710.415 753.922
92 459.124 198.288
93 530.971 239.422
94 424.851 666.777
95 354.38 665.25
96 12.4344 630.135
97 392.798 608.34
98 562.645 696.799
99 769.127 569.902
100 723.819 212.813
101 110.94 615.583
102 338.447 690.889
103 297.173 278.625
104 645.598 283.131
105 428.419 511.617
106 673.963 398.36
107 167.581 88.6719
108 411.826 346.613
109 490.541 541.18
110 376.791 244.669
111 649.047 663.325
112 536.468 371.198
113 283.982 354.277
114 192.662 160.664
115 154.319 240.495
116 555.364 34.4901
117 56.8885 656.612
118 651.63 598.719
119 626.478 47.5155
120 224.662 87.5707
121 158.454 196.965
122 66.6399 49.9976
123 561.952 99.3333
124 750.652 366.366
125 673.23 265.07
126 630.916 533.733
127 355.072 641.043
128 321.688 418.926
129 547.539 442.059
130 433.596 434.906
131 144.832 353.752
132 587.466 111.579
133 290.669 646.541
134 422.583 94.3079
135 300.424 398.657
136 224.672 658.834
137 699.494 595.622
138 697.154 289.112
139 301.217 464.446
140 221.81 527.729
141 646.423 640.547
142 178.904 729.762
143 160.087 608.019
144 117.134 41.4165
145 447.926 18.628
146 31.4182 38.0695
147 475.512 697.697
148 73.0395 294.974
149 74.7482 393.74
150 446.761 99.3097
151 37.4687 189.651
152 224.72 224.316
153 119.569 96.5301
154 424.046 649.189
155 332.75 55.3406
156 265.231 711.139
157 447.261 735.639
158 736.809 682.804
159 672.828 186.138
160 336.745 312.264
161 561.415 623.28
162 660.843 155.478
163 675.374 618.41
164 215.167 504.255
165 101.603 482.8
166 222.826 459.87
167 411.202 388.681
168 550.848 364.319
169 455.656 356.721
170 82.6976 342.608
171 92.7628 619.791
172 691.255 769.595
173 478.701 387.287
174 667.699 472.72
175 558.789 310.302
176 378.225 123.928
177 687.766 69.6046
178 493.898 226.926
179 412.043 686.894
180 82.6648 332.065
181 368.635 543.686
182 634.515 221.55
183 174.211 660.451
184 11.4179 126.282
185 712.026 427.639
186 509.231 312.123
187 377.962 326.803
188 431.138 44.9013
189 197.86 304.714
190 576.994 503.083
191 603.609 593.471
192 539.643 311.049
193 612.831 324.074
194 157.167 354.097
195 263.079 130.642
196 461.471 718.926
197 107.56 284.194
198 6.00444 756.063
199 597.019 754.787
200 470.727 407.035
201 54.7557 467.269
202 635.218 201.976
203 548.508 405.489
204 574.583 130.538
205 436.974 616.033
206 228.871 624.235
207 384.875 78.8477
208 228.736 553.931
209 250.876 752.186
210 627.984 24.7368
211 654.765 279.453
212 518.888 191.552
213 61.5593 540.258
214 79.8759 307.385
215 329.882 243.166
216 177.832 724.703
217 599.711 676.8
218 252.305 327.1
219 335.918 593.943
220 450.12 11.1579
221 260.892 637.015
222 152.286 185.452
223 515.582 284.171
224 51.0614 142.097
225 80.989 513.191
226 77.7504 584.119
227 100.07 163.467
228 323.532 659.789
229 293.792 172.569
230 683.892 241.501
231 464.801 168.654
232 175.925 364.342
233 455.689 571.037
234 149.368 386.516
235 82.9432 559.028
236 598.577 675.273
237 379.556 221.229
238 506.264 451.454
239 326.58 533.402
240 551.369 220.746
241 407.64 227.46
242 550.226 706.798
243 428.608 488.615
244 690.085 233.663
245 83.6497 121.446
246 113.267 489.598
247 389.178 505.801
248 169.117 479.372
249 349.841 588.894
250 576.849 238.759
251 274.431 297.419
252 421.112 707.967
253 186.74 107.158
254 44.9624 604.425
255 684.79 708.95
256 573.211 168.938
257 649.142 523.909
258 166.472 171.609
259 97.3449 410.558
260 406.361 754.172
261 718.36 705.57
262 294.986 76.663
263 38.2973 404.79
264 479.813 763.557
265 653.964 651.364
266 357.832 282.469
267 347.383 148.235
268 692.841 10.1985
269 682.946 201.74
270 290.827 615.016
271 448.607 178.242
272 117.89 636.164
273 27.28 201.787
274 3.09678 60.598
275 726.325 38.0695
276 325.188 718.534
277 607.489 598.516
278 107.35 647.44
279 186.603 348.315
280 321.523 246.395
281 531.677 572.597
282 184.788 68.9802
283 156.369 263.993
284 552.468 621.673
285 205.45 388.161
286 8.58115 673.406
287 427.852 355.941
288 758.059 385.547
289 108.316 125.148
290 698.832 415.427
291 423.505 438.145
292 502.273 262.48
293 202.668 669.992
294 474.315 670.711
295 616.666 29.148
296 106.086 763.084
297 116.685 632.604
298 459.907 651.577
299 400.593 733.558
300 656.604 480.143
301 200.652 259.751
302 418.484 265.222
303 561.297 178.346
304 2.97858 225.096
305 351.804 151.128
306 456.432 121.683
307 200.203 428.585
308 303.153 421.493
309 76.4672 580.502
310 541.393 268.332
311 116.253 728.24
312 388.445 453.004
313 609.419 730.367
314 226.538 385.986
315 571.394 677.462
316 152.806 416.609
317 520.424 151.151
318 562.982 738.674
319 314.831 762.115
320 417.734 304.926
321 686.823 215.782
322 286.18 474.682
323 585.268 429.318
324 276.169 193.216
325 150.59 154.471
326 34.2064 692.341
327 657.274 533.531
328 369.389 485.225
329 655.595 443.572
330 585.859 560.149
331 498.652 302.123
332 419.674 137.828
333 260.366 111.413
334 124.148 97.844
335 467.918 522.717
336 336.722 510.553
337 93.8567 430.368
338 156.376 742.565
339 19.2426 2.83674
340 672.71 20.7319
341 639 426.221
342 680.464 251.69
343 623.041 714.349
344 73.4244 298.355
345 683.726 287.301
346 262.475 24.0414
347 654.484 305.328
348 293.91 365.477
349 334.594 563.331
350 197.184 201.584
351 596.315 279.963
352 81.928 744.773
353 546.617 343.625
354 763.493 172.508
355 284.927 144.508
356 314.808 642.026
357 214.74 327.478
358 43.4967 226.737
359 139.33 754.702
360 10.7796 550.707
361 680.655 160.56
362 258.056 174.743
363 308.001 47.5155
364 279.015 12.3024
365 470.71 521.725
366 149.494 424.944
367 338.4 197.495
368 338.677 544.679
369 649.804 184.743
370 295.288 376.625
371 214.011 562.323
372 234.941 768.46
373 763.64 725.176
374 30.9914 665.878
375 55.1747 708.595
376 209.281 320.255
377 728.299 354.924
378 731.726 163.619
379 526.973 203.57
380 769.148 17.314
381 744.25 68.8009
382 682.095 333.176
383 209.151 36.003
384 413.645 477.859
385 361.283 273.817
386 663.015 295.92
387 646.575 158.938
388 425.633 368.99
389 231.807 690.913
390 438.963 491.466
391 707.095 345.657
392 224.103 624.273
393 551.752 135.597
394 387.914 469.207
395 344.735 666.02
396 564.347 421.739
397 282.28 742.872
398 422.037 592.795
399 391.967 639.663
400 331.521 299.381
401 512.221 545.412
402 191.433 67.2308
403 703.67 490.176
404 282.989 14.5954
405 128.31 513.011
406 676.54 130.004
407 354.097 655.345
408 753.347 513.593
409 537.941 763.935
410 735.267 447.095
411 106.26 700.26
412 483.949 614.59
413 582.124 536.381
414 728.601 609.924
415 45.9329 710.675
416 635.974 405.371
417 285.755 439.104
418 243.441 289.679
419 527.108 760.021
420 40.7073 444.683
421 427.001 603.92
422 377.095 233.133
423 208.977 325.02
424 144.506 665.358
425 734.521 730.58
426 38.1226 617.167
427 283.367 630.467
428 8.34476 701.149
429 88.3409 216.666
430 38.6979 393.031
431 214.718 111.919
432 208.644 532.433
433 489.723 413.29
434 249.137 584.526
435 208.231 244.835
436 483.335 729.644
437 231.833 253.345
438 683.206 627.616
439 538.201 344.404
440 156.777 265.86
441 538.863 321.71
442 168.124 286.038
443 746.552 318.198
444 241.336 772.29
445 595.341 728.524
446 365.656 41.5445
447 539.596 466.04
448 197.674 437.946
449 92.5724 562.74
450 221.089 573.292
451 218.078 458.087
452 580.66 652.829
453 342.561 90.5256
454 651.154 90.6576
455 63.1648 541.18
456 522.363 257.387
457 25.6253 80.2326
458 691.62 100.279
459 571.781 497.187
460 342.211 218.572
461 41.5175 79.7933
462 113.987 529.985
463 526.28 576.342
464 280.182 587.75
465 707.531 486.516
466 437.71 512.978
467 457.351 271.807
468 574.299 745.142
469 132.878 442.991
470 766.26 309.173
471 268.651 475.202
472 464.732 147.062
473 280.152 21.0155
474 62.1972 430.618
475 91.6202 283.259
476 515.602 1.0165
477 18.9353 103.825
478 218.004 680.119
479 230.063 375.112
480 452.319 369.911
481 154.082 447.946
482 632.736 43.2604
483 149.654 421.763
484 385.833 400.808
485 13.4509 246.466
486 535.158 459.363
487 288.639 598.421
488 227.129 88.601
489 312.396 733.606
490 312.302 79.9115
491 252.659 97.8677
492 469.268 202.26
493 232.944 219.517
494 216.692 184.918
495 98.4087 23.4741
496 641.66 261.534
497 771.72 352.57
498 493.265 76.7812
499 228.027 598.695
500 274.148 31.2751
501 107.116 152.664
502 431.835 179.623
503 0.969221 583.447
504 545.181 172.025
505 177.632 145.856
506 687.611 751.714
507 527.256 146.717
508 735.163 52.135
509 92.4042 41.0244
510 697.955 717.484
511 263.28 163.917
512 381.022 570.077
513 288.166 524.254
514 761.847 132.651
515 141.514 530.637
516 165.855 373.184
517 231.053 288.814
518 75.0095 73.2924
519 281.831 559.004
520 105.709 355.35
521 730.249 266.418
522 70.8713 666.976
523 143.066 494.492
524 595.811 722.434
525 22.2684 201.267
526 23.0958 766.299
527 573.819 592.866
528 729.084 399.035
529 560.141 375.94
530 472.2 741.582
531 755.885 735.993
532 646.625 85.6795
533 417.947 333.436
534 504.891 190.96
535 501.655 351.591
536 428.23 326.425
537 10.425 607.357
538 712.094 761.76
539 253.865 698.393
540 720.769 653.657
541 236.608 273.874
542 223.995 542.338
543 613.476 609.744
544 388.753 160.04
545 415.938 562.796
546 639.825 312.572
547 200.168 8.33095
548 319.252 256.82
549 229.422 658.527
550 666.146 270.375
551 758.798 629.332
552 93.0452 265.212
553 659.32 238.935
554 258.664 503.414
555 435.227 683.561
556 185.952 599.475
557 106.233 41.7947
558 717.885 639.97
559 611.697 194.729
560 276.724 186.847
561 531.765 406.586
562 504.465 584.426
563 450.995 86.828
564 476.242 278.365
565 712.283 436.906
566 407.38 746.347
567 339.783 664.673
568 178.418 400.123
569 745.896 77.6657
570 440.475 617.333
571 568.129 159.435
572 35.1533 727.28
573 1.98572 349.085
574 92.5724 342.476
575 300.403 636.613
576 14.231 101.565
577 371.732 9.0303
578 573.992 484.384
579 738.387 544.348
580 569.453 19.0397
581 607.394 179.599
582 308.948 75.7509
583 646.494 743.014
584 210.815 168.337
585 562.314 572.394
586 603.567 525.257
587 260.413 493.178
588 768.273 146.906
589 68.7976 753.095
590 162.892 582.133
591 586.521 146.977
592 108.907 769.879
593 648.43 705.886
594 146.397 33.3416
595 767.691 326.614
596 268.947 131.682
597 139.568 124.779
598 371.874 751.771
599 480.001 1.67841
600 436.434 185.736
601 246.609 743.062
602 13.38 517.068
603 92.2651 738.57
604 115.373 434.4
605 388.752 140.253
606 612.973 734.23
607 51.4869 594.308
608 12.9781 261.146
609 479.97 461.704
610 713.063 490.26
611 96.7303 704.799
612 419.935 415.441
613 420.973 730.732
614 412.593 450.532
615 549.312 88.01
616 281.831 762.054
617 421.647 387.887
618 185.358 751.005
619 221.551 214.089
620 528.437 218.794
621 67.7509 458.205
622 535.168 255.128
623 67.5788 627.994
624 391.539 265.756
625 322.136 568.082
626 608.033 354.475
627 760.079 281.05
628 538.624 717.98
629 702.993 101.471
630 60.2453 549.204
631 644.225 504.738
632 449.789 34.3581
633 767.222 174.602
634 599.239 466.361
635 770.173 694.104
636 121.105 478.63
637 18.6043 364.711
638 544.633 512.812
639 557.452 697.91
640 491.227 100.752
641 283.769 203.546
642 334.31 398.019
643 185.011 303.849
644 642.194 65.9779
645 62.8693 383.008
646 584.669 56.461
647 428.006 110.137
648 518.313 18.5196
649 645.753 741.643
650 483.31 594.983
651 533.584 229.219
652 284.701 679.954
653 406.563 45.8843
654 268.805 357.643
655 451.61 245.473
656 90.7692 330.632
657 724.62 130.041
658 59.1342 244.537
659 252.187 151.256
660 226.44 712.496
661 386.577 61.4155
662 74.7311 638.646
663 660.181 640.584
664 414.615 772.659
665 120.115 727.044
666 655.288 569.439
667 696.64 78.0676
668 599.168 761.524
669 419.342 263.179
670 677.109 239.894
671 716.705 10.3541
672 773.459 24.987
673 529.906 643.161
674 672.935 322.311
675 342.537 247.742
676 56.7585 123.398
677 197.957 58.6024
678 42.9031 26.2261
679 317.526 104.024
680 730.32 43.6957
681 503.083 764.432
682 89.0974 115.182
683 309.347 457.317
684 80.5635 315.881
685 265.124 717.625
686 151.789 104.875
687 618.151 212.992
688 170.867 426.018
689 364.642 0.756465
690 310.198 21.9138
691 309.56 317.56
692 5.24798 270.082
693 689.4 166.659
694 532.504 391.944
695 572.538 487.173
696 345.657 627.119
697 589.145 462.021
698 686.111 113.659
699 206.799 502.445
700 24.7506 374.616
701 348.707 709.73
702 217.92 657.52
703 598.521 120.514
704 580.398 101.343
705 454.038 161.954
706 318.637 289.381
707 715.687 226.301
708 769.199 683.608
709 33.6876 50.8348
710 255.03 120.784
711 370.55 188.819
712 141.64 235.213
713 55.6776 292.147
714 35.4369 654.305
715 645.927 586.696
716 192.662 400.099
717 162.988 624.472
718 281.799 742.991
719 40.6429 224.373
720 165.642 438.75
721 305.967 430.689
722 726.207 196.185
723 576.929 431.942
724 152.652 563.141
725 356.203 379.013
726 580.752 204.161
727 327.154 387.925
728 477.495 150.986
729 771.326 445.369
730 526.297 762.942
731 429.924 687.107
732 467.637 532.977
733 558.295 190.875
734 320.383 377.77
735 760.083 403.74
736 739.823 250.944
737 375.278 553.898
738 733.724 386.435
739 312.729 265.6
740 589.948 625.549
741 716.987 427.639
742 159.28 162.768
743 78.2941 227.152
744 710.746 257.316
745 126.755 685.273
746 319.063 94.9462
747 329.819 377.557
748 477.65 8.35459
749 635.159 411.078
750 726.719 673.467
751 424.34 34.2773
752 555.269 534.807
753 770.57 217.744
754 760.225 662.569
755 760.054 473.132
756 146.802 60.5172
757 743.062 155.666
758 140.587 68.2099
759 663.729 687.674
760 555.576 2.9313
761 356.91 57.7514
762 329.477 153.373
763 535.973 320.964
764 148.183 403.74
765 142.411 283.755
766 129.096 80.3744
767 709.683 383.656
768 109.514 645.015
769 465.847 648.655
770 29.7162 451.43
771 56.9949 96.8847
772 148.41 13.0352
773 762.986 309.796
774 671.293 715.011
775 427.613 508.912
776 81.4775 20.3398
777 48.633 136.518
778 471.372 715.815
779 470.025 358.399
780 146.187 661.552
781 57.0671 683.098
782 612.289 329.796
783 138.48 507.919
784 465.322 146.859
785 654.189 563.732
786 391.211 325.384
787 392.913 724.41
788 154.744 274.654
789 540.542 745.236
790 53.2243 727.554
791 355.728 178.961
792 632.998 655.926
793 729.587 364.626
794 378.824 202.378
795 741.927 253.061
796 693.056 605.537
797 260.035 233.18
798 3.21498 700.733
799 732.306 672.639
800 253.369 46.0498
801 365.843 417.626
802 431.248 244.584
803 597.023 299.56
804 52.7976 236.192
805 539.407 255.648
806 101.831 762.81
807 774.428 582.431
808 375.916 303.508
809 195.003 629.403
810 86.3473 274.205
811 642.398 56.4749
812 405.134 290.752
813 504.412 618.032
814 523.859 442.944
