1 127.024 233.723
2 218.163 388.203
3 419.964 358.15
4 397.864 248.856
5 80.2337 139.598
6 266.101 400.807
7 462.636 151.836
8 458.587 625.806
9 80 610.222
10 175.336 553.608
11 192.784 346.967
12 208.075 312.039
13 112.046 67.8065
14 275.434 287.922
15 374.132 503.926
16 607.754 275.983
17 340.017 394.814
18 327.181 198.401
19 343.861 182.226
20 405.999 368.592
21 135.536 515.353
22 479.741 155.166
23 547.963 62.5077
24 537.028 617.487
25 135.601 225.192
26 10.0947 3.26197
27 592.982 191.395
28 117.991 373.447
29 329.169 618.78
30 142.41 148.631
31 474.993 198.131
32 34.0206 352.765
33 313.342 278.531
34 359.975 409.117
35 143.507 615.856
36 257.31 67.1696
37 275.955 514.446
38 582.252 435
39 263.251 476.141
40 408.171 564.996
41 270.898 13.4918
42 266.246 246.085
43 595.45 393.83
44 460.804 440.578
45 333.3 134.069
46 83.2376 405.787
47 364.089 375.416
48 112.934 244.937
49 564.475 131.791
50 387.19 293.876
51 524.772 313.834
52 110.386 322.453
53 116.659 263.486
54 88.8021 352.854
55 501.359 548.406
56 267.055 317.839
57 407.36 141.772
58 279.371 297.225
59 363.129 35.6978
60 470.518 427.029
61 363.951 263.36
62 342.893 541.429
63 264.625 488.948
64 598.536 276.65
65 628.958 538.92
66 60.0859 61.6879
67 180.217 127.912
68 359.648 107.408
69 360.226 107.184
70 454.041 591.517
71 82.8618 293.393
72 378.618 627.678
73 535.06 381.071
74 92.832 312.377
75 116.968 488.764
76 624.282 359.203
77 14.6499 543.021
78 412.001 339.293
79 152.116 192.263
80 295.334 36.673
81 604.851 516.443
82 213.514 109.942
83 257.232 574.396
84 157.733 219.961
85 484.199 525.486
86 19.1472 435.174
87 596.302 588.525
88 601.19 88.8453
89 205.724 183.616
90 543.552 478.399
91 401.049 325.743
92 51.7577 408.306
93 203.4 441.167
94 336.311 454.302
95 483.177 501.156
96 231.368 547.19
97 529.703 116.929
98 150.359 263.621
99 461.25 594.18
100 489.017 577.108
101 538.553 111.795
102 518.052 365.099
103 413.402 472.58
104 605.276 402.573
105 141.133 58.049
106 14.013 186.366
107 107.245 50.5702
108 218.325 8.51201
109 248.228 242.206
110 224.014 207.743
111 117.275 529.676
112 459.303 171.495
113 601.702 351.742
114 118.361 33.1307
115 402.187 525.148
116 391.263 220.202
117 456.348 246.703
118 86.5788 462.842
119 168.494 32.446
120 87.3367 279.149
121 158.708 434.421
122 312.377 1.13879
123 484.991 23.5673
124 456.667 394.611
125 518.615 432.867
126 236.557 158.109
127 357.047 229.66
128 18.9542 270.116
129 63.4058 167.133
130 119.174 566.849
131 81.212 613.038
132 405.599 525.795
133 72.4582 387.257
134 211.777 38.5839
135 450.055 256.113
136 309.801 352.321
137 147.85 356.115
138 350.228 73.9462
139 573.779 35.0324
140 238.494 163.504
141 577.911 561.696
142 452.275 247.601
143 42.1547 219.893
144 391.775 109.865
145 516.159 448.127
146 549.212 456.155
147 62.494 140.033
148 543.861 23.3163
149 171.977 404.677
150 208.284 89.8489
151 167.478 343.616
152 99.6349 15.7501
153 24.764 491.206
154 456.159 307.976
155 600.664 629.068
156 351.926 600.434
157 58.5804 312.077
158 71.1243 334.757
159 186.666 591.189
160 7.79785 477.985
161 129.78 162.321
162 85.1587 426.671
163 346.962 309.752
164 354.184 191.867
165 180.566 26.6839
166 284.02 55.4728
167 442.2 471.673
168 436.313 545.251
169 158.716 409.387
170 319.998 86.1522
171 631.323 342.347
172 272.896 289.159
173 455.112 1.1967
174 443.399 632.445
175 454.668 492.354
176 569.745 202.242
177 492.056 46.4396
178 264.393 458.973
179 433.9 46.459
180 132.409 462.659
181 135.871 624.988
182 282.286 326.071
183 426.971 449.11
184 179.177 505.297
185 534.458 411.607
186 619.218 457.93
187 504.988 529.81
188 276.036 534.065
189 219.714 300.361
190 165.878 492.345
191 547.751 620.141
192 503.579 225.172
193 406.299 380.185
194 425.7 38.6702
195 612.508 15.3732
196 161.422 511.212
197 322.849 408.808
198 543.28 75.71
199 97.6849 553.591
200 492.828 560.528
201 179.003 451.01
202 4.07264 558.26
203 620.009 445.616
204 49.8174 128.461
205 85.5853 590.387
206 425.275 92.4564
207 546.969 298.663
208 225.423 362.184
209 541.534 580.997
210 478.073 269.219
211 365.904 132.592
212 414.846 497.836
213 507.339 403.22
214 458.328 88.4978
215 324.055 566.844
216 533.32 289.08
217 224.939 582.782
218 294.6 168.782
219 110.519 444.544
220 290.296 394.621
221 469.528 343.318
222 116.852 598.929
223 476.297 498.425
224 333.937 432.859
225 573.768 183.664
226 41.8438 174.129
227 570.094 333.193
228 319.326 424.925
229 280.717 192.34
230 141.925 168.744
231 511.33 502.17
232 479.592 35.3412
233 310.811 12.8833
234 413.566 235.75
235 436.448 191.703
236 343.798 441.119
237 277.789 250.38
238 234.746 136.733
239 534.395 114.673
240 143.579 362.445
241 93.1688 302.958
242 173.638 400.614
243 247.425 611.908
244 94.5941 562.554
245 93.5742 115.366
246 217.606 181.251
247 143.469 571.754
248 149.78 41.151
249 277.383 45.7255
250 331.234 364.549
251 508.578 516.569
252 417.069 614.302
253 596.207 165.897
254 427.192 582.387
255 222.509 446.871
256 424.123 445.027
257 485.648 333.821
258 582.599 582.454
259 21.0001 49.2577
260 46.6707 198.961
261 377.041 49.4984
262 16.2133 36.6151
263 277.18 304.676
264 53.4268 418.511
265 318.669 121.619
266 227.147 254.492
267 92.0879 575.439
268 188.905 334.409
269 531.255 185.102
270 292.091 62.2761
271 397.999 11.2528
272 398.546 581.887
273 25.3044 342.806
274 59.1431 103.071
275 421.142 181.821
276 87.0451 13.0479
277 100.619 460.673
278 322.97 546.93
279 588.594 43.7181
280 214.016 517.36
281 474.318 220.831
282 216.767 28.6629
283 189.205 534.644
284 205.166 182.429
285 390.799 49.7806
286 206.73 118.956
287 147.406 116.572
288 588.197 560.383
289 536.681 238.471
290 87.6455 254.048
291 133.934 78.1329
292 125.184 463.953
293 72.8147 387.692
294 473.901 417.339
295 215.937 426.883
296 532.859 445.123
297 356.626 283.405
298 566.811 527.822
299 451.947 231.204
300 316.371 611.069
301 524.849 150.291
302 562.653 366.595
303 582.121 412.881
304 522.687 494.091
305 127.255 12.2583
306 7.45042 506.493
307 441.022 69.0418
308 201.354 374.704
309 4.47797 514.832
310 531.045 503.163
311 151.17 147.589
312 76.1031 77.7753
313 259.823 414.608
314 215.097 182.246
315 189.738 578.334
316 433.613 131.561
317 605.124 247.253
318 120.288 558.243
319 506.067 169.796
320 167.971 219.623
321 391.919 404.127
322 369.452 269.682
323 131.502 205.571
324 437.228 8.11581
325 185.941 480.542
326 540.087 91.2864
327 17.6803 426.141
328 220.386 264.258
329 338.407 348.326
330 46.8937 89.53
331 321.487 153.611
332 12.5846 279.391
333 600.067 46.7871
334 467.244 153.66
335 431.89 202.339
336 548.706 223.706
337 255.881 506.927
338 426.643 107.259
339 22.5829 453.346
340 516.41 307.638
341 615.614 68.2017
342 306.769 623.287
343 99.2102 112.923
344 359.175 490.647
345 274.467 172.971
346 542.085 84.3378
347 22.3706 25.729
348 632.027 434.044
349 463.781 467.371
350 483.695 341.126
351 241.635 481.15
352 142.523 355.718
353 588.575 547.915
354 593.968 103.572
355 556.639 265.754
356 435.326 62.8551
357 440.231 203.516
358 198.942 464.985
359 94.9253 566.608
360 575.94 189.84
361 32.6776 249
362 577.244 577.938
363 123.72 302.735
364 296.299 130.788
365 16.6766 356.501
366 403.227 489.575
367 66.5046 187.245
368 362.619 307.436
369 126.075 80.1402
370 369.372 238.066
371 572.717 321.207
372 304.852 378.196
373 314.5 394.264
374 424.961 115.722
375 86.1623 194.058
376 362.629 582.31
377 566.097 487.664
378 8.76293 152.405
379 137.136 360.988
380 585.611 33.0342
381 421.836 232.565
382 219.575 566.155
383 617.604 527.399
384 294.678 108.88
385 333.721 335.162
386 411.124 502.459
387 512.377 152.781
388 522.126 610.973
389 544.788 212.781
390 369.24 381.93
391 15.615 123.453
392 270.029 573.305
393 205.18 312.165
394 297.379 481.577
395 326.89 218.465
396 505.779 18.558
397 420.825 260.089
398 131.506 343.018
399 3.03035 301.442
400 88.382 502.584
401 469.785 366.334
402 491.843 91.3545
403 606.769 165.868
404 27.2975 226.427
405 222.963 64.5446
406 1.06159 621.84
407 558.399 324.353
408 199.81 252.223
409 377.308 160.107
410 225.867 296.164
411 631.919 422.54
412 286.339 556.755
413 272.797 21.6757
414 175.529 614.881
415 629.077 210.966
416 422.145 615.335
417 68.5176 377.115
418 321.904 203.004
419 1.2546 462.089
420 618.285 306.943
421 136.26 319.045
422 400.605 546.023
423 29.6777 532.675
424 469.541 536.063
425 568.104 370.089
426 136.64 588.544
427 325.599 92.7919
428 371.614 226.331
429 550.377 354.609
430 216.004 498.183
431 525.625 381.245
432 395.764 19.4265
433 539.729 598.069
434 8.04877 553.425
435 358.508 598.88
436 457.294 96.8747
437 94.1146 0.347429
438 359.581 417.541
439 314.267 152.743
440 508.771 607.99
441 220.068 216.921
442 536.623 341.454
443 305.619 335.327
444 75.4966 120.355
445 556.945 275.732
446 180.719 590.32
447 492.5 411.481
448 334.4 208.863
449 21.0194 376.854
450 543.853 402.323
451 197.582 439.275
452 33.6792 325.02
453 304.822 536.034
454 451.925 480.88
455 145.532 531.045
456 80.4684 129.919
457 236.831 16.2032
458 561.287 41.6813
459 408.962 306.473
460 348.761 319.422
461 16.4064 304.077
462 425.098 414.067
463 505.126 64.0518
464 279.352 277.19
465 410.815 22.6022
466 57.4995 454.6
467 487.255 458.306
468 408.118 82.0216
469 192.969 10.7408
470 426.546 44.287
471 50.493 540.84
472 269.296 229.901
473 516.039 420.62
474 192.931 369.915
475 57.6732 591.343
476 551.794 106.38
477 38.2415 620.247
478 10.2878 60.2789
479 103.12 262.116
480 334.694 76.1926
481 488.601 310.505
482 7.16089 591.266
483 595.628 608.55
484 508.501 8.84927
485 354.165 62.8744
486 123.824 36.9626
487 209.484 623.924
488 342.711 318.805
489 374.123 348.963
490 220.096 94.3554
491 91.7984 179.312
492 564.519 212.365
