1 428.307 230.537
2 219.134 116.696
3 674.781 1249.29
4 912.794 768.576
5 926.012 726.421
6 889.689 116.051
7 261.232 273.079
8 326.596 264.581
9 1312.71 242.854
10 279.393 1425.88
11 960.88 1293.47
12 473.828 1003.92
13 1255.99 1187.2
14 367.806 160.185
15 610.778 514.167
16 1282.39 1037.91
17 552.339 572.923
18 930.852 1082.04
19 716.339 1274.37
20 1021.25 315.506
21 308.894 207.184
22 139.536 1149.89
23 829.052 505.624
24 1421.95 1358.52
25 427.223 181.415
26 340.131 203.879
27 1015.1 853.088
28 719.232 729.771
29 142.644 382.035
30 366.747 959.69
31 120.137 1242.28
32 662.58 726.421
33 812.576 1161.8
34 1294.85 712.026
35 1008.71 1089.09
36 976.252 28.7402
37 628.845 1028.72
38 770.387 891.281
39 847.792 1080.36
40 860.874 642.917
41 538.08 404.224
42 262.006 941.403
43 1109.2 715.557
44 275.219 840.364
45 963.674 1024.68
46 369.101 754.905
47 633.166 956.39
48 1001.92 121.812
49 1050.36 441.98
50 1057.15 754.486
51 507.942 777.267
52 568.861 1285.02
53 1034.23 357.06
54 1123.67 380.191
55 975.488 755.165
56 589.677 1113.63
57 1424.48 648.88
58 837.209 391.734
59 1139.85 24.7606
60 697.712 515.04
61 1059.55 1192.72
62 1376.98 1120.07
63 700.269 682.829
64 878.668 1446.29
65 550.166 263.495
66 604.573 846.558
67 995.048 54.5911
68 517.077 685.508
69 648.756 1419.54
70 1102.23 916.823
71 472.68 1373.23
72 1413.02 974.797
73 1001.65 1150.85
74 1009.12 1320.54
75 1248.3 545.718
76 1333.27 326.098
77 353.62 1129.79
78 494.775 880.293
79 991.929 110.256
80 1061.27 312.687
81 467.51 1447.12
82 880.157 127.05
83 95.6024 1422.31
84 953.76 372.858
85 523.821 637.756
86 1225.33 1215.31
87 927.315 535.002
88 1308.22 440.355
89 13.082 1203.62
90 353.049 806.328
91 746.195 689.315
92 102.871 293.506
93 1372.63 306.362
94 1154.47 746.033
95 1481.69 1443.41
96 912.93 445.001
97 940.03 1014.19
98 1236.76 563.87
99 377.023 82.8251
100 1116.22 1406.23
101 869.027 1230.21
102 537.925 876.626
103 592.758 1066.91
104 975.035 340.481
105 1195.21 851.627
106 514.225 459.317
107 1357.39 1406.83
108 730.884 1327.3
109 1440.57 849.24
110 1338.12 864.631
111 879.207 558.45
112 681.348 306.214
113 282.323 423.964
114 231.99 1117.52
115 1017.27 951.135
116 533.777 244.924
117 100.763 634.724
118 1246.05 22.8021
119 6.29201 1133.06
120 37.3899 1360.66
121 731.702 956.34
122 451.064 146.107
123 1206.75 662.97
124 1337.17 413.598
125 103.207 286.569
126 409.723 646.538
127 722.842 103.796
128 986.533 745.885
129 147.794 803.472
130 276.805 1405.6
131 206.555 1168.99
132 918.034 495.291
133 573.624 1081.55
134 853.631 249.631
135 80.5012 1413.35
136 1471.11 1277.55
137 1480.42 717.775
138 147.466 695.335
139 211.617 926
140 946.527 261.096
141 270.834 187.3
142 1462.56 1262.19
143 977.118 1358.84
144 122.631 831.574
145 645.09 1006.53
146 784.844 314.769
147 100.535 591.358
148 107.326 56.447
149 315.596 507.525
150 105.063 868.466
151 729.944 1468.66
152 425.774 812.484
153 109.454 1165.6
154 535.888 547.405
155 1188.49 1162.03
156 1.08639 932.382
157 1169.09 1379.53
158 844.869 240.138
159 1171.08 92.3763
160 70.0722 155.988
161 157.4 1265.41
162 1366.41 1066.92
163 700.135 948.769
164 812.077 199.838
165 21.9089 137.881
166 1175.44 10.9092
167 1212.09 1180.35
168 464.684 2.03698
169 749.491 924.609
170 1090.06 207.636
171 689.794 199.312
172 116.515 114.512
173 691.217 971.278
174 271.211 284.713
175 805.921 658.941
176 287.956 914.502
177 596.973 805.83
178 870.126 127.684
179 1081.4 931.477
180 821.221 1015.73
181 965.484 976.529
182 1301.64 724.351
183 1480.06 736.153
184 683.419 49.5544
185 1356.77 383.134
186 4.43609 1021.43
187 1442.47 93.4296
188 567.401 232.249
189 1232.78 1339.24
190 843.084 1330.73
191 1310.15 338.682
192 668.266 605.934
193 211.982 1372.6
194 817.735 744.358
195 397.211 515.344
196 30.2831 89.3556
197 1180 1292.11
198 853.903 1151.35
199 90.7023 542.29
200 64.8666 22.9831
201 499.169 157.56
202 276.081 992.508
203 1311.32 41.0112
204 782.746 1184.53
205 317.459 1483.1
206 1027.27 1447.93
207 493.085 1078.77
208 1164.54 841.5
209 1330.45 1009.12
210 810.99 1274.46
211 777.991 1053.35
212 607.292 1183.7
213 759.523 1138.49
214 364.486 1234.85
215 781.25 284.939
216 402.036 473.654
217 736.256 162.234
218 958.659 1130.83
219 211.212 687.187
220 730.652 456.181
221 586.198 616.979
222 1080.01 148.156
223 433.458 463.605
224 734.988 13.0367
225 158.794 1034.02
226 467.827 1464.08
227 1156.24 363.533
228 723.581 1229.07
229 660.073 1071.49
230 226.558 969.818
231 913.79 532.455
232 582.984 863.849
233 784.6 350.801
234 1033.7 498.834
235 1202.69 1238.21
236 427.857 902.79
237 1177.24 354.254
238 1266.29 217.64
239 1039.45 473.214
240 42.1429 483.715
241 361.469 1262.87
242 203.671 105.141
243 894.479 1173.97
244 401.715 1331.01
245 1142.39 973.677
246 331.935 1211.01
247 724.668 457.053
248 1289.73 519.43
249 16.4317 162.675
250 1076.79 139.465
251 1360.38 165.346
252 1115.31 1185.79
253 943.213 483.53
254 939.094 1107.3
255 1053.98 168.888
256 299.753 1345.36
257 993.278 239.093
258 449.72 726.557
259 938.368 817.542
260 374.271 1444.62
261 641.337 19.9503
262 517.439 144.885
263 669.44 101.804
264 510.771 1215.44
265 1043.16 439.569
266 358.161 454.885
267 1307.3 1430.96
268 611.049 1019.4
269 391.103 828.957
270 861.464 695.742
271 497.214 462.111
272 914.831 945.374
273 451.935 536.677
274 733.294 902.371
275 962.378 889.708
276 1160.58 1010.89
277 1144.93 896.848
278 819.003 836.249
279 1197.42 944.435
280 561.8 1404.2
281 1045.56 1290.04
282 1314.33 861.372
283 1103.81 284.396
284 1278.23 165.539
285 200.678 808.365
286 753.738 734.581
287 653.65 1398.5
288 721.273 133.038
289 268.519 300.194
290 457.689 362.628
291 1100.11 399.52
292 1380.58 804.291
293 398.526 805.229
294 228.912 41.316
295 823.679 952.3
296 299.997 1066.79
297 1003.81 1086.97
298 1115.77 1343.59
299 1077.43 128.091
300 1392.37 1130.75
301 1298.83 908.988
302 361.496 119.943
303 321.355 548.887
304 1153.11 1469.65
305 414.186 375.484
306 1284.93 151.675
307 755.602 362.311
308 78.4028 454.461
309 654.502 1301.53
310 1221.46 1035.32
311 1407.27 661.521
312 244.543 258.792
313 556.277 967.019
314 656.683 441.379
315 697.206 1161.89
316 913.564 473.164
317 551.217 853.903
318 909.585 681.348
319 715.252 1354.31
320 450.824 339.09
321 357.875 599.28
322 666.093 774.506
323 1387.37 1286.06
324 690.295 852.545
325 1425.3 1267.67
326 256.343 1017.39
327 426.861 1111.73
328 1078.6 256.693
329 1182.08 1015.82
330 607.339 387.195
331 643.57 736.844
332 114.116 734.388
333 1345.54 22.8595
334 776.995 564.503
335 563.701 336.238
336 590.812 1274.73
337 849.455 1244.41
338 1342.24 1114.9
339 497.461 441.803
340 1447.73 399.067
341 1415.16 1141.07
342 1215.57 520.196
343 284.849 590.77
344 899.496 1265.36
345 505.896 409.117
346 590.953 1427.38
347 475.202 308.794
348 719.962 238.36
349 1418.26 265.248
350 1305.07 1363.73
351 951.621 1197.01
352 653.047 1130.71
353 1231.57 881.874
354 512.485 1044.38
355 147.794 1301.18
356 168.436 827.241
357 281.981 1094.25
358 734.219 754.091
359 92.0263 1089.33
360 989.223 74.2245
361 1176.26 341.579
362 1298.82 1299.27
363 75.6852 230.088
364 1187.37 1110.82
365 44.3157 555.01
366 116.538 1080.36
367 694.43 1249.97
368 762.454 216.509
369 1378.18 162.946
370 254.487 775.724
371 591.268 1155.82
372 526.266 361.846
373 369.123 708.553
374 899.486 865.162
375 766.629 375.846
376 1335.76 248.874
377 943.032 1315.97
378 980.184 1429.86
379 1037.2 575.594
380 683.049 1053.2
381 355.793 430.515
382 1021.93 599.687
383 339.452 583.515
384 1406.31 469.773
385 331.433 492.937
386 909.716 1431.26
387 1082.41 952.81
388 917.61 896.35
389 767.425 623.395
390 255.163 1044.52
391 964.053 270.466
392 486.25 268.474
393 668.411 591.165
394 997.85 1130.48
395 241.541 421.734
396 967.684 1037.31
397 65.4849 83.6029
398 461.806 1283.01
399 944.125 602.766
400 39.3817 615.519
401 925.175 997.747
402 1272.93 764.955
403 564.768 774.868
404 600.321 52.8257
405 454.973 645.937
406 1228.12 651.649
407 7.96686 2.76124
408 574.293 379.183
409 222.891 330.296
410 1312.17 566.915
411 925.553 403.051
412 1233.28 76.2284
413 854.6 1366.18
414 123.577 393.092
415 923.738 505.62
416 506.394 20.913
417 1327.03 1438.14
418 129.959 494.929
419 399.205 1165.15
420 604.078 539.121
421 144.083 681.653
422 563.067 681.834
423 546.064 68.5331
424 1239.25 882.104
425 1074.8 1250.44
426 275.672 261.989
427 864.903 425.412
428 877.305 177.975
429 453.549 256.829
430 1279.48 139.725
431 1070.95 1140.56
432 175.425 344.328
433 1143.76 177.16
434 879.659 475.658
435 439.581 1055.38
436 1071.54 1424.53
437 666.727 134.531
438 392.459 445.148
439 1403.03 958.818
440 427.356 1018.31
441 1430.32 1325.89
442 426.318 1302.03
443 1027.86 615.926
444 351.14 611.399
445 1321.45 806.283
446 925.915 1344.37
447 49.1592 356.007
448 670.801 1186.2
449 373.641 352.353
450 168.436 43.5009
451 360.772 1278.68
452 544.915 234.796
453 960.369 184.369
454 751.401 1116.95
455 1241.79 470.498
456 885.759 224.973
457 185.184 302.922
458 1359.31 1223.99
459 1416.47 360.817
460 1039.01 20.6414
461 1306.83 225.879
462 1181.72 810.945
463 461.218 643.279
464 1389.15 882.466
465 1147.77 571.034
466 1308.48 454.247
467 1177.51 1051.12
468 504.402 899.112
469 1184.53 594.47
470 683.834 1267.05
471 761.396 1367
472 1028.95 39.2459
473 1149.94 195.085
474 729.846 1011.34
475 294.185 1031.12
476 137.808 772.152
477 1327.34 1155.87
478 446.845 35.3491
479 66.0281 768.35
480 48.9328 190.752
481 132.313 1202.68
482 1166.77 805.411
483 1452.58 1232.23
484 362.9 177.567
485 226.168 503.542
486 683.837 1194.85
487 1396.55 1027.95
488 1172.7 909.988
489 117.415 437.902
490 1040.08 865.491
491 832.401 856.969
492 512.459 1180.8
493 270.742 357.287
494 1212.7 1076.02
495 587.833 181.596
496 1167.19 59.4346
497 919.946 1464.67
498 480.003 520.188
499 548.763 462.889
500 296.222 47.8012
501 1240.25 494.262
502 981.644 1063.11
503 820.361 633.999
504 419.117 526.081
505 719.326 1312.99
506 797.727 453.293
507 790.241 1009.11
508 1037.57 538.623
509 316.24 522.418
510 589.331 4.1645
511 372.033 873.413
512 497.748 448.453
513 206.822 703.845
514 1183 330.115
515 98.1017 1038.21
516 98.1469 687.323
517 443.533 795.135
518 622.049 667.032
519 547.586 802.876
520 1433.88 118.359
521 528.891 1369.4
522 612.634 153.667
523 706.018 811.126
524 349.953 308.296
525 565.511 785.596
526 855.17 41.5544
527 50.7156 713.257
528 680.578 325.181
529 670.843 1353.4
530 1085.89 8.63373
531 187.221 1001.7
532 827.291 427.63
533 1294.01 756.124
534 584.113 1349.6
535 306.66 479.72
536 391.896 920.263
537 510.422 95.0923
538 409.569 873.409
539 183.012 746.441
540 512.53 390.681
541 930.946 111.491
542 327.956 114.512
543 390.014 977.83
544 1012.02 395.125
545 217.493 456.691
546 959.464 1134.1
547 280.192 899.618
548 1415 990.006
549 1176.15 265.746
550 253.156 1356.35
551 1212.43 277.886
552 906.446 591.754
553 586.651 108.413
554 1372.65 319.218
555 1028.27 780.662
556 1151.39 1446.56
557 372.131 737.252
558 1473.17 986.171
559 377.249 1475.72
560 960.749 954.847
561 1283.07 103.693
562 773.284 47.8917
563 1291.54 379.15
564 282.914 1404.16
565 881.425 874.68
566 1223.5 625.716
567 1281.31 1114.26
568 1259.85 195.312
569 705.615 437.124
570 940.452 906.502
571 625.082 238.961
572 1171.9 547.405
573 286.306 71.9281
574 967.486 210.307
575 881.94 311.663
576 190.616 620.543
577 330.082 102.302
578 269.832 394.265
579 1469.5 224.237
580 387.694 344.147
581 1379.49 1368.17
582 89.6579 339.666
583 705.158 31.1432
584 548.853 904.951
585 33.0896 516.126
586 114.541 1056.79
587 680.85 1389.81
588 370.288 1110.92
589 991.992 287.803
590 814.502 146.346
591 297.784 982.583
592 650.838 843.446
593 132.693 942.25
594 1080.15 1034.41
595 609.284 1255.01
596 451.757 950.942
597 1050.81 676.221
598 97.8204 560.899
599 669.465 1358.8
600 411.541 398.603
601 1223.76 448.543
602 543.738 1452.49
603 774.596 222.381
604 1433.22 304.177
605 178.304 578.231
606 663.83 564.549
607 51.0603 515.48
608 706.147 501.04
609 1103.37 72.1092
610 1047.19 1287.04
611 97.7751 48.3444
612 322.31 332.028
613 39.144 403.129
614 684.109 1451.45
615 583.98 535.986
616 769.03 834.471
617 192.698 674.908
618 825.155 158.522
619 1448.07 599.235
620 17.1559 974.344
621 518.279 399.463
622 14.1683 1152.06
623 198.402 1104.3
624 1434.6 707.635
625 729.817 701.989
626 82.1469 249.631
627 95.3453 1005.35
628 1203.99 590.136
629 1139.72 1037.54
630 1323.86 567.084
631 1214.22 971.809
632 889.12 1398.94
633 541.115 172.95
634 496.333 859.232
635 1419.19 170.473
636 1344.63 631.814
637 1469.67 436.581
638 708.462 325.691
639 689.311 182.456
640 1076.35 17.8311
641 1090.21 703.076
642 438.54 653.645
643 1281.99 308.613
644 715.75 198.851
645 522.327 991.693
646 343.526 544.451
647 935.56 1232.92
648 1153.84 152.762
649 685.237 473.53
650 299.27 650.974
651 1283.39 774.777
652 1369.71 1452.85
653 255.019 281.725
654 432.7 1035.69
655 252.031 860.997
656 815.31 873.775
657 653 489.859
658 1127.22 694.882
659 902.018 966.694
660 982.177 134.35
661 355.838 285.494
662 1416.61 205.414
663 961.593 358.949
664 879.522 89.4793
665 284.861 1395.5
666 706.555 1231.29
667 1173.97 867.528
668 638.888 525.541
669 514.695 757.803
670 1074.12 196.851
671 1027.99 1221.27
672 1014.4 198.402
673 975.126 532.138
674 1083.27 217.188
675 1238.31 1112.6
676 1381.44 1075.89
677 522.345 503.982
678 834.584 100.944
679 851.061 807.81
680 914.424 1420.49
681 1054.25 1205.38
682 215.784 723.355
683 135.527 850.405
684 97.5488 725.425
685 1322.91 1250.03
686 33.6328 1318.41
687 537.309 1270.97
688 472.263 189.427
689 704.932 1315.17
690 413.19 487.008
691 1148.91 652.139
692 1263.74 470.407
693 509.472 583.618
694 423.647 265.067
695 812.167 271.495
696 634.724 1086.29
697 865.695 475.963
698 818.097 9.40325
699 1296.06 211.484
700 384.901 200.427
701 725.03 53.5379
702 1346.63 762.239
703 99.631 1356.22
704 1466.42 651.879
705 675.423 281.77
706 385.306 1416.97
707 665.459 1215.9
708 273.861 1437.52
709 83.1541 1194.03
710 1102.67 1107.88
711 826.471 1217.83
712 1168.82 1403.53
713 49.6571 260.359
714 140.688 161.407
715 192.019 1373.02
716 17.4728 639.024
717 552.203 1209.74
718 186.844 615.033
719 1314.89 1420.82
720 856.423 1111.65
721 834.8 554.907
722 612.95 1344.62
723 1329.97 726.647
724 520.835 1020.52
725 750.786 1403.79
726 1346.85 1387.23
727 597.922 657.888
728 976.395 1359.25
729 164.997 528.743
730 49.4308 164.317
731 558.5 541.327
732 669.905 299.708
733 1113.64 1145.13
734 1151.8 1265.46
735 375.122 1001.56
736 871.511 415.499
737 576.828 1238.52
738 774.17 211.517
739 806.963 893.963
740 321.618 409.738
741 755.901 1227.2
742 701.582 513.003
743 1003.1 802.435
744 938.37 654.448
745 446.727 497.065
746 285.693 1175.43
747 129.959 405.54
748 1299.52 112.293
749 600.64 1207.51
750 1223.37 1063.89
751 829.233 859.244
752 618.382 115.791
753 15.3905 1390.84
754 171.655 658.986
755 981.961 1171.45
756 1114.68 604.021
757 1105.9 740.68
758 818.612 314.732
759 871.557 1467.02
760 1306.07 758.65
761 771.156 981.644
762 102.895 363.85
763 432.066 207.587
764 602.449 1112.78
765 1331.89 491.489
766 201.404 210.159
767 242.307 1070.45
768 296.222 245.965
769 105.837 109.409
770 409.608 1396.86
771 1301 154.313
772 1322.68 120.272
773 1204.09 214.653
774 384.265 409.24
775 796.206 1031.35
776 747.844 1417.88
777 102.168 752.099
778 989.656 1424.88
779 420.75 1312.89
780 1480.5 949.049
781 1040.5 772.276
782 85.508 1295.15
783 1021.69 422.515
784 633.804 86.4464
785 201.888 205.011
786 499.513 907.091
787 1065.21 304.05
788 1204.04 115.655
789 886.187 767.84
790 535.138 730.721
791 570.928 328.358
792 111.043 1456.29
793 1160.66 1210.19
794 1389.3 351.447
795 1006.57 676.99
796 341.918 1237.26
797 1279.61 992.949
798 219.225 1225.98
799 1205.97 778.353
800 1449.5 152.671
801 970.871 709.775
802 308.816 1471.78
803 1015.37 1341.77
804 1354.62 1240.07
805 1055.93 692.348
806 1156.53 1387.76
807 1200.01 100.22
808 596.207 1262.11
809 103.071 915.416
810 838.92 971.233
811 466.441 1230.43
812 1190.51 1374.86
813 1298.12 913.518
814 1329.02 211.529
815 767.082 1428.29
816 957.879 92.1168
817 111.627 752.766
818 590.544 597.967
819 502.457 845.652
820 873.503 1056.96
821 351.502 857.512
822 118.546 482.226
823 238.603 648.246
824 1099.2 1059.77
825 249.225 170.053
826 1100.96 488.151
827 852.771 999.751
828 925.87 788.255
829 200.403 1445.62
830 1441.94 1194.25
831 371.195 1149.04
832 1210.52 1052.3
833 675.011 625.082
834 1206.77 820.542
835 1232.71 677.862
836 213.521 442.342
837 1050.27 562.331
838 1010.45 793.291
839 1164.04 56.5376
840 153.543 82.7346
841 31.0527 1236.58
842 908.087 192.019
843 1245.58 164.181
844 830.5 681.262
845 165.873 1051.52
846 601.77 1437.69
847 329.005 1286.83
848 449.71 857.203
849 45.1725 1018.66
850 1104.99 1128.43
851 513.712 1335.08
852 796.009 23.6743
853 1036.49 1477.52
854 339.588 863.092
855 390.24 1089.15
856 878.51 1208.64
857 381.748 273.046
858 814.702 683.792
859 1111.33 625.218
860 1193.14 1322.05
861 74.324 822.069
862 411.923 96.405
863 155.761 1095.44
864 128.783 988.66
865 521.896 729.104
866 497.017 617.568
867 1304.35 495.032
868 707.648 409.24
869 1189.3 389.957
870 291.199 618.926
871 386.057 698.821
872 210.386 16.2385
873 1134.94 239.187
874 1303.85 1336.71
875 66.9488 922.391
876 402.978 373.356
877 626.074 89.2198
878 1125.73 788.674
879 708.145 655.624
880 302.469 1078.47
881 481.045 874.849
882 788.614 1136.58
883 955.186 74.7799
884 1196.06 1087.34
885 1115.93 1411.62
886 482.538 1213.49
887 1058.73 1083.98
888 605.617 469.597
889 30.1926 174.909
890 931.353 704.331
891 64.9118 803.917
892 587.828 1323.31
893 950.873 84.4669
894 722.314 423.001
895 152.434 72.8787
896 1410.77 284.495
897 149.56 87.0923
898 1212.78 316.362
899 1221.24 1365.32
900 718.692 497.295
901 810.88 1098.37
902 193.903 1180.03
903 1415.58 928.456
904 170.111 1394.05
905 475.703 919.313
906 625.987 354.196
907 210.44 959.192
908 704.841 801.744
909 1389.37 824.966
910 116.847 406.491
911 776.724 65.0808
912 469.914 1252.41
913 614.182 422.153
914 1245.27 1156
915 1357.77 284.993
916 103.957 1474.37
917 1043.48 461.576
918 1000.84 622.58
919 351.716 1276.1
920 370.102 1216.35
921 304.461 989.517
922 519.443 1180.82
923 1042.41 457.551
924 597.45 711.721
925 1430.33 137.145
926 1061.93 515.854
927 1035.78 79.2491
928 972.403 395.389
929 1356.45 69.5621
930 723.853 1405.83
931 1148.41 555.462
932 753.185 716.474
933 330.757 1154.38
934 985.185 404.17
935 1131.84 831.405
936 368.818 753.683
937 203.064 385.566
938 270.484 465.325
939 746.905 990.694
940 1338.48 1317.51
941 612.108 474.979
942 1352.28 614.308
943 928.642 1372.97
944 701.944 1150.62
945 1138.31 45.5831
946 983.254 1339.47
947 632.506 759.93
948 410.474 932.259
949 24.489 1274.33
950 973.813 263.392
951 1338.8 458.264
952 432.841 1335.98
953 660.027 865.491
954 198.79 825.826
955 493.375 703.788
956 1330.21 854.932
957 367.881 237.87
958 694.671 263.528
959 350.959 1205.57
960 837.028 1292.62
961 1399.95 1301.27
962 250.096 1453.09
963 1388.83 1467.44
964 1388.23 1176.56
965 156.097 121.63
966 1167.05 625.942
967 171.186 185.58
968 1153.79 733.12
969 542.867 58.9367
970 1164.57 612.362
971 1271.05 1073.31
972 1134.55 1352.6
973 730.235 859.911
974 101.617 1321.96
975 271.203 1029.9
976 821.004 178.892
977 1452.74 1403.93
978 351.782 666.5
979 160.17 762.136
980 380.03 135.922
981 155.263 1144.1
982 204.422 1288.36
983 1176.32 1218.75
984 1145.37 498.11
985 532.512 690.129
986 1136.45 1477.8
987 375.062 77.36
988 906.819 154.494
989 946.518 513.624
990 211.939 1023.06
991 560.577 989.554
992 27.2956 275.038
993 300.759 91.6068
994 173.462 318.029
995 1272.75 1450.18
996 468.926 1073.3
997 471.162 683.385
998 197.568 17.1559
999 915.5 333.793
1000 3.66657 496.707
1001 1288.08 65.3976
1002 1183.32 441.153
1003 1412.01 606.745
1004 1478.65 89.3518
1005 246.764 298.655
1006 233.936 778.172
1007 1123.64 994.94
1008 1314.49 692.335
1009 304.732 29.592
1010 1036.37 478.95
1011 1345.6 1267.36
1012 372.949 666.398
1013 767.342 141.774
1014 888.894 922.889
1015 1413.69 59.7476
1016 1253.49 1003.19
1017 286.852 686.961
1018 1031.89 266.697
1019 816.603 141.363
1020 1347.08 148.552
1021 28.3367 887.569
1022 1170 33.7195
1023 484.934 1423.57
1024 275.4 941.263
1025 981.09 1212.94
1026 755.272 1443.27
1027 963.062 819.908
1028 629.518 624.527
1029 703.373 783.65
1030 417.219 320.066
1031 1304.62 629.144
1032 103.542 1014.64
1033 1004.48 1377.44
1034 237.422 1261.11
1035 174.66 227.134
1036 483.806 103.705
1037 419.528 565.874
1038 591.701 824.241
1039 1224.36 1144.2
1040 1325.98 896.589
1041 802.083 971.447
1042 1044.85 885.77
1043 1052.75 1092.82
1044 624.5 413.495
1045 991.444 243.113
1046 706.747 1132.92
1047 534.142 1476.76
1048 319.535 67.0725
1049 10.1849 1050.67
1050 1265.51 1056.14
1051 719.1 525.36
1052 649.118 1094.44
1053 788.45 572.98
1054 1261.48 661.826
1055 1093.18 1022.06
1056 585.681 620.238
1057 641.581 221.974
1058 1467.51 585.972
1059 1286.33 926.827
1060 1168.59 935.144
1061 320.535 5.43195
1062 829.118 816.818
1063 166.294 1181.13
1064 1343.5 433.013
1065 1347.46 372.031
1066 700.088 489.098
1067 607.318 928.004
1068 256.388 810.04
1069 458.683 335.016
1070 896.034 399.417
1071 821.943 122.128
1072 384.353 38.0198
1073 941.186 313.872
1074 870.837 612.86
1075 1227.59 1319.82
1076 524.867 292.058
1077 525.496 1184.03
1078 10.0038 1293.74
1079 119.775 1395.06
1080 757.078 905.008
1081 830.584 10.366
1082 993.662 1158.22
1083 694.203 77.4385
1084 232.94 736.075
1085 790.239 1101.51
1086 1099.1 425.462
1087 237.662 355.431
1088 1372.07 72.924
1089 972.908 296.313
1090 130.412 272.906
1091 1296.79 872.734
1092 1358.75 402.179
1093 1430.18 214.097
1094 581.364 1327.57
1095 1074.94 635.806
1096 1255.46 290.519
1097 915.555 1264.47
1098 565.964 1377.94
1099 774.687 97.6272
1100 506.711 1116.36
1101 481.95 831.122
1102 265.476 1298.28
1103 1061.4 550.561
1104 899.848 1255.96
1105 1424.17 1013.55
1106 345.338 1193.49
1107 319.716 631.823
1108 643.796 450.297
1109 861.283 250.322
1110 624.729 826.471
1111 222.755 1194.4
1112 1075.07 726.285
1113 645.198 927.222
1114 1068.66 640.744
1115 1413.94 627.074
1116 881.382 365.892
1117 572.482 172.407
1118 1284.11 125.692
1119 553.144 219.484
1120 1278.1 615.753
1121 485.001 413.314
1122 347.761 900.877
1123 105.213 621.37
1124 614.173 1198.83
1125 169.351 1072.08
1126 1324.26 953.489
1127 967.068 778.444
1128 1424.67 900.968
1129 1124.16 1237.53
1130 133.49 1471.32
1131 12.3124 1101.51
1132 829.016 676.628
1133 458.049 1391.61
1134 1235.47 476.432
1135 4.25503 982.583
1136 244.333 611.761
1137 452.417 230.632
1138 1439.03 873.82
1139 1351.97 737.387
1140 47.439 1291.89
1141 1342.37 1041.61
1142 295.046 1037.32
1143 727.519 1283.52
1144 763.846 94.4133
1145 931.399 1479.47
1146 668.99 336.633
1147 259.969 843.706
1148 1091.29 160.107
1149 1183.67 249.689
1150 413.323 1066.78
1151 871.24 740.227
1152 1463.64 332.571
1153 1124.16 1277.27
1154 217.006 1246.03
1155 495.116 1408.13
1156 1419.91 788.538
1157 348.958 317.033
1158 565.602 302.469
1159 1287.1 1134.51
1160 1271.1 696.002
1161 1044.07 109.713
1162 1025.27 926.827
1163 823.846 1066.14
1164 947.378 447.729
1165 1200.89 431.285
1166 1385.84 546.442
1167 1449.94 18.6044
1168 422.108 928.543
1169 104.303 323.156
1170 816.078 620.317
1171 409.795 430.108
1172 1315.24 959.406
1173 126.006 27.0692
1174 1355.5 244.623
1175 646.674 2.85177
1176 10.3207 841.771
1177 163.411 944.152
1178 354.428 1309.96
1179 433.479 992.553
1180 1202.18 124.12
1181 116.38 1226.21
1182 1418.92 153.679
1183 623.181 316.399
1184 704.75 160.185
1185 148.971 417.491
1186 1434.23 1337.48
1187 1379.04 110.211
1188 243.563 875.766
1189 776.95 287.486
1190 374.759 1189.91
1191 417.977 1432.45
1192 917.321 1241.07
1193 1320.6 669.624
1194 122.128 325.464
1195 1206.98 953.851
1196 880.112 1115.71
1197 914.256 1294.65
1198 1355.68 1398.82
1199 1019.89 1180.36
1200 1230.07 804.834
1201 901.895 799.715
1202 1107.89 1463.96
1203 893.97 582.338
1204 734.671 703.257
1205 335.061 1424.38
1206 284.191 503.439
1207 470.814 1255
1208 706.833 561.664
1209 961.7 55.3606
1210 791.477 363.126
1211 544.734 513.172
1212 818.733 778.72
1213 1365.59 1004.5
1214 999.715 806.69
1215 412.964 42.8219
1216 90.3741 909.354
1217 402.896 1316.42
1218 762.536 535.862
1219 297.047 511.587
1220 972.138 664.822
1221 733.672 465.337
1222 202.761 1323.4
1223 694.954 264.581
1224 651.2 221.533
1225 416.766 597.005
1226 896.847 1179.59
1227 1151.27 1262.48
1228 1379.94 370.64
1229 1181.51 655.591
1230 1400.29 295.091
1231 1069.39 819.908
1232 1057.6 275.84
1233 823.574 907.181
1234 1199.1 182.547
1235 107.772 795.497
1236 202.094 144.399
1237 773.536 352.522
1238 497.667 133.75
1239 993.142 438.935
1240 315.795 329.535
1241 353.892 412.364
1242 497.997 674.591
1243 1343.64 994.274
1244 625.897 816.784
1245 145.848 141.762
1246 325.057 753.626
1247 10.5923 908.391
1248 195.505 132.63
1249 883.142 832.895
1250 407.467 1245.22
1251 1326.43 197.18
1252 1467.41 57.0808
1253 22.6331 55.3485
1254 231.395 778.477
1255 1419.33 1094.67
1256 162.215 295.124
1257 1422.71 649.785
1258 1291.42 1321.45
1259 458.593 1283.71
1260 134.158 894.552
1261 1270.58 1100.73
1262 359.64 1446.17
1263 1101.42 1247.4
1264 1340.42 575.367
1265 437.136 107.594
1266 419.03 386.891
1267 537.854 1053.7
1268 339.607 315.946
1269 772.831 1017.04
1270 1282.98 1386.95
1271 93.9744 283.955
1272 143.15 1321.81
1273 820.786 1462.6
1274 965.925 324.728
1275 1418.15 1431.53
1276 1456.98 126.462
1277 935.065 1403.62
1278 1262.93 585.61
1279 754.045 234.792
1280 108.464 1350.39
1281 234.691 1346.61
1282 1327.98 835.57
1283 207.926 528.801
1284 1182.64 674.546
1285 670.574 1454.81
1286 83.2447 973.077
1287 257.702 193.423
1288 825.568 1333.85
1289 832.13 157.115
1290 776.045 1389.25
1291 1427.42 1462
1292 1038.5 1331.64
1293 1442.3 912.836
1294 551.966 1231.11
1295 131.951 826.426
1296 202.34 1120.7
1297 1406.6 583.343
1298 136.047 11.1317
1299 584.84 1382.25
1300 1224.79 336.283
1301 617.115 969.727
1302 1425.25 555.685
1303 1211.42 1432.04
1304 310.979 88.6313
1305 500.803 277.89
1306 1333.62 2.39911
1307 1430.68 38.2379
1308 994.049 848.603
1309 410.565 745.762
1310 574.882 1084.9
1311 787.478 629.427
1312 810.447 1049.14
1313 354.118 772.831
1314 217.052 231.22
1315 1331.71 950.308
1316 778.598 1045.33
1317 862.793 1110.73
1318 1396.51 185.23
1319 25.8018 720.186
1320 222.619 540.298
1321 791.843 1353.19
1322 615.214 638.423
1323 886.965 1414.51
1324 285.376 31.9911
1325 1047.46 225.743
1326 1194.47 1414.48
1327 620.767 1017.21
1328 1078.89 1238.98
1329 1213.92 643.098
1330 1132.38 1333.23
1331 1083.74 1386.81
1332 299.165 1100.86
1333 277.977 161.86
1334 507.366 69.1216
1335 1397.6 138.095
1336 1256.09 394.133
1337 930.21 94.7876
1338 1068.87 25.1228
1339 939.317 1224.85
1340 997.505 608.638
1341 1194.65 44.6778
1342 1473.07 697.088
1343 115.884 569.54
1344 676.478 76.85
1345 1027.63 366.747
1346 671.181 728.606
1347 132.992 964.25
1348 1376.09 308.58
1349 1228.16 974.537
1350 518.299 154.086
1351 390.874 147.659
1352 375.076 737.161
1353 1458.99 1051.08
1354 868.829 187.662
1355 69.2751 265.577
1356 123.842 716.824
1357 1044.52 885.622
1358 1038.09 591.165
1359 1295.53 1429.68
1360 1384.57 1176.15
1361 460.177 1312.9
1362 96.2797 536.982
1363 102.302 583.98
1364 1334.4 330.534
1365 1251.96 1322
1366 1476.53 1162.29
1367 1355.14 438.177
1368 1219.61 1206.51
1369 1228.12 274.845
1370 1347.66 1461.73
1371 694.629 928.127
1372 1229.34 1349.98
1373 1262.04 793.88
1374 623.814 1045.19
1375 1109.07 1292.97
1376 179.119 948.917
1377 26.1639 672.838
1378 1425.43 828.916
1379 824.436 601.589
1380 1474.23 257.248
1381 1277.65 1414.06
1382 537.854 1436.65
1383 349.535 226.138
1384 555.394 935.506
1385 28.6988 1156.28
1386 1231.86 521.92
1387 1208.56 837.332
1388 5.79408 314.136
1389 581.793 433.651
1390 1156.06 1113.19
1391 406.174 1184.29
1392 783.152 926.498
1393 272.367 149.791
1394 1473.57 671.751
1395 546.5 874.001
1396 869.927 623.09
1397 1332.46 908.494
1398 928.592 564.108
1399 56.3209 829.685
1400 1167.19 742.762
1401 1320.72 316.411
1402 628.25 1287.09
1403 1433.54 1460.33
1404 1479.09 1108.42
1405 668.04 1435.15
1406 609.059 261.763
1407 1273.95 825.826
1408 96.7889 589.77
1409 353.572 1425.89
1410 1336.76 1283.8
1411 1401.35 1128.2
1412 1068.35 1051.39
1413 1152.07 1111.15
1414 392.923 954.752
1415 787.977 591.721
1416 1238.93 407.804
1417 1237.62 1166.73
1418 1221.06 1259.43
1419 1367.9 1045.02
1420 677.081 931.806
1421 640.786 781.872
1422 352.443 1187.23
1423 743.812 122.071
1424 818.821 719.055
1425 1052.11 1067.15
1426 101.954 946.88
1427 1055.7 284.498
1428 1243.87 1287.86
1429 1231.65 1091.63
1430 197.995 1236.07
1431 627.617 896.667
1432 682.525 810.933
1433 914.514 1369.38
1434 775.909 735.169
1435 151.479 13.4441
1436 906.611 534.039
1437 818.821 38.3737
1438 389.245 1146.92
1439 120.589 609.272
1440 607.337 1217.48
1441 848.426 706.969
1442 560.294 1309.04
1443 323.654 440.799
1444 734.237 1053.35
1445 970.282 944.514
1446 1358.21 1211.13
1447 205.373 874.577
1448 951.18 500.225
1449 345.382 256.207
1450 627.363 1241.34
1451 1202.18 490.04
1452 130.141 1247.09
1453 972.048 890.659
1454 1128.6 463.255
1455 611.185 237.772
1456 881.09 1471.97
1457 469.094 1001.5
1458 265.315 804.378
1459 1079.46 1300
1460 912.387 659.756
1461 395.265 955.423
1462 1124.52 541.553
1463 754.543 687.459
1464 1213.91 10.3538
1465 1239.98 515.48
1466 272.475 217.504
1467 1181.09 1148.18
1468 733.714 170.053
1469 1267.93 214.64
1470 252.722 645.485
1471 1042.17 695.878
1472 1093.51 406.66
1473 385.488 627.979
1474 747.632 1171.63
1475 253.446 762.679
1476 589.774 1105.04
1477 1431.71 232.611
1478 371.987 729.273
1479 487.092 1350.52
1480 1236.73 778.078
1481 988.58 408.528
1482 756.376 12.6707
1483 509.293 1020.66
1484 1393.48 520.369
1485 1399.32 918.815
1486 510.507 704.026
1487 1073.02 933.074
1488 1264.81 249.405
1489 390.23 1274.38
1490 533.691 950.275
1491 1405.26 46.5216
1492 603.129 1392.66
1493 463.527 1332.9
1494 1049.57 347.102
1495 1414.62 1316.25
1496 482.267 1096.76
1497 379.152 998.245
1498 887.886 1288.41
1499 1307.97 91.3518
1500 489.193 334.65
1501 1336.65 1076.19
1502 1362.24 964.624
1503 837.292 1084.7
1504 149.696 165.72
1505 213.346 472.67
1506 356.407 959.916
1507 817.826 937.679
1508 1357.99 895.457
1509 467.285 111.808
1510 1380.43 650.192
1511 999.513 1300.8
1512 345.88 457.461
1513 607.845 762.691
1514 1276.73 1308
1515 1274.38 1231.14
1516 501.414 1144.74
1517 694.701 1265
1518 1076.79 969.093
1519 327.4 344.657
1520 740.212 720.219
1521 1279.59 1238.38
1522 1237.88 327.682
1523 17.8349 368.332
1524 1191.42 901.976
1525 38.2047 738.733
1526 742.5 841.545
1527 1171.94 850.1
1528 422.787 1148.41
1529 1479.64 563.384
1530 414.684 80.1666
1531 1330.96 103.886
1532 1430.97 1234.68
1533 643.153 317.814
1534 1315.2 359.674
1535 771.79 621.053
1536 89.6417 1371.57
1537 873.956 1389.57
1538 321.074 563.425
1539 1145.39 159.88
1540 972.082 335.287
1541 792.703 480.818
1542 384.673 1045.65
1543 179.617 991.093
1544 142.227 246.652
1545 778.544 658.036
1546 282.416 565.816
1547 972.63 1438.11
1548 750.759 942.386
1549 1423.35 881.968
1550 965.756 1001.52
1551 1428.42 794.23
1552 135.391 392.763
1553 578.097 186.361
1554 616.345 1461.73
1555 1384.86 1150.52
1556 124.075 1010.24
1557 101.125 1415.06
1558 1327.17 1023.29
1559 385.196 6.60887
1560 407.582 526.401
1561 681.257 1343.49
1562 1000.11 1236.57
1563 242.582 1322.86
1564 576.104 750.062
1565 1004.85 320.609
1566 1104.38 838.105
1567 1184.48 381.175
1568 1059.32 661.464
1569 509.2 984.039
1570 1303.26 1085.84
1571 738.293 78.9775
1572 663.513 1097.71
1573 31.8675 1212.67
1574 310.923 34.7645
1575 21.1393 1171.81
1576 1034.88 1277.05
1577 1246.86 1001.82
1578 843.773 530.599
1579 626.078 388.735
1580 1259.94 1184.8
1581 1116.72 1132.87
1582 1168.68 296.029
1583 1005 1150.7
1584 648.122 11.226
1585 849.693 682.57
1586 628.841 282.947
1587 1479.86 205.814
1588 870.813 921.531
1589 558.857 637.427
1590 1344.92 391.64
1591 0.407396 1300.55
1592 101.084 804.879
1593 1043.12 1365.23
1594 976.131 964.669
1595 182.116 33.3491
1596 420.705 184.279
1597 316.245 918.181
1598 953.851 556.129
1599 618.062 547.133
1600 1472.66 1036.33
1601 141.185 1022.29
1602 411.47 798.678
1603 112.567 1469.16
1604 56.9546 217.863
1605 1023.7 1169.09
1606 406.672 1388.12
1607 601.495 728.606
1608 1192.54 936.152
1609 740.545 388.113
1610 1286.31 1207.75
1611 80.9361 483.987
1612 1267.86 575.877
1613 0.588461 1056.92
1614 867.471 1462.96
1615 219.315 56.3565
1616 843.673 205.373
1617 695.426 344.974
1618 368.631 1009.15
1619 1263.53 1309.96
1620 146.73 868.66
1621 354.616 886.947
1622 409.569 440.202
1623 1191.14 74.1009
1624 233.986 823.97
1625 393.771 823.076
1626 112.215 1331.87
1627 166.58 1000.33
1628 588.788 127.696
1629 727.972 342.291
1630 36.7562 304.539
1631 1045.38 1460.2
1632 1160.55 270.734
1633 754.569 914.152
1634 847.724 1285.92
1635 559.447 34.2213
1636 782.835 788.39
1637 150.454 1463.13
1638 176.897 0.181065
1639 992.262 1225.18
1640 247.225 1185.98
1641 534.394 311.51
1642 117.828 564.697
1643 383.632 908.98
1644 725.211 1429.96
1645 1060.63 1434.58
1646 611.98 118.281
1647 507.208 1136.58
1648 605.449 18.6044
1649 254.949 1297.59
1650 494.534 365.208
1651 1325.49 270.046
1652 435.495 321.119
1653 479.388 732.091
1654 514.946 1304.62
1655 56.0396 398.286
1656 556.282 176.946
1657 846.615 1312.27
1658 1392.53 1062.9
1659 1402.94 762.153
1660 88.0882 1440.99
1661 368.086 1369.2
1662 1377.59 633.366
1663 1434.62 286.309
1664 404.635 555.824
1665 1357.63 520.562
1666 215.736 1418.64
1667 1012.62 42.6408
1668 809.225 657.299
1669 522.02 16.3743
1670 43.6819 454.926
1671 1165.4 1309.1
1672 1463.24 1375.01
1673 1038.9 880.787
1674 1211.21 1181.76
1675 894.689 1128.99
1676 1442.62 1477.98
1677 1257.14 715.705
1678 534.821 283.593
1679 69.6648 649.933
1680 259.785 569.857
1681 692.438 172.148
1682 285.54 1124.32
1683 129.009 347.238
1684 906.14 255.751
1685 872.064 77.6195
1686 338.501 552.961
1687 975.156 361.361
1688 614.19 890.285
1689 192.608 1144.09
1690 384.763 1201.1
1691 1048.49 1428.33
1692 96.8666 1088.42
1693 37.7973 986.669
1694 1478.82 446.54
1695 933.934 998.109
1696 473.807 421.474
1697 603.128 873.548
1698 519.295 252.936
1699 1256.47 102.335
1700 484.58 291.424
1701 656.136 813.83
1702 689.813 447.77
1703 970.282 112.804
1704 237.991 267.828
1705 688.057 1314.44
1706 152.366 452.153
1707 1122.77 809.258
1708 174.411 1112.15
1709 1465.04 612.815
1710 589.701 608.243
1711 621.619 43.6781
1712 264.772 494.575
1713 689.948 1207.25
1714 1470.89 46.8506
1715 593.056 495.02
1716 1018.94 1262.79
1717 1388.72 737.338
1718 182.861 781.024
1719 1.67485 106.195
1720 1052.25 1393.84
1721 957.336 80.0308
1722 204.83 365.887
1723 1178.86 9.08639
1724 1128.49 427.573
1725 190.118 1074.17
1726 706.142 567.232
1727 686.87 67.163
1728 474.968 831.529
1729 1162.46 104.191
1730 792.132 841.636
1731 1423.99 1128.26
1732 1059 1351.1
1733 812.761 413.812
1734 955.526 1462.45
1735 1336.8 939.366
1736 44.1394 1404.93
1737 208.134 1154.47
1738 290.926 575.05
1739 42.0038 791.435
1740 934.024 593.519
1741 204.196 519.871
1742 276.714 1408.19
1743 1426.03 256.014
1744 1483.1 825.373
1745 1081.94 772.469
1746 1362.33 491.58
1747 924.091 613.811
1748 86.6364 1428.47
1749 473.44 1437.66
1750 611.683 682.661
1751 1431.75 500.904
1752 185.456 766.617
1753 1273.28 1237.13
1754 1178.33 496.797
1755 210.996 1093.94
1756 880.519 912.465
1757 1140.65 762.951
1758 1012.56 734.659
1759 919.104 946.518
1760 1420.18 1413.85
1761 182.333 908.856
1762 1239.89 1440.51
1763 541.418 125.059
1764 676.142 1028.72
1765 1210.92 401.952
1766 934.432 1073.98
1767 362.095 174.218
1768 43.5801 257.01
1769 1181.2 1053.03
1770 1272.25 1365.73
1771 61.1095 668.299
1772 26.1639 1226.16
1773 1147.64 238.644
1774 504.04 532.862
1775 1358.44 1419.67
1776 608.754 648.11
1777 577.1 299.651
1778 374.895 1306.37
1779 1412.43 1208.61
1780 662.517 502.818
1781 807.757 816.818
1782 558.133 584.013
1783 622.592 1010.3
1784 72.5505 378.562
1785 1330.73 551.784
1786 1190.52 1395.73
1787 1163.66 858.429
1788 860.421 1271.08
1789 935.379 54.0893
1790 642.871 651.415
1791 462.259 355.838
1792 1193.31 1246.95
1793 1058.87 563.158
1794 333.748 1020.33
1795 86.5378 48.9781
1796 993.278 491.851
1797 262.771 1343.67
1798 490.686 1358.58
1799 245.22 1436.98
1800 120.295 203.155
1801 237.892 1318.69
1802 271.552 1056.91
1803 179.662 595.432
1804 660.163 1397.78
1805 1349.89 537.615
1806 448.86 637.074
1807 1239.53 1461.64
1808 66.328 233.019
1809 1246 236.739
1810 911.165 145.395
1811 1442.12 412.602
1812 160.75 690.072
1813 923.522 1329.37
1814 836.702 18.1849
1815 154.224 1376.73
1816 892.122 1099.41
1817 1265.33 522.282
1818 418.333 910.757
1819 486.174 1172.75
1820 210.126 1435.25
1821 1224.52 884.865
1822 687.2 706.73
1823 685.695 1309.99
1824 803.057 1073.61
1825 551.023 1336.89
1826 1462.66 719.055
1827 10.7281 1251.16
1828 153.284 1347.61
1829 262.544 628.25
1830 458.03 1444.36
1831 694.43 298.021
1832 393.275 326.493
1833 351.223 380.315
1834 1204.17 1457.92
1835 468.325 467.419
1836 848.122 325.814
1837 898.264 555.043
1838 41.008 556.989
1839 1196.16 45.6737
1840 920.7 190.386
1841 829.187 1435.71
1842 214.992 438.799
1843 436.249 1347.11
1844 1251.02 687.266
1845 1100.03 441.98
1846 1361.07 8
1847 472.806 813.242
1848 184.63 762.374
1849 617.432 337.324
1850 126.697 621.358
1851 1478.46 372.858
1852 350.403 127.194
1853 139.747 1393.37
1854 395.627 68.2947
1855 158.206 1194.44
1856 573.84 1228.06
1857 1308.87 518.521
1858 1059.48 222.562
1859 1217.89 918.362
1860 118.824 1265.87
1861 613.203 1314.17
1862 913.499 37.9663
1863 1362.47 1448.55
1864 700.903 256.977
1865 411.616 1035.01
1866 551.83 1244.37
1867 1093.79 1422.04
1868 687.658 115.52
1869 178.486 977.706
1870 957.472 685.048
1871 1110.85 686.36
1872 810.009 325.325
1873 495.481 528.619
1874 439.364 59.9657
1875 1119.3 829.583
1876 529.57 842.076
1877 388.611 20.1766
1878 1351.47 546.952
1879 80.0308 860.002
1880 1262.58 1103.4
1881 607.866 1164.38
1882 377.475 206.505
1883 760.292 1.49379
1884 248.014 21.942
1885 1110.25 33.4518
1886 491.482 616.877
1887 725.743 743.77
1888 330.444 242.31
1889 696.105 282.359
1890 514.587 843.175
1891 1475.36 1181.18
1892 15.979 869.022
1893 1442.04 774.992
1894 780.39 1235.27
1895 775.954 1458.43
1896 298.549 96.3266
1897 1397.37 1172.52
1898 280.2 565.454
1899 352.262 676.356
1900 71.4318 23.2216
1901 1454.89 1210.91
1902 640.472 209.398
1903 1070.82 206.764
1904 1295.31 44.5751
1905 1003.92 1301.5
1906 1000.16 495.801
1907 857.941 1200.4
1908 1407.9 1386.99
1909 762.725 734.388
1910 198.271 1121.02
1911 492.587 965.439
1912 737.204 377.294
1913 1480.67 483.214
1914 1175.25 602.766
1915 314.046 863.409
1916 800.76 1125.05
1917 216.061 1222.64
1918 1025.33 829.459
1919 536.405 1077.83
1920 1478.6 460.403
1921 979.607 223.286
1922 964.715 37.1515
1923 690.537 1045.23
1924 1040.49 145.021
1925 571.713 1304.3
1926 901.61 1123.9
1927 1135.59 207.138
1928 887.762 200.711
1929 541.397 757.486
1930 1296.06 1394.83
1931 1234.49 1235.21
1932 338.795 849.364
1933 483.437 766.494
1934 1123.05 1060.27
1935 95.9871 418.713
1936 51.0037 1444.89
1937 364.891 414.232
1938 1059.95 911.116
1939 305.573 162.28
1940 1313.4 460.63
1941 200.53 343.345
1942 1333.63 983.986
1943 362.175 1152.34
1944 40.8188 190.526
1945 801.349 1447.29
1946 1274.65 253.401
1947 1368.76 14.7568
1948 1104.23 751.951
1949 1125.11 574.203
1950 1336.67 735.079
1951 781.25 175.304
1952 528.682 693.693
1953 1294.98 530.792
1954 1155.38 491.127
1955 1190.97 195.596
1956 260.789 1212.63
1957 62.9831 31.3695
1958 546.254 569.042
1959 1092.46 819.353
1960 1045.24 82.1583
1961 335.766 1458.92
1962 910.712 1160.99
1963 1080.69 179.164
1964 23.2216 855.125
1965 121.223 511.044
1966 1472.56 1335.8
1967 1449.01 1014.42
1968 728.434 361.213
1969 162.638 882.375
1970 236.018 826.55
1971 356.517 180.024
1972 14.1231 1088.47
1973 318.177 598.733
1974 614.569 659.575
1975 500.328 1428.97
1976 842.903 286.264
1977 1017.57 278.112
1978 1228.12 735.35
1979 945.839 686.599
1980 1454.23 543.364
1981 922.046 322.374
1982 1257.41 1347.93
1983 837.782 971.776
1984 1380.26 1205.25
1985 1014.55 905.144
1986 80.5173 1445.35
1987 706.833 966.027
1988 1419.46 866.067
1989 615.485 871.952
1990 1335.35 1228.98
1991 954.484 584.149
1992 493.131 267.195
1993 761.335 591.029
1994 259.929 629.473
1995 469.437 1079.6
1996 1389.67 820.756
1997 271.397 1234.99
1998 1328.64 964.715
1999 579.261 557.035
2000 157.903 47.9248
2001 850.282 1396.83
2002 937.469 512.052
2003 100.916 1268.63
2004 1419.14 1289.05
2005 403.87 89.2198
2006 892.379 1415.19
2007 377.204 1256.23
2008 834.456 1255.69
2009 214.472 1269.76
2010 755.088 1363.82
2011 476.03 269.696
2012 1321.45 605.07
2013 1168.79 886.392
2014 1383.09 196.999
2015 1086.98 128.511
2016 1209.56 787.847
2017 1337.26 407.351
2018 564.916 596.79
2019 1187.7 972.003
2020 1105.04 119.355
2021 24.8188 818.912
2022 1361.47 679.899
2023 1113.05 936.909
2024 1066.29 1394.47
2025 171.169 295.453
2026 122.219 455.56
2027 1352.66 53.6858
2028 387.66 594.017
2029 3.6213 318.312
2030 342.852 976.879
2031 1387.91 651.698
2032 508.802 989.245
2033 1286.6 77.3479
2034 1167.37 534.549
2035 1480.8 1346.03
2036 1154.88 767.432
2037 797.32 1315.75
2038 120.817 154.12
2039 918.136 226.41
2040 1416.56 983.895
2041 143.754 929.621
2042 612.832 699.862
2043 1298.38 1120.2
2044 879.433 457.358
2045 620.465 357.739
2046 1031.12 975.397
2047 1292.94 1388.9
2048 92.8864 441.708
2049 1478.09 345.382
2050 1240.67 1001.32
2051 280.092 1385.01
2052 1349.72 136.375
2053 1294.93 769.432
2054 1273.88 177.036
2055 852.681 271.322
2056 724.031 664.18
2057 1094.4 374.793
2058 774.642 686.451
2059 648.077 132.799
2060 595.523 1067.05
2061 703.709 548.989
2062 1480.22 1240.6
2063 1002.05 773.679
2064 1215.33 297.264
2065 1449.06 132.585
2066 580.491 1357.13
2067 447.457 795.95
2068 117.24 1072.18
2069 1007.9 1438.38
2070 1255.63 1470.52
2071 1443.55 509.595
2072 1163.43 117.59
2073 1027.14 284.079
2074 1187.97 43.8592
2075 169.93 1418.59
2076 459.878 675.237
2077 1184.62 690.899
2078 98.0015 548.072
2079 798.814 366.611
2080 846.929 277.075
2081 317 1068.68
2082 1254.65 444.153
2083 993.333 134.021
2084 1140.89 217.685
2085 684.785 21.8636
2086 856.845 1037.77
2087 1217.48 860.952
2088 838.399 342.571
2089 1129.86 1037.82
2090 1312.36 617.148
2091 1327.12 1294.03
2092 317.902 434.239
2093 431.483 700.257
2094 959.897 32.7728
2095 471.437 1433.85
2096 1418.37 1356.54
2097 438.039 845.751
2098 140.869 1368.08
2099 178.486 954.608
2100 1142.71 1161.76
2101 423.33 1193.61
2102 797.44 510.422
2103 569.998 1152.16
2104 1230.39 712.261
2105 598.556 182.818
2106 965.529 951.814
2107 127.328 137.881
2108 240.771 1163.25
2109 535.784 1031.15
2110 294.004 463.514
2111 1102.87 333.024
2112 201.415 366.43
2113 376.208 735.157
2114 1184.89 634.905
2115 808.229 1346.8
2116 1034.91 1342.78
2117 999.796 917.004
2118 869.887 563.972
2119 75.0515 845.389
2120 860.57 945.341
2121 949.766 1297.6
2122 857.66 769.391
2123 389.199 353.575
2124 1174.61 720.265
2125 751.068 1301.17
2126 967.904 1042.48
2127 1009.67 1189.73
2128 520.695 419.709
2129 1328.22 973.179
2130 391.262 1254.59
2131 1285.35 1197.65
2132 1380.31 1096.17
2133 952.945 1059.04
2134 936.013 1199.24
2135 88.5861 1305.69
2136 505.387 27.1024
2137 911.96 468.132
2138 732.861 1076.21
2139 320.812 1300.82
2140 761.922 35.0814
2141 646.284 1277.04
2142 172.77 519.599
2143 1016.19 828.361
2144 63.1933 945.374
2145 1191.91 85.508
2146 773.12 674.286
2147 1048.47 561.697
2148 93.9 1186.02
2149 432.878 105.82
2150 59.2535 310.379
2151 137.297 1375.27
2152 285.8 531.064
2153 1482.66 963.719
2154 465.832 1456.35
2155 958.017 985.299
2156 1326.8 809.349
2157 1235.9 132.766
2158 1102.81 324.016
2159 635.629 428.161
2160 503.814 49.8382
2161 918.865 846.105
2162 686.825 999.15
2163 1331.42 710.092
2164 773.238 118.585
2165 1454.97 457.856
2166 1479.23 191.835
2167 246.583 1461.06
2168 1065.84 593.35
2169 1050.85 57.3524
2170 676.776 210.941
2171 884.82 4.3003
2172 336.716 641.061
2173 1231.34 1238.35
2174 570.672 58.0314
2175 378.127 1109.19
2176 641.033 274.664
2177 1329 1154.38
2178 433.153 958.785
2179 1402.17 826.743
2180 214.245 5.83935
2181 1176.99 1335.49
2182 122.199 494.896
2183 999.366 756.761
2184 1138.67 1306.92
2185 1045.51 763.506
2186 555.829 428.894
2187 8.19319 71.4633
2188 1417.29 938.539
2189 836.184 565.33
2190 445.784 725.569
2191 1033.54 1116.16
2192 764.14 544.825
2193 440.712 328.847
2194 1420.11 20.3577
2195 253.463 392.459
2196 905.008 793.427
2197 613.882 51.9988
2198 818.55 420.421
2199 335.061 1306.6
2200 718.421 1023.79
2201 1033.29 309.753
2202 939.999 1381.35
2203 687.423 289.568
2204 1297.92 1335.03
2205 707.974 876.853
2206 370.821 1365.9
2207 247.335 883.585
2208 94.9234 183.95
2209 1041.15 102.166
2210 283.503 797.592
2211 373.552 902.519
2212 1120.18 532.772
2213 979.2 586.922
2214 379.15 1413.89
2215 1455.22 1089.46
2216 10.0944 750.556
2217 70.5248 988.513
2218 1065.05 744.663
2219 1377.09 783.547
2220 1021.98 151.416
2221 584.976 155.354
2222 1345.25 1325.75
2223 319.263 497.793
2224 768.757 655.806
2225 1301.53 678.71
2226 400.262 1386.54
2227 748.783 433.503
2228 915.981 276.486
2229 307.022 200.336
2230 510.603 747.437
2231 190.616 1012.15
2232 1102.01 505.53
2233 68.8953 751.778
2234 500.373 821.887
2235 954.729 848.652
2236 645.65 1420.67
2237 1263.43 714.754
2238 624.61 1006.3
2239 1377.14 1283.6
2240 1255.01 839.587
2241 180.013 717.232
2242 1110.02 364.879
2243 235.645 81.0266
2244 1070.91 1154.64
2245 386.483 1113.46
2246 466.91 518.706
2247 136.656 175.802
2248 1134.02 617.07
2249 641.151 32.2748
2250 1481.88 1439.77
2251 1481.15 1271.38
2252 1426.16 176.843
2253 1416.02 938.641
2254 1097.72 507.073
2255 613.313 336.588
2256 1252.21 953.431
2257 991.131 492.168
2258 1382.75 89.7056
2259 107.417 85.9606
2260 553.787 648.847
2261 1311.64 449.844
2262 1146.24 1419.31
2263 1150.37 613.482
2264 351.855 693.874
2265 277.482 366.599
2266 1470.87 484.802
2267 515.628 1001.74
2268 858.644 882.092
2269 693.044 394.993
2270 1208.07 1403.15
2271 313.967 665.628
2272 216.418 415.034
2273 183.374 792.374
2274 1058 201.978
2275 595.98 690.072
2276 170.065 739.593
2277 107.281 817.451
2278 1379.5 342.711
2279 275.445 746.531
2280 1165.83 276.124
2281 55.6872 1474.77
2282 1362.34 577.598
2283 246.837 252.076
2284 692.949 800.386
2285 196.41 1172.35
2286 443.364 1325.25
2287 1024.65 256.059
2288 810.625 992.372
2289 512.369 711.438
2290 671.46 96.9935
2291 461.444 233.517
2292 744.824 790.382
2293 66.0887 320.201
2294 151.823 587.239
2295 1079.41 1362.64
2296 1192.63 1067.42
2297 863.409 333.193
2298 650.929 65.6775
2299 184.622 1053.66
2300 884.816 669.204
2301 201.711 215.694
2302 979.682 428.849
2303 87.8295 222.788
2304 1396.37 585.248
2305 749.606 1228.29
2306 985.243 1180.68
2307 1323.59 221.533
2308 1133.14 1474.59
2309 1449.2 403.635
2310 760.111 638.028
2311 428.351 1270.4
2312 420.207 1052.34
2313 1148.72 1023.97
2314 670.982 672.464
2315 429.192 621.267
2316 378.143 1329.5
2317 56.1641 655.579
2318 327.416 720.367
2319 514.222 677.002
2320 1132.9 1455.31
2321 807.004 212.785
2322 617.096 211.925
2323 315.787 584.466
2324 228.912 959.271
2325 59.2988 58.7103
2326 551.434 873.853
2327 847.837 1090.77
2328 630.695 1442.77
2329 443.779 160.152
2330 1347.58 458.909
2331 681.488 949.324
2332 1415.34 626.983
2333 206.144 634.53
2334 161.691 692.019
2335 835.053 1012.05
2336 799.538 584.84
2337 682.412 716.145
2338 155.988 1431.04
2339 449.268 1122.36
2340 890.025 368.998
2341 1268.58 1388.3
2342 803.295 1409.27
2343 511.645 774.629
2344 278.931 183.18
2345 176.901 975.34
2346 685.608 151.008
2347 996.406 862.096
2348 181.699 325.905
2349 1147.86 1389.09
2350 704.343 209.398
2351 891.277 92.479
2352 556.549 972.048
2353 245.393 1452.23
2354 23.7195 1119.88
2355 106.529 1046.95
2356 682.661 641.139
2357 497.361 593.577
2358 29.2921 305.082
2359 182.423 934.103
2360 1100.61 119.898
2361 466.65 147.103
2362 687.2 1368.31
2363 458.366 347.011
2364 982.748 926.226
2365 666.053 416.664
2366 984.994 737.511
2367 72.6524 260.417
2368 737.252 1011.25
2369 164.362 545.084
2370 1042.46 694.825
2371 717.558 51.2745
2372 1429.83 317.35
2373 1278.7 152.671
2374 847.9 1031.17
2375 1118.67 1173.26
2376 894.36 594.256
2377 682.311 915.498
2378 288.21 1423.66
2379 168.552 658.521
2380 1480.41 68.5331
2381 911.979 380.632
2382 1283.34 993.809
2383 679.628 534.809
2384 1087.88 641.32
2385 76.8799 896.713
2386 1482.84 900.334
2387 1338.21 1026.08
2388 1259.5 427.989
2389 628.066 8.76953
2390 1476 43.4435
2391 431.885 898.568
2392 258.208 686.994
2393 7.42367 767.568
2394 271.557 142.046
2395 351.572 399.87
2396 1129.3 1453.8
2397 1029.99 799.312
2398 533.987 1042.11
2399 776.498 542.368
2400 1198.2 438.902
2401 259.591 207.138
2402 773.148 829.085
2403 990.452 621.992
2404 942.036 439.976
2405 1270.2 1022.55
2406 26.1316 1339.11
2407 7.60473 474.3
2408 627.552 433.153
2409 652.061 842.031
2410 357.196 61.1095
2411 1095.32 1009.29
2412 1133.42 715.931
2413 976.076 1036.13
2414 1400.09 585.009
2415 1073.17 1209.91
2416 1258.74 1054.6
2417 876.581 437.091
2418 2.89704 1400.21
2419 943.666 631.193
2420 318.086 176.765
2421 249.508 1321.22
2422 638.144 498.551
2423 1230.02 1298.46
2424 1181.9 1275.56
2425 6.42781 136.881
2426 640.951 847.792
2427 487.256 555.277
2428 1197.31 842.393
2429 696.15 1098.66
2430 340.946 848.911
2431 408.935 288.935
2432 1149.99 166.399
2433 237.291 1251.43
2434 1323.44 402.508
2435 1303.49 380.541
2436 1317.06 287.531
2437 158.115 860.454
2438 295.136 624.481
2439 711.954 247.471
2440 616.252 314.543
2441 769.617 268.429
2442 865.808 697.961
2443 1232.14 1340.06
2444 317.271 474.119
2445 519.991 1190.55
2446 1127.45 813.604
2447 714.573 1086.8
2448 284.878 698.277
2449 1089.42 947.411
2450 410.335 1366.63
2451 297.606 1158.17
2452 220.036 1046.1
2453 603.191 514.858
2454 1311.54 1352.86
2455 603.808 1025.68
2456 14.4399 446.042
2457 425.22 1465.03
2458 173.37 1182.17
2459 926.77 913.337
2460 291.967 1181.94
2461 467.022 582.112
2462 709.508 1424.38
2463 454.156 66.1672
2464 1384.97 1084.99
2465 976.238 7.7858
2466 97.7363 1228.03
2467 156.485 1279.13
2468 1204.16 1010.42
2469 318.901 1377.35
2470 716.701 94.9234
2471 1223.38 142.453
2472 500.288 247.105
2473 4.66243 667.756
2474 98.9068 511.826
2475 492.267 1188.92
2476 1142.71 178.756
2477 1016.64 287.112
2478 569.676 595.33
2479 368.757 46.6574
2480 917.819 1132.79
2481 1038.68 1117.97
2482 747.255 864.314
2483 949.44 830.002
2484 405.407 1288.19
2485 610.556 1454.71
2486 19.6456 366.735
2487 94.579 1005.86
2488 28.6212 682.344
2489 146.281 1275.83
2490 297.643 860.417
2491 532.81 1163.1
2492 512.522 805.184
2493 457.868 169.374
2494 1425.57 994.455
2495 743.634 954.032
2496 347.102 644.263
2497 400.29 710.487
2498 1261.27 555.269
2499 480.852 450.749
2500 383.269 885.487
2501 453.296 1373.79
2502 1434.76 814.373
2503 410.072 1104.99
2504 1420.05 841.183
2505 134.373 1141.42
2506 575.923 1147.13
2507 49.4809 638.423
2508 971.147 1222.67
2509 1295.16 1280.08
2510 1470.27 1109.39
2511 5.92988 1356.89
2512 965.633 790.971
2513 1067.16 1034.88
2514 584.339 1456.22
2515 780.074 413.915
2516 894.688 602.301
2517 804.291 850.146
2518 1310.7 45.2663
2519 341.127 684.866
2520 128.516 664.554
2521 520.423 1381.74
2522 919.81 1277.37
2523 730.552 361.982
2524 1038.74 401.195
2525 208.559 225.154
2526 754.227 926.872
2527 844.846 961.805
2528 140.778 904.906
2529 32.3249 391.315
2530 603.49 99.4047
2531 197.333 695.652
2532 826.383 1179.36
2533 997.085 828.916
2534 314.523 1428.42
2535 179.662 648.439
2536 1445.26 912.692
2537 742.005 392.911
2538 961.016 941.493
2539 519.838 941.538
2540 434.297 1389.36
2541 977.674 537.944
2542 46.5386 165.765
2543 1173.06 990.652
2544 783.511 1113.14
2545 827.06 171.094
2546 341.806 390.5
2547 1455.36 504.176
2548 549.529 1274.74
2549 41.1769 1472.82
2550 469.366 1137.17
2551 610.577 154.029
2552 239.974 851.808
2553 770.839 1353.13
2554 511.748 945.555
2555 213.835 568.985
2556 1037.19 1457.94
2557 338.181 892.865
2558 1250.89 1132.15
2559 1148.36 1110.01
2560 388.928 134.519
2561 1013.87 903.367
2562 228.504 1261.53
2563 1226.26 577.824
2564 352.443 1207.52
2565 1480.2 255.697
2566 206.912 1356.45
2567 259.149 1358.61
2568 202.193 1309.92
2569 893.731 352.024
2570 921.712 287.383
2571 1371.02 1077.32
2572 858.298 427.811
2573 262.816 714.256
2574 121.812 418.487
2575 1317.67 1159.4
2576 1337.57 92.7053
2577 944.616 888.836
2578 1415.07 273.622
2579 1480.67 1208.29
2580 39.2345 703.245
2581 1137.45 1196.3
2582 391.843 328.09
2583 349.953 1463.41
2584 357.502 522.463
2585 732.408 752.087
2586 244.69 161.407
2587 1420.18 1366.8
2588 89.0355 1413.02
2589 1134.44 773.374
2590 845.936 980.241
2591 293.009 274.766
2592 57.7598 1359.2
2593 1254.96 872.643
2594 36.3989 515.706
2595 980.784 1238.44
2596 518.193 478.012
2597 117.738 364.019
2598 304.597 733.178
2599 766.285 893.091
2600 1321.82 1177.42
2601 145.491 254.973
2602 892.845 250.458
2603 214.172 1482.19
2604 977.349 245.162
2605 139.092 763.053
2606 375.661 26.1518
2607 240.27 536.031
2608 259.41 113.018
2609 1298.73 917.23
2610 814.929 401.738
2611 249.53 290.19
2612 997.188 344.929
2613 822.714 712.932
2614 999.615 861.236
2615 1419.36 1272.84
2616 635.493 85.858
2617 37.1604 996.751
2618 661.182 564.141
2619 469.456 577.643
2620 1036.82 92.8411
2621 529.995 1300.31
2622 1091.64 1436.75
2623 248.738 614.07
2624 1419.98 1115.48
2625 1452.19 1479.79
2626 915.606 223.932
2627 43.0821 1185.8
2628 247.85 805.513
2629 337.201 577.824
2630 700.043 852.681
2631 1415.96 1347.26
2632 423.252 1246.45
2633 1308.73 828.677
2634 630.556 1082.8
2635 476.292 748.749
2636 1363.6 281.363
2637 428.626 498.065
2638 202.049 120.408
2639 293.413 70.2864
2640 315.244 678.36
2641 1187.47 286.569
2642 879.685 1454.62
