1 62.1247 777.173
2 791.593 567.349
3 333.885 1402.91
4 1537.58 1006.62
5 665.218 1087.76
6 891.021 227.27
7 517.138 784.999
8 720.213 545.128
9 1155.69 1353.6
10 364.761 642.995
11 198.005 217.247
12 916.847 890.558
13 761.098 1352.04
14 1288.69 1527.93
15 779.578 355.255
16 89.5466 468.214
17 1016.59 292.871
18 650.808 746.347
19 992.766 1065.81
20 649.094 887.533
21 815.471 523.829
22 790.932 1276.59
23 535.719 648.962
24 526.405 1416.06
25 782.207 114.756
26 1356.51 16.6048
27 498.088 1320.61
28 941.988 1108.69
29 224.434 1192.8
30 69.5948 1051.82
31 982.465 605.598
32 816.51 1277.72
33 975.728 1019.91
34 282.079 226.656
35 73.5202 843.648
36 426.289 1448.36
37 1162.64 96.9221
38 27.3273 250.163
39 773.202 83.8258
40 843.317 1208.17
41 571.699 1441.54
42 353.282 1369.92
43 67.1363 398.373
44 566.152 1069.08
45 1446.93 346.613
46 736.939 758.002
47 596.851 1492.28
48 1492.71 604.557
49 844.924 1236.12
50 651.978 13.5691
51 416.009 469.576
52 989.77 1474.35
53 1007.04 461.964
54 904.449 381.353
55 1291.19 1015.08
56 1379.89 946.054
57 324.996 61.4726
58 1488.44 948.901
59 356.673 743.558
60 931.492 912.013
61 1311.29 452.13
62 414.401 1179.99
63 259.657 807.82
64 372.373 201.031
65 158.955 907.342
66 1200.89 1482.81
67 749.054 1155.56
68 900.666 599.414
69 1061.43 429.909
70 915.37 1530.72
71 1357.57 844.121
72 80.859 285.765
73 778.875 531.369
74 1278.53 1012.53
75 1285.86 1061.99
76 267.174 567.453
77 73.519 1517.24
78 1399.51 52.1961
79 1072.1 118.481
80 991.584 1526.95
81 636.66 206.137
82 63.7322 1076.59
83 667.675 980.048
84 1170.11 1223.69
85 539.691 1018.64
86 591.745 923.502
87 478.571 158.678
88 643.641 57.775
89 949.931 751.511
90 1479.27 1142.5
91 803.606 715.852
92 394.922 569.666
93 210.77 79.4761
94 1034.99 366.234
95 1458.32 629.531
96 762.934 742.102
97 695.242 1099.5
98 183.963 947.993
99 691.779 1501.96
100 1097.91 722.59
101 630.26 1203.21
102 128.741 445.615
103 1223.11 747.955
104 542.417 419.034
105 1148.36 349.639
106 975.939 959.718
107 733.298 925.025
108 1427.18 1362.39
109 187.996 9.37109
110 1409.18 158.858
111 1529.93 393.466
112 528.261 153.09
113 697.603 477.954
114 1250.16 1207.75
115 113.518 198.015
116 549.477 197.967
117 910.305 39.4879
118 643.744 1055.27
119 579.216 1090.5
120 384.447 582.715
121 1086.37 302.029
122 755.851 1478.32
123 793.674 630.703
124 970.53 678.134
125 123.493 994.846
126 526.878 824.405
127 145.555 1448.96
128 610.895 1536.53
129 910.5 498.463
130 681.474 1132.53
131 601.673 151.776
132 140.365 1424.05
133 398.753 929.365
134 628.102 405.901
135 950.029 1404.94
136 1259.14 165.628
137 399.366 376.247
138 14.1837 714.349
139 1071.34 775.103
140 291.244 1000.09
141 1439.88 150.263
142 513.87 1120.32
143 1228.96 1304.1
144 1146.66 1162.37
145 1188.17 1014.15
146 59.5729 1431.47
147 55.222 811.829
148 484.575 1329.02
149 1187.94 423.914
150 1253.56 642.925
151 431.138 879.485
152 997.808 1416.16
153 85.4358 691.598
154 436.622 117.215
155 1292.02 964.834
156 926.859 538.556
157 1341.07 123.02
158 1074.46 1212.67
159 638.932 479.315
160 875.608 285.15
161 863.269 980.578
162 921.663 1100.94
163 238.807 141.374
164 632.783 577.443
165 705.785 1229.41
166 899.957 1497.23
167 1145.1 315.351
168 1452.63 1303.81
169 156.449 878.644
170 206.754 425.852
171 929.868 399.792
172 1373.42 609.616
173 1152.39 207.437
174 1205.44 1336.64
175 810.363 1170.73
176 1463.43 269.916
177 233.369 776.994
178 916.565 125.063
179 1389.15 511.475
180 1351.28 817.266
181 465.143 552.503
182 1397.1 1405.75
183 1215.69 541.913
184 738.597 334.925
185 1528.12 1138.73
186 1231.3 1197.73
187 738.783 598.137
188 263.392 748.9
189 756.565 799.82
190 215.302 517.233
191 645.162 650.598
192 568.72 1110.11
193 481.585 510.614
194 1250.36 75.5047
195 1200.56 899.872
196 1130.4 1256.49
197 411.018 1068.09
198 1083.16 887.617
199 1376.39 1262.07
200 797.503 1005.54
201 1414.2 1341.6
202 487.447 269.671
203 722.741 383.207
204 360.051 932.069
205 139.379 542.774
206 232.143 111.603
207 1000.81 1303.89
208 334.142 1433.03
209 1156.43 179.33
210 499.74 164.247
211 853.796 1527.6
212 380.789 324.949
213 539.04 220.699
214 1223.11 739.171
215 1154.68 575.906
216 1175.59 280.942
217 675.854 785.646
218 496.43 1342.73
219 633.258 1103.74
220 949.837 1056.88
221 814.76 1362.77
222 907.221 1518.65
223 1405.5 1537.14
224 986.525 1440.88
225 494.249 391.802
226 626.779 320.846
227 191.858 1090.78
228 90.4921 655.771
229 708.713 608.208
230 548.808 92.6295
231 386.081 681.869
232 1238.1 1425.8
233 420.974 1292.37
234 239.516 810.174
235 1203.49 253.709
236 258.238 1452.38
237 1459.65 829.379
238 1418.6 1213.61
239 675.477 1461.22
240 162.829 706.974
241 830.22 620.112
242 553.212 494.255
243 1094.93 686.029
244 1217.63 467.165
245 1153.8 1428.4
246 788.145 1087.95
247 824.871 272.895
248 146.983 47.0052
249 577.987 1276.4
250 759.625 326.094
251 1286.51 1127.94
252 1539.13 1387.05
253 342.965 1206.15
254 1329.58 1092.57
255 1441.75 1391.28
256 334.547 808.378
257 883.409 849.652
258 234.079 1275.6
259 581.317 810.174
260 1494.11 1343.06
261 341.639 1286.37
262 169.117 476.62
263 1297.67 1539.69
264 21.1337 1069.45
265 833.057 551.747
266 857.929 1475.49
267 1398.66 1240.98
268 1315.91 872.781
269 1299.1 825.162
270 1237.67 370.219
271 673.578 22.694
272 118.292 209.683
273 1457.61 1449.77
274 853.693 1256.54
275 630.041 1321.51
276 6.05172 441.256
277 317.5 366.082
278 1370.15 483.523
279 514.113 679.684
280 119.38 938.263
281 1464.52 1122.27
282 1494.59 233.19
283 552.921 883.457
284 283.722 816.935
285 1519.57 985.968
286 601.298 404.283
287 630.466 448.631
288 1123.95 603.092
289 1083.78 842.41
290 1414.02 1537.29
291 951.539 948.097
292 898.161 1222.6
293 479.696 344.617
294 104.77 1309.88
295 1262.16 19.7154
296 1481.11 253
297 781.808 897.523
298 329.443 1521.91
299 863.706 1073.9
300 57.2759 1158.58
301 714.434 436.433
302 171.436 731.549
303 982.083 497.376
304 1067.75 486.171
305 1263.53 679.069
306 1146.75 1174.79
307 1458.02 1071.77
308 181.827 709.233
309 418.516 60.8954
310 880.537 238.003
311 479.363 1244.21
312 104.053 1261.27
313 1260.04 273.935
314 397.144 783.083
315 99.4279 1330.48
316 524.372 710.283
317 817.124 369.581
318 170.819 1049.69
319 1439.84 449.955
320 598.217 539.36
321 964.068 1456.29
322 296.423 697.518
323 826.16 1030
324 1356.06 579.273
325 258.38 944.74
326 235.349 1320.37
327 293 283.779
328 576.001 1289.91
329 940.759 202.081
330 256.394 336.107
331 1330.12 1073.8
332 952.862 660.357
333 80.7054 1023.37
334 608.056 1340.28
335 829.559 344.074
336 71.4387 445.473
337 155.123 1214.84
338 1084.3 1527.3
339 9.21942 988.88
340 250.818 1412.24
341 365.612 904.07
342 126.003 884.497
343 487.619 956.182
344 388.445 1112.25
345 94.9364 977.552
346 1016.78 74.0863
347 1062.33 247.658
348 1160.84 502.775
349 1125.67 918.632
350 1208.88 1045.93
351 1189.3 846.863
352 316.667 958.63
353 514.869 615.678
354 643.046 883.788
355 379.464 1110.28
356 1187.87 1166.76
357 355.728 1227.46
358 1376.98 766.016
359 830.741 1499.27
360 894.425 651.577
361 1265.33 1005.02
362 773.958 245.246
363 381.306 409.21
364 1322.96 1481.44
365 210.297 595.821
366 1204.48 1473.7
367 1222.88 1247.1
368 1296.63 306.368
369 4.3024 1282.44
370 1090.37 7.09186
371 1213.77 838.268
372 439.083 39.1239
373 1207.29 622.912
374 1071.31 1159.9
375 1410.38 1133.94
376 459.602 1260.91
377 1294.31 412.993
378 1326.79 90.634
379 773.864 1228.65
380 361.413 1159.14
381 363.625 1071.87
382 1323.2 534.311
383 1392.56 1179.71
384 975.359 139.142
385 1094.1 916.326
386 845.823 58.0213
387 298.384 581.273
388 1276.87 227.412
389 1520.97 1108.2
390 693.898 1512.74
391 1010.6 1368.35
392 627.346 83.4476
393 1054.4 938.244
394 837.497 852.016
395 580.303 276.63
396 33.71 1194.42
397 820.247 875.703
398 103.704 611.366
399 704.316 1546.95
400 1144.42 1324.57
401 164.448 1273.89
402 139.095 1386.65
403 210.632 1122.59
404 980.852 593.116
405 221.266 186.776
406 1135.16 1055.42
407 263.959 953.156
408 833.341 826.212
409 876.27 438.192
410 1244.39 815.81
411 992.719 325.555
412 237.719 473.604
413 768.285 1417.48
414 506.304 721.347
415 1168.36 225.673
416 491.053 92.0149
417 427.491 781.58
418 1287.71 1330.05
419 1214.46 767.68
420 62.1745 590.421
421 1318.66 511.56
422 1028.42 1137.68
423 1161.64 871.552
424 979.294 42.3719
425 1331.05 1217.15
426 1426.08 594.7
427 419.744 1170.63
428 576.71 1241.27
429 640.068 437.734
430 502.529 131.635
431 752.335 518.85
432 176.636 1413.7
433 1503.57 134.911
434 131.436 1531.42
435 52.1409 343.293
436 278.629 867.77
437 470.663 1463.52
438 278.521 1340.36
439 933.093 21.7957
440 269.494 38.8402
441 928.608 1233.1
442 549.536 289.253
443 1405.08 981.23
444 1351.34 802.714
445 217.25 163.075
446 313.838 783.329
447 684.412 1404.99
448 1495.02 537.303
449 19.479 1235.64
450 856.947 707.531
451 547.208 558.98
452 1007.5 264.716
453 1158.65 41.2845
454 933.718 991.844
455 1325.8 118.869
456 1080.56 385.996
457 1322.4 1438.66
458 1423.43 324.382
459 1004.16 409.447
460 1281.97 424.34
461 1093.9 844.499
462 1400.09 432.566
463 182.072 1472.19
464 803.981 1143.61
465 1080.47 1003.19
466 316.699 333.706
467 1051.2 1319.62
468 943.798 1450.3
469 1388.45 1063.5
470 1337.96 1173.48
471 313.649 505.343
472 1028.1 912.07
473 870.022 1328.64
474 594.156 560.125
475 341.356 1062.32
476 328.888 439.374
477 796.747 106.01
478 715.238 1310.24
479 1181.31 1441.02
480 1161.53 1068.85
481 1471.61 1001.57
482 1029.69 687.022
483 777.552 170.829
484 435.298 1500.21
485 461.302 799.205
486 1270.39 40.0222
487 911.919 171.481
488 547.333 1217.35
489 958.82 813.626
490 911.836 738.452
491 146.187 1518.56
492 1183.02 669.661
493 786.366 432.897
494 1449.1 717.744
495 1259.42 653.019
496 602.335 528.249
497 796.9 1501.78
498 845.126 1437.76
499 352.324 762.422
500 1096.49 343.445
501 1507.5 1097.59
502 1182.36 128.268
503 166.434 602.194
504 738.273 536.381
505 1040.54 117.593
506 672.734 221.739
507 737.536 1033.47
508 1048.77 825.739
509 430.861 617.442
510 738.605 824.594
511 1074.7 166.007
512 730.842 1077.93
513 470.994 1143.31
514 416.721 19.834
515 159.761 77.7839
516 456.86 338.433
517 616.011 373.278
518 34.1828 214.221
519 373.836 1125.15
520 284.478 1280.53
521 1003.4 30.6841
522 104.877 793.721
523 651.033 1133.09
524 1076.73 934.197
525 1417.25 1418.84
526 810.269 1031.3
527 929.338 1455.11
528 934.483 524.94
529 874.001 1196.78
530 701.872 872.214
531 1288.65 1040.2
532 542.244 1494.82
533 1161.98 482.057
534 1310.81 693.419
535 66.7501 964.597
536 728.099 1384.81
537 1497.09 354.319
538 548.127 490.473
539 375.68 1342.64
540 513.167 41.0382
541 296.203 680.119
542 918.313 533.686
543 539.88 960.815
544 973.865 689.376
545 644.177 1102.26
546 967.993 108.752
547 449.72 132.571
548 163.775 1507.46
549 945.545 1092.24
550 1085.41 872.214
551 1099.43 618.978
552 912.453 1342.87
553 0.851023 1171.73
554 102.832 569.193
555 999.527 1104.26
556 218.432 334.855
557 526.027 1438.38
558 1035.03 1231.49
559 294.88 558.234
560 511.042 1155.48
561 329.299 462.588
562 264.479 1489.95
563 1490.16 256.3
564 724.46 1201.98
565 598.034 649.094
566 1313.28 910.903
567 214.65 727.446
568 973.382 84.4877
569 1516.52 1437.96
570 319.845 1106.52
571 1080.28 1126.66
572 1047.23 1285.7
573 442.674 1427.84
574 217.72 1080.33
575 1062.31 268.12
576 156.562 581.154
577 344.381 578.8
578 434.873 438.466
579 775.974 407.555
580 229.475 1182.93
581 1371.71 560.21
582 228.88 370.006
583 137.582 1134.51
584 396.164 978.119
585 1517.89 188.606
586 250.579 1265.35
587 1105.72 1300.88
588 702.872 57.7376
589 1301.74 889.107
590 1154.89 994.894
591 1530.39 937.696
592 38.7688 508.165
593 565.032 1405.79
594 637.275 844.735
595 1523.04 363.34
596 1527.83 68.4128
597 195.168 765.425
598 916.184 55.6573
599 1074.13 543.828
600 729.981 280.459
601 1081.7 1248.22
602 604.323 908.893
603 125.857 1364.66
604 1505.93 566.697
605 491.371 322.207
606 862.561 1007.15
607 1299.61 1154
608 1301.08 170.205
609 363.292 1207.53
610 807.999 444.211
611 578.554 207.66
612 64.3586 98.2932
613 619.167 424.718
614 242.967 1044.06
615 244.055 314.463
616 683.23 1486.97
617 452.035 587.49
618 1369.72 1039.43
619 224.954 706.207
620 471.94 650.05
621 773.911 281.216
622 595.149 111.011
623 826.249 465.803
624 737.554 1122.84
625 1477.99 1292.99
626 1410.24 34.3246
627 524.328 996.028
628 382.367 1445.42
629 802.989 578.554
630 750.803 1262.34
631 29.9749 1471.52
632 1230.3 386.672
633 145.53 366.129
634 1108.03 448.206
635 780.088 527.833
636 1217.34 599.65
637 1323.58 855.184
638 967.476 170.087
639 1133.18 743.038
640 80.4252 567.112
641 147.747 186.148
642 101.555 477.85
643 501.158 1166.23
644 626.873 1190.5
645 1227.11 1281.41
646 582.005 196.833
647 274.732 981.051
648 1521.25 1321.73
649 1329.77 1271.62
650 270.058 1311.72
651 780.939 1212.43
652 760.675 938.584
653 72.2897 1393.31
654 293.466 651.941
655 1105.97 983.225
656 1287.31 737.743
657 271.098 198.156
658 1051.2 1299.35
659 742.376 38.6368
660 1056.73 1389.26
661 1180.27 1449.39
662 970.208 1168.78
663 116.165 628.443
664 639.922 532.741
665 462.723 1168.09
666 1120.48 1496.2
667 240.698 1482.98
668 1286.93 1373.36
669 1178.58 12.8697
670 1353.03 204.907
671 919.72 910.841
672 427.876 742.849
673 182.594 288.649
674 600.956 1310.77
675 584.606 715.011
676 1294.31 507.172
677 219.66 1019.24
678 469.765 705.272
679 1440.64 239.043
680 1342.82 1239.71
681 1405.37 882.653
682 566.971 727.767
683 1117.54 1186.14
684 1019.24 1487.83
685 369.257 398.648
686 291.806 1004.74
687 1165.15 1323.26
688 490.56 36.7358
689 315.541 1324.33
690 1010.45 273.864
691 1147.89 306.747
692 721.337 132.665
693 540.515 734.207
694 322.68 1542.16
695 1490.66 675.737
696 826.119 497.575
697 217.531 1071.04
698 908.656 1386.46
699 704.789 1097.26
700 148.929 264.394
701 1215.31 298.766
702 893.538 1217.01
703 1104.96 440.225
704 1010.83 6.52451
705 625.61 1470.76
706 52.5388 408.208
707 1264.98 1144.92
708 51.9597 920.879
709 552.637 175.405
710 1244.62 480.791
711 1316.77 639.176
712 469.198 1437.72
713 178.289 816.32
714 1214.79 33.4736
715 139.473 387.972
716 1119.57 1095.88
717 801.522 697.707
718 512.613 1455.12
719 890.123 1481.58
720 1114.4 172.805
721 987.943 170.593
722 1278 567.349
723 649.378 524.051
724 828.802 1175.74
725 1166.67 505.224
726 1129.5 1362.63
727 1463.9 1491.16
728 1401.89 349.119
729 248.499 643.667
730 544.326 388.327
731 216.729 1070.97
732 428.727 217.839
733 775.823 415.063
734 392.653 433.313
735 363.058 1072.67
736 89.6884 525.2
737 1174.66 732.258
738 350.956 36.0838
739 769.98 242.504
740 171.011 823.318
741 1091.18 386.932
742 961.987 224.174
743 220.512 1226.51
744 630.385 354.357
745 666.627 1418.33
746 1504.8 912.344
747 1299.02 788.483
748 1451.05 929.932
749 1137.27 228.122
750 788.284 301.319
751 314.122 622.003
752 1066.11 1543.72
753 1032.64 641.955
754 1475.91 909.768
755 985.234 492.563
756 1510.62 440.807
757 1144.96 1286.42
758 226.469 936.561
759 735.428 80.0435
760 174.365 316.581
761 232.549 1430.86
762 659.015 12.5388
763 1172.56 784.275
764 896.411 1289.56
765 90.9202 1000.81
766 207.001 755.34
767 463.571 1092.38
768 681.67 938.325
769 1220.65 1183.59
770 812.323 1528.53
771 1053.64 1219.86
772 960.959 452.045
773 836.379 953.193
774 1021.42 1507.45
775 145.005 309.087
776 850.543 771.935
777 326.604 1341.83
778 1353.17 395.206
779 370.952 339.416
780 1182.83 450.958
781 1145.76 389.556
782 524.419 346.896
783 1362.43 192.52
784 488.754 141.422
785 219.549 1165.24
786 1447.54 224.869
787 1228.35 1323.54
788 298.804 1116.5
789 377.523 736.24
790 458.418 1188.41
791 55.7893 360.796
792 420.358 532.457
793 286.558 652.215
794 727.814 156.187
795 478.182 1388.37
796 1029.41 366.886
797 582.208 139.521
798 1447.54 377.628
799 1476.33 1369.3
800 1293.94 260.485
801 1423.42 188.587
802 1318.42 622.949
803 1348.87 718.935
804 692.875 299.712
805 117.538 716.42
806 1151.49 992.539
807 453.454 1300.08
808 978.251 1420.03
809 270.874 1016.97
810 626.164 1343.77
811 1270.63 849.605
812 675.527 783.296
813 160.41 951.16
814 187.879 493.783
815 719.682 3.35681
816 946.087 1071.54
817 1476.36 1498.98
818 1284.48 41.9365
819 188.41 35.6583
820 1309.84 973.192
821 351.532 128.42
822 1417.85 1198.44
823 959.181 768.096
824 134.698 488.228
825 231.29 1540.49
826 854.752 740.92
827 909.888 1312.99
828 288.97 1385.24
829 1525.7 524.666
830 405.394 255.543
831 936.929 275.353
832 567.127 568.862
833 438.241 302.974
834 155.457 1548.49
835 1003.55 337.383
836 911.95 881.244
837 1516.1 1034.99
838 1169.73 1108.36
839 640.218 805.172
840 551.652 63.6376
841 1324.81 945.818
842 87.2318 948.773
843 1295.59 264.536
844 464.605 878.124
845 1020.32 261.321
846 188.995 557.714
847 1007.93 1029.69
848 913.337 320.42
849 1275.26 1454.17
850 527.776 40.1025
851 802.231 48.6127
852 72.6784 182.734
853 26.2504 1082.27
854 172.986 819.167
855 950.12 1132.3
856 641.341 658.891
857 1452.23 904.236
858 1375.54 1206.67
859 855.661 325.257
860 1005.04 1028.28
861 108.839 1196.3
862 115.184 869.141
863 307.175 237.53
864 366.491 879.533
865 1465.7 712.411
866 1043.73 1053.28
867 1350.57 350.622
868 530.708 853.813
869 788.91 1195.3
870 1130.07 413.04
871 1105.66 956.324
872 646.961 1042.02
873 185.807 875.703
874 530.282 1375.58
875 1257.95 102.028
876 848.879 260.99
877 842.214 662.427
878 294.56 871.401
879 717.554 622.854
880 319.512 1429.45
881 928.3 131.909
882 368.257 1343.77
883 758.868 1047.56
884 767.812 985.684
885 1013.68 1527.59
886 156.542 332.807
887 131.403 117.394
888 1028.13 57.4441
889 442.109 1369.5
890 1368.82 491.844
891 654.202 1255.64
892 1548.63 1073.26
893 1180.57 568.162
894 799.983 384.142
895 160.796 972.129
896 600.35 981.419
897 815.754 723.984
898 1198.19 1132
899 171.623 857.936
900 1394.95 376.531
901 1020.1 399.849
902 1055.53 334.594
903 1376.86 802.336
904 1158.72 1469.74
905 1545.04 667.638
906 78.2494 333.412
907 64.1104 233.228
908 127.464 290.199
909 110.397 63.9311
910 999.716 963.983
911 709.044 561.203
912 1484.66 1055.91
913 1098.34 63.0703
914 656.434 1177.73
915 1096.07 763.131
916 253.569 499.787
917 1365.28 1283.67
918 229.126 59.4869
919 481.549 964.787
920 968.039 377.76
921 1437.05 1018.91
922 1240.83 698.795
923 117.11 1229.59
924 234.457 1161.47
925 407.727 540.599
926 786.96 196.232
927 187.272 668.63
928 463.099 63.8509
929 1246.33 181.646
930 667.583 972.209
931 144.059 1119.36
932 1115.62 1389.86
933 35.743 1094.09
934 1414.54 1436.72
935 1068.93 1409.41
936 314.217 745.412
937 628.67 67.5145
938 207.569 356.778
939 290.246 1238.49
940 1291.72 90.4074
941 919.798 558.754
942 637.937 681.443
943 755.844 589.249
944 1169.97 991.074
945 1324.01 763.628
946 666.901 1466.98
947 417.049 493.887
948 453.059 1369.82
949 801.401 1333.46
950 865.325 946.395
951 290.53 1405.62
952 1065.48 1187.28
953 917.64 1358.05
954 527.351 1056.98
955 100.196 1119.47
956 800.578 1281.78
957 1177.91 97.8677
958 273.084 110.927
959 439.622 636.093
960 1340.73 1358.76
961 1163.7 270.72
962 675.649 935.558
963 512.127 1264.67
964 258.144 1008.84
965 784.076 969.268
966 210.061 1522.76
967 1133.61 882.393
968 24.0178 1305.05
969 1332.23 1312.33
970 100.214 1441.74
971 888.706 64.0159
972 313.831 365.43
973 753.77 631.27
974 1520.14 116.08
975 317.151 1463.85
976 1236.77 1156.12
977 178.48 1030.73
978 1151.71 1482.73
979 306.794 719.834
980 491.214 360.456
981 156.287 768.994
982 1325.42 550.527
983 1065.15 1511.98
984 178.244 1250.32
985 1513.97 1540.68
986 1248.64 935.369
987 502.834 182.97
988 983.357 123.257
989 71.2496 739.445
990 743.57 196.691
991 411.225 125.242
992 1432.61 1310.86
993 1402.72 559.699
994 536.384 982.374
995 1452.58 1452.89
996 1453.67 549.393
997 557.302 255.648
998 490.615 1367.69
999 1003.35 1187.66
1000 1496.48 635.052
1001 136.165 384.332
1002 1338.2 284.706
1003 1454.23 1139.05
1004 1276.74 245.388
1005 1275.45 1263.82
1006 639.78 1249.28
1007 932.772 197.934
1008 729.658 1385.71
1009 958.583 15.6021
1010 349.723 224.197
1011 1178.81 199.896
1012 596 770.139
1013 1346.33 325.422
1014 1445.7 125.999
1015 424.918 827.951
1016 275.779 158.243
1017 1149.73 457.756
1018 1387.73 314.075
1019 1121.18 1497.56
1020 135.785 1485.56
1021 1391.75 1480.79
1022 322.585 538.424
1023 488.492 466.276
1024 230.485 402.912
1025 140.989 139.294
1026 1208.31 219.328
1027 128.552 1183.64
1028 1484.94 762.385
1029 670.654 679.079
1030 1145.81 1265.52
1031 248.634 457.719
1032 1332.87 1389.96
1033 52.007 1357.57
1034 1160.31 640.962
1035 606.023 815.659
1036 677.745 323.72
1037 1123.68 969.562
1038 1454.26 317.158
1039 1247.08 927.284
1040 726.537 206.147
1041 1514.81 94.369
1042 653.302 384.332
1043 1132.58 524.75
1044 550.889 1283.63
1045 714.484 278.909
1046 482.504 1337.91
1047 1542.6 476.1
1048 1138.53 64.6546
1049 623.896 393.315
1050 382.535 1216.21
1051 1050.97 733.346
1052 509.983 272.375
1053 140.043 857.619
1054 855.515 812.122
1055 1345.85 223.157
1056 262.021 1335.41
1057 913.574 246.05
1058 1215.5 464.574
1059 1435.43 292.374
1060 1444.14 855.808
1061 1490.81 955.746
1062 343.853 91.2959
1063 1396.5 780.199
1064 198.035 630.287
1065 1383.65 281.935
1066 207.271 260.248
1067 88.0362 1377.71
1068 682.722 1530.53
1069 337.525 1037.89
1070 74.3227 552.503
1071 886.627 1517.67
1072 898.917 902.251
1073 710.132 908.619
1074 770.83 73.6608
1075 405.938 1009.89
1076 1387.19 757.742
1077 655.629 1207.38
1078 1007.47 1407.4
1079 284.525 1540.12
1080 351.286 1490.24
1081 446.22 1479.6
1082 517.706 360.645
1083 476.056 672.734
1084 679.847 962.612
1085 1033.84 303.532
1086 260.286 835.847
1087 1297.84 1321.69
1088 844.918 364.768
1089 390.856 40.66
1090 39.1944 1476.24
1091 979.588 1266.28
1092 1390.37 981.051
1093 1104.12 672.649
1094 786.204 420.557
1095 1297.24 1350.68
1096 776.665 178.394
1097 458.512 1013.95
1098 573.583 460.356
1099 1386.49 1113.29
1100 1392.46 23.4977
1101 324.724 736.287
1102 486.029 1405.8
1103 1230.63 1386.55
1104 1112.06 552.419
1105 799.321 1523.29
1106 1404.14 679.221
1107 1488.48 565.988
1108 927.379 414.401
1109 1045.2 93.4806
1110 7.70649 1129.08
1111 385.986 909.744
1112 1282.96 706.113
1113 36.066 268.886
1114 344.385 1220.19
1115 354.877 707.352
1116 817.665 678.124
1117 535.674 1175.12
1118 1225.33 914.519
1119 848.045 659.884
1120 114.415 357.383
1121 31.1569 1271.53
1122 327.807 864.035
1123 1387.29 1116.64
1124 655.052 1015.14
1125 1381.16 1283.11
1126 677.036 1345.61
1127 113.916 456.064
1128 952.484 119.768
1129 794.065 1165.9
1130 27.8959 1229.31
1131 53.768 204.766
1132 420.947 1393.36
1133 1426.6 1471.71
1134 424.188 734.821
1135 1041.18 37.2559
1136 1538.42 60.5413
1137 474.174 128.231
1138 1108.69 949.468
1139 1533.64 1249.25
1140 70.6835 490.577
1141 398.763 71.8169
1142 974.614 847.265
1143 1281.31 1250.45
1144 307.495 541.355
1145 1197.72 846.967
1146 1455.06 694.151
1147 476.33 1520.02
1148 352.808 439.837
1149 1491.75 280.081
1150 908.467 1026
1151 712.496 1437.31
1152 1495.63 165.628
1153 534.49 1151.47
1154 1255.67 166.527
1155 725.405 741.738
1156 1395.3 771.074
1157 62.7866 178.205
1158 632.216 861.009
1159 1359.75 65.387
1160 440.972 665.983
1161 531.275 1312.04
1162 1446.6 1232.24
1163 1356.07 732.694
1164 1533.91 504.194
1165 662.25 584.558
1166 313.697 846.579
1167 633.059 229.55
1168 1169.6 797.811
1169 373.032 1528.11
1170 1018.34 1357.24
1171 1032.14 1497.94
1172 101.886 269.515
1173 153.783 102.842
1174 722.938 609.947
1175 1341.9 1144.35
1176 247.896 991.442
1177 1261.97 1531.04
1178 1003.26 477.15
1179 365.564 295.021
1180 1326.41 1507.4
1181 178.614 636.849
1182 95.4038 1531.09
1183 188.265 560.73
1184 1534.35 1193.11
1185 432.698 500.307
1186 220.51 913.375
1187 1040.57 810.685
1188 19.6208 388.2
1189 966.34 78.0105
1190 650.855 693.348
1191 1278.76 503.806
1192 1002.32 883.551
1193 1354.59 1163.54
1194 313.177 481.784
1195 1168.69 1030.5
1196 1396.01 749.941
1197 833.861 1021.33
1198 936.504 735.639
1199 1447.4 460.924
1200 507.685 850.267
1201 1531.08 198.062
1202 1138.01 1024.36
1203 1125.72 598.279
1204 428.254 975.519
1205 548.343 1255.03
1206 683.525 1268.26
1207 1489.62 1199.23
1208 618.895 101.518
1209 133.989 228.32
1210 511.701 1492
1211 627.251 796.251
1212 647.25 1297.05
1213 275.164 1498.65
1214 455.3 414.685
1215 1219.28 483.476
1216 1003.4 532.741
1217 616.673 1548.54
1218 1356.24 1454.78
1219 120.166 1487.83
1220 320.876 355.407
1221 314.5 1087.99
1222 220.618 1188.22
1223 241.785 128.562
1224 173.94 793.665
1225 553.271 1521.92
1226 8.93574 828.812
1227 1007.23 799.783
1228 1148.93 404.671
1229 501.681 11.7966
1230 394.756 1019.1
1231 177.327 990.27
1232 335.788 410.997
1233 646.685 46.3103
1234 528.485 273.188
1235 276.677 1136.79
1236 1426.33 310.397
1237 1452.41 837.738
1238 158.69 1441.5
1239 4.86974 174.611
1240 1460.82 410.912
1241 826.355 475.779
1242 1425.7 890.525
1243 1113.86 1436.62
1244 1111.47 249.113
1245 494.74 908.524
1246 548.721 111.872
1247 481.726 1034.42
1248 37.5396 65.6332
1249 718.134 1356.96
1250 64.6698 134.982
1251 1200.75 525.081
1252 1272.85 1158.02
1253 615.057 9.98572
1254 1324.33 405.323
1255 165.099 1279.84
1256 1140.61 1234.08
1257 387.783 1053.72
1258 1427.47 204.208
1259 1394.12 1527.69
1260 381.731 189.613
1261 213.891 494.454
1262 1000.19 722.543
1263 394.357 1265.99
1264 1360.27 618.883
1265 1295.12 438.192
1266 1391.81 598.742
1267 870.76 1054.57
1268 59.4771 256.489
1269 1043.35 137.119
1270 1122.41 980.861
1271 654.328 1000.09
1272 785.116 1406.94
1273 692.591 1264.67
1274 36.925 1322.5
1275 868.15 1387.36
1276 988.484 863.269
1277 1027.91 855.761
1278 225.805 288.166
1279 1157.39 1088.59
1280 589.573 154.697
1281 538.757 990.601
1282 429.672 827.63
1283 1337.43 1329.31
1284 547.019 1183.3
1285 844.614 832.963
1286 1158.95 625.218
1287 1206.85 1427.78
1288 853.955 216.585
1289 1266.65 60.2335
1290 644.934 236.821
1291 588.199 615.195
1292 707.957 497.423
1293 224.103 1361.85
1294 773.856 250.485
1295 891.355 1267.46
1296 184.436 1348.78
1297 613.138 1357.57
1298 654.342 637.275
1299 1288.45 1304.19
1300 1254.57 577.325
1301 603.311 872.961
1302 664.46 684.034
1303 1289.32 1094.05
1304 1071.54 640.499
1305 349.878 1170.49
1306 623.567 637.866
1307 725.639 793.523
1308 484.377 66.4744
1309 181.126 1249.47
1310 811.829 1071.16
1311 398.232 1031.23
1312 1484.99 1277.3
1313 104.723 656.092
1314 1262.55 748.002
1315 1176.26 640.253
1316 611.744 1391.72
1317 1464.52 786.913
1318 1293.09 330.717
1319 500.97 889.036
1320 181.629 1344.38
1321 962.838 518.746
1322 734.445 896.705
1323 60.0444 1167.99
1324 1001.17 1146.76
1325 390.017 552.551
1326 871.253 1469.25
1327 117.441 1255.83
1328 669.093 579.651
1329 1342.51 440.31
1330 896.612 748.617
1331 1506.17 957.354
1332 711.793 254.645
1333 1265.71 597.617
1334 1335.74 1359.18
1335 317.904 138.197
1336 1160.13 126.954
1337 430.671 277.694
1338 1541.79 532.693
1339 424.918 859.723
1340 935.57 521.214
1341 1064.87 885.358
1342 154.208 689.092
1343 814.932 215.687
1344 137.972 421.928
1345 120.373 1383.96
1346 512.877 818.458
1347 431.989 92.1942
1348 1290.07 50.6832
1349 608.056 1498.65
1350 1015.2 1150.63
1351 1457.85 653.87
1352 1127.84 1533.59
1353 68.2237 158.678
1354 1131.96 689.423
1355 102.068 1243.77
1356 681.596 1145.57
1357 1547.7 1272.52
1358 1490.82 741.015
1359 842.277 963.746
1360 1545.76 727.446
1361 1347.79 956.219
1362 1050.3 358.102
1363 616.803 711.03
1364 895.513 1055.07
1365 1374.64 459.08
1366 1389.06 686.303
1367 351.662 423.715
1368 322.682 47.9651
1369 446.742 988.133
1370 317.006 699.125
1371 435.717 1510.61
1372 133.8 193.135
1373 1289.78 919.919
1374 321.973 1412.89
1375 116.264 426.599
1376 401.257 937.497
1377 871.306 309.215
1378 1336.34 653.832
1379 925.217 1547.36
1380 1300.29 1260.8
1381 818.543 394.601
1382 1007.99 1133.62
1383 272.878 536.239
1384 1345.82 177.06
1385 1538.44 1302.02
1386 236.255 113.139
1387 891.231 175.169
1388 873.292 358.328
1389 1208.74 1509.2
1390 777.315 773.344
1391 1544.28 465.51
1392 937.416 1403.68
1393 530.944 604.785
1394 1308.17 1303.84
1395 54.9973 531.984
1396 704.452 916.836
1397 280.176 1137.11
1398 660.03 309.546
1399 61.3711 1399.08
1400 826.485 685.084
1401 14.9875 390.336
1402 498.085 841.804
1403 1167.37 760.247
1404 993.759 1437.81
1405 303.562 507.267
1406 44.2532 1531
1407 1517.3 855.714
1408 1494.84 17.6449
1409 244.716 1030.68
1410 1017.45 1535.63
1411 1286.32 145.998
1412 1433.08 1436.25
1413 890.407 333.483
1414 142.03 1100.85
1415 450.144 194.506
1416 406.789 683.75
1417 642.941 347.747
1418 571.616 1128.13
1419 510.283 650.844
1420 1126.71 492.837
1421 543.567 927.19
1422 657.039 101.035
1423 307.219 314.595
1424 988.966 620.821
1425 1206.66 1411.59
1426 620.869 298.293
1427 753.676 1149.19
1428 522.164 1545.66
1429 1040.23 1195.46
1430 1407.04 1003.21
1431 654.034 1070.45
1432 1532.46 1408.75
1433 241.884 247.246
1434 1405.61 1507.26
1435 214.999 140.372
1436 55.6002 319.937
1437 365.81 281.216
1438 108.033 667.817
1439 773.612 1447.87
1440 1170.96 512.552
1441 1132.95 937.885
1442 484.28 637.19
1443 1499.88 1170.55
1444 515.163 347.879
1445 605.314 1165.06
1446 1061.75 1015.14
1447 273.226 68.6019
1448 1241.48 1163.25
1449 942.13 559.652
1450 550.379 755.756
1451 1162.87 153.099
1452 224.87 172.862
1453 363.907 105.315
1454 1051.3 1111.15
1455 1057.56 507.588
1456 949.222 184.861
1457 694.248 164.177
1458 434.12 836.84
1459 1522.64 233.369
1460 592.315 519.03
1461 557.196 698.274
1462 748.145 880.053
1463 1522.27 449.445
1464 981.419 592.086
1465 1173.23 1074.71
1466 476.34 924.33
1467 440.787 1250.7
1468 1174.97 106
1469 1061.99 1397.05
1470 994.421 1394.93
1471 1084.36 1377.89
1472 472.5 627.403
1473 1468.44 1083.55
1474 372.563 82.5493
1475 1055.88 700.78
1476 71.155 1011.26
1477 44.726 1036.08
1478 402.585 355.964
1479 387.483 1472.71
1480 177.438 688.313
1481 969.126 1095.51
1482 1012.2 668.952
1483 484.894 320.231
1484 725.462 419.413
1485 106.52 403.527
1486 1402.21 920.193
1487 1280.65 249.596
1488 1121.18 378.006
1489 810.411 411.385
1490 105.813 1367.31
1491 880.667 997.116
1492 1210.2 1437.99
1493 295.628 209.541
1494 159.236 1447.73
1495 933.86 1426.13
1496 1072.34 1147.42
1497 710.652 1156.35
1498 834.478 1328.9
1499 1391.56 818.353
1500 699.316 760.399
1501 867.335 943.927
1502 467.47 1070.49
1503 646.399 834.617
1504 972.814 1339.98
1505 1113.47 353.647
1506 1454.5 1033.76
1507 1014.51 455.572
1508 1479.98 311.522
1509 1286.13 1059.53
1510 584.042 72.6207
1511 1403.75 1381.31
1512 814.004 19.3844
1513 1341.13 682.861
1514 666.694 334.982
1515 914.805 771.95
1516 51.8179 292.185
1517 1284.05 221.37
1518 1080.47 832.112
1519 855.468 720.155
1520 1132.35 265.198
1521 358.531 529.157
1522 1110.58 660.735
1523 521.204 459.151
1524 37.73 891.731
1525 1312.28 806.297
1526 916.614 930.216
1527 1175.55 522.481
1528 1046.91 575.254
1529 892.203 633.706
1530 188.817 908.798
1531 719.013 1065.96
1532 1469.26 166.375
1533 1138.59 131.105
1534 1216.88 855.089
1535 1490.66 1199.8
1536 771.114 875.666
1537 819.851 489.254
1538 853.125 1117.21
1539 955.037 1251.19
1540 47.2318 521.866
1541 1414.45 966.479
1542 397.002 756.371
1543 1367.88 1215.32
1544 975.509 63.6475
1545 1165.24 1371.85
1546 758.214 18.0606
1547 99.9007 1142.55
1548 997.961 877.5
1549 513.214 20.4718
1550 944.494 348.399
1551 1187.7 613.328
1552 308.375 1291.48
1553 1458.73 25.9188
1554 1546.83 608.86
1555 133.185 315.304
1556 904.544 441.587
1557 183.585 14.231
1558 923.221 419.602
1559 580.303 663.704
1560 729.264 481.017
1561 150.718 1513.74
1562 789.608 197.106
1563 111.923 1233.33
1564 944.65 147.7
1565 1115.23 817.313
1566 385.608 955.321
1567 1088.94 154.329
1568 472.98 1102.5
1569 1464.33 81.1782
1570 1178.24 59.5244
1571 398.802 421.044
1572 1057.11 1308.27
1573 71.0132 311.758
1574 900.572 3.54593
1575 780.778 1504.04
1576 458.181 616.056
1577 969.083 369.675
1578 1170.31 902.993
1579 119.238 337.242
1580 1231.8 150.499
1581 117.961 1095.28
1582 44.726 1336.96
1583 1505.48 871.401
1584 1379.56 1173.15
1585 555.813 1199.86
1586 1103.51 1026.48
1587 1180.85 544.088
1588 1479.54 151.86
1589 659.023 694.199
1590 11.4888 880.11
1591 74.6537 1047
1592 1388.5 384.804
1593 894.047 69.453
1594 1127.85 1259.52
1595 900.109 202.78
1596 888.565 354.475
1597 1442.17 280.138
1598 194.367 890.501
1599 321.083 1104.12
1600 136.827 1126.15
1601 537.509 577.088
1602 1422.86 1511.32
1603 1189.49 256.205
1604 901.558 1242.59
1605 1164.91 816.415
1606 1472.18 1438.94
1607 265.425 1192.34
1608 73.3981 643.1
1609 71.9797 1110.17
1610 402.014 1274.84
1611 154.177 266.607
1612 1255.68 1495.86
1613 1470.91 1050.07
1614 248.121 146.754
1615 1377.03 663.572
1616 1046.24 1208.71
1617 1251.34 1521.16
1618 723.795 66.5315
1619 1098.78 1335.45
1620 1174.41 32.396
1621 46.4753 1020.81
1622 249.066 15.6494
1623 1436.55 109.498
1624 582.809 1344.33
1625 512.375 860.857
1626 1193.18 1381.98
1627 624.887 903.749
1628 1005.2 967.519
1629 1222.91 335.124
1630 1231.57 1344.19
1631 515.436 1034
1632 894.993 1124.53
1633 1422.77 1422.21
1634 78.9494 126.235
1635 760.626 617.947
1636 99.4307 12.5762
1637 256.519 1491.43
1638 266.495 617.843
1639 578.885 239.61
1640 1443.28 141.989
1641 1100.06 412.841
1642 618.694 500.364
1643 1334.64 928.854
1644 901.328 1187.38
1645 84.9154 832.821
1646 1066.92 753.25
1647 712.375 171.528
1648 1204.65 296.771
1649 1224.53 550.612
1650 826.563 333.469
1651 958.151 576.71
1652 458.323 407.877
1653 929.979 455.392
1654 1294.41 367.841
1655 993.428 1483.03
1656 333.365 1377.14
1657 1234.32 829.535
1658 1370.24 1251.29
1659 261.359 456.206
1660 1318.59 1201.65
1661 1138.95 1513.92
1662 229.448 779.561
1663 312.941 627.214
1664 561.298 1231.62
1665 652.87 1029.56
1666 983.641 917.64
1667 1078.62 1102.29
1668 665.031 464.47
1669 192.993 810.988
1670 536.948 1465.05
1671 178.887 127.039
1672 519.589 1077.16
1673 1242.26 431.705
1674 1511.65 889.471
1675 737.318 75.089
1676 668.952 372.285
1677 1449.53 372.267
1678 91.2515 28.4147
1679 1249.58 1291.44
1680 173.278 1507.54
1681 764.928 764.692
1682 1375.65 1062.61
1683 485.414 427.639
1684 465.652 550.328
1685 1224.29 768.9
1686 390.008 789.088
1687 105.879 593.352
1688 99.617 36.131
1689 54.2408 149.26
1690 1113.09 1017.73
1691 255.405 1421.83
1692 212.246 639.317
1693 1489.76 82.2656
1694 1385.73 674.351
1695 961.79 784.606
1696 222.826 536.013
1697 786.774 658.087
1698 14.9402 1495.01
1699 1168.41 952.258
1700 950.451 1279.42
1701 910.946 1072.05
1702 198.336 539.974
1703 1095.36 313.376
1704 1543.88 507.635
1705 817.183 819.356
1706 1505.13 1479.81
1707 1523.29 1268.14
1708 862.37 1471.23
1709 278.143 1153.86
1710 1499.36 1483.85
1711 1049.36 1072.38
1712 373.686 1058.4
1713 320.932 981.476
1714 88.8847 1318.71
1715 934.518 1079.14
1716 1278.9 899.967
1717 665.5 1393.98
1718 188.502 1329.01
1719 934.187 987.575
1720 8.41567 753.307
1721 1446.5 1232.38
1722 941.792 660.867
1723 104.676 680.63
1724 1542.63 1363.44
1725 390.763 634.306
1726 777.745 95.0782
1727 698.643 948.891
1728 473.405 471.041
1729 906.34 1017.22
1730 1035.73 770.554
1731 1215.64 971.774
1732 975.512 1322.3
1733 291.751 465
1734 111.25 761.77
1735 636.511 129.885
1736 567.585 325.337
1737 999.196 1170.02
1738 1134.29 188.502
1739 844.641 1142.45
1740 440.05 598.799
1741 1154.92 670.37
1742 912.478 1080.75
1743 703.808 997.588
1744 737.859 301.64
1745 847.102 3.40409
1746 26.1453 1420.75
1747 1233.46 301.593
1748 871.923 1489.15
1749 1512.31 856.98
1750 248.404 98.9649
1751 719.162 661.86
1752 957.602 265.046
1753 1138.5 1425.9
1754 1353.93 439.884
1755 1.60749 930.499
1756 870.88 706.066
1757 401.636 291.594
1758 749.83 1484.34
1759 133.327 1198.05
1760 1322.09 142.083
1761 775.285 970.947
1762 489.338 1332.23
1763 762.349 1322.64
1764 1180.79 751.454
1765 371.566 165.429
1766 270.988 1432.32
1767 1303.63 1285.59
1768 1442.01 1023.59
1769 10.6851 87.2772
1770 776.937 1313.85
1771 1100.37 1108.46
1772 577.09 1078.81
1773 183.011 453.936
1774 1392.42 94.6527
1775 430.821 1310.25
1776 1470.24 750.518
1777 683.706 1419.93
1778 699.352 398.752
1779 62.9779 1245.71
1780 1003.86 1314.04
1781 795.719 354.083
1782 1239.94 1240.53
1783 620.058 175.074
1784 1170.12 71.486
1785 427.119 527.455
1786 1097.16 21.4273
1787 1470.24 42.7974
1788 1539.47 305.905
1789 206.659 1361.07
1790 583.388 718.652
1791 840.236 429.067
1792 1242.07 1482.49
1793 1533.88 1492.46
1794 554.501 1256.58
1795 1463.38 374.828
1796 1046.16 1075.98
1797 96.0828 1217.73
1798 632.121 905.914
1799 1368.93 376.446
1800 1423.7 8
1801 240.556 70.824
1802 666.02 407.782
1803 790.033 1043.54
1804 1393.92 742.943
1805 255.064 1340.03
1806 1195.32 1347.7
1807 506.484 1259.95
1808 534.076 536.013
1809 1537.77 1219.53
1810 176.967 25.5405
1811 9.92861 680.025
1812 241.077 306
1813 9.83405 1454.31
1814 926.481 57.2318
1815 1442.32 1404.05
1816 553.449 1278.99
1817 1420.41 291.107
1818 769.81 1438.65
1819 267.175 264.432
1820 722.19 1212.38
1821 600.853 1127.62
1822 745.827 306.699
1823 482.155 1455.44
1824 622.007 1215.5
1825 777.79 126.543
1826 1323.31 587.5
1827 1407.26 1149.54
1828 302.113 671.704
1829 15.5548 681.528
1830 1479.93 1341.84
1831 768.544 1101.41
1832 166.17 1075.8
1833 1410.71 38.6841
1834 1073.75 575.292
1835 442.156 1477.78
1836 1500.86 691.183
1837 972.333 400.076
1838 255.685 177.212
1839 513.12 1100.67
1840 1372.89 1075.69
1841 1472.65 398.704
1842 904.821 908.704
1843 882.231 929.767
1844 1055.79 1474.16
1845 1314.31 164.957
1846 458.654 230.911
1847 1356.44 843.766
1848 337.904 959.718
1849 123.968 1184.55
1850 208.264 1151.68
1851 718.019 22.2684
1852 406.887 252.636
1853 1524.76 543.567
1854 1233.82 413.881
1855 1527.37 212.624
1856 1385.39 882.521
1857 1047.37 703.938
1858 890.022 600.407
1859 642.381 1352.56
1860 394.875 850.598
1861 370.529 1046.3
1862 797.22 454.456
1863 898.402 890.69
1864 1023.36 99.7116
1865 597.213 1326.13
1866 280.01 660.451
1867 883.268 418.477
1868 201.503 339.795
1869 873.703 1124.39
1870 644.936 1042.98
1871 665.719 445.946
1872 531.627 1196.26
1873 266.323 986.289
1874 373.033 958.702
1875 533.396 1199.61
1876 644.047 521.214
1877 560.902 945.166
1878 136.128 836.65
1879 496.224 1299.81
1880 435.594 1125.11
1881 649.797 991.584
1882 916.174 287.362
1883 1239.18 392.7
1884 76.923 1355.26
1885 1447.92 768.167
1886 701.811 765.637
1887 850.667 67.6091
1888 1062.08 783.424
1889 1341.97 1369.07
1890 742.7 536.06
1891 81.2254 1465.04
1892 563.371 874.946
1893 1473.23 1060.19
1894 525.743 747.624
1895 831.45 1194.89
1896 1397.9 1114.27
1897 610.386 796.615
1898 89.1052 899.91
1899 270.305 374.933
1900 52.6235 863.685
1901 182.442 1023.84
1902 1492.08 151.066
1903 867.148 1386.2
1904 303.579 1480.36
1905 314.125 919.767
1906 1189.93 801.238
1907 677.009 94.5581
1908 1435.72 582.961
1909 1188.88 707.636
1910 430.949 1102.27
1911 1056.46 612.595
1912 96.3665 589.845
1913 784.502 550.953
1914 458.419 976.266
1915 382.603 901.905
1916 1320.85 661.529
1917 787.313 1241.79
1918 549.706 1440.55
1919 60.4725 269.254
1920 870.077 465.888
1921 644.887 1373.5
1922 575.662 207.744
1923 1340.37 1030.68
1924 1348.64 78.7197
1925 1237.77 1095.08
1926 1088.41 513.451
1927 1400.41 458.3
1928 928.894 223.938
1929 708.725 1192.91
1930 1512.84 411.895
1931 831.592 515.767
1932 1491.8 501.655
1933 339.012 1243.58
1934 876.471 649.057
1935 31.2515 466.975
1936 509.207 1222.17
1937 380.266 1144.08
1938 221.797 528.013
1939 1155.41 1450.85
1940 262.949 563.576
1941 56.6048 792.255
1942 334.776 1386.84
1943 921.85 453.454
1944 1024.68 1452.71
1945 1399.6 390.241
1946 241.277 599.073
1947 629.946 1495.92
1948 780.908 1011.63
1949 1509.72 807.915
1950 162.415 593.352
1951 21.181 1139.77
1952 624.17 74.6162
1953 256.197 352.324
1954 426.977 1491.94
1955 1416.53 70.4084
1956 842.517 805.91
1957 265.918 858.834
1958 1188.1 911.55
1959 926.953 250.957
1960 823.046 1454.98
1961 265.647 1310.77
1962 367.169 517.574
1963 303.845 592.69
1964 129.007 226.477
1965 923.502 573.377
1966 321.97 915.796
1967 989.835 16.2167
1968 52.1031 731.029
1969 336.591 707.683
1970 1345.19 50.1729
1971 849.682 584.095
1972 335.635 1453.17
1973 480.734 1164.82
1974 501.915 488.072
1975 489.764 12.1507
1976 499.456 1307.99
1977 1493.03 1506.17
1978 1120.8 168.219
1979 1127.95 638.325
1980 1076.83 1351.14
1981 1181.08 787.159
1982 957.874 233.994
1983 1185.1 965.685
1984 872.252 1098.26
1985 813.295 608.813
1986 798.631 41.6056
1987 394.074 762.352
1988 489.953 122.557
1989 152.08 1211.24
1990 1250.72 82.2281
1991 690.125 254.513
1992 844.546 782.668
1993 1216.66 730.793
1994 95.8359 341.733
1995 749.61 157.061
1996 385.183 500.118
1997 33.4736 667.888
1998 1056.9 418.42
1999 1502.51 1544.33
2000 1092.34 1091.92
2001 176.885 87.0979
2002 1333.89 315.351
2003 1279.23 186.516
2004 999.717 376.635
2005 566.529 1503.76
2006 333.925 8.52007
2007 534.246 1405.29
2008 199.369 1265.09
2009 655.477 1057.69
2010 592.927 607.499
2011 339.227 152.806
2012 176.154 117.063
2013 1147.49 85.3387
2014 1149.26 228.216
2015 574.393 776.89
2016 777.741 505.13
2017 990.26 621.342
2018 577.136 209.825
2019 1191.98 1099.52
2020 901.612 68.5315
2021 782.329 951.775
2022 1261.71 1531.32
2023 903.976 1385.19
2024 105.716 800.709
2025 1127.56 1148.99
2026 821.427 1099.63
2027 1388.68 716.288
2028 1518.99 1182.18
2029 445.683 702.141
2030 285.944 54.4655
2031 40.7939 1175.5
2032 1440.2 699.447
2033 855.468 475.249
2034 1160.61 254.929
2035 1252.71 703.726
2036 287.74 189.221
2037 174.365 206.288
2038 545.12 1101.65
2039 260.207 208.643
2040 424.928 716.656
2041 980.676 688.157
2042 222.832 1152.24
2043 1254.27 612.075
2044 328.731 380.748
2045 671.809 1538.08
2046 73.4244 958.688
2047 1445.08 430.769
2048 1028.89 958.158
2049 1166.52 422.864
2050 121.649 758.025
2051 519.854 833.672
2052 1375.92 1188.26
2053 744.74 1059.81
2054 1252.19 494.728
2055 1116.65 733.015
2056 994.518 998.345
2057 782.941 227.365
2058 884.119 1303.91
2059 573.921 1365.8
2060 1368.07 561.638
2061 407.218 599.168
2062 86.1463 191.811
2063 1161.73 487.599
2064 814.621 1545.61
2065 443.216 59.9597
2066 1416.29 1003.05
2067 745.262 1472.11
2068 1044.45 787.206
2069 1005.16 1246.82
2070 302.484 842.466
2071 184.814 368.834
2072 767.511 458.049
2073 1400.03 594.771
2074 637.984 1239.24
2075 65.4342 141.932
2076 137.726 252.447
2077 696.421 210.628
2078 709.178 435.818
2079 643.941 223.677
2080 592.485 390.62
2081 243.724 47.9981
2082 111.6 959.481
2083 983.388 1366.09
2084 672.592 41.0954
2085 1228.74 559.926
2086 930.83 1548.35
2087 1241.06 10.5058
2088 393.598 654.39
2089 872.724 390.383
2090 1088.22 1072.29
2091 414.59 1018.35
2092 397.449 1176.6
2093 1243.82 983.783
2094 729.877 1120.14
2095 1232.19 351.142
2096 1007.52 1252.52
2097 1279.75 611.39
2098 920.006 798.742
2099 1177.73 289.925
2100 1239.28 265.708
2101 374.386 1326.89
2102 1214.75 1224.43
2103 621.495 231.053
2104 1175.12 1130.93
2105 596.92 440.263
2106 913.81 1464.52
2107 457.493 1068.28
2108 722.531 791.404
2109 310.103 214.931
2110 1440.69 438.088
2111 1245.94 116.6
2112 1107.04 111.399
2113 648.953 1043.65
2114 386.459 582.1
2115 1458.7 846.92
2116 243.44 421.729
2117 257.765 1314.26
2118 1190.3 892.558
2119 949.045 213.759
2120 97.2832 1158.44
2121 450.144 774.809
2122 213.607 1390.81
2123 1156.34 470.049
2124 341.544 947.624
2125 115.266 1400.74
2126 1176.73 1129.22
2127 1499.83 803.13
2128 238.562 1388.27
2129 151.057 512.562
2130 1011.25 900.251
2131 1443.29 299.948
2132 548.695 1529.15
2133 376.341 1188.78
2134 1009.48 1496.87
2135 711.505 135.053
2136 157.487 375.926
2137 838.317 123.729
2138 1420.17 1223.25
2139 1371.73 587.405
2140 246.544 1263.45
2141 1.46565 186.289
2142 1002.22 54.3808
2143 252.801 590.384
2144 1415.87 60.4798
2145 12.4344 587.972
2146 360.645 1150.44
2147 1265.18 89.0265
2148 1379.32 728.996
2149 1093.9 1168.88
2150 419.254 212.34
2151 1239.52 218.581
2152 1110.3 1058.29
2153 674.932 513.035
2154 1128.74 699.21
2155 53.9467 620.217
2156 1033.8 1378.14
2157 1189.21 1501.92
2158 514.775 964.966
2159 610.562 980.341
2160 23.6395 1505.74
2161 942.636 870.181
2162 1269.06 922.367
2163 167.841 457.756
2164 1419.37 262.139
2165 368.446 1490.59
2166 196.303 802.525
2167 1497.14 16.6048
2168 1211.38 1409.4
2169 461.018 1047.89
2170 1515.87 1424.61
2171 702.806 350.622
2172 1186.18 388.445
2173 393.22 1276.87
2174 938.584 122.264
2175 57.2077 763.273
2176 8.60479 283.343
2177 1319.89 87.1353
2178 957.31 834.5
2179 1003.17 870.36
2180 380.91 48.7546
2181 1386.32 214.221
2182 244.085 1375.59
2183 752.115 1257.21
2184 2.78947 1149.08
2185 240.65 678.502
2186 1123.65 334.509
2187 1482.4 1172.53
2188 259.326 290.246
2189 482.057 919.011
2190 833.246 972.777
2191 262.336 1302.45
2192 1435.85 957.023
2193 618.497 267.647
2194 717.885 1373.37
2195 1255.16 869.188
2196 1197.26 1386.65
2197 271.659 1210.35
2198 646.967 1433.12
2199 979.339 692.449
2200 245.426 879.438
2201 819.027 344.012
2202 637.558 618.978
2203 931.776 1177.5
2204 1422.39 867.17
2205 269.16 271.486
2206 29.0766 1346.89
2207 988.227 1320.93
2208 775.235 864.261
2209 258.191 217.862
2210 493.842 1354.36
2211 524.183 640.689
2212 554.962 1290.01
2213 222.353 1229.49
2214 701.858 1282.8
2215 420.834 452.565
2216 42.3636 1529.79
2217 213.269 1040.19
2218 912.109 98.6241
2219 161.505 1476.01
2220 1469.62 332.656
2221 1312.8 1215.18
2222 722.237 710.604
2223 306.841 1350.57
2224 383.102 150.641
2225 493.349 339.284
2226 397.381 543.946
2227 1135.98 59.808
2228 88.5537 1032.96
2229 851.868 262.966
2230 1011.27 669.529
2231 1020.81 704.174
2232 444.471 1222.92
2233 1494.35 765.543
2234 1088.7 1223.45
2235 18.8643 1048.51
2236 1467.07 1132.15
2237 160.796 571.32
2238 1498.93 22.1739
2239 874.182 853.104
2240 446.601 897.782
2241 903.172 812.207
2242 1421.76 1351.85
2243 620.869 1284.68
2244 1422.72 204.34
2245 691.07 281.358
2246 11.9616 416.86
2247 718.939 1118.87
2248 1324.38 702.057
2249 1298.34 128.562
2250 1298.04 1049.98
2251 506.512 25.1525
2252 74.2123 1110.25
2253 880.18 899.437
2254 66.5715 1422.25
2255 986.998 160.286
2256 421.304 303.532
2257 366.602 886.918
2258 255.102 741.015
2259 530.379 298
2260 514.585 1157.63
2261 418.317 112.95
2262 1433.36 43.5913
2263 1325.58 647.392
2264 799.567 1070.11
2265 1024.07 804.832
2266 199.548 865.396
2267 1305.94 1381.27
2268 562.207 870.276
2269 61.6992 491.561
2270 1535.74 459.326
2271 1146.99 331.615
2272 845.164 135.833
2273 1400.17 1504.68
2274 1394.54 644.707
2275 576.332 1315.63
2276 1007.66 549.856
2277 847.762 885.027
2278 706.928 750.943
2279 236.389 188.029
2280 411.895 322.406
2281 447.537 191.433
2282 289.442 1520.27
2283 238.384 1029.12
2284 1073.28 81.8499
2285 1048.56 957.023
2286 18.1552 1396.54
2287 1470.52 647.818
2288 916.413 97.0738
2289 945.718 1265.72
2290 761.658 233.616
2291 913.566 1334.4
2292 1037.96 926.207
2293 851.215 305.612
2294 642.854 834.027
2295 44.8415 356.862
2296 1155.41 1474.68
2297 912.432 108.931
2298 1503.57 1532.51
2299 181.97 946.584
2300 1501.11 1459.18
2301 70.5048 301.735
2302 15.0347 623.091
2303 108.696 1401.35
2304 397.61 1464.29
2305 726.207 725.923
2306 49.0757 1462.12
2307 578.83 61.5672
2308 841.21 1153.95
2309 1192.93 1438.62
2310 390.998 792.634
2311 1054.75 1342.02
2312 1339.94 905.772
2313 745.78 327.408
2314 299.844 833.625
2315 942.461 989.22
2316 828.189 1194.58
2317 1415.17 270.966
2318 1097.77 998.865
2319 533.244 106.671
2320 1476.29 784.322
2321 438.419 767.52
2322 973.807 290.729
2323 36.0282 1031.37
2324 73.9759 1333.89
2325 879.137 291.428
2326 1413.69 877.618
2327 302.586 484.28
2328 1137.04 1372.7
2329 784.502 176.398
2330 1053.19 1041.89
2331 269.312 109.886
2332 242.979 1108.94
2333 1014.49 1187.79
2334 516.194 665.217
2335 709.612 1228.6
2336 746.774 1530.58
2337 689.707 1173.51
2338 1031.3 163.501
2339 1084.3 368.493
2340 555.245 300.279
2341 71.2496 928.466
2342 290.192 1127.38
2343 622.82 385.665
2344 1399.13 836.991
2345 1249.07 1271.77
2346 209.588 892.156
2347 263.062 545.742
2348 765.6 693.877
2349 246.061 1016.37
2350 1125.57 50.0311
2351 699.259 504.288
2352 1036.66 724.457
2353 1347.45 1395.25
2354 542.132 193.429
2355 95.0782 113.432
2356 757.363 1391.71
2357 815.056 374.403
2358 201.222 47.776
2359 855.089 1109.55
2360 830.031 1216.54
2361 35.2229 55.6716
2362 714.445 5.29526
2363 216.124 616.293
2364 637.996 160.654
2365 54.8437 738.287
2366 1023.55 132.712
2367 1223.11 884.365
2368 1210 797.75
2369 466.835 645.501
2370 918.058 259.619
2371 820.292 658.229
2372 1377.19 11.9616
2373 1315.48 772.209
2374 670.183 1299.56
2375 790.27 1245.38
2376 85.5751 700.912
2377 375.207 397.911
2378 1234.55 414.553
2379 837.029 629.899
2380 1002.59 517.101
2381 543 974.989
2382 910.454 1188.55
2383 9.36126 558.555
2384 221.751 100.903
2385 432.32 1398.78
2386 893.832 1141.61
2387 1473.83 1182.21
2388 155.087 490
2389 211.622 443.582
2390 1457.99 255.6
2391 1136.78 1252.48
2392 651.65 542.386
2393 36.0267 543
2394 547.635 898.964
2395 442.012 260.933
2396 1019.94 944.92
2397 1163.44 244.537
2398 362.961 477.339
2399 1014.23 228.642
2400 942.981 1211.87
2401 804.69 850.844
2402 1329.48 981.75
2403 48.3678 771.321
2404 510.898 338.386
2405 281.586 63.3638
2406 158.651 960.805
2407 1469.18 1280.8
2408 86.3789 169.458
2409 1179.99 934.575
2410 469.095 840.017
2411 1445.56 821.262
2412 766.536 1156.68
2413 1402.96 1173.28
2414 1481.66 1214.74
2415 520.732 479.987
2416 4.63335 653.643
2417 55.3755 973.155
2418 552.03 848.196
2419 522.245 1075.41
2420 1011.91 1293.22
2421 510.058 182.649
2422 1066.9 1507.88
2423 585.505 1406.51
2424 1495.11 215.309
2425 60.6143 457.709
2426 1548.55 1345.8
2427 1365.47 944.967
2428 169.017 568.588
2429 297.217 496.062
2430 566.545 702.719
2431 161.033 167.983
2432 833.341 505.092
2433 185.618 131.824
2434 468.725 694.034
2435 678.92 670.947
2436 1070.76 938.348
2437 412.652 1083.78
2438 985.674 1268.4
2439 180.984 985.448
2440 785.92 1294.22
2441 51.1296 114.803
2442 678.691 135.407
2443 131.483 228.783
2444 554.536 591.471
2445 546.688 19.2997
2446 944.73 1512.65
2447 1418.44 324.098
2448 595.858 1459.55
2449 1436.43 954.196
2450 218.339 434.883
2451 63.354 1473.17
2452 1306.94 164.872
2453 701.763 1426.56
2454 11.4888 227.412
2455 1514.21 264.999
2456 497.198 1268.17
2457 1253.97 31.9134
2458 26.2399 1002.32
2459 1.51293 1032.76
2460 1117.77 1194.88
2461 236.57 677.235
2462 772.617 1131.21
2463 552.233 617.465
2464 1406.32 1388.79
2465 1069.12 908.099
2466 87.2791 644.177
2467 1501.16 689.291
2468 1059.57 984.218
2469 394.83 551.251
2470 610.139 1512.5
2471 1027.28 677.982
2472 362.394 529.914
2473 1144.27 1177.49
2474 1282.21 1131.79
2475 55.9784 1278.99
2476 1123.1 1368.22
2477 504.468 1427.84
2478 274.892 723.086
2479 420.264 1439.99
2480 894.692 1526.74
2481 48.7939 511.087
2482 1113.66 651.908
2483 151.482 1288.31
2484 1056.88 965.722
2485 754.716 641.861
2486 682.854 1476.67
2487 1380.34 108.326
2488 1142.03 953.382
2489 996.69 347.218
2490 810.12 1039.44
2491 256.633 834.5
2492 374.356 1438.81
2493 160.335 779.537
2494 1027.75 609.201
2495 1368.59 1458.05
2496 441.303 379.897
2497 638.137 152.617
2498 57.6449 604.085
2499 266.031 1164.53
2500 163.681 55.7991
2501 880.62 1360.27
2502 1154 606.165
2503 1211.49 1089.88
2504 513.971 285.197
2505 707.153 1201.89
2506 491.561 1394.93
2507 875.506 667.969
2508 1045.1 1272.72
2509 309.046 1432.61
2510 652.12 628.906
2511 1407.97 515.058
2512 166.452 149.364
2513 1094.27 449.009
2514 803.933 1196.02
2515 768.277 459.884
2516 994.167 1396.2
2517 1478.53 1010.64
2518 729.989 270.933
2519 345.515 661.444
2520 1112.15 984.398
2521 1015.27 194.516
2522 43.544 388.729
2523 495.532 443.913
2524 1174.13 818.505
2525 1534.74 258.295
2526 916.93 343.114
2527 1140.04 587.963
2528 115.692 559.699
2529 586.544 326.509
2530 237.672 419.092
2531 170.536 71.4485
2532 147.239 1310.15
2533 828.009 993.816
2534 288.197 519.843
2535 1528.52 1395.31
2536 746.881 978.97
2537 358.659 996.785
2538 167.604 1057.82
2539 226.609 627.299
2540 1239.33 1418.66
2541 379.887 1386.42
2542 766.821 1005.51
2543 790.84 57.9267
2544 357.713 1100.19
2545 1118.16 753.912
2546 1006.62 721.961
2547 27.9419 785.693
2548 1131.44 660.772
2549 1090.5 731.323
2550 980.05 948.276
2551 1299.33 514.444
2552 1388.21 1133.1
2553 67.8927 602.903
2554 145.65 526.5
2555 58.626 212.671
2556 1217.2 1370.71
2557 618.423 736.466
2558 1295.99 816.888
2559 972.428 1439.66
2560 1446.83 1290.73
2561 732.4 925.535
2562 813.476 403.111
2563 801.543 916.515
2564 170.63 698.889
2565 725.415 844.782
2566 1207.79 631.838
2567 1473.25 986.819
2568 465.321 942.14
2569 442.154 159.094
2570 859.912 1414.07
2571 1193.75 1154.22
2572 1317.01 630.854
2573 4.01872 495.603
2574 767.907 563.293
2575 1376.05 872.687
2576 494.492 399.555
2577 115.55 307.466
2578 145.289 1414.07
2579 738.879 1327.17
2580 1345.89 1142.93
2581 1340.13 1533.17
2582 248.357 314.69
2583 949.403 745.884
2584 1220.04 661.056
2585 1218.69 770.649
2586 1335.74 424.387
2587 1414.81 1188.69
2588 333.396 1230.4
2589 421.067 1041.99
2590 117.831 1095.51
2591 1408.76 811.602
2592 686.823 660.546
2593 377.015 855.326
2594 411.207 987.244
2595 868.774 1454.03
2596 952.957 210.544
2597 1196.73 1299.85
2598 1362.29 1447.79
2599 140.989 1301.27
2600 1251.65 1490.95
2601 537.894 807.111
2602 1057.4 630.193
2603 355.294 875.193
2604 1417.75 290.492
2605 1081.13 209.068
2606 936.865 705.035
2607 1226.7 1207.98
2608 761.999 808.472
2609 625.467 577.855
2610 229.541 280.233
2611 336.816 342.064
2612 112.146 14.5147
2613 1436.94 434.126
2614 774.668 1426.32
2615 555.529 1264.39
2616 1540.69 1372.38
2617 790.14 823.743
2618 841.049 1090.6
2619 1461.77 125.961
2620 1545.58 628.623
2621 1261.62 31.4504
2622 423.396 560.73
2623 993.239 612.383
2624 418.837 375.027
2625 1123.4 678.786
2626 434.258 889.414
2627 1111.15 1203.5
2628 376.814 1262.46
2629 1398.7 1002.37
2630 140.23 862.087
2631 460.358 1056.46
2632 969.932 1348.52
2633 1079.43 1133.05
2634 1165.01 1496.35
2635 844.31 1306.24
2636 858.533 495.258
2637 400.785 805.399
2638 925.441 434.977
2639 1092.48 40.4334
2640 1120.96 1547.45
2641 1215.4 562.205
2642 820.851 467.647
2643 769.609 598.222
2644 1361.16 473.264
2645 840.622 1154.65
2646 186.232 1141.14
2647 1496.38 601.589
2648 1329.82 1262.52
2649 1393.36 411.233
2650 161.554 1362.36
2651 1543.23 1468.97
2652 480.45 786.346
2653 1025.06 476.904
2654 261.096 10.5058
2655 55.6211 11.735
2656 1268.01 321.082
2657 1157.72 459.704
2658 1384.85 635.724
2659 255.118 748.863
2660 1266.89 1085.35
2661 638.137 131.578
2662 774.337 842.807
2663 1317.06 1427.92
2664 367.689 20.7082
2665 10.9687 319.144
2666 1425.98 1332.23
2667 412.415 701.111
2668 1079.29 1163.78
2669 802.564 1095.6
2670 959.765 835.918
2671 989.173 326.462
2672 213.796 447.554
2673 783.131 706.312
2674 1067.56 1317.06
2675 150.111 1423.38
2676 1106.09 31.1667
2677 808.284 1182.03
2678 800.671 115.891
2679 306.747 233.663
2680 1000.75 237.341
2681 49.2293 76.6019
2682 1327.93 1323.67
2683 621.436 1507.87
2684 1384.21 137.629
2685 244.527 958.205
2686 585.364 538.533
2687 656.186 560.976
2688 192.238 1441.6
2689 545.6 1340.27
2690 660.441 197.39
2691 1288.77 720.533
2692 486.265 917.933
2693 684.885 1433.88
2694 724.402 1086.44
2695 311.664 561.108
2696 1491.19 1311.05
2697 964.115 446.645
2698 1452.93 788.199
2699 1108.82 429.871
2700 1413.19 365.231
2701 1525.82 168.644
2702 578.084 668.006
2703 1311.24 854.059
2704 1178.57 975.046
2705 262.618 990.79
2706 1147.17 650.465
2707 958.774 391.092
2708 526.917 369.155
2709 1017.49 1108.36
2710 960.191 357.761
2711 799.773 39.5351
2712 639.13 22.0892
2713 1515.15 1219.66
2714 301.215 518.661
2715 488.83 142.026
2716 312.231 113.858
2717 882.276 1030.46
2718 203.283 583.566
2719 291.657 487.977
2720 152.902 149.402
2721 55.281 1066.67
2722 68.8501 1492.56
2723 1178.24 512.373
2724 443.147 1340.46
2725 1487.92 1219.71
2726 727.986 122.841
2727 955.936 538.235
2728 1351.05 598.388
2729 1420.78 1101.37
2730 83.4476 278.342
2731 85.1496 1503.86
2732 899.768 1417.9
2733 1467.31 891.589
2734 303.478 760.153
2735 1070.82 1146.01
2736 1066.38 1319.18
2737 963.427 756.56
2738 1480.82 463.146
2739 1107.42 344.249
2740 697.926 188.086
2741 254.22 610.004
2742 151.671 647.723
2743 355.066 1363.96
2744 1500.35 730.131
2745 758.397 1337.19
2746 1075.83 410.382
2747 909.98 11.9616
2748 180.665 1143.63
2749 1141.73 400.038
2750 1496.46 348.825
2751 752.438 30.4103
2752 196.938 466.03
2753 329.66 1290.16
2754 194.082 525.365
2755 909.886 1516.68
2756 545.506 993.958
2757 854.38 409.352
2758 112.667 338.197
2759 254.866 937.26
2760 1305.99 1090.93
2761 581.769 893.905
2762 1420.22 566.545
2763 0.567349 226.571
2764 1415.25 8.98302
2765 524.136 199.045
2766 772.635 366.035
2767 1149.89 240.13
2768 344.664 1.56021
2769 1191.34 541.686
2770 1034.62 281.982
2771 1547.57 992.861
2772 1158.45 422.07
2773 831.272 1208.26
2774 646.07 415.829
2775 308.28 1539.75
2776 1386.55 719.682
2777 424.701 213.843
2778 1305.71 724.467
2779 90.7758 188.086
2780 1191.62 1295.68
2781 537.421 766.063
2782 1353.72 785.542
2783 1417.24 379.84
2784 584.91 164.247
2785 670.513 1329.64
2786 597.751 1066.15
2787 1337.76 131.176
2788 297.472 717.092
2789 1058.29 1419.23
2790 710.746 187.991
2791 1511.13 1321.08
2792 594.603 1393.42
2793 1338.74 1163.78
2794 1237.01 133.232
2795 145.29 111.967
2796 1429.18 1372.46
2797 44.3024 1211.64
2798 897.974 12.6003
2799 335.239 1027.19
2800 30.5908 955.841
2801 304.95 1126.23
2802 1180.14 1450.57
2803 1227.13 423.148
2804 718.067 1165.1
2805 252.518 665.831
2806 687.863 459.174
2807 1443.51 1538.13
2808 1207.41 809.948
2809 104.912 1133.14
2810 995.839 1339.62
2811 1254.27 669.803
2812 125.14 980.804
2813 713.783 1305.71
2814 599.112 227.8
2815 651.6 67.0516
2816 877.31 835.658
2817 435.866 607.252
2818 1434.81 1321.83
2819 572.36 93.3387
2820 273.651 900.251
2821 1237.62 74.0961
2822 1210.53 433.029
2823 120.119 802.184
2824 449.956 606.931
2825 236.679 376.294
2826 571.746 939.104
2827 1071.06 403.489
2828 994.941 504.903
2829 1184.96 412.709
2830 482.191 457.955
2831 476.64 549.96
2832 685.17 1026.33
2833 1501.06 402.071
2834 412.558 887.523
2835 1480.12 0.0945581
2836 780.53 1394.55
2837 367.311 1016.56
2838 310.436 1165.06
2839 914.094 483.155
2840 598.553 814.061
2841 1073.57 13.6262
2842 1028.89 375.112
2843 449.529 380.786
2844 1262.63 1225.53
2845 1412.27 451.657
2846 947.23 1042.28
2847 155.039 1054.61
2848 1184.62 688.393
2849 1387.81 1133.15
2850 1426.79 1351.9
2851 1300.98 817.361
2852 1508.01 700.355
2853 232.093 1466.51
2854 1391.88 1522.95
2855 373.648 1526.32
2856 366.933 286.606
2857 1210.96 1414.68
2858 1193.47 432.235
2859 866.436 579.027
2860 1053.68 549.534
2861 633.21 842.665
2862 38.2488 1442.82
2863 465.795 711.976
2864 486.173 16.595
2865 286.086 542.196
2866 48.5766 330.065
2867 558.783 998.25
2868 1408.21 575.812
2869 149.819 718.604
2870 1233.98 568.153
2871 601.449 51.2604
2872 1455.08 351.898
2873 667.155 729.81
2874 1284.38 118.822
2875 1540.08 1161.89
2876 563.283 418.893
2877 1068.27 29.0293
2878 515.646 598.742
2879 953.713 970.403
2880 1171.06 218.77
2881 991.605 34.1453
2882 912.536 1063.51
2883 880.546 513.981
2884 729.185 578.375
2885 104.534 1292.59
2886 431.185 247.374
2887 2.50579 907.947
2888 1508.96 914.377
2889 569.847 659.59
2890 1307.54 1202.26
2891 911.032 317.631
2892 1287.74 274.36
2893 416.245 255.742
2894 1394.48 1462.39
2895 43.8578 1463.49
2896 946.623 1146.92
2897 1066.1 1135.03
2898 1535.43 703.323
2899 1490.74 837.653
2900 1344.43 1033.77
2901 1175.96 1056.08
2902 57.1604 534.774
2903 996.075 1007.23
2904 658.013 268.545
2905 310.056 128.552
2906 1264.86 153.492
2907 1229.07 329.119
2908 1249.77 1159.66
2909 1346.98 242.967
2910 283.666 1520.03
2911 1058.91 1420.69
2912 537.991 1500.79
2913 1112.95 1026.38
2914 727.578 373.41
2915 143.587 247.695
2916 1270.71 1022.79
2917 10.4014 1212.33
2918 137.016 1391.28
2919 969.93 99.7588
2920 1284.14 118.208
2921 59.1461 1068.51
2922 1083.97 898.832
2923 783.792 249.066
2924 1041.83 1168.37
2925 1157.82 1213.81
2926 1046.47 855.373
2927 538.803 953.241
2928 53.9099 815.432
2929 1187.27 739.539
2930 454.391 1152.25
2931 784.691 1371
2932 216.36 1089.84
2933 784.343 206.42
2934 126.282 209.551
2935 31.8674 1313.37
2936 410.619 933.772
2937 1095.41 344.286
2938 185.677 377.334
2939 1344.57 1248.13
2940 376.2 1072.19
2941 1126.36 711.323
2942 649.219 47.6573
2943 1288.64 1492.14
2944 1144.06 533.355
2945 990.858 1077.45
2946 1278.95 1241.26
2947 643.894 733.298
2948 369.441 409.116
2949 849.086 395.206
2950 617.039 1136.07
2951 1368.24 893.243
2952 1405.75 340.561
2953 1373.79 301.239
2954 619.356 1013.33
2955 209.541 741.809
2956 1444.09 134.131
2957 1199.99 1145.81
2958 1492.3 772.881
2959 90.2675 1306.27
2960 1041.93 658.465
2961 410.808 1188.5
2962 1297.76 964.257
2963 886.749 705.981
2964 1317.95 534.395
2965 1060.35 65.7179
2966 574.63 1425.49
2967 987.849 770.517
2968 1244.24 1317.5
2969 1467.78 1130.31
2970 586.071 85.3156
2971 212.095 1205.96
2972 992.805 7.13914
2973 416.672 1207.74
2974 101.792 1531.85
2975 1384.61 539.937
2976 1249.49 1185.33
2977 965.829 435.96
2978 1266.49 859.78
2979 1506.36 24.8313
