1 620.285 733.364
2 848.746 1245.63
3 1337.03 91.8551
4 1321.69 105.31
5 947.751 60.5984
6 1112.96 426.948
7 288.579 1148.44
8 977.19 74.9701
9 1238.34 1111.94
10 807.392 664.372
11 1208.73 1242.82
12 1221.09 987.688
13 830.853 352.954
14 142.838 115.726
15 329.524 188.724
16 115.661 739.439
17 739.956 1332.77
18 367.521 954.507
19 910.504 20.2425
20 502.079 427.269
21 87.663 871.644
22 790.482 886.472
23 462.22 1290.39
24 905.692 1270.78
25 768.942 1184.9
26 768.249 598.261
27 118.822 479.587
28 163.411 803.846
29 861.89 773.219
30 1272.36 44.9575
31 38.2425 1101.38
32 401.673 900.06
33 881.832 299.798
34 1042.19 340.948
35 566.882 564.876
36 123.72 1083.99
37 1090.44 644.734
38 512.22 426.661
39 1042.35 1071.38
40 812.142 1305.09
41 514.464 1319.14
42 346.23 160.724
43 881.104 645.209
44 795.887 1158.94
45 758.671 845.675
46 402.132 1245.46
47 738.318 789.049
48 805.931 1124.59
49 1029.44 824.425
50 686.318 549.367
51 943.566 1095.11
52 420.826 88.1543
53 436.268 478.17
54 572.693 891.493
55 641.361 1220.42
56 529.368 265.461
57 937.638 596.198
58 240.961 197.861
59 371.965 974.365
60 1161.48 369.953
61 318.737 560.658
62 824.352 344.715
63 973.804 435.465
64 297.08 593.332
65 903.572 295.842
66 94.2782 911.351
67 628.118 224.476
68 314.006 366.784
69 305.791 515.046
70 306.415 787.575
71 868.973 409.424
72 684.693 914.545
73 974.818 824.072
74 1035.29 540.406
75 113.827 30.463
76 1104.08 53.4898
77 416.655 1188.51
78 775.857 1227.28
79 953.977 897.307
80 836.335 1101.51
81 1064.81 466.296
82 869.354 374.457
83 586.409 840.813
84 748.065 1037.83
85 878.39 111.206
86 935.368 245.883
87 1187.08 1076.7
88 718.708 100.028
89 1064.48 1236.08
90 860.142 583.792
91 615.565 1053.1
92 571.55 18.548
93 1028.17 1324.91
94 811.242 227.669
95 964.989 708.633
96 476.926 283.559
97 850.959 240.239
98 679.42 903.162
99 726.886 785.543
100 605.534 585.307
101 378.822 515.414
102 173.467 940.233
103 1068.02 183.531
104 633.54 1141.75
105 495.567 205.682
106 346.762 317.773
107 93.8047 256.003
108 1168.39 1189.79
109 230.806 1055.12
110 794.384 1266.67
111 809.564 1144.47
112 682.524 1101.66
113 462.882 891.058
114 773.134 509.19
115 580.557 984.003
116 139.455 307.578
117 1091.1 706.176
118 380.841 240.551
119 75.832 1235.61
120 866.148 629.2
121 1252.01 1120.54
122 353.559 998.072
123 748.69 979.172
124 729.864 260.368
125 1061.05 742.74
126 748.268 999.965
127 547.25 291.052
128 153.383 1164.32
129 536.583 1046.24
130 650.368 450.435
131 499.622 875.033
132 2.17008 435.858
133 1232.92 110.403
134 530.211 1222.82
135 676.463 425.761
136 634.712 495.449
137 1105.06 755.024
138 342.913 1323.31
139 1091.39 1008.39
140 421.44 922.324
141 295.829 556.989
142 300.602 420.642
143 1223.49 673.436
144 57.2 218.825
145 160.094 924.879
146 1225.81 139.591
147 948.247 970.649
148 180.813 736.287
149 271.353 451.433
150 1083.89 1093.53
151 812.756 44.1795
152 332.677 429.102
153 255.496 1017.74
154 663.716 939.972
155 1032.06 493.647
156 494.924 1233.96
157 1154.69 944.287
158 1295 810.627
159 1038.24 1199.13
160 1151.78 216.86
161 110.797 705.946
162 575.398 935.442
163 117.074 183.367
164 153.682 680.217
165 269.194 823.294
166 1021.21 675.565
167 865.534 989.228
168 658.885 1303.97
169 1051.96 1220.3
170 1002.41 396.444
171 1209.63 1092.61
172 708.715 725.805
173 223.296 360.208
174 913.038 455.89
175 1126.93 931.143
176 628.353 644.242
177 833.804 1073.34
178 722.636 797.115
179 567.005 603.732
180 404.027 479.235
181 635.723 196.019
182 1017.8 1054.95
183 0.409449 1130.86
184 1110.43 868.293
185 1225.03 541.046
186 712.575 990.104
187 1213.63 682.444
188 464.192 820.372
189 440.04 1106.66
190 105.351 563.411
191 227.94 1293.33
192 1291.26 844.176
193 593.905 46.6047
194 1069.98 788.516
195 770.107 651.893
196 739.342 410.227
197 678.539 827.946
198 188.019 778.787
199 976.74 1187.87
200 957.496 657.386
201 4.54488 789.146
202 724 1188.96
203 581.603 1071.01
204 901.69 422.92
205 1279.46 1007.57
206 1206.44 1206.81
207 825.748 1187.13
208 1178.56 747.868
209 1153.09 329.156
210 183.651 275.764
211 418.661 1217.41
212 1236.1 437.496
213 92.5764 71.6126
214 716.658 114.646
215 197.5 670.39
216 550.128 998.784
217 306.03 965.685
218 402.286 548.186
219 860.743 981.096
220 904.659 937.638
221 990.375 321.376
222 534.937 966.176
223 656.226 667.156
224 611.921 1180.05
225 458.544 832.589
226 146.132 651.858
227 537.579 132.539
228 820.74 583.679
229 78.5659 690.003
230 972.381 185.767
231 1302.08 82.2173
232 600.03 532.57
233 197.981 138.476
234 733.487 95.9338
235 823.524 1055.97
236 1239.31 591.817
237 1025.41 1149.36
238 82.1071 886.923
239 1266.17 423.918
240 921.685 83.9779
241 611.55 890.151
242 555.224 375.055
243 361.953 591.82
244 359.071 1063.27
245 1316.18 317.896
246 911.646 513.531
247 1096.73 369.2
248 689.647 611.389
249 402.693 1244.19
250 601.562 553.959
251 728.769 15.3543
252 1070.06 616.359
253 836.954 161.66
254 569.953 1214.79
255 1263.39 395.487
256 1068.51 693.294
257 1043.68 1290.17
258 268.803 167.26
259 1210.84 737.024
260 445.89 635.112
261 358.841 769.288
262 871.832 1042.27
263 585.225 165.499
264 93.3543 217.924
265 469.515 443.244
266 1168.64 884
267 793.266 91.6913
268 1242.64 14.9858
269 843.896 801.25
270 689.716 699.093
271 811.266 1013.1
272 925.848 135.216
273 1325.71 434.973
274 574.626 346.639
275 711.676 1081.44
276 439.379 922.365
277 875.32 578.838
278 23.3386 1279.04
279 322.71 702.655
280 882.853 357.408
281 1034.51 206.854
282 370.267 1303.85
283 657.493 295.392
284 501.597 522.129
285 587.86 1013.97
286 1078.65 1112.14
287 1246.64 905.168
288 238.723 193.808
289 1275.07 425.622
290 4.13543 1172.21
291 519.427 162.526
292 215.206 673.093
293 29.8079 561.15
294 112.027 224.869
295 176.27 1278.3
296 477.348 1271.99
297 560.208 827.553
298 226.998 1072.4
299 156.409 434.523
300 267.312 351.159
301 461.3 253.367
302 89.0268 253.465
303 245.178 577.323
304 179.352 891.411
305 1034.68 519.565
306 951.068 621.625
307 390.001 122.932
308 848.841 443.203
309 2.86614 994.633
310 574.909 355.606
311 697.127 1150.92
312 449.002 1067.2
313 787.557 1211.37
314 655.478 1184.13
315 658.325 1298.79
316 273.553 997.949
317 836.506 777.502
318 9.29449 930.979
319 714.019 1127.38
320 762.928 690.167
321 1329.45 63.1779
322 912.334 339.351
323 1313.49 642.712
324 326.202 764.538
325 1086.76 905.716
326 1146.25 616.195
327 746.098 754.384
328 179.38 1169.35
329 821.109 688.488
330 1031.66 853.424
331 702.737 476.69
332 983.005 468.916
333 997.851 496.088
334 109.998 127.717
335 65.1433 427.398
336 353.01 265.379
337 261.508 953.483
338 51.4268 459.745
339 230.624 1089.75
340 804.067 383.326
341 416.737 787.263
342 1234.48 90.2425
343 631.984 149.244
344 875.836 42.7622
345 109.937 916.961
346 203.589 89.2346
347 153.832 987.836
348 299.194 207.386
349 1077.22 1036.11
350 530.605 552.838
351 928.875 1310.24
352 1328.78 385.716
353 337.118 883.754
354 829.42 1152.85
355 1124.22 515.02
356 265.252 608.277
357 1294.47 470.17
358 1177.21 1111.42
359 598.45 1027.98
360 345.762 1260
361 904.986 724.413
362 126.151 888.806
363 14.3307 335.379
364 817.394 583.48
365 502.637 284.854
366 1222.74 683.37
367 1152.28 834.784
368 1227.45 359.046
369 1102.2 561.527
370 1019.81 804.239
371 1237.15 757.981
372 76.0672 402.013
373 359.15 753.058
374 804.239 291.118
375 808.591 79.8173
376 1044.82 1211.68
377 657.575 1242.68
378 67.8047 233.631
379 310.088 131.613
380 738.576 483.395
381 698.724 624.532
382 352.126 1044.87
383 864.305 896.586
384 171.109 1258.85
385 281.332 490.315
386 90.1092 375.228
387 973.26 684.901
388 1224.78 1033.28
389 479.383 1077.18
390 946.474 334.617
391 1054.62 862.954
392 57.2409 513.792
393 994.778 658.803
394 1081.59 950.167
395 446.815 939.414
396 1080.1 813.575
397 187.601 266.731
398 221.606 1290.01
399 742.085 987.647
400 575.803 72.1858
401 1315.28 595.584
402 152.246 1261.12
403 864.797 626.39
404 739.301 404.428
405 292.551 836.586
406 168.898 1230.43
407 546.504 225.417
408 991.521 1237.4
409 947.671 20.6772
410 476.46 685.335
411 1150.1 1164.28
412 708.608 131.269
413 941.855 317.666
414 1335.72 636.954
415 793.04 529.345
416 1297.57 1310.2
417 1319.99 999.546
418 26.0819 465.912
419 1202.4 872.183
420 554.525 711.049
421 218.308 1058.83
422 1189.08 880.208
423 1060.6 593.127
424 1317.3 246.652
425 156.514 1105.04
426 222.835 40.7402
427 242.721 459.606
428 34.7213 19.0551
429 53.5559 556.702
430 89.958 1026.57
431 158.989 72.1039
432 942.51 255.209
433 509.575 1260
434 18.1795 630.683
435 197.846 314.472
436 1331.66 1190.27
437 615.035 1120.76
438 1232.77 1022.72
439 433.77 542.74
440 159.276 1058.77
441 149.367 625.735
442 389.276 337.934
443 605.534 349.71
444 2.3748 93.2063
445 1.43307 1243.92
446 530.154 1251.49
447 1155.69 1321.95
448 1160.87 563.606
449 896.488 1054.84
450 1014.26 39.8079
451 1230.35 192.973
452 836.381 1014.79
453 523.267 403.143
454 202.301 402.135
455 838.4 58.2236
456 1148.07 786.52
457 302.992 209.846
458 1124.03 115.187
459 475.575 988.378
460 216.394 18.3433
461 442.246 1096.34
462 178.372 165.345
463 689.832 1050.29
464 788.312 839.165
465 88.0231 659.008
466 1183.84 154.869
467 239.97 659.499
468 335.543 117.061
469 418.298 1019.38
470 904.239 783.398
471 1193.16 1267.1
472 866.355 822.803
473 232.541 828.986
474 706.947 510.951
475 976.658 1037.68
476 1268.88 1177.66
477 482.699 248.34
478 1209.85 1138.35
479 578.305 1160.39
480 667.975 552.346
481 564.753 528.901
482 1047.7 199.254
483 276.951 152.356
484 1010.24 906.724
485 623.959 976.17
486 908.853 940.831
487 1011.34 399.172
488 1105.59 143.839
489 205.905 497.824
490 558.355 311.591
491 808.579 921.801
492 514.227 732.028
493 866.577 208.491
494 1176.55 177.962
495 243.131 991.455
496 104.002 1301.12
497 126.069 15.2724
498 979.852 216.356
499 832.432 1108.66
500 673.399 854.642
501 300.413 1201.73
502 1319.53 304.794
503 558.898 773.096
504 319.493 389.795
505 791.833 1210.67
506 420.313 488.882
507 246.002 750.699
508 236.129 1330.26
509 107.357 1003.56
510 1115.22 171.723
511 1182.76 277.565
512 1229.74 275.931
513 569.024 1202.89
514 72.759 1125.18
515 1150.63 1091.93
516 517.891 22.0283
517 731.276 56.5197
518 292.469 1092.78
519 339.639 637.184
520 389.899 713.112
521 853.798 547.32
522 953.599 50.8126
523 91.1842 841.597
524 196.838 719.779
525 1259.26 474.035
526 245.763 492.649
527 1191.66 528.205
528 214.756 134.069
529 73.1097 826.236
530 883.838 834.964
531 137.873 1312.16
532 555.511 773.464
533 191.54 1200.59
534 1261.1 460.753
535 751.064 325.594
536 1224.05 182.425
537 264.872 677.924
538 675.55 684.205
539 375.272 864.608
540 391.965 444.466
541 355.934 693.524
542 1035.99 1309.19
543 1321.71 935.483
544 62.0724 583.194
545 1190.49 184.129
546 644.554 892.321
547 452.055 1134.34
548 766.327 422.101
549 1063.5 409.244
550 240.879 478.948
551 457.354 581.802
552 189.002 536.551
553 381.852 550.135
554 1072.02 998.579
555 94.6236 364.86
556 528.762 1062.29
557 367.644 646.97
558 679.89 365.735
559 1149.9 713.956
560 64.0535 1115.99
561 1035 21.1024
562 284.446 232.567
563 788.516 1339.2
564 813.37 1271.38
565 219.251 181.647
566 219.814 450.107
567 885.754 317.978
568 1187.8 790.318
569 890.879 1119.2
570 440.796 1104.63
571 289.628 280.283
572 251.128 1136.55
573 554.991 1169.63
574 207.06 507.241
575 818.447 1053.53
576 749.234 1161.97
577 53.2283 384.611
578 66.4945 618.529
579 1138.3 1209.18
580 604.551 1235.89
581 1074.19 78.9575
582 535.846 654.872
583 1015.68 593.061
584 122.611 290.381
585 705.045 1069.33
586 414.999 948.258
587 467.141 658.983
588 363.058 559.348
589 308.739 1082.76
590 595.934 429.65
591 713.464 960.075
592 547.19 104.86
593 451.008 712.072
594 566.186 267.754
595 1139.09 1220.91
596 610.889 1171.49
597 990.702 452.006
598 263.972 1210.29
599 508.003 1073.3
600 971.131 1255.41
601 1207.55 868.989
602 617.94 62.5795
603 854.274 678.677
604 137.826 200.646
605 235.435 904.693
606 729.999 52.7118
607 73.4551 941.732
608 783.268 179.748
609 331.162 27.2693
610 680.895 428.12
611 605.943 791.464
612 346.786 626.211
613 363.099 795.723
614 1267.69 1220.08
615 1264.25 897.471
616 122.572 265.707
617 997.194 1126.37
618 643.409 1313.2
619 127.198 87.5401
620 212.013 1129.89
621 799.162 404.126
622 36.0021 1197.97
623 1184 340.907
624 466.853 1143.57
625 292.224 56.7653
626 652.766 839.657
627 657.329 387.055
628 362.293 1167.56
629 424.662 141.424
630 625.531 453.883
631 69.179 79.9811
632 254.623 546.91
633 332.513 1168.85
634 946.022 1234.45
635 969.587 39.7984
636 385.815 455.568
637 730.047 815.187
638 1081 582.457
639 601.258 1323.99
640 906.765 69.9433
641 1018.91 280.186
642 1298.77 555.172
643 314.776 29.537
644 167.825 774.841
645 587.697 751.543
646 1125.33 1029.86
647 332.595 718.828
648 1146.42 590.605
649 601.514 693.99
650 487.49 958.151
651 1249.47 512.998
652 1076.21 961.877
653 950.674 108.145
654 545.14 332.227
655 365.515 1069.33
656 234.655 1169.92
657 1233.49 323.89
658 1074.74 738.129
659 208.406 1175.81
660 352.535 108.964
661 860.348 745.99
662 166.195 1109.9
663 1059.78 135.134
664 1170.31 450.066
665 248.658 1229.63
666 931.93 701.263
667 912.579 718.951
668 529.973 653.808
669 811.241 189.657
670 491.953 1094.02
671 484.381 399.376
672 765.956 250.312
673 957.742 268.844
674 1251.27 629.937
675 712.61 506.34
676 583.555 1138.51
677 1151 801.25
678 10.6866 754.671
679 968.185 174.22
680 297.397 931.66
681 939.275 688.939
682 1011.01 357.669
683 1021.29 235.187
684 906.888 427.105
685 499.609 182.082
686 805.099 357.08
687 906.347 203.266
688 1286.57 354.68
689 1091.47 1200.91
690 610.82 1319.42
691 1088.89 648.705
692 371.066 597.304
693 1037.46 224.214
694 60.3864 496.293
695 954.785 520.098
696 1220.44 288.431
697 1310.33 1176.57
698 115.898 1199.37
699 116.816 528.573
700 616.112 13.1591
701 955.463 472.954
702 165.622 1013.75
703 87.3585 705.808
704 1088.41 834.498
705 379.132 619.997
706 1193.1 77.3197
707 808.266 31.1748
708 304.154 367.08
709 61.1633 902.425
710 439.945 386.167
711 52.737 1067.57
712 966.751 570.331
713 1045.98 248.74
714 933.175 1321.54
715 1102.07 250.173
716 348.154 73.8394
717 613.805 683.55
718 954.541 534.003
719 1149.54 304.998
720 1090.58 558.784
721 912.235 275.641
722 750.696 661.03
723 616.858 279.531
724 85.3701 610.135
725 418.907 180.365
726 1288.37 304.687
727 833.679 1226.27
728 510.33 115.833
729 763.909 982.611
730 338.409 420.995
731 144.494 1036.74
732 1040.61 445.66
733 1030.5 503.065
734 1291.85 985.338
735 308.235 1241.2
736 669.289 362.567
737 671.127 1281.66
738 79.9653 804.869
739 579.984 84.7244
740 1041.56 1049.5
741 95.3018 1088.68
742 581.172 307.546
743 1026.82 1151.98
744 197.15 17.622
745 886.579 390.819
746 1066.24 275.493
747 1271.72 440.362
748 241.744 245.767
749 922.797 802.028
750 540.536 588.173
751 388.649 86.8598
752 447.323 504.661
753 1166.51 414.173
754 1280.74 1064.89
755 444.334 386.781
756 168.939 383.342
757 1154.91 921.842
758 1333.66 394.97
759 113.011 42.8283
760 341.89 235.647
761 317.324 291.2
762 725.912 1211.48
763 604.428 756.302
764 177.593 410.202
765 1188.78 223.477
766 272.488 910.753
767 572.86 1073.78
768 622.772 1262.14
769 402.131 973.424
770 528.025 950.264
771 281.087 7.45197
772 448.92 866.86
773 1224.94 63.263
774 690.29 734.157
775 861.364 262.337
776 910.491 666.173
777 1068.71 482.617
778 741.811 716.797
779 1014.61 1171.74
780 429.389 444.743
781 529.622 477.827
782 167.137 690.019
783 491.219 93.1244
784 77.0992 822.879
785 642.633 1199.93
786 897.798 545.795
787 835.071 493.222
788 762.844 711.049
789 821.805 391.433
790 969.452 101.339
791 213.827 1301.15
792 1060.78 927.975
793 313.72 355.483
794 214.716 58.674
795 587.04 1286.86
796 585.526 321.786
797 143.839 1227.28
798 414.355 539.751
799 916.469 889.537
800 1076.89 884.671
801 741.576 589.811
802 1135.21 163.38
803 284.935 952.844
804 1133.6 547.162
805 112.334 1334.2
806 703.127 251.197
807 391.826 735.452
808 1078.83 769.027
809 547.597 139.131
810 473.2 1122.36
811 797.783 1296.82
812 390.485 873.354
813 1241.08 1259.39
814 413.461 600.784
815 900.46 262.334
816 55.2472 280.841
817 138.844 785.364
818 547.24 374.129
819 711.704 32.3874
820 443.917 40.7402
821 515.783 620.642
822 1183.83 818.038
823 653.575 1140.66
824 3.39842 1306.65
825 1112.68 1157.88
826 620.806 817.383
827 1042.39 259.893
828 752.315 588.668
829 319.679 813.82
830 889.236 1025.05
831 549.028 1026.87
832 792.485 604.101
833 1205.12 1201.9
834 1057.93 1273.39
835 1203.86 1031.89
836 520.778 197.641
837 1152.39 486.139
838 378.939 83.1748
839 867.909 1196.3
840 1251.15 708.894
841 1168.94 1051.79
842 377.772 381.238
843 806.887 147.647
844 1141.07 581.253
845 659.294 172.476
846 1033.43 174.768
847 218.781 1144.82
848 1131.47 1250.37
849 876.992 341.455
850 844.447 764.948
851 187.889 763.024
852 796.501 422.772
853 1171.87 748.488
854 168.775 1189.16
855 1315.45 857.222
856 195.178 905.619
857 541.75 50.0031
858 63.5874 0.368504
859 1317.77 498.831
860 803.502 624.794
861 984.724 1008.82
862 673.625 811.405
863 1210.13 944.066
864 1177.33 30.3402
865 564.425 278.564
866 1112.39 952.378
867 706.951 1319.12
868 772.049 204.085
869 533.02 906.52
870 660.855 173.565
871 311.224 930.324
872 617.408 1041.57
873 326.674 31.8142
874 764.371 87.1716
875 655.748 91.4709
876 453.915 1042.58
877 42.5228 210.964
878 766.88 138.844
879 511.301 1102.58
880 503.726 1294.37
881 432.951 494.63
882 1136.06 1.76063
883 12.9386 226.646
884 1120.25 1280.48
885 1298.89 487.178
886 731.462 1295.66
887 482.756 570.945
888 20.6772 421.742
889 120.298 1040.82
890 893.474 605.257
891 150.718 365.228
892 784.456 464.822
893 786.092 66.7968
894 514.595 668.425
895 414.828 273.726
896 1106.91 125.962
897 71.7165 1148.87
898 1135.84 28.3339
899 77.5506 972.195
900 945.586 382.343
901 450.23 856.214
902 1251.4 1288.31
903 1255.74 699.395
904 436.227 263.562
905 564.302 654.847
906 829.538 681.257
907 272.008 634.498
908 611.599 206.894
909 237.137 813.058
910 130.942 1333.62
911 118.781 445.496
912 1028.21 1208.22
913 93.4362 655.691
914 1318.56 825.899
915 1247.3 1306.24
916 563.565 317.093
917 742.03 1263.72
918 1165.42 439.216
919 466.129 1083.4
920 470.048 1209.06
921 369.499 305.121
922 430.994 620.151
923 1154.52 994.51
924 468.819 370.756
925 534.809 1210.7
926 1127.05 473.036
927 1001.23 291.773
928 388.244 822.715
929 774.978 239.912
930 837.837 664.013
931 630.101 211.783
932 269.123 289.439
933 400.359 1188.4
934 1090.77 493.852
935 221.227 1276.42
936 917.62 608.318
937 319.534 1195.16
938 294.335 1250.58
939 1004.42 646.535
940 831.797 496.268
941 51.0194 182.737
942 928.916 641.294
943 970.312 1064.16
944 454.611 94.7464
945 464.765 1164.28
946 770.011 772.057
947 521.539 696.595
948 753.099 632.189
949 908.78 1231.01
950 842.768 109.543
951 406.739 1084.75
952 475.042 233.934
953 962.167 254.12
954 367.983 301.206
955 192.545 124.513
956 884.346 962.904
957 1053.76 100.535
958 301.08 823.565
959 163.025 1299.03
960 1172.91 123.792
961 1305.05 636.545
962 193.874 1327.33
963 319.575 663.446
964 826.702 941.814
965 62.5764 355.786
966 554.92 1181.79
967 71.2147 1330.3
968 452.998 1303.25
969 233.877 1036.31
970 1274.32 1152.6
971 838.372 171.682
972 924.465 1043.54
973 241.704 999.342
974 893.704 223.82
975 822.091 162.019
976 209.269 656.444
977 1284.8 1082.43
978 1144.04 155.631
979 656.175 953.499
980 601.892 59.5905
981 1229.21 163.493
982 1253.9 1101.74
983 821.887 931.471
984 1234.98 235.105
985 14.2079 597.631
986 466.321 903.424
987 331.817 1127.31
988 924.682 1181.89
989 646.806 809.209
990 515.664 847.165
991 190.107 173.206
992 29.2346 857.361
993 543.177 1322.52
994 1307.53 148.605
995 699.175 303.663
996 409.981 222.217
997 665.968 900.68
998 483.377 20.6929
999 1016.05 480.872
1000 1297.89 212.268
1001 1229.31 250.992
1002 977.518 729.899
1003 1001.27 1136.92
1004 1130.53 1169.92
1005 841.47 1135.7
1006 621.994 702.957
1007 22.9701 890.51
1008 1276.35 183.474
1009 327.805 832.409
1010 1097.49 807.805
1011 90.6646 20.9638
1012 1306.72 764.768
1013 543.916 805.836
1014 87.4583 1277.49
1015 140.728 575.578
1016 1031.54 1296.77
1017 748.309 920.252
1018 1.02362 1331.3
1019 1213.41 1310.89
1020 974.275 367.48
1021 1094.84 1334.53
1022 838.224 1089.03
1023 389.509 1234.69
1024 566.472 412.233
1025 985.379 90.4882
1026 113.294 232.501
1027 1016.38 1089.79
1028 812.368 118.249
1029 276.636 262.595
1030 1255.64 1230.82
1031 1225.49 1194.38
1032 1269.54 270.198
1033 1334.44 919.335
1034 201.584 1085.51
1035 723.168 84.3622
1036 501.873 956.816
1037 878.833 10.4976
1038 731.439 432.705
1039 1140.56 968.346
1040 323.792 408.22
1041 244.075 878.677
1042 114.105 152.11
1043 446.299 1247.92
1044 1175.07 328.926
1045 654.34 871.307
1046 550.7 920.441
1047 686.031 917.247
1048 632.148 639.231
1049 483.805 732.954
1050 704.293 446.176
1051 1005.44 139.298
1052 334.602 853.594
1053 713.876 1006.18
1054 1234.24 813.534
1055 533.184 386.724
1056 553.698 41.6567
1057 603.03 1270.62
1058 463.989 206.705
1059 1275.59 1332.26
1060 902.652 1200.5
1061 99.2094 517.027
1062 1157.02 49.6819
1063 4.3811 985.953
1064 14.0441 1254.08
1065 451.256 733.855
1066 1043.32 338.828
1067 1083.89 98.5291
1068 1135.68 87.9653
1069 1184.54 299.691
1070 799.768 355.688
1071 748.39 1011.51
1072 284.069 393.03
1073 112.767 1050.97
1074 1289.11 364.466
1075 929.114 369.814
1076 1158.44 705.25
1077 759.553 312.082
1078 443.886 902.057
1079 320.148 1158.84
1080 909.926 865.001
1081 980.561 1179.11
1082 1326.54 8.53228
1083 923.798 614.394
1084 927.975 777.871
1085 953.09 747.694
1086 1282.15 1051.68
1087 846.208 1101.01
1088 770.948 1026.65
1089 650.105 1016.31
1090 637.798 214.551
1091 799.85 497.071
1092 737.358 860.702
1093 1110.85 1110.73
1094 619.25 284.362
1095 391.065 817.017
1096 985.216 755.515
1097 770.451 669.792
1098 1258.98 113.745
1099 188.346 245.956
1100 175.399 634.006
1101 1056.87 628.806
1102 95.6882 674.869
1103 575.042 854.29
1104 338.368 398.025
1105 501.126 664.617
1106 240.142 322.973
1107 127.994 1039.59
1108 1076.11 377.88
1109 453.846 390.983
1110 3.64409 964.255
1111 1271.09 1238.83
1112 777.707 317.168
1113 768.128 1075.99
1114 201.912 871.978
1115 640.337 472.274
1116 1298.65 702.942
1117 625.66 781.924
1118 164.151 1237.37
1119 763.622 824.179
1120 770.091 889.159
1121 840.487 647.518
1122 1057.92 638.142
1123 919.253 1305.79
1124 1222.74 1288.55
1125 1186.38 449.779
1126 1116.3 686.702
1127 156.532 972.989
1128 1203.25 603.364
1129 281.633 220.488
1130 672.806 241.861
1131 498.915 341.209
1132 94.6236 721.449
1133 226.343 479.383
1134 1336.33 712.687
1135 740.131 494.737
1136 181.676 177.512
1137 555.704 924.715
1138 922.201 136.51
1139 1279.24 1150.93
1140 3.39842 1223.24
1141 903.326 1071.58
1142 322.318 797.606
1143 832.082 534.715
1144 987.795 305.572
1145 301.604 59.7386
1146 949.184 998.989
1147 171.027 1038.16
1148 1246.53 969.836
1149 1193.22 620.192
1150 1097.56 1129.93
1151 859.801 1319.9
1152 762.252 924.453
1153 359.753 1240.36
1154 1289.76 855.641
1155 1207.67 900.23
1156 1326.07 952.296
1157 579.698 374.646
1158 650.123 407.978
1159 666.687 762.312
1160 651.497 335.461
1161 274.448 114.85
1162 1339.75 219.956
1163 757.808 701.263
1164 888.509 566.687
1165 427.8 1026.61
1166 763.499 861.162
1167 651.433 1194.73
1168 862.557 465.461
1169 33.095 540.186
1170 1153.46 638.331
1171 919.54 521.024
1172 634.809 712.948
1173 877.572 192.293
1174 986.403 780.957
1175 399.827 919.556
1176 1336.59 337.877
1177 981.769 463.266
1178 1270.12 581.335
1179 201.757 436.759
1180 940.463 441.959
1181 450.172 52.737
1182 150.567 410.759
1183 710.394 1149.75
1184 25.5905 1016.17
1185 254.513 711.704
1186 14.863 1313.96
1187 1017.4 1084.85
1188 13.9622 101.052
1189 1330.05 168.334
1190 733.077 1288.54
1191 1183.92 1228.39
1192 259.142 694.016
1193 1040.19 704.268
1194 1086.39 212.52
1195 610.939 563.294
1196 1103.2 945.597
1197 473.077 465.272
1198 1284.64 662.135
1199 303.332 863.257
1200 1002.29 11.4803
1201 1079.6 856.453
1202 1158.37 1288.29
1203 1177.94 882.198
1204 1260.82 668.139
1205 341.543 268.68
1206 495.109 1028.41
1207 787.82 812.633
1208 814.066 1322.54
1209 1094.06 652.006
1210 503.695 930.595
1211 783.275 1235
1212 843.519 136.838
1213 331.985 142.816
1214 38.6121 484.91
1215 680.926 268.164
1216 772.162 1064.03
1217 683.577 201.014
1218 187.65 106.129
1219 1338.96 1121.64
1220 87.2945 986.403
1221 346.897 699.354
1222 567.948 864.224
1223 1080.33 221.691
1224 685.481 117.266
1225 641.647 182.287
1226 185.931 342.841
1227 649.491 1099.92
1228 1295.38 1055.72
1229 1001.51 139.417
1230 676.913 73.6756
1231 132.58 98.4472
1232 1012.35 469.392
1233 471.103 317.912
1234 157.72 306.447
1235 1127.67 532.17
1236 764.518 279.203
1237 1329.75 527.779
1238 1215.77 1328.95
1239 166.523 693.729
1240 583.383 718.296
1241 872.896 22.315
1242 249.6 1325.2
1243 91.9444 537.002
1244 543.227 173.852
1245 823.178 1257.38
1246 832.31 118.135
1247 956.39 1121.44
1248 804.28 504.031
1249 397.698 343.379
1250 44.8346 66.0189
1251 411.011 675.757
1252 540.661 619.471
1253 1327.75 28.1701
1254 96.7758 478.441
1255 282.174 510.189
1256 1335.14 1321.54
1257 300.331 558.381
1258 1237.31 316.75
1259 83.5685 645.307
1260 1025.05 10.989
1261 979.138 1021.63
1262 1217.63 574.006
1263 955.021 1212.83
1264 910.177 667.499
1265 1290.4 1218.86
1266 1230.35 20.1858
1267 11.7512 1269.23
1268 812.305 1014.86
1269 338.041 4.79055
1270 13.7165 525.978
1271 99.5717 585.635
1272 1094.01 426.236
1273 740.715 343.748
1274 977.158 212.923
1275 462.004 899.534
1276 860.293 74.6992
1277 736.066 355.37
1278 862.709 178.454
1279 634.564 783.824
1280 1332.1 1264.25
1281 729.761 20.4472
1282 213.407 323.48
1283 300.056 1187.93
1284 1070.95 61.9496
1285 1234.45 371.206
1286 492.649 296.359
1287 975.307 1235.93
1288 446.467 644.857
1289 1026.45 1010.93
1290 496.661 511.458
1291 1218.31 415.191
1292 34.0252 403.143
1293 1292.14 273.676
1294 619.171 253.997
1295 1233.95 12.6268
1296 740.775 1085.24
1297 3.88976 640.869
1298 550.217 586.633
1299 144.454 963.94
1300 302.992 140.334
1301 1105.72 651.72
1302 362.841 513.449
1303 905.824 786.92
1304 183.967 204.822
1305 643.408 485.361
1306 156.381 353.165
1307 29.5223 687.849
1308 1183.16 296.031
1309 16.7874 32.2646
1310 1090.44 608.768
1311 815.891 269.458
1312 391.679 986.69
1313 220.982 613.083
1314 325.473 106.989
1315 626.047 609.439
1316 648.813 277.376
1317 1092.94 338.901
1318 1054.98 871.225
1319 783.608 12.2583
1320 334.237 1091.24
1321 1104.28 317.241
1322 535.559 1259.89
1323 614.155 228.145
1324 203.496 941.2
1325 1182.09 1015.86
1326 602.292 463.88
1327 245.546 1283.06
1328 621.352 127.38
1329 507.965 553.263
1330 1072.22 1143.34
1331 452.411 1142.44
1332 1155.75 1245.34
1333 311.877 545.442
1334 72.5543 356.63
1335 119.071 1134.34
1336 919.499 173.95
1337 4.70866 385.88
1338 409.244 770.009
1339 686.85 1115.89
1340 693.917 325.676
1341 864.277 724.765
1342 946.985 865.345
1343 224.828 1032.77
1344 943.411 278.917
1345 32.674 269.213
1346 625.146 657.14
1347 14.822 964.661
1348 254.472 1186.15
1349 1063.75 448.92
1350 482.65 187.978
1351 474.273 284.29
1352 1245.5 663.474
1353 1291.44 691.846
1354 726.935 1170
1355 417.187 354.844
1356 293.82 1052.54
1357 191.581 846.945
1358 290.913 474.772
1359 1062.36 1180.93
1360 503.868 53.1055
1361 103.631 341.455
1362 351.184 213.241
1363 725.052 538.359
1364 472.05 1323.54
1365 824.712 264.995
1366 1238.28 778.828
1367 41.9685 686.62
1368 1232.77 728.655
1369 982.268 558.857
1370 20.1858 456.551
1371 125.559 487.613
1372 1022.24 1298.4
1373 213.664 1252.11
1374 1274.49 615.156
1375 379.723 507.266
1376 534.535 1129.97
1377 53.8646 726.91
1378 160.217 468.368
1379 1084.88 404.945
1380 1202.47 766.258
1381 217.458 838.305
1382 136.715 592.277
1383 1257.59 1052.28
1384 536.513 801.635
1385 255.25 1283.25
1386 550.381 442.425
1387 696.607 347.597
1388 775.151 1049.38
1389 1180.81 483.82
1390 430.23 239.65
1391 441.55 298.202
1392 1024.33 891.165
1393 635.997 1000.91
1394 1119.02 1097.12
1395 912.907 1035.35
1396 362.157 787.616
1397 418.416 1165.96
1398 959.379 26.7811
1399 1108.87 1137.41
1400 1046.26 981.449
1401 50.0063 233.836
1402 1092.2 1306.2
1403 797.279 911.326
1404 824.466 485.54
1405 629.2 926.664
1406 605.82 905.798
1407 1020.24 433.442
1408 347.213 909.509
1409 271.938 1120.19
1410 108.855 921.424
1411 945.235 1259.64
1412 33.873 403.307
1413 389.634 461.776
1414 452.687 158.784
1415 14.5354 323.997
1416 192.965 205.912
1417 1161.36 858.009
1418 878.923 689.159
1419 443.905 857.361
1420 1293.18 982.365
1421 46.5869 255.66
1422 1177.53 246.995
1423 414.198 743.068
1424 136.715 1211.57
1425 1107.42 232.05
1426 318.551 1127.62
1427 1295.48 552.633
1428 715.102 215.468
1429 1340.41 1130
1430 1331.18 691.036
1431 1124.96 892.066
1432 1270.5 624.548
1433 932.806 805.509
1434 145.019 1151.96
1435 1167.5 125.055
1436 883.55 735.493
1437 404.885 1081.41
1438 736.499 398.041
1439 1255.26 65.4047
1440 1340.69 407.868
1441 440.375 713.071
1442 523.687 63.8331
1443 1224.83 581.269
1444 128.321 1132.37
1445 1053.31 58.674
1446 556.441 110.649
1447 368.922 288.876
1448 1218.25 135.405
1449 212.627 78.2866
1450 1063.49 910.041
1451 1028.15 579.345
1452 356.519 1066.57
1453 1217.91 1083.32
1454 1282.33 799.776
1455 23.6252 1190.24
1456 1094.09 973.587
1457 292.731 1305.61
1458 1259.83 545.32
1459 175.798 222.142
1460 198.951 204.167
1461 1071.9 740.734
1462 225.279 626.063
1463 1134.54 463.537
1464 1193.63 790.989
1465 763.376 1145.23
1466 395.909 727.386
1467 209.834 985.682
1468 115.587 454.365
1469 967.077 537.934
1470 1090.35 303.042
1471 29.8079 168.504
1472 1222.04 1146.96
1473 751.004 601.603
1474 329.32 1219.26
1475 169.512 489.471
1476 1164.19 848.214
1477 792.201 764.252
1478 1105.63 1054.29
1479 514.276 142.161
1480 1271.87 216.639
1481 1215.65 1128.81
1482 476.68 678.17
1483 695.326 92.5921
1484 391.392 115.137
1485 973.383 1116.58
1486 217.499 581.417
1487 5.60945 767.767
1488 336.845 591.342
1489 1124.88 1201.63
1490 535.992 830.813
1491 276.421 871.487
1492 501.002 84.715
1493 665.132 667.049
1494 401.915 1323.07
1495 701.96 1330.91
1496 268.189 735.14
1497 468.38 959.723
1498 122.15 777.518
1499 70.8063 779.606
1500 273.962 322.62
1501 611.914 519.279
1502 582.945 707.83
1503 241.861 442.583
1504 544.149 565.326
1505 127.502 635.137
1506 319.165 998.088
1507 141.702 646.97
1508 159.276 877.981
1509 1229.27 705.578
1510 1187.52 528.598
1511 688.429 230.658
1512 1099.96 304.835
1513 817.16 161.282
1514 961.919 1223.35
1515 566.617 20.8
1516 918.15 1168.79
1517 691.121 692.762
1518 1123.73 398.813
1519 74.9732 842.252
1520 1128.28 882.009
1521 667.074 173.238
1522 911.679 1013.03
1523 145.401 538.016
1524 1054.21 1183.73
1525 575.247 1108.27
1526 1145.08 998.809
1527 718.296 1341.45
1528 312.123 60.3118
1529 405.027 577.036
1530 1172.99 358.964
1531 1036.72 725.723
1532 734.276 379.411
1533 545.836 402.816
1534 1072.88 1241.96
1535 337.754 970.86
1536 693.926 630.06
1537 1251.91 73.1276
1538 55.1034 580.45
1539 1046.21 531.351
1540 239.754 1275.82
1541 685.556 534.29
1542 1013.63 368.472
1543 1191.09 487.408
1544 1284.81 785.323
1545 18.4252 319.345
1546 344.633 506.545
1547 290.013 802.847
1548 1335.01 1306.28
1549 985.812 359.225
1550 405.191 595.436
1551 590.016 1275.97
1552 797.833 1316.09
1553 1025.14 1253.32
1554 763.745 692.378
1555 481.658 1076.05
1556 550.691 1295.09
1557 438.806 1304.3
1558 1077.28 1020.02
1559 864.838 435.694
1560 595.543 829.625
1561 615.402 1113.05
1562 696.063 756.293
1563 423.433 407.524
1564 1066.94 1231.64
1565 809.411 869.849
1566 1280.63 1018.31
1567 996.198 161.408
1568 722.513 123.162
1569 895.21 1314.31
1570 1060.02 1261.39
1571 1004.15 1135.09
1572 42.1732 301.027
1573 1248.77 1165.99
1574 5.11811 1014.87
1575 45.8173 127.871
1576 690.699 901.688
1577 467.688 1180.33
1578 118.331 1094.02
1579 17.2378 798.605
1580 1181.85 506.545
1581 232.129 626.088
1582 75.5024 747.464
1583 91.3071 1252.97
1584 997.399 1188.83
1585 1097.08 1293.63
1586 615.598 871.675
1587 95.3323 435.587
1588 495.292 753.468
1589 116.991 625.024
1590 1046.06 165.376
1591 1049.96 605.181
1592 1065.68 919.008
1593 1330.27 909.099
1594 551.161 522.334
1595 871.798 316.561
1596 293.187 206.46
1597 317.929 450.107
1598 434.94 862.012
1599 1005.09 121.852
1600 1098.84 1331.77
1601 1067.24 1121.09
1602 1136.08 717.968
1603 916.715 727.263
1604 666.214 563.442
1605 96.2614 192.006
1606 855.912 1340.87
1607 974.603 1147.95
1608 233.386 101.997
1609 633.522 628.233
1610 525.118 1273.1
1611 344.573 173.417
1612 417.228 478.4
1613 1221.08 157.474
1614 273.757 1027.27
1615 1067.55 971.049
1616 298.816 579.672
1617 1110.87 1165.33
1618 309.658 746.22
1619 54.1417 806.983
1620 744.195 1124.03
1621 496.211 610.217
1622 112.682 768.797
1623 1289.47 848.05
1624 450.426 1198.78
1625 321.704 905.798
1626 941.2 949.225
1627 809.112 1003.49
1628 1018.26 960.853
1629 524.34 777.707
1630 1169.1 1029.62
1631 1179.62 914.872
1632 609.436 1000.75
1633 1112.36 810.094
1634 437.508 880.986
1635 958.092 224.583
1636 817.874 891.411
1637 1095.28 543.052
1638 1062.72 1312.65
1639 951.315 832.507
1640 613.068 1253.74
1641 1193.34 184.784
1642 1019.82 339.654
1643 407.77 979.212
1644 710.058 952.992
1645 440.294 676.246
1646 454.172 107.03
1647 767.43 937.442
1648 1282.11 1199.85
1649 1278.34 18.0315
1650 82.7087 974.447
1651 547.883 371.877
1652 333.905 1328.58
1653 1072.67 886.661
1654 978.293 1168.78
1655 1300.9 1117.4
1656 1098.12 426.211
1657 502.518 391.285
1658 550.053 594.192
1659 382.12 488.242
1660 28.7842 1048.78
1661 1302.78 488.939
1662 238.875 888.299
1663 838.264 1121.05
1664 1115.09 521.326
1665 1161.44 1051.68
1666 1153.81 571.893
1667 1340.28 603.855
1668 578.503 543.216
1669 664.085 719.131
1670 949.02 399.172
1671 331.94 25.074
1672 597.848 70.2362
1673 55.6031 329.581
1674 1086.55 1102.54
1675 290.176 978.255
1676 67.9097 944.082
1677 163.239 1166.31
1678 61.5318 736.778
1679 445.808 0.696063
1680 1324.54 1080.8
1681 389.591 449.37
1682 232.444 429.773
1683 505.055 639.943
1684 672.97 753.115
1685 975.43 555.474
1686 1080 277.483
1687 684.263 239.871
1688 974.295 37.1118
1689 55.5339 1278.31
1690 720.243 1099.58
1691 1070.95 1073.71
1692 795.559 792.979
1693 1113.12 272.293
1694 723.905 874.214
1695 383.901 189.083
1696 377.43 1255.49
1697 216.416 833.965
1698 325.626 189.795
1699 359.783 831.156
1700 339.638 772.384
1701 1293.53 1033.16
1702 504.072 880.453
1703 538.304 1240.89
1704 1168.91 826.636
1705 148.794 953.949
1706 457.231 1341.62
1707 811.959 1224.43
1708 44.463 606.557
1709 976.936 78.1638
1710 1195.39 1041.92
1711 159.906 1301.76
1712 1271.23 510.639
1713 1069.36 859.105
1714 1135.34 71.0394
1715 1142.15 240.879
1716 9.25354 180.91
1717 113.827 99.1685
1718 1124.5 348.195
1719 458.009 367.087
1720 543.935 584.539
1721 290.954 247.348
1722 352.322 1287.59
1723 378.044 18.7118
1724 276.009 956.022
1725 920.106 143.241
1726 1303.44 590.031
1727 301.641 1115.19
1728 964.702 1243.62
1729 705.411 1020.22
1730 982.997 795.723
1731 819.266 221.143
1732 91.0205 1215.05
1733 77.263 568.331
1734 781.31 1167.75
1735 697.987 845.2
1736 466.672 460.261
1737 878.186 725.257
1738 448.429 1059.51
1739 93.1496 708.264
1740 50.1984 876.68
1741 1133.33 240.157
1742 386.297 353.773
1743 663.062 581.761
1744 2.45669 1066.2
1745 584.406 714.217
1746 856.157 551.461
1747 1291.2 803.272
1748 649.386 736.491
1749 405.6 375.521
1750 1297.67 1094.66
1751 643.379 809.275
1752 1250.7 1101.43
1753 1321.93 191.146
1754 1319.69 444.293
1755 1042.29 654.561
1756 225.946 331.751
1757 250.042 383.613
1758 1321.48 425.024
1759 181.255 285.263
1760 712.986 416.425
1761 219.293 1309.29
1762 1210.25 799.505
1763 98.2677 55.9716
1764 242.312 787.181
1765 487.572 1125.53
1766 1247.59 334.898
1767 762.888 819.635
1768 1291.24 774.923
1769 536.83 173.786
1770 1268.25 1195.24
1771 863.65 413.298
1772 247.471 488.554
1773 552.92 1096.15
1774 1246.15 827.455
1775 247.02 570.787
1776 627.316 1071.24
1777 1263.48 1331.42
1778 441.746 611.798
1779 692.705 68.2299
1780 834.847 829.584
1781 1302.37 36.7685
1782 693.649 300.617
1783 1045.07 937.187
1784 610.283 943.918
1785 534.056 256.863
1786 474.183 731.332
1787 1275.24 865.452
1788 1188.34 82.0535
1789 699.729 348.891
1790 639.939 576.11
1791 398.631 170.387
1792 311.546 698.693
1793 746.957 620.069
1794 253.964 0.450394
1795 846.044 1293.14
1796 427.751 521.31
1797 649.468 475.124
1798 454.5 321.499
1799 196.486 1004.62
1800 1249.92 98.2425
1801 526.105 948.299
1802 7.2063 1160.05
1803 1.71968 360.315
1804 77.6724 1227.2
1805 215.329 288.309
1806 800.718 1258.24
1807 871.716 863.871
1808 351.197 822.173
1809 868.318 1079.73
1810 1226.87 553.452
1811 963.445 685.31
1812 1137.12 207.934
1813 968.809 870.201
1814 1018.75 201.997
1815 19.4488 160.069
1816 1100.11 1087.55
1817 1054.08 982.145
1818 308.092 547.08
1819 907.011 318.51
1820 479.505 155.222
1821 339.079 913.89
1822 620.683 1323.44
1823 1233.46 56.5197
1824 507.102 929.735
1825 1002.67 1080.51
1826 539.735 976.428
1827 838.715 125.209
1828 1337.06 1162.11
1829 1136.07 438.904
1830 720.15 1188.15
1831 1106.04 55.8646
1832 910.125 213.543
1833 909.877 306.161
1834 536.214 474.69
1835 271.465 609.71
1836 795.968 187.912
1837 577.978 119.354
1838 404.617 1225.6
1839 1042.21 1208.83
1840 1336.52 456.208
1841 407.197 1304.67
1842 861.154 1192.48
1843 203.824 722.734
1844 1263.89 477.474
1845 1329.75 497.578
1846 454.324 1105.63
1847 914.299 1273.11
1848 886.702 471.742
1849 1341.54 877.587
1850 143.635 662.217
1851 99.0457 824.794
1852 398.271 1037.22
1853 511.997 1272.12
1854 628.995 437.005
1855 443.065 123.981
1856 401.096 132.907
1857 495.556 443.638
1858 511.729 113.335
1859 969.042 376.775
1860 181.838 592.718
1861 1161.85 776.331
1862 628.872 980.63
1863 1103.62 148.932
1864 284.969 796.46
1865 704.17 220.038
1866 276.378 354.271
1867 1095.67 391.187
1868 1053.06 1263.72
1869 825.338 775.143
1870 509.354 820.986
1871 96.1102 525.093
1872 413.379 970.532
1873 766.529 368.872
1874 815.419 279.776
1875 131.761 246.979
1876 124.718 850.072
1877 876.22 1142.66
1878 731.144 437.946
1879 1206.24 1178.19
1880 1313.92 1284.58
1881 1329.54 879.701
1882 977.899 87.3354
1883 1109.44 11.3827
1884 1244.42 943.836
1885 840.283 444.989
1886 41.4887 60.3118
1887 1156.73 126.11
1888 1040.72 1112.65
1889 333.455 136.961
1890 540.554 1223.68
1891 232.026 765.562
1892 771.588 562.46
1893 982.431 1160.13
1894 35.1528 139.704
1895 836.422 1075.31
1896 2.94803 21.9055
1897 907.216 649.754
1898 1301 1289.48
1899 1159.35 86.9827
1900 1332.04 980.318
1901 1006.18 124.734
1902 1327.65 1310.28
1903 1160.18 265.241
1904 1053.35 347.515
1905 232.526 57.8236
1906 1239.52 774.513
1907 46.1858 1075.6
1908 1168.65 351.266
1909 893.603 793.635
1910 1146.37 287.31
1911 128.731 1193.4
1912 1217.37 393.25
1913 1271.28 817.931
1914 430.558 123.285
1915 198.097 393.619
1916 743.19 1258.15
1917 914.036 697.594
1918 1234.37 262.8
1919 1197.47 718.419
1920 1103.05 474.019
1921 629.282 526.019
1922 373.909 965.357
1923 6.3874 297.071
1924 1116.11 738.825
1925 1008.88 503.335
1926 35.7669 550.872
1927 182.554 862.069
1928 925.109 1340.71
1929 891.001 1016.25
1930 1300.94 1214.3
1931 1331.05 210.841
1932 552.574 651.279
1933 1312.17 116.324
1934 41.5097 668.359
1935 109.937 966.012
1936 832.532 457.15
1937 1152.59 932.642
1938 811.181 648.746
1939 676.205 663.88
1940 14.3717 8.28661
1941 166.31 1323.54
1942 241.014 645.512
1943 1156.69 311.918
1944 722.8 169.732
1945 573.924 111.124
1946 138.058 601.291
1947 111.902 1176.06
1948 342.913 1140.85
1949 917.288 627.817
1950 485.741 504.85
1951 970.721 835.112
1952 1300.45 176.652
1953 9.62205 1298.05
1954 51.5905 1252.03
1955 189.247 993.994
1956 947.464 946.498
1957 1161.65 19.0142
1958 273.389 533.937
1959 653.235 844.463
1960 472.638 76.9764
1961 918.385 1.76063
1962 465.495 63.5055
1963 667.905 2.04724
1964 579.095 1297.91
1965 1069.11 876.482
1966 156 516.413
1967 950.74 1107.98
1968 972.072 587.723
1969 347.909 1138.49
1970 1072.55 686.727
1971 1067.15 1275.19
1972 833.988 556.579
1973 1223.19 844.488
1974 172.145 738.538
1975 177.764 774.12
1976 1338.61 946.123
1977 841.376 62.4157
1978 976.516 929.694
1979 402.735 606.409
1980 1178.76 466.009
1981 228.145 134.709
1982 188.756 370.69
1983 477.95 861.644
1984 840.857 971.228
1985 388.907 437.905
1986 580.702 50.1323
1987 210.446 1004.18
1988 1335.19 416.425
1989 221.839 39.0772
1990 761.329 478.072
1991 250.994 554.762
1992 775.209 44.3433
1993 1172.78 1116.36
1994 1030.87 1148.97
1995 712.411 205.594
1996 990.57 144.469
1997 49.1874 631.206
1998 149.266 1051.79
1999 662.531 247.798
2000 1015.28 972.646
2001 571.181 1049.17
2002 86.2824 1264.43
2003 829.912 1334.25
2004 1089.33 806.098
2005 327.775 479.137
2006 862.833 630.92
2007 348.013 220.054
2008 315.974 428.75
2009 965.48 121.09
2010 917.902 587.354
2011 916.154 886.8
2012 324.623 1317.89
2013 1321.71 653.521
2014 250.902 271.808
2015 246.529 881.027
2016 1297.38 570.894
2017 110.704 1323.76
2018 240.428 181.263
2019 393.153 1063.03
2020 1231.73 973.071
2021 450.558 993.011
2022 1337.14 1257.51
2023 860.907 847.068
2024 569.011 1031.83
2025 1186.91 1002.74
2026 1130.49 531.849
2027 1056.47 36.3748
2028 770.951 809.455
2029 384.391 114.334
2030 1293 1238.8
2031 703.474 901.212
2032 456.332 667.893
2033 803.543 92.6583
2034 1148.62 1095.74
2035 942.369 570.403
2036 1125.04 671.512
2037 672.724 766.201
2038 988.394 1063.52
2039 343.691 1210.33
2040 152.441 1116.05
2041 357.788 563.32
2042 317.181 237.209
2043 1337.27 527.427
2044 746.979 1008.41
2045 1040.46 665.206
2046 583.292 744.557
2047 1291.09 279.014
2048 1185.93 1068.51
2049 1273.06 296.088
2050 252.324 154.772
2051 1029.52 715.323
2052 164.365 50.4598
2053 1029.23 896.702
2054 654.053 21.8646
2055 1154.58 580.327
2056 991.421 244.825
2057 539.697 1027.43
2058 563.32 936.082
2059 939.603 718.951
2060 288.263 1156.22
2061 689.207 619.66
2062 839.484 521.981
2063 591.973 804.198
2064 917.187 819.65
2065 614.173 1131.81
2066 452.277 63.4331
2067 888.598 1090.65
2068 673.442 1160.05
2069 717.898 1199.85
2070 1288.17 710.157
2071 240.469 1271.02
2072 211.257 584.365
2073 458.91 215.672
2074 905.518 1273.47
2075 1060.96 1140.65
2076 413.8 1167.07
2077 1077.34 931.471
2078 856.856 1313.73
2079 236.457 901.647
2080 398.967 9.2126
2081 951.387 840.573
2082 863.826 1270.9
2083 818.162 486.728
2084 942.019 408.016
2085 1215.74 232.992
2086 380.009 1267.45
2087 489.447 639.068
2088 1237.03 28.4567
2089 613.927 617.874
2090 494.532 694.768
2091 785.151 495.694
2092 21.8656 895.997
2093 1234.04 296.646
2094 231.913 1180.77
2095 352.26 1256.78
2096 395.642 1178.39
2097 1015.68 278.712
2098 46.7402 1147.66
2099 192.277 1047.41
2100 844.201 838.633
2101 528.271 677.351
2102 617.326 399.499
2103 188.183 1331.81
2104 314.263 864.387
2105 396.756 197.042
2106 658.334 714.816
2107 400.277 32.4283
2108 1062.31 1226.75
2109 1092.41 79.6378
2110 889.151 490.249
2111 565.072 101.559
2112 912.129 710.066
2113 102.231 899.395
2114 1324.97 335.109
2115 401.219 662.743
2116 282.869 1205.51
2117 572.778 1180.2
2118 49.3921 876.236
2119 530.771 915.338
2120 495.474 521.326
2121 327.068 1044.19
2122 777.379 1315.82
2123 538.88 427.628
2124 808.95 691.37
2125 978.501 371.011
2126 1339.29 127.257
2127 458.665 1205.72
2128 1134.68 45.3008
2129 1335.92 1298.21
2130 1041.12 183.72
2131 311.08 313.735
2132 184.334 1118.2
2133 422.758 105.449
2134 752.69 327.313
2135 597.099 1090.91
2136 874.787 75.7071
2137 792.857 453.669
2138 107.849 621.231
2139 127.975 1040.71
2140 313.065 941.625
2141 787.902 994.608
2142 888.012 1154.42
2143 110.838 324.038
2144 349.732 999.301
2145 894.727 1249.16
2146 345.579 793.316
2147 23.2567 430.469
2148 291.152 305.669
2149 773.121 725.83
2150 728.933 742.838
2151 721.286 175.694
2152 1232.9 242.23
2153 1116.36 1054.22
2154 1156.45 1297.13
2155 1258.2 1129.83
2156 1036.77 386.372
2157 1117.33 824.753
2158 841.603 1283.29
2159 1234.32 1196.41
2160 1100.91 366.923
2161 831.468 248.756
2162 1262.74 561.19
2163 310.733 662.504
2164 984.695 50.8945
2165 712.903 1227.32
2166 156.491 422.731
2167 944.516 986.173
2168 743.764 113.049
2169 911.721 50.2961
2170 212.608 467.238
2171 618.473 959.748
2172 1159.52 1094.13
2173 1339.28 91.9212
2174 558.898 501.657
2175 316.854 411.798
2176 371.493 1331.69
2177 1317.54 19.7764
2178 618.76 648.198
2179 787.916 1243.35
2180 256.204 1154.17
2181 248.819 714.047
2182 1076.8 833.08
2183 892.047 535.436
2184 717.068 388.173
2185 1209.2 198.132
2186 877.449 1251.91
2187 697.783 616.343
2188 235.333 236.882
2189 1111.72 958.724
2190 596.906 1231.91
2191 603.345 1190.88
2192 772.998 1047.8
2193 1272.73 820.06
2194 171.776 453.685
2195 571.409 888.642
2196 13.1843 745.376
2197 1159.15 757.209
2198 46.7202 973.342
2199 823.976 593.291
2200 0.491339 676.671
2201 312.012 1176.36
2202 138.416 792.995
2203 33.4635 247.348
2204 1079.68 446.176
2205 752.526 75.1087
2206 147.496 537.581
2207 528.762 863.953
2208 340.253 438.888
2209 1077.35 899.231
2210 18.548 858
2211 708.838 1316.75
2212 512.957 281.635
2213 566.904 69.2945
2214 1198.5 591.751
2215 465.175 1015.37
2216 632.446 462.57
2217 1294.64 980.794
2218 454.611 804.091
2219 296.135 67.9276
2220 723.414 1133.68
2221 1013.92 1244.68
2222 34.8556 307.061
2223 708.246 1069.68
2224 1265.81 163.263
2225 897.769 1219.27
2226 173.975 941.543
2227 750.274 1165.88
2228 332.413 772.932
2229 280.022 1336.99
2230 458.009 1294.68
2231 697.62 30.7905
2232 888.853 511.827
2233 409.337 307.389
2234 1285.55 1329.85
2235 891.771 748.309
2236 1285.78 379.937
2237 302.788 1165.14
2238 748.227 540.472
2239 807.269 427.055
2240 280.841 1130.37
2241 234.462 144.576
2242 155.07 428.176
2243 621.134 593.373
2244 381.126 985.502
2245 162.633 246.529
2246 1292.63 1031.21
2247 475.042 317.824
2248 1069.81 178.069
2249 460.139 238.586
2250 609.108 1102.07
2251 1302.01 443.285
2252 1289.03 1230.6
2253 689.225 123.956
2254 596.935 1149.09
2255 1236.39 749.455
2256 546.901 800.12
2257 834.457 115.792
2258 1239.16 3.68504
2259 955.039 969.124
2260 246.06 855.379
2261 401.067 1314.1
