1 981.595 569.968
2 602.831 651.679
3 182.565 974.775
4 47.3732 748.324
5 554.897 981.587
6 1049.84 279.49
7 92.0252 1179.25
8 344.101 983.742
9 839.984 879.389
10 16.4598 425.049
11 694.1 561.887
12 335.216 903.383
13 557.285 1045.94
14 147.045 1338.46
15 975.389 1232.48
16 939.89 320.976
17 163.21 1223.23
18 842.843 121.483
19 1132.54 1229.04
20 1216.24 760.321
21 709.698 55.2441
22 120.649 890.28
23 948.938 846.863
24 1011.4 351.839
25 601.82 127.027
26 266.266 1185.4
27 313.531 254.923
28 1241.9 775.087
29 1249.15 337.729
30 504.277 142.734
31 567.416 848.091
32 438.642 151.824
33 1307.85 249.395
34 947.078 639.968
35 1277.17 947.464
36 137.105 123.326
37 1270.41 541.455
38 476.107 683.754
39 434.589 981.827
40 773.899 1236.17
41 69.2598 634.85
42 156.913 403.691
43 573.842 1192.82
44 918.928 427.235
45 147.22 78.4661
46 9.17165 40.4283
47 1079.94 1320.56
48 219.918 1038.79
49 238.304 903.08
50 872.373 359.465
51 881.502 1333.71
52 331.297 107.414
53 1152.43 1015.94
54 487.162 673.272
55 1153.21 436.145
56 273.225 1014.49
57 340.252 699.953
58 1320.48 859.326
59 892.516 1201.81
60 1106.21 598.63
61 365.017 553.411
62 971.307 804.378
63 277.811 465.518
64 132.48 629.127
65 922.234 765.505
66 835.03 18.5071
67 1271.5 616.63
68 55.411 186.422
69 714.693 771.852
70 485.688 209.074
71 138.312 458.557
72 703.599 1309.62
73 898.016 540.693
74 1019.2 551.446
75 1288.63 268.107
76 509.354 239.405
77 272.41 1003.68
78 442.737 31.9118
79 536.019 601.483
80 145.928 683.127
81 1329.59 384.693
82 1049.44 414.649
83 815.827 609.956
84 992.709 518.69
85 767.553 39.2409
86 371.329 1115.38
87 554.828 1023.5
88 1181.87 1275.06
89 571.316 1283.34
90 682.633 73.2252
91 623.468 444.498
92 936.127 874.592
93 675.59 689.88
94 142.627 36.0409
95 290.148 1327.8
96 427.753 69.1307
97 351.597 157.392
98 1200.72 7.45197
99 137.781 548.016
100 1238.3 1189.25
101 396.392 532.211
102 937.761 718.091
103 82.5449 772.179
104 543.862 333.676
105 196.484 747.244
106 851.94 960.003
107 223.231 175.817
108 894.361 747.899
109 425.131 945.965
110 390.753 1034.97
111 886.603 592.202
112 435.49 639.231
113 1147.93 538.957
114 905.95 1097.42
115 149.449 649.795
116 1058.18 1097.3
117 554.759 931.915
118 461.162 574.35
119 102.344 1072.76
120 880.992 1138.76
121 239.909 589.688
122 823.414 387.093
123 1159.6 78.4913
124 98.8756 986.157
125 1162.79 1159.07
126 976.567 979.99
127 879.436 393.005
128 1053.92 203.005
129 195.962 229.751
130 906.97 73.8236
131 652.48 1265.52
132 588.301 70.6047
133 1003.38 601.685
134 262.457 354.476
135 1326.89 26.5071
136 915.896 894.646
137 1173.6 1045.04
138 557.629 605.124
139 290.054 1121.58
140 898.412 822.475
141 616.817 1026.67
142 686.932 831.263
143 1265.78 669.09
144 585.061 551.502
145 1200.5 989.694
146 975.4 1172.62
147 195.668 466.705
148 827.946 63.9968
149 1076.98 503.556
150 555.008 89.6441
151 654.836 19.9402
152 695.645 1021.14
153 1187.4 960.853
154 1000.3 549.783
155 773.08 40.6992
156 252.876 971.351
157 1074.07 1160.01
158 66.5249 1026.16
159 1270.83 117.364
160 1171.28 356.809
161 398.418 643.408
162 506.041 316.709
163 271.956 199.483
164 275.225 62.7024
165 743.068 547.688
166 1284.47 731.326
167 1072.35 678.227
168 1190.02 807.688
169 1209.61 1258.28
170 681.241 749.701
171 365.773 868.866
172 875.688 681.405
173 374.646 586.305
174 141.098 502.655
175 186.925 658.271
176 423.002 1291.2
177 1076.65 42.5165
178 566.227 157.244
179 832.392 416.302
180 342.668 1251.33
181 1221.63 773.817
182 218.031 634.195
183 128.539 601.291
184 482.612 539.735
185 1251.89 911.162
186 352.822 289.317
187 56.4598 1283.46
188 728.186 1142.65
189 1300.6 1133.08
190 1028.33 875.172
191 1333.2 160.22
192 764.586 107.373
193 1180.28 877.121
194 1134.31 45.326
195 157.638 1099.21
196 43.9664 74.315
197 152.737 310.079
198 726.894 1129.56
199 279.326 952.05
200 889.827 992.151
201 403.944 965.89
202 649.877 1034
203 457.693 684.69
204 643.4 975.348
205 246.242 1078.46
206 85.5265 653.168
207 1160.87 263.644
208 747.358 90.2016
209 941.937 142.898
210 617.776 265.257
211 1287.59 493.877
212 1221.55 1030.72
213 1306.13 454.12
214 1193.15 843.316
215 250.503 241.959
216 322.072 1186.39
217 309.994 772.195
218 915.038 798.318
219 1053.93 796.264
220 288.192 316.11
221 1140.97 278.057
222 713.301 809.931
223 1266.7 342.258
224 999.197 229.824
225 1264.35 831.959
226 1009.54 1307.83
227 395.855 1171.16
228 655.827 1199.52
229 305.244 288.62
230 871.061 522.334
231 551.855 1207.6
232 880.479 637.855
233 617.86 437.946
234 1013.84 746.113
235 30.5039 1234.22
236 1096.85 886.743
237 286.983 620.397
238 366.829 372.076
239 1013.81 167.972
240 165.704 715.716
241 821.531 1180.54
242 145.335 155.795
243 134.188 581.31
244 444.458 1230.53
245 498.217 489.701
246 1088.79 241.616
247 47.5801 1090.66
248 277.279 417.817
249 1220.28 577.789
250 1028.5 1045.45
251 902.712 106.825
252 733.118 484.337
253 235.57 303.868
254 1277.23 891.616
255 397.083 891.657
256 571.889 364.916
257 1160.74 806.337
258 992.217 73.348
259 685.656 1166.31
260 420.381 260.712
261 156.573 53.9811
262 760.715 966.888
263 875.483 1218.94
264 888.75 67.4929
265 375.055 749.512
266 1025.49 944.926
267 345.984 1209.96
268 747.389 108.954
269 947.546 971.433
270 640.81 617.531
271 1138.43 404.715
272 199.928 965.524
273 577.036 1124.02
274 696.597 516.356
275 777.271 172.107
276 431.244 318.879
277 1201.77 796.844
278 259.07 949.527
279 314.661 1085.49
280 333.087 1143.11
281 958.126 198.337
282 1135.44 708.321
283 570.825 171.165
284 878.844 1078.2
285 237.472 1038.81
286 1006.3 461.613
287 488.403 658.246
288 837.327 773.417
289 56.8315 921.546
290 635.714 1109.61
291 655.293 721.899
292 580.435 433.909
293 1199.09 970.353
294 560.986 1174.38
295 498.062 492.853
296 574.686 369.364
297 248.904 537.156
298 982.437 336.935
299 1179.5 333.332
300 692.574 736.516
301 504.441 270.809
302 588.419 502.557
303 1158.21 143.102
304 885.857 1262.59
305 172.746 515.742
306 101.052 946.498
307 533.962 951.641
308 495.31 564.687
309 880.275 857.354
310 1235.92 1100.23
311 263.03 1084.3
312 291.609 276.542
313 537.934 1073.46
314 923.104 1082.19
315 926.624 908.649
316 90.1827 39.3071
317 1081.82 944.45
318 213.036 1066.75
319 751.093 515.455
320 739.48 1090.28
321 186.463 444.104
322 113.296 1130.22
323 715.757 635.672
324 1183.1 1210.21
325 613.6 909.401
326 1234.48 1284.11
327 202.677 352.413
328 1244.19 710.205
329 170.863 931.087
330 869.014 1265.28
331 1149.85 180.863
332 568.929 416.328
333 902.916 702.466
334 86.9281 119.805
335 398.803 755.064
336 1002.11 5.81417
337 891.054 185.931
338 420.422 1234.98
339 268.151 137.165
340 810.977 14.3874
341 620.781 1243.74
342 701.304 203.717
343 813.943 1139.54
344 1214.11 827.594
345 1028.45 445.905
346 1149.57 621.134
347 502.598 186.712
348 1135.97 1140.58
349 1219.01 1054.54
350 1336.26 1159.56
351 54.1617 1238.62
352 1324.21 910.951
353 1005.97 247.568
354 166.359 506.652
355 591.244 591.49
356 350.324 1293.63
357 177.97 1210.17
358 1062.31 693.049
359 364.328 674.362
360 104.054 493.688
361 870.898 10.4913
362 116.693 208.409
363 1148.65 566.227
364 1016.29 722.39
365 1020.02 514.488
366 194.451 1001.32
367 1246.2 811.978
368 200.794 958.453
369 1073.67 1065.57
370 1231.04 1144.25
371 268.025 886.457
372 692.624 273.972
373 1298.94 319.042
374 1289.15 949.112
375 38.0378 273.978
376 962.819 92.4535
377 490.192 846.211
378 466.649 270.211
379 140.154 597.354
380 676.65 403.732
381 1215.32 724.365
382 636.326 1237.66
383 563.261 454.652
384 139.622 8.12283
385 321.868 750.151
386 578.423 862.75
387 648.362 327.411
388 688.611 325.676
389 433.647 118.913
390 1208.04 561.288
391 904.738 293.748
392 217.847 1283.3
393 444.562 125.168
394 174.384 273.798
395 563.729 519.222
396 495.784 1144.96
397 314.552 325.364
398 475.624 720.016
399 377.512 957.553
400 1091.84 325.225
401 926.135 1307.78
402 984.315 1154.37
403 1298.84 1075.6
404 619.795 1003.56
405 849.606 887.357
406 1095.64 74.5606
407 1110.79 134.479
408 150.309 390.507
409 392.132 230.97
410 797.934 305.424
411 687.505 1011.31
412 520.698 3.23465
413 788.721 435.326
414 1071.81 591.464
415 558.255 502.025
416 1163.34 452.605
417 1007.05 1101.43
418 680.258 232.813
419 267.342 198.337
420 1121.69 646.822
421 1182.77 1028.74
422 316.094 906.765
423 772.027 265.871
424 871.217 416.425
425 413.292 452.088
426 622.088 1096.59
427 1143.55 618.283
428 689.012 674.076
429 848.132 137.345
430 591.572 962.696
431 750.187 1287.9
432 1266.02 203.184
433 767.594 1063.5
434 778.006 741.65
435 709.045 878.898
436 1011.36 832.794
437 328.337 484.025
438 739.201 159.291
439 1164.96 739.219
440 130.112 1143.64
441 250.214 1034.48
442 122.571 384.113
443 861.275 1162.11
444 285.35 124.472
445 1112.84 913.644
446 902.745 1325.16
447 942.264 1245.5
448 1112.55 431.002
449 1337.18 959.912
450 84.8493 1240.83
451 1207.18 925.354
452 324.95 152.535
453 261.433 333.471
454 534.803 1136.56
455 1083.61 1028.22
456 652.416 94.4756
457 280.027 1152.69
458 948.439 1064.98
459 717.069 497.209
460 769.764 90.0126
461 717.39 1265.46
462 1329.85 1278.1
463 791.055 969.82
464 122.387 473.855
465 82.8724 702.901
466 981.203 1088.49
467 1178.15 567.701
468 1094.42 1188.02
469 826.506 869.301
470 621.537 389.279
471 233.777 881.805
472 851.039 1036.62
473 726.076 602.806
474 70.3517 825.121
475 753.304 1036.64
476 578.92 704.129
477 855.666 252.589
478 756.468 1189.69
479 336.239 673.02
480 67.7638 1117.89
481 390.864 926.992
482 1045.53 810.627
483 184.907 862.75
484 1261.18 675.345
485 1164.97 638.494
486 872.107 573.105
487 461.678 1054.94
488 736.099 120.951
489 1022.24 808.006
490 402.582 965.742
491 575.596 486.441
492 375.016 247.676
493 872.211 274.101
494 286.532 527.82
495 496.642 453.055
496 666.554 687.383
497 268.018 745.458
498 506.12 1127.92
499 200.039 138.598
500 1021.86 196.305
501 624.409 539.203
502 480.529 1183.65
503 1159.72 239.052
504 782.293 1163.2
505 1082.77 1076.87
506 1288.89 1310.28
507 1189 1312.24
508 1238.13 432.872
509 564.466 582.646
510 378.249 465.887
511 1165.05 212.913
512 1188.38 688.463
513 1330.61 41.6157
514 1321.94 183.858
515 87.747 212.791
516 105.761 1178.31
517 272.529 926.264
518 978.791 940.683
519 809.943 825.08
520 1158 669.464
521 1237.52 695.82
522 1100.11 842.457
523 222.986 287.074
524 1143.75 25.3606
525 1268.39 516.602
526 375.26 263.685
527 903.461 1246.09
528 293.648 364.491
529 760.387 311.754
530 953.647 114.85
531 456.003 697.742
532 297.426 1239.69
533 600.457 857.436
534 78.0903 624
535 308.765 11.7921
536 203.623 186.913
537 1314.67 1178.88
538 258.969 245.546
539 1048.23 706.513
540 1166.88 1074.43
541 17.852 726.009
542 671.619 1300.2
543 445.071 996.123
544 795.846 1313.76
545 1123.53 391.817
546 387.862 52.3024
547 192.801 1328.29
548 643.568 462.718
549 693.647 1165.25
550 597.877 135.528
551 116.49 412.658
552 244.361 1305.13
553 1045.4 1268.08
554 788.721 1192.85
555 527.247 97.4488
556 767.143 97.2441
557 935.378 1224.42
558 771.361 853.537
559 1247.73 589.499
560 438.069 43.4583
561 136.305 367.619
562 581.95 1150.88
563 1047.37 717.861
564 360.028 833.597
565 715.709 536.435
566 937.146 777.871
567 250.296 811.134
568 663.02 412.356
569 936.391 1108.55
570 206.96 314.907
571 470.879 925.068
572 598.082 243.556
573 847.682 605.304
574 307.291 487.735
575 423.82 431.436
576 77.959 241.083
577 690.399 1220.13
578 914.504 981.039
579 369.222 1312.67
580 621.748 185.603
581 613.796 577.093
582 1136.47 1307.09
583 310.918 1041.27
584 488.914 370.035
585 956.677 435.049
586 1054.62 127.584
587 811.785 606.23
588 425.645 29.1118
589 1041.39 3.31654
590 135.118 584.872
591 168.766 1120.19
592 874.173 673.927
593 1040.25 988.453
594 657.997 319.181
595 453.172 635.194
596 590.098 1079.51
597 879.332 450.598
598 277.476 505.71
599 253.776 851.219
600 982.063 1132.54
601 1310.41 66.1008
602 339.373 218.277
603 80.8661 610.258
604 384.332 114.768
605 667.843 799.94
606 411.373 206.813
607 1310.2 1331.61
608 561.518 804.378
609 237.145 1296.62
610 73.8236 683.698
611 1114.93 1094.27
612 477.253 804.976
613 1158.41 197.109
614 1177.49 285.934
615 1114.61 516.274
616 770.166 951.698
617 532.408 37.5874
618 984.347 1111.79
619 168.857 692.107
620 553.272 1331.05
621 1091.34 1097.4
622 379.306 803.584
623 580.334 3.07087
624 1293.33 376.258
625 1083.69 462.841
626 1147.08 543.061
627 1171.72 1092.2
628 498.954 443.121
629 765.014 345.052
630 1061.73 302.885
631 1336.35 42.2961
632 1232.85 37.9717
633 1081.75 267.452
634 261.991 105.244
635 1069.01 356.844
636 1268.35 921.024
637 1340.61 122.441
638 1331.34 986.951
639 678.211 373.663
640 688.306 572.368
641 1189.26 871.965
642 1245.72 415.839
643 935.039 475.017
644 91.8824 1313.36
645 484.401 824.507
646 997.663 320.476
647 890.411 114.58
648 472.995 1242.98
649 655.446 775.389
650 458.583 762.516
651 540.995 1195.18
652 828.992 1279.54
653 156.36 860.145
654 590.12 671.839
655 4.21732 551.323
656 789.269 1072.14
657 979.241 331.26
658 749.816 297.014
659 399.973 783.972
660 1057.24 1113.72
661 926.011 262.661
662 677.015 820.413
663 716.658 24.6079
664 1245.79 1260.71
665 1114.56 792.34
666 409.49 1016.92
667 443.405 709.534
668 151.537 727.754
669 1270.85 637.266
670 694.261 1226.38
671 982.063 454.135
672 419.749 85.2063
673 944.107 516.447
674 1254.28 241.222
675 21.2504 568.699
676 785.407 1313
677 1118.61 1252.75
678 1110.82 1273.93
679 1093.26 389.222
680 858.064 648.157
681 624.655 1059.26
682 1088.25 843.342
683 136.387 871.2
684 182.554 182.835
685 199.619 1021.39
686 860.866 813.55
687 69.2304 332.939
688 1005.6 1113.86
689 295.03 475.411
690 573.129 774.513
691 605.392 1042.37
692 633.704 330.384
693 635.464 344.06
694 731.186 717.559
695 868.944 164.148
696 1102.85 309.83
697 346.23 1148.71
698 733.446 1331.99
699 1198.71 254.964
700 543.024 1214.96
701 415.55 1184.37
702 753.532 643.817
703 58.6352 300.961
704 615.688 607.458
705 157.743 530.702
706 572.011 554.68
707 1223.05 513.792
708 604.305 1033.74
709 936.041 589.279
710 420.864 439.968
711 1145.52 265.871
712 154.239 1162.83
713 1066.16 1046.48
714 1055.72 1230.49
715 840.249 1115.87
716 427.071 1097.5
717 97.7585 1148.3
718 437.623 24.4598
719 1179.42 1154.74
720 446.393 1320.88
721 1116.28 1064.94
722 132.866 1302.83
723 231.584 895.064
724 3.88976 476.721
725 664.425 1073.39
726 822.869 929.874
727 632.435 496.186
728 1270.87 225.54
729 1264.09 214.976
730 1300.57 105.761
731 142.305 819.02
732 81.411 668.753
733 912.601 222.51
734 680.23 928.671
735 691.871 246.406
736 747.287 408.523
737 224.431 259.713
738 478.515 693.827
739 1138.51 732.872
740 13.6756 1325.57
741 465.055 1341.37
742 665.436 1113.88
743 859.31 1016.05
744 113.622 1097.33
745 558.817 53.7197
746 217.75 347.713
747 752.158 139.965
748 1071.61 994.756
749 1012.85 191.663
750 452.995 278.876
751 253.285 1311.59
752 938.538 412.611
753 160.096 1133.94
754 592.497 739.956
755 865.943 1003.57
756 1048.99 369.077
757 84.3286 131.883
758 691.878 942.674
759 213.077 83.2157
760 107.738 345.575
761 1140.45 607.72
762 754.34 291.379
763 45.7879 448.894
764 979.261 1152.61
765 1155.22 1341.21
766 126.983 1250.13
767 429.576 109.414
768 708.28 786.479
769 333.242 826.145
770 1056.02 105.269
771 545.984 791.178
772 294.639 1261.1
773 290.791 1197.69
774 814.757 274.413
775 375.219 520.794
776 875.238 737.638
777 762.396 861.25
778 591.735 1278.26
779 892.693 1292.96
780 216.582 623.386
781 726.116 699.395
782 1118.65 229.02
783 80.4577 7.90236
784 760.387 715.798
785 90.3653 843.89
786 169.635 787.943
787 412.627 1054.88
788 1033.98 1192.44
789 148.384 892.491
790 244.113 622.035
791 1246.2 1058.51
792 88.8094 440.321
793 1278.75 995.861
794 905.087 840.287
795 595.666 204.406
796 198.022 1202.65
797 1224.66 133.972
798 257.625 756.006
799 949.266 758.233
800 66.6394 762.435
801 1057.81 238.882
802 129.203 806.875
803 820.945 1294.35
804 78.1228 1200.44
805 659.458 886.047
806 1175.28 645.905
807 463.25 890.797
808 951.436 1042.92
809 1027.41 657.836
810 939.205 1043.21
811 1009.95 692.066
812 660.891 903.464
813 14.7811 1118.02
814 1009.57 1184.08
815 235.63 327.313
816 194.816 993.332
817 350.766 1207.73
818 623.112 29.3165
819 1301.56 1208.38
820 446.75 423.411
821 158.51 94.7055
822 1340.26 628.586
823 1189.6 503.802
824 688.406 656.469
825 1229.5 375.055
826 442.493 1021.25
827 713.19 1073.41
828 1118.47 957.864
829 236.211 16.7055
830 851.113 739.137
831 882.362 375.178
832 565.244 945.556
833 917.577 613.887
834 780.627 458.173
835 770.442 576.709
836 215.247 35.7606
837 102.776 200.22
838 601.03 885.228
839 1174.94 1213.62
840 968.101 172.05
841 142.435 711.335
842 361.627 500.551
843 1309.34 1073.75
844 1332.1 171.446
845 1077.28 144.249
846 1174.45 114.728
847 314.498 1105.55
848 371.095 353.518
849 424.161 383.219
850 346.715 596.076
851 376.979 150.775
852 661.334 1339.04
853 256.11 403.65
854 384.882 365.156
855 514.421 1280.44
856 484.501 464.52
857 764.113 423.288
858 1144.78 1126.73
859 684.107 481.802
860 1277.53 1166.31
861 1306.64 935.553
862 134.58 1108.18
863 865.698 1115.05
864 99.1275 974.12
865 106.293 1315.48
866 403.921 394.397
867 217.952 423.042
868 155.194 40.3307
869 145.152 788.532
870 445 529.842
871 714.162 1044.05
872 553.802 92.8378
873 468.082 353.118
874 181.099 1231.87
875 1084.43 443.146
876 819.962 132.252
877 1032.3 617.449
878 1218.27 1156.2
879 948.734 496.507
880 554.063 141.924
881 544.845 228.816
882 1113.95 920.778
883 320.018 745.893
884 387.876 1232.37
885 482.57 188.715
886 758.966 395.789
887 795.19 708.526
888 282.645 167.751
889 457.6 1316.07
890 46.5134 895.424
891 1085.16 832.205
892 1007.9 220.816
893 1027.63 1208.09
894 1282.84 133.332
895 1047.53 220.463
896 767.962 797.335
897 757.603 1280.02
898 1141.26 1003.21
899 314.498 308.642
900 877.575 369.978
901 574.129 825.628
902 1284.15 778.731
903 1322.53 269.146
904 1180.85 482.781
905 1278.38 1082.34
906 284.035 1300.67
907 738.904 800.161
908 452.627 783.046
909 766.615 383.909
910 18.8346 860.309
911 788.541 174.466
912 48.9333 107.613
913 829.953 1177.53
914 398.307 191.269
915 691.981 119.395
916 421.732 394.831
917 77.8772 559.48
918 1203.08 133.039
919 591.688 319.427
920 459.197 1171.57
921 1108.66 882.157
922 764.277 1000.75
923 754.123 239.241
924 549.963 310.296
925 1170.86 1325.22
926 1175.72 565.219
927 363.593 344.526
928 1186.69 982.841
929 122.918 1166.89
930 292.716 1283.34
931 849.606 1050.28
932 170.547 774.775
933 625.72 155.263
934 429.716 577.323
935 872.961 1037.01
936 670.145 29.8488
937 798.548 860.498
938 1205.06 325.024
939 680.586 362.894
940 196.413 115.587
941 1036.13 478.907
942 660.874 206.813
943 599.25 895.357
944 6.34646 312.287
945 197.561 82.8063
946 757.38 1271.09
947 285.222 1161.81
948 460.016 861.496
949 1185.25 581.745
950 274.822 377.553
951 815.911 1211.08
952 584.306 548.309
953 790.727 154.035
954 490.573 1095.85
955 1269.13 765.351
956 210.184 1050.4
957 1237.64 68.1323
958 804.69 657.042
959 1290.42 662.57
960 1211.28 47.4551
961 2.66142 1062.25
962 1043.83 141.096
963 528.762 758.094
964 614.389 675.468
965 438.584 1266.18
966 811.1 360.561
967 424.038 307.537
968 1022.39 1233.1
969 1200.42 698.904
970 558.655 19.874
971 1025.69 1340.22
972 1299.13 646.806
973 1216.84 1034.43
974 545.347 116.831
975 403.798 1264.97
976 724.717 1034.02
977 1290.17 1328.13
978 829.514 943.779
979 534.886 719.049
980 15.0268 574.334
981 1261.63 304.142
982 206.117 842.498
983 1072.76 776.274
984 1071.38 480.898
985 1106.08 1179.5
986 260.287 354.828
987 752.157 505.392
988 206.854 376.299
989 85.3827 504.277
990 951.664 396.935
991 1236.09 769.984
992 829.207 591.408
993 172.635 811.732
994 26.5732 1005.46
995 638.897 781.024
996 679.832 1299.2
997 159.237 433.581
998 148.671 233.345
999 406.047 1142.29
1000 62.8661 344.51
1001 1323.63 1036.89
1002 298.552 36.8504
1003 365.151 630.756
1004 1195.83 163.509
1005 690.617 11.8488
1006 865.452 305.383
1007 1073.66 98.759
1008 938.907 837.077
1009 756.249 456.995
1010 81.2756 291.748
1011 733.274 436.309
1012 733.814 1147.82
1013 808.489 1020.59
1014 80.2929 65.8142
1015 490.847 1266.11
1016 203.682 533.716
1017 849.825 1224.6
1018 880.43 827.512
1019 962.287 395.584
1020 834.777 557.301
1021 1266.27 93.6819
1022 146.009 18.3591
1023 993.241 705.66
1024 1047.74 164.45
1025 581.023 281.946
1026 945.253 22.8882
1027 1275.18 601.071
1028 1058.67 945.581
1029 567.087 1141.76
1030 415.591 1004.72
1031 1039.61 1067.51
1032 920.084 280.775
1033 138.864 667.247
1034 167.13 1238.09
1035 913.363 546.532
1036 731.144 851.219
1037 107.493 561.764
1038 509.643 172.844
1039 117.184 223.764
1040 894.359 886.8
1041 125.046 1266.15
1042 707.159 962.327
1043 831.181 688.529
1044 1265.93 743.943
1045 366.62 14.9197
1046 699.584 670.227
1047 844.979 1131.94
1048 1280.9 479.433
1049 302.419 142.381
1050 122.878 386.356
1051 1005.2 903.039
1052 302.882 33.5905
1053 1241.01 489.798
1054 796.337 452.62
1055 740.938 924.29
1056 745.77 209.613
1057 626.621 337.887
1058 1200.76 473.83
1059 741.553 879.946
1060 431.161 564.22
1061 659.581 427.956
1062 1029.89 604.797
1063 315.186 876.589
1064 235.228 551.937
1065 1003.67 1270.11
1066 544.176 626.743
1067 1012.44 20.2677
1068 685.335 1189.46
1069 823.238 89.7102
1070 363.377 974.57
1071 1019.2 773.54
1072 1301.8 1199.7
1073 96.6142 156.819
1074 793.635 206.863
1075 210.743 608.85
1076 1273.94 1114.6
1077 575.473 726.649
1078 354.656 572.098
1079 148.899 723.496
1080 319.083 734.813
1081 640.46 283.764
1082 862.299 1063.63
1083 221.566 779.509
1084 494.205 532.053
1085 835.943 59.959
1086 755.146 151.798
1087 1080.49 1054.33
1088 681.134 966.145
1089 940.135 636.252
1090 4.87244 93.6567
1091 875.015 313.433
1092 83.7858 1208.87
1093 532.775 825.121
1094 1314.74 831.156
1095 574.743 311.033
1096 839.411 302.435
1097 942.06 1045.12
1098 484.618 76.0756
1099 929.881 1007.98
1100 23.3386 714.545
1101 368.828 438.12
1102 1059.82 933.6
1103 58.9942 781.162
1104 1084.18 192.661
1105 693.688 217.786
1106 217.458 474.92
1107 434.998 738.334
1108 29.2346 751.912
1109 1219.05 426.368
1110 1283.7 1027.65
1111 1339.51 1151.08
1112 1023.3 1063.93
1113 1082.03 1086.37
1114 235.965 1248.9
1115 565.735 1172.55
1116 819.307 479.956
1117 371.657 866.368
1118 1303.04 442.901
1119 217.909 505.235
1120 650.205 475.616
1121 985.606 863.052
1122 1339.45 711.761
1123 985.83 609.915
1124 1295.61 1306.77
1125 1299.06 229.046
1126 225.641 915.691
1127 823.629 675.729
1128 696.314 63.0646
1129 237.104 96.5228
1130 1111.48 257.846
1131 679.912 759.241
1132 1091.99 1258.74
1133 1012.18 1154.93
1134 209.228 970.885
1135 1051.67 364.819
1136 758.056 422.101
1137 251.852 576.258
1138 173.279 1122.77
1139 1267.97 11.3827
1140 684.798 183.981
1141 317.077 300.331
1142 507.831 388.624
1143 744.564 515.921
1144 44.7118 867.704
1145 291.978 1333.49
1146 809.603 1339.4
1147 53.2693 79.8835
1148 271.907 783.235
1149 82.6278 727.115
1150 986.403 535.002
1151 1030.63 991.619
1152 45.2252 807.556
1153 1264.39 914.053
1154 935.427 1321.62
1155 1126.25 1288.63
1156 455.471 1071.79
1157 1104.02 388.91
1158 843.009 1150.63
1159 1188.96 677.899
1160 376.991 394.028
1161 124.475 639.657
1162 1097.67 1177.34
1163 14.5354 966.998
1164 297.856 936.057
1165 1050.08 968.69
1166 1057.52 626.047
1167 1228.83 818.831
1168 47.8646 1020.36
1169 560.476 1153.21
1170 992.34 53.5968
1171 997.74 576.258
1172 377.465 69.2787
1173 282.092 487.899
1174 986.116 567.987
1175 477.786 23.5842
1176 1005.97 204.888
1177 824.113 523.89
1178 42.5008 942.485
1179 811.691 788.737
1180 1299.73 1223.68
1181 205.543 1134.25
1182 746.753 1004.38
1183 550.895 1144.57
1184 352.783 1094.87
1185 983.661 190.526
1186 324.202 940.97
1187 660.372 1316.39
1188 1099.32 1249.57
1189 419.399 856.331
1190 1201.21 254.85
1191 881.789 140.891
1192 451.417 614.803
1193 972.063 462.186
1194 481.512 1211.08
1195 658.23 629.732
1196 546.493 1096.46
1197 776.219 183.965
1198 1314.74 798.875
1199 241.493 1227.99
1200 547.181 418.337
1201 47.2094 738.866
1202 370.224 483.968
1203 1063.71 303.042
1204 611.524 537.663
1205 701.427 85.1401
1206 1203.45 81.2504
1207 1276.78 1150.36
1208 559.02 1105.63
1209 517.014 1225.85
1210 1296.52 1141.93
1211 521.835 101.395
1212 792.931 1249.92
1213 134.422 261.735
1214 17.6882 257.379
1215 75.011 1273.77
1216 3.93071 463.757
1217 1190.76 392.554
1218 419.482 471.808
1219 228.168 163.616
1220 762.066 816.457
1221 762.559 64.1764
1222 83.0089 1134.66
1223 696.063 700.526
1224 642.192 912.989
1225 1206.52 83.0772
1226 509.231 1244.85
1227 566.935 1301.57
1228 1112.1 1147.56
1229 86.3118 1296.62
1230 610.204 501.918
1231 397.534 54.5543
1232 879.101 833.105
1233 687.257 1145.31
1234 1248.02 187.077
1235 100.192 147.647
1236 1174.42 520.246
1237 495.556 877.367
1238 420.094 884.384
1239 88.9774 910.123
1240 1131.74 1001.96
1241 886.579 649.427
1242 298.652 1257.6
1243 1336.72 1014.25
1244 1072.55 121.811
1245 381.77 1036.85
1246 871.43 242.86
1247 179.584 823.115
1248 467.222 451.638
1249 679.042 48.0441
1250 201.012 368.586
1251 250.565 403.118
1252 662.501 812.346
1253 419.235 771.95
1254 214.012 1071.28
1255 552.846 1084.59
1256 1273.71 348.661
1257 554.262 651.146
1258 1033.84 639.559
1259 822.216 252.466
1260 773.994 918.778
1261 322.77 93.4047
1262 768.003 935.386
1263 867.008 1198.8
1264 102.62 237.046
1265 595.188 1278.23
1266 543.812 1028.45
1267 945.09 760.183
1268 466.28 1108.66
1269 75.7606 1217.13
1270 1011.43 1280.96
1271 173.647 772.891
1272 1269.95 895.194
1273 727.817 809.864
1274 264.872 254.652
1275 860.11 418.129
1276 1287.51 519.713
1277 275.027 802.085
1278 703.957 306.268
1279 318.346 1004.09
1280 304.548 951.364
1281 116.113 946.85
1282 380.501 819.65
1283 622.006 293.247
1284 661.331 640.869
1285 49.8299 114.784
1286 57.4173 797.786
1287 513.408 706.438
1288 1046.65 42.8031
1289 492.139 1211.52
1290 232.692 710.778
1291 257.461 567.168
1292 1246.2 1188.92
1293 812.756 474.567
1294 1052.27 1018.46
1295 473.077 130.787
1296 1241.06 360.192
1297 683.681 840.983
1298 802.151 902.957
1299 1033.12 44.9165
1300 674.179 363.688
1301 1044.18 412.816
1302 46.1039 184.841
1303 1065.75 662.498
1304 1147.15 297.915
1305 776.765 653.455
1306 1133.72 960.542
1307 278.038 1153.42
1308 666.624 1203.67
1309 346.967 598.246
1310 1190.96 863.858
1311 419.698 278.548
1312 1075.4 1179.95
1313 239.037 800.8
1314 702.246 560.838
1315 242.68 821.329
1316 1253.38 874.353
1317 725.83 1247.07
1318 1261.31 530.031
1319 76.9354 183.449
1320 380.616 992.012
1321 889.175 1163.45
1322 137.739 56.8315
1323 407.238 626.548
1324 835.258 1127.72
1325 103.931 197.943
1326 507.217 1192.48
1327 727.061 987.468
1328 729.351 614.132
1329 284.403 714.283
1330 278.22 1272.85
1331 1104.37 1218.24
1332 1080.55 423.206
1333 129.058 694.794
1334 720.302 611.446
1335 734.113 920.809
1336 718.664 874.967
1337 361.879 546.501
1338 179.748 478.195
1339 1301.05 1215.16
1340 370.749 1059.65
1341 8.63937 874.025
1342 241.37 642.876
1343 365.515 331.94
1344 265.058 1202.94
1345 753.684 1067.53
1346 491.015 903.531
1347 392.989 240.305
1348 1147.47 757.688
1349 422.674 291.487
1350 407.279 1284.95
1351 951.272 14.3307
1352 981.369 39.1842
1353 716.126 985.477
1354 67.9905 377.609
1355 946.4 274.756
1356 286 851.09
1357 377.184 1248.79
1358 1325.02 745.852
1359 896.201 352.126
1360 532.623 71.7764
1361 17.811 71.4646
1362 555.327 911.408
1363 433.934 549.849
1364 298.406 384.687
1365 954.94 171.6
1366 185.194 445.439
1367 1050.28 27.2787
1368 440.69 471.087
1369 723.857 725.789
1370 957.058 657.739
1371 859.825 149.587
1372 176.636 1263.56
1373 835.03 503.622
1374 53.6787 249.723
1375 1199.07 710.69
1376 1334.9 6.42835
1377 567.946 338.123
1378 682.902 154.132
1379 279.339 428.791
1380 1120.91 527.216
1381 1251.52 278.466
1382 413.339 1172.7
1383 82.4136 975.814
1384 752.067 42.5165
1385 316.545 1325.3
1386 916.019 1214.71
1387 1191.29 1205.76
1388 327.714 785.732
1389 541.468 394.381
1390 560.494 1036.82
1391 1143.85 58.5921
1392 169.684 326.535
1393 961.706 104.057
1394 440.649 311.968
1395 336.334 56.3811
1396 134.342 1047.12
1397 644.979 997.263
1398 755.385 353.165
1399 782.293 107.112
1400 1195.02 599.981
1401 944.418 38.1354
1402 374.822 1324.87
1403 933.584 376.816
1404 1320.69 246.954
1405 222.658 1182.95
1406 505.915 1320.61
1407 450.274 866.598
1408 84.8378 461.956
1409 623.14 1251.05
1410 888.957 398.967
1411 1159.11 1168.03
1412 317.418 522.554
1413 1277.28 1112.27
1414 312.843 663.814
1415 876.567 644.891
1416 256.929 225.852
1417 376.202 1194.77
1418 267.583 1003.36
1419 167.26 1248.43
1420 313.814 9.06457
1421 293.699 710.205
1422 49.3512 1064.65
1423 44.5701 975.118
1424 1093.72 1263.53
1425 6.10079 772.031
1426 279.757 154.542
1427 51.2546 1296.11
1428 265.213 474.198
1429 482.699 623.279
1430 853.611 1245.79
1431 1078.18 1013.24
1432 592.841 1317.24
1433 45.6535 1130.05
1434 1059.69 68.2709
1435 745.495 1216.02
1436 1029.93 344.485
1437 1057.57 866.164
1438 1336.13 1239.11
1439 835.767 1213.49
1440 777.052 1047.86
1441 1137.45 893.515
1442 749.959 21.348
1443 506.979 1006.15
1444 720.356 547.285
1445 1016.13 96.3024
1446 1216.31 1243
1447 500.715 572.327
1448 1278.9 993.134
1449 641.401 390.507
1450 942.264 992.34
1451 462.576 962.696
1452 763.481 575.783
1453 783.946 1291.65
1454 594.358 637.077
1455 494.86 197.657
1456 1228.58 1104.61
1457 1006.96 386.806
1458 266.961 905.02
1459 1114.23 664.264
1460 6.10079 914.504
1461 332.554 608.113
1462 60.3034 411.266
1463 286.434 185.357
1464 856.534 185.408
1465 1165.27 512.891
1466 950.249 728.164
1467 931.373 1083.77
1468 369.734 684.967
1469 1158.6 10.5386
1470 466.076 256.085
1471 679.33 748.595
1472 789.213 322.523
1473 463.619 477.704
1474 285.439 1208.82
1475 568.543 693.499
1476 1271.91 220.038
1477 1061.54 432.665
1478 613.223 876.22
1479 1178.72 297.03
1480 1217.08 348.359
1481 691.436 1206.69
1482 692.346 108.507
1483 291.87 219.398
1484 1070.8 311.852
1485 163.73 516.822
1486 43.0247 28.9228
1487 289.931 745.09
1488 299.943 585.307
1489 131.567 1313.04
1490 440.542 179.43
1491 508.29 1311.52
1492 909.509 968.879
1493 260.207 525.282
1494 1156.9 33.2472
1495 371.812 708.264
1496 1056.95 1145.39
1497 409.326 1128.6
1498 1300.78 586.469
1499 691.027 1326.83
1500 154.58 1157.4
1501 254.882 1101.31
1502 1279.45 402.365
1503 893.225 710.926
1504 215.208 648.132
1505 63.3134 58.2803
1506 906.194 746.891
1507 1181.98 946.983
1508 770.624 228.472
1509 930.431 250.271
1510 935.747 319.795
1511 116.857 1067.04
1512 1314.13 80.6205
1513 972.689 301.313
1514 63.1706 816.154
1515 845.225 763.253
1516 1158.58 720.605
1517 839.779 49.5433
1518 521.111 238.069
1519 1028.49 741.077
1520 60.4756 365.361
1521 718.339 469.244
1522 84.9606 1038.12
1523 675.316 1008.73
1524 57.3764 523.987
1525 576.843 993.216
1526 28.0178 1276.76
1527 378.822 561.861
1528 26.1228 282.29
1529 941.614 1055.98
1530 1253.08 808.384
1531 599.558 722.857
1532 400.113 160.847
1533 130.052 132.17
1534 1042.7 1323.26
1535 203.355 615.417
1536 617.735 16.5575
1537 406.707 1297.38
1538 1246.26 682.69
1539 544.723 1184.37
1540 943.187 1173.68
1541 897.553 1142.58
1542 1012.89 886.907
1543 828.189 162.06
1544 1341.25 865.493
1545 844.09 1.92441
1546 833.474 324.365
1547 952.401 540.4
1548 304.5 306.775
1549 133.902 736.885
1550 1225.81 200.63
1551 1180.94 1261.51
1552 667.442 1156.53
1553 707.008 119.206
1554 390.655 1318.67
1555 1193.91 1341.49
1556 1191.22 188.469
1557 334.397 801.43
1558 242.148 118.346
1559 7.69764 183.613
1560 1036.85 1296.94
1561 101.423 790.211
1562 350.409 45.326
1563 645.88 769.436
1564 1272.32 98.3653
1565 725.638 1122.44
1566 205.912 1111.05
1567 1186.49 1017.07
1568 1275.47 1103.97
1569 735.82 679.235
1570 385.742 597.279
1571 1168.94 214.69
1572 777.42 507.43
1573 81.2756 1331.5
1574 458.173 12.3654
1575 310.567 168.038
1576 1150.63 1225.65
1577 1080.17 900.255
1578 367.398 502.205
1579 820.537 1088.15
1580 1341.41 68.5827
1581 550.586 230.488
1582 501.095 969.672
1583 161.282 467.345
1584 893.376 584.734
1585 1174.14 1133.57
1586 651.281 297.383
1587 581.049 362.542
1588 41.243 1167.89
1589 13.9213 1262.55
1590 289.644 692.46
1591 89.9559 646.642
1592 1261.18 315.005
1593 418.015 772.425
1594 1242.19 1089.27
1595 1142.88 27.7606
1596 1063.46 140.948
1597 107.89 483.109
1598 700.006 1237.19
1599 917.37 551.364
1600 1337.4 462.759
1601 853.59 1005.93
1602 855.953 500.976
1603 1291.16 608.375
1604 805.826 395.896
1605 898.74 713.562
1606 287.599 686.973
1607 202.485 30.5039
1608 490.479 210.17
1609 1148.43 266.101
1610 511.476 758.642
1611 1107.4 46.063
1612 139.622 408.22
1613 133.357 272.898
1614 951.968 1143.73
1615 309.913 1132.95
1616 910.327 952.148
1617 361.28 419.235
1618 165.276 788.598
1619 1021.11 256.561
1620 1203.52 530.154
1621 1091.34 844.488
1622 244.985 570.869
1623 578.195 474.403
1624 356.425 1232.69
1625 1243.99 1156.18
1626 868.259 733.298
1627 480.543 840.573
1628 668.016 912.39
1629 751.729 1332.96
1630 744.992 441.033
1631 525.978 449.836
1632 332.955 708.608
1633 158.019 992.97
1634 69.2703 165.376
1635 366.92 31.8551
1636 118.781 1001.72
1637 1284.11 419.332
1638 546.942 263.291
1639 453.096 186.642
1640 765.365 1024.74
1641 546.104 822.68
1642 949.442 13.9622
1643 1108.38 432.583
1644 1150.55 229.921
1645 1041.77 158.104
1646 348.441 407.008
1647 586.74 874.148
1648 854.97 966.381
1649 921.178 283.789
1650 740.857 770.312
1651 1138.05 153.354
1652 754.104 353.887
1653 1211.79 55.8079
1654 1301.37 868.743
1655 220.723 1229.17
1656 757.309 324.668
1657 56.3402 610.898
1658 847.559 117.635
1659 1151.66 1070.85
1660 551.773 78.6709
1661 383.776 1181.93
1662 495.228 1289.17
1663 134.679 683.698
1664 72.8976 1197.77
1665 248.83 847.395
1666 231.658 1162.85
1667 759.888 339.367
1668 1070.71 454.365
1669 242.026 390.384
1670 1010 873.247
1671 354.809 11.2346
1672 591.481 972.252
1673 343.766 774.186
1674 828.347 571.754
1675 945.049 1257.29
1676 1152.07 548.948
1677 376.849 662.995
1678 1238.67 402.053
1679 928.753 962.098
1680 589.811 159.235
1681 114.318 668.712
1682 946.768 364.082
1683 483.029 84.5102
1684 834.334 368.683
1685 297.048 864.879
1686 1081.6 729.367
1687 200.18 756.636
1688 317.446 260.573
1689 435.285 134.381
1690 1286.12 849.172
1691 1264.05 502.803
1692 975.022 1314.92
1693 343.568 228.353
1694 1058.43 718.148
1695 111.178 866.655
1696 21.9055 680.094
1697 538.22 566.841
1698 625.924 366.334
1699 539.163 1223.23
1700 235.363 464.003
1701 1030.66 84.3874
1702 939.685 228.652
1703 1186.13 639.534
1704 162.112 562.296
1705 546.327 642.016
1706 1309.94 135.568
1707 323.928 236.129
1708 120.583 1027.49
1709 597.326 1325.88
1710 1159.37 970.557
1711 373.54 350.668
1712 55.1937 815.515
1713 885.456 939.972
1714 822.083 900.066
1715 274.189 457.82
1716 1013.47 601.005
1717 1157.65 91.3228
1718 477.603 60.5984
1719 124.354 519.887
1720 28.5795 843.26
1721 1199.19 738.62
1722 450.323 8.04094
1723 230.637 1257.23
1724 245.876 1089.99
1725 1119.19 993.282
1726 579.853 50.1732
1727 271.424 110.239
1728 478.974 840.885
1729 1333.2 951.805
1730 66.4546 30.3402
1731 1262.17 568.453
1732 1195.33 103.836
1733 1030.02 496.579
1734 355.77 191.663
1735 63.7417 549.905
1736 927.158 858.63
1737 481.364 1243.17
1738 976.721 440.198
1739 76.8871 1049.02
1740 515.089 943.534
1741 921.244 223.764
1742 434.058 142.545
1743 921.669 217.474
1744 187.929 285.099
1745 1121.32 773.792
1746 812.346 630.976
1747 678.699 1194.82
1748 401.71 988.573
1749 222.983 115.269
1750 1095.03 165.704
1751 687.527 452.375
1752 629.568 1102.42
1753 1326.72 431.764
1754 329.282 1303.52
1755 882.69 364.287
1756 1226.18 617.096
1757 807.694 797.361
1758 646.642 1223.64
1759 634.687 81.8646
1760 681.407 63.915
1761 589.076 1233.97
1762 1218.44 186.847
1763 88.9323 835.127
1764 427.546 1085.91
1765 925.6 128.485
1766 711.786 252.195
1767 155.449 203.02
1768 435.408 1158.83
1769 1055.7 1222.9
1770 466.037 1113.99
1771 763.172 63.1779
1772 1277.73 367.783
1773 1287.51 890.52
1774 400.277 416.583
1775 1089.52 183.934
1776 776.041 1260.45
1777 635.323 955.792
1778 1226.24 450.778
1779 881.093 428.529
1780 231.83 14.9606
1781 1022.08 785.871
1782 1040.29 88.1543
1783 1.51496 394.381
1784 255.25 851.694
1785 942.88 688.258
1786 716.863 782.006
1787 1080.62 878.816
1788 1326.45 1177.83
1789 554.394 749.455
1790 893.296 283.682
1791 837.077 89.4331
1792 565.039 1062.08
1793 550.299 407.238
1794 867.993 456.74
1795 1332.55 589.647
1796 143.494 1165.47
1797 159.398 498.561
1798 208.942 73.9622
1799 1082.91 805.565
1800 370.031 734.92
1801 461.788 266.019
1802 825.595 1225.32
1803 1025.69 912.129
1804 998.4 925.149
1805 421.077 920.866
1806 318.019 969.263
1807 1136.14 44.548
1808 987.877 1109.79
1809 1333.4 390.041
1810 1220.36 155.893
1811 791.517 1181.26
1812 874.091 169.717
1813 825.776 968.853
1814 375.139 1021.75
1815 673.748 1066.38
1816 224.759 814.926
1817 497.861 515.046
1818 1156.86 697.88
1819 242.498 44.6457
1820 13.6346 600.866
1821 543.011 344.674
1822 931.887 756.309
1823 1315.24 490.494
1824 660.031 621.625
1825 656.019 1153.6
1826 1120.5 360.683
1827 1011.79 893.679
1828 106.817 852.652
1829 386.151 431.247
1830 17.811 463.987
1831 1317.89 1036.86
1832 395.241 226.809
1833 743.15 853.184
1834 438.061 796.107
1835 1298.81 185.808
1836 947.71 106.129
1837 83.7239 68.2142
1838 209.702 1070.64
1839 408.95 888.274
1840 744.208 204.192
1841 578.973 774.365
1842 413.834 829.757
1843 812.551 911.146
1844 727.427 1055.21
1845 93.3953 123.219
1846 76.1596 696.923
1847 896.161 850.523
1848 888.463 1262.39
1849 178.683 966.135
1850 697.005 895.439
1851 181.52 74.7401
1852 1339.61 788.23
1853 918.294 561.477
1854 1260.04 851.383
1855 491.093 1054.99
1856 834.743 861.112
1857 57.9779 1083.77
1858 1282.97 974.161
1859 351.33 584.135
1860 931.366 438.765
1861 1071.77 1280.44
1862 341.972 1259.89
1863 61.4919 153.068
1864 231.011 316.11
1865 69.4835 1232.11
1866 1338.48 1322.08
1867 257.543 733.748
1868 409.85 941.527
1869 830.549 16.7055
1870 225.823 1195.84
1871 225.483 1284.33
1872 681.027 190.967
1873 429.102 538.564
1874 1244.19 378.085
1875 304.223 915.42
1876 1312.49 720.482
1877 1127.38 1061.1
1878 803.515 773.776
1879 1196.68 897.143
1880 566.855 898.592
1881 610.387 808.784
1882 1206.07 547.162
1883 52.0378 250.545
1884 1219.87 1002.8
1885 1004.48 1292.79
1886 647.638 857.509
1887 693.536 653.987
1888 100.397 1209.53
1889 674.742 552.428
1890 1110.53 823.156
1891 497.767 333.783
1892 1114.49 490.847
1893 844.643 211.194
1894 711.794 985.02
1895 83.6913 1035.59
1896 188.265 1088.08
1897 16.7874 1328.54
1898 669.449 1338.83
1899 1061 841.187
1900 47.7428 491.953
1901 1021 1164.37
1902 271.732 341.824
1903 1112.14 1042.42
1904 164.23 940.217
1905 1333.67 1296.49
1906 5.32283 1153.56
1907 1102.87 796.68
1908 571.182 190.762
1909 581.417 909.852
1910 1019.34 1177.22
1911 1020.26 542.356
1912 412.686 161.323
1913 1110.02 117.937
1914 843.096 251.868
1915 1048.93 884.63
1916 808.375 1062.93
1917 1247.18 773.915
1918 105.228 1282.08
1919 44.6299 524.299
1920 11.6283 413.461
1921 599.392 703.449
1922 721.993 418.677
1923 328.705 272.57
1924 99.6021 343.257
1925 1238.3 1278.54
1926 559.962 614.469
1927 173.824 93.7386
1928 990.457 864.935
1929 87.8677 702.425
1930 898.617 1165.37
1931 213.713 558.488
1932 294.355 1259.51
1933 738.319 940.97
1934 1016.99 1039.65
1935 583.505 283.175
1936 235.047 549.521
1937 1060.68 1133.31
1938 187.14 115.956
1939 1035.78 77.3039
1940 518.608 1054.86
1941 754.983 1340.35
1942 524.504 1073.78
1943 201.196 598.942
1944 1264.46 2.78425
1945 282.614 267.534
1946 5.97795 368.069
1947 71.5307 1068.27
1948 875.975 719.279
1949 1274.74 554.28
1950 1044.69 626.457
1951 1153.96 104
1952 652.375 294.517
1953 392.151 575.209
1954 362.907 474.444
1955 730.334 593.716
1956 1124.07 202.57
1957 832.041 815.638
1958 109.826 13.1024
1959 1255.62 1056.39
1960 507.921 962.491
1961 589.014 914.381
1962 1338.81 641.606
1963 43.4236 224.787
1964 1330.32 769.682
1965 486.343 1037.54
1966 286.573 1156.09
1967 829.789 796.296
1968 879.119 780.22
1969 530.894 942.976
1970 73.6934 283.011
1971 616.304 1064.28
1972 1092.68 1207.07
1973 1206.28 1089.19
1974 611.389 712.154
1975 826.677 434.154
1976 1341.46 833.064
1977 925.518 923.839
1978 391.228 1071.87
1979 135.814 441.263
1980 732.26 708.756
1981 526.942 985.052
1982 703.159 1082.09
1983 748.721 497.603
1984 1057.67 123.26
1985 713.19 1125.04
1986 849.373 186.627
1987 413.912 951.6
1988 466.035 738.702
1989 1005.64 386.535
1990 1133.4 408.016
1991 616.745 110.797
1992 644.321 566.529
1993 268.611 1021.43
1994 219.383 163.468
1995 614.011 457.534
1996 1004.17 846.699
1997 1106.86 93.0677
1998 629.111 935.238
1999 553.861 603.625
2000 15.1496 588.91
2001 479.546 780.916
2002 0.122835 1177.06
2003 1128.75 613.231
2004 539.981 420.013
2005 1243.33 637.118
2006 1219.46 1264.42
2007 400.523 374.211
2008 343.65 216.157
2009 1171.98 1300.94
2010 3.72598 976.372
2011 651.23 423.918
2012 294.16 12.2016
2013 155.836 1041.51
2014 614.841 1141.79
2015 490.07 881.748
2016 1081.64 421.461
2017 1256.08 535.042
2018 859.393 666.91
2019 1287.06 731.291
2020 677.374 799.505
2021 197.428 893.049
2022 134.504 348.195
2023 1203.62 937.228
2024 322.851 670.595
2025 757.041 953.77
2026 649.308 670.677
2027 793.389 889.257
2028 1289.76 424.778
2029 793.984 705.562
2030 1066.57 748.759
2031 1029.4 333.905
2032 665.971 884.957
2033 461.962 1198.05
2034 987.59 933.42
2035 213.814 667.131
2036 1259.13 744.542
2037 572.327 692.23
2038 44.6824 223.657
2039 99.6598 747.531
2040 560.384 151.946
2041 357.604 316.709
2042 752.239 1315.64
2043 421.609 453.505
2044 50.106 1095.15
2045 112.241 1012.01
2046 470.047 353.272
2047 140.113 1289.52
2048 355.238 1045.54
2049 1153.09 69.4016
2050 114.932 269.842
2051 126.173 416.942
2052 295.297 834.227
2053 937.351 1005.85
2054 946.391 1241.26
2055 623.153 1299.43
2056 139.663 758.709
2057 882.812 756.825
2058 810.137 384.898
2059 1021.78 1168.08
2060 1328.09 499.487
2061 444.131 179.707
2062 1154.66 143.487
2063 486.753 556.293
2064 1176.06 737.761
2065 997.777 660.85
2066 294.762 131.326
2067 780.778 921.316
2068 437.865 385.962
2069 424.059 643.301
2070 842.105 636.201
2071 1041.21 1328.92
2072 1247.67 964.718
2073 985.422 613.068
2074 243.419 45.6535
2075 532.12 32.526
2076 183.638 1128.28
2077 1270.57 354.05
2078 621.145 135.257
2079 337.132 217.597
2080 1086.35 583.357
2081 473.773 1081.29
2082 352.822 870.161
2083 566.893 682.731
2084 400.154 502.926
2085 232.671 1193.85
2086 244.318 1287.63
2087 19.326 931.757
2088 1230.6 260.778
2089 669.308 1183
2090 1194.16 427.096
2091 246.551 154.828
2092 932.233 521.924
2093 1328.83 1311.93
2094 768.208 142.299
2095 490.929 974.734
2096 1198.39 1083.32
2097 81.0719 1329.97
2098 107.685 1080.39
2099 1326.87 1012.5
2100 16.0504 394.192
2101 819.483 81.2913
2102 602.116 659.024
2103 305.175 1182.95
2104 76.6079 282.904
2105 1050.77 886.712
2106 764.821 130.835
2107 324.469 692.066
2108 645.742 293.181
2109 18.4252 806.302
2110 475.902 930.038
2111 307.905 585.553
2112 461.039 246.75
2113 1332.68 568.29
2114 789.131 590.113
2115 45.4604 890.92
2116 1116.08 1270.56
2117 257.483 1047.98
2118 1299.3 328.869
2119 611.43 126.822
2120 490.707 221.594
2121 787.618 162.239
2122 788.885 1135.79
2123 977.19 1307.41
2124 642.223 633.883
2125 274.639 960.009
2126 114.4 20.6929
2127 851.338 750.438
2128 615.565 93.9842
2129 31.5801 948.749
2130 1266.01 829.272
2131 1241.94 1100.08
2132 102.998 366.006
2133 779.817 117.978
2134 742.535 732.683
2135 51.0173 439.175
2136 340.62 624.261
2137 822.583 1017.23
2138 944.926 50.0346
2139 997.706 1222.94
2140 636.399 487.505
2141 1263.98 720.154
2142 634.809 966.545
2143 835.421 991.121
2144 36.6457 1274.67
2145 1072.59 481.568
2146 1001.02 1261.55
2147 1063.07 660.866
2148 170.077 929.08
2149 416.45 803.543
2150 235.661 693.934
2151 630.305 1042.42
2152 422.715 1112.82
2153 1062.49 806.098
2154 231.801 14.126
2155 818.365 240.198
2156 816.195 502.778
2157 1118.82 482.346
2158 1267.72 1135.95
2159 325.493 385.865
2160 915.323 1064.05
2161 569.83 1217.41
2162 1221.51 627.824
2163 99.4667 175.219
2164 515.291 1167.09
2165 415.424 1322.72
2166 360.91 960.951
2167 240.635 1339.98
2168 930.186 415.754
2169 388.813 1219.91
2170 1196.71 547.802
2171 173.863 20.5543
2172 1298.47 712.113
2173 201.08 969.754
2174 1039.67 688.242
2175 68.2142 771.868
2176 1109.84 1340.96
2177 235.597 1231.34
2178 105.843 929.014
2179 628.997 50.0913
2180 314.254 974.898
2181 432.492 987.647
2182 265.65 947.439
2183 1237.29 257.559
2184 557.16 1333.08
2185 915.937 116.857
2186 828.929 1004.72
2187 619.467 376.954
2188 551.263 1108.17
2189 656.102 1024.95
2190 5.11811 613.6
2191 502.969 506.775
2192 1220.37 1031.95
2193 1244.07 645.184
2194 931.127 1208.79
2195 684.23 1292.18
2196 215.903 174.589
2197 38.316 731.398
2198 121.751 314.743
2199 1223.23 513.055
2200 1068.46 774.595
2201 1074.03 361.354
2202 629.364 1132.39
2203 1115.65 1085.51
2204 1100.15 783.783
2205 656.879 708.239
2206 231.543 606.082
2207 770.869 303.335
2208 1185.35 1228.48
2209 959.502 539.465
2210 915.029 912.457
2211 543.011 512.302
2212 1146.25 1110.6
2213 477.501 1255.86
2214 1078.16 1296.99
2215 126.297 57.4614
2216 819.921 1235.14
2217 1223.68 1325.11
2218 1237.95 1197.57
2219 481.237 1041.86
2220 912.264 521.572
2221 54.5386 301.559
2222 743.816 526.894
2223 1141.26 851.612
2224 1287.47 1249.72
2225 160.422 232.372
2226 275.682 999.383
2227 603.815 100.233
2228 391.228 652.989
2229 704.088 679.194
2230 233.174 1029.62
2231 16.0504 688.693
2232 341.398 157.285
2233 1130.02 983.373
2234 360.367 94.0913
2235 993.099 300.101
2236 1295.29 186.381
2237 241.943 769.641
2238 373.512 344.715
2239 420.668 353.247
2240 1301.76 763.556
2241 749.131 829.477
2242 789.663 923.184
2243 504.422 1299.3
2244 1297.42 813.206
2245 13.5528 747.71
2246 890.183 416.957
2247 455.635 1123.28
2248 646.274 1256.25
2249 803.761 291.994
2250 104.063 1275.68
2251 919.532 1152.33
2252 678.743 1253.99
2253 334.888 335.764
2254 1113.81 565.997
2255 652.252 870.258
2256 484.828 823.197
2257 140.728 130.287
2258 1307.66 1226.95
2259 1046.31 525.282
2260 60.8672 533.757
2261 792.652 691.477
2262 1030.31 394.872
2263 671.332 966.749
2264 1013.56 159.25
2265 160.894 470.62
2266 338.819 1123.83
2267 1300.49 315.03
2268 263.606 1171.98
2269 1007.37 320.368
2270 429.381 738.702
2271 1164.09 1331.87
2272 382.232 913.824
2273 693.495 26.3842
2274 538.253 523.209
2275 695.08 736.189
2276 914.749 739.301
2277 211.933 566.554
2278 638.486 515.905
2279 1203.41 29.7827
2280 605.82 744.435
2281 366.223 717.313
2282 112.476 702.901
2283 848.063 687.931
2284 357.572 1166.99
2285 711.049 255.783
2286 490.255 283.313
2287 1055.4 1088.64
2288 315.521 1124.02
2289 477.92 4.25827
2290 804.672 274.305
2291 325.226 475.616
2292 1125.21 881.764
2293 931.291 1340.76
2294 719.524 878.923
2295 502.639 47.5779
2296 199.045 256.699
2297 232.19 1208.28
2298 1338.46 54.5386
2299 503.655 913.357
