1 87.8089 270.646
2 1323.13 1041.24
3 1145.23 1081.29
4 854.639 588.838
5 998.768 957.127
6 1222.29 371.216
7 816.294 209.115
8 1304.57 445.603
9 352.865 1164.65
10 730.989 82.0535
11 222.731 1100.74
12 693.68 509.436
13 1304.13 943.666
14 1106.82 891.222
15 464.02 442.082
16 1010.56 751.846
17 163.005 1272.48
18 1148.65 975.921
19 614.583 475.058
20 633.622 582.539
21 1257.95 1234.09
22 57.937 1293.94
23 544.142 709.509
24 54.252 53.515
25 450.107 431.805
26 1158.33 1301.06
27 514.472 516.863
28 1171.84 1033.16
29 1132.13 164.885
30 129.836 264.356
31 1050.93 289.89
32 861.316 1089.67
33 181.918 614.296
34 573.896 1155.03
35 501.136 89.9968
36 1066.39 672.658
37 1056.75 382.639
38 914.527 573.735
39 938.664 209.351
40 503.581 267.329
41 1210.86 68.3527
42 1032.11 820.961
43 590.039 317.789
44 255.016 1186.58
45 907.42 967.077
46 715.954 304.441
47 1168.94 1216.73
48 543.426 789.556
49 1146.65 1042.6
50 378.794 482.453
51 1291.4 514.079
52 451.195 10.8661
53 611.434 754.876
54 998.195 1102.41
55 836.333 1292.24
56 1005.51 734.06
57 832.977 51.6472
58 669.175 534.838
59 1005.61 1015.76
60 172.738 999.562
61 143.676 750.561
62 214.142 986.362
63 229.496 841.392
64 1200.95 111.043
65 1120.84 957.455
66 138.816 886.211
67 61.1024 310.69
68 1133.34 1182.87
69 922.734 1130.34
70 1289.84 1160.03
71 179.461 1151.17
72 954.397 159.455
73 1023.01 553.657
74 1251.29 192.687
75 751.708 1045.24
76 1078.15 1004.19
77 48.0735 151.087
78 474.756 186.013
79 338.872 47.4961
80 431.378 42.7213
81 443.798 135.65
82 1175.81 624
83 38.9606 180.649
84 1061.95 887.603
85 501.721 608.006
86 1043.2 836.233
87 845.389 1250.47
88 1190.58 891.468
89 61.0898 1208.94
90 628.872 1232.28
91 1102.69 1089.52
92 1198.35 348.891
93 387.83 1330.42
94 1148.61 1263.64
95 357.039 771.238
96 455.463 350.611
97 388.28 593.905
98 269.195 431.487
99 811.65 490.781
100 111.363 1244.19
101 583.342 1292.47
102 154.321 423.134
103 1126.27 684.271
104 1118.61 585.241
105 898.648 226.302
106 190.999 490.151
107 29.6441 459.852
108 1281.49 87.1874
109 980.562 456.085
110 1249.28 482.29
111 816.856 127.953
112 1049.17 1145.41
113 447.785 1211.62
114 1108.29 1075.68
115 805.959 1336.17
116 1287.88 1201.75
117 1255.74 276.23
118 424.066 1084.28
119 843.956 24.8126
120 1007.35 705.931
121 1205.04 1206.33
122 1146.13 819.446
123 566.505 806.819
124 932.274 1116.01
125 1062.15 432.926
126 627.288 85.9433
127 285.152 467.59
128 1234.53 1055.82
129 153.065 1023.29
130 189.424 790.907
131 548.807 1188.11
132 493.644 1305.65
133 68.4189 321.024
134 903.812 163.345
135 1286.82 1322.31
136 259.509 449.795
137 1074.07 1159.36
138 466.027 581.213
139 1329.53 121.458
140 992.627 705.005
141 625.996 357.613
142 1223.53 923.855
143 916.264 1190.94
144 572.205 1075.99
145 1310.2 175.244
146 1169.29 408.712
147 989.117 419.332
148 595.217 644.038
149 885.825 55.8079
150 877.554 781.981
151 923.349 44.1134
152 1242.14 751.093
153 629.509 917.206
154 868.607 698.126
155 697.918 852.324
156 498.925 150.12
157 882.695 1106.59
158 1017.06 929.981
159 199.688 373.172
160 535.234 722.283
161 237.521 49.9528
162 632.598 350.898
163 274.945 465.594
164 499.405 109.937
165 75.052 598.535
166 256.626 173.745
167 1010.44 879.266
168 210.699 601.613
169 1089.54 397.657
170 152.686 1261.35
171 586.413 1128.2
172 574.204 355.376
173 317.814 572.901
174 118.331 20.611
175 633.586 388.116
176 56.9669 525.093
177 733.856 634.293
178 969.657 942.592
179 1042.74 1165.76
180 294.271 1144.12
181 521.515 542.274
182 350.081 884.261
183 1303.05 565.981
184 510.912 943.698
185 384.554 276.173
186 1195.91 648.321
187 391.474 934.453
188 611.921 574.227
189 92.6992 856.255
190 1094.17 75.7071
191 431.712 213.414
192 1330.72 131.858
193 1289.39 290.192
194 400.4 1177.66
195 1229.96 747.014
196 775.168 465.625
197 212.176 148.139
198 24.6898 1077.14
199 359.723 1262.08
200 950.658 395.364
201 1289.65 776.208
202 868.493 414.091
203 820.192 803.887
204 568.233 591.301
205 468.575 861.496
206 197.846 559.405
207 845.978 1317.81
208 1070.18 190.86
209 797.983 925.65
210 216.148 1052.24
211 703.419 1229.79
212 953.934 232.705
213 584.613 134.504
214 241.124 1179.72
215 501.681 731.276
216 793.79 15.1654
217 1038.98 542.085
218 665.584 730.457
219 619.987 1009.74
220 505.192 892.86
221 1109.11 55.8898
222 1063.07 767.118
223 470.797 1147.62
224 126.683 929.669
225 892.027 997.105
226 1087.37 161.584
227 777.172 584.989
228 214.961 821.001
229 387.269 867.842
230 1261.18 978.435
231 736.516 940.872
232 1289.18 591.49
233 1073.94 661.546
234 840.721 845.732
235 773.817 420.258
236 252.016 794.428
237 140.031 1016.96
238 999.058 1335.02
239 723.168 662.161
240 896.594 260.753
241 859.269 1297.75
242 504.973 508.668
243 386.757 519.811
244 731.474 7.00157
245 52.4913 146.926
246 793.468 160.595
247 154.18 327.436
248 69.5265 861.808
249 327.193 924.51
250 656.215 766.094
251 152.585 532.079
252 813.943 527.017
253 664.658 1058.71
254 1298.77 1152.35
255 919.109 367.603
256 1176.14 42.3779
257 115.137 1299.26
258 449.779 70.0157
259 41.2315 838.961
260 109.405 1289.12
261 1279.87 666.476
262 1211.11 20.3496
263 786.838 1079.24
264 405.367 1195.63
265 830.446 193.726
266 107.339 284.321
267 817.276 1186.17
268 970.926 241.616
269 24.9354 425.417
270 659.376 1123.12
271 1322.09 206.403
272 1240.18 44.6331
273 932.151 635.383
274 835.404 705.235
275 682.428 656.264
276 993.65 640.299
277 583.846 1176.4
278 1124.17 371.468
279 794.527 841.351
280 479.505 230.699
281 1014.78 271.874
282 1087.45 620.167
283 920.453 919.745
284 839.537 386.331
285 372.516 878.283
286 239.918 754.384
287 299.757 474.403
288 497.316 370.797
289 46.3087 743.19
290 1039.3 439.461
291 793.266 1292.43
292 170.415 555.065
293 1191.73 299.65
294 198.361 380.598
295 1212.42 1205.84
296 348.318 1283.22
297 1205.86 554.476
298 656.019 891.713
299 1319.43 66.4693
300 1074.68 470.712
301 1248.25 223.452
302 1170.37 733.584
303 1015.08 505.792
304 717.899 1088.72
305 1286.4 153.178
306 73.3407 1264.25
307 225.852 856.812
308 405.982 300.576
309 79.8551 817.767
310 747.121 1155.75
311 427.178 57.3795
312 333.128 1092.61
313 577.656 60.5984
314 1166.48 454.161
315 324.349 1020.02
316 929.694 386.29
317 509.98 565.408
318 807.529 738.334
319 314.539 839.789
320 309.42 709.345
321 947.815 629.66
322 1025.03 324.586
323 438.461 169.757
324 1312.51 240.06
325 1287.35 1128.24
326 47.9171 772.875
327 461.49 908.731
328 1083.1 842.687
329 831.754 401.849
330 115.958 299.348
331 362.526 998.409
332 299.307 1236.17
333 1133.51 325.609
334 862.668 945.294
335 1013.8 1187.44
336 201.49 916.019
337 1143.04 1027.16
338 211.235 900.598
339 611.509 555.253
340 994.469 981.694
341 926.746 472.847
342 924.249 38.8724
343 1165.26 914.504
344 253.899 670.759
345 1015.15 54.7433
346 752.489 647.921
347 412.274 227.162
348 214.226 260.507
349 1184.47 1052.26
350 972.277 973.48
351 886.039 1235.36
352 1272.36 858.082
353 849.869 980.435
354 778.321 891.216
355 101.146 449.82
356 729.761 276.951
357 487.531 334.283
358 511.065 877.178
359 1238.19 1110.2
360 257.198 660.252
361 266.38 68.6803
362 983.455 162.551
363 326.372 1012.42
364 90.9512 348.334
365 118.454 299.676
366 598.431 572.778
367 64.6131 221.676
368 698.746 949.102
369 118.987 1323.3
370 833.842 457.231
371 603.814 1279.98
372 1179.32 957.102
373 747.563 1173.86
374 590.016 63.5874
375 622.526 256.11
376 339.433 102.894
377 983.987 98.4724
378 1200.83 925.927
379 871.348 1071.09
380 1158.29 792.416
381 1205.7 439.307
382 665.336 49.2252
383 86.7212 922.938
384 135.223 1127.87
385 622.356 162.387
386 270.062 876.803
387 842.148 293.263
388 1146.66 407.253
389 453.874 988.091
390 794.003 563.688
391 1032.06 19.5307
392 347.818 1111.28
393 169.795 1177.9
394 995.943 1124.8
395 559.471 1316.07
396 224.624 571.068
397 1036.05 1245.22
398 604.696 620.602
399 834.645 1283.43
400 468.504 23.4362
401 1028.59 907.682
402 1290.05 1102.09
403 116.378 494.287
404 210.088 342.913
405 711.286 711.745
406 403.555 1292.28
407 441.181 668.957
408 464.214 31.6913
409 597.918 546.737
410 710.066 218.989
411 904.976 174.154
412 202.669 43.1716
413 972.523 576.806
414 640.809 810.217
415 163.376 355.524
416 612.126 286.532
417 1017.22 531.521
418 855.502 644.595
419 117.594 709.657
420 1283 1091.24
421 243.622 410.227
422 937.269 1232.4
423 450.721 756.186
424 51.3858 1005.4
425 692.705 559.553
426 579.739 890.387
427 865.534 388.951
428 1195.89 317.912
429 843.877 562.926
430 954.53 52.5323
431 650.411 965.808
432 130.532 92.463
433 464.983 1279
434 1284.59 372.926
435 731.849 356.728
436 299.926 405.739
437 905.906 601.783
438 241.239 736.721
439 702.287 719.77
440 294.784 333.88
441 1229.51 1016.78
442 51.1318 77.811
443 1027.9 380.255
444 328.173 1317.74
445 397.545 556.129
446 813.37 429.43
447 1242.1 991.849
448 724.192 883.606
449 993.304 154.321
450 998.4 1235.65
451 1041.72 725.42
452 757.689 95.5653
453 71.7764 584.17
454 1208.9 974.611
455 71.3669 477.883
456 314.227 495.924
457 1008.76 1068.01
458 1020.71 165.581
459 361.518 279.95
460 936.246 1166.49
461 404.626 232.485
462 892.079 822.214
463 933.668 803.395
464 1248.59 1306.48
465 427.549 707.953
466 654.259 374.728
467 134.668 676.255
468 232.198 718.501
469 499.888 249.764
470 800.406 914.759
471 705.779 1105.06
472 868.883 337.238
473 415.235 358.841
474 1131.44 1322.93
475 530.646 219.112
476 485.363 507.43
477 424.23 312.041
478 548.868 1018.77
479 95.6283 643.997
480 1278.05 841.663
481 806.063 946.866
482 1161.89 1139.76
483 533.521 627.565
484 1270.77 582.891
485 3.27559 794.592
486 373.581 1214.83
487 532.816 457.773
488 615.792 1136.75
489 781.064 502.076
490 80.8472 212.75
491 800.986 982.472
492 444.499 424.476
493 248.208 24.3622
494 1087.41 184.472
495 666.17 279.131
496 988.488 1005.53
497 395.233 750.683
498 111.206 829.994
499 1077.14 1275.84
500 322.66 110.28
501 374.891 90.8157
502 907.609 1123.81
503 679.685 1239.79
504 373.183 281.905
505 1201.21 1287.73
506 379.418 645.66
507 1196.05 1062.23
508 154.163 977.124
509 1319.86 420.709
510 48.4378 115.137
511 611.4 144.183
512 851.062 610.202
513 316.639 994.69
514 754.287 452.825
515 869.395 223.002
516 1012.89 412.406
517 250.091 635.521
518 112.517 207.713
519 600.498 210.334
520 283.063 525.487
521 1100.07 841.789
522 445.933 813.918
523 698.233 607.335
524 518.405 644.529
525 534.342 36.5795
526 224.043 1139.55
527 1011.02 61.0898
528 281.209 389.928
529 1163.82 452.825
530 316.435 892.23
531 60.5984 438.315
532 369.773 972.661
533 758.913 769.887
534 1047.9 907.093
535 497.901 548.661
536 375.219 391.203
537 1001.16 307.424
538 625.54 866.327
539 949.544 1022.25
540 569.625 236.334
541 219.344 294.328
542 1032.43 265.978
543 342.294 687.89
544 350.406 502.287
545 8.7622 1124.81
546 1000.3 1080.96
547 926.378 1043.37
548 492.027 1236.55
549 889.417 445.767
550 679.013 680.75
551 322.138 1210.51
552 1192.81 14.3402
553 250.91 1303.41
554 1250.87 318.428
555 849.524 141.317
556 516.561 1241.57
557 312.287 411.301
558 852.39 190.328
559 603.323 906.986
560 1323.88 349.997
561 1132.39 1122.19
562 1213.28 409.531
563 624.073 701.468
564 1052.84 487.326
565 498.651 499.707
566 832.545 873.575
567 209.351 224.91
568 282.274 666.025
569 845.389 313.817
570 10.4819 1113.55
571 936.287 703.72
572 1192.37 28.0882
573 1278.9 910.532
574 453.529 1164.76
575 902.712 879.332
576 692.483 869.685
577 573.597 341.531
578 285.181 524.668
579 560.66 1059.96
580 1290.71 1208.28
581 932.932 979.729
582 657.411 997.54
583 1092.78 626.539
584 819.839 1010.03
585 682.715 83.8299
586 681.328 429.732
587 230.594 1113.37
588 266.45 1229.94
589 711.09 259.852
590 921.546 536.378
591 856.116 512.973
592 875.156 712.702
593 201.408 1069.19
594 510.279 107.455
595 1130.94 595.502
596 953.074 588.721
597 116.665 983.414
598 856.526 72.063
599 651.679 986.28
600 680.422 68.9953
601 504.709 361.953
602 267.042 1043.73
603 549.83 559.471
604 259.017 14.2236
605 225.77 37.137
606 1143.87 1199.19
607 512.957 690.576
608 1173.68 780.466
609 815.708 239.978
610 938.743 11.137
611 1286.69 1118.25
612 943.124 1099.92
613 54.8367 103.058
614 1246.77 372.476
615 990.62 795.364
616 95.3606 149.858
617 820.003 120.721
618 92.4535 1224.83
619 633.008 1250.88
620 1137.2 274.224
621 863.691 1006.52
622 778.016 180.485
623 1256.07 503.146
624 781.597 938.595
625 41.0268 871.635
626 343.896 438.535
627 961.512 106.375
628 595.953 342.831
629 665.868 637.798
630 997.172 911.72
631 679.398 1177.37
632 427.251 948.831
633 724.86 546.425
634 100.748 723.751
635 307.733 976.863
636 135.282 1086.27
637 469.691 1161.79
638 641.729 790.113
639 974.693 599.31
640 84.7559 918.737
641 997.471 1202.43
642 859.866 1120.26
643 374.987 144.208
644 805.162 119.493
645 147.893 1300.34
646 332.507 1107.56
647 472.586 1109.62
648 216.066 698.488
649 762.271 398.066
650 833.392 45.1779
651 421.732 386.028
652 862.299 661.505
653 481.156 1051.28
654 767.82 229.291
655 509.395 1285.75
656 145.313 1048.33
657 1128.4 1193.64
658 738.463 820.551
659 1096.46 864.362
660 1290.74 1293.79
661 316.862 216.157
662 1049.6 550.52
663 66.5984 1061.62
664 518.976 669.424
665 764.605 164.394
666 1257.46 392.334
667 650.876 33.2157
668 541.038 976.019
669 505.424 725.42
670 158.487 228.728
671 942.564 787.427
672 325.76 644.513
673 482.29 197.518
674 1109.69 141.685
675 1003.62 1081.11
676 214.305 700.076
677 956.731 1031.34
678 1166.2 945.638
679 760.346 642.441
680 271.182 767.184
681 798.998 671.864
682 591.699 22.9039
683 219.579 995.984
684 1231.98 186.847
685 131.228 30.2331
686 84.7968 821.354
687 1273.18 646.233
688 1256.53 1180.89
689 418.416 370.69
690 914.135 27.8583
691 227.858 86.6142
692 173.074 1251.33
693 1045.81 1214.51
694 877.378 1195.18
695 374.072 768.551
696 576.504 186.954
697 921.899 893.253
698 1233.38 309.839
699 1329.55 706.642
700 760.051 113.351
701 914.258 79.3921
702 561.477 149.858
703 1197.62 576.636
704 1107.07 717.518
705 679.235 757.112
706 2.29291 742.183
707 197.395 977.247
708 1047.41 518.208
709 1084.89 239.537
710 1268.54 542.986
711 710.066 648.198
712 1312.27 533.159
713 734.498 826.268
714 561.829 86.4913
715 923.37 753.32
716 593.017 126.658
717 518.099 998.154
718 499.364 497.046
719 1169.63 759.946
720 370.961 723.184
721 1339.77 158.759
722 322.813 612.92
723 1091.75 302.624
724 550.988 1222.53
725 179.953 455.716
726 98.3821 240.142
727 345.075 810.97
728 1145.43 220.34
729 410.841 1201.54
730 192.843 480.979
731 628.947 1032.03
732 953.074 774.39
733 45.2031 610.816
734 1339.16 809.25
735 719.884 427.767
736 1128.56 372.926
737 1229.9 1260.5
738 701.449 153.871
739 1059.39 43.9905
740 168.859 658.066
741 881.42 527.427
742 1090.97 543.953
743 957.876 123.751
744 352.498 741.609
745 625.793 326.019
746 342.537 129.074
747 114.072 1148.72
748 35.1307 483.641
749 592.955 602.709
750 667.599 606.885
751 321.451 301.846
752 581.597 780.869
753 404.167 133.087
754 760.409 1333.49
755 1273.47 336.731
756 1307.1 261.49
757 739.272 482.658
758 212.995 1318.89
759 155.602 1057.77
760 522.684 1266.06
761 1021.27 140.441
762 281.058 513.121
763 1305.74 880.601
764 699.052 30.2173
765 762.68 1006.65
766 1107.19 218.743
767 863.118 1072.76
768 1263.55 680.79
769 799.899 78.4913
770 83.1003 1033.45
771 741.962 144.346
772 28.0472 403.077
773 1161.2 191.294
774 10.1543 587.927
775 1191.67 708.633
776 37.3417 994.633
777 440.731 841.786
778 780.942 1090.34
779 1297.71 95.4992
780 661.055 666.828
781 1085.82 896.406
782 1163.74 150.898
783 759.049 238.013
784 778.935 1237.85
785 311.449 933.313
786 889.018 627.89
787 1268.38 579.575
788 997.949 1294.27
789 161.077 1219.01
790 195.441 748.488
791 1240.14 1309.17
792 841.088 756.138
793 170.781 1173.48
794 576.424 50.8945
795 588.255 1177.57
796 363.729 726.658
797 249.634 446.176
798 1171.92 99.8394
799 374.975 1043.11
800 354.05 1134.35
801 247.839 1336.57
802 1268.19 831.14
803 1084.44 486.4
804 1119.05 505.842
805 567.426 245.874
806 1078.1 1325.43
807 87.3764 1043.89
808 844.889 231.968
809 953.106 415.099
810 629.978 227.531
811 325.061 570.009
812 977.987 1273.76
813 67.1087 780.589
814 322.359 341.767
815 562.62 577.487
816 507.143 669.94
817 373.868 643.096
818 1193.99 606.803
819 479.587 217.679
820 231.454 275.027
821 200.854 353.521
822 555.95 600.759
823 1108.64 341.48
824 1045.08 532.053
825 565.033 479.521
826 82.7506 1089.58
827 364.123 18.9732
828 805.981 1037.68
829 1218.69 994.649
830 1233.05 789.105
831 201.654 307.128
832 991.216 213.405
833 1026.45 1041.19
834 954.755 132.047
835 296.891 946.737
836 409.776 1104.08
837 434.612 1326.22
838 911.474 819.307
839 696.268 334.847
840 1135.44 1259.27
841 303.934 1079.9
842 396.284 1068.92
843 202.964 734.526
844 439.362 164.491
845 986.825 509.805
846 515.005 651.801
847 158.522 405.82
848 1265.04 78.548
849 300.538 1082.35
850 145.775 423.206
851 995.083 5.07716
852 730.346 1041.33
853 968.923 256.044
854 46.4021 758.627
855 163.876 188.117
856 403.565 921.89
857 108.903 1170.2
858 702.073 906.535
859 1107.3 255.389
860 1114.48 537.893
861 879.232 201.915
862 444.736 1263.08
863 891.157 1161.38
864 58.9312 900.787
865 928.057 495.065
866 533.803 462.022
867 230.225 110.674
868 908.578 204.945
869 615.606 115.792
870 318.142 231.354
871 1201.57 34.1071
872 567.539 1333.84
873 430.249 873.805
874 1054.54 97.9401
875 808.633 1213.09
876 989.515 413.298
877 612.927 115.03
878 720.016 17.4016
879 1112.68 769.042
880 614.831 436.431
881 311.55 31.6504
882 318.882 1269.95
883 1329.73 899.165
884 10.8913 19.4236
885 659.745 1317.61
886 950.968 282.438
887 785.691 535.846
888 762.353 505.178
889 1017.48 678.702
890 91.4299 884.384
891 948.406 1050.65
892 192.482 489.619
893 1230.18 875.827
894 609.916 772.098
895 1094.21 208.835
896 1024.83 1308.27
897 80.4651 932.683
898 969.001 442.794
899 245.734 70.5071
900 1292.51 227.408
901 1188.67 239.666
902 306.628 167.014
903 580.56 936.671
904 1329.05 1264.01
905 1037.16 1174.72
906 184.765 450.287
907 1048.01 458.05
908 577.732 877.203
909 653.309 1094.14
910 1143.71 797.811
911 163.322 809.905
912 775.631 454.979
913 212.34 264.176
914 812.469 305.449
915 1203.09 1289.4
916 3.93071 296.195
917 79.5968 963.039
918 153.433 691.288
919 586.167 265.25
920 1274.89 637.512
921 105.433 613.616
922 660.81 148.425
923 171.184 654.227
924 740.204 318.772
925 1109.99 1224.05
926 685.294 697.102
927 1246.03 464.939
928 31.6913 660.614
929 1205.18 522.252
930 1007.61 722.447
931 534.302 408.277
932 532.459 54.5953
933 999.137 199.417
934 1029.6 1316.6
935 306.636 253.981
936 667.979 751.061
937 1155.14 502.803
938 570.467 1299.3
939 887.153 268.517
940 419.994 1148.31
941 1150.11 124.431
942 766.816 1015.12
943 362.198 413.134
944 602.444 472.397
945 333.028 593.219
946 708.592 858.491
947 877.49 1148.19
948 197.644 502.435
949 980.671 1263.29
950 1213.89 244.195
951 461.758 549.25
952 141.875 562.378
953 1041.11 1067
954 1068.09 287.367
955 224.91 1134.68
956 482.519 825.464
957 85.7386 707.899
958 1044.81 251.197
959 1222.75 1126.97
960 508.322 129.713
961 428.857 300.715
962 261.579 144.797
963 246.665 22.9449
964 8.14803 259.304
965 639.244 836.913
966 813.124 4.62677
967 1338.71 729.483
968 672.315 149.342
969 344.879 619.02
970 56.8315 1185.31
971 785.038 970.327
972 749.713 496.702
973 293.002 60.2299
974 233.858 24.7717
975 1222.49 670.022
976 544.444 950.412
977 1181.27 1116.05
978 189.698 956.564
979 407.369 1029.57
980 1027.93 218.942
981 556.687 1063.38
982 300.003 538.425
983 1104.78 826.693
984 821.15 1272.21
985 734.79 419.653
986 652.193 307.25
987 854.356 553.083
988 1170.78 704.759
989 760.756 408.343
990 94.2583 422.649
991 412.592 684.901
992 1140.67 997.417
993 420.995 567.946
994 534.453 770.271
995 721.369 126.003
996 457.53 340.104
997 759.487 790.211
998 535.735 1061.7
999 304.765 89.7102
1000 564.602 988.794
1001 680.066 1203.04
1002 123.039 43.074
1003 705.194 374.195
1004 716.453 1288.67
1005 1220.25 366.916
1006 203.291 766.293
1007 652.539 1190.6
1008 21.4961 859.606
1009 1030.95 89.4236
1010 106.847 791.71
1011 1096.59 267.795
1012 844.857 324.135
1013 1338.34 604.526
1014 318.297 487.383
1015 125.25 1074.45
1016 289.76 1138.88
1017 1175.02 4.05354
1018 548.825 175.572
1019 878.504 1041.97
1020 101.502 237.087
1021 849.361 1016.66
1022 444.97 1126.29
1023 174.605 725.502
1024 867.942 1207.38
1025 1078.34 139.638
1026 982.063 860.841
1027 1307.05 1016.62
1028 22.8063 447.773
1029 1080.58 942.274
1030 895.997 1215.9
1031 1014.49 343.568
1032 352.085 1225.19
1033 588.378 715.225
1034 530.113 632.23
1035 196.708 524.513
1036 756.509 544.624
1037 654.543 1049.55
1038 240.101 1253.77
1039 341.615 985.184
1040 1153.54 659.556
1041 801.745 949.143
1042 44.0273 694.384
1043 294.958 1239.52
1044 1274.25 1161.4
1045 961.687 722.406
1046 401.546 608.113
1047 1039.47 1254.1
1048 113.686 100.535
1049 1255.7 1138.27
1050 1242.27 544.813
1051 830.058 1153.56
1052 808.17 952.624
1053 832.614 355.565
1054 646.921 961.647
1055 242.476 549.235
1056 472.864 1250.35
1057 820.208 916.976
1058 751.115 893.761
1059 604.523 1214.14
1060 1214.69 1124.65
1061 1129.71 109.937
1062 479.896 653.767
1063 834.448 371.959
1064 42.0546 1233.63
1065 624.368 700.664
1066 121.834 166.359
1067 213.855 207.386
1068 722.882 323.424
1069 847.027 105.776
1070 97.4079 856.731
1071 174.989 633.105
1072 1095.6 974.176
1073 1222.29 1225.45
1074 337.713 75.052
1075 997.898 1282.11
1076 848.419 1276.78
1077 1125.43 697.342
1078 808.04 1016.7
1079 786.092 633.679
1080 645.703 1163.26
1081 745.499 1293.65
1082 856.444 613.984
1083 951.408 453.603
1084 663.921 378.781
1085 828.252 1262.78
1086 779.848 597.386
1087 285.422 937.474
1088 1242.27 1330.34
1089 231.934 156.655
1090 1273.61 957.02
1091 154.976 843.398
1092 1114.81 1304.93
1093 1196.23 254.529
1094 834.129 736.409
1095 21.6189 887.03
1096 466.469 225.172
1097 806.789 311.442
1098 380.083 187.502
1099 582.788 831.713
1100 1236.78 1075.27
1101 66.7213 575.291
1102 649.754 1266.59
1103 860.817 804.583
1104 552.881 1136.34
1105 194.079 882.362
1106 899.869 1028.9
1107 480.038 996.819
1108 101.955 1282.52
1109 879.046 680.053
1110 278.08 263.946
1111 459.603 965.112
1112 604.346 787.124
1113 1010.12 686.031
1114 61.0898 622.116
1115 1284 139.924
1116 720.831 438.847
1117 925.518 229.005
1118 853.332 1171.19
1119 197.477 575.071
1120 223.518 1005.01
1121 486.499 275.943
1122 363.667 845.512
1123 934.894 1144.47
1124 1141.86 736.476
1125 753.603 1197.74
1126 1168.88 644.324
1127 150.802 1085.18
1128 367.087 153.543
1129 82.0966 1139.05
1130 905.25 328.967
1131 941.632 1203.59
1132 562.76 1092.53
1133 634.318 517.543
1134 640.05 239.036
1135 62.6457 1020.67
1136 965.767 562.435
1137 106.457 1114.69
1138 559.962 939.194
1139 797.238 77.115
1140 285.014 1290.71
1141 781.064 340.718
1142 991.86 1182
1143 957.824 1193.91
1144 1278.3 716.51
1145 750.796 174.23
1146 680.217 1207.63
1147 679.503 200.113
1148 259.451 1160.5
1149 851.205 652.416
1150 1065.48 1245.11
1151 156.819 479.685
1152 646.192 58.6898
1153 787.71 615.458
1154 1288.04 1310.21
1155 651.269 457.764
1156 1000.78 927.786
1157 747.735 1222.14
1158 132.457 967.298
1159 290.954 758.627
1160 248.781 255.266
1161 1017.99 1268.68
1162 453.037 478.359
1163 440.035 802.482
1164 1150.1 665.805
1165 740.358 593.061
1166 1282.27 319.099
1167 681.568 1152.43
1168 580.885 498.513
1169 1280.12 292.183
1170 857.89 816.17
1171 408.916 628.422
1172 1124.14 806.138
1173 1126.56 935.688
1174 792.859 864.403
1175 1281.22 629.241
1176 445.349 728.016
1177 904.047 351.118
1178 766.44 854.781
1179 613.594 523.194
1180 1273.7 849.09
1181 653.516 1004.64
1182 909.959 754.614
1183 1292.75 637.43
1184 43.6472 505.792
1185 172.296 102.869
1186 162.101 10.989
1187 555.253 804.419
1188 46.6362 123.531
1189 314.784 1321.86
1190 827.581 1090.53
1191 2.08819 39.5937
1192 202.595 177.537
1193 902.97 85.0016
1194 187.609 192.687
1195 984.696 754.016
1196 1106.39 1242.47
1197 1144.78 912.548
1198 91.1475 1200.46
1199 929.817 1292.47
1200 371.534 1121.37
1201 811.65 847.027
1202 370.573 389.811
1203 1061.5 423.672
1204 1033.65 217.761
1205 956.201 176.227
1206 1098.06 142.898
1207 120.933 328.132
1208 1201.17 328.885
1209 696.145 1126.98
1210 609.956 1060.93
1211 242.271 364.287
1212 590.267 301.272
1213 508.794 1316.46
1214 703.21 620.151
1215 329.197 96.5638
1216 1050.5 887.537
1217 656.756 811.584
1218 342.198 1248.82
1219 350.693 531.505
1220 587.323 287.965
1221 574.457 208.712
1222 441.84 399.335
1223 388.157 1292.59
1224 290.954 324.627
1225 1035.5 44.0976
1226 521.31 894.942
1227 1216.01 1279.42
1228 255.984 325.716
1229 758.831 769.323
1230 1198.09 1071.58
1231 339.67 780.22
1232 1175.65 1001.68
1233 1039.2 114.62
1234 1294.43 899.764
1235 224.05 808.431
1236 1236.29 357.745
1237 1012.89 124.283
1238 1307.82 1242.9
1239 304.794 137.509
1240 1170.86 1187.69
1241 690.003 1019.85
1242 317.141 950.249
1243 245.587 1224.72
1244 1185.91 284.501
1245 213.732 120.337
1246 1317.9 620.617
1247 1230.14 389.442
1248 1209.42 1324.28
1249 588.664 983.005
1250 301.377 165.556
1251 465.707 244.784
1252 18.9575 1316.48
1253 1314.94 813.493
1254 55.5129 29.3732
1255 170.711 1120.78
1256 994.819 181.77
1257 1296.07 483.313
1258 203.999 873.288
1259 1211.85 1244.04
1260 1324.34 436.939
1261 71.4572 960.085
1262 540.8 1202.31
1263 647.552 854.979
1264 1048.07 361.6
1265 438.869 911.187
1266 583.086 1201.17
1267 55.831 1178.03
1268 966.831 426.646
1269 60.926 560.592
1270 166.441 1023.95
1271 867.706 1059.53
1272 637.412 500.06
1273 993.407 542.315
1274 679.194 740.734
1275 680.885 931.921
1276 295.902 233.754
1277 1101.58 1222.63
1278 1333.22 1075.02
1279 1233.55 316.274
1280 1174.97 476.926
1281 704.743 903.121
1282 1105.95 588.148
1283 636.406 484.598
1284 1138.96 1175.12
1285 673.474 936.86
1286 732.471 1240.22
1287 946.117 815.474
1288 363.836 193.628
1289 976.221 647.666
1290 416.939 1039.34
1291 1281.68 816.4
1292 513.911 760.756
1293 1335.88 409.735
1294 1023.15 326.044
1295 449.72 1067.12
1296 454.984 909.811
1297 919.172 562.378
1298 448.617 450.394
1299 1034.28 888.463
1300 508.167 419.439
1301 268.271 901.524
1302 335.352 1200.36
1303 9.33543 822.173
1304 1031.61 484.721
1305 527.393 903.26
1306 182.082 715.978
1307 864.428 573.965
1308 397.095 335.15
1309 100.683 145.78
1310 999.947 362.28
1311 898.699 362.501
1312 399.389 984.044
1313 59.9454 380.476
1314 115.71 1259.56
1315 123.256 198.132
1316 1167.34 66.2488
1317 472.299 588.255
1318 128.796 81.1937
1319 1080.06 80.252
1320 165.917 1233.59
1321 1314.07 196.372
1322 683.515 1029.04
1323 634.809 1076.4
1324 111.741 681.216
1325 509.873 780.542
1326 757.864 392.375
1327 430.29 110.469
1328 1054.11 401.562
1329 538.63 1256.88
1330 18.8756 199.499
1331 649.959 777.43
1332 163.902 895.833
1333 514.597 865.877
1334 1325.64 564.353
1335 694.057 365.613
1336 400.371 403.184
1337 806.737 782.579
1338 1162.34 1104.05
1339 433.895 186.479
1340 323.928 743.805
1341 1180.56 341.824
1342 759.446 263.071
1343 606.857 969.738
1344 109.364 250.23
1345 263.767 1039.85
1346 824.671 544.935
1347 586.576 1260.94
1348 430.167 478.17
1349 1296.07 1091.72
1350 549.832 801.921
1351 1007.2 1016.67
1352 428.406 371.124
1353 331.246 515.798
1354 869.232 597.852
1355 59.9842 41.3291
1356 420.251 892.844
1357 1288.78 1326.63
1358 121.444 1152.56
1359 1149.91 449.698
1360 288.129 975.071
1361 342.932 440.406
1362 25.263 724.97
1363 1162.69 1148.36
1364 13.9622 680.381
1365 347.824 13.5622
1366 821.805 445.455
1367 729.924 894.482
1368 843.342 1260.59
1369 1243.93 960.649
1370 723.772 1149.41
1371 361.502 326.879
1372 1335.57 522.595
1373 185.011 535.288
1374 1321.92 1187.58
1375 911.229 1338.34
1376 473.621 811.257
1377 1074.27 797.033
1378 340.499 1087.92
1379 1341.19 285.509
1380 528.271 816.564
1381 5.48661 620.765
1382 204.47 229.291
1383 440.28 525.339
1384 389.672 1012.86
1385 874.882 428.463
1386 1221.63 335.436
1387 148.838 946.85
1388 190.907 330.564
1389 130.164 945.556
1390 941.732 263.644
1391 1296.11 1255.7
1392 333.375 863.978
1393 1155.59 1161.5
1394 1107.78 817.194
1395 678.784 1316.27
1396 453.587 1052.08
1397 484.564 1027.28
1398 659.235 454.995
1399 359.902 948.447
1400 1260.65 99.5779
1401 729.269 688.293
1402 532.408 1165.92
1403 866.803 141.383
1404 1336.98 133.931
1405 619.324 1013.1
1406 1301.39 793.02
1407 835.268 1311.23
1408 791.804 648.403
1409 1278.41 232.05
1410 610.12 1298.38
1411 204.438 352.904
1412 168.91 102.485
1413 190.171 798.932
1414 1087.44 307.905
1415 14.4535 805.729
1416 615.074 1165.66
1417 173.074 777.805
1418 513.011 1119.02
1419 955.408 79.2031
1420 929.858 835.48
1421 1313.44 685.597
1422 398.171 252.728
1423 216.068 1331.09
1424 748.022 1177.9
1425 892.437 287.187
1426 1277.52 869.096
1427 1167.76 393.987
1428 1004.13 617.572
1429 1072.71 866.025
1430 826.767 97.663
1431 1258.17 478.252
1432 662.365 1255.53
1433 636.552 94.3779
1434 212.086 1286.95
1435 1130.32 707.978
1436 1326.8 481.405
1437 293.247 187.83
1438 724.685 932.192
1439 231.821 537.197
1440 701.063 1340.76
1441 1056.69 1032.02
1442 41.5591 10.9071
1443 1014.56 284.157
1444 471.196 1338.3
1445 1261.13 898.715
1446 168.775 60.6488
1447 146.46 384.759
1448 317.673 1010.31
1449 1225.68 938.17
1450 437.908 664.715
1451 1268.24 156.737
1452 953.558 553.37
1453 343.765 1278.71
1454 142.816 128.157
1455 1253.81 991.209
1456 106.784 270.809
1457 580.744 1124.77
1458 1139.29 1227.87
1459 280.431 560.346
1460 291.241 418.293
1461 700.198 536.598
1462 1123.49 829.109
1463 1086.14 328.91
1464 220.12 936.957
1465 591.899 7.32913
1466 1053.8 922.898
1467 1193.83 854.576
1468 667.808 822.869
1469 802.11 681.609
1470 1104.44 687.228
1471 543.281 963.694
1472 847.19 1194.66
1473 848.052 1225.86
1474 403.289 44.0567
1475 1203.12 838.526
1476 1096.18 530.573
1477 79.9779 1134.88
1478 238.393 302.803
1479 379.717 633.269
1480 654.217 387.011
1481 158.286 818.545
1482 416.268 441.222
1483 1054.85 1029.29
1484 532.57 1026.28
1485 511.887 1135.46
1486 1334.35 959.789
1487 1233.79 1102.17
1488 1062.39 329.033
1489 459.916 562.148
1490 327.994 602.602
1491 836.362 821.436
1492 485.647 529.131
1493 202.923 1305.01
1494 231.495 1205.27
1495 389.959 512.885
1496 732.045 229.537
1497 59.4646 330.605
1498 1097.96 1055.23
1499 1183.72 496.677
1500 973.252 593.373
1501 1271.5 1056.38
1502 813.721 107.25
1503 1179.46 616.891
1504 1210.93 1142.44
1505 923.597 671.619
1506 787.545 692.992
1507 191.417 798.605
1508 843.628 474.428
1509 247.798 821.641
1510 750.151 820.387
1511 1045.45 735.042
1512 522.989 1239.38
1513 181.55 649.156
1514 544.935 899.805
1515 288.129 863.66
1516 681.691 191.049
1517 9.2126 994.274
1518 166.893 779.361
1519 134.577 387.912
1520 1219.58 1245.23
1521 990.661 598.589
1522 1033.63 360.576
1523 842.031 496.375
1524 568.765 513.326
1525 4.42205 209.024
1526 4.50394 924.79
1527 78.8189 737.713
1528 737.79 175.162
1529 1322.78 458.828
1530 288.498 1323.27
1531 960.098 376.381
1532 1229.21 1112.6
1533 1125 239.824
1534 770.85 422.838
1535 646.11 1308.64
1536 193.271 1307.57
1537 1077.35 653.455
1538 423.042 638.208
1539 740.734 1121.97
1540 552.747 144.454
1541 484.46 1047.26
1542 462.393 1264.75
1543 1073.49 39.937
1544 1039.63 607.172
1545 569.268 622.608
1546 741.635 1250.66
1547 749.946 293.698
1548 871.266 1015.45
1549 627.357 174.072
1550 1101.19 1101.23
1551 547.364 185.005
1552 1341.19 333.88
1553 293.075 1155.56
1554 849.383 641.893
1555 569.668 105.08
1556 1266.18 14.822
1557 460.507 164.409
1558 1042.66 1198.62
1559 1231.66 738.989
1560 384.608 208.819
1561 527.698 254.677
1562 419.349 523.194
1563 1231.37 256.233
1564 411.128 952.624
1565 203.835 665.247
1566 738.441 68.2142
1567 1333.47 377.118
1568 1139.34 750.151
1569 474.372 695.997
1570 598.503 678.989
1571 890.224 307.905
1572 1341.3 921.587
1573 994.592 1122.84
1574 2.04724 748.8
1575 1102.77 27.4488
1576 841.417 244.687
1577 498.668 689.487
1578 948.471 696.529
1579 382.509 170.781
1580 59.9024 1260.87
1581 450.989 991.168
1582 1338.27 752.583
1583 557.527 558.872
1584 996.764 865.698
1585 808.334 273.594
1586 696.309 736
1587 164.324 634.564
1588 669.981 697.66
1589 62.5974 414.05
1590 482.167 379.723
1591 870.242 1110.43
1592 238.668 1110.51
1593 887.48 1215.3
1594 456.986 450.557
1595 1310.46 495.802
1596 705.931 270.573
1597 453.792 428.176
1598 985.883 983.716
1599 1078.94 965.849
1600 909.539 875.165
1601 859.556 653.071
1602 834.1 176.513
1603 1259.13 1029.64
1604 298.284 820.879
1605 975.635 657.288
1606 470.13 1085.08
1607 243.909 225.254
1608 1094.09 1172.18
1609 200.53 1102.28
1610 1258.24 1169.89
1611 1084.28 636.242
1612 692.523 134.929
1613 121.852 284.485
1614 126.982 782.579
1615 813.411 717.723
1616 1210.2 472.479
1617 192.932 604.224
1618 1300.08 109.912
1619 698.737 787.877
1620 823.156 1079.98
1621 140.441 1340.92
1622 691.477 39.389
1623 1208.85 1255.54
1624 942.697 403.594
1625 279.982 542.658
1626 252.016 1002.25
1627 199.811 823.238
1628 894.072 130.384
1629 312.983 818.57
1630 47.1685 203.783
1631 489.783 1203
1632 910.573 475.657
1633 17.5654 1222.98
1634 329.852 381.704
1635 80.3748 621.723
1636 1252.79 54.6772
1637 1025.05 940.11
1638 195.02 526.838
1639 829.42 261.474
1640 970.294 731.89
1641 190.271 1230.61
1642 947.096 493.197
1643 386.839 1177.7
1644 115.07 672.413
1645 942.697 730.923
1646 1070.34 562.639
1647 1125.56 268.639
1648 1256.72 1003.64
1649 491.412 724.372
1650 667.343 907.42
1651 647.83 1139.33
1652 401.342 155.688
1653 390.586 131.597
1654 681.12 115.276
1655 1138.05 1123
1656 1333.37 673.518
1657 89.3869 1305.65
1658 525.937 8.32756
1659 460.671 1175.42
1660 649.787 148.195
1661 499.446 411.209
1662 893.614 970.271
1663 457.367 341.071
1664 413.666 755.367
1665 1284.88 68.8787
1666 63.3827 61.8268
1667 493.877 919.499
1668 1287.63 1253.67
1669 816.945 553.017
1670 597.918 411.622
1671 789.727 373.72
1672 247.811 1069.09
1673 927.577 1244.08
1674 644.431 219.096
1675 1018.34 943.083
1676 389.726 1148.59
1677 705.603 1279.34
1678 909.612 731.357
1679 917.259 67.1905
1680 417.722 31.6661
1681 399.604 1177.58
1682 44.9596 645.594
1683 158.989 576.135
1684 648.28 92.5512
1685 736.682 519.058
1686 993.049 960.173
1687 1246.73 797.074
1688 376.449 589.524
1689 55.8509 239.241
1690 181.672 932.494
1691 428.061 1306.06
1692 292.124 287.94
1693 257.953 1183.68
1694 368.107 700.705
1695 844.725 1204.53
1696 1076.03 1322.04
1697 1061.09 307.307
1698 172.419 250.592
1699 648.158 82.2268
1700 823.483 1163
1701 506.242 1221.85
1702 150.526 407.402
1703 767.143 1134.05
1704 52.358 1219.55
1705 966.598 140.523
1706 111.137 1117.92
1707 350.529 892.696
1708 891.319 929.326
1709 723.815 806.302
1710 1126.75 706.765
1711 0.122835 553.877
1712 1115.2 1111.96
1713 1078.41 151.25
1714 1107.69 221.307
1715 1087.96 575.455
1716 1114.08 396.976
1717 506.009 1.39213
1718 931.209 617.253
1719 769.887 63.1118
1720 239.773 311.754
1721 725.953 116.038
1722 102.157 1309.74
1723 150.431 566.242
1724 175.694 425.745
1725 511.496 287.94
1726 1127.2 1192.74
1727 292.879 292.387
1728 468.123 935.304
1729 696.393 310.157
1730 1078.04 904.636
1731 395.469 1203.66
1732 0.286614 284.69
1733 1201.01 422.346
1734 261.556 153.723
1735 893.909 299.184
1736 1070.87 770.869
1737 731.194 572.425
1738 1256.72 1284.5
1739 1073.25 715.118
1740 404.085 718.762
1741 195.984 1265.07
1742 53.2283 166.129
1743 299.717 443.105
1744 928.489 1088.94
1745 1329.88 760.961
1746 1181.05 59.9937
1747 1312.3 1147.82
1748 861.075 565.449
1749 976.904 95.7858
1750 1024.31 261.31
1751 349.833 601.194
1752 885.967 748.472
1753 906.888 766.242
1754 390.586 310.035
1755 1233.4 705.808
1756 1182.28 1258.65
1757 237.194 112.23
1758 420.897 114.4
1759 52.1764 1288.1
1760 1049.46 1086.65
1761 978.042 995.222
1762 680.176 284.894
1763 1025.46 1186.64
1764 1326.22 688.488
1765 871.389 1313.47
1766 584.447 1119.51
1767 250.746 698.979
1768 477.95 487.669
1769 752.498 1003.41
1770 673.291 297.71
1771 209.599 1048.6
1772 1059.37 76.4598
1773 1275.11 162.838
1774 831.836 626.636
1775 731.112 58.9606
1776 468.983 321.591
1777 589.279 1104.9
1778 1290.99 84.5606
1779 1249.06 749.921
1780 392.234 392.702
1781 810.589 514.841
1782 870.429 960.69
1783 107.801 757.808
1784 1194.38 229.348
1785 167.447 739.628
1786 1129.97 1053.77
1787 982.853 200.646
1788 438.686 1038.99
1789 559.585 871.88
1790 667.565 628.381
1791 1114.52 414.787
1792 966.659 87.9496
1793 1157.81 621.748
1794 239.621 1032.52
1795 1006.76 208.671
1796 530.79 1027.02
1797 520.79 1110.63
1798 1026.1 1146.25
1799 1018.26 497.603
1800 867.253 1286.45
1801 55.6745 1102.9
1802 167.465 1077.34
1803 276.296 44.4
1804 1332.87 949.512
1805 135.52 838.305
1806 1263.68 1032.77
1807 1137.62 1072.98
1808 686.811 499.937
1809 974.081 527.657
1810 572.638 37.6283
1811 753.777 1078.34
1812 674.772 913.644
1813 342.337 329.197
1814 891.454 1276.72
1815 573.761 1326.92
1816 215.587 1188.18
1817 1338.99 217.991
1818 1100.93 1331.36
1819 211.235 419.496
1820 959.666 1326.83
1821 596.733 278.139
1822 215.698 1041.2
1823 1049.74 591.531
1824 1013.18 427.915
1825 279.84 491.559
1826 117.389 902.605
1827 664.576 606.614
1828 567.314 337.877
1829 694.908 655.42
1830 14.085 87.4583
1831 644.455 538.139
1832 410.882 199.172
1833 665.366 705.235
1834 1173.23 839.509
1835 877.81 124.636
1836 201.818 213.2
1837 256.983 911.039
1838 520.093 546.507
1839 174.957 268.573
1840 812.89 1265.24
1841 203.947 803.502
1842 87.9213 238.602
1843 200.098 631.836
1844 888.381 592.447
1845 545.039 1090.13
1846 611.902 1225.15
1847 167.251 596.828
1848 375.014 1254.65
1849 715.925 270.768
1850 335.83 197.698
1851 3.35748 200.794
1852 627.153 646.479
1853 1308.93 1011.99
1854 484.441 1063.95
1855 428.786 889.257
1856 52.8514 53.2693
1857 650.125 125.946
1858 611.463 746.523
1859 287.046 968.387
1860 32.2047 1169.02
1861 960.222 1.31024
1862 787.71 481.716
1863 141.342 125.143
1864 852.864 925.861
1865 85.7008 382.998
1866 699.052 514.038
1867 544.935 793.077
1868 1001.92 376.381
1869 976.742 1255.59
1870 1230.31 1047.78
1871 1075.17 198.967
1872 819.556 1167.67
1873 1002.04 123.424
1874 38.8378 1145.24
1875 382.15 441.263
1876 880.315 1053.2
1877 778.016 589.033
1878 981.748 44.1795
1879 1137.83 782.006
1880 1175.77 512.016
1881 36.5858 720.277
1882 199.649 826.677
1883 1323.34 5.81417
1884 673.625 874.91
1885 1335.13 191.761
1886 755.487 1109.36
1887 870.459 1144.75
1888 720.016 990.595
1889 695.48 738.579
1890 827.455 204.233
1891 566.312 88.4
1892 575.287 721.909
1893 1100.73 716.167
1894 684.221 1104.95
1895 966.864 921.03
1896 279.121 1226.09
1897 866.13 527.37
1898 65.6346 907.682
1899 3.64409 963.433
1900 70.7118 382.646
1901 820.874 996.557
1902 1060.47 964.841
1903 1093.69 150.031
1904 161.96 1206.87
1905 378.998 934.542
1906 72.4315 1057.77
1907 1088.15 199.852
1908 965.298 857.361
1909 190.394 1252.18
1910 97.326 1039.48
1911 1264.03 173.852
1912 19.0394 494.901
1913 654.586 1291.09
1914 1136.84 1305.32
1915 176.219 761.206
1916 647.73 1202.28
1917 141.751 190.803
1918 883.877 1045.17
1919 1191.19 871.348
1920 1336.16 775.742
1921 1258.38 978.639
1922 477.499 121.443
1923 1188.96 159.496
1924 682.072 563.581
1925 211.38 132.309
1926 702.533 328.598
1927 257.024 433.279
1928 765.178 1061.17
1929 170.044 982.145
1930 540.759 369.339
1931 595.606 1049.99
1932 1240.04 648.239
1933 527.493 1283.51
1934 733.937 1082.09
1935 881.011 704.677
1936 251.033 778.035
1937 952.787 676.098
1938 278.589 702.205
1939 1203.37 857.77
1940 1088.69 448.756
1941 791.508 314.661
1942 1006.1 1112.2
1943 852.453 143.717
1944 568.028 231.15
1945 376.038 52.1638
1946 485.524 440.935
1947 773.624 1224.62
1948 725.649 438.699
1949 796.635 78.6142
1950 495.965 1080.43
1951 361.945 1143.89
1952 972.196 97.7764
1953 1209.84 264.913
1954 634.654 487.008
1955 1230.72 1136.77
1956 284.21 278.605
1957 914.463 1224.33
1958 543.097 599.197
1959 82.9669 1043.07
1960 1083.07 986.976
1961 958.01 333.087
1962 1206.24 100.233
1963 938.336 403.118
1964 510.145 346.353
1965 1151.45 120.46
1966 1074.19 467.672
1967 118.494 459.745
1968 74.1102 31.789
1969 415.672 243.72
1970 710.476 1326.63
1971 344.389 622.787
1972 549.153 498.831
1973 52.4094 52.2551
1974 1336.26 582.702
1975 307.824 28.8
1976 482.13 172.337
1977 273.831 637.798
1978 959.953 787.042
1979 657.779 968.469
1980 305.121 352.494
1981 950.456 160.586
1982 1128.76 96.9669
1983 1291.4 1001.57
1984 732.106 549.808
1985 462.841 1254.71
1986 1290.38 1233.56
1987 236.17 1084.06
1988 1166.41 728.664
1989 1140.48 1314.33
1990 678.305 200.384
1991 631.372 927.606
1992 1248.12 1180.05
1993 1178.54 339.883
1994 1170.21 698.274
1995 828.973 361.313
1996 1249.28 427.439
1997 717.039 638.085
1998 1039.13 993.159
1999 705.789 242.148
2000 364.737 859.449
2001 634.893 1269.54
2002 956.186 804.731
2003 1157.18 90.3401
2004 484.624 824.605
2005 791.938 832.794
2006 611.512 183.597
2007 896.697 855.707
2008 110.902 108.643
2009 658.435 822.066
2010 784.198 432.46
2011 120.337 633.679
2012 189.247 675.77
2013 10.3591 599.146
2014 1327.97 540.595
2015 36.463 178.29
2016 785.294 1118.88
2017 957.989 246.627
2018 1284.03 630.239
2019 909.058 445.455
2020 1294.14 494.794
2021 121.393 524.053
2022 221.512 586.413
2023 700.239 787.222
2024 379.354 828.535
2025 583.794 1166.78
2026 1047.66 12.3402
2027 215.166 328.598
2028 466.825 308.945
2029 991.153 444.17
2030 829.576 33.3701
2031 817.055 607.515
2032 1231.66 241.427
2033 1254.98 347.228
2034 265.732 78.3024
2035 646.593 629.216
2036 447.386 73.0457
2037 1208.81 284.296
2038 175.694 846.781
2039 1220.12 1236.06
2040 826.464 406.762
2041 2.25197 335.379
2042 35.3575 1296.33
2043 461.245 871.282
2044 951.141 863.282
2045 410.126 1194.83
2046 968.715 759.487
2047 1152.19 899.616
2048 1086.05 256.724
2049 721.735 1013.11
2050 523.851 1325.88
2051 954.016 723.783
2052 1116.75 45.3669
2053 169.471 341.449
2054 1114.37 844.079
2055 92.9974 72.3087
2056 441.55 201.613
2057 121.178 939.946
2058 1333 734.51
2059 1276.47 97.874
2060 162.879 394.217
2061 1145.27 444.677
2062 1022.97 69.2378
2063 906.624 541.827
2064 30.0241 129.468
2065 614.214 1298.65
2066 1032.33 1154.85
2067 542.806 36.989
2068 809.603 16.6646
2069 120.665 983.373
2070 1267.94 24.5669
2071 663.102 408.441
2072 970.598 1090.32
2073 177.63 179.027
2074 21.9874 1027.36
2075 594.379 396.715
2076 1191.93 1162.75
2077 679.562 959.011
2078 345.904 289.209
2079 1314.62 386.699
2080 376.898 571.918
2081 629.304 51.222
2082 554.978 1312.94
2083 200.611 318.772
2084 113.388 254.145
2085 1179.06 595.471
2086 444.006 409.203
2087 1213.32 398.205
2088 1231.25 1197.49
2089 578.019 678.964
2090 230.028 960.28
2091 1338.41 27.8992
2092 309.953 120.639
2093 1026.2 36.0882
2094 784.872 465.19
2095 598.748 952.746
2096 198.05 678.17
2097 1247.66 691.15
2098 339.865 1220.91
2099 372.713 1187.11
2100 594.847 420.315
2101 465.502 1285.03
2102 813.247 1036.08
2103 889.937 1169.77
2104 977.335 803.641
2105 628.176 363.304
2106 389.398 742.167
2107 1085.65 494.876
2108 401.324 789.801
2109 77.4268 992.668
2110 1143.84 1020.77
2111 1099.01 767.609
2112 334.561 1332.51
2113 407.331 1110.97
2114 1056.87 887.25
2115 555.869 466.296
2116 305.819 571.631
2117 1294.31 392.227
2118 1065.02 853.455
2119 541.455 333.307
2120 1140.88 1006.22
2121 355.279 0.655118
2122 687.628 355.213
2123 423.3 991.808
2124 1060.14 1027.88
2125 645.209 985.477
2126 53.579 248.781
2127 47.9895 479.316
2128 118.167 1221.89
2129 287.638 193.792
2130 952.462 218.195
2131 627.082 1204.8
2132 1281.55 612.346
2133 1252.89 1269.55
2134 830.558 637.159
2135 1220.28 1214.32
2136 150.104 574.513
2137 1341.22 512.482
2138 384.718 627.332
2139 54.1008 1053.14
2140 1237.98 879.414
2141 1146.78 991.398
2142 848.296 702.491
2143 624.205 1132.13
2144 397.505 804.198
2145 917.495 465.707
2146 908.456 956.718
2147 1251.11 1293.9
2148 491.166 1029.72
2149 962.655 240.854
2150 171.755 1110.38
2151 730.989 936.261
2152 347.562 370.772
2153 975.564 700.296
2154 868.669 744.476
2155 167.833 1221.3
2156 1295.17 1045.16
2157 196.945 1295.96
2158 422.83 272.013
2159 338.052 174.973
2160 1183.76 1091.67
2161 53.4047 629.241
2162 564.529 244.006
2163 232.466 641.131
2164 1212.95 119.313
2165 262.17 130.696
2166 1193.46 99.6346
2167 49.2693 78.4504
2168 492.692 1184.43
2169 420.638 99.9055
2170 504.884 31.6252
2171 884.164 843.48
2172 17.2787 584.995
2173 1090.57 956.079
2174 433.32 935.468
2175 890.797 1053.92
2176 1256.84 1182.22
2177 1245.71 577.748
2178 260.041 716.453
2179 202.309 1112.57
2180 105.802 1188.83
2181 1151.69 1215.55
2182 397.288 1067.23
2183 72.5134 15.7228
2184 527.352 265.912
2185 982.186 475.672
2186 889.386 120.598
2187 120.4 1095.54
2188 1320.85 1293.98
2189 1118.45 1241.05
2190 479.465 343.257
2191 215.504 1234.32
2192 392.847 680.397
2193 395.609 668.835
2194 359.56 641.745
2195 800.689 223.641
2196 1299.18 911.285
2197 406.062 957.184
2198 1244.95 223.943
2199 446.176 1103.11
2200 513.348 658.23
2201 1016.09 1294
2202 973.609 1006.22
2203 378.986 842.727
2204 203.406 364.384
2205 124.986 349.276
2206 1199.6 201.203
2207 932.028 1282
2208 919.183 1106.63
2209 1153.56 683.918
2210 551.131 608.211
2211 1183.18 950.904
2212 587.395 936.368
2213 1215.48 775.757
2214 1239.77 1012.53
2215 784.444 31.5685
2216 179.362 1151.62
2217 41.305 1322.27
2218 740.488 1153.43
2219 214.92 1261.92
2220 1279.16 711.131
2221 493.643 588.107
2222 300.454 516.397
2223 162.043 873.329
2224 999.301 1044.59
2225 1146.21 1296.82
2226 887.194 419.972
2227 576.876 1135.66
2228 715.811 20.4315
2229 596.078 690.044
2230 938.612 1156.71
2231 1150.75 882.787
2232 271.364 393.619
2233 1188.88 384.529
2234 23.79 669.613
