1 859.215 505.396
2 399.206 137.604
3 24.758 220.804
4 682.295 36.2772
5 164.143 708.647
6 99.8698 72.6635
7 240.892 479.33
8 123.544 214.824
9 51.5632 598.86
10 671.114 255.151
11 204.202 671.007
12 13.6483 865.684
13 435.79 468.71
14 345.85 739.794
15 766.898 619.615
16 806.992 529.608
17 168.365 236.281
18 139.103 680.504
19 867.385 31.6367
20 521.72 722.568
21 849.415 730.158
22 581.854 369.405
23 705.346 422.742
24 70.2845 456.999
25 698.001 200.794
26 574.811 475.625
27 175.397 610.463
28 266.946 568.317
29 341.944 597.033
30 531.983 400.661
31 396.565 205.908
32 873.459 788.516
33 491.42 68.1344
34 397.102 93.0016
35 413.27 802.137
36 671.423 621.908
37 5.07716 514.461
38 719.21 749.783
39 147.784 451.706
40 141.384 108.64
41 442.234 355.622
42 790.182 465.982
43 566.007 247.498
44 787.366 774.106
45 308.277 236.336
46 582.446 890.362
47 251.866 594.765
48 614.583 537.608
49 666.912 632.519
50 256.26 756.472
51 116.202 823.347
52 342.805 462.133
53 453.724 508.374
54 364.855 522.73
55 611.58 798.07
56 334.165 162.007
57 395.051 104.71
58 842.467 278.043
59 693.881 96.3317
60 309.789 588.76
61 832.63 216.819
62 254.278 114.673
63 70.6835 539.137
64 63.7459 615.131
65 246.734 97.094
66 154.368 472.204
67 112.38 637.951
68 287.433 74.0924
69 59.137 630.335
70 342.929 546.205
71 429.13 323.821
72 881.279 57.4341
73 483.96 269.254
74 52.9827 423.672
75 500.92 671.824
76 849.237 593.921
77 423.588 61.8835
78 190.868 629.652
79 697.482 155.019
80 363.33 247.989
81 97.0121 793.348
82 832.191 862.709
83 611.252 109.732
84 211.549 277.715
85 215.179 801.346
86 228.527 773.833
87 287.078 263.357
88 504.632 0.764304
89 839.506 256.617
90 721.167 679.067
91 578.975 323.546
92 739.355 292.292
93 750.956 156.682
94 735.681 800.854
95 325.976 781.965
96 176.991 328.05
97 664.563 636.42
98 796.46 89.7333
99 108.094 456.974
100 369.76 538.098
101 531.381 480.668
102 594.11 631.099
103 861.314 632.298
104 720.401 170.795
105 95.538 50.7737
106 138.721 294.967
107 626.925 197.575
108 733.241 229.783
109 691.395 834.24
110 277.97 207.754
111 373.661 49.3249
112 318.028 715.935
113 3.221 595.068
114 836.995 406.31
115 344.838 458.312
116 112.052 842.62
117 396.084 744.651
118 728.382 893.645
119 221.621 195.962
120 673.843 356.004
121 562.963 528.899
122 74.4651 258.935
123 327.21 525.732
124 532.609 630.561
125 677.699 161.377
126 55.1811 130.396
127 603.746 381.688
128 113.718 77.1496
129 679.847 436.991
130 376.666 155.101
131 308.508 487.735
132 734.079 503.187
133 300.617 419.685
134 19.1895 116.722
135 555.185 616.85
136 389.031 682.479
137 468.548 865.795
138 359.866 402.707
139 538.289 808.143
140 642.534 514.459
141 298.788 376.395
142 643.517 460.63
143 751.538 739.412
144 634.822 228.254
145 570.532 788.516
146 655.114 278.325
147 173.056 188.512
148 345.984 340.252
149 853.73 339.024
150 547.49 128.813
151 753.783 420.288
152 542.545 465.409
153 57.1863 252.674
154 241.056 712.294
155 329.361 627.74
156 426.767 313.856
157 871.994 318.005
158 819.181 653.726
159 203.305 395.011
160 271.601 359.635
161 653.352 538.644
162 778.891 507.553
163 159.887 171.559
164 472.913 456.865
165 46.568 42.8577
166 359.223 606.093
167 238.471 708.592
168 660.141 686.154
169 866.963 307.714
170 63.7648 170.578
171 684.12 827.178
172 359.84 665.682
173 410.137 18.6184
174 755.943 595.15
175 214.379 192.525
176 444.552 892.791
177 493.896 631.506
178 252.995 500.212
179 669.094 79.4058
180 52.7916 560.292
181 478.807 422.469
182 22.7381 584.968
183 271.929 187.364
184 522.675 512.25
185 127.378 193.369
186 451.099 117.976
187 641.415 725.655
188 578.387 22.9312
189 94.61 286.696
190 390.696 489.929
191 138.57 18.8892
192 484.214 198.501
193 686.673 786.198
194 250.377 173.199
195 126.266 763.569
196 354.064 505.86
197 457.791 349.917
198 576.178 82.547
199 588.241 711.567
200 732.695 663.171
201 840.092 51.727
202 535.238 858.669
203 226.753 33.0289
204 502.877 591.135
205 296.85 140.113
206 758.081 849.579
207 230.902 629.76
208 295.047 879.359
209 318.278 704.663
210 853.006 599.569
211 515.824 758.956
212 738.123 531.574
213 778.133 135.046
214 651.842 412.878
215 810.056 791.112
216 168.12 54.5113
217 790.127 497.837
218 396.174 293.575
219 464.174 299.798
220 20.8273 746.482
221 783.303 72.3108
222 552.785 120.653
223 805.371 13.2682
224 384.966 779.101
225 742.03 881.28
226 700.657 659.185
227 120.197 142.079
228 323.462 30.9543
229 666.146 301.709
230 833.111 779.265
231 44.1386 797.634
232 425.394 195.664
233 771.183 413.571
234 793.184 125.566
235 107.828 433.879
236 434.589 444.609
237 340.657 862.272
238 887.189 833.474
239 598.931 89.1506
240 236.857 875.811
241 66.5218 275.479
242 500.592 583.412
243 796.159 189.056
244 631.045 485.281
245 804.227 567.824
246 465.988 553.411
247 769.176 181.579
248 560.481 625.94
249 780.794 49.6546
250 260.928 668.63
251 611.061 265.352
252 576.886 860.607
253 516.779 540.172
254 301.545 29.9738
255 508.926 609.451
256 719.435 758.627
257 299.032 647.994
258 448.416 832.828
259 724.792 875.322
260 734.1 609.069
261 877.195 175.246
262 652.088 292.465
263 455.698 68.4871
264 406.965 231.639
265 600.907 638.194
266 840.29 243.651
267 423.116 731.332
268 480.08 217.583
269 671.166 350.952
270 377.029 484.05
271 786.559 439.12
272 100.693 639.75
273 629.961 320.244
274 685.363 29.1276
275 243.376 616.632
276 646.41 482.822
277 279.122 11.3554
278 96.6299 391.952
279 369.468 892.382
280 754.421 61.2262
281 572.491 23.6934
282 254.511 788.134
283 526.15 320.981
284 145.982 557.069
285 359.04 383.217
286 583.727 688.256
287 847.641 449.249
288 181.959 481.321
289 789.89 693.69
290 483.326 875.322
291 390.343 214.333
292 357.785 799.11
293 873.018 226.507
294 192.504 385.983
295 345.369 881.982
296 572.89 554.121
297 827.496 304.414
298 383.912 730.022
299 621.216 585.705
300 234.259 436.663
301 170.513 96.4388
302 540.878 11.8467
303 25.9591 679.933
304 247.353 377.159
305 644.506 741.494
306 624.876 492.403
307 208.273 857.033
308 221.466 313.367
309 436.332 647.102
310 866.058 372.462
311 352.735 568.181
312 823.414 408.277
313 206.717 829.927
314 74.3685 661.178
315 510.236 467.593
316 249.778 182.505
317 477.379 517.898
318 256.873 402.87
319 558.979 291.209
320 864.687 753.686
321 882.221 641.197
322 458.772 27.0782
323 533.904 25.0856
324 111.752 539.219
325 479.914 44.5501
326 733.61 336.16
327 259.836 788.844
328 547.036 710.203
329 91.3617 817.48
330 202.851 786.226
331 501.902 638.906
332 1.36483 307.287
333 576.831 422.744
334 132.88 153.953
335 697.892 542.629
336 314.075 9.93596
337 690.368 96.3569
338 825.741 804.542
339 159.78 5.29554
340 562.665 33.684
341 847.45 772.794
342 261.174 851.765
343 472.995 839.916
344 758.654 558.736
345 668.653 596.733
346 80.7832 853.594
347 424.571 419.531
348 180.254 401.997
349 849.529 261.092
350 577.457 294.23
351 348.359 846.169
352 393.699 256.044
353 437.191 577.079
354 639.534 69.5339
355 811.882 371.509
356 601.917 878.186
357 495.624 69.8247
358 198.992 142.57
359 38.1333 890.28
360 478.209 770.748
361 720.684 357.34
362 884.327 49.2724
363 6.71496 706.902
364 214.373 535.695
365 74.4882 817.724
366 69.9884 304.741
367 671.578 578.69
368 351.689 172.271
369 194.795 469.019
370 268.852 258.744
371 241.816 423.37
372 278.072 360.615
373 135.364 82.8178
374 769.405 26.4525
375 750.538 218.539
376 510.971 607.788
377 71.6934 360.563
378 765.915 738.864
379 749.209 709.165
380 828.285 277.608
381 340.852 309.791
382 581.394 229.783
383 431.055 31.8824
384 611.763 41.873
385 587.347 305.722
386 244.254 757.453
387 481.184 394.274
388 24.7034 88.3317
389 858.505 279.901
390 590.534 437.867
391 327.614 694.045
392 403.28 260.573
393 690.358 700.157
394 491.912 442.604
395 254.896 578.007
396 7.09711 759.637
397 823.53 335.204
398 528.708 528.298
399 51.6745 283.313
400 3.82152 384.256
401 202.098 863.418
402 410.833 822.203
403 605.134 134.438
404 839.452 620.29
405 510.31 151.878
406 664.672 13.8961
407 476.395 784.367
408 716.508 375.465
409 616.141 701.249
410 707.811 775.744
411 298.528 21.1276
412 261.715 226.182
413 810.885 750.52
414 789.445 699.393
415 704.357 452.55
416 160.12 612.699
417 178.952 316.67
418 191.54 359.225
419 162.988 517.463
420 230.102 726.908
421 274.549 118.224
422 695.735 105.01
423 462.704 836.622
424 43.158 328.241
425 124.393 653.753
426 614.173 564.493
427 221.487 78.7527
428 692.08 47.2231
429 38.1606 385.757
430 130.914 548.773
431 224.132 549.155
432 770.009 471.303
433 581.846 212.67
434 135.452 514.925
435 251.311 660.932
436 887.593 824.357
437 874.154 890.67
438 887.042 686.427
439 107.74 520.136
440 160.615 589.142
441 89.6714 228.745
442 876.439 97.558
443 235.551 674.772
444 764.386 506.463
445 618.639 588.516
446 143.305 501.659
447 59.6493 167.546
448 493.745 622.662
449 782.373 79.1055
450 615.101 609.398
451 199.954 136.567
452 819.729 725.27
453 540.481 334.765
454 573.466 383.055
455 450.749 739.658
456 255.849 684.926
457 649.333 394.791
458 742.742 92.2625
459 335.88 505.232
460 698.291 315.494
461 438.677 713.426
462 114.591 321.09
463 398.457 529.037
464 57.0688 687.985
465 867.924 585.548
466 656.697 137.957
467 821.432 266.151
468 247.773 585.459
469 406.431 799.162
470 458.19 330.507
471 561.436 845.211
472 170.482 720.084
473 145.984 640.542
474 231.584 88.1774
475 312.153 291.609
476 726.48 397.331
477 338.476 774.597
478 559.416 776.533
479 743.832 867.761
480 698.438 825.014
481 57.2409 188.922
482 438.272 586.688
483 621.625 862.738
484 256.349 113.883
485 691.887 515.307
486 837.155 671.632
487 860.424 384.309
488 32.4829 729.565
489 73.8835 28.2415
490 48.5879 349.753
491 167.055 414.853
492 472.063 299.309
493 242.828 621.489
494 733.295 106.975
495 549.176 342.982
496 291.532 247.252
497 218.018 861.344
498 775.345 60.273
499 173.715 643.681
500 692.296 863.994
501 219.717 236.852
502 371.546 470.759
503 291.542 731.248
504 658.748 347.924
505 820.271 805.631
506 462.849 405.629
507 872.97 803.066
508 194.734 603.147
509 318.089 272.038
510 218.952 192.796
511 20.8546 55.7669
512 680.626 412.997
513 369.76 883.401
514 859.706 631.925
515 43.958 40.5354
516 748.789 567.587
517 384.227 9.22835
518 139.003 581.337
519 387.612 377.132
520 466.908 50.253
521 599.024 368.397
522 668.145 81.537
523 164.076 337.961
524 534.835 737.717
525 891.21 600.889
526 411.087 528.353
527 127.303 368.888
528 690.032 150.322
529 372.789 402.679
530 563.832 256.233
531 537.906 654.681
532 142.18 119.395
533 145.218 285.442
534 780.409 198.938
535 402.845 626.513
536 498.171 170.931
537 135.84 767.471
538 447.561 778.583
539 580.08 243.786
540 732.118 275.705
541 836.04 415.536
542 637.335 339.763
543 776.888 183.763
544 293.575 812.81
545 730.142 233.195
546 69.1234 327.186
547 403.509 655.773
548 507.324 491.457
549 734.633 520.491
550 150.732 433.142
551 867.635 152.59
552 456.361 359.878
553 883.028 667.074
554 512.802 685.308
555 833.174 851.572
556 390.904 333.983
557 334.793 435.271
558 811.555 155.372
559 353.497 108.779
560 536.93 305.505
561 832.002 38.6814
562 844.966 405.957
563 241.974 660.743
564 443.635 770.421
565 737.222 844.884
566 762.257 431.04
567 233.338 342.982
568 88.1428 793.896
569 796.708 619.96
570 871.179 358.925
571 129.741 755.197
572 236.579 61.4467
573 33.7092 388.43
574 318.226 161.871
575 507.101 848.078
576 742.03 797.306
577 766.026 26.9963
578 306.896 614.2
579 407.593 134.301
580 541.919 188.867
581 842.845 133.619
582 455.007 90.2425
583 477.495 151.334
584 649.659 730.266
585 195.773 820.81
586 727.372 453.724
587 211.561 31.2021
588 244.525 412.069
589 286.259 537.251
590 46.3496 569.3
591 811.5 16.1323
592 508.563 490.549
593 61.1024 270.32
594 53.0646 845.405
595 293.932 309.935
596 260.655 326.66
597 424.246 736.435
598 524.359 668.414
599 196.59 90.9249
600 558.253 140.796
601 362.343 588.415
602 93.6735 140.798
603 116.267 855.257
604 328.055 524.315
605 357.054 9.28294
606 703.076 600.088
607 549.302 285.197
608 156.582 54.2929
609 197.982 525.678
610 885.352 461.804
611 161.77 862.036
612 154.007 798.926
613 221.289 891.973
614 412.061 467.645
615 83.5255 549.182
616 661.211 33.8772
617 638.413 114.345
618 166.536 768.563
619 269.827 175.544
620 410.618 76.7601
621 16.3234 11.8488
622 640.439 217.117
623 472.554 102.444
624 41.6357 208.548
625 480.668 743.941
626 205.447 693.306
627 16.2961 160.151
628 76.3758 85.9569
629 377.358 318.062
630 199.001 387.12
631 531.546 574.65
632 716.508 135.528
633 25.7953 377.132
634 57.3774 284.624
635 404.508 377.839
636 213.459 784.431
637 624.668 463.334
638 510.583 359.878
639 826.287 389.577
640 855.803 194.654
641 549.972 347.076
642 97.2031 28.4703
643 276.869 477.01
644 788.871 647.805
645 239.001 460.577
646 786.305 834.921
647 139.076 21.3207
648 522.702 422.853
649 241.715 53.2105
650 425.554 721.067
651 116.34 491.803
652 562.203 100.315
653 121.94 688.258
654 746.098 638.449
655 88.7181 403.553
656 885.207 449.629
657 340.533 824.275
658 651.378 836.151
659 820.554 296.361
660 344.162 497.016
661 602.436 554.585
662 560.76 641.388
663 635.164 785.079
664 219.336 743.698
665 721.694 366.757
666 648.882 828.124
667 665.581 510.647
668 507.572 187.229
669 500.124 570.526
670 736.216 607.815
671 686.4 467.399
672 656.296 311.491
673 7.50656 198.408
674 74.2635 308.206
675 565.533 414.563
676 838.769 223.507
677 747.353 326.003
678 626.975 192.059
679 766.597 95.2105
680 244.141 136.703
681 782.184 506.543
682 441.337 45.2577
683 363.187 212.888
684 401.512 278.591
685 76.1029 698.874
686 394.408 832.901
687 280.227 835.275
688 65.5895 715.063
689 346.23 849.906
690 865.999 209.149
691 859.817 575.032
692 418.784 66.6604
693 43.4835 518.69
694 412.915 656.676
695 460.275 776.26
696 775.099 200.031
697 759.376 428.829
698 564.139 453.071
699 732.176 277.661
700 516.315 858.343
701 167.219 611.362
702 113.911 611.689
703 458.965 117.321
704 677.64 301.438
705 332.8 359.141
706 387.467 281.237
707 128.277 550.281
708 315.385 298.299
709 8.68031 795.343
710 607.771 593.018
711 19.1895 432.817
712 570.051 391.981
713 518.534 109.762
714 453.516 96.5575
715 803.511 227.683
716 78.9963 732.34
717 619.523 699.83
718 601.89 687.41
719 406.524 859.624
720 265.459 51.8656
721 821.398 662.297
722 132.771 886.129
723 514.486 167.301
724 368.367 503.242
725 523.276 797.715
726 382.925 241.631
727 239.053 325.057
728 226.786 470.675
729 476.357 821.664
730 763.821 392.607
731 694.509 220.283
732 266.614 811.063
733 94.948 95.1559
734 489.928 358.461
735 729.665 70.8619
736 139.677 579.918
737 748.991 255.171
738 748.199 316.67
739 595.011 744.46
740 645.51 215.208
741 501.766 706.492
742 796.46 761.738
743 571.326 881.3
744 793.648 709.711
745 615.303 760.374
746 258.717 428.613
747 459.62 550.711
748 726.944 649.686
749 431.895 77.4404
750 758.299 480.229
751 45.3753 96.3569
752 83.5905 211.605
753 13.7302 338.723
754 237.344 68.5144
755 575.385 786.142
756 673.652 789.417
757 375.704 761.249
758 258.144 171.343
759 672.697 881.652
760 687.028 628.013
761 667.183 745.088
762 23.6661 286.614
763 876.817 539.192
764 134.891 672.262
765 54.3433 78.1795
766 141.396 255.798
767 878.051 9.39213
768 115.435 884.136
769 673.816 578.797
770 849.006 134.602
771 586.003 404.672
772 445.644 683.099
773 519.863 517.107
774 95.4562 720.302
775 492.766 697.864
776 44.7664 750.902
777 7.04252 478.156
778 576.019 217.226
779 505.178 599.135
780 356.985 345.222
781 293.329 331.681
782 486.098 813.466
783 829.434 753.279
784 597.148 633.963
785 603.116 535.179
786 112.298 491.723
787 343.07 247.009
788 470.032 455.935
789 155.78 358.022
790 791.045 183.979
791 739.819 680.233
792 884.374 712.659
793 459.307 183.926
794 487.244 501.994
795 686.7 300.674
796 887.185 235.679
797 500.115 227.745
798 593.864 674.664
799 241.411 840.655
800 710.667 279.381
801 301.136 411.168
802 824.548 745.09
803 81.9822 774.595
804 315.931 645.594
805 212.094 25.2241
806 526.99 875.158
807 716.487 387.068
808 844.256 814.066
809 568.743 67.2882
810 31.4184 447.691
811 321.457 446.683
812 81.5076 873.791
813 838.358 255.225
814 824.657 851.519
815 585.138 5.70499
816 32.126 598.123
817 174.299 142.243
818 471.958 152.042
819 187.404 872.508
820 310.9 437.43
821 47.1433 550.463
822 76.294 310.553
823 808.006 629.898
824 707.863 68.8966
825 839.752 487.41
826 337.904 204.481
827 390.232 290.984
828 504.124 79.4058
829 613.489 158.129
830 193.573 209.203
831 76.0756 719.513
832 505.424 786.362
833 396.533 124.447
834 63.2735 627.112
835 748.932 257.134
836 194.398 371.782
837 69.0646 506.279
838 689.879 645.646
839 648.267 237.837
840 2.3748 494.998
841 73.6966 141.751
842 275.75 486.209
843 688.678 327.75
844 684.105 148.195
845 8.7622 690.494
846 768.674 579.124
847 492.05 2.34751
848 696.781 378.633
849 408.739 265.734
850 414.717 446.518
851 694.719 844.204
852 520.983 59.1265
853 885.875 67.5611
854 774.417 402.979
855 852.227 144.401
856 365.802 552.51
857 516.836 254.843
858 28.4703 424.764
859 427.437 660.523
860 58.3055 697.375
861 379.04 893.911
862 869.067 514.158
863 515.685 515.551
864 285.713 388.021
865 223.229 549.781
866 179.12 634.755
867 404.172 206.062
868 513.386 403.773
869 416.846 25.0058
870 448.256 760.485
871 429.048 160.013
872 167.601 31.8551
873 673.516 58.2236
874 103.555 117.432
875 393.671 322.045
876 30.8451 660.252
877 815.685 138.776
878 282.247 84.5942
879 268.052 667.977
880 295.349 599.952
881 593.864 210.568
882 69.8226 127.887
883 313.493 638.44
884 516.097 297.317
885 822.389 861.453
886 271.246 687.221
887 91.8803 206.144
888 814.509 567.225
889 44.9575 329.77
890 717.382 167.712
891 517.352 612.92
892 641.279 14.085
893 183.2 163.097
894 75.5024 745.688
895 876.682 479.057
896 534.935 186.984
897 1.25564 79.6787
898 652.264 663.227
899 515.441 267.124
900 860.899 335.559
901 591.952 105.774
902 541.728 268.517
903 324.256 358.597
904 293.14 376.611
905 735.425 682.305
906 621.961 314.759
907 761.329 550.602
908 513.621 749.428
909 675.723 869.396
910 17.4425 808.061
911 890.297 117.566
912 239.2 594.385
913 732.099 37.915
914 820.099 79.0331
915 649.289 0.573228
916 35.7585 386.001
917 558.816 565.613
918 603.964 96.8777
919 195.166 114.375
920 587.832 126.303
921 888.462 879.116
922 340.88 647.666
923 810.408 550.52
924 258.371 10.0199
925 190.555 317.732
926 875.059 666.366
927 821.178 362.61
928 312.873 843.628
929 118.795 345.766
930 291.773 136.185
931 109.76 423.124
932 771.574 840.243
933 208.409 205.625
934 745.333 490.137
935 309.361 782.923
936 630.824 808.361
937 151.578 810.874
938 887.88 295.604
939 716.947 627.796
940 490.381 323.821
941 481.484 876.302
942 407.145 387.939
943 225.373 4.8042
944 202.814 276.353
945 70.4273 837.352
946 589.669 844.367
947 600.47 289.319
948 63.4919 152.533
949 496.365 709.575
950 740.365 641.879
951 582.354 545.577
952 10.0997 251.54
953 373.409 425.117
954 32.1638 640.651
955 462.551 248.019
956 891.903 268.819
957 597.913 256.588
958 170.658 532.831
959 236.907 551.009
960 454.597 190.448
961 278.977 244.825
962 887.595 117.323
963 685.119 190.014
964 211.553 114.782
965 122.293 402.242
966 700.691 161.159
967 874.089 185.974
968 320.216 685.31
969 266.524 861.264
970 392.892 605.795
971 162.415 286.614
972 141.806 732.804
973 397.466 722.543
974 279.389 507.635
975 770.992 430.469
976 481.566 560.59
977 461.886 363.945
978 636.747 793.596
979 3.958 525.161
980 583.194 424.107
981 337.604 479.712
982 178.274 440.378
983 421.869 134.872
984 689.957 396.403
985 168.802 500.346
986 643.435 369.243
987 628.752 293.438
988 888.233 522.402
989 240.155 343.992
990 420.613 495.597
991 173.854 654.272
992 542.41 435.162
993 10.2635 261.503
994 718.392 691.586
995 694.853 557.617
996 668.466 523.003
997 153.568 700.296
998 576.04 143.719
999 333.484 128.105
1000 722.841 789.144
1001 94.4735 234.944
1002 374.4 421.68
1003 785.05 317.323
1004 777.571 21.8373
1005 781.957 145.791
1006 72.063 352.781
1007 44.3822 568.479
1008 276.01 875.294
1009 238.847 586.685
1010 752.976 246.272
1011 806.41 364.519
1012 206.971 851.435
1013 56.4304 185.428
1014 361.98 146.749
1015 236.197 151.96
1016 61.6357 0.382152
1017 659.54 717.629
1018 832.899 630.442
1019 780.191 817.915
1020 162.975 842.864
1021 775.332 386.604
1022 60.4892 388.185
1023 683.362 474.797
1024 394.392 93.5727
1025 831.588 429.76
1026 186.217 174.016
1027 153.079 680.315
1028 16.378 486.4
1029 767.227 420.531
1030 62.0451 376.995
1031 87.4037 188.185
1032 334.098 318.906
