1 101.612 320.899
2 350.939 235.269
3 290.163 351.607
4 396.906 84.0325
5 266.409 369.964
6 279.626 342.814
7 279.34 268.341
8 174.096 177.007
9 432.227 343.446
10 258.131 148.25
11 167.465 331.271
12 430.213 162.524
13 75.3249 305.394
14 431.528 360.549
15 331.376 225.565
16 90.5564 229.141
17 241.493 201.929
18 283.134 106.498
19 120.534 121.684
20 237.765 30.9911
21 120.433 74.8336
22 205.721 309.382
23 427.533 3.30289
24 266.506 248.319
25 55.7123 267.111
26 404.869 212.219
27 110.057 240.005
28 445.394 363.045
29 354.886 14.6719
30 209.31 411.073
31 197.565 248.196
32 175.108 185.291
33 39.4982 329.756
34 321.972 158.677
35 75.6609 36.4136
36 141.161 64.2971
37 117.566 342.108
38 182.491 343.596
39 376.666 335.695
40 275.625 83.6367
41 304.002 91.7438
42 106.88 287.133
43 203.218 228.391
44 260.901 407.458
45 425.994 431.914
46 342.27 115.406
47 84.1312 373.146
48 320.66 73.7165
49 188.647 272.993
50 357.083 159.712
51 89.3963 95.4425
52 102.416 13.7596
53 139.896 389.631
54 356.969 311.483
55 248.276 304.045
56 146.282 271.712
57 388.485 123.367
58 264.149 105.511
59 432.379 63.5695
60 272.705 442.261
61 343.446 256.533
62 102.545 198.473
63 28.3066 149.845
64 380.883 71.1895
65 211.685 381.661
66 186.791 62.9186
67 264.971 40.0325
68 223.518 49.4635
69 355.255 378.892
70 306.268 137.55
71 71.285 422.335
72 277.661 294.185
73 178.547 398.164
74 166.25 114.539
75 133.931 441.545
76 279.534 171.573
77 15.7638 203.346
78 121.513 32.1848
79 135.719 60.2184
80 413.788 407.445
81 383.744 281.673
82 264.625 125.264
83 144.087 278.646
84 393.188 41.9979
85 325.573 241.986
86 131.883 228.079
87 379.233 75.6661
88 11.3417 250.378
89 73.8236 190
90 399.03 395.816
91 295.467 207.44
92 245.174 161.216
93 133.48 189.957
94 210.483 50.9785
95 193.642 267.318
96 213.433 4.54488
97 412.434 318.783
98 127.966 117.88
99 27.0919 83.4478
100 27.2147 141.233
101 81.8625 377.921
102 286.56 360.752
103 80.6562 218.482
104 307.025 268.858
105 292.906 192.484
106 297.096 320.587
107 368.176 174.63
108 102.226 153.68
109 299.607 414.362
110 65.6598 434.96
111 251.592 329.649
112 381.183 94.105
113 312.464 37.3438
114 400.427 42.1732
115 83.8478 282.793
116 322.441 43.1695
117 298.175 436.106
118 51.5664 303.538
119 289.424 357.137
120 382.448 137.998
121 298.324 0.709711
122 40.4672 355.438
123 167.495 21.4163
124 215.397 400.864
125 258.191 431.206
126 10.7003 323.412
127 85.9569 220.42
128 166.425 209.392
129 156.068 424.355
130 373.213 108.791
131 85.0005 404.399
132 169.239 363.524
133 411.491 148.098
134 90.3108 443.012
135 147.838 258.795
136 104.737 410.966
137 181.058 85.9454
138 308.37 432.844
139 108.982 371.932
140 212.982 58.6488
141 291.656 171.329
142 424.198 28.2814
143 153.977 427.815
144 36.3454 100.181
145 252.356 238.915
146 91.8488 170.701
147 140.318 31.9255
148 181.992 86.8031
149 365.474 309.703
150 368.792 255.301
151 151.625 50.4052
152 73.0247 373.581
153 60.4073 121.784
154 227.96 137.004
155 301.015 320.789
156 93.6 139.827
157 419.294 233.006
158 236.607 339.067
159 117.596 54.7024
160 47.1255 418.525
161 398.518 270.646
162 41.7207 239.68
163 416.023 427.57
164 28.1953 18.4525
165 57.6766 192.375
166 400.441 194.531
167 219.082 11.8761
168 224.992 367.619
169 427.623 285.154
170 141.331 32.7968
171 272.927 283.571
172 337.222 355.308
173 291.513 259.361
174 88.5743 299.336
175 0.0409449 175.435
176 147.156 283.15
177 294.805 122.891
178 37.3281 22.0304
179 317.863 444.309
180 191.076 124.925
181 156.301 341.114
182 163.031 129.072
183 262.242 345.547
184 321.513 382.33
185 443.879 203.607
186 393.011 310.198
187 272.527 156.261
188 92.6173 172.885
189 158.88 310.294
190 136.087 378.849
191 303.756 212.995
192 339.474 417.394
193 361.693 375.669
194 115.574 358.556
195 299.88 176.24
196 119.654 332.199
197 27.4877 446.015
198 439.976 265.475
199 15.8457 58.8882
200 398.407 256.235
201 374.682 128.951
202 398.394 138.776
203 289.576 140.659
204 335.696 91.6913
205 402.379 393.108
206 234.818 197.943
207 146.571 188.103
208 218.433 203.36
209 67.9612 91.7732
210 263.176 319.113
211 269.254 128.389
212 50.8829 65.0068
213 257.921 228.215
214 360.467 193.86
215 336.076 226.589
216 337.659 337.504
217 239.159 15.7774
218 49.7239 265.91
219 337.042 210.227
220 52.3958 356.698
221 154.007 304.55
222 86.8777 173.156
223 303.606 53.1055
224 425.445 329.172
225 320.762 64.0924
226 12.4336 357.014
227 56.6394 135.12
228 328.692 147.593
229 1.17375 393.919
230 170.114 208.48
231 416.924 19.369
232 347.649 299.104
233 436.887 279.71
234 6.29186 404.372
235 214.328 169.719
236 402.788 30.422
237 89.1506 94.5438
238 376.412 129.727
239 345.979 302.776
240 405.368 372.271
241 42.3779 230.451
242 208.265 14.5627
243 259.399 144.538
244 274.454 92.9312
245 25.4005 139.936
246 139.417 105.338
247 110.591 138
248 39.4215 339.381
249 68.3097 422.387
250 167.37 399.665
251 4.28556 27.0782
252 344.797 184.757
253 39.7711 103.304
