1 1130.24 862.039
2 1270.44 254.361
3 360.219 1107.68
4 843.7 468.252
5 1396.77 610.94
6 843.79 1329.21
7 985.527 239.989
8 792.823 1400.03
9 1536.07 611.281
10 692.548 642.239
11 830.41 157.108
12 1104.11 1395.35
13 774.337 805.635
14 1457.09 1536
15 1303.63 923.124
16 469.9 1346.52
17 1256.58 576.568
18 1198.05 854.758
19 1205.99 365.808
20 1296.39 26.3817
21 392.038 909.186
22 1361.02 1122.56
23 778.355 445.048
24 1128.17 355.397
25 499.551 747.388
26 1347.23 1498.9
27 1010.78 447.932
28 1176.14 111.153
29 39.7144 578.233
30 435.301 157.534
31 1064.2 1393.27
32 624.654 1508.3
33 895.382 1413.89
34 694.009 1300.93
35 224.579 327.88
36 1244.08 1527.07
37 254.03 17.4085
38 209.165 458.584
39 278.899 589.806
40 212.047 657.037
41 115.881 1438.25
42 1103.49 1010.76
43 954.094 1052.31
44 813.543 24.1694
45 282.383 1217.44
46 69.973 722.86
47 121.176 85.4904
48 472.055 1241.46
49 689.284 462.446
50 472.746 782.658
51 1155.25 1030.55
52 768.758 762.574
53 716.514 1182.07
54 598.159 988.889
55 115.553 1101.65
56 186.941 504.979
57 998.253 27.7769
58 570.121 1066.85
59 1176.45 545.516
60 729.754 1439.17
61 596.077 361.837
62 1368.49 504.751
63 1337.25 808.614
64 847.007 378.682
65 1201.22 1319.13
66 755.521 1458.52
67 406.424 1095.32
68 1418.28 13.6405
69 602.658 378.894
70 822.987 758.224
71 737.037 1298.12
72 642.097 233.417
73 1461.63 1159.67
74 416.245 366.895
75 785.543 560.493
76 204.529 1474.31
77 1269.92 1029.69
78 266.675 1451.8
79 495.674 925.677
80 1109.92 893.574
81 1446.86 503.485
82 135.739 246.145
83 1463.41 328.022
84 1351 1545.75
85 1430.09 835.658
86 788.095 1493.07
87 820.011 1391.81
88 1253.34 604.898
89 1365.29 775.812
90 249.654 735.058
91 379.793 45.1614
92 1064.39 1074.28
93 126.909 1093.29
94 247.411 508.392
95 523.994 406.279
96 1098.34 1300.03
97 952.579 1208.65
98 762.99 1231.11
99 809.465 1350.34
100 372.039 1406.72
101 1176.78 1516.72
102 663.989 1434.79
103 842.371 1481.22
104 74.6537 422.165
105 1122.35 1387.46
106 1445.79 624.945
107 100.799 1257.3
108 1135.73 480.98
109 375.301 113.612
110 448.3 1371.57
111 1284.34 1137.72
112 1361.4 300.686
113 1344.29 1069.56
114 1522.86 819.11
115 1013.19 27.1855
116 651.695 534.112
117 338.653 157.875
118 438.923 103.541
119 1218.51 1073.85
120 752.399 107.57
121 1454.87 849.227
122 304.383 794.052
123 1228.82 164.531
124 1305.75 882.086
125 700.912 65.1978
126 661.292 30.5048
127 1319.3 985.258
128 676.548 297.963
129 906.379 147.19
130 66.6162 1392.61
131 1207.27 1478
132 743.191 364.522
133 418.845 503.9
134 216.113 305.069
135 368.824 252.055
136 274.724 1402.97
137 1103.64 1047.85
138 445.936 423.857
139 837.738 1507.5
140 546.168 1415.11
141 1028.44 847.062
142 630.421 127.205
143 550.281 692.922
144 384.095 649.057
145 159.661 351.984
146 246.135 1090.03
147 314.406 851.459
148 868.673 1168.12
149 291.622 1081.47
150 162.167 393.504
151 254.125 117.867
152 1233.04 1197.67
153 167.557 199.906
154 373.647 832.642
155 86.8929 82.0765
156 1183.77 383.528
157 1020.85 200.369
158 799.888 1416.96
159 722.944 408.974
160 614.675 910.548
161 261.926 1004.17
162 1211.58 1352.02
163 537.319 192.237
164 1495.2 725.176
165 551.295 1117.11
166 997.884 344.296
167 1361.4 435.748
168 1447.45 175.264
169 418.325 254.976
170 1509.1 44.7831
171 177.526 1387.12
172 1028.56 163.917
173 531.834 683.608
174 65.7179 1002.93
175 1028.19 849.747
176 299.371 1431.75
177 742.964 521.252
178 632.689 329.11
179 242.305 359.473
180 267.225 986.738
181 1502.43 205.38
182 1099.43 399.839
183 1159.33 535.332
184 1023.41 1359.96
185 578.98 1134.6
186 107.791 292.715
187 674.578 277.647
188 1349.39 1361.27
189 492.083 1466.98
190 544.174 184.966
191 1397.1 325.8
192 1168.55 1123.83
193 1098.1 826.438
194 880.242 1381.5
195 816.368 1186.37
196 171.285 1201.79
197 683.743 696.194
198 1051.96 675.628
199 1229.67 223.309
200 1147.79 1484.89
201 1535.77 1218.74
202 1394.36 1358.2
203 1134.8 1207.63
204 911.288 495.636
205 1357.71 1459.21
206 152.534 964.692
207 852.398 703.679
208 1140.47 1106.14
209 1214.88 1427.55
210 1363.4 870.219
211 1378.47 391.622
212 540.92 1144.72
213 494.796 1164.67
214 394.638 625.408
215 1017.07 1032.39
216 1456.65 160.002
217 192.52 1284.58
218 946.338 371.307
219 392.133 560.257
220 1344.24 664.413
221 911.857 771.925
222 315.818 1128.93
223 399.508 289.821
224 15.5075 1068.79
225 1312.23 996.028
226 585.362 538.981
227 959.061 97.7027
228 755.378 966.857
229 859.29 339.521
230 1306.73 84.923
231 1310.62 741.099
232 1447.49 1420.27
233 1265.94 586.497
234 270.372 617.9
235 423.195 1356.96
236 805.73 1298.73
237 607.037 276.498
238 206.515 1236.44
239 515.295 791.688
240 861.803 1051.96
241 1265.58 1467.22
242 255.922 833.577
243 417.721 1065.77
244 1539.75 1231.44
245 372.937 1005.91
246 772.051 451.752
247 589.706 761.429
248 820.568 179.907
249 100.509 47.4682
250 1375.64 161.836
251 498.419 660.56
252 915.654 1326
253 399.136 965.77
254 259.468 621.247
255 1138.86 372.323
256 639.639 1387.18
257 449.908 631.531
258 639.639 803.849
259 805.81 1537
260 238.523 885.111
261 188.466 1235.93
262 755.33 793.825
263 1098.31 7.28098
264 1261.41 1447.41
265 1248.07 24.9633
266 737.837 1338.59
267 866.392 1018.96
268 1086 809.806
269 1050.49 1413.34
270 196.683 1522.03
271 1151.81 664.507
272 69.4076 1508.27
273 1269.2 205.191
274 487.874 891.566
275 1383.56 423.205
276 572.949 21.4174
277 1470.28 1170.31
278 1105.53 141.956
279 628.859 758.735
280 353.366 897.83
281 598.565 739.066
282 613.493 1418.57
283 528.013 628.443
284 1165.62 1430
285 835.752 617.323
286 953.713 1228.84
287 849.608 25.9089
288 763.616 690.993
289 465.455 130.878
290 1296.26 932.495
291 267.13 39.5253
292 1020.57 311.002
293 1003.38 1155.37
294 217.288 801.154
295 1256.87 452.792
296 20.5191 468.214
297 827.715 11.215
298 1177.41 585.268
299 480.639 209.541
300 229.114 1026.76
301 854.334 502.529
302 1221.88 750.082
303 418.459 129.497
304 166.331 1181.06
305 679.78 1133.11
306 1477.57 325.668
307 1233.98 1110.94
308 79.1452 136.069
309 1385.68 740.542
310 27.7528 973.334
311 168.124 1101.23
312 107.985 1048.94
313 782.658 532.315
314 900.359 1347.7
315 1360.05 365.146
316 617.276 867.145
317 206.751 1417.76
318 234.714 1021.66
319 1219.56 0.851023
320 1466.45 704.411
321 713.643 1155.79
322 534.159 71.4771
323 1214.84 507.068
324 1349.2 1304.71
325 593.329 1288.17
326 612.454 1225.86
327 887.952 946.716
328 1283.86 655.865
329 188.079 1027.89
330 306.699 422.165
331 1054.93 1449.43
332 373.457 1492.6
333 1075.08 1423.43
334 362.888 385.949
335 142.736 651.137
336 1254.12 1226.29
337 1458.94 506.274
338 816.322 353.232
339 1458.04 1519.94
340 1225.95 158.253
341 331.048 717.507
342 1035.93 225.342
343 767.058 254.939
344 665.114 1023.12
345 1226.99 939.176
346 1222.31 1082.13
347 256.347 859.912
348 1441.54 641.729
349 169.404 770.909
350 644.756 26.8072
351 23.6395 1221.51
352 644.89 576.876
353 531.003 854.532
354 881.518 1309.94
355 981.324 119.626
356 1522.29 1352.13
357 548.768 1326.37
358 1361.42 572.029
359 374.403 761.335
360 1295.17 739.87
361 768.76 551.274
362 571.982 181.845
363 214.836 237.53
364 1048.41 630.807
365 467.259 910.936
366 530.235 1160.8
367 161.6 476.692
368 760.996 379.698
369 1018.15 66.6635
370 77.5297 830.315
371 1365.28 1155.36
372 1451.56 34.1596
373 79.0531 1434.36
374 1303.25 1145.91
375 1122.69 418.004
376 119.143 76.9472
377 135.549 1070.12
378 1333.03 1377.33
379 1091.48 1338.81
380 1069.69 314.784
381 987.142 1266.06
382 995.745 226.136
383 807.857 1318.9
384 1372.05 693.263
385 1383.81 1484.48
386 866.294 1443.08
387 1387.78 987.873
388 1427.95 250.92
389 1235.73 944.598
390 367.871 65.7179
391 1269.44 54.0025
392 1255.59 310.964
393 828.613 1221.79
394 826.296 320.741
395 327.741 1104.23
396 1166.23 11.3943
397 1327.41 171.789
398 1125.15 662.593
399 1198.1 776.805
400 451.129 375.254
401 952.153 734.207
402 241.927 1192.25
403 454.467 1297.39
404 549.95 793.532
405 1250.01 398.932
406 1341.14 501.149
407 1336.06 482.682
408 117.961 1484.75
409 1260.28 237.776
410 560.013 49.1801
411 834.641 109.924
412 165.808 439.752
413 408.018 343.161
414 352.419 233.663
415 568.107 1470.81
416 8.98302 61.7937
417 1144.11 120.703
418 946.075 1057.92
419 984.823 978.119
420 623.327 1213.58
421 1481.64 1107.81
422 551.038 1196.92
423 496.241 416.775
424 671.836 576.757
425 206.867 1354.21
426 525.311 1141.18
427 638.696 814.122
428 1208.69 137.497
429 514.585 345.161
430 61.2264 327.691
431 975.899 1381.92
432 1148.98 492.01
433 180.854 44.5467
434 151.388 809.607
435 1443.54 966.063
436 602.666 96.8748
437 424.663 673.963
438 1174.28 32.694
439 196.161 1324.86
440 156.399 1162.83
441 1289.25 645.359
442 183.068 480.97
443 641.955 376.341
444 691.362 953.855
445 918.209 263.085
446 965.205 191.291
447 72.5483 503.569
448 228.452 270.162
449 798.638 557.099
450 354.644 274.039
451 550.99 1020.81
452 828.652 86.6625
453 1212.19 1178.95
454 240.272 1367.36
455 112.619 1238.72
456 189.97 547.832
457 514.294 350.348
458 784.123 141.743
459 1029.93 1131.1
460 416.106 792.114
461 1215.24 713.971
462 1149.46 1188.88
463 514.349 1387.36
464 959.815 1239.7
465 1543.32 197.106
466 1005.53 1503.91
467 1126.8 1157.6
468 1352.38 864.649
469 1048.47 784.322
470 1476.62 942.556
471 1540.01 248.32
472 433.691 1441.4
473 140.156 982.696
474 916.216 1529.48
475 39.0354 966.016
476 1273.25 1087.99
477 721.999 1268.47
478 1419.89 363.86
479 720.673 602.988
480 1217.53 1418.25
481 403.803 540.693
482 679.307 1075.76
483 560.162 312.893
484 1029.17 1168.03
485 174.688 927.862
486 224.339 171.68
487 630.608 1291.86
488 337.102 573.552
489 588.447 1335.63
490 66.5217 310.34
491 133.847 1108.32
492 1496.51 1420.65
493 1326.75 87.7598
494 300.742 188.322
495 448.584 593.494
496 797.288 1359.37
497 305.746 1315.64
498 1046.94 1275.03
499 313.318 998.345
500 163.491 938.689
501 738.416 517.006
502 1054.86 520.353
503 741.809 1127.56
504 916.41 107.806
505 941.232 739.87
506 311.552 1180.47
507 14.562 1161.25
508 1090.78 617.995
509 1026.49 879.06
510 91.7896 809.191
511 551.179 1170.77
512 327.195 530.849
513 419.188 149.506
514 250.695 1508.44
515 1426.36 1447.45
516 751.974 714.964
517 319.276 685.178
518 220.226 38.3532
519 1527.28 746.962
520 1514.93 337.299
521 900.527 176.564
522 110.113 1360.83
523 477.532 1204.3
524 583.566 1355.82
525 887.251 679.778
526 65.2464 619.072
527 74.0035 418.42
528 902.372 84.3227
529 153.137 284.866
530 1452.55 1468.17
531 948.761 1343.26
532 1061.55 640.83
533 1189.21 1044.92
534 1464.94 655.96
535 1488.16 471.041
536 624.417 1404.21
537 1274.63 841.908
538 294.549 362.205
539 330.86 1467.31
540 647.345 193.608
541 1362.84 1226.84
542 724.147 991.3
543 1241.29 914.009
544 942.981 1175.5
545 1120.84 637.237
546 1494.44 1449.82
547 176.497 1299.18
548 925.51 721.961
549 1322.3 311.333
550 343.08 781.807
551 756.702 11.9242
552 791.077 225.332
553 663.231 160.948
554 1036.87 1326.33
555 424.9 1434.8
556 1049.66 255.648
557 936.478 479.221
558 1505.43 1185.91
559 1032.39 841.105
560 121.607 931.634
561 1425.27 265.803
562 293.461 609.191
563 288.639 239.421
564 1092.95 152.049
565 680.771 723.663
566 996.832 762.895
567 492.507 162.082
568 528.013 960.333
569 15.2711 1099.59
570 1317.05 185.325
571 912.592 629.663
572 843.979 1278.85
573 1312.23 967.576
574 657.415 975.344
575 268.736 60.858
576 388.223 1285.57
577 479.646 1055.55
578 606.969 1232.52
579 497.964 944.116
580 1001.33 559.917
581 856.651 285.897
582 682.666 288.223
583 36.8777 1293.93
584 971.727 990.638
585 890.524 864.46
586 556.711 520.968
587 886.487 269.491
588 351.069 37.1141
589 892.274 45.4923
590 845.728 669.259
591 1079.62 279.193
592 507.249 1029.42
593 10.5432 1243.26
594 1254.5 565.373
595 936.171 1109.83
596 1382.72 380.512
597 1022.84 1007.05
598 387.189 374.318
599 268.274 1143.78
600 1327.36 602.194
601 369.678 1238.3
602 1164.63 569.203
603 1171.15 292.137
604 269.89 705.414
605 975.946 1526.04
606 913.152 1038.32
607 1395.87 54.3237
608 1293.93 1053.98
609 1232.97 1399.71
610 1293.74 1338.19
611 808.519 1420.7
612 202.356 617.976
613 992.097 810.42
614 131.483 1185.66
615 854.971 522.245
616 626.441 1461.45
617 1336.67 353.515
618 695.333 1221.89
619 631.131 948.192
620 1062.74 609.532
621 129.518 686.36
622 453.909 745.118
623 67.7036 865.207
624 455.77 399.092
625 842.108 834.438
626 504.971 309.347
627 348.21 1361.59
628 1362.2 811.569
629 919.872 1182.03
630 256.888 1359.61
631 751.217 304.95
632 682.58 118.066
633 200.085 831.166
634 1371.61 566.167
635 845.436 780.861
636 1133.2 1378.57
637 798.496 1311.29
638 73.8972 151.671
639 1007.89 695.958
640 1495.07 299.806
641 615.715 61.5101
642 1099.5 1532.51
643 401.636 1216.92
644 829.086 109.697
645 1090.24 1066.44
646 1074.13 679.495
647 1389.82 1285.33
648 1179.75 1021.8
649 422.202 971.727
650 210.155 123.824
651 1022.19 471.609
652 318.897 349.251
653 976.455 141.97
654 531.078 1353.85
655 1388.56 118.775
656 320.789 1049.56
657 1017.32 1015.8
658 1079.9 1259.62
659 1481.23 141.876
660 813.92 945.591
661 1209.21 192.804
662 587.159 36.4522
663 1270.91 804.511
664 9.78677 1413.61
665 746.036 135.171
666 374.831 1270.98
667 268.261 1346.7
668 1019.52 1074.84
669 797.6 205.012
670 763.75 1406.91
671 813.059 641.223
672 1124.77 847.062
673 1181.74 595.868
674 793.201 569.051
675 237.533 1371.09
676 1498.04 185.807
677 1034.82 1202.69
678 893.141 392.946
679 1276.96 185.817
680 1449.81 592.974
681 889.556 463.345
682 520.638 805.541
683 1270.55 474.313
684 39.3362 256.83
685 636.222 883.268
686 1241.03 346.485
687 1102.45 1431.94
688 1375.16 1025.97
689 677.745 303.967
690 811.025 1150.31
691 1482.91 1188.93
692 1164.34 164.446
693 616.614 717.507
694 968.228 1122.12
695 477.944 869.368
696 671.744 426.42
697 596.143 820.339
698 1219.66 272.658
699 561.774 135.762
700 1393.75 1422.19
701 1103.73 893.111
702 74.89 341.922
703 430.149 1513.46
704 67.2137 1064.92
705 676.705 19.4415
706 1202.27 454.163
707 484.138 555.87
708 438.714 556.106
709 693.606 1053.58
710 1318.5 672.98
711 1219.8 619.167
712 615.046 252.764
713 1121.11 378.327
714 1360.55 762.527
715 830.156 1205.3
716 1193.28 756.796
717 1405.62 702.861
718 1379.91 123.446
719 889.415 827.147
720 381.714 644.471
721 1332.66 394.449
722 938.255 1487.14
723 1233.37 952.683
724 1463.38 972.247
725 87.1667 307.655
726 413.26 740.24
727 966.242 461.16
728 368.514 433.795
729 984.161 516.817
730 344.192 1186.33
731 1522.51 766.583
732 192.439 295.92
733 1002.37 1291.57
734 1400.93 1046.2
735 676.705 1091.86
736 199.16 53.577
737 1403.67 1326.79
738 79.618 1538.22
739 853.853 1067.94
740 689.565 849.085
741 1193.75 827.857
742 261.595 434.637
743 932.317 1462.63
744 1095.39 263.732
745 1284.81 106.047
746 1235.35 582.441
747 1035.41 1117.92
748 1258.62 1406.93
749 1094.65 1538.32
750 130.172 10.3167
751 397.853 486.951
752 1360.12 454.967
753 423.765 1338.49
754 646.21 1335.07
755 1534.49 806.922
756 305.948 217.531
757 1162.99 1131.58
758 242.052 1544.29
759 49.1702 112.146
760 1455.49 1484.14
761 570.469 1022.41
762 306.274 89.6884
763 1104.11 516.486
764 819.252 1274.61
765 1521.77 1047.99
766 1160.25 1288.87
767 981.561 986.724
768 405.182 251.771
769 1384.9 895.891
770 921.706 58.4138
771 450.049 1410.83
772 1048.4 936.845
773 1183.16 243.44
774 1157.49 448.31
775 358.039 1058.4
776 344.411 1361.12
777 577.497 637.18
778 1189.73 1418.38
779 904.78 688.63
780 645.797 508.023
781 630.372 1263.12
782 1383.39 1151.4
783 348.402 1107.94
784 1071.88 300.563
785 1205.99 1301.83
786 106.786 1327.45
787 1212.35 90.7285
788 45.7201 1544.62
789 686.87 1143.6
790 1094.51 763.273
791 51.4987 1394.7
792 224.292 956.04
793 482.247 235.365
794 1015.21 1491.76
795 734.906 130.075
796 334.594 1126.57
797 780.485 994.998
798 1383.01 1325.53
799 353.175 1298.57
800 1034.51 157.307
801 113.281 895.05
802 510.236 1265.14
803 1157.85 318.803
804 617.004 901.801
805 994.988 1106.83
806 1539.61 1426.55
807 696.423 338.282
808 1438.94 1290.43
809 727.91 147.771
810 901.99 399.343
811 1203.11 695.239
812 1312.8 1301.81
813 253.977 313.271
814 655.713 469.859
815 325.917 330.102
816 811.879 1042.83
817 1418.37 251.808
818 805.685 1159.66
819 900.004 583.424
820 711.599 253.794
821 526.027 726.159
822 647.96 497.858
823 447.733 723.937
824 1363.67 1269.16
825 647.262 826.485
826 410.524 847.005
827 998.062 317.81
828 654.342 681.126
829 419.49 810.515
830 993.203 1368.11
831 1185.2 1.32381
832 369.129 700.26
833 173.262 603.527
834 51.0351 434.731
835 906.245 875.065
836 1044.58 738.83
837 809.751 354.782
838 1511.9 859.439
839 97.2531 791.026
840 736.429 1282.17
841 421.777 1118.16
842 772.268 1418.99
843 772.93 621.436
844 526.406 614.165
845 1260.55 87.75
846 607.198 1187.84
847 960.135 1289.59
848 1258.06 182.781
849 697.508 1463.9
850 854.144 194.364
851 786.487 1253.79
852 988.085 1029.34
853 480.454 63.1176
854 1460.83 1243.44
855 108.508 602.997
856 1428.77 95.7874
857 988.194 763.567
858 846.106 796.7
859 1543.66 337.383
860 554.3 1096.87
861 1219.19 1229.8
862 685.736 892.97
863 1284.05 1446.98
864 988.038 1180.37
865 81.7861 1346.74
866 732.92 1436.91
867 596.683 85.0176
868 1052.76 958.158
869 167.604 171.822
870 991.407 435.97
871 535.24 372.275
872 1082.5 1120.04
873 34.5623 217.115
874 1133.33 182.544
875 169.543 1265.86
876 1297.39 147.416
877 751.142 339.275
878 539.588 1504.37
879 786.037 1497.09
880 1215.45 430.06
881 842.324 932.438
882 1380.51 67.4672
883 801.097 608.066
884 1297.54 436.868
885 546.067 1287.23
886 1364.05 1335.16
887 167.407 880.677
888 853.625 979.301
889 920.952 381.992
890 1469.67 843.08
891 1446.27 1006.91
892 392.085 233.369
893 303.668 1205.99
894 141.837 103.116
895 203.016 741.903
896 42.8821 671.954
897 573.035 977.022
898 145.735 29.8902
899 562.857 1491.09
900 231.384 909.035
901 936.194 21.8429
902 1105.07 98.9649
903 1503.63 14.5718
904 1510.57 426.079
905 388.634 1307.08
906 766.205 668.016
907 557.515 332.608
908 745.78 940.192
909 1392.75 25.5405
910 1246.99 1270
911 67.3254 94.2745
912 1409.1 1434.97
913 1537.47 666.186
914 158.958 502.412
915 1416.15 913.645
916 1195.45 230.391
917 490.426 1099.36
918 248.18 1161.61
919 256.16 245.709
920 1461.46 451.61
921 373.836 687.863
922 399.721 50.3049
923 98.6714 831.119
924 933.697 476.867
925 257.096 473.358
926 251.904 202.648
927 1324.2 201.125
928 1089.5 255.553
929 800.257 658.135
930 644.887 1245.95
931 1440.74 233.427
932 259.507 458.134
933 1172.66 788.436
934 1375.63 1189.97
935 67.1191 194.516
936 104.82 947.908
937 1318.27 1184.15
938 335.256 1017.97
939 779.774 220.661
940 99.9873 746.972
941 1363.53 955.614
942 375.963 440.178
943 1107.98 498.321
944 1513.11 1077.77
945 1209.82 1061.6
946 391.851 1284.12
947 882.606 1148.76
948 596.768 426.505
949 361.543 1124.5
950 426.525 77.3486
951 1192.33 478.842
952 1356.32 790.128
953 746.634 1020.19
954 1208.26 421.361
955 488.629 1369.5
956 776.511 170.924
957 405.04 1180.8
958 1396.2 205.191
959 687.769 1363.82
960 393.174 1469.29
961 1456.34 401.315
962 1249.82 1350.48
963 1014.47 682.531
964 1380.98 270.271
965 602.052 51.1087
966 1262.82 737.563
967 567.919 1242.69
968 1124.64 647.166
969 1228.97 1241.55
970 810.129 1378.57
971 160.512 1337.77
972 725.923 743.946
973 1049.22 1239.66
974 692.544 799.962
975 1340.88 786.559
976 89.9721 1413.65
977 93.1896 78.2094
978 157.912 959.481
979 949.411 607.938
980 743.323 325.399
981 671.41 939.663
982 170.157 213.333
983 248.832 1301.19
984 241.076 928.608
985 1192.33 849.983
986 523.759 738.05
987 1142.17 1064.49
988 591.075 511.428
989 578.27 1474.37
990 117.236 479.089
991 1047.47 547.483
992 188.513 178.053
993 1477.05 524.041
994 329.015 1145.35
995 1233.09 332.76
996 890.549 117.971
997 988.333 309.252
998 83.2112 1063.12
999 35.6011 561.013
1000 1266.12 1373.6
1001 1475.08 1069.6
1002 337.053 304.855
1003 444.943 274.701
1004 511.039 1452.94
1005 176.918 1004.49
1006 704.222 838.116
1007 612.758 1533.03
1008 410.063 754.849
1009 1324.35 725.224
1010 530 77.6091
1011 209.635 173.089
1012 170.029 849.567
1013 1246.61 73.4815
1014 1099.72 584.332
1015 381.779 1272.95
1016 998.82 220.912
1017 665.642 1328.55
1018 1313.23 124.401
1019 38.6743 767.822
1020 1054.09 859.297
1021 1375.92 31.4406
1022 409.2 1041.99
1023 894.378 580.597
1024 947.437 283.816
1025 877.878 148.314
1026 445.505 319.323
1027 477.143 213.039
1028 243.498 383.859
1029 138.265 200.7
1030 293.65 1221.6
1031 325.235 1328.27
1032 263.581 199.329
1033 446.267 11.735
1034 1097.73 816.415
1035 651.316 1158.9
1036 963.926 166.375
1037 1126.58 1153.05
1038 1516.13 1369.39
1039 751.787 1435.36
1040 538.702 564.096
1041 294.598 1266.71
1042 974.092 933.582
1043 1076.02 876.885
1044 122.926 1289.55
1045 907.136 1426.56
1046 340.74 399.555
1047 204.246 490.436
1048 1367.17 1141.66
1049 190.062 1498.27
1050 915.181 1334.65
1051 778.781 236.064
1052 916.741 1526.59
1053 1024.96 496.393
1054 402.866 1350.43
1055 1417.74 875.987
1056 505.224 158.338
1057 1262.3 707.068
1058 506.825 580.786
1059 395.684 1529.24
1060 611.649 350.858
1061 611.879 140.844
1062 593.177 94.1326
1063 836.367 586.176
1064 260.602 1068.28
1065 942.34 1006.2
1066 1457 686.208
1067 874.001 657.142
1068 646.829 1105.76
1069 1202.71 395.158
1070 984.56 889.65
1071 1148.31 1384.72
1072 776.37 455.581
1073 804.075 877.084
1074 840.645 920.581
1075 1414.46 858.588
1076 830.563 1085.95
1077 331.38 881.518
1078 470.9 1331.48
1079 1142.92 1246.49
1080 1111.45 936.835
1081 976.455 1280.98
1082 999.624 411.281
1083 176.871 595.953
1084 1012.84 665.037
1085 665.973 1032.91
1086 1199.69 681.018
1087 570.753 192.568
1088 1508.16 375.689
1089 1309.11 1104.87
1090 1490.18 563.624
1091 1363.99 580.114
1092 1525.01 1313.52
1093 1484.89 868.658
1094 1381.92 914.519
1095 1358.33 529.299
1096 862.701 746.962
1097 578.176 85.717
1098 336.393 766.64
1099 162.019 168.503
1100 1126.57 995.329
1101 576.891 852.678
1102 449.001 184.682
1103 1539.16 415.026
1104 854.144 887.948
1105 1462.91 1117.39
1106 1410.38 487.211
1107 468.973 26.5807
1108 132.429 1425.95
1109 7.99016 1023.07
1110 58.8624 1453.07
1111 591.369 447.165
1112 1021.61 909.933
1113 1546.61 1077.5
1114 1188.64 552.03
1115 974.556 677.33
1116 1140.65 580.313
1117 774.148 260.848
1118 469.481 545.705
1119 125.951 1372.23
1120 862.418 912.722
1121 959.954 1412.08
1122 407.309 536.192
1123 72.329 1137.63
1124 273.559 639.459
1125 607.784 1381.73
1126 332.365 1163.25
1127 178.216 227.186
1128 849.985 1017.19
1129 955.966 1392.23
1130 991.82 1203.16
1131 632.464 165.524
1132 678.786 1171.72
1133 1357.33 646.977
1134 512.053 777.845
1135 1275.33 23.8858
1136 1455.25 1395.49
1137 1061.9 1479.99
1138 66.8459 720.628
1139 1274.45 1430.2
1140 142.918 269.538
1141 1072.71 289.547
1142 19.3844 919.588
1143 746.442 300.246
1144 1104.84 343.908
1145 880.1 544.57
1146 79.0033 1520.45
1147 1171.68 978.299
1148 912.46 825.361
1149 482.388 1048.71
1150 61.3708 175.594
1151 1318.95 420.226
1152 1432.7 992.445
1153 365.651 480.98
1154 684.084 226.633
1155 1508.72 377.382
1156 1297.09 1381.87
1157 494.114 528.958
1158 203.064 570.327
1159 1091.72 1349.63
1160 603.236 1090.41
1161 701.527 165.382
1162 524.278 718.983
1163 366.082 578.233
1164 177.627 688.903
1165 799.773 847.691
1166 204.399 895.665
1167 453.359 329.607
1168 131.483 686.327
1169 666.45 1439.55
1170 744.79 88.0907
1171 1067.3 301.073
1172 520.306 665.784
1173 395.161 255.449
1174 437.662 1247.93
1175 268.025 1503.43
1176 1257.86 1007.42
1177 21.4647 550.811
1178 173.413 584.984
1179 1209.3 1327.93
1180 410.902 401.447
1181 734.149 185.854
1182 1350.42 1534.97
1183 1328.54 822.845
1184 1219.99 62.2764
1185 275.779 443.478
1186 17.8242 380.275
1187 402.328 1073.61
1188 1067.62 277.055
1189 284.904 317.867
1190 438.09 706.964
1191 525.991 863.326
1192 691.875 374.413
1193 1194.99 510.907
1194 454.919 445.473
1195 1211.57 1525.89
1196 260.938 377.784
1197 962.727 375.254
1198 1156.54 280.294
1199 879.233 53.1417
1200 61.4089 169.08
1201 1299.7 1121.22
1202 381.299 1307.08
1203 310.109 111.778
1204 953.335 1062.98
1205 1469.1 936.845
1206 197.816 780.176
1207 1443.27 214.174
1208 119.569 1013.91
1209 648.485 444.149
1210 278.145 1445.05
1211 452.792 1411.71
1212 721.62 272.517
1213 962.933 85.8588
1214 1045.53 446.069
1215 1128.84 910.406
1216 51.4869 694.624
1217 1071.2 1022.15
1218 1105.01 46.3576
1219 1035.27 958.087
1220 465.738 991.452
1221 950.265 738.698
1222 757.505 774.337
1223 630.75 189.221
1224 1445.92 1094.6
1225 758.64 158.489
1226 123.635 630.986
1227 133.301 559.642
1228 417.486 1137.34
1229 1022.65 454.919
1230 787.717 401.551
1231 1305.56 1501.25
1232 1388.16 1216.92
1233 1436.45 80.0907
1234 40.5182 1382.45
1235 265.33 580.729
1236 1287.83 1362.92
1237 250.201 729.374
1238 1018.63 1285.28
1239 661.812 91.7214
1240 1475.4 1423.24
1241 119.616 390.109
1242 444.435 267.174
1243 1503.49 113.621
1244 528.344 1379.99
1245 192.183 4.63335
1246 644.792 770.885
1247 1034.69 816.179
1248 312.704 1528.07
1249 856.002 1523.63
1250 414.468 1274.97
1251 1169.83 884.27
1252 31.2042 890.464
1253 1070.16 1454.54
1254 1012.12 699.163
1255 137.866 947.104
1256 1207.62 121.554
1257 1278.24 332.855
1258 1180.66 743.331
1259 934.293 231.961
1260 819.425 718.926
1261 214.792 904.543
1262 1164.01 45.8705
1263 655.971 146.376
1264 1429.57 1108.04
1265 306.75 653.894
1266 489.953 298.095
1267 349.149 1499.51
1268 801.191 731.218
1269 595.454 0.0945581
1270 933.194 81.8499
1271 1220.37 319.049
1272 1084.82 427.46
1273 207.275 530.273
1274 909.602 1267.36
1275 1191.48 1372.68
1276 430.712 757.032
1277 1121.03 64.0159
1278 1349.63 632.405
1279 1414.45 1201.15
1280 1411.42 1489.1
1281 1039.71 432.708
1282 266.087 291.107
1283 852.111 841
1284 268.072 1117.25
1285 403.793 389.164
1286 934.045 1536.95
1287 1175.68 353.468
1288 496.241 1318.86
1289 975.173 787.575
1290 852.208 1233.56
1291 1155.82 807.432
1292 36.1212 1366.09
1293 219.044 14.231
1294 549.099 690.266
1295 1034.28 365.364
1296 852.238 141.563
1297 1483.95 527.209
1298 1279.28 1396.62
1299 1500.45 1522.72
1300 1083.49 783.509
1301 1119.01 563.132
1302 142.925 707.673
1303 5.76805 1038.06
1304 964.54 644.461
1305 363.815 1384.52
1306 1181.56 1518.08
1307 850.989 912.354
1308 300.695 1149.4
1309 1294.02 985.296
1310 49.0757 588.554
1311 310.852 1451.71
1312 1425.41 277.812
1313 1375.87 392.605
1314 690.653 223.214
1315 56.6797 872.393
1316 262.684 826.982
1317 351.142 1204.81
1318 984.097 1210.72
1319 711.219 862.843
1320 50.0803 470.663
1321 1526.3 547.454
1322 702.626 725.97
1323 401.457 1186.05
1324 311.694 816.283
1325 834.996 345.705
1326 1474.68 260.626
1327 912.336 11.215
1328 44.9624 1306.32
1329 1362.96 1521.69
1330 999.621 44.3576
1331 291.118 1019.44
1332 805.657 1097.11
1333 1401.02 1535.22
1334 536.811 527.706
1335 130.126 813.815
1336 550.424 1299.56
1337 113.453 1473.37
1338 1190.5 211.631
1339 1083.12 1421.64
1340 1079.19 1317.44
1341 732.873 1487.08
1342 1446.69 1321.84
1343 1044.16 800.303
1344 955.18 300.222
1345 112.896 772.918
1346 348.675 1349.59
1347 707.439 1543.86
1348 1479.13 349.534
1349 795.955 1004.87
1350 179.519 414.505
1351 1177.49 1450.22
1352 1169.9 1045.49
1353 932.309 1078.77
1354 826.875 1429.82
1355 424.567 468.867
1356 951.491 101.555
1357 204.671 879.84
1358 697.839 1065.59
1359 1415.03 300.847
1360 140.75 1451.29
1361 103.856 1122.31
1362 1004.81 827.62
1363 306.888 20.7082
1364 318.708 1426.51
1365 414.637 960.342
1366 1479.13 1281.13
1367 635.848 613.73
1368 269.303 154.555
1369 447.358 923.999
1370 758.008 1525.55
1371 360.457 607.64
1372 232.143 237.162
1373 157.25 1142.41
1374 966.384 611.224
1375 406.168 882.795
1376 733.575 1366.7
1377 1518.56 1160.32
1378 1286.64 1156.92
1379 1268.5 1473.93
1380 622.003 1486.24
1381 1080.57 1236.99
1382 218.949 554.489
1383 639.213 907.39
1384 156.636 517.999
1385 1069.31 226.041
1386 1388.44 1177.77
1387 509.056 1465.9
1388 1472.92 729.8
1389 1539.91 1255.03
1390 474.871 786.828
1391 298.993 991.499
1392 1219.56 688.44
1393 1543.02 64.8196
1394 705.859 1521.54
1395 1410.76 1265.43
1396 267.886 1044.44
1397 555.955 1061.33
1398 727.798 666.692
1399 1084.96 710.983
1400 190.393 669.093
1401 119.838 357.808
1402 1285.14 1175.55
1403 1479.74 1128.22
1404 637.429 1344.81
1405 73.9917 447.875
1406 470.469 494.35
1407 636.329 261.973
1408 949.647 571.708
1409 1370.15 195.429
1410 56.3106 243.497
1411 1535.62 1336.48
1412 1262.02 142.32
1413 480.639 1490.39
1414 502.907 252.622
1415 382.866 938.027
1416 270.72 382.687
1417 963.172 970.498
1418 148.882 987.481
1419 475.868 421.092
1420 433.218 1478.42
1421 269.822 60.3754
1422 360.267 14.0044
1423 864.972 415.441
1424 885.633 113.659
1425 1332 1465.32
1426 87.2508 531.369
1427 1489.47 896.279
1428 632.547 859.496
1429 1049.11 582.346
1430 166.576 661.68
1431 1444.99 966.219
1432 536.145 212.86
1433 1449.4 1374.03
1434 243.298 74.4645
1435 1428.49 123.503
1436 902.137 312.822
1437 889.556 1229.16
1438 740.913 986.407
1439 900.146 273.037
1440 189.731 143.076
1441 907.468 1405.1
1442 711.315 392.804
1443 994.515 1391.86
1444 1457.19 1056.89
1445 391.234 1232
1446 430.334 285.954
1447 1529.57 625.701
1448 604.227 665.179
1449 871.826 417.143
1450 117.441 622.912
1451 690.085 784.256
1452 1449.98 404.104
1453 816.415 366.91
1454 504.095 95.9061
1455 680.404 1104.82
1456 85.2914 1509.38
1457 943.284 446.939
1458 204.86 1302.49
1459 1473.35 440.168
1460 598.47 1414.22
1461 1512.52 174.044
1462 1350.62 51.8651
1463 1040.42 236.679
1464 1004.37 500.506
1465 1062.15 200.237
1466 851.223 893.338
1467 1439.38 703.276
1468 94.9783 1485.33
1469 513.482 704.364
1470 1380.5 358.007
1471 1023.56 481.821
1472 99.7588 124.769
1473 522.67 813.399
1474 1198.61 613.73
1475 1259.52 349.061
1476 1304.32 1294.98
1477 1112.71 74.6537
1478 142.122 754.584
1479 401.967 594.913
1480 280.436 1256.78
1481 816.067 79.0604
1482 1374.69 725.143
1483 289.679 1070.93
1484 310.313 1416.86
1485 464.28 688.241
1486 1167.09 1283.56
1487 1360.85 23.3657
1488 711.27 699.778
1489 1322.3 887.523
1490 294.295 854.863
1491 391.849 422.486
1492 364.874 807.385
1493 379.011 906.387
1494 763.91 631.317
1495 888.85 1160.24
1496 885.537 1098.88
1497 1459.81 547.303
1498 900.855 835.857
1499 483.724 298.189
1500 780.672 1211.57
1501 939.435 1172.48
1502 940.003 1452.61
1503 1347.93 1173.81
1504 1322.08 1522.44
1505 513.072 437.993
1506 1327.5 211.551
1507 759.775 923.691
1508 658.219 1355.52
1509 101.319 52.007
1510 110.55 1283.21
1511 965.679 1023.24
1512 1176.88 944.778
1513 787.007 1355.93
1514 132.639 394.969
1515 781.83 1191.43
1516 1228.64 1312.89
1517 67.6024 1522.73
1518 1059.17 1284.53
1519 895.938 797.031
1520 1214.55 819.229
1521 401.969 176.139
1522 254.099 855.146
1523 681.859 428.798
1524 1525.78 84.5823
1525 1170.16 635.346
1526 480.024 672.318
1527 1535.18 287.703
1528 148.46 1266.18
1529 258.959 1346.85
1530 146.33 1101.52
1531 1012.1 898.69
1532 595.622 726.301
1533 550.707 458.749
1534 1304.15 443.714
1535 415.252 592.748
1536 1123.78 61.8651
1537 587.332 956.371
1538 55.742 1044.06
1539 1020.2 384.672
1540 1413.98 642.475
1541 862.938 517.952
1542 1160.98 1499.79
1543 1027.47 751.478
1544 1517.25 315.078
1545 1075.88 1092.83
1546 26.098 332.996
1547 619.538 1435.07
1548 801.705 418.798
1549 64.4531 391.859
1550 183.388 852.867
1551 441.445 681.065
1552 1225.65 1140.9
1553 746.53 476.62
1554 625.666 1044.36
1555 1305.04 1029.21
1556 1381.5 227.081
1557 256.208 1416.07
1558 622.665 1270.58
1559 777.071 674.625
1560 149.234 1071.58
1561 645.513 1328.13
1562 65.597 1010.32
1563 1365.23 536.145
1564 72.9043 445.96
1565 624.353 329.498
1566 67.8927 950.12
1567 1222.07 375.538
1568 723.086 621.068
1569 234.126 93.0925
1570 493.121 999.905
1571 609.581 1245.61
1572 200.043 249.397
1573 1052.96 16.8885
1574 586.544 17.6351
1575 1230.65 902.662
1576 1111.39 1247.55
1577 1387.32 904.969
1578 151.624 156.612
1579 1287.36 1327.31
1580 868.989 981.608
1581 452.177 137.96
1582 594.346 1482.48
1583 1061.27 446.551
1584 1240.98 1544.48
1585 871.923 1453.5
1586 880.478 1253.79
1587 475.391 471.76
1588 400.542 520.458
1589 563.992 719.54
1590 727.542 1008.19
1591 72.6207 625.455
1592 140.592 1154.98
1593 1308.59 763.935
1594 129.261 1227.23
1595 1548.11 1297.73
1596 518.805 354.451
1597 524.422 1066.28
1598 1203.17 953.099
1599 1156.64 176.99
1600 154.736 1339.99
1601 1130.3 1548.02
1602 59.9499 860.583
1603 950.64 1459.13
1604 200.274 403.017
1605 990.621 1467.5
1606 684.743 1086.96
1607 347.56 497.943
1608 1548.05 145.43
1609 843.222 25.1623
1610 4.63335 25.8242
1611 232.275 91.0122
1612 110.181 1030.68
1613 1394.07 574.535
1614 903.314 1218.85
1615 505.747 49.2648
1616 575.088 840.112
1617 794.206 328.921
1618 1141.61 1309.54
1619 1508.49 1150.09
1620 752.872 592.227
1621 1510.85 518.945
1622 918.852 883.798
1623 1314.75 97.915
1624 841.474 1365.7
1625 77.7753 280.848
1626 769.035 1240.18
1627 597.607 565.988
1628 1139.35 925.772
1629 1034.37 925.687
1630 1546.25 1498.65
1631 1482.96 742.092
1632 1128.18 1473.46
1633 1357.62 101.66
1634 495.913 610.846
1635 927.332 1109.79
1636 157.251 778.024
1637 392.133 1455.91
1638 1072.48 197.731
1639 978.062 1336.16
1640 167.88 576.095
1641 732.752 827.015
1642 891.447 1182.92
1643 602.714 998.581
1644 390.517 1462.87
1645 732.147 787.906
1646 317.053 223.276
1647 80.3271 260.177
1648 748.714 747.151
1649 1216.82 716.666
1650 398.584 840.821
1651 1432.37 1021.24
1652 569.335 1302.16
1653 1338.66 1469.92
1654 1320.03 948.513
1655 900.176 220.141
1656 201.834 1118.01
1657 661.617 311.768
1658 454.068 911.493
1659 1064.09 1361.84
1660 545.79 497.007
1661 1426.83 1252.39
1662 97.161 790.941
1663 336.727 1478.09
1664 1026.05 398.492
1665 1306.84 51.544
1666 195.151 838.315
1667 1492.22 1392.3
1668 204.293 1104.68
1669 776.883 706.217
1670 631.897 259.468
1671 1239.09 435.582
1672 1075.84 591.65
1673 1100.09 888.516
1674 444.376 1002.28
1675 417.761 1444.09
1676 527.871 1538.98
1677 861.519 518.888
1678 357.43 953.96
1679 1211.72 657.983
1680 202.733 768.484
1681 878.209 1124.34
1682 949.885 722.519
1683 1392.37 939.256
1684 1332.32 442.306
1685 1181.31 1450
1686 142.31 1238.52
1687 274.052 1390.58
1688 820.927 966.536
1689 712.347 608.765
1690 316.675 451.893
1691 1394.5 422.448
1692 144.296 417.805
1693 1149.54 475.117
1694 1372.65 1206
1695 1401.16 1160.1
1696 731.884 130.751
1697 1433.05 1028.37
1698 1546.26 577.098
1699 827.641 979.717
1700 590.09 633.644
1701 1397.47 315.351
1702 673.919 3.87688
1703 1041.34 178.573
1704 214.411 1520.35
1705 771.587 225.247
1706 452.776 779.642
1707 393.125 1406.93
1708 1149.89 725.923
1709 1426.46 1389.15
1710 1158.43 1270.35
1711 1102.32 1213.8
1712 87.4688 894.804
1713 654.768 508.071
1714 1240.46 534.642
1715 549.288 841.851
1716 1361.94 1070.3
1717 532.884 1514.11
1718 476.673 1159.06
1719 253.759 443.109
1720 950.262 939.908
1721 805.627 1031.73
1722 592.218 468.725
1723 730.123 837.984
1724 304.572 827.157
1725 111.958 1013.66
1726 692.036 178.725
1727 572.618 1232.6
1728 1362.3 1304.68
1729 42.5039 1425.38
1730 152.664 949.978
1731 676.717 1527.82
1732 424.54 35.28
1733 242.318 997.551
1734 1392.04 347.984
1735 233.486 1081.65
1736 874.145 541.355
1737 796.021 1305.24
1738 1167.89 264.678
1739 1053.64 1527.11
1740 403.341 867.666
1741 151.198 294.038
1742 460.348 859.013
1743 498.132 1179.75
1744 1060.66 946.537
1745 285.463 1275.55
1746 704.836 494.397
1747 1285.05 246.702
1748 1053.71 333.531
1749 396.145 342.736
1750 893.321 1495.97
1751 1184.58 1483.14
1752 627.518 951.68
1753 7.42281 1343.68
1754 1038.53 1096.38
1755 1282.11 837.738
1756 917.018 1356.2
1757 92.8586 481.585
1758 964.438 1365.38
1759 256.359 431.479
1760 602.376 235.781
1761 1315.26 214.647
1762 353.063 117.262
1763 563.371 263.439
1764 700.564 49.0855
1765 1378.37 1267.37
1766 150.773 1532.56
1767 620.443 1192.47
1768 1147.18 648.716
1769 168.172 56.1203
1770 1381.64 995.896
1771 1545.77 1323.53
1772 1514.29 765.458
1773 386.506 900.345
1774 729.705 1147.23
1775 137.771 99.9578
1776 1188.78 1163.07
1777 768.372 449.728
1778 1009.12 683.703
1779 348.089 938.821
1780 102.548 1059.96
1781 638.127 939.823
1782 347.69 589.334
1783 94.7787 651.09
1784 618.696 685.76
1785 1388.26 248.121
1786 1400.6 1400.97
1787 950.073 1195.27
1788 1286.99 966.762
1789 1009.69 593.315
1790 422.336 194.469
1791 1486.45 223.545
1792 443.194 833.152
1793 320.883 1252.33
1794 811.644 1042.51
1795 1272.11 283.958
1796 48.1774 1326.77
1797 1468.16 782.847
1798 1207.6 1050.78
1799 70.2116 1234.48
1800 497.993 1215.03
1801 612.817 476.809
1802 1154.74 298.709
1803 54.56 231.739
1804 422.58 1389.73
1805 879.175 64.9142
1806 767.008 1280.99
1807 1407.69 1499.6
1808 614.866 370.205
1809 1125.76 105.158
1810 445.18 1523.25
1811 372.798 779.216
1812 663.763 253.047
1813 1240.83 35.8947
1814 1260.13 126.282
1815 1524.69 502.823
1816 381.241 632.982
1817 656.99 926.254
1818 465.888 1391.61
1819 911.505 1381.73
1820 1236.21 301.319
1821 545.222 878.502
1822 330.323 471.666
1823 665.389 406.742
1824 558.301 150.158
1825 1222.02 1270.53
1826 967.606 1513.08
1827 1360.65 1261.88
1828 66.8053 612.5
1829 1092.69 1154.51
1830 1166.33 989.125
1831 552.645 387.026
1832 710.379 1130.83
1833 1523.36 356.768
1834 1176.68 1419.51
1835 59.0725 156.22
1836 826.848 885.348
1837 1514.4 428.916
1838 1515.62 463.818
1839 1176.53 1330.16
1840 768.71 390.866
1841 992.199 1168.64
1842 1531.75 830.173
1843 721.762 38.5324
1844 262.751 972.257
1845 778.606 1310.62
1846 1132.4 715.758
1847 668.481 145.833
1848 253.89 804.463
1849 507.115 575.443
1850 939.53 960.9
1851 1246.32 490.189
1852 62.2193 992.151
1853 639.118 949.553
1854 575.105 18.3211
1855 179.719 1315.78
1856 1063.92 780.493
1857 1225.57 717.176
1858 1395.77 1234.55
1859 1487.08 1108.98
1860 196.777 1118.48
1861 48.9929 1192.09
1862 1102.68 916.373
1863 4.91702 1464.23
1864 61.0373 19.1106
1865 895.797 898.255
1866 349.109 129.876
1867 1182.44 752.305
1868 227.318 1201.75
1869 353.086 542.858
1870 1136.73 698.785
1871 231.122 352.371
1872 433.173 445.842
1873 364.004 665.652
1874 221.77 1464.53
1875 395.189 483.287
1876 622.098 1306.38
1877 1235.5 1249.68
1878 940.998 496.43
1879 179.718 1465.6
1880 1073.56 752.683
1881 347.664 490.767
1882 1532.84 123.125
1883 1346.93 1055.93
1884 656.044 1234.08
1885 105.48 809.238
1886 1546.15 1097.59
1887 1543.01 891.825
1888 185.523 1437.01
1889 1128.6 1516.68
1890 403.804 177.769
1891 541.452 1265.06
1892 657.699 402.024
1893 475.913 1281.69
1894 592.295 1217.49
1895 381.258 1253.7
1896 736.383 904.128
1897 494.93 195.499
1898 45.3038 1435.25
1899 62.1272 1110.4
1900 885.387 1338.1
1901 163.255 717.744
1902 1030.59 1078.1
1903 555.199 351.993
1904 609.002 977.353
1905 572.003 609.522
1906 721.329 313.612
1907 297.622 1020.24
1908 389.107 814.808
1909 946.716 72.725
1910 661.623 1224.6
1911 473.878 638.173
1912 69.0747 911.219
1913 650.702 204.624
1914 1128.79 1529.01
1915 1184.48 943.643
1916 328.641 388.067
1917 325.375 858.682
1918 178.953 1484.48
1919 443.903 1440.25
1920 785.684 992.293
1921 21.7957 512.742
1922 742.113 10.9313
1923 1455.22 662.011
1924 1516.9 671.883
1925 784.324 593.872
1926 855.657 705.002
1927 1135.22 1021
1928 799.908 514.69
1929 528.175 1029.55
1930 346.208 751.511
1931 389.39 1377.96
1932 528.202 280.649
1933 303.375 939.719
1934 787.669 1453.32
1935 951.917 582.535
1936 1383.91 1401.21
1937 217.72 520.684
1938 635.573 744.645
1939 1312.42 1367.88
1940 142.313 1136.97
1941 724.497 1170.69
1942 834.808 238.013
1943 981.789 1028.18
1944 976.59 323.956
1945 364.9 578.79
1946 1127.98 1215.93
1947 780.861 1084.07
1948 270.193 280.091
1949 176.807 671.845
1950 793.014 884.568
1951 534.256 123.645
1952 916.963 965.732
1953 479.883 243.875
1954 1151.89 1177.3
1955 31.9607 1252.67
1956 675.996 1495.67
1957 460.463 458.985
1958 10.2123 1402.78
1959 43.9432 342.206
1960 30.6368 679.495
1961 1370.86 305.092
1962 550.915 1529.24
1963 369.911 857.17
1964 336.1 706.018
1965 821.379 460.239
1966 325.435 1303.92
1967 861.597 1048.56
1968 459.931 1085.06
1969 660.441 436.906
1970 1167.68 1099.82
1971 1390.38 637.899
1972 1367.41 975.755
1973 77.4431 424.613
1974 46.0498 841.898
1975 859.385 1185.58
1976 1298.51 410.581
1977 963.311 232.292
1978 1340.83 375.878
1979 75.9775 641.918
1980 161.647 20.1882
1981 1043.51 1402.78
1982 232.095 77.7741
1983 1259.56 1438.29
1984 562.311 654.636
1985 27.0068 869.897
1986 1028.13 474.881
1987 1043.78 849.558
1988 778.119 1132.34
1989 1401.49 1202.54
1990 317.053 1117.02
1991 1110.02 1169.36
1992 632.104 1544.33
1993 198.527 726.065
1994 1369.15 403.669
1995 1316.01 1253.14
1996 543.331 289.679
1997 1062.46 466.243
1998 957.401 1491.89
1999 991.681 5.43709
2000 3.92416 907.673
2001 39.3191 274.36
2002 754.81 958.309
2003 644.624 842.56
2004 999.955 401.163
2005 334.937 257.35
2006 264.29 138.727
2007 1014.67 1121.37
2008 920.098 536.391
2009 363.995 956.219
2010 8.132 604.085
2011 605.221 778.98
2012 1413.85 135.596
2013 646.352 49.8794
2014 376.042 1244.05
2015 1172.95 975.32
2016 841.52 1378.1
2017 331.607 166.054
2018 1113.99 1456.57
2019 1478.19 841.719
2020 369.916 328.519
2021 43.7804 559.369
2022 739.681 269.311
2023 464.091 1538.71
2024 1287.03 818.684
2025 1005.6 1420.93
2026 162.558 114.557
2027 803.791 406.647
2028 766.065 207.65
2029 121.838 969.126
2030 543.662 37.5021
2031 389.677 1416.88
2032 1320.65 1110.68
2033 147.948 464.29
2034 193.751 639.885
2035 830.079 484.62
2036 97.1112 210.912
2037 650.513 617.937
2038 773.155 1464.99
2039 639.937 579.31
2040 112.477 1481.69
2041 79.3079 36.5467
2042 684.007 1062.37
2043 1248.17 35.5539
2044 815.443 764.219
2045 903.408 1355.12
2046 1481.95 279.467
2047 1106.09 979.883
2048 1547.39 1032.82
2049 909.791 174.862
2050 797.598 790.128
2051 1136.54 316.496
2052 442.724 233.204
2053 102.976 1257.67
2054 201.713 440.357
2055 1380.79 773.306
2056 190.575 863.789
2057 182.214 262.304
2058 86.568 412.472
2059 145.194 760.163
2060 1496.72 262.257
2061 1483.85 399.991
2062 1512.93 51.6287
2063 94.7473 1346.08
2064 881.852 771.429
2065 1355.63 674.814
2066 755.711 390.1
2067 1231.06 119.957
2068 1.1347 740.712
2069 687.864 318.85
2070 546.546 301.546
2071 618.316 1191.02
2072 1389.25 413.607
2073 759.727 642.097
2074 1016.22 709.706
2075 1170.77 1195.65
2076 450.901 610.761
2077 287.693 1029.17
2078 1501.39 1474.54
2079 1018.58 877.651
2080 955.888 1147.28
2081 731.239 1387.59
2082 1385.84 899.4
2083 643.471 787.102
2084 830.043 690.804
2085 1111.96 801.154
2086 978.251 535.719
2087 494.588 111.21
2088 1426.69 229.067
2089 1421.78 120.845
2090 490.296 961.136
2091 491.789 446.598
2092 884.119 1461.07
2093 0.472791 982.837
2094 718.926 1409.86
2095 100.799 686.634
2096 543.588 1203.64
2097 508.108 388.927
2098 1520.27 1042.66
2099 623.706 74.6064
2100 899.815 930.509
2101 1166.72 717.848
2102 1462.11 808.425
2103 540.819 1142.88
2104 1515.35 737.658
2105 824.917 486.842
2106 272.567 1169.45
2107 1470.52 153.515
2108 1355.07 609.877
2109 843.033 1209.6
2110 1392.65 197.106
2111 478.653 40.1399
2112 4.25512 124.297
2113 284.384 198.015
2114 108.772 1443.19
2115 1089.07 1450.67
2116 48.1301 217.919
2117 478.93 1099.85
2118 949.942 264.574
2119 1074.09 525.034
2120 897.974 233.464
2121 1418.38 1007.28
2122 783.556 1454.35
2123 656.093 957.638
2124 881.897 608.245
2125 442.39 39.0436
2126 626.328 1262.64
2127 558.46 109.073
2128 1057.25 334.358
2129 1102.97 438.571
2130 968.013 771.841
2131 153.231 626.741
2132 1349.44 471.997
2133 27.8474 1208.89
2134 508.912 255.212
2135 26.8177 745.26
2136 74.2123 1012.24
2137 1535.95 472.895
2138 1248.21 405.995
2139 1371.85 453.075
2140 1288.78 1216.03
2141 1132.33 59.7233
2142 752.257 1348.31
2143 307.884 1414.38
2144 1097.3 150.026
2145 1135.56 574.734
2146 1257.67 827.63
2147 1531.38 93.9435
2148 31.8661 919.673
2149 1155.31 1311.48
2150 677.509 839.629
2151 1388.24 512.836
2152 1440.4 1344.76
2153 1274.6 957.07
2154 778.556 1110.44
2155 1367.75 195.036
2156 775.519 750.991
2157 425.323 1078.82
2158 1310.78 891.021
2159 1226.07 76.1291
2160 1424.41 744.655
2161 383.008 528.732
2162 249.92 590.147
2163 183.284 143.833
2164 1063.59 1245.01
2165 1249.21 487.164
2166 404.011 1166.75
2167 289.322 138.953
2168 355.607 562.914
2169 443.575 1516.15
2170 1235.12 1164.96
2171 458.288 375.075
2172 858.966 1040.52
2173 60.9545 393.835
2174 755.135 417.957
2175 1220.81 637.369
2176 4.77519 100.09
2177 30.4963 1299.84
2178 992.087 293.093
2179 822.703 188.464
2180 1487.45 601.636
2181 441.539 564.181
2182 46.8555 941.232
2183 1313.77 365.94
2184 1339.04 391.197
2185 1443.78 1073.99
2186 49.8058 636.339
2187 787.908 184.318
2188 1226.61 1339.79
2189 197.138 1534.25
2190 57.4441 1176.88
2191 1120.13 410.524
2192 374.167 1005.26
2193 1163.25 1173.99
2194 703.465 1231.15
2195 943.617 41.7573
2196 202.638 921.469
2197 1426.46 1436.48
2198 1040.42 1362.02
2199 857.69 1212.8
2200 1483.95 903.787
2201 1339.79 927.436
2202 878.437 1310.16
2203 178.499 245.341
2204 479.457 1244.73
2205 858.808 817.739
2206 1463.33 169.316
2207 312.195 683.996
2208 1039.15 799.324
2209 1526.5 1231.81
2210 230.675 667.202
2211 1144.36 1300.22
2212 1150.87 963.027
2213 872.065 1251.24
2214 642.995 887.948
2215 529.329 450.286
2216 286.532 598.6
2217 1383.19 1029.74
2218 1146.9 1362.54
2219 1359.81 1391
2220 573.07 413.692
2221 65.0677 1178.19
2222 457.569 1181.55
2223 1495.84 880.194
2224 1360.88 443.336
2225 1318.26 187.131
2226 1274.87 319.465
2227 1029.06 1157.82
2228 170.692 319.559
2229 493.452 1495.25
2230 879.515 203.253
2231 49.1347 266.38
2232 1183.46 1476.01
2233 1073.75 373.656
2234 1104.8 187.613
2235 335.541 138.906
2236 248.396 714.113
2237 753.818 1289.88
2238 999.188 811.545
2239 142.263 1506.42
2240 813.277 59.6662
2241 136.875 735.436
2242 1188.59 1060.81
2243 879.958 47.5155
2244 1025.06 1350.73
2245 298.607 750.849
2246 1442.2 1509.57
2247 651.364 1503.95
2248 287.222 1112.39
2249 1353.6 1206.75
2250 1086.95 224.302
2251 972.645 533.166
2252 844.83 735.105
2253 212.417 563.529
2254 680.913 1460.79
2255 1306.32 531.866
2256 1026.05 899.39
2257 892.345 20.5762
2258 842.298 847.903
2259 449.068 940.759
2260 1174.65 1112.22
2261 314.028 530.056
2262 676.942 872.913
2263 489.669 1151.72
2264 589.649 1317.57
2265 60.1034 1088.99
2266 1434.31 615.3
2267 1421.5 1123.35
2268 1485.86 1226.15
2269 958.548 130.292
2270 993.144 328.022
2271 775.663 243.733
2272 914.067 814.014
2273 34.6083 653.728
2274 549.999 1412.91
2275 673.869 251.487
2276 753.584 573.85
2277 932.26 1298.62
2278 916.174 626.164
2279 1523.05 453.714
2280 115.503 162.13
2281 733.839 948.806
2282 287.977 1465.33
2283 1297.53 463.902
2284 214.742 291.5
2285 1368.17 558.129
2286 584.419 1133.38
2287 1486.12 1140.47
2288 911.73 908.326
2289 272.813 1233.76
2290 1152 1353.46
2291 390.537 1318.57
2292 1253.92 172.994
2293 574.632 224.633
2294 1510.48 1106.19
2295 69.453 187.698
2296 577.535 539.643
2297 94.1799 1424.47
2298 1127.51 282.729
2299 993.381 264.857
2300 1044.08 858.777
2301 992.719 436.017
2302 544.702 58.0213
2303 421.067 1097.64
2304 1252.03 195.641
2305 501.406 257.681
2306 1388.49 86.7812
2307 1408.44 801.248
2308 831.007 1506.12
2309 583.179 558.234
2310 940.467 1196.21
2311 728.334 912.165
2312 1291.9 1413.27
2313 912.272 409.257
2314 129.166 1017.26
2315 497.518 933.809
2316 387.736 1147.19
2317 1156.83 96.9319
2318 626.59 1009.98
2319 1457.32 462.673
2320 1191.62 138.916
2321 993.195 210.463
2322 483.25 831.507
2323 649.314 986.525
2324 1511.98 880.053
2325 1212.76 100.279
2326 1042.22 1380.17
2327 1151.06 1460.92
2328 1215.07 608.623
2329 1548.91 1389.25
2330 1065.86 734.774
2331 1479.94 564.087
2332 482.861 592.842
2333 451.072 1161.5
2334 454.448 1051.45
2335 698.217 355.775
2336 988.227 1514.54
2337 1365.93 1002.13
2338 1399.27 997.73
2339 968.854 250.863
2340 1086.55 1049.03
2341 428.984 1492.28
2342 421.02 869.935
2343 614.912 1320.1
2344 1389.82 728.476
2345 1235.85 1145.29
2346 1478.05 1086.34
2347 1018.06 701.206
2348 884.641 241.927
2349 409.484 9.92861
2350 832.067 681.585
2351 1009.23 1410.96
2352 312.11 1525.04
2353 145.337 1129.95
2354 8.79391 777.987
2355 1313.79 901.99
2356 414.496 1533.51
2357 1325.94 237.341
2358 1065.53 34.6083
2359 641.577 936.845
2360 606.753 1287.18
2361 722.188 576.095
2362 496.054 179.732
2363 681.008 375.585
2364 388.681 723.852
2365 956.117 1410.38
2366 602.848 130.348
2367 401.004 854.626
2368 812.153 318.945
2369 904.129 1268.02
2370 1511.84 879.732
2371 1509.62 959.623
2372 217.305 186.138
2373 783.179 1350.38
2374 110.255 877.831
2375 41.1328 29.4647
2376 351.284 1068.23
2377 785.09 56.1301
2378 628.52 760.247
2379 102.359 508.77
2380 684.404 805.872
2381 839.44 590.516
2382 1167.18 1271.52
2383 385.797 696.61
2384 1185.38 926.585
2385 116.874 559.274
2386 1156.73 1005.73
2387 507.723 801.012
2388 453.17 80.5734
2389 1279.1 877.699
2390 537.941 194.941
2391 159.615 341.402
2392 1432.04 694.388
2393 171.162 744.419
2394 472.433 670.853
2395 977.099 508.345
2396 207.216 1042.27
2397 246.419 491.618
2398 1178.38 340.74
2399 293.699 696.005
2400 634.58 735.426
2401 220.672 696.988
2402 1156.43 1506.13
2403 1479.88 914.188
2404 476.897 1132.34
2405 1199.47 999.48
2406 303.532 8.75647
2407 85.3977 800.965
2408 923.438 323.682
2409 462.874 1543.91
2410 1345.8 534.821
2411 1232.71 444.565
2412 1030.07 1518.38
2413 46.5528 1282.03
2414 747.626 1045.29
2415 254.361 348.22
2416 905.604 1099.43
2417 1174.2 494.255
2418 315.505 723.947
2419 282.901 192.814
2420 1317.24 1490.39
2421 1216.68 1111.11
2422 1141.08 865.112
2423 1129.12 371.434
2424 977.128 164.73
2425 1028.56 1340.53
2426 360.787 606.401
2427 749.704 847.997
2428 952.562 864.129
2429 1505.98 564.333
2430 164.058 387.604
2431 959.387 128.798
2432 1158.57 182.97
2433 1197.14 694.114
2434 115.684 1498.6
2435 473.878 180.275
2436 319.559 923.086
2437 1145.76 1320.89
2438 17.3514 405.371
2439 1466.27 659.165
2440 1327.5 759.113
2441 1031.69 623.044
2442 917.745 189.93
2443 1432.13 815.422
2444 1207.74 870.502
2445 283.676 1278.38
2446 1200.04 1499.7
2447 71.2023 1485.98
2448 54.2408 444.754
2449 375.443 1391.72
2450 742.234 826.202
2451 465.557 1121.61
2452 1491.8 588.114
2453 1195.1 780.398
2454 150.019 1000.53
2455 1473.78 702.671
2456 69.0274 186.682
2457 240.604 867.534
2458 1366.09 1001.81
2459 783.586 983.84
2460 501.274 715.049
2461 172.521 531.133
2462 1426.68 565.373
2463 829.949 491.513
2464 568.997 665.415
2465 645.548 1167.18
2466 365.751 662.711
2467 911.351 696.998
2468 1495.42 1403.81
2469 1289.3 637.946
2470 1271.93 647.26
2471 724.905 907.522
2472 781.042 371.33
2473 1444.33 1483.11
2474 1353.27 1531.95
2475 945.14 63.023
2476 1286.94 1238.9
2477 91.2984 758.853
2478 1152.51 331.805
2479 804.067 866.446
2480 668.575 642.201
2481 1004.16 1057.03
2482 1063.26 80.989
2483 878.209 1165.48
2484 943.927 177.864
2485 1370.95 947.482
2486 1211.1 696.572
2487 892.865 950.508
2488 1294.78 555.019
2489 260.744 1334.78
2490 1435.56 866.767
2491 936.525 1497.62
2492 1158.15 1396.54
2493 1108.41 1435.5
2494 1387.64 923.029
2495 564.37 701.054
2496 263.828 894.851
2497 242.393 788.719
2498 977.25 916.978
2499 1012.72 49.2648
2500 636.613 823.328
2501 1174.6 514.065
2502 1028.6 26.7225
2503 1526 1060.56
2504 1469.58 489.017
2505 1078.25 995.14
2506 1318.52 856.187
2507 688.005 1109.65
2508 1085.3 151.681
2509 980.182 347.974
2510 361.212 657.425
2511 1506.5 1416.72
2512 939.541 932.627
2513 938.843 1451.52
2514 374.781 502.718
2515 1380.44 1279.84
2516 733.858 460.167
2517 2.83674 993.664
2518 356.363 76.6394
2519 66.7225 719.55
2520 717.744 37.2185
2521 478.322 1332.18
2522 297.746 172.332
2523 1244.62 547.87
2524 1323.62 1244.92
2525 1149.45 1401.35
2526 923.36 645.747
2527 1055.45 657.983
2528 1497.99 416.245
2529 466.893 1053.85
2530 227.717 115.55
2531 1400.36 69.973
2532 451.952 168.361
2533 1109.14 107.475
2534 957.932 612.737
2535 337.053 1097.49
2536 593.069 454.991
2537 1072.78 1048.52
2538 689.728 1473.08
2539 111.862 1298.43
2540 508.299 1232.35
2541 1437.79 640.736
2542 565.694 155.832
2543 1141.32 1075.27
2544 1546.61 126.282
2545 344.231 1340.66
2546 1338.38 808.26
2547 128.032 369.259
2548 958.205 909.517
2549 830.232 1059.57
2550 722.482 107.04
2551 255.732 795.518
2552 1302.21 788.908
2553 51.2978 1188.03
2554 1225 1256.59
2555 602.666 455.865
2556 533.14 1111.26
2557 797.024 612.794
2558 361.308 1396.67
2559 1125.88 246.239
2560 342.773 1225.81
2561 883.886 705.356
2562 927.899 130.679
2563 1028.23 1118.48
2564 143.35 820.954
2565 1248.92 1350.46
2566 897.916 560.257
2567 267.032 430.311
2568 1484.37 947.53
2569 1053.05 949.316
2570 1289.38 1048.85
2571 404.985 211.29
2572 640.303 1071.72
2573 1038.34 824.263
2574 702.049 557.208
2575 543.664 825.186
2576 209.6 1058.78
2577 1428.92 1138.63
2578 1096.21 600.113
2579 993.144 352.796
2580 758.415 148.504
2581 577.497 1436.2
2582 509.999 1015.7
2583 310.862 519.408
2584 44.9833 587.963
2585 670.551 487.457
2586 1258.85 1015.79
2587 463.612 1325.24
2588 719.115 438.003
2589 1548.86 598.752
2590 500.638 1414.59
2591 1326.36 677.084
2592 996.655 42.1828
2593 456.793 306.841
2594 1317.98 290.303
2595 1454.25 584.7
2596 339.511 1482.58
2597 964.966 299.277
2598 150.442 1405.51
2599 23.2718 115.172
2600 56.9922 323.682
2601 1073.71 107.844
2602 258.758 1549.06
2603 1328.01 716.713
2604 763.72 1514.03
2605 399.272 1020.94
2606 833.956 678.701
2607 506.312 1171.24
2608 1323.01 479.079
2609 631.962 855.326
2610 225.332 1489.57
2611 754.972 900.676
2612 296.156 353.127
2613 1224.58 1165
2614 407.687 348.447
2615 1045.29 8.37823
2616 60.2335 1345.67
2617 435.65 1424.2
2618 602.997 1377.58
2619 1022.5 1017.69
2620 1116.12 1298.1
2621 811.12 559.501
2622 1371.19 42.4664
2623 781.562 481.159
2624 200.7 9.04014
2625 1121.74 1233.99
2626 577.514 233.048
2627 1234.84 749.052
2628 1213.13 667.06
2629 546.207 137.677
2630 1174.32 141.412
2631 943.078 1217.84
2632 1345.27 938.395
2633 1132.71 199.764
2634 1548.13 1185.01
2635 1274.41 1367.41
2636 940.515 1131.87
2637 953.129 447.024
2638 1073.76 609.995
2639 1020.52 958.11
2640 1238.65 1295.93
2641 529.715 85.386
2642 1244.1 656.659
2643 1347.41 1143.54
2644 304.052 126.103
2645 1439.33 512.836
2646 184.248 1159.1
2647 1497.68 1361.16
2648 190.346 1195.21
2649 165.527 1265.48
2650 1208.45 961.713
2651 512.346 503.106
2652 837.407 1091.06
2653 147.038 1315.31
2654 308.97 657.415
2655 553.233 1480.08
2656 1327.48 348.73
2657 30.4477 859.344
2658 965.374 826.968
2659 649.804 169.742
2660 526.169 1179.38
2661 731.778 182.696
2662 428.247 623.763
2663 775.614 75.6564
2664 869.462 339.71
2665 727.532 198.761
2666 1548.11 1281.55
2667 616.142 216.207
2668 809.701 1243.11
2669 338.53 397.712
2670 1462.14 546.461
2671 101.414 1396.95
2672 1339.65 723.143
2673 478.181 226.24
2674 936.003 785.93
2675 807.178 1327.51
2676 161.195 197.116
2677 1466.27 15.413
2678 1133.04 187.14
2679 1500.12 643.326
2680 1060.58 1460.64
2681 1068.7 841.142
2682 1184.62 657.368
2683 205.429 423.11
2684 351.094 1196.54
2685 482.429 1273.23
2686 328.353 304.44
2687 733.452 468.441
2688 421.824 113.044
2689 862.181 435.545
2690 379.672 1029.55
2691 505.555 738.31
2692 22.9776 1284.71
2693 1055.83 484.195
2694 538.841 1215.1
2695 126.436 1424.1
2696 791.595 1528.44
2697 1270.25 253.095
2698 104.252 237.577
2699 67.3727 706.491
2700 145.478 268.309
2701 286.702 462.21
2702 1311 1164.51
2703 1332.05 920.439
2704 1211.1 506.794
2705 871.637 1007.05
2706 663.184 528.448
2707 189.825 809.749
2708 80.0263 969.278
2709 116.543 1447.88
2710 1341.5 278.568
2711 1354.6 434.235
2712 518.861 20.529
2713 1072.74 367.831
2714 77.1134 1524.42
2715 99.8743 597.003
2716 1367.55 491.05
2717 1252.33 867.155
2718 664.868 1083.12
2719 879.769 436.859
2720 1059.15 79.9962
2721 205.523 1248.76
2722 686.208 294.795
2723 564.513 1114.99
2724 1146.72 656.432
2725 608.748 519.701
2726 1520.92 478.701
2727 825.776 1380.69
2728 1545.45 531.048
2729 31.0163 1311.71
2730 1093 969.562
2731 1373.33 985.343
2732 326.178 1548.45
2733 330.386 1351.33
2734 707.825 446.078
2735 318.673 1048.14
2736 63.3067 1079.58
2737 496.288 30.5048
2738 644.414 1396.63
2739 711.361 654.636
2740 417.911 285.197
2741 1118.82 1142.93
2742 1507.54 807.054
2743 1060.28 1327.94
2744 29.7871 1523
2745 255.827 28.9821
2746 662.9 1278.71
2747 270.342 1247.37
2748 1251.57 264.526
2749 853.245 223.866
2750 276.63 634.958
2751 1409.58 824.311
2752 231.951 1063.68
2753 661.114 328.552
2754 1184.86 1383.39
2755 1194.79 375.5
2756 1499.93 143.975
2757 1204.16 751.558
2758 1031.49 497.565
2759 1302.28 524.193
2760 1437.95 1169.84
2761 1543.74 236.973
2762 232.558 143.87
2763 564.287 1452.98
2764 28.7469 231.289
2765 978.036 840.669
2766 332.591 1280.75
2767 403.718 791.57
2768 1113.71 762.621
2769 1009.21 666.493
2770 846.553 1491.57
2771 1542.49 1450.66
2772 1423.62 983.793
2773 607.67 603.47
2774 657.039 101.802
2775 1166.28 1292.28
2776 766.831 1068.46
2777 42.1085 700.071
2778 414.543 729.752
2779 1254.52 1449.07
2780 1111.81 935.795
2781 730.766 677.141
2782 702.134 866.399
2783 6.90274 1376.59
2784 262.352 1469.01
2785 1228.61 844.556
2786 888.09 1076.74
2787 1547.91 1106.57
2788 1369.93 300.931
2789 42.5905 1259.37
2790 254.997 455.969
2791 63.9213 169.694
2792 1345.33 110.217
2793 468.914 1190.64
2794 7.09186 1099.99
2795 1231.4 1407.89
2796 614.487 863.363
2797 824.925 1134.28
2798 86.6153 1537.9
2799 273.982 408.869
2800 847.29 510.614
2801 477.927 1264.54
2802 558.973 1426.22
2803 355.539 90.1612
2804 1262.11 1055.32
2805 264.054 903.797
2806 289.454 92.9132
2807 1497.38 1207.47
2808 421.871 814.628
2809 579.121 349.213
2810 151.671 1267.79
2811 439.79 468.63
2812 1159.88 403.726
2813 842.174 391.197
2814 245.757 987.565
2815 224.615 159.908
2816 945.035 213.938
2817 1315.11 1435.63
2818 1029.18 344.343
2819 22.8831 1456.16
2820 623.422 1489.57
2821 1438.18 188.643
2822 373.488 366.281
2823 1512.74 173.004
2824 1330.95 382.97
2825 1440.95 1470.29
2826 900.146 562.526
2827 1369.17 1188.32
2828 1313.32 1354.74
2829 468.462 193.003
2830 798.685 221.975
2831 942.33 436.443
2832 851.214 639.615
2833 1184.08 548.721
2834 968.06 880.431
2835 813.673 23.4603
2836 1009.15 1312.95
2837 344.411 1209.3
2838 1454.26 76.403
2839 1130.16 673.845
2840 1350.53 1134
2841 1503.43 956.418
2842 898.871 975.992
2843 421.209 385.939
2844 1015.95 394.743
2845 1130.4 159.293
2846 104.801 391.906
2847 577.561 978.923
2848 410.146 1347.45
2849 146.283 905.12
2850 1429.58 414.316
2851 387.917 719.02
2852 37.8061 230.59
2853 1226.99 986.299
2854 110.349 652.556
2855 1297.67 664.375
2856 610.942 1265.9
2857 0.851023 1492.69
2858 655.442 341.402
2859 521.772 593.069
2860 1.70205 138.339
2861 1236.63 1199.56
2862 1100.41 130.727
2863 654.363 974.006
2864 503.09 333.365
2865 710.652 1516.52
2866 109.821 1200.23
2867 760.531 1021.95
2868 923.36 980.71
2869 148.486 291.438
2870 857.642 300.421
2871 50.825 62.0774
2872 64.5359 1369.5
2873 372.891 1177.49
2874 1245.95 568.011
2875 669.294 519.891
2876 556.221 311.475
2877 1003.03 327.843
2878 851.591 901.139
2879 104.818 703.985
2880 1215.59 1007.94
2881 114.604 1210.96
2882 982.175 1348.52
2883 877.641 135.37
2884 1450.66 891.22
2885 354.973 1373.65
2886 1493.64 1106.06
2887 856.443 428.017
2888 1396.15 1362.07
2889 366.556 155.737
2890 1091.11 1413.42
2891 1294.88 1536.38
2892 795.092 1535.26
2893 700.912 1495.54
2894 397.619 465.061
2895 1363.48 1240.19
2896 898.824 1508.06
2897 1243.06 1229.78
2898 1433.41 143.256
2899 657.171 394.459
2900 816.604 1444.05
2901 377.429 207.849
2902 216.067 1475.53
2903 1278.95 1394.87
2904 1040.9 1482.81
2905 714.89 1122.08
2906 1005.63 1304.86
2907 193.667 575.68
2908 556.096 373.798
2909 1037.02 1539.5
2910 1471.47 222.08
2911 745.165 1390.2
2912 1245.01 1226.95
2913 1003.17 1431.47
2914 924.92 1317.96
2915 532.789 396.965
2916 294.806 19.148
2917 656.044 794.298
2918 677.428 427.876
2919 88.0336 544.57
2920 1471.89 1298.57
2921 1275.78 1303.48
2922 1463.9 790.648
2923 1456.76 1332.67
2924 80.9418 1239.94
2925 1115.17 445.085
2926 1383.57 1388.97
2927 899.553 1321.08
2928 549.802 372.143
2929 1241.22 1350.15
2930 763.758 28.1882
2931 715.485 690.473
2932 541.158 489.764
2933 747.577 818.022
2934 841.068 608.86
2935 227.821 1031.45
2936 1375.84 24.4906
2937 630.279 182.781
2938 1497.94 288.733
2939 886.011 464.706
2940 1023.59 607.168
2941 1326.61 760.352
2942 1325.37 1423.19
2943 276.914 1365.52
2944 105.765 517.99
2945 1465.7 1204.48
2946 534.746 429.861
2947 415.206 1243.49
2948 359.418 1080.57
2949 801.287 402.581
2950 401.494 830.551
2951 36.6886 1489.39
2952 1219.71 1132.11
2953 993.325 1138.58
2954 1350.26 1314.03
2955 843.553 1545.94
2956 592.832 529.62
2957 210.867 849.534
2958 544.939 177.259
2959 266.902 1036.36
2960 899.297 921.138
2961 1499.84 347.416
