1 259.609 360.135
2 607.719 348.575
3 266.37 229.138
4 407.286 383.008
5 500.844 749.336
6 193.7 658.844
7 300.13 616.779
8 600.539 620.727
9 765.523 113.352
10 390.155 537.171
11 587.324 721.205
12 275.968 396.033
13 156.21 746.688
14 93.3052 246.003
15 646.73 237.753
16 311.025 26.7225
17 568.129 749.917
18 589.806 468.687
19 425.583 510.85
20 377.902 623.857
21 621.797 439.199
22 186.894 464.929
23 448.844 662.214
24 341.048 49.8794
25 524.892 567.264
26 217.436 451.407
27 76.6867 709.47
28 85.977 47.7853
29 200.345 662.971
30 153.799 745.884
31 398.594 715.413
32 356.411 562.266
33 485.414 595.362
34 557.16 605.527
35 471.231 344.131
36 541.408 620.335
37 687.059 670.394
38 209.472 431.493
39 511.489 171.292
40 390.336 243.355
41 741.924 91.5559
42 609.853 673.065
43 534.75 178.086
44 4.27876 336.448
45 124.393 697.295
46 438.42 718.004
47 317.609 223.593
48 142.499 625.029
49 145.809 301.863
50 58.4606 157.993
51 67.3727 54.2527
52 312.899 628.268
53 245.662 10.293
54 693.753 723.205
55 54.1371 649.648
56 141.104 492.317
57 256.182 704.411
58 675.322 362.701
59 68.4365 315.432
60 231.02 290.871
61 625.754 391.362
62 768.243 143.8
63 502.198 167.591
64 319.985 492.043
65 260.345 762.834
66 152.262 519.574
67 132.099 408.184
68 193.659 224.16
69 617.399 481.854
70 466.906 756.205
71 414.519 558.815
72 351.047 272.517
73 96.4729 70.0439
74 611.2 349.274
75 362.63 609.319
76 683.017 481.216
77 173.729 549.383
78 234.605 191.764
79 623.067 272.446
80 558.156 571.415
81 182.982 349.993
82 309.539 124.699
83 170.599 692.804
84 547.184 268.508
85 628.58 740.816
86 472.271 370.456
87 523.726 405.121
88 384.426 471.146
89 325.256 380.55
90 380.93 736.655
91 393.41 545.539
92 262.755 48.7211
93 405.438 162.768
94 310.813 191.703
95 248.735 462.224
96 533.442 257.033
97 635.957 238.381
98 379.111 696.208
99 258.191 495.65
100 506.04 319.333
101 510.522 417.356
102 126.732 596.459
103 84.0082 380.076
104 319.559 458.111
105 309.761 558.697
106 320.884 53.6952
107 439.896 267.349
108 584.393 186.327
109 689.045 319.073
110 223.514 369.604
111 633.282 661.245
112 487.808 255.213
113 667.058 23.3559
114 669.223 518.935
115 637.816 500.071
116 440.381 541.663
117 675.878 262.721
118 470.403 45.185
119 704.504 408.312
120 68.5783 469.694
121 50.2577 698.028
122 720.621 593.079
123 648.149 458.56
124 365.218 444.079
125 16.3586 267.16
126 158.172 538.65
127 203.395 22.7274
128 100.303 456.891
129 225.639 181.916
130 229.473 11.702
131 658.561 395.074
132 152.974 80.6817
133 114.935 446.126
134 496.336 725.701
135 0.49643 416.434
136 514.562 318.023
137 481.49 282.634
138 90.9438 319.985
139 680.981 731.937
140 655.335 654.139
141 108.163 643.667
142 409.018 349.534
143 492.967 136.093
144 676.516 500.866
145 453.93 192.166
146 57.4441 197.343
147 580.358 335.786
148 715.072 619.697
149 680.913 47.4918
150 672.533 259.879
151 500.544 488.251
152 223.677 599.853
153 596.756 90.7758
154 725.585 286.937
155 506.643 519.512
156 623.884 195.83
157 331.618 71.486
158 656.848 632.902
159 156.591 668.016
160 769.395 516.746
161 628.671 516.983
162 2.10392 371.803
163 587.889 383.386
164 613.044 301.593
165 604.427 232.434
166 168.392 336.164
167 371.498 137.275
168 322.136 270.541
169 764.007 393.915
170 475.689 585.467
171 378.708 657.415
172 325.067 305.811
173 484.064 609.744
174 600.988 131.351
175 628.079 3.59321
176 31.2055 583.447
177 758.666 370.574
178 651.068 156.385
179 768.618 554.3
180 757.693 459.681
181 558.862 391.991
182 479.173 773.084
183 250.015 329.252
184 173.215 25.4125
185 347.684 348.528
186 295.361 651.066
187 489.34 430.807
188 12.458 141.648
189 737.095 206.87
190 104.359 388.374
191 513.522 473.108
192 101.798 267.6
193 212.375 483.84
194 185.459 562.101
195 748.772 756.806
196 397.136 314.406
197 273.672 479.15
198 475.438 14.9638
199 35.9242 486.842
200 599.052 489.528
201 557.184 622.108
202 536.728 743.818
203 687.204 438.821
204 161.907 67.0417
205 683.443 355.43
206 241.314 630.514
207 532.171 234.396
208 686.161 192.861
209 324.359 250.967
210 189.991 39.6435
211 340.78 773.07
212 660.11 163.68
213 32.1261 4.94066
214 434.093 155.062
215 555.297 707.792
216 522.687 441.374
217 320.079 597.665
218 162.013 258.995
219 131.27 638.764
220 101.911 19.8099
221 333.79 107.404
222 341.212 514.68
223 275.732 577.987
224 125.928 371.387
225 662.335 82.9989
226 411.822 72.9043
227 35.6024 235.048
228 370.783 636.646
229 652.853 576.876
230 234.031 82.5493
231 261.619 679.212
232 461.893 627.039
233 88.4236 146.67
234 565.819 350.432
235 198.052 337.88
236 463.611 330.491
237 227.105 379.897
238 671.339 415.749
239 450.144 119.342
240 709.822 150.962
241 636.234 322.514
242 165.62 107.134
243 658.747 599.721
244 697.004 71.3914
245 394.544 536.485
246 220.071 96.0336
247 615.524 583.906
248 539.691 650.83
249 767.209 36.1074
250 693.325 529.195
251 518.33 98.303
252 319.465 14.099
253 207.315 314.841
254 79.3079 627.204
255 547.208 641.53
256 253.629 280.587
257 178.503 168.418
258 495.985 626.377
259 651.227 429.413
260 86.7452 398.752
261 703.159 609.248
262 399.366 187.897
263 96.3048 88.9319
264 361.45 203.371
265 451.468 222.954
266 347.194 645.771
267 510.047 675.736
268 308.456 161.671
269 629.001 206.643
270 144.934 136.528
271 629.781 495.14
272 455.723 696.1
273 259.963 252.919
274 561.667 62.9856
275 569.429 692.365
276 62.5751 693.57
277 460.83 30.4812
278 114.439 395.57
279 229.303 210.402
280 501.465 440.533
281 187.698 609.262
282 149.827 57.6903
283 84.0858 550.518
284 527.844 89.9583
285 669.989 121.801
286 102.089 127.072
287 447.683 479.741
288 527.957 245.956
289 693.277 272.976
290 726.41 702.695
291 408.871 171.505
292 677.776 50.3049
293 341.449 505.603
294 305.897 318.566
295 215.616 709.848
296 61.9329 226.429
297 228.713 746.348
298 549.737 213.215
299 534.537 100.256
300 721.268 574.852
301 324.681 291.074
302 77.9868 765.803
303 701.553 374.805
304 591.116 553.624
305 302.231 414.387
306 188.36 275.836
307 113.401 222.486
308 671.711 38.0124
309 46.8299 510.614
310 321.97 559.156
311 363.403 204.931
312 771.219 146.683
313 384.71 453.062
314 480.615 309.57
315 203.087 37.9277
316 94.9954 135.299
317 152.83 239.539
318 24.1123 616.198
319 458.477 305.882
320 761.407 57.5386
321 552.7 292.114
322 49.4512 603.48
323 284.219 134.826
324 171.458 181.231
325 11.4415 443.572
326 77.7661 350.442
327 163.018 725.791
328 296.281 684.435
329 509.344 3.40409
330 488.503 479.575
331 635.15 541.795
332 3.9478 725.97
333 769.828 425.866
334 240.816 99.5934
335 322.396 95.0408
336 363.482 391.116
337 707.279 560.338
338 397.712 420.358
339 42.102 433.937
340 138.48 750.413
341 114.074 586.318
342 694.671 110.43
343 222.202 676.705
344 352.218 32.9772
345 454.122 661.61
346 438.537 502.553
347 601.483 272.209
348 452.626 184.138
349 304.525 758.711
350 345.706 369.449
351 183.065 533.46
352 242.299 397.168
353 82.456 205.508
354 755.606 441.256
355 751.716 77.8214
356 77.2067 176.776
357 243.156 544.702
358 229.594 225.498
359 629.001 468.488
360 483.866 638.598
361 75.0489 299.806
362 215.687 291.854
363 678.594 761.666
364 617.89 172.791
365 722.418 221.053
366 365.919 175.642
367 298.544 686.752
368 0.49643 675.391
369 108.165 754.598
370 356.65 27.0436
371 224.011 355.964
372 603.24 55.3027
373 75.1264 117.158
374 685.357 5.15342
375 397.354 686.492
376 343.01 280.554
377 231.124 422.59
378 330.859 226.217
379 615.786 550.646
380 738.402 248.461
381 355.468 146.646
382 65.5169 618.741
383 453.763 712
384 216.166 691.787
385 92.131 77.0176
386 514.479 727.176
387 518.134 201.646
388 111.501 720.391
389 224.434 687.036
390 688.738 345.738
391 180.708 728.098
392 537.539 521.063
393 173.559 224.812
394 532.294 69.6421
395 104.298 609.947
396 582.029 148.041
397 424.85 675.973
398 352.962 336.958
399 28.6275 28.9919
400 749.922 742.031
401 583.306 283.414
402 136.424 407.404
403 606.011 416.373
404 227.531 703.83
405 168.124 713.607
406 40.5182 523.734
407 320.791 530.859
408 468.705 363.387
409 118.314 359.236
410 712.401 521.015
411 338.011 140.112
412 245.63 530.14
413 472.907 127.015
414 179.519 123.375
415 332.939 471.845
416 327.315 204.246
417 150.111 312.846
418 189.896 166.636
419 535.174 27.0673
420 42.3384 540.778
421 429.578 288.743
422 412.061 74.4744
423 415.559 100.728
424 464.638 165.571
425 289.056 773.235
426 86.6625 494.171
427 32.2916 43.5539
428 433.927 75.9302
429 679.258 681.859
430 6.71363 667.283
431 437.64 276.876
432 563.93 145.974
433 76.0957 362.134
434 342.986 114.392
435 122.739 280.483
436 541.18 502.955
437 363.647 681.207
438 634.698 689.693
439 696.184 655.193
440 450.64 491.773
441 153.822 207.082
442 490.663 64.0966
443 212.921 413.796
444 40.8271 365.87
445 592.967 117.205
446 5.76805 763.439
447 490.402 454.257
448 768.454 763.746
449 330.721 726.845
450 681.269 181.538
451 587.454 13.2716
452 325.233 243.332
453 147.872 604.638
454 52.3589 74.9708
455 719.327 131.8
456 394.851 337.596
457 204.314 455.189
458 170.086 146.092
459 712.937 285.859
460 574.984 321.853
461 468.379 373.623
462 1.44201 197.873
463 514.16 189.353
464 562.165 664.767
465 630.783 64.6541
466 582.596 249.539
467 461.683 442.046
468 719.635 553.931
469 43.7436 749.478
470 280.625 431.492
471 754.453 474.881
472 348.388 153.255
473 89.7357 158.929
474 763.504 641.894
475 70.5669 458.229
476 212.401 308.969
477 464.869 550.551
478 78.2835 493.995
479 399.863 206.562
480 99.6576 685.533
481 386.515 430.249
482 256.844 608.198
483 509.456 422.202
484 254.193 580.928
485 513.569 410.595
486 206.16 485.414
487 734.291 588.932
488 454.297 408.893
489 234.859 191.764
490 411.505 412.165
491 603.718 77.1594
492 589.425 21.7582
493 59.8317 424.874
494 247.246 190.119
495 384.19 337.029
496 272.729 330.055
497 608.124 371.921
498 572.786 563.127
499 12.4108 709.588
500 236.563 120.609
501 610.337 293.319
502 226.423 96.3075
503 82.9773 169.151
504 0.567349 198.265
505 614.486 438.689
506 130.112 189.66
507 204.837 73.2451
508 6.00444 309.016
509 100.043 9.07758
510 496.548 531.592
511 103.588 302.88
512 185.36 324.831
513 581.899 462.352
514 397.165 519.087
515 369.114 67.4909
516 545.813 408.312
517 438.402 764.313
518 770.797 714.907
519 320.673 380.549
520 332.767 475.438
521 126.227 622.784
522 61.2618 273.297
523 1.22926 401.045
524 709.092 177.235
525 134.343 404.435
526 54.8201 66.2143
527 231.526 514.122
528 65.7888 746.111
529 105.692 381.732
530 699.084 62.9521
531 542.992 37.1614
532 318.046 538.414
533 365.325 575.136
534 20.1882 548.957
535 708.973 540.457
536 78.2009 603.244
537 557.562 523.568
538 736.561 622.051
539 744.858 374.379
540 49.3594 586.733
541 628.646 286.086
542 185.27 34.7738
543 773.648 570.848
544 580.776 332.855
545 574.774 133.62
546 218.429 240.107
547 656.801 681.159
548 576.994 33.7671
549 246.074 48.5182
550 58.3897 250.437
551 272.327 261.052
552 524.606 355.761
553 274.762 441.303
554 573.114 251.18
555 277.646 66.5551
556 603.67 176.635
557 261.37 558.91
558 488.41 55.6337
559 151.296 456.929
560 574.393 567.703
561 234.835 654.768
562 128.103 520.85
563 360.574 23.4366
564 183.21 578.034
565 316.124 360.834
566 66.8315 50.6832
567 249.367 434.613
568 271.727 384.615
569 423.81 575.68
570 714.774 704.955
571 774.273 239.431
572 767.331 703.712
573 448.619 453.808
574 256.654 567.68
575 608.715 43.1047
576 253.723 281.381
577 575.055 703.428
578 685.361 334.854
579 481.703 556.498
580 357.879 390.109
581 177.276 128.292
582 448.363 406.373
583 387.311 723.947
584 129.806 344.792
585 412.347 47.6435
586 94.7603 502.198
587 559.83 590.785
588 706.418 123.658
589 111.177 137.771
590 256.182 23.3086
591 239.83 590.856
592 166.966 407.238
593 152.894 205.721
594 495.264 661.373
595 431.729 463.099
596 45.0582 175.831
597 691.818 248.627
598 195.018 87.679
599 200.463 142.225
600 407.215 597.206
601 648.817 215.38
602 690.204 391.4
603 66.9944 237.128
604 759.379 603.068
605 550.305 108.907
606 413.314 626.59
607 149.854 533.923
608 54.1122 248.262
609 248.782 727.649
610 27.4231 19.3706
611 385.387 244.845
612 517.752 277.396
613 677.388 457.317
614 51.9597 106.719
615 50.7277 477.268
616 562.597 704.529
617 773.052 348.173
618 37.8101 521.616
619 81.0363 650.962
620 400.505 306.345
621 729.516 19.1717
622 732.92 694.327
623 36.1461 701.797
624 687.816 198.099
625 130.802 226.892
626 543.757 235.095
627 616.12 749.785
628 760.907 38.3197
629 362.372 620.028
630 667.486 301.57
631 246.56 346.613
632 548.177 223.663
633 181.345 17.0914
634 127.866 274.739
635 730.345 378.422
636 691.161 507.754
637 214.671 763.037
638 381.725 327.195
639 728.736 409.059
640 720.108 650.31
641 400.49 655.132
642 662.758 434.339
643 569.713 64.1912
644 110.018 0.401872
645 162.099 421.8
646 461.034 164.683
647 326.249 679.67
648 461.396 258.758
649 266.396 591.272
650 285.329 543.898
651 445.251 722.056
652 321.356 468.995
653 638.672 659.364
654 361.401 767.373
655 766.098 103.187
656 444.779 519.077
657 244.882 214.316
658 255.45 357.43
659 218.997 81.7317
660 59.3116 667.85
661 479.175 355.407
662 222.355 501.759
663 627.488 646.126
664 563.654 659.978
665 442.461 235.119
666 78.759 493.58
667 243.464 161.042
668 322.033 665.746
669 586.158 513.214
670 94.696 462.754
671 435.863 729.587
672 481.206 322.822
673 123.091 45.2461
674 508.155 379.401
675 240.784 543.969
676 578.788 443.052
677 667.202 540.565
678 9.45581 58.8624
679 447.99 489.858
680 40.0466 530.812
681 765.578 731.488
682 725.112 15.3184
683 150.041 149.26
684 366.67 726.892
685 454.874 34.5137
686 406.695 687.627
687 591.91 13.6262
688 584.537 302.137
689 18.7934 160.215
690 350.574 234.254
691 653.527 15.0347
692 114.612 435.204
693 139.329 502.61
694 611.153 637.308
695 127.631 317.361
696 763.228 286.015
697 701.104 614.817
698 540.279 761.463
699 191.26 666.588
700 744.196 301.31
701 180.133 79.0742
702 452.082 459.822
703 619.391 729.762
704 653.162 185.722
705 200.44 222.718
706 397.026 746.57
707 221.102 347.241
708 413.117 705.414
709 404.275 633.597
710 71.1195 650.678
711 6.38267 435.038
712 713.843 73.6706
713 145.797 167.51
714 450.387 316.023
715 587.632 759.704
716 433.059 664.389
717 317.902 542.915
718 302.044 405.631
719 742.092 239.516
720 641.309 565.184
721 500.756 651.775
722 731.005 158.929
723 353.607 599.688
724 202.346 605.844
725 540.802 594.818
726 292.895 50.9058
727 720.462 486.559
728 273.501 90.5867
729 470.595 13.6637
730 577.372 360.267
731 233.551 628.089
732 741.076 665.808
733 633.05 448.206
734 35.5788 103.031
735 48.2742 565.339
736 23.3322 283.604
737 437.64 296.993
738 281.381 596.53
739 525.554 544.121
740 509.731 128.325
741 449.671 523.214
742 233.96 423.313
743 232.589 520.353
744 296.346 271.463
745 587.773 140.027
746 442.217 223.167
747 766.3 224.411
748 659.07 665.77
749 189.447 727.625
750 221.396 337.511
751 489.386 45.5297
752 79.1924 606.931
753 490.78 213.711
754 357.973 413.857
755 717.413 407.815
756 596.213 530.221
757 61.1791 37.1239
758 745.875 686.195
759 234.696 475.59
760 557.999 134.296
761 225.876 355.288
762 427.403 234.599
763 221.668 726.855
764 52.397 106.803
765 131.932 362.569
