1 173.55 45.3202
2 130.421 312.425
3 440.057 124.051
4 495.549 203.902
5 40.2824 449.698
6 310.582 430.175
7 219.187 103.92
8 479.857 382.026
9 398.366 108.002
10 530.933 52.1143
11 121.484 167.538
12 99.26 128.577
13 513.915 262.386
14 521.939 301.279
15 254.734 378.41
16 371.239 575.13
17 459.354 554.46
18 273.436 82.6495
19 426.7 583.979
20 334.126 64.5344
21 468.89 504.302
22 457.053 42.2796
23 459.23 315.525
24 261.209 11.4265
25 289.252 494.121
26 405.585 84.5989
27 542.259 240.275
28 550.151 395.799
29 366.132 263.36
30 337.324 621.28
31 51.5454 400.084
32 22.081 17.0525
33 421.122 391.407
34 420.968 465.419
35 124.946 239.554
36 350.15 524.665
37 163.62 429.808
38 424.133 354.251
39 626.785 95.099
40 413.846 12.8742
41 231.578 257.55
42 179.811 136.201
43 206.37 195.757
44 430.754 248.122
45 170.279 325.936
46 556.148 67.4784
47 18.3365 366.141
48 552.797 543.514
49 373.388 302.263
50 506.593 535.677
51 138.223 77.1576
52 120.847 399.552
53 358.894 17.3521
54 390.74 273.89
55 108.707 347.873
56 568.851 143.199
57 360.921 166.515
58 24.127 569.127
59 346.637 146.036
60 405.971 189.782
61 345.286 112.993
62 583.217 583.063
63 180.288 547.569
64 189.268 290.112
65 66.7449 459.976
66 123.79 207.183
67 553.068 131.058
68 166.789 587.811
69 136.694 630.399
70 491.243 445.983
71 525.154 316.257
72 632.221 15.2869
73 127.879 558.964
74 568.821 337.664
75 333.397 559.129
76 269.528 346.927
77 94.5006 566.328
78 368.358 555.637
79 133.814 508.162
80 401.57 217.152
81 281.823 321.805
82 245.89 139.493
83 164.165 490.255
84 113.97 513.751
85 401.242 345.064
86 537.299 50.9948
87 97.8591 378.253
88 322.858 537.028
89 536.102 221.186
90 332.21 199.182
91 361.172 586.248
92 553.415 387.624
93 230.712 33.7585
94 320.082 178.907
95 265.243 522.05
96 176.053 411.124
97 219.787 267.327
98 605.124 169.516
99 452.7 53.5904
100 380.396 327.345
101 451.001 66.0308
102 608.676 631.847
103 380.936 452.893
104 372.377 461.598
105 621.97 580.227
106 309.408 591.189
107 289.472 615.356
108 420.052 252.049
109 622.904 341.098
110 402.077 475.147
111 439.322 73.0657
112 198.005 185.952
113 449.998 485.126
114 525.747 85.6605
115 577.089 50.4755
116 376.729 363.816
117 171.765 158.505
118 439.757 432.886
119 525.988 363.295
120 174.062 266.931
121 506.03 117.768
122 602.625 309.201
123 351.64 299.338
124 396.639 413.324
125 254.144 232.411
126 435.599 594.665
127 205.408 388.155
128 217.124 71.1843
129 310.331 217.838
130 93.6514 178.771
131 461.094 276.041
132 299.109 248.663
133 402.303 404.629
134 240.565 32.8605
135 22.2354 30.2354
136 51.3423 382.596
137 302.34 410.275
138 234.055 344.379
139 340.938 109.005
140 517.093 443.019
141 203.613 480.349
142 285.057 483.138
143 56.9397 153.611
144 276.824 399.041
145 548.088 37.4349
146 597.414 265.869
147 39.9929 73.4131
148 131.425 212.616
149 309.134 373.244
150 423.305 59.072
151 532.956 462.891
152 448.492 285.789
153 75.8939 290.74
154 58.5611 88.1311
155 482.334 242.353
156 214.46 568.837
157 150.379 505.991
158 82.5143 607.635
159 124.495 239.745
160 239.514 410.313
161 91.4926 260.612
162 208.088 85.6889
163 541.343 190.458
164 102.704 166.37
165 567.834 605.337
166 630.863 541.584
167 378.138 330.433
168 222.853 497.093
169 457.564 567.481
170 9.47709 376.352
171 555.041 506.86
172 13.3953 277.18
173 192.147 326.718
174 364.759 453.047
175 106.065 618.22
176 192.244 124.592
177 309.782 286.426
178 567.39 476.778
179 210.252 169.198
180 261.728 521.085
181 235.287 453.288
182 295.113 162.587
183 423.728 296.783
184 394.737 208.517
185 64.7914 305.804
186 400.901 65.0271
187 260.143 149.665
188 292.392 427.936
189 117.103 574.338
190 94.3848 341.215
191 489.875 24.8889
192 595.195 493.349
193 49.5858 330.986
194 295.314 121.812
195 454.321 614.205
196 275.801 207.145
197 558.357 80.6705
198 81.3562 102.588
199 165.55 569.09
200 335.112 490.299
201 617.061 203.332
202 69.0997 77.2257
203 285.159 301.539
204 48.7914 187.389
205 621.855 318.573
206 451.85 509.408
207 81.3176 632.079
208 76.2606 55.6079
209 389.738 9.02298
210 41.9424 216.564
211 486.524 617.671
212 201.914 8.0193
213 251.416 123.694
214 107.089 417.609
215 340.083 23.0268
216 139.433 262.039
217 588.869 408.731
218 145.631 218.919
219 514.571 583.053
220 145.206 445.404
221 291.937 580.071
222 341.618 379.74
223 342.835 511.695
224 229.728 588.052
225 32.4653 539.392
226 324.147 8.84927
227 495.8 202
228 519.332 605.916
229 517.92 450.519
230 596.758 362.968
231 551.659 528.111
232 172.691 471.045
233 290.528 341.339
234 316.971 97.6991
235 451.077 519.02
236 232.058 427.791
237 294.77 313.467
238 76.9169 436.727
239 39.7613 470.148
240 426.607 155.474
241 403.461 596.593
242 509.271 219.478
243 6.31162 39.0949
244 223.091 379.199
245 150.051 397.95
246 452.198 520.255
247 295.469 449.131
248 332.464 54.9994
249 440.255 508.752
250 56.0813 145.553
251 375.895 143.729
252 141.017 229.843
253 380.01 576.983
254 233.569 397.748
255 609.5 3.76381
256 294.694 138.856
257 484.86 372.395
258 463.374 98.1486
259 411.047 23.4321
260 606.859 276.283
261 24.4358 489.478
262 142.909 408.269
263 622.005 554.438
264 69.1769 347.853
265 445.732 409.271
266 388.174 561.117
267 11.4265 593.128
268 252.668 435.714
269 558.762 439.487
270 390.491 495.037
271 473.063 420.64
272 592.536 249.598
273 274.43 178.819
274 223.767 60.6355
275 225.348 336.253
276 537.509 140.988
277 472.402 177.808
278 349.022 524.193
279 334.648 389.854
280 626.316 454.118
281 71.1528 121.015
282 170.838 16.3099
283 13.2216 60.2596
284 119.553 289.159
285 0.289524 321.623
286 303.846 480.571
287 234.669 219.228
288 1.02298 210.754
289 259.568 555.963
290 599.086 527.56
291 498.919 254.269
292 583.871 127.651
293 48.3505 164.355
294 109.556 65.6346
295 45.8839 348.548
296 290.2 600.28
297 471.086 118.231
298 332.991 14.0028
299 190.159 270.975
300 254.125 111.814
301 6.52394 191.086
302 457.76 436.274
303 404.774 411.722
304 214.124 593.872
305 494.788 193.334
306 538.302 310.196
307 190.41 483.1
308 585.784 154.538
309 620.042 187.273
310 544.161 257.705
311 74.8429 333.339
312 174.525 44.2007
313 46.7871 166.94
314 538.918 376.169
315 160.585 22.6215
316 505.346 484.279
317 420.891 354.648
318 241.93 548.416
319 183.616 452.352
320 21.9845 43.8339
321 132.274 602.422
322 338.091 500.857
323 572.157 371.333
324 356.521 477.647
325 62.2131 466.664
326 275.579 367.446
327 275.144 456.907
328 558.723 71.3791
329 615.924 396.367
330 215.737 68.9839
331 187.524 97.9262
332 629.649 33.1307
333 552.423 607.093
334 384.932 224.13
335 51.4885 617.178
336 95.4657 36.2677
337 76.2992 118.753
338 565.063 493.252
339 386.862 116.166
340 25.6518 94.0567
341 111.836 0.84927
342 130.366 368.276
343 94.5412 131.54
344 404.976 282.46
345 14.4955 438.001
346 481.501 208.824
347 236.309 192.283
348 250.072 327.963
349 572.601 482.887
350 439.478 218.513
351 139.284 127.033
352 537.839 82.3599
353 9.6508 539.885
354 412.147 138.084
355 275.422 217.975
356 441.533 535.755
357 120.395 320.107
358 583.986 556.33
359 7.73994 78.1227
360 279.41 362.195
361 455.645 456.029
362 303.363 146.615
363 154.625 0.887874
364 516.071 77.4573
365 33.9881 491.515
366 365.244 383.388
367 62.3203 236.852
368 81.3176 400.489
369 313.96 520.875
370 301.008 257.377
371 515.932 265.792
372 336.948 490.473
373 526.643 225.192
374 401.515 181.937
375 503.362 456.599
376 4.97981 414.907
377 530.2 286.213
378 350.631 617.988
379 629.639 504.679
380 38.9699 627.427
381 378.408 295.894
382 98.2258 270.512
383 398.658 263.872
384 181.864 250.67
385 66.4361 307.329
386 65.0078 589.615
387 261.9 279.198
388 554.284 290.219
389 480.127 336.041
390 68.8132 297.621
391 472.618 164.973
392 367.753 34.9359
393 387.518 335.683
394 219.755 42.9092
395 3.06895 387.045
396 377.472 541.4
397 409.965 142.841
398 214.574 241.231
399 463.2 17.342
400 473.159 544.768
401 447.319 482.375
402 66.1567 598.465
403 568.316 223.85
404 631.45 108.012
405 11.2335 505.586
406 483.679 173.541
407 48.3891 540.387
408 584.472 177.719
409 146.19 185.613
410 215.763 591.121
411 564.068 266.015
412 595.358 418.14
413 324.325 167.798
414 50.2614 490.454
415 41.1551 88.2947
416 558.781 605.211
417 134.937 368.911
418 499.427 605.365
419 521.047 471.538
420 351.328 605.049
421 622.693 48.5242
422 115.095 86.9821
423 258.564 170.597
424 290.489 73.4517
425 342.309 258.024
426 437.972 83.2955
427 553.55 596.651
428 607.639 458.683
429 529.636 450.103
430 103.341 491.515
431 372.91 357.06
432 415.578 123.299
433 207.376 94.8095
434 588.969 38.5839
435 22.1389 567.38
436 435.039 178.366
437 566.039 614.061
438 526.648 64.448
439 476.402 354.097
440 136.366 10.4036
441 318.7 75.5465
442 231.909 158.273
443 138.161 501.793
444 194.814 558.501
445 371.266 451.126
446 68.1915 320.408
447 128.607 464.84
448 386.165 623.461
449 230.541 309.54
450 286.575 337.199
451 217.741 590.301
452 152.969 157.51
453 353.605 75.9325
454 99.8858 197.831
455 625.016 401.859
456 525.1 572.466
457 499.989 30.1684
458 200.717 618.867
459 216.38 301.172
460 480.613 56.9783
461 330.308 426.401
462 536.469 107.866
463 302.344 377.52
464 31.616 129.658
465 149.27 509.427
466 261.952 70.4407
467 277.673 92.6284
468 313.554 588.197
469 176.166 580.312
470 230.112 195.631
471 39.5916 440.269
472 507.362 394.727
473 593.177 244.773
474 373.754 335.134
475 370.514 399.176
476 149.424 144.983
477 611.042 275.153
478 110.023 52.8569
479 528.323 488.552
480 127.217 312.725
481 101.7 439.517
482 226.804 409.368
483 106.333 610.008
484 182.244 454.668
485 507.98 615.239
486 318.206 281.909
487 380.104 480.147
488 337.218 313.535
489 9.05245 260.494
490 230.742 559.032
491 438.556 42.9268
492 148.41 572.224
493 471.345 132.467
494 10.3457 168.213
495 444.031 267.722
496 90.3426 261.324
497 621.291 224.092
498 502.387 511.975
499 388.443 241.897
500 49.663 185.111
501 604.333 296.868
502 372.976 251.258
503 137.115 457.804
504 387.586 205.089
505 609.774 429.528
506 139.029 368.708
507 99.4032 261.044
