1 644.099 604.428
2 146.704 196.672
3 830.116 567.444
4 442.345 319.397
5 119.013 813.684
6 53.2829 271.603
7 114.347 748.418
8 102.553 678.486
9 491.502 420.042
10 21.5097 143.391
11 409.203 432.924
12 648.437 878.541
13 329.388 31.2
14 90.652 288.498
15 524.575 256.697
16 388.195 133.453
17 218.129 299.118
18 30.5176 357.804
19 70.7381 84.0483
20 700.909 155.372
21 254.077 607.158
22 634.646 447.91
23 280.691 329.251
24 585.512 789.201
25 225.835 408.059
26 838.601 864.894
27 37.684 396.267
28 846.822 338.396
29 141.86 583.166
30 684.871 306.788
31 306.383 637.594
32 23.011 514.079
33 77.7953 15.643
34 25.6315 174.371
35 304.848 812.103
36 824.666 392.17
37 193.069 813.247
38 487.882 222.331
39 562.444 681.68
40 257.405 115.985
41 484.323 527.945
42 893.951 745.226
43 683.347 475.489
44 40.2079 432.46
45 677.146 168.256
46 390.543 4.8042
47 698.102 351.145
48 692.865 184.5
49 798.24 364.029
50 70.0976 91.6073
51 426.809 665.029
52 877.589 875.729
53 263.836 142.898
54 329.552 366.923
55 226.534 627.851
56 660.252 56.3129
57 505.356 755.242
58 414.799 559.527
59 0.354856 303.349
60 497.94 377.74
61 258.539 551.775
62 715.471 881.789
63 163.561 25.3407
64 220.202 571.456
65 86.0115 868.386
66 798.698 163.29
67 785.818 110.499
68 429.921 340.036
69 806.996 325.375
70 617.505 181.852
71 685.697 34.5869
72 582.679 744.926
73 812.13 455.582
74 253.449 474.933
75 221.432 503.431
76 654.396 677.784
77 349.77 461.012
78 576.477 690.961
79 257.27 831.236
80 552.172 175.745
81 367.63 101.955
82 125.482 594.137
83 216.462 37.3417
84 17.6882 165.652
85 174.738 293.684
86 848.649 281.455
87 695.408 190.503
88 646.629 146.473
89 291.076 135.803
90 427.656 184.034
91 591.628 157.121
92 193.942 173.78
93 801.455 197.575
94 239.704 733.496
95 79.5422 220.122
96 317.119 318.879
97 648.103 240.021
98 558.534 29.4352
99 439.494 737.337
100 703.324 576.451
101 277.47 514.816
102 354.064 525.025
103 572.71 820.563
104 178.465 79.6808
105 368.258 74.2761
106 717.054 176.827
107 90.6163 53.2304
108 572.273 709.984
109 129.631 548.964
110 714.761 148.659
111 518.305 150.079
112 23.6661 731.221
113 95.4625 536.323
114 686.425 871.88
115 502.203 323.983
116 678.347 654.691
117 819.307 814.203
118 319.725 263.441
119 679.173 690.74
120 115.45 143.607
121 440.928 46.6226
122 301.627 674.744
123 172.897 684.662
124 58.2509 701.249
125 229.552 56.422
126 410.291 714.543
127 792.25 294.547
128 656.109 226.482
129 278.688 254.295
130 497.598 108.697
131 702.599 731.166
132 740.787 1.96535
133 364.701 735.698
134 387.748 674.58
135 394.572 862.436
136 119.565 847.914
137 371.055 443.626
138 462.568 785.605
139 837.906 241.138
140 133.098 236.745
141 541.974 815.768
142 448.019 815.622
143 556.437 214.935
144 787.66 437.375
145 471.706 429.214
146 848.302 136.929
147 828.506 503.977
148 744.33 763.513
149 113.035 78.589
150 482.74 73.8373
151 726.062 373.499
152 874.994 587.779
153 734.822 601.592
154 704.661 804.978
155 558.196 245.235
156 848.185 10.6751
157 360.861 120.241
158 302.702 725.28
159 505.096 608.798
160 210.175 760.922
161 518.526 147.95
162 656.47 655.666
163 544.076 724.861
164 354.942 752.348
165 548.107 487.11
166 417.092 111.971
167 493.55 703.488
168 328.842 111.045
169 36.8777 290.875
170 114.591 631.261
171 132.535 245.342
172 467.04 883.973
173 506.079 301.409
174 123.532 423.598
175 221.678 772.057
176 721.831 311.784
177 295.213 651.924
178 286.723 632.3
179 232.84 572.764
180 533.169 502.694
181 841.78 799.053
182 573.155 123.763
183 677.898 284.085
184 293.356 538.48
185 536.533 723.851
186 433.923 466.662
187 472.09 516.071
188 49.3249 475.7
189 844.067 29.5622
190 811.391 745.333
191 560.29 27.6241
192 869.541 764.907
193 303.213 292.875
194 569.625 875.677
195 468.057 852.229
196 495.46 625.074
197 812.422 699.723
198 637.512 94.8577
199 748.787 708.021
200 630.824 601.428
201 132.115 101.436
202 365.037 560.153
203 498.845 95.2651
204 818.488 216.191
205 411.126 90.6541
206 284.031 886.568
207 240 658.15
208 738.392 411.716
209 204.475 662.163
210 368.512 405.191
211 104.382 286.05
212 119.177 271.221
213 462.728 644.72
214 233.678 489.346
215 320.107 804.05
216 9.69029 591.574
217 478.782 52.4661
218 704.042 504.523
219 451.977 545.331
220 129.331 552.319
221 321.43 458.503
222 7.15171 233.361
223 691.784 555.215
224 333.1 179.393
225 99.1937 775.714
226 19.053 677.692
227 323.273 13.894
228 729.638 514.215
229 748.099 817.453
230 346.217 460.386
231 676.955 687.084
232 94.3643 605.986
233 290.807 523.958
234 258.419 591.41
235 464.97 474.744
236 85.7302 626.921
237 178.196 715.471
238 377.648 382.919
239 717.846 162.744
240 782.753 516.588
241 542.492 642.708
242 332.118 331.462
243 552.313 651.79
244 374.482 627.285
245 676.004 384.502
246 722.677 84.8378
247 69.3249 888.724
248 144.481 392.8
249 359.25 513.287
250 35.895 129.197
251 814.148 537.634
252 805.415 755.215
253 832.684 260.355
254 331.872 778.007
255 637.447 789.827
256 89.4488 711.049
257 359.278 357.394
258 404.708 397.167
259 480.913 415.511
260 46.4021 665.764
261 487.5 698.056
262 527.152 434.371
263 755.664 876.141
264 831.452 221.239
265 739.494 421.268
266 54.8388 530.539
267 703.729 531.492
268 387.011 282.413
269 333.938 191.54
270 378.786 61.201
271 431.42 834.921
272 316 245.406
273 513.953 572.002
274 597.113 401.515
275 49.1318 563.866
276 605.575 424.735
277 217.757 565.94
278 245.997 695.819
279 283.448 863.964
280 792.911 647.284
281 586.704 112.244
282 709.274 669.34
283 492.873 867.24
284 77.4803 611.828
285 852.611 249.518
286 798.807 626.022
287 585.048 505.587
288 687.341 206.881
289 567.387 353.466
290 561.655 843.683
291 201.449 347.95
292 509.659 6.76955
293 59.6157 338.398
294 395.147 870.761
295 67.0152 454.87
296 651.515 727.074
297 532.283 471.141
298 186.994 530.975
299 435.763 825.558
300 831.03 117.839
301 571.945 109.243
302 695.731 332.584
303 32.7832 254.213
304 251.019 65.9779
305 562.528 494.314
306 607.389 766.381
307 235.297 93.9643
308 849.661 406.064
309 662.161 855.803
310 868.655 608.304
311 639.614 797.033
312 750.053 622.473
313 96.7895 24.9764
314 703.215 447.857
315 746.098 587.559
316 574.047 212.568
317 43.536 496.125
318 539.981 232.596
319 636.666 256.342
320 333.046 273.132
321 174.671 426.784
322 206.635 848.025
323 258.839 209.747
324 508.544 406.093
325 576.777 187.882
326 798.578 716.565
327 604.741 555.458
328 75.5465 120.598
329 707.118 537.745
330 803.448 354.612
331 141.917 17.6063
332 678.839 84.527
333 212.806 307.714
334 259.017 569.953
335 817.942 385.293
336 77.1318 69.6504
337 152.151 221.541
338 82.0724 110.799
339 314.515 26.1501
340 231.851 465.764
341 699.105 369.325
342 174.998 708.656
343 616.848 18.8094
344 878.633 547.406
345 737.608 726.473
346 598.742 4.44934
347 466.767 599.051
348 416.628 82.7359
349 617.558 122.507
350 184.115 277.115
351 348.508 247.389
352 321.743 703.297
353 877.342 183.954
354 794.759 691.343
355 76.0777 824.086
356 756.548 849.916
357 251.347 176.773
358 568.806 401.781
359 194.03 111.889
360 194.27 105.23
361 324.262 484.132
362 184.716 478.266
363 516.615 796.46
364 518.385 285.113
365 611.129 240.128
366 223.368 11.3302
367 431.668 171.588
368 594.52 36.8231
369 446.236 213.841
370 534.933 848.953
371 775.469 640.134
372 436.328 575.439
373 257.816 850.454
374 150.159 343.2
375 194.759 359.796
376 340.47 349.26
377 150.868 262.484
378 667.04 47.5234
379 504.441 578.633
380 870.007 17.6063
381 340.334 298.898
382 570.116 229.484
383 664.109 143.89
384 495.08 277.854
385 214.614 836.35
386 258.53 790.536
387 100.069 808.145
388 310.881 289.482
389 584.365 745.879
390 708.674 469.476
391 702.232 199.131
392 449.493 684.435
393 302.098 500.485
394 525.239 810.736
395 167.546 597.14
396 606.641 315.714
397 374.041 168.422
398 373.745 771.138
399 726.417 781.965
400 301.602 268.38
401 542.683 49.052
402 447.278 814.778
403 36.2772 376.393
404 151.059 452.416
405 641.497 418.704
406 534.944 629.923
407 144.286 840.027
408 873.474 270.591
409 863.439 778.843
410 176.582 770.257
411 721.449 630.633
412 447.933 256.779
413 625.474 566.595
414 583.574 839.863
415 93.5181 878.568
416 123.618 159.878
417 344.183 859.49
418 398.091 774.977
419 55.3575 404.565
420 358.077 699.887
421 691.914 124.502
422 316.724 310.563
423 617.94 476.871
424 112.829 650.125
425 96.7706 688.12
426 146.994 498.956
427 848.827 687.084
428 5.5685 783.876
429 588.38 532.393
430 199.496 481.211
431 214.616 852.445
432 801.621 833.866
433 459.702 669.942
434 515.36 495.326
435 252.913 339.224
436 206.942 11.1118
437 145.94 798.536
438 417.285 796.187
439 534.977 64.9659
440 703.269 400.443
441 201.039 36.6068
442 791.628 95.1832
443 727.616 250.121
444 299.832 233.47
445 447.066 636.04
446 321.163 41.4908
447 786.387 666.366
448 662.979 772.193
449 362.446 772.605
450 241.705 195.607
451 584.447 597.224
452 323.574 231.42
453 830.662 482.576
454 819.29 457.655
455 27.2693 613.245
456 278.148 438.41
457 279.714 435.546
458 143.276 564.548
459 868.164 82.4651
460 827.624 239.502
461 583.819 656.756
462 420.445 151.769
463 677.801 522.377
464 308.134 95.2651
465 276.405 119.616
466 559.916 443.024
467 149.247 470.977
468 735.179 726.963
469 267.204 749.673
470 707.582 325.348
471 498.763 41.2745
472 890.215 629.214
473 322.898 81.9464
474 550.709 391.408
475 169.944 43.4289
476 217.008 418.466
477 547.861 84.3192
478 747.817 57.1045
479 44.5564 644.365
480 29.5055 275.561
481 665.982 501.741
482 812.029 488.311
483 173.77 247.528
484 431.668 196.863
485 254.221 474.908
486 732.122 51.4635
487 693.61 294.532
488 804.567 336.703
489 576.164 372.407
490 439.521 792.75
491 379.068 295.242
492 414.417 540.966
493 384.8 663.362
494 875.328 313.802
495 850.274 579.618
496 618.459 359.689
497 239.593 376.32
498 400.086 415.347
499 595.366 341.482
500 685.909 491.976
501 373.965 537.417
502 24.3486 449.877
503 268.789 767.225
504 554.016 712.523
505 814.203 492.048
506 890.759 637.484
507 613.965 424.308
508 825.804 475.891
509 128.689 438.221
510 394.654 479.601
511 548.571 205.491
512 555.238 348.771
513 697.373 213.523
514 33.8478 868.579
515 40.7034 43.6567
516 326.812 553.165
517 173.791 141.57
518 852.023 49.6525
519 264.231 386.03
520 767.513 25.1496
521 157.041 618.788
522 778.408 269.419
523 440.771 36.6887
524 398.215 169.266
525 616.684 584.586
526 685.608 557.478
527 885.726 441.797
528 157.174 612.126
529 869.363 607.87
530 380.974 642.043
531 283.42 605.904
532 638.849 111.452
533 521.146 692.325
534 335.897 353.384
535 235.024 404.756
536 128.857 102.826
537 593.209 447.448
538 61.1192 345.193
539 512.174 246.379
540 822.228 64.6383
541 734.442 656.703
542 327.282 522.95
543 375.383 115.201
544 593.47 575.168
545 733.568 165.745
546 209.73 799.435
547 339.664 63.0005
548 592.636 367.057
549 151.786 364.055
550 631.326 624.583
551 389.631 406.639
552 714.925 751.338
553 289.1 708.321
554 788.519 3.38478
555 502.203 862.383
556 467.156 365.531
557 359.303 888.697
558 537.115 778.555
559 206.146 130.76
560 75.6388 766.026
561 527.33 62.6478
562 200.111 737.09
563 36.905 833.995
564 550.49 283.996
565 332.008 826.87
566 534.658 885.995
567 587.105 604.319
568 688.892 256.099
569 114.906 58.6604
570 180.021 532.611
571 757.571 113.419
572 83.6367 471.467
573 811.584 155.101
574 664.869 525.496
575 6.33281 749.291
576 291.336 419.057
577 526.442 387.339
578 718.255 39.664
579 591.735 76.3485
580 172.277 409.258
581 192.031 251.156
582 531.061 773.342
583 397.041 310.362
584 320.735 641.144
585 2.62047 848.162
586 670.079 644.884
587 863.082 698.601
588 135.145 29.0709
589 353.65 224.598
590 585.13 295.54
591 708.491 389.879
592 352.876 297.999
593 137.709 592.283
594 4.8042 246.299
595 251.402 788.901
596 149.785 349.615
597 383.294 712.15
598 423.523 245.396
599 892.737 787.645
600 180.825 333.482
601 183.538 323.273
602 502.28 313.01
603 102.935 508.808
604 809.671 726.308
605 628.829 164.38
606 280.745 215.734
607 20.2814 96.1407
608 353.793 606.694
609 771.645 613.274
610 238.387 780.109
611 221.188 873.882
612 88.2226 453.697
613 56.0378 801.921
614 58.4924 314.131
615 202.986 437.929
616 532.584 463.096
617 10.0724 782.895
618 200.359 583.929
619 258.824 713.724
620 653.298 497.235
621 506.434 894.102
622 105.556 86.8598
623 763.922 740.857
624 267.097 578.742
625 418.898 859.715
626 4.42205 877.724
627 509.371 598.043
628 438.356 536.487
629 858.404 845.102
630 70.2089 319.588
631 756.995 779.92
632 166.564 153.052
633 371.916 753.251
634 536.758 397.93
635 53.9381 573.829
636 107.431 651.488
637 594.555 703.353
638 302.837 388.703
639 360.084 328.244
640 441.142 236.088
641 9.11706 224.435
642 867.24 126.875
643 809.589 305.558
644 409.344 880.943
645 575.985 74.5764
646 327.742 50.1438
647 347.863 157.694
648 18.9165 341.162
649 806.448 391.135
650 264.831 375.74
651 66.9039 307.744
652 562.879 184.991
653 195.626 695.219
654 46.2404 498.683
655 565.869 829.054
656 412.353 497.207
657 56.5291 483.889
658 58.169 395.53
659 386.27 829.434
660 475.542 457.218
661 835.74 526.662
662 632.078 771.129
663 297.396 122.316
664 399.704 173.988
665 282.41 23.9139
666 521.665 323.931
667 484.302 883.702
668 889.841 458.064
669 2.4021 759.2
670 130.07 823.374
671 618.696 858.341
672 885.804 860.962
673 693.1 709.738
674 371.834 464.836
675 143.849 449.475
676 143.58 186.627
677 778.171 725.272
678 560.453 479.137
679 737.655 269.308
680 456.435 151.714
681 416.972 348.197
682 675.399 107.769
683 601.235 8.70971
684 832.546 295.076
685 56.6635 557.344
686 87.5401 315.112
687 151.29 689.703
688 571.208 135.992
689 818.625 450.587
690 221.894 611.416
691 291.719 692.978
692 552.92 254.65
693 836.231 377.057
694 227.836 48.3423
695 759.664 466.881
696 829.579 834.102
697 892.523 790.919
698 838.005 403.609
699 620.726 265.05
700 503.96 738.4
701 0.0818898 696.991
702 362.037 598.616
703 56.5291 705.835
704 163.315 213.38
705 600.525 549.892
706 411.742 147.957
707 445.917 296.386
708 463.061 795.477
709 534.389 369.25
710 770.965 424.328
711 273.197 865.55
712 229.837 660.168
713 723.032 345.711
714 837.069 205.682
715 514.213 830.58
716 43.7312 48.8336
717 833.295 885.327
718 566.868 25.115
719 246.555 178.219
720 502.039 795.943
721 342.081 838.824
722 678.599 457.463
723 439.261 711.768
724 256.642 737.253
725 319.861 375.112
726 768.645 30.1627
727 579.861 90.4609
728 640.705 791.821
729 367.093 101.491
730 522.345 465.409
731 881.631 146.148
732 648.498 718.091
733 699.393 57.4593
734 359.796 199.402
735 728.554 323.003
736 765.833 252.275
737 731.725 690.44
738 83.8824 564.059
739 766.616 579.179
740 813.247 706.845
741 205.442 838.906
742 535.887 266.278
743 121.31 195.473
744 501.274 536.189
745 728.901 831.099
746 282.247 737.174
747 794.385 676.794
748 43.8299 602.492
749 101.123 676.519
750 817.751 823.975
751 233.743 376.666
752 588.624 525.951
753 32.0882 831.645
754 472.338 40.6194
755 467.454 494.205
756 145.218 260.712
757 435.586 27.5989
758 129.533 42.9942
759 737.556 556.634
760 887.513 226.1
761 489.579 354.828
762 342.272 47.7438
763 863.435 424.544
764 558.114 286.641
765 654.837 249.356
766 396.729 608.223
767 246.515 650.86
768 78.1501 347.24
769 593.592 155.32
770 129.85 740.502
771 782.253 665.193
772 450.385 265.077
773 496.743 681.987
774 325.142 141.342
775 117.867 775.605
776 40.3716 366.375
777 216.162 358.158
778 820.504 372.218
779 150.513 670.461
780 592.909 414.009
781 434.835 497.89
782 556.508 863.855
783 271.849 875.868
784 37.4425 849.279
785 702.62 850.536
786 115.847 622.144
787 878.963 364.603
788 746.753 405.491
789 531.057 425.363
790 764.632 492.758
791 50.0346 793.514
792 308.258 472.642
793 890.32 848.162
794 323.164 385.976
795 674.937 678.047
796 486.106 608.004
797 439.922 772.33
798 138.494 411.143
799 875.689 43.5402
800 26.232 19.3554
801 497.243 727.536
802 308.34 0.409449
803 577.505 433.636
804 371.425 443.242
805 419.276 721.285
806 580.47 45.3963
807 688.892 314.539
808 170.425 643.08
809 702.639 669.613
810 510.146 748.827
811 161.13 246.989
812 414.308 390.341
813 283.803 357.421
814 209.734 715.225
815 705.835 504.962
816 102.007 500.346
817 58.3601 174.209
818 806.807 183.817
819 105.392 125.157
820 130.996 383.253
821 712.16 224.244
822 820.424 16.5711
823 495.078 196.81
824 353.6 691.343
825 856.046 528.107
826 425.89 184.443
827 599.706 31.4205
828 497.468 885.365
829 226.089 186.408
830 587.828 364.273
831 548.531 151.278
832 43.874 718.419
833 655.882 633.856
834 434.452 653.673
835 163.097 499.502
836 219 800.281
837 664.372 137.029
838 737.106 134.855
839 893.728 108.094
840 361.434 221.849
841 611.061 487.053
842 98.99 514.295
843 242.637 478.564
844 157.909 162.933
845 683.315 765.917
846 393.915 587.668
847 760.208 668.495
848 685.172 360.481
849 245.766 503.213
850 131.735 481.539
851 209.338 447.5
852 242.503 254.051
853 317.951 91.6367
854 846.114 414.856
855 878.068 199.702
856 130.681 859.133
857 448.634 104.766
858 500.546 580.519
859 746.807 278.591
860 874.35 885.829
861 246.549 522.35
862 830.555 779.399
863 237.323 642.098
864 648.16 726.935
865 712.93 44.0588
866 122.534 749.919
867 471.603 142.026
868 518.417 524.451
869 12.3926 407.185
870 414.889 819.143
871 443.57 834.156
872 854.001 575.905
873 651.227 707.448
874 359.223 485.636
875 275.723 829.518
876 718.769 829.935
877 167.784 532.393
878 840.243 598.698
879 769.953 413.816
880 233.986 98.4588
881 176.519 479.767
882 311.563 716.262
883 777.201 295.267
884 143.124 8.95538
885 798.125 171.916
886 687.75 403.309
887 653.025 842.511
888 340.962 725.598
889 272.002 829.436
890 166.866 841.854
891 322.809 566.459
892 569.873 591.817
893 702.501 885.256
894 23.7753 8.92808
895 332.328 880.642
896 671.628 305.258
897 888.185 56.5039
898 4.14908 530.757
899 81.537 810.793
900 483.805 661.262
901 641.657 333.43
902 279.872 616.193
903 163.929 141.778
904 838.688 723.334
905 667.263 584.884
906 874.263 257.953
907 816.061 815.815
908 260.33 81.4005
909 486.494 176.855
910 704.388 745.008
911 874.843 5.67769
912 60.189 236.607
913 12.1197 415.236
914 145.409 776.506
915 433.825 74.3559
916 404.663 496.936
917 675.068 273.596
918 764.519 104.384
919 162.188 152.315
920 546.887 362.528
921 841.772 241.14
922 713.978 154.828
923 427.901 855.912
924 721.342 45.3123
925 447.406 547.16
926 553.201 223.889
927 666.434 172.435
928 467.563 672.915
929 460.93 619.141
930 511.656 808.227
931 588.632 57.8142
932 205.583 631.017
933 313.119 514.515
934 347.84 264.861
935 884.292 241.384
936 69.0331 665.409
937 57.432 555.051
938 1.50131 103.509
939 683.67 241.366
940 862.709 755.053
941 505.972 563.84
942 813.329 689.13
943 797.898 620.042
944 585.184 814.778
945 251.465 126.522
946 0 883.427
947 893.235 92.1554
948 49.6168 573.501
949 689.291 60.5438
950 633.577 229.919
951 614.473 556.495
952 118.795 383.381
953 777.298 312.493
954 304.147 674.528
955 791.028 865.302
956 268.926 588.624
957 424.225 57.5685
958 847.068 809.619
959 813.984 146.91
960 674.448 74.8745
961 59.9433 253.697
962 703.742 636.12
963 798.316 519.045
964 789.638 399.542
965 197.982 439.284
966 702.177 449.247
967 401.505 310.035
968 435.116 598.316
969 689.075 439.013
970 883.958 356.277
971 244.771 699.504
972 420.804 342.982
973 222.41 86.3664
974 130.48 774.679
975 778.48 546.589
976 110.904 338.914
977 571.723 569.625
978 3.73963 741.239
979 376.729 856.185
980 690.394 418.948
981 885.428 509.247
982 515.278 332.5
983 62.0913 143.798
984 222.977 325.787
985 703.943 85.1926
986 856.54 323.41
987 224.269 307.798
988 496.307 874.391
989 223.532 347.269
990 891.536 281.346
991 502.375 217.692
992 206.566 891.099
993 270.774 54.1039
994 464.901 129.741
995 854.356 692.844
996 656.502 858.641
997 844.174 184.634
998 544.088 282.931
