1 421.094 713.858
2 864.681 19.9286
3 193.67 933.413
4 719.352 539.75
5 323.689 227.454
6 4.57778 195.75
7 399.535 853.241
8 229.669 498.738
9 994.433 651.631
10 726.755 303.659
11 279.809 830.164
12 516.404 237.499
13 668.434 195.14
14 605.511 941.557
15 980.455 297.407
16 725.089 370.896
17 385.662 881.653
18 767.113 94.3327
19 561.077 353.836
20 771.357 530.137
21 235.506 415.937
22 364.33 638.482
23 454.686 935.413
24 622.059 603.935
25 804.187 840.606
26 670.98 785.367
27 128.574 928.988
28 157.457 147.042
29 151.306 85.4518
30 893.277 161.901
31 902.19 782.464
32 130.017 161.769
33 194.275 275.765
34 622.394 431.292
35 387.782 757.866
36 711.832 130.772
37 620.863 555.716
38 646.84 743.553
39 588.636 558.58
40 756.09 40.96
41 869.961 701.346
42 164.403 212.627
43 820.887 504.318
44 125.217 752.377
45 312.061 882.722
46 302.408 594.871
47 425.001 414.594
48 244.999 383.286
49 207.917 612.11
50 147.496 940.977
51 946.074 176.244
52 714.758 205.267
53 600.842 978.855
54 718.558 519.791
55 802.479 926.455
56 252.657 176.824
57 306.491 68.9149
58 304.514 111.545
59 425.155 167.577
60 323.679 546.159
61 805.353 61.4032
62 438.276 691.214
63 660.878 528.005
64 902.89 305.617
65 743.797 949.038
66 991.808 859.737
67 106.215 465.621
68 850.705 368.084
69 587.39 723.472
70 766.167 715.663
71 391.4 580.401
72 680.39 246.132
73 278.176 527.486
74 314.131 968.413
75 413.068 508.29
76 297.346 161.687
77 797.719 506.272
78 740.226 640.771
79 729.654 111.637
80 202.783 519.917
81 827.191 605.63
82 517.582 944.67
83 483.932 155.614
84 69.4906 448.225
85 172.277 864.655
86 196.367 873.322
87 478.433 843.139
88 292.489 513.264
89 88.4666 430.102
90 250.795 73.6106
91 571.001 813.017
92 533.311 55.1164
93 960.747 629.902
94 806.269 955.199
95 326.665 200.537
96 164.861 307.23
97 379.376 176.672
98 846.584 113.407
99 291.553 588.035
100 387.633 162.363
101 381.848 497.792
102 706.168 73.5843
103 730.155 569.404
104 162.414 60.4918
105 807.597 863.129
106 540.086 489.246
107 195.457 637.989
108 577.648 631.825
109 603.076 366.283
110 612.903 709.098
111 507.121 257.424
112 257.668 554.277
113 783.833 161.809
114 296.375 786.645
115 828.792 304.514
116 29.1147 77.3949
117 846.028 38.3049
118 552.61 250.225
119 702.841 777.066
120 36.8358 660.882
121 614.515 856.201
122 335.324 716.412
123 225.481 682.028
124 514.346 337.569
125 162.451 734.052
126 806.146 952.792
127 589.415 793.115
128 427.625 622.368
129 731.223 939.028
130 794.397 355.362
131 490.35 813.963
132 344.869 221.691
133 1.37333 741.848
134 387.707 28.901
135 689.291 457.045
136 274.026 763.455
137 203.987 626.698
138 511.287 439.501
139 316.782 402.661
140 605.487 708.766
141 177.537 480.636
142 642.659 57.1958
143 899.075 92.3226
144 130.213 392.611
145 241.502 113.35
146 239.479 991.424
147 785.028 659.841
148 826.319 162.607
149 362.6 870.819
150 399.121 257.363
151 128.966 599.719
152 634.834 991.032
153 550.761 627.495
154 826.93 576.891
155 601.003 219.982
156 289.266 90.8578
157 349.073 610.985
158 139.944 668.63
159 785.76 39.7656
160 181.86 141.671
161 640.706 979.858
162 953.001 720.786
163 74.4975 352.188
164 818.738 979.587
165 42.3384 491.409
166 128.239 232.158
167 561.749 6.98874
168 22.1259 925.508
169 76.3878 354.289
170 910.124 225.471
171 592.71 718.685
172 518.693 895.753
173 248.995 825.743
174 498.357 114.404
175 861.446 353.771
176 421.943 674.795
177 244.532 472.427
178 359.106 335.429
179 508.53 139.47
180 195.183 763.471
181 336.344 307.236
182 91.5416 191.355
183 574.145 685.751
184 930.082 788.72
185 178.503 36.0465
186 597.723 918.733
187 774.773 499.012
188 257.881 297.739
189 316.258 776.944
190 894.772 883.088
191 886.764 903.439
192 449.507 208.167
193 780.023 829.131
194 711.631 578.452
195 362.996 437.147
196 108.921 651.713
197 799.554 142.43
198 920.286 589.282
199 849.91 568.808
200 733.965 228.557
201 245.003 348.979
202 604.877 469.741
203 682.852 156.961
204 785.624 867.244
205 476.328 319.437
206 699.89 721.397
207 204.047 843.501
208 709.788 497.818
209 900.182 833.343
210 400.403 441.786
211 892.148 447.955
212 612.104 331.309
213 574.543 762.509
214 613.341 602.684
215 177.709 455.89
216 946.078 837.825
217 69.1549 696.04
218 686.524 292.428
219 541.978 368.912
220 336.161 736.747
221 788.11 983.795
222 572.802 415.815
223 931.85 723.777
224 502.596 488.296
225 505.779 895.322
226 134.709 413.495
227 287.281 588.488
228 279.092 246.105
229 851.466 319.529
230 224.214 246.746
231 331.975 900.392
232 709.128 668.726
233 355.235 70.7114
234 616.688 347.697
235 69.3713 593.677
236 973.801 752.983
237 446.76 88.4426
238 21.6681 613.335
239 590.838 152.414
240 771.167 352.798
241 170.143 240.521
242 711.49 446.154
243 719.901 721.034
244 424.677 977.691
245 45.9016 531.693
246 645.466 916.379
247 362.743 290.801
248 263.934 721.641
249 205.42 668.6
250 767.724 281.472
251 620.014 935.183
252 875.458 830.978
253 933.016 774.153
254 521.326 24.8115
255 886.593 306.07
256 335.032 616.657
257 419.05 624.165
258 476.445 778.863
259 65.9505 779.752
260 354.228 152.688
261 579.798 460.311
262 843.038 382.397
263 685.463 232.978
264 894.345 464.553
265 405.377 858.119
266 358.52 275.46
267 282.291 50.3597
268 797.601 549.75
269 494.125 556.631
270 627.979 412.702
271 713.736 976.897
272 590.869 256.142
273 617.786 825.709
274 830.932 699.519
275 505.417 354.808
276 592.578 759.117
277 400.861 948.383
278 181.188 16.5147
279 179.174 543.478
280 51.6068 438.246
281 557.726 196.844
282 559.221 622.15
283 749.687 887.849
284 99.4302 323.439
285 433.119 343.903
286 986.353 572.71
287 247.621 5.46281
288 0.671407 219.768
289 829.117 194.851
290 12.8483 208.018
291 766.432 603.371
292 157.384 588.859
293 820.338 754.422
294 205.554 713.283
295 166.373 341.136
296 925.718 979.282
297 123.753 773.492
298 269.222 807.733
299 723.757 857.94
300 186.56 357.071
301 106.754 257.424
302 614.454 188.177
303 398.114 454.024
304 84.6278 498.951
305 377.606 266.518
306 975.175 500.015
307 226.203 459.822
308 124.424 511.114
309 394.33 692.068
310 221.595 940.855
311 505.896 141.392
312 533.539 886.858
313 560.137 296.522
314 97.2015 954.222
315 209.357 274.168
316 912.748 671.438
317 139.243 853.698
318 370.037 794.946
319 679.748 104.072
320 32.4107 686.457
321 490 317.885
322 3.14341 11.3529
323 221.259 553.27
324 2.10578 948.003
325 821.863 460.681
326 888.546 329.203
327 347.667 253.059
328 134.245 856.197
329 283.425 718.863
330 898.312 62.4145
331 634.266 847.137
332 93.4782 210.791
333 628.559 876.705
334 255.189 37.5114
335 989 395.494
336 812.403 635.341
337 431.159 817.794
338 518.71 980.533
339 699.234 601.001
340 264.04 709.285
341 4.51674 528.737
342 976.68 936.247
343 874.905 695.857
344 681.082 325.087
345 831.965 478.347
346 408.383 125.614
347 361.089 17.1576
348 826.38 861.999
349 815.426 738.426
350 456.648 997.41
351 314.899 815.577
352 759.73 183.569
353 346.638 479.263
354 522.629 678.538
355 788.263 528.951
356 430.871 483.312
357 138.218 190.867
358 62.0441 811.125
359 763.268 124.123
360 277.413 186.442
361 342.246 21.0273
362 151.106 715.751
363 338.847 330.123
364 727.622 24.0486
365 460.86 295.785
366 320.184 910.703
367 698.294 276.986
368 566.881 654.744
369 79.9529 122.322
370 465.723 768.491
371 824 173.589
372 653.31 262.917
373 497.909 279.249
374 80.0569 879.36
375 301.556 732.81
376 884.152 429.888
377 142.615 51.6415
378 155.585 466.724
379 634.165 160.741
380 426.534 58.9923
381 911.1 910.672
382 389.006 455.218
383 183.36 76.9271
384 772.057 403.581
385 908.988 386.853
386 410.891 390.545
387 816.431 870.484
388 125.562 353.164
389 832.315 197.79
390 28.5653 821.375
391 479.135 43.3058
392 426.862 567.801
393 960.075 901.551
394 238.166 525.258
395 2.68563 639.672
396 799.488 432.417
397 908.963 956.18
398 12.7873 168.676
399 200.873 784.818
400 637.6 979.543
401 767.224 615.497
402 249.825 433.119
403 586.779 223.64
404 521.134 749.722
405 581.76 257.637
406 656.92 591.148
407 194.96 113.041
408 745.106 20.9398
409 504.807 316.939
410 113.529 892.945
411 779.565 645.558
412 619.282 958.739
413 233.934 38.0261
414 222.663 229.926
415 123.213 748.41
416 794.752 238.964
417 644.734 817.347
418 91.1594 895.566
419 623.328 642.079
420 878.919 524.923
421 539.262 123.753
422 126.621 970.34
423 700.827 421.705
424 256.975 771.146
425 393.848 916.674
426 875.198 104.953
427 902.792 50.024
428 922.806 202.429
429 422.645 380.474
430 434.523 668.054
431 612.152 831.45
432 291.971 419.66
433 747.026 388.745
434 34.6995 501.633
435 451.193 747.724
436 862.943 26.4332
437 101.016 317.061
438 517.258 176.428
439 923.882 364.177
440 447.951 506.459
441 680.618 548.112
442 776.823 0.976592
443 819.777 262.189
444 832.54 88.3858
445 871.528 681.635
446 471.033 367.016
447 434.418 955.901
448 506.946 734.737
449 905.057 271.554
450 789.727 328.776
451 973.521 122.257
452 243.05 990.879
453 231.66 292.825
454 222.694 347.366
455 342.906 792.509
456 305.582 568.316
457 354.045 248.512
458 675.588 944.792
459 605.403 404.187
460 597.51 531.728
461 44.557 328.78
462 545.275 574.206
463 563.738 404.1
464 418.195 531.388
465 427.686 71.8406
466 562.517 110.864
467 40.141 101.02
468 999.941 816.248
469 287.545 657.251
470 217.261 402.36
471 792.156 148.137
472 590.777 272.5
473 637.074 403.974
474 128.422 275.098
475 52.8886 549.791
476 564.59 679.189
477 735.574 201.548
478 312.138 871.979
479 107.028 825.149
480 282.723 265.511
481 286.081 808.836
482 294.894 285.623
483 599.384 206.004
484 690.849 796.381
485 676.776 77.7816
486 775.292 130.192
487 290.323 96.4121
488 219.828 429.487
489 884.749 311.045
490 147.16 361.736
491 956.542 36.0118
492 810.229 419.267
493 538.285 842.895
494 331.553 697.199
495 26.1849 786.863
496 512.864 701.041
497 67.8874 972.655
498 258.074 384.686
499 33.3872 36.6527
500 475.753 392.014
501 493.698 38.6364
502 292.026 357.189
503 954.772 782.255
504 23.2551 56.8255
505 887.412 416.643
506 426.728 783.75
507 917.427 815.825
508 25.5745 462.146
509 273.876 220.588
510 132.787 253.34
511 125.156 637.17
512 717.561 913.423
513 710.977 753.105
514 783.786 447.676
515 754.511 970.34
516 495.984 637.257
517 694.93 578.875
518 238.35 450.549
519 616.199 316.416
520 794.223 906.796
521 973.527 344.314
522 183.355 955.199
523 311.289 52.4044
524 672.72 881.653
525 365.703 723.964
526 246.864 939.883
527 446.992 361.71
528 374.922 842.04
529 761.591 814.386
530 683.502 390.912
531 542.528 165.17
532 109.959 307.983
533 841.517 473.835
534 256.691 891.297
535 143.981 907.682
536 483.408 19.3224
537 771.312 329.508
538 946.23 638.05
539 75.0145 570.487
540 788.646 114.967
541 33.3567 222.5
542 188.087 176.051
543 896.587 301.086
544 288.364 571.123
545 234.535 501.267
546 589.862 576.499
547 926.176 804.834
548 962.938 189.245
549 994.84 252.449
550 921.323 51.3363
551 440.491 549.791
552 473.861 815.76
553 702.933 700.186
554 623.28 664.998
555 447.861 589.557
556 43.8107 404.649
557 291.233 195.628
558 88.9309 590.777
559 2.19733 283.43
560 321.574 135.807
561 761.576 301.039
562 261.788 113.106
563 349.071 529.283
564 389.966 229.743
565 193.214 914.705
566 932.707 229.564
567 181.86 599.872
568 193.274 895.906
569 409.162 140.619
570 595.043 448.592
571 886.898 866.054
572 26.429 549.612
573 317.848 950.865
574 816.86 794.824
575 820.795 489.181
576 409.528 104.923
577 360.731 965.427
578 734.886 218.578
579 799.923 763.699
580 587.664 120.762
581 568.173 97.3887
582 398.871 662.099
583 520.066 784.499
584 923.691 983.005
585 79.213 840.317
586 230.744 660.451
587 835.505 55.0901
588 963.378 743.645
589 247.475 667.043
590 51.3321 228.706
591 907.743 535.386
592 708.975 723.655
593 456.278 713.252
594 77.9748 295.82
595 712.701 480.427
596 430.372 249.31
597 104.16 207.561
598 30.1828 19.8675
599 430.158 917.177
600 611.805 887.082
601 47.6738 340.241
602 107.531 99.1852
603 996.406 424.574
604 991.984 76.1173
605 790.722 583.697
606 499.13 292.371
607 565.617 856.258
608 181.437 525.681
609 224.595 647.511
610 871.869 801.237
611 423.841 124.933
612 88.3511 627.359
613 615.833 535.386
614 468.825 647.816
615 550.937 445.208
616 869.076 584.527
617 771.661 807.093
618 180.747 983.801
619 287.174 545.122
620 207.984 125.038
621 757.15 128.758
622 327.799 934.939
623 513.453 516.56
624 716.391 400.494
625 841.06 407.29
626 724.998 557.791
627 655.416 566.902
628 197.029 671.529
629 269.784 845.424
630 248.421 752.682
631 313.334 504.339
632 133.946 334.212
633 724.069 84.933
634 194.861 796.381
635 529.405 61.0065
636 760.46 903.291
637 994.548 610.889
638 369.722 877.255
639 791.864 928.465
640 925.443 215.007
641 700.186 658.84
642 177.221 228.283
643 562.267 953.612
644 171.911 469.395
645 218.36 411.974
646 726.954 804.682
647 494.271 715.419
648 748.1 791.715
649 64.2284 965.61
650 242.897 622.059
651 437.027 735.805
652 503.433 109.806
653 321.292 311.716
654 840.68 452.091
655 821.192 845.363
656 686.826 689.627
657 776.33 228.374
658 152.348 553.362
659 382.946 818.232
660 11.2613 591.056
661 2.472 427.813
662 446.883 600.543
663 532.701 489.456
664 387.549 29.1452
665 833.362 919.523
666 933.806 18.6367
667 767.246 623.554
668 273.036 257.58
669 40.3455 511.368
670 66.8661 376.955
671 571.965 511.948
672 169.03 136.422
673 405.652 759.03
674 831.996 560.416
675 620.741 34.9132
676 632.269 906.007
677 925.535 431.44
678 516.251 542.776
679 927.492 933.765
680 320.294 861.816
681 270.18 50.4776
682 196.086 794.676
683 862.606 896.028
684 103.458 983.28
685 559.339 990.081
686 168.035 690.847
687 148.076 469.649
688 468.52 753.262
689 136.564 839.05
690 149.083 400.037
691 95.2788 984.954
692 986.111 421.603
693 529.374 773.404
694 152.033 7.99585
695 860.662 224.498
696 128.775 403.978
697 829.707 875.21
698 183.63 532.446
699 450.555 188.177
700 289.193 469.013
701 724.601 327.559
702 665.731 180.216
703 992.471 251.326
704 99.1268 927.854
705 996.979 932.514
706 666.053 109.073
707 181.388 605.461
708 228.99 18.3721
709 221.88 553.091
710 501.146 540.273
711 601.184 309.248
712 387.555 10.1668
713 550.005 588.401
714 324.409 630.909
715 851.131 994.145
716 842.982 912.961
717 484.603 216.926
718 993.525 958.342
719 820.368 260.113
720 870.571 90.4305
721 866.499 346.511
722 327.153 378.251
723 715.042 248.939
724 933.836 987.64
725 97.341 759.88
726 809.809 8.33155
727 305.246 613.422
728 158.177 886.231
729 459.487 789.087
730 35.296 865.017
731 988.126 22.4311
732 572.888 937.106
733 859.89 133.885
734 211.737 280.435
735 874.008 421.949
736 71.4077 998.051
737 747.743 832.519
738 964.8 159.463
739 613.194 382.031
740 915.922 734.947
741 329.875 226.234
742 401.715 352.34
743 321.238 824.946
744 734.245 797.388
745 101.369 707.82
746 448.256 588.031
747 318.186 726.371
748 905.393 837.493
749 180.252 112.77
750 354.413 910.249
751 234.87 658.742
752 941.496 710.858
753 628.212 609.76
754 441.755 240.079
755 566.515 860.469
756 340.68 360.458
757 604.785 641.412
758 736.505 376.782
759 248.024 332.778
760 119.093 580.893
761 134.983 735.527
762 692.495 681.818
763 818.445 239.113
764 250.496 479.192
765 591.856 15.1677
766 354.411 518.269
767 95.0041 666.254
768 756.584 461.348
769 177.91 26.6732
770 496.279 477.706
771 247.684 571.097
772 923.521 529.104
773 461.632 150.639
774 547.473 420.728
775 447.31 832.488
776 904.813 327.742
777 735.392 787.469
778 550.859 505.635
779 500.229 300.394
780 396.191 207.866
781 40.4065 262.189
782 872.463 806.761
783 780.053 767.632
784 26.0628 312.174
785 68.7064 853.114
786 492.019 810.149
787 797.768 840.724
788 758.324 13.4281
789 43.1532 366.013
790 871.792 610.252
791 962.166 109.779
792 111.026 589.282
793 535.783 24.781
794 934.836 150.674
795 135.899 667.902
796 267.261 720.577
797 380.108 18.891
798 613.514 804.96
799 771.386 78.0705
800 78.267 626.397
801 797.33 318.237
802 857.021 385.514
803 177.017 764.763
804 157.174 301.208
805 512.101 528.113
806 594.243 962.493
807 860.551 611.988
808 989.207 122.247
809 628.437 447.279
810 328.349 376.267
811 847.163 267.586
812 569.378 792.783
813 561.083 352.615
814 472.536 852.081
815 395.337 908.388
816 711.129 165.567
817 148.473 352.58
818 948.546 583.972
819 950.713 318.979
820 110.693 418.321
821 622.608 678.579
822 939.482 457.324
823 740.44 271.131
824 625.646 489.578
825 298.044 289.529
826 632.778 740.44
827 578.037 876.644
828 478.042 773.099
829 346.416 87.0735
830 714.311 535.051
831 854.457 844.512
832 812.87 48.2498
833 962.701 549.242
834 946.471 406.999
835 360.823 384.777
836 581.372 813.532
837 189.245 151.616
838 416.533 315.657
839 425.087 426.099
840 72.8782 40.136
841 266.945 684.351
842 18.0364 759.823
843 360.424 897.584
844 644.917 944.094
845 190.344 100.135
846 58.3375 487.843
847 42.3532 372.173
848 748.802 571.764
849 604.795 478.717
850 699.087 481.307
851 374.554 643.452
852 677.511 23.2551
853 58.9793 669.367
854 739.128 614.128
855 771.905 728.874
856 964.019 489.395
857 655.043 510.025
858 250.832 113.742
859 130.222 386.212
860 301.235 604.846
861 311.543 1.67852
862 958.098 889.252
863 831.141 587.115
864 98.3629 342.025
865 188.057 850.799
866 638.968 17.3345
867 578.143 86.6157
868 654.469 38.4533
869 941.069 350.139
870 421.005 988.342
871 732.148 884.274
872 471.48 928.438
873 521.714 655.877
874 949.461 3.60118
875 997.911 93.2992
876 404.44 412.427
877 743.867 741.879
878 130.467 649.159
879 83.8148 123.661
880 464.217 417.768
881 694.382 641.53
882 516.861 378.678
883 78.7215 714.53
884 28.0095 819.182
885 463.815 936.003
886 400.389 927.767
887 703.094 294.626
888 235.145 685.541
889 533.092 839.32
890 912.046 231.025
891 881.391 531.693
892 845.441 538.351
893 165.838 258.282
894 264.155 799.036
895 995.782 896.634
896 435.926 413.699
897 624.807 176.916
898 230.989 507.191
899 659.933 11.4039
900 799.585 366.226
901 399.268 602.802
902 96.517 3.47911
903 327.076 158.792
904 647.42 777.219
905 700.461 960.971
906 876.363 91.8912
907 750.132 860.866
908 656.936 533.498
909 250.832 486.587
910 945.677 770.2
911 22.5532 471.541
912 434.517 964.385
913 301.891 177.774
914 819.941 716.453
915 533.817 165.899
916 104.495 897.702
917 413.192 54.1745
918 96.0296 275.251
919 739.402 243.812
920 648.208 461.104
921 284.404 421.526
922 479.631 218.543
923 614.795 957.889
924 722.946 638.02
925 394.726 93.2992
926 42.7425 567.74
927 76.9372 963.439
928 983.971 595.66
929 698.386 997.03
930 484.136 337.992
931 814.57 886.441
932 567.493 453.936
933 8.45363 804.197
934 560.481 329.665
935 607.898 908.322
936 999.918 276.833
937 829.432 604.301
938 17.3956 150.521
939 395.001 167.093
940 161.229 987.548
941 616.56 88.992
942 422.681 569.781
943 246.423 757.382
944 137.547 541.86
945 439.788 953.25
946 280.16 833.888
947 723.093 905.336
948 446.8 599.689
949 342.601 98.2391
950 682.058 597.038
951 423.261 677.851
952 973.909 518.91
953 873.623 8.36622
954 371.786 753.262
955 560.93 238.35
956 417.488 207.953
957 796.564 480.732
958 370.651 199.611
959 988.778 696.314
960 131.504 148.32
961 213.63 70.5019
962 386.639 837.035
963 174.932 948.519
964 938.583 715.751
965 706.864 516.774
966 326.321 689.352
967 39.7046 850.189
968 938.665 671
969 247.505 104.866
970 944.474 848.628
971 567.051 897.946
972 646.277 357.982
973 230.602 46.6628
974 313.313 74.1905
975 598.248 320.937
976 474.976 464.4
977 712.119 409.223
978 305.935 930.514
979 199.157 719.474
980 407.056 529.317
981 60.1158 695.429
982 240.229 196.112
983 664.069 390.366
984 938.127 651.723
985 942.839 132.298
986 638.722 203.654
987 998.925 731.376
988 685.018 362.198
989 981.49 570.808
990 73.3147 914.095
991 248.573 71.6006
992 468.764 755.669
993 174.889 572.253
994 662.862 977.848
995 500.259 874.573
996 365.429 505.909
997 559.954 175.241
998 83.4403 956.057
999 730.493 690.058
1000 704.727 720.882
1001 882.229 41.6619
1002 100.04 185.679
1003 233.1 29.0578
1004 820.582 939.089
1005 427.2 219.52
1006 251.205 907.275
1007 351.957 447.279
1008 867.32 430.555
1009 67.9647 795.007
1010 563.16 86.8598
1011 153.143 372.784
1012 508.173 955.992
1013 651.762 698.39
1014 554.667 985.02
1015 827.54 841.338
1016 386.822 614.673
1017 636.831 818.419
1018 154.685 680.563
1019 513.041 60.736
1020 9.18607 410.138
1021 493.637 628.071
1022 995.645 360.118
1023 176.889 456.028
1024 607.732 442.645
1025 124.105 423.811
1026 362.294 652.455
1027 559.191 109.033
1028 703.507 742.703
1029 481.033 718.497
1030 10.4068 787.957
1031 764.444 94.9431
1032 698.075 482.162
1033 348.766 321.639
1034 718.765 937.472
1035 337.828 34.0892
1036 547.166 722.678
1037 895.871 535.207
1038 991.097 210.857
1039 971.962 848.175
1040 214.425 335.765
1041 327.557 542.959
1042 94.3576 628.59
1043 595.721 878.689
1044 490.946 278.669
1045 6.65304 44.9232
1046 187.414 151.376
1047 507.187 733.421
1048 788.333 383.831
1049 718.223 500.371
1050 29.2978 732.845
1051 177.772 905.58
1052 98.3629 210.765
1053 854.039 164.434
1054 583.514 679.865
1055 600.635 784.631
1056 841.456 763.486
1057 625.629 659.296
1058 261.659 869.751
1059 990.656 151.101
1060 616.779 338.878
1061 896.756 904.42
1062 466.567 401.933
1063 403.105 813.597
1064 611.927 948.947
1065 390.79 541.368
1066 352.719 818.419
1067 823.506 184.824
1068 547.496 976.047
1069 724.289 57.5274
1070 889.295 61.4643
1071 348.704 649.255
1072 871.212 352.279
1073 563.341 896.577
1074 819.141 563.071
1075 28.4738 297.102
1076 623.798 58.7786
1077 833.326 280.835
1078 664.854 470.783
1079 787.768 362.167
1080 995.958 465.839
1081 597.569 954.344
1082 997.851 378.002
1083 452.559 42.608
1084 390.769 352.371
1085 291.408 315.26
1086 551.371 953.219
1087 748.086 460.952
1088 471.138 391.74
1089 614.704 215.552
1090 181.319 300.459
1091 365.49 857.753
1092 156.224 938.998
1093 466.384 9.49541
1094 94.9736 633.32
1095 55.6047 589.042
1096 72.3289 975.494
1097 987.581 871.487
1098 372.624 679.434
1099 32.9295 820.403
1100 809.207 619.194
1101 756.754 681.299
1102 717.917 437.941
1103 931.404 187.205
1104 664.626 26.6732
1105 64.3579 768.059
1106 689.395 390.063
1107 395.086 322.916
1108 109.655 865.291
1109 54.1879 184.946
1110 274.7 133.156
1111 305.795 159.49
1112 635.222 46.6018
1113 7.84326 116.554
1114 448.317 163.976
1115 807.269 379.746
1116 560.503 698.538
1117 510.748 182.348
1118 501.358 666.986
1119 15.2898 844.966
1120 380.377 470.966
1121 490.249 325.362
1122 150.151 157.598
1123 927.366 987.339
1124 277.559 424.299
1125 381.041 967.162
1126 504.479 944.155
1127 289.31 451.521
1128 64.2415 670.248
1129 905.295 551.718
1130 134.832 480.06
1131 876.644 113.224
1132 333.903 162.816
1133 915.274 745.693
1134 988.254 484.075
1135 368.267 559.893
1136 665.181 961.486
1137 981.21 670.191
1138 359.416 572.283
1139 914.06 396.771
1140 288.089 324.172
1141 675.832 349.563
1142 427.015 977.142
1143 741.173 957.492
1144 841.914 451.542
1145 619.688 426.283
1146 109.684 102.664
1147 641.348 403.734
1148 243.812 647.725
1149 950.591 164.22
1150 424.879 882.9
1151 778.832 298.811
1152 650.807 996.128
1153 164.586 57.9852
1154 480.483 562.334
1155 791.406 636.402
1156 113.468 693.045
1157 901.059 288.618
1158 342.023 100.131
1159 477.309 362.869
1160 305.246 629.876
1161 54.9028 56.1887
1162 825.023 880.524
1163 646.29 612.293
1164 876.339 431.227
1165 432.198 411.485
1166 890.957 100.711
1167 251.015 981.872
1168 874.075 966.643
1169 783.046 683.401
1170 119.175 875.24
1171 509.439 778.649
1172 716.971 76.9066
1173 559.62 689.749
1174 368.206 585.345
1175 138.798 199.504
1176 477.38 868.679
1177 52.2172 202.067
1178 571.795 200.751
1179 168.056 488.876
1180 270.394 785.642
1181 693.359 281.873
1182 862.514 121.616
1183 792.749 690.669
1184 983.972 13.5807
1185 964.324 445.178
1186 915.128 429.857
1187 946.532 377.457
1188 450.035 659.814
1189 709.832 844.909
1190 588.223 283.124
1191 668.753 315.199
1192 920.133 774.529
1193 637.053 991.699
1194 272.53 410.722
1195 923.917 883.694
1196 613.164 671.045
1197 474.624 364.299
1198 489.709 545.213
1199 200.323 332.9
1200 446.182 301.924
1201 762.902 755.307
1202 96.8352 439.837
1203 325.816 990.448
1204 792.125 138.951
1205 903.47 818.567
1206 253.029 902.585
1207 577.41 513.932
1208 276.202 241.432
1209 642.02 108.65
1210 831.568 697.104
1211 2.83822 567.98
1212 713.919 127.968
1213 905.148 585.502
1214 355.388 353.16
1215 183.081 490.437
1216 553.789 928.835
1217 208.808 614.582
1218 3.66222 440.413
1219 15.717 437.334
1220 864.834 214.911
1221 136.052 445.788
1222 877.683 928.007
1223 565.273 192.79
1224 987.824 523.331
1225 276.888 373.917
1226 458.733 795.831
1227 17.1819 557.974
1228 640.883 564.719
1229 873.593 694.972
1230 871.214 738.151
1231 568.805 545.244
1232 151.952 96.5911
1233 27.3991 236.325
1234 34.1132 257.973
1235 134.434 640.828
1236 778.292 480.121
1237 948.332 266.732
1238 505.579 743.649
1239 178.84 950.56
1240 919.919 686.972
1241 184.63 80.8741
1242 796.367 57.9241
1243 324.917 368.698
1244 313.791 716.544
1245 625.69 152.684
1246 681.417 363.933
1247 247.507 579.394
1248 9.00296 165.537
1249 626.301 857.025
1250 764.519 299.478
1251 253.294 920.733
1252 127.591 194.834
1253 94.9366 661.061
1254 772.761 851.558
