1 206.113 768.886
2 731.703 161.434
3 483.402 118.515
4 358.302 63.0565
5 92.1469 476.195
6 503.051 53.4254
7 284.265 505.329
8 678.53 222.543
9 665.004 192.483
10 128.835 442.414
11 223.157 653.468
12 259.709 369.732
13 345.634 357.241
14 240.934 142.026
15 269.373 97.0167
16 244.764 288.544
17 733.558 635.052
18 404.023 578.044
19 616.782 605.584
20 650.648 11.6168
21 128.835 98.7995
22 286.679 228.571
23 95.5102 742.055
24 521.055 657.851
25 683.705 571.392
26 107.137 69.0984
27 249.61 524.23
28 353.13 741.454
29 703.016 684.601
30 766.159 533.568
31 2.71855 346.816
32 529.505 276.062
33 715.172 307.858
34 470.344 234.504
35 280.105 405.016
36 371.38 365.396
37 347.241 69.1929
38 297.128 245.449
39 496.907 447.284
40 771.79 663.491
41 82.6911 119.592
42 716.999 348.352
43 115.524 135.407
44 129.58 683.797
45 248.275 323.673
46 397.05 222.424
47 316.158 109.404
48 577.381 156.433
49 120.961 361.709
50 156.376 552.419
51 454.302 754.418
52 320.1 762.351
53 70.8122 628.396
54 546.452 352.263
55 212.971 111.744
56 700.25 630.193
57 103.741 764.904
58 176.92 668.016
59 109.388 26.8407
60 698.903 415.654
61 620.443 535.138
62 59.9603 594.071
63 565.542 392.96
64 462.058 522.41
65 555.86 555.468
66 705.144 644.225
67 43.4967 728.155
68 597.806 430.027
69 655.832 741.913
70 478.93 95.9154
71 188.454 434.741
72 377.949 388.313
73 77.1831 451.373
74 133.28 134.817
75 45.6544 474.138
76 283.179 593.447
77 578.861 290.658
78 437.19 357.794
79 330.623 637.322
80 569.264 631.814
81 410.621 620.68
82 584.741 751.676
83 379.036 288.412
84 370.131 709.21
85 312.823 209.716
86 174.32 625.337
87 59.7371 430.452
88 415.013 589.178
89 659.934 201.206
90 346.556 418.42
91 282.646 196.833
92 43.6386 512.184
93 326.374 265.86
94 523.321 317.134
95 683.466 373.859
96 727.249 368.456
97 501.56 454.125
98 760.096 245.677
99 520.519 731.431
100 115.597 238.476
101 229.162 570.834
102 322.961 167.297
103 480.74 15.0446
104 377.077 598.033
105 442.367 20.3536
106 168.81 336.353
107 25.6253 661.812
108 494.353 558.602
109 579.715 332.135
110 657.178 128.278
111 234.811 218.406
112 558.46 61.2737
113 764.949 16.2876
114 637.842 95.0782
115 155.548 38.958
116 141.033 18.3206
117 714.408 710.392
118 672.143 222.34
119 692.071 536.438
120 663.113 10.4112
121 196.437 560.044
122 700.031 295.599
123 419.747 523.427
124 372.463 338.812
125 618.213 108.505
126 685.904 684.422
127 772.632 326.131
128 179.353 23.9094
129 567.372 685.83
130 140.93 544.712
131 593.92 273.769
132 518.557 41.5583
133 57.0422 405.452
134 129.855 603.48
135 613.753 134.462
136 342.034 349.7
137 559.356 668.087
138 125.212 169.34
139 666.5 402.449
140 522.839 134.864
141 264.29 1.30017
142 663.563 654.721
143 481.23 81.06
144 132.027 462.673
145 504.397 156.541
146 335.357 34.4664
147 649.945 263.983
148 528.152 22.3866
149 199.778 319.735
150 454.987 651.127
151 160.548 711.513
152 238.499 340.858
153 227.341 452.484
154 680.67 44.0641
155 148.645 293.769
156 540.168 473.453
157 242.781 631.601
158 98.9051 182.105
159 267.552 298.284
160 293.178 670.498
161 718.784 599.097
162 233.703 489.078
163 682.456 87.3579
164 45.6479 213.428
165 154.279 52.527
166 52.7398 305.021
167 174.2 10.6003
168 306.915 488.204
169 436.364 562.574
170 240.231 517.574
171 334.523 324.628
172 762.529 709.281
173 450.499 377.226
174 13.6637 221.432
175 272.966 86.0479
176 59.0752 153.336
177 674.863 588.398
178 429.98 736.348
179 417.287 306.274
180 563.117 419.224
181 451.35 408.572
182 162.765 161.954
183 748.464 407.404
184 142.349 722.292
185 337.703 512.08
186 231.972 164.98
187 616.56 330.018
188 287.882 616.33
189 190.523 304.052
190 498.868 332.466
191 226.869 441.776
192 721.904 205.981
193 17.4696 292.809
194 482.895 221.158
195 324.166 11.0397
196 533.426 708.855
197 479.095 610.396
198 328.802 112.524
199 747.057 445.392
200 477.873 232.306
201 65.4342 282.739
202 86.5916 265.283
203 187.887 678.394
204 470.008 773.448
205 494.043 187.32
206 510.276 721.441
207 221.55 749.123
208 396.579 145.998
209 95.0546 628.433
210 352.652 439.351
211 577.195 249.62
212 434.261 210.321
213 733.13 580.209
214 435.771 253.567
215 686.539 397.428
216 737.271 97.1117
217 229.753 273.817
218 474.392 460.805
219 236.923 759.926
220 50.6359 420.618
221 291.331 61.2835
222 4.13692 375.68
223 325.28 384.46
224 166.424 768.356
225 723.391 670.262
226 263.139 470.271
227 516.314 260.744
228 645.903 589.759
229 432.651 40.9678
230 400.953 740.178
231 574.722 408.964
232 568.602 496.511
233 464.416 317.148
234 408.976 394.426
235 246.597 583.315
236 434.952 353.468
237 195.026 537.124
238 407.215 727.318
239 378.351 129.757
240 644.721 118.066
241 643.259 555.6
242 183.017 422.117
243 514.798 106.638
244 205.451 518.25
245 341.712 80.1006
246 516.264 578.933
247 522.954 768.72
248 398.232 507.929
249 458.962 687.91
250 453.98 50.5512
251 698.937 452.248
252 570.871 24.4906
253 710.155 135.488
254 591.508 157.449
255 47.2318 188.643
256 623.422 536.263
257 521.819 609.214
258 643.555 745.118
259 500.03 598.256
260 588.174 267.529
261 411.99 597.797
262 126.264 96.0238
263 590.397 666.739
264 212.07 45.5534
265 654.463 332.963
266 96.1656 397.249
267 443.596 189.778
268 372.11 264.087
269 624.982 325.243
270 477.733 440.864
271 114.48 585.419
272 266.607 399.14
273 560.352 683.278
274 443.499 678.583
275 271.049 81.8026
276 425.28 206.185
277 603.756 134.864
278 207.768 644.154
279 138.733 744.868
280 717.317 547.35
281 167.323 439.128
282 516.193 123.8
283 354.688 184.152
284 309.82 29.3465
285 354.543 541.133
286 345.603 285.575
287 41.5602 151.27
288 438.39 163.704
289 571.063 115.006
290 228.736 699.976
291 266.276 586.436
292 730.223 555.671
293 120.916 273.793
294 79.5404 59.2978
295 64.7696 331.899
296 104.159 242.14
297 616.261 414.865
298 666.245 385.311
299 341.662 229.705
300 457.898 286.109
301 1.84388 708.831
302 464.233 173.548
303 447.047 681.349
304 683.372 492.989
305 603.848 470.342
306 609.805 488.369
307 402.059 442.178
308 129.239 517.872
309 457.638 304.974
310 341 417.933
311 3.66413 463.76
312 368.99 688.336
313 342.374 682.923
314 400.952 475.25
315 392.926 245.307
316 68.4365 648.409
317 20.4955 642.31
318 298.52 454.376
319 572.833 707.782
320 658.861 713.299
321 210.51 361.269
322 247.01 381.599
323 424.875 687.282
324 661.6 763.236
325 564.991 702.79
326 458.049 536.405
327 518.462 266.687
328 577.112 501.986
329 487.146 619.309
330 535.744 19.8813
331 622.547 184.27
332 235.345 370.077
333 62.7458 28.5329
334 623.351 169.495
335 254.009 174.531
336 98.0121 572.819
337 253.605 542.466
338 194.813 591.745
339 452.426 268.451
340 244.22 550.612
341 712.779 438.254
342 553.685 372.512
343 673.23 156.825
344 621.708 646.518
345 325.401 701.196
346 495.968 659.472
347 236.846 204.033
348 523.616 290.884
349 346.44 124.864
350 560.093 206.667
351 731.516 440.499
352 707.72 58.9097
353 23.805 183.334
354 293.166 319.475
355 190.848 701.442
356 596.402 261.132
357 101.701 560.99
358 486.617 211.986
359 347.383 756.134
360 627.866 14.4201
361 596.905 354.097
362 224.971 199.007
363 617.302 171.704
364 238.948 736.287
365 58.2715 115.158
366 391.096 562.148
367 721.128 503.38
368 125.786 642.381
369 397.408 183.476
370 635.194 428.703
371 672.571 645.771
372 471.514 482.365
373 573.27 740.802
374 309.755 568.966
375 633.188 75.3865
376 424.176 337.606
377 373.103 14.7515
378 760.851 72.4552
379 140.773 65.3397
380 675.429 472.72
381 686.87 335.516
382 515.035 593.551
383 323.273 267.15
384 164.815 409.919
385 554.844 457.908
386 275.897 607.323
387 257.368 392.819
388 238.209 342.324
389 252.08 611.224
390 559.406 610.326
391 250.718 39.4406
392 476.661 430.722
393 136.923 497.74
394 133.634 151.563
395 124.415 346.296
396 604.936 60.659
397 71.545 748.971
398 40.7801 359.226
399 297.456 286.18
400 485.964 697.863
401 742.255 675.24
402 543.03 229.219
403 109.924 30.2586
404 405.028 87.6652
405 722.471 317.432
406 761.195 108.033
407 679.589 385.892
408 424.005 64.7487
409 624.301 104.511
410 177.819 728.358
411 223.831 9.39473
412 492.367 512.387
413 726.112 454.919
414 628.315 479.221
415 264.645 42.6694
416 459.735 629.072
417 699.542 629.814
418 15.3421 40.4945
419 385.348 29.9138
420 300.829 449.539
421 647.485 773.094
422 12.3635 672.663
423 401.801 419.697
424 348.21 208.572
425 339.39 414.614
426 743.881 762.919
427 477.353 493.806
428 198.599 614.416
429 654.531 743.794
430 54.4628 690.109
431 545.742 301.664
432 753.597 304.298
433 348.447 676.242
434 551.579 60.9526
435 638.669 78.9895
436 417.876 490.034
437 410.882 107.797
438 245.946 256.087
439 402.919 655.156
440 354.253 155.123
441 135.195 109.144
442 592.03 259.95
443 535.625 218.95
444 35.5551 544.948
445 574.323 559.122
446 72.132 521.181
447 720.344 486.525
448 717.131 275.307
449 602.312 537.35
450 658.172 36.2729
451 93.5435 93.8022
452 236.301 217.224
453 771.734 525.729
454 41.9522 717.224
455 513.419 412.912
456 352.182 221.006
457 565.081 321.366
458 503.877 629.875
459 11.0633 735.521
460 486.076 359.676
461 624.249 654.565
462 167.468 585.693
463 57.0343 459.279
464 348.124 213.489
465 285.637 139.308
466 639.423 91.5658
467 510.188 39.0387
468 736.278 620.973
469 279.75 468.843
470 128.883 532.372
471 754.206 736.655
472 471.573 399.476
473 499.33 537.09
474 584.582 392.227
475 559.124 608.893
476 0.756465 77.122
477 418.136 77.7032
478 406.219 666.196
479 200.768 238.084
480 228.37 721.512
481 100.728 505.825
482 769.72 43.8277
483 569.37 558.129
484 624.663 363.978
485 741.501 110.751
486 82.0501 406.624
487 771.643 654.887
488 661.576 132.5
489 277.221 330.694
490 78.8615 209.456
491 416.753 440.864
492 657.915 250.792
493 457.73 670.214
494 261.099 671.67
495 429.92 725.791
496 521.843 512.316
497 756.864 252.045
498 631.908 362.087
499 329.062 486.785
500 737.272 124.401
501 176.966 479.079
502 504.211 99.5461
503 7.51737 11.0731
504 518.858 66.9472
505 233.133 122.145
506 68.6019 717.824
507 428.515 150.82
508 293.461 235.71
509 74.2045 515.744
510 130.942 670.569
511 143.873 420.004
512 525.731 385.783
513 690.796 698.879
514 104.379 533.058
515 249.773 331.686
516 210.203 264.55
517 383.693 708.146
518 95.4052 614.52
519 735.899 706.123
520 154.464 382.252
521 371.992 63.2929
522 403.763 369.59
523 1.08742 175.226
524 600.562 756.56
525 135.575 219.716
526 191.149 96.7665
527 306.534 338.967
528 494.371 645.653
529 159.953 753.473
530 177.752 284.549
531 505.529 581.911
532 138.601 325.361
533 727.719 733.356
534 158.267 58.234
535 558.571 620.656
536 579.381 440.948
537 603.804 465.983
538 40.9449 575.94
539 385.372 614.52
540 359.608 560.73
541 57.1853 139.507
542 768.76 180.994
543 703.56 183.041
544 374.096 741.005
545 224.176 691.466
546 325.426 630.726
547 49.8558 302.88
548 274.812 12.8363
549 231.951 426.112
550 407.924 757.245
551 682.131 572.266
552 591.057 760.943
553 548.177 23.5312
554 374.498 506.865
555 417.049 590.407
556 654.224 694.752
557 265.606 441.431
558 68.5388 274.181
559 664.909 493.759
560 292.587 192.814
561 157.329 337.383
562 19.8572 123.209
563 661.529 538.012
564 376.081 377.817
565 118.765 562.81
566 430.783 503.829
567 684.412 319.867
568 47.7728 485.816
569 322.963 307.007
570 182.089 428.878
571 711.834 25.6962
572 57.6568 468.971
573 183.537 736.405
574 413.671 484.195
575 218.949 297.598
576 219.203 745.317
577 703.323 579.982
578 269.577 216.288
579 62.7038 245.284
580 117.513 695.381
581 196.942 645.998
582 364.617 500.804
583 767.062 269.146
584 478.191 156.953
585 79.4918 678.654
586 615.069 33.5445
587 412.214 52.8915
588 289.227 62.4084
589 30.2586 619.238
590 399.26 765.755
591 195.43 83.7081
592 413.054 125.313
593 198.422 244.315
594 127.669 620.477
595 620.916 518.037
596 176.66 459.468
597 703.796 464.233
598 722.436 527.692
599 65.2332 605.442
600 415.559 187.367
601 305.683 646.825
602 75.2275 768.744
603 547.633 390.96
604 664.003 296.558
605 517.345 340.74
606 500.905 723.89
607 184.584 508.496
608 472.271 756.191
609 549.241 485.495
610 56.1912 397.31
611 188.265 121.791
612 415.519 240.92
613 548.391 67.9637
614 193.891 261.345
615 424.732 386.351
616 487.305 617.299
617 402.999 34.7974
618 458.623 72.6069
619 170.891 716.703
620 273.344 489.197
621 21.9848 274.62
622 590.823 741.644
623 33.8912 408.217
624 691.456 284.37
625 551.605 536.982
626 748.38 226.075
627 512.505 167.935
628 333.128 254.763
629 541.773 8.99286
630 668.854 631.895
631 8.69935 493.854
632 157.201 682.578
633 644.411 261.619
634 203.087 130.963
635 90.0213 231.408
636 479.363 744.041
637 136.14 595.716
638 743.723 390.052
639 54.3498 166.716
640 724.575 506.723
641 771.019 127.238
642 717.683 206.454
643 3.90052 315.47
644 279.488 690.19
645 734.244 565.16
646 216.824 478.734
647 526.642 683.75
648 772.656 369.85
649 451.522 534.476
650 262.855 661.6
651 614.204 172.19
652 8.10836 660.806
653 769.422 760.461
654 155.569 549.927
655 251.501 752.494
656 27.347 419.943
657 465.602 502.09
658 48.1774 687.802
659 27.3522 202.766
660 267.576 641.648
661 644.748 591.982
662 239.658 29.7957
663 669.733 217.754
664 109.995 294.275
665 548.555 229.942
666 130.549 762.172
667 475.462 607.9
668 47.3709 423.951
669 690.877 424.789
670 703.158 708.558
671 344.664 143.455
672 256.276 138.23
673 396.603 453.643
674 744.598 287.977
675 666.958 722.022
676 206.255 155.761
677 621.105 600.161
678 258.687 381.66
679 132.436 246.584
680 722.9 730.211
681 309.353 719.587
682 205.759 243.913
683 575.104 498.581
684 594.889 576.011
685 319.299 587.49
686 660.372 411.811
687 573.235 21.0254
688 575.386 623.209
689 587.537 486.701
690 645.668 24.9397
691 485.272 762.328
692 372.182 14.7043
693 101.26 440.617
694 306.888 700.307
695 623.611 157.865
696 10.6851 212.401
697 15.4603 77.8214
698 4.04236 107.418
699 204.175 610.43
700 412.888 59.2742
701 506.408 45.8848
702 223.995 393.386
703 739.445 555.633
704 772.026 2.10392
705 665.737 60.9526
706 201.245 617.725
707 22.1739 191.632
708 244.977 506.855
709 305.257 454.22
710 396.695 314.888
711 551.522 465.496
712 225.332 629.318
713 86.8778 60.5172
714 273.675 24.3487
715 128.505 575.575
716 670.547 458.901
717 144.225 541.852
718 737.199 168.04
719 534.316 249.823
720 150.803 229.918
721 745.638 582.644
722 770.159 193.168
723 343.222 684.894
724 87.591 709.172
725 12.1744 27.4317
726 206.137 58.6497
727 52.3917 399.258
728 112.997 81.5426
729 576.531 10.7185
730 1.86752 255.851
731 498.96 328.694
732 619.693 189.41
733 50.406 440.996
734 717.294 353.326
735 411.42 589.783
736 362.701 128.94
737 577.762 190.086
738 0.49643 643.799
739 564.504 649.922
740 337.053 97.0974
741 383.031 486.052
742 561.557 219.682
743 683.372 643.932
744 369.331 273.141
745 704.734 771.935
746 370.958 720.084
747 563.151 286.426
748 697.533 617.569
749 194.631 512.103
750 354.782 610.491
751 677.435 385.443
752 495.037 329.994
753 441.513 142.665
754 145.683 38.958
755 395.3 246.797
