1 91.326 817.478
2 838.318 329.006
3 469.621 808.17
4 687.055 401.48
5 729.392 502.894
6 362.305 839.015
7 376.907 649.795
8 858.809 276.651
9 737.142 860.418
10 727.168 792.857
11 188.319 81.0436
12 563.647 463.061
13 543.525 800.199
14 261.174 24.5963
15 391.047 410.024
16 173.552 565.258
17 100.934 426.673
18 334.45 165.554
19 308.26 465.434
20 367.412 228.172
21 216.386 2.10184
22 555.553 147.922
23 88.8777 142.406
24 209.556 726.035
25 778.116 767.446
26 592.773 228.036
27 168.638 847.152
28 825.484 831.29
29 324.307 491.231
30 397.984 56.0399
31 852.18 272.531
32 793.646 482.986
33 808.989 23.9391
34 64.0924 225.606
35 285.965 593.266
36 284.731 553.356
37 775.267 623.345
38 474.36 327.395
39 176.399 56.2331
40 375.273 618.925
41 788.017 8.40945
42 624.399 120.542
43 110.278 448.847
44 383.981 780.535
45 189.466 869.235
46 231.706 635.194
47 582.522 862.954
48 680.556 584.64
49 786.578 725.709
50 324.619 512.657
51 584.065 719.32
52 257.898 550.329
53 806.641 162.961
54 289.356 260.983
55 487.582 618.94
56 291.601 825.806
57 356.359 262.521
58 616.002 892.327
59 609.888 813.466
60 507.288 408.796
61 725.079 700.485
62 381.289 814.095
63 3.46667 399.922
64 699.229 422.389
65 612.399 658.53
66 262.186 388.986
67 247.635 699.393
68 427.313 319.481
69 115.383 426.045
70 688.603 336.542
71 292.892 464.808
72 641.634 698.001
73 721.835 611.034
74 131.33 351.607
75 712.632 309.928
76 723.378 175.41
77 790.809 203.771
78 885.791 476.144
79 554.629 652.254
80 540.246 326.169
81 449.411 102.31
82 338.177 724.823
83 259.122 497.974
84 859.021 725.764
85 345.684 449.713
86 697.892 41.5475
87 498.599 41.0289
88 3.90341 727.509
89 407.674 720.768
90 380.594 890.881
91 345.575 39.2
92 70.3664 595.939
93 652.607 372.598
94 805.85 128.731
95 494.505 260.273
96 668.193 538.482
97 282.641 230.547
98 540.288 563.376
99 633.253 130.452
100 168.775 94.1459
101 264.941 584.859
102 121.451 640.462
103 607.267 285.006
104 735.754 116.556
105 572.136 594.085
106 879.061 745.909
107 617.835 711.924
108 187.937 879.744
109 438.039 206.69
110 572.657 184.281
111 758.436 616.796
112 635.082 430.303
113 455.143 729.238
114 154.799 593.537
115 421.405 225.606
116 703.21 855.147
117 229.709 311.074
118 853.516 191.842
119 406.228 414.608
120 443.538 271.357
121 321.745 101.846
122 18.4798 210.24
123 132.197 741.73
124 392.804 571.947
125 443.939 469.883
126 569.352 129.713
127 149.942 0.518635
128 419.084 238.408
129 622.389 685.134
130 243.924 283.75
131 526.688 877.012
132 134.545 86.2866
133 230.41 80.063
134 795.313 157.694
135 446.312 439.259
136 498.438 450.175
137 645.319 768.163
138 182.914 226.507
139 826.104 876.632
140 792.216 252.195
141 490.656 17.9339
142 698.062 840.871
143 559.687 340.5
144 589.029 197.575
145 533.048 278.316
146 48.6971 124.527
147 670.245 3.05722
148 130.534 340.716
149 58.7507 808.552
150 430.986 804.05
151 858.287 568.479
152 481.539 768.088
153 525.526 692.052
154 730.402 670.022
155 702.314 887.694
156 720.978 247.528
157 866.215 839.752
158 634.688 160.151
159 89.0142 469.101
160 398.102 377.787
161 818.898 543.093
162 351.498 857.386
163 107.576 182.016
164 375.395 501.741
165 646.883 60.7895
166 422.297 78.4252
167 171.696 454.679
168 647.968 497.289
169 482.795 377.077
170 157.119 39.979
171 610.761 730.595
172 43.4289 522.675
173 708 268.435
174 883.372 345.22
175 554.788 659.54
176 414.744 503.215
177 728.558 46.3223
178 77.5223 796.817
179 776.588 114.32
180 31.3071 365.722
181 48.315 511.267
182 149.913 681.571
183 233.55 50.337
184 433.442 597.306
185 440.239 88.8252
186 108.586 778.473
187 549.76 72.4451
188 213.896 161.541
189 87.3785 253.997
190 466.616 41.4362
191 621.407 348.498
192 94.6793 761.659
193 366.32 680.831
194 893.159 43.0761
195 46.7842 496.145
196 287.756 538.727
197 724.577 484.08
198 580.134 480.829
199 336.926 146.81
200 776.724 33.6294
201 670.104 175.654
202 178.165 690.442
203 1.85617 754.341
204 353.552 795.095
205 327.504 507.498
206 70.589 537.088
207 736.827 371.27
208 481.73 148.22
209 636.884 95.3491
210 408.844 239.773
211 829.02 13.9759
212 616.304 744.325
213 873.615 70.5071
214 175.299 521.228
215 327.521 116.747
216 40.0714 193.398
217 793.757 372.819
218 675.534 403.609
219 596.076 423.861
220 373.986 871.798
221 88.2772 848.432
222 371.643 671.416
223 562.146 157.476
224 68.5417 716.317
225 507.771 434.427
226 721.617 86.0409
227 345.188 615.893
228 226.056 260.957
229 401.56 657.53
230 138.503 207.565
231 728.729 69.39
232 828.915 116.968
233 131.651 403.198
234 281.237 408.111
235 586.849 594.683
236 621.27 444.962
237 155.626 830.744
238 479.901 546.614
239 219.435 789.363
240 843.219 209.61
241 305.203 157.511
242 866.906 793.348
243 320.38 742.633
244 102.526 668.548
245 458.782 33.768
246 374.072 139.413
247 747.219 159.449
248 183.551 158.868
249 200.414 725.955
250 632.048 851.492
251 881.052 138.368
252 682.005 635.983
253 795.641 433.688
254 628.216 576.64
255 60.3486 18.6163
256 137.848 706.301
257 263.494 8.84619
258 636.787 823.238
259 117.184 487.981
260 91.9034 337.333
261 210.047 210.977
262 539.026 107.794
263 199.288 786.717
264 323.488 495.979
265 495.433 502.694
266 760.966 292.565
267 411.662 353.684
268 160.997 874.091
269 303.565 835.305
270 749.673 398.247
271 788.052 859.378
272 388.458 743.832
273 601.602 300.483
274 216.252 811.691
275 874.186 880.479
276 851.252 726.553
277 519.536 399.458
278 453.915 290.381
279 247.828 295.624
280 469.159 302.937
281 478.373 813.22
282 512.466 353.9
283 364.609 117.76
284 492.477 119.941
285 489.781 840.846
286 601.316 258.908
287 290.545 766.242
288 298.406 690.906
289 816.987 311.072
290 147.429 130.56
291 815.076 1.09186
292 476.462 280.447
293 733.405 577.707
294 694.643 19.1643
295 859.464 560.262
296 110.826 570.119
297 446.532 456.344
298 744.651 405.736
299 675.651 114.184
300 399.662 8.73491
301 842.352 96.2226
302 458.767 563.431
303 798.87 441.904
304 313.296 880.29
305 689.487 209.21
306 537.906 541.264
307 240.073 759.53
308 309.625 195.781
309 521.566 107.085
310 789.608 53.1213
311 695.286 427.467
312 708.974 101.245
313 767.58 202.65
314 342.465 787.516
315 149.648 161.296
316 334.444 663.553
317 304.93 859.326
318 204.361 563.076
319 478.7 628.04
320 72.2667 570.308
321 740.836 824.093
322 244.645 352.699
323 72.527 79.0058
324 672.762 556.878
325 0.354856 653.954
326 729.747 780.682
327 840.243 511.24
328 157.256 169.487
329 798.595 475.863
330 256.861 356.739
331 621.871 608.004
332 6.19632 788.409
333 50.4987 104.764
334 854.03 460.414
335 347.952 864.321
336 220.651 400.307
337 128.949 150.051
338 867.492 694.182
339 639.042 330.782
340 566.41 313.312
341 316.724 373.663
342 85.7113 573.474
343 113.928 386.383
344 772.47 710.257
345 332.735 338.815
346 84.6278 546.505
347 355.103 57.4866
348 830.608 407.893
349 99.9874 514.577
350 387.83 163.479
351 152.548 99.4709
352 633.008 459.565
353 609.014 95.8383
354 52.1113 220.693
355 397.547 494.425
356 100.894 874.967
357 153.243 68.38
358 11.7102 476.109
359 233.86 424.981
360 184.361 836.697
361 331.122 218.291
362 3.79423 694.944
363 153.268 595.748
364 134.982 281.648
365 121.715 194.436
366 148.823 681.814
367 508.122 219.437
368 146.022 318.908
369 666.009 739.301
370 644.649 59.1811
371 225.077 411.824
372 128.153 278.862
373 67.3806 774.242
374 245.587 449.277
375 112.544 554.205
376 196.189 20.3654
377 694.78 102.335
378 812.546 676.6
379 739.574 654.026
380 806.48 808.798
381 772.687 337.088
382 140.181 58.7444
383 355.947 81.8625
384 448.81 196.617
385 182.751 646.03
386 18.5344 745.579
387 684.189 570.337
388 704.647 20.3905
389 318.488 575.25
390 542.465 11.6556
391 755.859 581.745
392 108.886 39.8551
393 555.021 626.077
394 889.701 712.907
395 281.1 317.023
396 246.925 310.528
397 794.194 481.894
398 520.628 531.792
399 761.085 455.716
400 569.274 356.166
401 859.922 554.341
402 777.625 274.551
403 6.11443 675.918
404 425.854 669.067
405 882.742 535.985
406 99.032 111.124
407 363.509 794.385
408 775.887 807.299
409 624.027 382.179
410 455.637 161.114
411 524.586 598.614
412 596.321 209.065
413 589.988 513.587
414 628.886 69.9884
415 140.304 210.784
416 380.892 752.214
417 681.825 306.577
418 590.131 637.487
419 382.507 128.842
420 606.585 878.597
421 591.198 321.008
422 664.535 175.772
423 675.971 252.903
424 238.896 626.404
425 412.097 258.017
426 860.361 435.681
427 282.912 678.811
428 457.6 438.683
429 497.316 213.305
430 618.622 39.3638
431 101.68 368.26
432 364.191 688.993
433 47.5213 707.691
434 703.351 719.019
435 29.0163 861.701
436 11.4373 414.253
437 153.984 618.295
438 256.082 332.556
439 416.71 289.972
440 756.573 195.964
441 654.463 695.437
442 107.112 724.779
443 515.605 166.32
444 279.269 777.846
445 316.273 390.914
446 689.012 360.932
447 824.561 737.172
448 272.808 146.53
449 442.914 578.151
450 688.747 608.361
451 473.268 665.93
452 103.916 447.83
453 229.264 250.947
454 247.662 745.814
455 159.494 236.798
456 215.311 707.527
457 100.628 367.987
458 761.329 747.981
459 299.935 629.514
460 280.199 839.534
461 410.431 397.959
462 567.269 490.058
463 799.416 507.444
464 508.911 360.379
465 770.988 140.905
466 332.792 436.5
467 468.118 80.5543
468 134.86 800.39
469 441.955 517.625
470 255.905 107.967
471 502.94 377.976
472 215.536 533.539
473 604.485 766.27
474 398.339 406.23
475 212.777 365.256
476 227.242 342.492
477 487.88 546.589
478 541.455 566.623
479 238.982 606.778
480 701.768 328.38
481 184.143 759.446
482 13.0205 843.821
483 776.206 883.729
484 458.381 283.368
485 638.207 777.98
486 270.207 467.347
487 447.206 512.441
488 31.473 296.607
489 802.329 234.778
490 90.6793 238.681
491 405.132 455.935
492 229.518 183.879
493 830.318 66.1396
494 685.995 548.17
495 771.021 841.226
496 342.299 582.373
497 589.747 463.96
498 174.198 660.689
499 114.942 493.552
500 871.441 780.955
501 665.245 139.349
502 175.082 385.676
503 33.4656 886.057
504 608.714 299.225
505 550.314 837.814
506 392.061 195.255
507 208.437 470.539
508 394.463 447.309
509 789.144 295.651
510 429.652 599.572
511 335.196 646.249
512 98.7549 133.344
513 382.379 423.998
514 348.819 209.846
515 1.5832 655.255
516 839.897 63.6304
517 686.727 529.583
518 331.45 729.34
519 90.3244 298.679
520 830.881 10.1543
521 402.36 252.575
522 667.383 586.604
523 417.256 529.827
524 604.428 497.209
525 142.27 438.874
526 665.054 784.697
527 815.763 220.831
528 717.655 863.991
529 371.051 761.113
530 59.5696 609.123
531 773.39 685.718
532 149.207 267.898
533 373.335 117.077
534 63.7669 347.904
535 277.768 84.6194
536 725.613 658.15
537 14.0304 112.981
538 820.262 428.122
539 362.849 270.618
540 252.21 312.628
541 637.812 155.62
542 745.06 221.949
543 483.477 71.3827
544 428.729 39.3617
545 215.07 802.929
546 312.464 823.213
547 426.205 721.367
548 285.655 351.336
549 801.556 886.156
550 167.662 524.531
551 434.043 841.963
552 530.457 8.92598
553 325.867 415.454
554 59.9433 312.928
555 609.436 77.5244
556 891.238 587.35
557 446.73 646.447
558 66.4357 60.0273
559 305.776 347.185
560 496.401 871.118
561 257.816 25.5496
562 801.346 381.499
563 210.83 884.519
564 615.975 640.296
565 832.968 708.183
566 308.861 177.046
567 104.107 814.703
568 460.63 415.509
569 159.616 225.251
570 789.644 344.428
571 276.981 402.27
572 44.632 244.632
573 722.759 762.121
574 51.8761 693.335
575 671.551 488.254
576 154.419 483.841
577 530.673 689.65
578 169.566 110.278
579 564.752 229.539
580 2.48399 383.219
581 73.1234 464.481
582 848.745 595.12
583 365.802 388.976
584 591.362 800.309
585 529.839 479.057
586 456.262 709.639
587 296.088 196.674
588 581.39 746.916
589 642.383 798.862
590 226.054 661.041
591 177.701 654.192
592 303.08 863.336
593 262.988 66.0598
594 172.433 70.8073
595 131.78 449.438
596 638.828 248.545
597 743.341 327.76
598 654.513 40.9722
599 677.295 418.24
600 377.646 177.646
601 558.921 92.5648
602 494.259 335.202
603 821.136 576.642
604 526.469 702.698
605 794.44 182.835
606 170.03 270.566
607 257.816 816.416
608 354.759 84.1008
609 551.045 788.171
610 867.649 487.381
611 639.75 517.818
612 828.724 673.816
613 272.775 719.704
614 447.009 318.606
615 91.7984 255.007
616 532.63 43.4289
617 260.737 133.346
618 293.766 539.799
619 805.058 353.627
620 366.511 473.268
621 59.1937 308.37
622 450.175 521.337
623 455.607 742.085
624 761.403 196.508
625 857.51 641.797
626 198.201 214.114
627 587.548 418.057
628 799.504 419.221
629 614.07 521.228
630 787.807 77.7953
631 590.4 815.049
632 780.985 46.9228
633 867.884 810.654
634 262.675 294.505
635 722.786 85.9863
636 168.611 509.056
637 418.266 635.33
638 95.1286 166.373
639 641.169 758.056
640 778.511 167.219
641 691.941 413.409
642 526.723 371.236
643 385.1 783.412
644 507.343 140.833
645 57.2409 398.994
646 65.9485 694.862
647 588.773 791.082
648 134.736 283.857
649 108.924 595.859
650 83.664 411.878
651 720.712 376.174
652 846.877 666.428
653 495.651 511.729
654 100 672.453
655 589.711 213.432
656 453.615 399.105
657 154.658 322.618
658 840.516 205.054
659 848.729 775.525
660 37.1779 155.563
661 301.382 244.307
662 327.614 152.67
663 816.605 253.694
664 675.248 707.828
665 71.137 12.5585
666 590.016 217.526
667 411.303 101.052
668 799.754 265.598
669 269.006 410.65
670 783.943 437.403
671 128.149 609.424
672 827.689 586.66
673 94.5554 373.718
674 379.368 599.706
675 519.735 586.196
676 414.335 731.74
677 667.374 337.086
678 539.175 855.259
679 254.018 520.876
680 106.457 866.832
681 366.593 574.184
682 658.389 193.589
683 108.882 40.9743
684 634.7 211.303
685 627.767 628.995
686 183.807 345.356
687 390.56 546.669
688 391.544 149.915
689 891.882 128.132
690 296.968 53.4467
691 6.87874 826.714
692 788.353 786.526
693 506.788 730.757
694 598.44 880.672
695 95.7123 787.188
696 321.335 21.7008
697 833.774 544.351
698 855.811 244.55
699 640.991 398.805
700 420.013 576.151
701 198.165 364.983
702 1.11916 122.48
703 614.501 540.584
704 796.283 684.68
705 848.878 327.479
706 228.936 885.174
707 324.666 40.6446
708 523.849 834.35
709 0.545932 871.962
710 382.098 765.098
711 107.139 716.374
712 891.66 514.24
713 467.049 378.085
714 375.147 671.824
715 629.951 840.027
716 593.291 866.559
717 124.55 269.963
718 728.355 184.609
719 666.446 663.089
720 866.748 288.5
721 344.647 226.564
722 891.177 867.242
723 869.041 246.379
724 63.5192 90.8724
725 233.818 736.407
726 56.1722 243.924
727 350.515 308.918
728 672.097 8.40945
729 493.327 215.863
730 489.946 178.41
731 152.533 727.017
732 574.402 86.0955
733 513.749 60.6551
734 37.9947 737.062
735 276.078 654.711
736 719.899 317.98
737 16.7874 794.44
738 265.541 284.46
739 882.608 107.005
740 811.689 850.454
741 714.051 531.819
742 507.042 161.241
743 117.247 222.169
744 577.287 753.442
745 488.718 615.402
746 362.549 363.372
747 884.794 295.267
748 574.759 93.873
749 880.928 44.4115
750 466.173 760.813
751 765.539 282.028
752 713.064 497.617
753 552.355 458.2
754 539.788 498.492
755 500.502 490.001
756 850.343 640.789
757 669.298 787.616
758 539.021 239.336
759 707.609 736.327
760 343.124 691.068
761 600.852 131.515
762 85.9296 769.93
763 268.529 793.594
764 179.882 755.706
765 132.823 701.388
766 1.85617 81.8646
767 533.457 349.044
768 595.393 414.144
769 800.882 625.34
770 458.539 832.548
771 510.364 251.374
772 280.834 785.022
773 14.5218 445.044
774 620.693 433.797
775 886.032 695.108
776 2.94803 522.623
777 212.663 617.205
778 246.696 768.699
779 440.613 863.42
780 237.394 184.525
781 375.654 526.826
782 506.816 120.842
783 541.537 669.039
784 400.535 326.085
785 12.8294 144.756
786 61.9045 41.0541
787 416.884 343.53
788 359.824 626.129
789 603.087 614.94
790 762.276 556.932
791 291.91 390.016
792 96.084 107.687
793 765.205 817.778
794 574.184 34.6142
795 328.842 475.37
796 544.565 398.321
797 49.5706 894.293
798 408.084 1.00997
799 149.424 60.653
800 580.407 339.517
801 329.006 129.197
802 2.92073 486.427
803 492.034 343.83
804 567.542 512.357
805 161.623 827.989
806 542.738 860.643
807 28.1974 835.523
808 633.799 176.745
809 630.933 749.676
810 224.078 556.498
811 869.256 858.78
812 193.478 120.487
813 60.2667 432.078
814 618.402 720.195
815 368.968 711.249
816 44.8294 543.355
817 51.5381 285.224
818 501.957 238.001
819 401.56 24.2961
820 442.457 198.473
821 134.856 213.558
822 396.92 885.421
823 60.9932 348.714
824 850.179 354.801
825 693.088 137.44
826 33.1926 297.888
827 503.887 426.536
828 537.98 768.754
829 619.248 765.098
830 138.167 131.406
831 334.742 446.463
832 434.398 598.396
833 793.484 695.49
834 16.9785 727.409
835 83.3386 579.179
836 882.595 623.754
837 129.449 744.462
838 108.995 828.563
839 110.333 839.561
840 737.69 15.7501
841 86.9396 649.606
842 259.706 488.775
843 527.534 892.491
844 155.746 560.918
845 197.56 294.803
846 845.211 827.059
847 250.228 108.122
848 172.924 850.016
849 764.978 32.3213
850 602.927 295.406
851 592.285 301.928
852 182.261 639.042
853 659.973 310.171
854 658.912 38.7905
855 167.656 333.048
856 280.928 629.732
857 515.704 461.012
858 324.313 583.685
859 694.509 287.761
860 747.956 551.502
861 844.292 345.086
862 433.543 147.786
863 566.788 440.84
864 205.195 807.817
865 583.217 727.945
866 317.755 663.364
867 787.616 639.698
868 60.716 628.861
869 703.788 590.835
870 376.206 312.191
871 493.946 501.302
872 126.001 593.184
873 303.803 720.302
874 604.666 637.948
875 835.131 147.076
876 72.2667 63.6829
877 230.902 457.52
878 830.226 230.686
879 350.589 183.544
880 200.985 17.852
881 678.839 835.796
882 14.9039 92.7832
883 838.715 485.909
884 157.883 479.192
885 874.652 78.7779
886 595.584 470.73
887 700.376 748.855
888 698.473 729.638
889 766.207 510.2
890 105.499 184.279
891 330.15 20.6656
892 479.752 267.427
893 44.9029 737.554
894 500.374 520.873
895 372.355 491.941
896 221.023 40.7265
897 322.809 855.968
898 223.614 815.868
899 807.817 64.6677
900 623.481 227.437
901 808.214 126.822
902 510.188 389.823
903 357.749 50.8262
904 267.509 719.895
905 271.456 433.062
906 890.505 61.5013
907 736.626 232.758
908 22.2194 218.975
909 115.301 397.468
910 683.339 619.605
911 103.5 707.009
912 577.369 270.154
913 363.318 733.896
914 164.966 496.416
915 150.82 21.5916
916 42.337 154.992
917 3.63045 31.3911
918 631.725 479.519
919 607.649 766.898
920 856.321 232.321
921 341.881 587.614
922 65.6504 557.041
923 600.403 363.92
924 412.26 406.337
925 310.826 752.703
926 616.861 649.659
927 792.855 768.317
928 886.475 321.228
929 747.506 247.58
930 623.603 86.2026
931 276.745 760.483
932 410.717 92.6992
933 599.515 456.808
934 551.851 8.40945
935 540.118 503.515
936 852.663 594.001
937 288.974 252.412
938 264.34 372.819
939 547.842 389.986
940 754.86 851.981
941 551.028 291.964
942 541.892 559.964
943 458.816 780.166
944 272.829 606.885
945 362.906 236.909
946 38.1879 484.571
947 701.44 813.959
948 599.704 67.2063
949 181.016 129.825
950 704.321 285.606
951 225.224 559.962
952 683.288 474.007
953 894.043 194.709
954 430.78 855.313
955 187.364 747.653
956 677.09 611.443
957 133.831 41.6
958 810.175 459.103
959 887.273 557.342
960 483.779 360.451
961 372.758 0.300262
962 239.912 129.167
963 726.026 626.648
964 185.808 158.486
965 256.122 617.997
966 47.4604 852.447
967 757.854 478.946
968 791.824 153.871
969 617.394 379.889
970 41.8016 553.393
971 676.756 530.129
972 410.759 186.301
973 4.61312 103.263
974 886.448 331.981
975 635.71 20.2562
976 147.811 311.754
977 275.612 667.074
978 85.1108 606.832
979 487.034 647.038
980 570.127 582.891
