1 383.642 1066.62
2 1287.69 71.9213
3 1055.84 1391.39
4 11.0633 506.227
5 1454.47 1500.36
6 171.67 1313.55
7 831.631 990.118
8 1278.19 393.812
9 688.48 444.14
10 428.256 528.921
11 927.284 757.742
12 85.4806 229.739
13 111.807 803.593
14 465.181 1262.97
15 145.224 988.511
16 1469.48 619.947
17 1158.23 834.911
18 323.318 631.233
19 1479.79 372.096
20 90.1612 762.054
21 491.944 1012.17
22 243.487 1027.11
23 1353.03 428.065
24 997.305 192.946
25 1415.47 943.322
26 75.1264 683.443
27 564.276 33.9562
28 351.152 523.72
29 125.66 966.394
30 1036.29 795.045
31 737.459 1420.79
32 385.608 377.864
33 404.945 553.165
34 701.661 1298.52
35 83.7154 1256.64
36 932.392 118.387
37 681.481 1263.97
38 1447.21 631.105
39 1408.68 1258.01
40 1204.62 105.111
41 630.063 267.032
42 132.996 182.223
43 939.482 249.492
44 750.933 428.973
45 662.38 1115.46
46 380.617 67.3352
47 661.907 366.531
48 1305 1010.51
49 637.598 745.506
50 1463.9 1330.86
51 1267.5 297.48
52 693.455 41.3219
53 1365.72 666.267
54 635.14 417.484
55 978.488 331.19
56 778.586 925.488
57 546.596 1351.92
58 1480.97 1397.88
59 188.306 1292.71
60 769.724 1058.01
61 711.514 674.956
62 382.331 1268.17
63 576.337 16.463
64 697.745 1462.59
65 853.314 760.966
66 605.93 1393.18
67 1380.65 1262.49
68 551.2 476.668
69 336.958 1453.51
70 460.829 1040.81
71 871.779 590.705
72 1286.39 421.408
73 967.944 779.5
74 977.117 966.867
75 1071.2 48.9811
76 1022.27 1081.27
77 585.791 1509.98
78 1388.78 1163.47
79 867.525 551.96
80 83.1191 431.8
81 628.909 1151.43
82 491.466 660.158
83 646.116 1250.01
84 1203.28 981.665
85 876.983 974.753
86 970.49 919.956
87 945.064 1344.69
88 639.639 136.967
89 520.401 332.797
90 415.217 1532.04
91 392.314 48.1399
92 627.083 922.992
93 584.676 158.81
94 861.85 707.73
95 1484.94 1227.89
96 440.546 1214.33
97 1421.4 1239.61
98 345.657 857.737
99 786.204 1260.7
100 104.122 869.509
101 826.677 317.394
102 779.159 162.971
103 1268.28 429.777
104 805.352 458.56
105 556.947 395.074
106 1279.89 965.297
107 111.295 453.18
108 971.916 975.85
109 901.689 772.02
110 795.247 1204.86
111 1481.87 309.063
112 935.515 431.729
113 495.154 932.485
114 1302.21 127.819
115 861.425 1493.19
116 990.497 704.137
117 1265.78 1301.6
118 1321.1 219.659
119 7.42281 358.858
120 1319.09 780.398
121 1164.34 10.1276
122 399.51 106.803
123 967.708 430.996
124 1167.38 1417
125 238.715 1038.58
126 1147.64 1229.44
127 1423.24 639.317
128 481.314 338.471
129 1184.78 1275.08
130 448.489 47.1845
131 806.527 430.003
132 849.362 1246.09
133 1253.79 1285.72
134 364.326 1152.85
135 362.205 1516.49
136 1277.48 484.602
137 176.493 487.684
138 1251.95 1187.27
139 238.811 752.565
140 356.437 520.694
141 539.23 953.382
142 557.422 1532.48
143 837.88 1195.97
144 1404.75 1355.35
145 947.298 1318.58
146 1153.04 968.853
147 400.174 434.684
148 49.0284 49.9838
149 331.229 946.291
150 320.978 1102.79
151 1456.74 1451.67
152 1276.47 690.521
153 1488.5 1260.03
154 100.184 713.347
155 928.041 408.752
156 1443.5 978.677
157 1481.44 1277.96
158 519.99 793.106
159 821.618 946.49
160 1253.51 802.775
161 585.977 1102.78
162 915.76 508.288
163 1154.98 235.27
164 1035.6 436.291
165 475.817 550.447
166 381.448 492.033
167 91.4127 541.166
168 875.045 957.756
169 239.232 986.762
170 651.6 18.0606
171 575.984 85.0176
172 1002.86 474.162
173 1150.55 678.691
174 1381.92 592.653
175 674.814 442.778
176 1376.53 362.735
177 701.028 974.043
178 76.9913 830.315
179 187.792 589.5
180 1114.65 1039.71
181 1269.73 339.511
182 1417.9 166.801
183 1400.6 1202.98
184 356.742 1130.58
185 721.81 1507.82
186 1418.28 78.6251
187 1438.37 468.782
188 530.001 1426.76
189 1381.59 1331.85
190 1267.36 26.7127
191 731.988 961.619
192 1264.43 128.315
193 657.238 1200.51
194 878.135 899.021
195 1443.72 343.492
196 213.146 1034.85
197 1020.69 833.256
198 928.986 931.209
199 1382.87 154.707
200 814.63 10.4112
201 1215.59 174.696
202 353.224 24.3014
203 211.716 1172.52
204 7.28098 609.616
205 409.673 244.774
206 477.802 654.163
207 1424.57 401.031
208 495.534 428.547
209 282.823 660.404
210 1033.34 863.079
211 1213.94 1383.35
212 688.961 1036.89
213 809.448 1050.3
214 418.656 399.035
215 1278.05 365.288
216 413.079 1282.36
217 1089.12 1485.89
218 1504.75 1469.27
219 88.9792 1496.71
220 1497.85 694.388
221 44.0168 989.372
222 484.442 707.068
223 143.492 142.887
224 616.447 839.402
225 485.665 104.166
226 369.533 760.2
227 972.155 266.749
228 1045.58 22.4576
229 334.027 226.618
230 1407.88 561.817
231 122.503 734.396
232 43.4796 1054.47
233 577.514 254.229
234 1452.04 196.161
235 1098.43 1072.49
236 230.58 478.559
237 829.939 640.679
238 896.603 612.794
239 789.677 1112.66
240 681.654 158.991
241 350.243 205.711
242 283.06 1074.66
243 372.323 1094.28
244 122.642 1416.86
245 735.901 1355.96
246 1477.8 1125.53
247 299.56 832.736
248 1033.9 66.6635
249 640.49 1154.28
250 674.164 206.619
251 836.086 1165.01
252 760.138 1337.43
253 1096.49 509.016
254 684.317 811.451
255 1069.45 1512.27
256 850.695 669.424
257 652.037 758.933
258 730.84 977.778
259 88.7428 858.966
260 1325.09 791.735
261 1153.28 920.76
262 120.799 1360.99
263 179.377 469.056
264 28.5093 926.065
265 547.964 790.421
266 1018.87 36.6886
267 46.713 14.9973
268 444.579 826.779
269 844.451 1051.87
270 1098.58 1443.91
271 721.928 1481.07
272 805.996 1448.92
273 847.564 333.233
274 913.101 704.468
275 348.771 20.2453
276 283.592 1216.88
277 356.579 325.904
278 94.5623 310.813
279 1066.47 951.17
280 839.393 1094
281 1164.77 513.555
282 861.729 852.678
283 190.196 1341.18
284 576.778 288.838
285 1185.66 1518.24
286 303.295 750.981
287 784.454 371.472
288 568.909 856.839
289 1224.77 554.56
290 228.17 1216.59
291 390.811 162.404
292 385.886 472.753
293 574.036 1133.34
294 1028.44 531.039
295 679.306 101.886
296 994.752 386.152
297 1487.74 1.18198
298 295.526 1474.45
299 283.864 736.088
300 237.087 456.952
301 1379.6 893.315
302 1477 260.839
303 1482.59 245.861
304 595.246 955.898
305 147.132 1227.66
306 935.984 687.107
307 659.59 476.289
308 905.489 745.827
309 275.732 718.169
310 43.4495 126.765
311 1401.53 411.848
312 438.561 633.029
313 1230.82 1132.29
314 105.29 1138.86
315 1247.22 1465.42
316 345.395 1011.44
317 824.547 581.448
318 1262.87 317.347
319 116.384 391.386
320 1051.77 289.584
321 1432.36 478.569
322 107.667 1223.64
323 1017.42 1298.91
324 1412.48 193.57
325 644.177 89.8302
326 552.361 531.511
327 529.972 1154.56
328 568.695 417.153
329 14.3256 22.7412
330 1435.26 1413.74
331 539.701 1494.03
332 1483.43 788.483
333 1171 293.046
334 469.954 570.526
335 370.529 796.015
336 856.082 632.226
337 446.078 719.03
338 99.8061 1062.41
339 1374.29 255.27
340 378.565 1478.23
341 262.257 172.994
342 601.231 684.989
343 682.522 303.484
344 1219.31 91.4476
345 251.808 1377.52
346 1305.85 1095.32
347 402.537 611.413
348 1136.12 317.739
349 276.819 426.363
350 929.601 209.73
351 1218.48 1265.67
352 60.5645 1202.64
353 240.444 1307.37
354 1236.21 1396.68
355 1337.39 1255.27
356 383.123 710.52
357 897.357 202.969
358 446.158 1042.69
359 1081.04 405.348
360 881.518 684.942
361 285.785 550.055
362 1126.64 207.697
363 1078.93 1134.98
364 514.207 619.64
365 796.652 1016.94
366 403.34 1242.93
367 157.413 539.7
368 1478.29 1522.15
369 60.2808 1227.6
370 1271.84 761.108
371 61.0589 772.437
372 1217.31 1113.14
373 1210.34 405.759
374 455.706 278.153
375 1160.46 1292.29
376 1423.67 668.441
377 1147.22 406.742
378 1215.26 37.3746
379 14.3728 1386.7
380 317.479 425.464
381 332.611 1057.6
382 1114.6 1010.83
383 936.457 897.309
384 1266.94 953.335
385 998.933 280.034
386 1088.7 1416.49
387 1106.44 172.285
388 136.923 772.209
389 500.685 1438.73
390 1218.48 1244.68
391 686.445 455.487
392 771.474 1492
393 451.801 911.446
394 674.173 79.9489
395 1295.04 1053.95
396 971.018 1156.3
397 1262.63 1367.17
398 329.488 558.281
399 1132.85 79.486
400 302.04 1334.37
401 216.869 1384.57
402 359.805 1202.12
403 419.67 737.752
404 592.484 892.818
405 750.744 20.2354
406 1012.43 1072.16
407 325.611 784.653
408 1291.66 1343.16
409 1240.04 1347.36
410 51.8191 1235.97
411 254.645 1521.3
412 1487.64 713.924
413 254.599 418.467
414 939.494 1501.06
415 357.706 295.362
416 671.913 1289.58
417 493.735 1318.8
418 1159.62 1536.71
419 313.508 913.479
420 1031.72 678.89
421 1375.07 445.842
422 364.994 1328.73
423 426.835 36.2158
424 853.86 1277.81
425 62.8732 1105.34
426 870.665 1514.63
427 729.138 1078.96
428 1264.6 195.594
429 318.996 243.024
430 1163.87 212.529
431 129.876 509.905
432 55.9705 143.87
433 883.504 884.97
434 1244.72 1122.94
435 1135.13 728.712
436 322.491 1313.27
437 1475.49 533.686
438 283.727 317.621
439 1003.76 629.909
440 1235.26 430.571
441 700.487 1089.88
442 438.986 1287.74
443 1027.63 1439.84
444 1113.23 466.03
445 392.085 719.493
446 517.328 291.003
447 881.849 869.699
448 955.652 455.827
449 592.407 302.785
450 253.936 1427.54
451 1278.06 375.774
452 254.193 1523.62
453 1220.7 1048.46
454 655.004 412.283
455 594.156 197.116
456 530.424 701.48
457 3.49865 74.3798
458 1149.6 482.625
459 597.655 1541.59
460 1348.07 582.252
461 266.948 379.84
462 1167.97 1301.37
463 345.991 1463.15
464 873.528 558.328
465 1013.05 1430.01
466 902.605 1283.4
467 1124.67 128.467
468 1187.99 1366.06
469 487.731 930.982
470 1162.55 884.649
471 156.505 63.9784
472 604.004 498.889
473 866.525 1076.98
474 590.988 1526.85
475 1075.36 1184.62
476 1413.49 742.528
477 734.433 1521.49
478 567.086 690.747
479 255.13 304.014
480 1088.59 75.4101
481 125.244 1334.45
482 754.718 597.537
483 166.028 643.383
484 1078.45 526.226
485 691.551 1236.77
486 178.053 881.14
487 168.313 1484.42
488 905.205 1050.93
489 56.2621 1299.9
490 242.731 655.997
491 274.266 1398.59
492 142.121 1247.8
493 550.801 202.685
494 1253.37 1232.28
495 1165.52 29.512
496 1272.95 640.027
497 1092.28 286.001
498 102.69 584.511
499 267.174 1499.93
500 1083.97 1090.63
501 104.203 659.638
502 258.475 1041.3
503 1202.11 1369.77
504 1378.52 518.179
505 422.027 1225.29
506 1434.6 86.8517
507 528.249 869.604
508 642.005 631.72
509 308.639 1282.73
510 210.64 365.666
511 907.947 1249.44
512 36.4994 262.707
513 1477.61 803.234
514 68.8501 593.352
515 1159.18 1335.97
516 447.496 155.653
517 1275.83 679.661
518 130.36 1.22926
519 539.785 1205.26
520 918.538 1172.33
521 1454.41 248.972
522 603.47 1115.31
523 1278.35 1088.7
524 84.3852 53.0944
525 1194.79 838.967
526 1159.43 356.697
527 6.05172 951.359
528 564.167 821.247
529 260.131 921.044
530 789.986 1143.83
531 357.309 1170.58
532 1511.71 561.038
533 473.311 1358.28
534 126.944 70.3513
535 323.818 599.712
536 1463.93 728.297
537 1473.69 875.467
538 570.658 1087.51
539 1170.13 717.744
540 1291.62 703.806
541 1248.16 1174.14
542 1193.15 1399.71
543 512.848 318.813
544 124.78 816.33
545 988.06 727.199
546 368.886 390.63
547 1433.45 282.54
548 642.617 1065.63
549 307.165 367.179
550 1024.21 1475.78
551 1164.67 739.492
552 1189.54 1485.74
553 406.6 1234.03
554 1091.86 1172.76
555 708.524 454.693
556 172.569 1377.07
557 564.41 433.785
558 241.314 761.345
559 1140.61 101.508
560 270.893 1247.37
561 246.466 71.6751
562 245.759 1498.32
563 993.572 106.472
564 1169.54 119.153
565 207.035 789.05
566 1272.31 543.095
567 45.1817 347.275
568 904.573 711.125
569 460.214 1479.18
570 1316.3 1210.16
571 243.818 803.281
572 303.344 522.812
573 165.051 963.358
574 1245.09 996.17
575 724.449 1039.62
576 133.141 12.8126
577 689.805 1494.6
578 1276.22 575.916
579 541.629 1237.26
580 498.18 128.15
581 1452.15 707.2
582 957.273 25.5691
583 1250.2 328.552
584 194.471 1098.07
585 151.957 321.791
586 480.875 909.375
587 206.231 1146.57
588 538.603 455.061
589 130.348 279.727
590 142.83 216.113
591 416.655 364.201
592 471.45 1020.39
593 946.661 1162.37
594 900.477 1374.07
595 455.061 266.995
596 396.624 11.8769
597 551.936 970.923
598 147.889 115.229
599 1425.23 837.748
600 1196.68 1500.78
601 1239.52 1440.55
602 1141.15 543.047
603 939.672 1233.14
604 416.75 1488.3
605 659.921 302.643
606 937.167 673.075
607 1410.15 911.446
608 481.868 108.364
609 129.308 917.082
610 470.049 584.332
611 879.933 1028.7
612 275.497 844.948
613 1305.61 405.806
614 1311.29 737.043
615 1546.07 172.096
616 709.425 331.342
617 1467.21 452.461
618 371.33 991.561
619 881.093 793.957
620 227.775 920.145
621 519.646 486.454
622 657.795 558.565
623 704.6 1143.07
624 366.555 259.336
625 1493.07 240.461
626 871.913 152.711
627 1275.8 1099.99
628 805.399 409.068
629 986.005 713.867
630 623.233 1430.86
631 605.787 311.768
632 721.999 1288.69
633 835.424 718.746
634 1290.96 865.359
635 1429.67 646.409
636 778.781 834.816
637 1150.44 944.991
638 929.388 456.376
639 1177.58 1040.76
640 515.957 1101.65
641 1219.04 1063.02
642 698.796 645.18
643 366.264 1247.69
644 1200.81 555.529
645 1080.8 1312
646 1189.98 913.441
647 725.592 1037.21
648 925.007 558.65
649 662.904 1263.11
650 817.438 1369.5
651 1454.12 94.8989
652 68.7371 1279.7
653 48.0828 366.035
654 1194.74 999.3
655 1316.54 1541.61
656 902.51 1302.25
657 1264.24 1217.2
658 1422.49 930.074
659 1059.62 799.546
660 594.395 1024.36
661 744.74 122.604
662 959.198 552.939
663 527.486 433.218
664 308.874 686.691
665 662.38 616.765
666 1107.3 1246.71
667 1246.38 1472.46
668 1392.76 759.737
669 722.661 521.309
670 604.645 1215.97
671 568.003 529.914
672 872.398 958.867
673 1456.81 120.278
674 65.3397 1032.27
675 983.418 487.4
676 618.079 1081.2
677 831.349 72.205
678 1113.61 798.402
679 392.703 948.003
680 1189.21 498.818
681 63.9213 913.016
682 1494.12 1534.25
683 201.723 561.354
684 1282.72 1409.63
685 264.81 965.401
686 274.313 509.82
687 778.686 125.195
688 413.666 1112.77
689 554.584 1169.65
690 884.234 1113.47
691 622.571 377.169
692 1108.7 260.46
693 1354.21 1290.58
694 828.66 179.755
695 139.144 1403.62
696 198.726 990.402
697 576.805 212.85
698 829.511 1430.14
699 573.353 686.445
700 1011.92 1075.23
701 490.473 553.969
702 1245.28 1022.23
703 539.692 320.127
704 432.17 1300.8
705 951.68 580.445
706 443.207 1366.56
707 754.196 1463.76
708 1414.12 587.206
709 1270.34 532.93
710 403.716 543.199
711 231.336 66.2478
712 1339.12 219.527
713 142.357 616.245
714 1525.28 1400.45
715 531.467 607.404
716 39.2889 866.068
717 693.915 1274.04
718 1506.65 67.2407
719 881.093 844.178
720 389.059 124.722
721 247.033 1186.28
722 1290.15 1319.56
723 368.729 408.217
724 951.775 1031.64
725 47.2791 991.489
726 349.818 806.118
727 755.992 487.315
728 283.988 394.26
729 683.514 722.755
730 516.99 1092.91
731 1492.6 1055.98
732 1414.21 1027.75
733 649.646 559.217
734 287.723 1356.72
735 126.944 1151.25
736 273.604 870.763
737 1324.52 800.056
738 901.801 1398.48
739 797.631 561.827
740 324.197 769.798
741 493.688 1332.28
742 1160.13 486.937
743 909.188 613.399
744 635.573 174.838
745 491.135 1232.66
746 66.7108 762.848
747 53.4254 1189.73
748 259.94 649.686
749 277.575 39.4307
750 178.006 1458.63
751 1202.02 136.495
752 1104.37 1292.29
753 869.368 134.745
754 537.435 136.164
755 1144.84 760.068
756 299.128 565.127
757 1077.92 427.271
758 841.674 400.558
759 1001.51 313.045
760 975.225 1405.19
761 424.769 806.628
762 807.243 360.692
763 1225.69 614.732
764 821.474 1535.97
765 1034.66 1205.4
766 82.5137 1179.8
767 37.3032 446.976
768 1207.31 339.889
769 849.983 1166.19
770 549.33 254.986
771 212.472 117.347
772 1384.22 1516.76
773 511.796 1220.76
774 775.377 625.89
775 939.183 539.738
776 137.139 1107.99
777 1145.71 1225.63
778 839.818 730.33
779 1099.43 781.107
780 1007.8 1507.03
781 802.518 256.877
782 610.987 798.496
783 959.954 158.952
784 1491.99 740.627
785 357.148 372.181
786 263.534 190.629
787 1235.87 706.113
788 710.559 538.155
789 1363.5 898.728
790 463.063 296.071
791 427.216 962.626
792 1472.93 281.405
793 979.433 1342.06
794 1351.77 115.985
795 1472.03 1163.07
796 1245.14 958.168
797 144.016 205.674
798 1174.65 784.738
799 494.35 62.4084
800 1340.5 777.197
801 664.886 1025.26
802 659.448 943.984
803 846.674 434.306
804 455.762 1190.06
805 1422.99 1433.64
806 1103.41 333.554
807 479.977 1508.49
808 355.822 147.416
809 214.363 959.198
810 1280.06 899.21
811 1413.5 1470.2
812 101.302 306.52
813 1044.06 738.594
814 635.714 1395.26
815 1328.87 387.476
816 961.583 235.308
817 819.122 1079.95
818 1523.53 430.854
819 1186.16 449.813
820 121.52 894.199
821 764.599 1367.41
822 1360.93 920.77
823 968.228 1461.45
824 579.121 668.772
825 190.898 145.478
826 698.456 332.75
827 489.102 1301.21
828 892.281 111.72
829 532.697 212.354
830 379.369 1474.09
831 22.032 684.459
832 669.775 126.623
833 1159.51 959.302
834 1010.49 1066.72
835 1391.66 672.687
836 758.262 185.807
837 1020.11 935.852
838 619.734 830.372
839 810.992 767.387
840 101.059 742.991
841 1352.7 1115.32
842 729.981 799.111
843 647.735 604.321
844 773.499 740.059
845 26.1453 1046.14
846 1071.71 1022.18
847 196.59 302.61
848 286.665 221.597
849 419.696 830.457
850 1393.17 1013.85
851 1535.69 353.08
852 1011.58 1498.33
853 1281.97 1476.19
854 794.433 1006.48
855 1500.11 961.903
856 604.485 306.983
857 742.612 892.014
858 1479.65 54.428
859 1155.31 1240.46
860 1397.79 1499.08
861 461.588 1379.38
862 733.818 544.712
863 576.426 77.2067
864 1509.1 372.323
865 466.597 525.176
866 1380.83 1130.17
867 300.695 1313.09
868 1290.96 181.231
869 1459.56 1175.59
870 615.243 1016.18
871 1141.41 166.233
872 398.233 1198.86
873 414.921 510.813
874 610.326 1496.38
875 389.107 236.736
876 384.899 1416.3
877 888.137 1521.23
878 610.326 1138.35
879 239.973 443.724
880 147.512 790.175
881 1208.97 298.804
882 670.086 1308.54
883 192.004 1120.14
884 172.599 382.109
885 891.439 1464
886 264.857 688.194
887 66.0016 1008.76
888 1038.71 984.681
889 612.548 102.454
890 189.92 1160.28
891 517.517 1000.67
892 1354.37 603.905
893 1485.32 514.468
894 1080.77 121.233
895 246.09 34.7501
896 986.147 1276.2
897 712.216 512.86
898 642.053 521.394
899 602.035 1484.61
900 900.167 637.937
901 258.758 985.306
902 711.976 798
903 232.229 816.368
904 1274.31 261.17
905 1098.97 627.015
906 1023.26 284.961
907 1397.71 516.77
908 521.093 1536.57
909 461.16 727.54
910 696.941 85.9061
911 293.237 456.669
912 1547.77 111.068
913 1461.68 1096.98
914 73.8972 464.952
915 653.491 920.959
916 1032.24 224.197
917 457.853 1177.44
918 1055.41 1156.22
919 596.701 478.19
920 1117.16 862.418
921 1075.27 1301.73
922 1120.88 498.709
923 505.34 1284.16
924 1333.36 928.561
925 424.984 1388.96
926 720.98 1526.64
927 654.291 839.676
928 73.4244 350.527
929 1503 5.62621
930 1340.57 748.296
931 1474.16 1423.54
932 858.713 512.279
933 1049.22 585.268
934 795.612 204.577
935 179.152 929.979
936 427.698 1500.4
937 368.635 885.017
938 344.987 1540.65
939 1472.6 1144.34
940 1052.68 239.516
941 1203.68 1350.9
942 101.224 344.107
943 289.814 5.67349
944 457.047 355.832
945 1110.53 1533.55
946 701.432 998.25
947 802.214 1386.98
948 431.19 461.941
949 509.716 424.093
950 785.447 293.556
951 755.756 567.254
952 1440.66 214.836
953 210.28 1105.43
954 183.301 194.412
955 948.796 466.749
956 806.297 234.268
957 1332.99 469.586
958 558.555 1450.01
959 873.7 1190.21
960 627.301 439.081
961 475.279 1141.42
962 47.4209 1313.65
963 840.291 744.669
964 520.637 1403.16
965 328.495 1356.64
966 1133.57 854.546
967 1339.18 1304.91
968 755.614 863.883
969 1166.57 1167.09
970 1454.4 1208.83
971 444.766 930.036
972 736.75 132.439
973 140.706 105.348
974 1204.07 46.9481
975 633.458 1175.03
976 615.727 1298.38
977 1076.31 670.606
978 1273.69 910.699
979 766.447 637.015
980 179.471 1414.31
981 1518.79 523.342
982 161.915 412.425
983 1020.52 1233.49
984 1178.1 581.438
985 727.071 995.66
986 753.66 61.5672
987 1421.54 404.993
988 247.772 279.277
989 923.309 1548.24
990 745.402 916.41
991 686.776 970.318
992 942.842 397.154
993 637.464 274.749
994 1167.51 997.163
995 458.323 990.128
996 1332.47 849.865
997 997.355 1468.49
998 600.758 1458.65
999 503.546 688.204
1000 1109.93 1057.85
1001 375.211 1401.4
1002 403.48 1549.11
1003 1447.01 420.5
1004 263.262 684.374
1005 1426.65 21.3701
1006 726.854 911.39
1007 495.884 1062.36
1008 722.33 1315.08
1009 381.412 846.92
1010 1103.73 994.005
1011 20.6137 1523.5
1012 251.669 731.029
1013 1275.63 260.423
1014 182.875 1348.21
1015 153.914 1442.44
1016 682.135 593.882
1017 716.601 1440.74
1018 110.964 1530.14
1019 1245.19 1511.99
1020 955.983 610.94
1021 1470.62 1387.1
1022 706.68 501.735
1023 1011.54 644.272
1024 1055.55 565.609
1025 236.49 349.392
1026 597.655 658.48
1027 517.565 920.155
1028 891.352 56.2247
1029 1326.98 417.947
1030 694.796 847.913
1031 1285.09 818.164
1032 1309.83 651.184
1033 839.726 39.6671
1034 329.783 677.235
1035 1318.55 945.118
1036 1459.93 826.462
1037 409.437 1151.68
1038 1349.79 882.426
1039 806.584 652.971
1040 199.388 806.817
1041 130.159 1255.12
1042 304.838 1510.66
1043 625.939 1292.71
1044 629.316 136.306
1045 1258.15 1537.52
1046 1110.96 433.738
1047 483.263 747.955
1048 1416.2 1124.35
1049 1145.06 1509.57
1050 1361.5 1068.41
1051 1507.11 697.234
1052 1057.25 567.112
1053 987.947 661.019
1054 211.235 389.258
1055 1534.37 1039.25
1056 1275.26 10.2123
1057 709.606 1321.26
1058 810.647 1458.47
1059 145.383 1494.68
1060 1539.3 168.749
1061 584.807 1135.79
1062 310.529 132.439
1063 806.912 1386.51
1064 1061.79 908.609
1065 926.244 1537.7
1066 467.732 1261.22
1067 894.284 1115.62
1068 652.546 425.701
1069 1446.22 228.193
1070 939.949 98.9078
1071 1034.38 1365.71
1072 124.439 1161.65
1073 1476.66 1065.07
1074 1368.47 669.235
1075 1401.4 51.7706
1076 227.301 13.8055
1077 1248.26 613.125
1078 390.005 643.705
1079 516.382 178.62
1080 959.468 1008.94
1081 1029.55 176.682
1082 1457.66 481.027
1083 1017.49 81.4618
1084 745.772 229.729
1085 55.6002 331.498
1086 1231.05 1328.46
1087 835.989 91.2112
1088 6.38267 1330.73
1089 794.697 471.183
1090 517.802 26.9589
1091 1427.41 1393.83
1092 671.469 284.809
1093 530.613 911.754
1094 143.005 33.8991
1095 868.753 413.513
1096 622.102 1333.18
1097 489.291 637.464
1098 814.146 924.032
1099 1546.4 1450.86
1100 740.532 1548.71
1101 1331.33 551.851
1102 903.739 1531.95
1103 1035.38 427.696
1104 989.504 925.403
1105 1475.67 1507.22
1106 696.61 1109.43
1107 759.255 702.624
1108 185.759 1460.07
1109 166.706 671.198
1110 1411.94 139.625
1111 1050.26 1269.68
1112 1233.98 9.89116
1113 827.431 913.914
1114 1109.92 641.861
1115 99.1442 1436.06
1116 600.161 769.372
1117 1272.95 1144.2
1118 676.658 518.084
1119 1422.21 1145.43
1120 1064.34 894.047
1121 856.416 1236.92
1122 1062.88 694.067
1123 904.839 250.91
1124 624.462 63.3638
1125 227.601 1118.39
1126 1370.53 502.208
1127 962.933 707.541
1128 844.552 100.232
1129 1366.6 616.103
1130 1399.33 1221.41
1131 472.613 392.804
1132 869.037 815.091
1133 1193.04 144.579
1134 417.947 185.949
1135 667.013 836.471
1136 222.684 268.962
1137 203.915 1284.38
1138 1097.87 1133.52
1139 1049.31 1256.96
1140 258.758 33.4834
1141 1269.32 660.498
1142 1442.96 865.633
1143 438.372 907.626
1144 354.491 148.372
1145 1106.05 122.169
1146 479.204 236.027
1147 1500.76 1105.21
1148 640.824 224.812
1149 945.109 1431.09
1150 568.484 1048.05
1151 256.016 879.211
1152 1264.48 35.0338
1153 436.91 1338.52
1154 1051.91 160.938
1155 983.88 1406.74
1156 24.2542 699.825
1157 340.835 481.027
1158 444.329 462.21
1159 691.129 1457.43
1160 386.979 1022.7
1161 679.639 378.374
1162 905.489 1348.35
1163 420.878 1419.03
1164 1185.98 826.022
1165 1350.03 1196.55
1166 1021.23 1177.34
1167 285.376 332.372
1168 396.482 781.202
1169 1152.66 1525.36
1170 197.06 606.6
1171 1449.25 1313.65
1172 679.204 1410
1173 617.039 853.151
1174 1195.17 716.94
1175 43.2604 665.926
1176 1308.4 1163.82
1177 1127.75 1078.53
1178 719.209 1409.64
1179 439.506 666.692
1180 865.916 178.772
1181 1031.06 1007.05
1182 1286.37 594.771
1183 872.519 270.294
1184 885.584 309.867
1185 1543.95 325.044
1186 412.746 1161.22
1187 891.92 298
1188 334.975 710.084
1189 769.148 299.986
1190 1137.53 1190.96
1191 703.134 217.21
1192 195.357 1227.71
1193 98.7685 1176.71
1194 1198.06 1216.09
1195 917.793 1234.04
1196 434.941 1214.99
1197 1259.99 263.392
1198 361.779 78.3985
1199 365.507 1085.01
1200 34.561 1528.15
1201 209.384 499.172
1202 1325.06 292.053
1203 309.3 1283.44
1204 1372.65 859.638
1205 1542.23 1277.01
1206 1076.78 479.173
1207 215.403 30.0793
1208 62.4201 792.917
1209 43.1867 362.11
1210 1042.5 811.403
1211 215.5 1194.84
1212 335.712 1243.17
1213 1303.25 437.294
1214 617.37 722.576
1215 30.5423 168.172
1216 377.854 328.4
1217 241.029 909.98
1218 283.251 561.274
1219 416.39 600.657
1220 770.603 1185.91
1221 1545.17 734.537
1222 238.619 415.073
1223 1117.65 963.652
1224 425.334 1033.2
1225 262.468 1436.48
1226 899.863 781.239
1227 994.094 377.571
1228 90.3976 986.833
1229 642.854 741.572
1230 877.641 331.048
1231 344.617 575.207
1232 299.534 612.453
1233 488.64 293.367
1234 1329.3 189.967
1235 914.795 189.032
1236 1209.87 163.113
1237 869.699 36.4522
1238 477.294 1249.35
1239 1350.29 272.091
1240 120.467 1267.88
1241 773.155 1187.65
1242 1027.88 664.555
1243 1312.75 299.229
1244 553.496 810.893
1245 1300.93 282.124
1246 1493.17 786.308
1247 86.4852 419.753
1248 1082.74 50.3995
1249 1421.73 140.207
1250 1532.98 498.298
1251 6.38267 726.075
1252 280.575 1270.35
1253 306.806 896.837
1254 190.44 183.254
1255 239.847 316.227
1256 1495.67 1540.74
1257 764.647 257.529
1258 989.882 1110.23
1259 120.576 579.084
1260 1224.14 827.1
1261 180.086 1270.91
1262 1136.05 187.509
1263 1169.12 232.093
1264 556.096 69.8883
1265 1090.4 63.4958
1266 1386.27 1045.58
1267 1484.33 594.156
1268 825.959 596.709
1269 521.575 1045.2
1270 1330.24 491.537
1271 1332.75 1472.99
1272 466.694 781.807
1273 1274.79 1136.87
1274 973.76 1546.79
1275 967.039 850.929
1276 110.181 602.099
1277 485.521 157.959
1278 702.948 870.465
1279 92.7178 1363.76
1280 476.205 1108.88
1281 585.365 364.853
1282 430.996 1318.42
1283 334.027 988.369
1284 1010.03 1139.66
1285 1404.9 19.8198
1286 1179 620.207
1287 746.678 1353.52
1288 384.001 67.6662
1289 354.64 83.4948
1290 216.199 1009.64
1291 438.513 445.7
1292 631.273 352.04
1293 180.653 694.293
1294 1164.39 1250.77
1295 717.376 1416.96
1296 1534.66 816.604
1297 257.955 49.4539
1298 1527.54 302.407
1299 344.496 113.99
1300 933.517 1441.82
1301 700.772 1432.47
1302 185.281 949.043
1303 624.7 637.889
1304 807.246 1124.39
1305 520.025 280.942
1306 102.69 88.7901
1307 473.798 1104.54
1308 1085.01 87.1826
1309 1005.58 90.4074
1310 1180.13 1443.29
1311 930.783 999.432
1312 1334.97 1186.29
1313 667.533 1372.38
1314 15.7439 1189.07
1315 940.239 1333.94
1316 487.069 1171.81
1317 312.042 926.764
1318 681.209 1236.4
1319 903.267 58.626
1320 945.214 1123.45
1321 1503.85 1112.08
1322 276.583 113.385
1323 151.719 575.16
1324 601.79 1013.15
1325 647.689 548.116
1326 606.023 495.731
1327 179.897 1052.43
1328 1323.67 1046.86
1329 421.54 1469.49
1330 311.061 96.1282
1331 471.79 1020.9
1332 38.8161 286.417
1333 980.532 641.388
1334 985.478 364.862
1335 480.734 1222.45
1336 630.939 1308.97
1337 517.879 80.5261
1338 868.566 795.896
1339 1186.64 665.453
1340 803.736 671.221
1341 1455.6 1000.09
1342 1207.89 1310.15
1343 225.758 141.942
1344 1472.22 443.43
1345 781.252 1166.37
1346 442.297 312.194
1347 1332.19 464.763
1348 468.822 1206.15
1349 820.197 1370.05
1350 218.29 534.467
1351 1241.69 1266.09
1352 1546.93 1177.86
1353 701.462 245.284
1354 717.416 389.485
1355 1361.16 883.088
1356 881.702 1396.81
1357 938.679 145.572
1358 702.898 367.878
1359 1506.36 163.846
1360 722.105 192.672
1361 629.033 558.187
1362 987.092 142.083
1363 1050.02 145.903
1364 1106.66 578.247
1365 1340.6 15.6119
1366 879.107 764.858
1367 654.251 1367.67
1368 812.302 334.878
1369 295.021 255.884
1370 1287.5 1031.21
1371 541.319 1408.02
1372 1326.7 642.333
1373 1162.78 628.575
1374 186.877 857.501
1375 655.678 951.927
1376 1085.04 326.756
1377 779.821 1234.47
1378 1545.18 1295.07
1379 818.07 516.808
1380 217.342 1095.32
1381 118.873 630.524
1382 1314.26 683.892
1383 1305.89 456.016
1384 1489.91 644.603
1385 712.685 286.748
1386 588.672 1004.12
1387 52.0371 74.89
1388 35.4133 1085.43
1389 1145.07 884.081
1390 971.514 347.218
1391 871.752 259.42
1392 1340.32 1287.65
1393 978.913 559.548
1394 923.077 234.353
1395 1022.08 1125.82
1396 372.987 1028.32
1397 1277.81 439.033
1398 1020 1236.11
1399 1189.45 1148.01
1400 1165.43 1236.26
1401 229.986 942.802
1402 274.171 1234.42
1403 1175.77 1492.8
1404 1006.76 474.871
1405 1486.12 990.544
1406 443.194 1152.14
1407 154.984 1012.24
1408 477.802 1125.81
1409 333.743 1116.78
1410 578.318 577.349
1411 1002.43 510.898
1412 244.669 1097.54
1413 221.692 1373.04
1414 971.585 118.954
1415 818.64 859.038
1416 1057.75 6.85547
1417 115.413 489.717
1418 795.16 1499.12
1419 1230.3 1514.35
1420 1181.5 576.2
1421 1394.52 166.763
1422 167.841 60.99
1423 930.31 724.278
1424 154.265 207.744
1425 470.561 1345.71
1426 69.4739 1305.23
1427 1185.4 1451.56
1428 0.425512 739.265
1429 1330.1 345.951
1430 1440.78 597.371
1431 1189.82 1346.98
1432 1280.03 86.4734
1433 1123.49 162.319
1434 1307.79 515.815
1435 110.586 1484.89
1436 99.9689 505.65
1437 290.069 405.276
1438 1379.67 710.463
1439 1363.59 619.876
1440 12.9545 251.549
1441 193.08 842.182
1442 904.023 1426.18
1443 402.716 174.743
1444 181.942 1395.11
1445 644.662 324.959
1446 1116.5 700.108
1447 1481.21 103.447
1448 92.8691 1355.4
1449 1149.73 362.63
1450 770.838 1337.97
1451 933.242 950.036
1452 778.973 339.852
1453 1532.55 1373.34
1454 1038.16 498.662
1455 1533.7 408.454
1456 207.634 4.72791
1457 928.561 1478.75
1458 737.506 801.569
1459 194.122 1482.19
1460 1151.58 1430.52
1461 574.575 1414.07
1462 132.665 1182.21
1463 732.828 699.683
1464 91.2813 1075.55
1465 1510.98 579.037
1466 192.757 870.408
1467 12.9072 1012.01
1468 791.924 582.005
1469 194.509 433.89
1470 1051.78 879.448
1471 56.2174 820.907
1472 402.581 112.77
1473 538.595 773.306
1474 654.579 1183.63
1475 594.262 169.779
1476 219.416 893.149
1477 1266.76 530.991
1478 1061.18 1031.16
1479 978.972 984.407
1480 391.802 475.107
1481 1179.09 535.766
1482 1361.07 228.925
1483 1301.14 1358
1484 1085.64 887.769
1485 339.852 1334.98
1486 536.003 1054.99
1487 1519.14 965.959
1488 198.706 242.882
1489 877.548 689.234
1490 470.079 1495.26
1491 536.013 1378.71
1492 622.358 377.382
1493 98.0597 64.6778
1494 440.31 839.771
1495 1224.62 1243.06
1496 813.862 1438.32
1497 127.513 283.462
1498 1483.41 758.971
1499 666.363 1461.11
1500 1043.69 708.193
1501 508.203 1460.92
1502 986.243 418.571
1503 816.239 142.594
1504 349.017 264.773
1505 839.414 200.237
1506 1306.75 1308.21
1507 1066.43 1394.73
1508 1351.19 27.8947
1509 1043.6 1267.53
1510 254.503 759.406
1511 1225.76 469.434
1512 1440.36 1431.04
1513 1341.93 983.178
1514 1087.8 779.216
1515 523.332 1193.62
1516 1441.68 1476.38
1517 432.178 1426.69
1518 895.938 149.78
1519 94.5109 844.782
1520 307.55 76.271
1521 826.866 1067.43
1522 1169.97 1366.79
1523 455.015 515.626
1524 766.575 42.5512
1525 80.4322 474.918
1526 1512.04 1350.5
1527 142.198 824.263
1528 676.989 1215.69
1529 1143.63 1012.62
1530 279.6 767.444
1531 1282.13 983.698
1532 348.376 1004.45
1533 261.264 895.475
1534 536.097 725.214
1535 695.27 873.244
1536 1079.05 696.856
1537 67.4228 1493.62
1538 1448.77 1209.07
1539 882.581 478.994
1540 108.836 477.954
1541 651.517 973.145
1542 1110.16 339.332
1543 737.01 1276.2
1544 1107.75 750.896
1545 884.773 1365.57
1546 93.849 1456.05
1547 302.002 215.319
1548 793.106 727.53
1549 1074.35 583.765
1550 478.275 746.972
1551 1283.48 150.357
1552 1186.56 1101.65
1553 695.097 623.635
1554 352.951 585.939
1555 14.231 1290.2
1556 1458.56 805.588
1557 343.719 881.906
1558 886.01 1142.07
1559 1025.58 726.065
1560 565.978 1248.31
1561 1474.4 949.09
1562 1175.93 401.707
1563 1126.28 1314.26
1564 1357.47 1403.53
1565 259.988 302.832
1566 1437.09 1068.52
1567 648.812 163.822
1568 1225.24 883.779
1569 1544.94 848.811
1570 757.6 503.097
1571 895.229 1297.73
1572 84.2526 399.319
1573 856.46 1408.02
1574 1328.73 374.129
1575 37.7287 154.886
1576 376.59 1.37109
1577 540.211 603.527
1578 1178.4 1103.49
1579 760.815 232.528
1580 565.505 1074.46
1581 1459.41 682.757
1582 277.03 845.775
1583 1002.08 221.479
1584 829.466 1186.16
1585 428.727 584.275
1586 69.5212 591.187
1587 1115.83 964.729
1588 595.669 767.538
1589 149.591 1411.2
1590 1458.09 1228.36
1591 1009.71 743.747
1592 1292.59 499.608
1593 377.051 1057.68
1594 1327.88 1104.35
1595 404.124 1160.29
1596 203.141 830.031
1597 43.7331 1163.83
1598 1036.36 36.2872
1599 144.005 929.516
1600 93.9657 1406.65
1601 273.965 932.58
1602 825.403 446.372
1603 664.366 1547.88
1604 1348.64 1284.06
1605 633.532 588.577
1606 653.775 1156.16
1607 1544.54 256.735
1608 953.953 1212.94
1609 1269.46 373.987
1610 1298.66 1035.66
1611 1173.94 885.159
1612 1027.56 1490.1
1613 490.331 885.017
1614 783.075 277.774
1615 1143.04 931.597
1616 653.165 1370.86
1617 1471.23 422.722
1618 414.685 952.163
1619 308.309 706.359
1620 788.664 92.7384
1621 1456.67 194.847
1622 282.634 490.095
1623 302.023 367.406
1624 67.4231 1384.4
1625 353.695 590.587
1626 474.871 373.496
1627 451.137 978.687
1628 103.73 549.974
1629 1089.59 44.1828
1630 1219.32 739.265
1631 428.159 1531.62
1632 1226.66 700.828
1633 126.992 622.24
1634 629.267 578.696
1635 757.602 1235.32
1636 11.8198 1055.36
1637 1346.98 1175.12
1638 692.783 65.3397
1639 82.9668 270.72
1640 1383.29 540.046
1641 1119.1 263.463
1642 151.766 869.178
1643 205.238 1049.74
1644 1247.74 1531.76
1645 588.908 812.68
1646 599.133 107.948
1647 32.5293 1354.18
1648 132.523 391.707
1649 731.88 1152.43
1650 1220.33 1425.52
1651 1134.86 17.5504
1652 1029.22 109.522
1653 345.753 600.964
1654 246.931 640.736
1655 544.702 743.899
1656 433.372 415.441
1657 900.146 1086.28
1658 1042.5 454.73
1659 548.06 756.759
1660 1484.94 217.635
1661 74.2399 554.442
1662 1059.81 835.516
1663 719.918 777.457
1664 1359.13 260.319
1665 1310.53 1058.92
1666 525.802 394.365
1667 835.614 279.608
1668 1272.75 826.58
1669 33.6627 209.882
1670 1315.26 587.632
1671 1208.45 1316.79
1672 166.28 412.037
1673 734.918 155.595
1674 585.11 654.778
1675 1278.71 503.995
1676 766.394 874.757
1677 1262.43 204.293
1678 1459.42 447.024
1679 1180.26 272.716
1680 1369.96 1088
1681 976.975 1175.59
1682 233.7 454.078
1683 156.647 1239.43
1684 725.404 31.9134
1685 1455.49 1096.46
1686 96.402 431.989
1687 1523.38 179.812
1688 277.975 819.025
1689 93.8134 939.35
1690 1404.52 864.025
1691 624.199 2.31667
1692 46.0498 1092.24
1693 241.832 168.181
1694 691.326 1407.13
1695 1085.75 364.947
1696 1363.1 837.384
1697 1076 755.141
1698 1257.71 774.526
1699 1169.97 70.8339
1700 152.901 1208.64
1701 434.778 492.317
1702 963.547 1127.56
1703 1444.33 289.419
1704 1209.45 805.446
1705 979.559 867.524
1706 795.754 1348.27
1707 905.688 912.581
1708 87.0525 1355.31
1709 1463.74 745.223
1710 1126.46 1338.24
1711 1287.02 1427.65
1712 251.262 105.395
1713 1358.94 537.053
1714 953.952 1366.67
1715 906.387 75.9775
1716 1163.97 511.276
1717 917.925 1069.59
1718 754.905 843.043
1719 650.796 562.763
1720 824.464 1019.43
1721 761.073 610.714
1722 1143.4 238.476
1723 1217.51 1468.92
1724 993.572 205.579
1725 1136.5 666.375
1726 455.886 223.498
1727 1470.56 977.93
1728 559.219 216.207
1729 1081.23 591.533
1730 1240.59 1022.14
1731 1429.58 1045.01
1732 1328.78 967.103
1733 1007.38 346.603
1734 1542.64 898.255
1735 1287.55 579.641
1736 159.713 1046.29
1737 357.477 1444.43
1738 1391.38 62.692
1739 820.103 1474.82
1740 1089.19 1222.55
1741 793.08 348.541
1742 320.647 857.463
1743 1005.48 958.168
1744 346.887 907.39
1745 1365.42 247.105
1746 544.939 889.282
1747 833.011 787.159
1748 374.688 740.059
1749 520.306 266.111
1750 361.354 609.815
1751 272.331 244.669
1752 781.145 693.547
1753 28.9821 958.016
1754 419.273 1077.35
1755 1269.54 1430.29
1756 926.91 943.322
1757 830.223 1297.15
1758 1140.95 368.257
1759 256.205 1300.88
1760 907.808 2.31667
1761 1193.88 640.962
1762 598.671 1025.25
1763 4.25512 376.861
1764 1487.95 42.7028
1765 434.743 853.35
1766 388.362 490.105
1767 842.724 410.335
1768 958.226 187.944
1769 14.562 532.892
1770 396.654 635.052
1771 668.242 1374.12
1772 1447.73 499.834
1773 965.391 849.487
1774 13.3327 1138.73
1775 1076.54 394.081
1776 6.71363 104.307
1777 759.586 1212.9
1778 1132.85 1003.08
1779 1511.69 1521.26
1780 104.337 1274.17
1781 1069.41 1454.21
1782 327.315 544.324
1783 1270.39 104.638
1784 756.465 522.67
1785 702.283 206.336
1786 736.572 1126.28
1787 464.091 1443.1
1788 509.621 59.1845
1789 935.806 473.652
1790 1072.9 206.255
1791 601.383 237.105
1792 183.795 1069.88
1793 823.838 1428.09
1794 1445.3 1307.65
1795 126.661 1353.46
1796 1213.25 1070.49
1797 11.016 190.181
1798 1473.28 990.638
1799 779.017 545.27
1800 1192.66 1175.12
1801 1322.06 310.34
1802 118.67 653.407
1803 830.98 53.8981
1804 353.035 234.75
1805 1504.18 924.363
1806 1194.32 214.978
1807 426.032 934.755
1808 360.125 966.999
1809 1430.76 655.723
1810 183.632 1259.38
1811 1352.51 210.321
1812 754.29 491.891
1813 546.31 802.761
1814 531.039 1477.48
1815 961.845 599.31
1816 761.847 1429.4
1817 567.065 120.467
1818 1006.32 1205.14
1819 1106.7 526.736
1820 1119.29 1418.75
1821 1207.84 1409.22
1822 1099 271.287
1823 963.737 1119.01
1824 955.134 800.435
1825 203.111 1063.64
1826 614.214 1271.85
1827 851.924 22.9545
1828 1544.18 773.699
1829 993.806 740.211
1830 214.178 1384.95
1831 717.508 888.137
1832 753.337 752.966
1833 698.832 475.921
1834 987.423 908.042
1835 1194.88 128.94
1836 478.937 471.24
1837 1012.91 621.115
1838 852.536 1062.04
1839 247.962 1106.9
1840 1542.86 859.071
1841 1204.93 417.332
1842 1280.54 937.128
1843 670.902 1108.66
1844 807.52 181.325
1845 497.397 128.136
1846 306.333 608.066
1847 1545.12 594.071
1848 249.35 511.323
1849 192.851 553.175
1850 1521.77 334.878
1851 1144.68 9.46565
1852 65.2372 896.411
1853 1299.13 990.828
1854 809.465 1098.43
1855 315.118 269.302
1856 975.587 333.648
1857 440.322 1470.8
1858 1388.01 1065.11
1859 51.2978 132.712
1860 366.838 675.155
1861 1544.32 269.264
1862 321.821 1445.27
1863 1313.08 76.3557
1864 805.684 1479.74
1865 1489.43 1387.9
1866 1327.48 53.0944
1867 1114.84 156.802
1868 480.166 183.254
1869 1050.49 466.928
1870 1055.36 1351.2
1871 459.122 22.8456
1872 1031.82 604.392
1873 526.642 1394.27
1874 206.704 870.276
1875 758.12 240.792
1876 96.2129 478.464
1877 311.488 1347.32
1878 383.01 276.829
1879 1433.83 392.109
1880 8.17928 117.167
1881 5.81533 519.37
1882 95.9803 1261.93
1883 805.609 318.33
1884 136.731 710.425
1885 953.906 169.094
1886 1219.04 1194.8
1887 30.7314 1395.06
1888 411.801 326.33
1889 1180.17 1404.66
1890 256.442 1413.74
1891 425.089 1128.46
1892 702.662 237.956
1893 1066.05 868.715
1894 1251.21 821.578
1895 751.938 1377.71
1896 562.006 403.82
1897 890.598 1288.45
1898 286.201 1013.39
1899 692.733 356.305
1900 818.353 1205.33
1901 724.175 172.815
1902 432.556 1060.15
1903 490.284 831.639
1904 574.169 593.315
1905 1061.84 1355.02
1906 1228.45 223.545
1907 971.162 9.74933
1908 1190.94 1505.75
1909 515.572 337.582
1910 1051.69 1531.71
1911 1401.82 1262.22
1912 71.4888 1457.21
1913 91.1566 1429.81
1914 273.303 946.149
1915 1221.18 765.495
1916 1210.43 1387.23
1917 907.381 857.17
1918 1296.36 516.382
1919 966.311 1206.95
1920 477.093 1115.98
1921 620.888 210.922
1922 236.529 650.229
1923 201.259 349.298
1924 149.827 156.21
1925 194.412 152.39
1926 445.228 884.544
1927 156.825 203.726
1928 903.078 287.088
1929 1431.48 542.858
1930 653.645 1026.39
1931 643.799 485.131
1932 85.2914 692.166
1933 577.088 960.096
1934 289.728 144.154
1935 321.064 1058.11
1936 1487.54 1488.06
1937 1179.03 533.544
1938 1194.84 328.661
1939 1468.02 330.822
1940 305.009 1355.93
1941 32.4334 812.775
1942 960.947 781.334
1943 1249.4 763.321
1944 88.2713 649.293
1945 1508.26 828.424
1946 896.148 785.4
1947 370.999 1184.11
1948 1429.15 1432.38
1949 744.742 18.1079
1950 994.368 640.972
1951 565.651 149.922
1952 512.765 873.112
1953 395.255 925.346
1954 1273.37 1380.55
1955 1305.42 754.621
1956 1380.79 1490.77
1957 1125.34 1377.85
1958 618.552 703.796
1959 238.893 392.085
1960 1540.81 85.585
1961 1276.39 1221.09
1962 841.237 669.292
1963 1372.46 1241.95
1964 914.9 1463.45
1965 546.735 767.018
1966 284.18 1155.13
1967 754.716 405.759
1968 369.108 1421.87
1969 1146.04 1526.79
1970 1539.48 1215.36
1971 1454.62 892.402
1972 1317.36 161.893
1973 446.081 1301.64
1974 333.932 243.828
1975 681.528 1086.8
1976 881.246 564.654
1977 1184.65 104.26
1978 840.009 813.389
1979 873.152 873.765
1980 625.029 463.666
1981 790.868 907.9
1982 858.26 346.934
1983 1111.96 117.546
1984 1411.37 267.836
1985 512.686 230.769
1986 1287.22 922.982
1987 452.413 94.5207
1988 1323.9 560.361
1989 336.107 1381.05
1990 326.509 726.301
1991 1260.52 22.1266
1992 1162.78 304.062
1993 1371.99 1494.37
1994 62.6448 514.349
1995 1371.9 666.172
1996 392.466 546.428
1997 1194.36 1157.83
1998 199.154 130.264
1999 1547.76 1142.17
2000 84.1095 563.009
2001 1230.33 469.066
2002 1545.74 1010.35
2003 1015.74 1190.01
2004 337.34 976.337
2005 1451.81 901.896
2006 1241.41 80.7625
2007 214.65 675.712
2008 178.999 313.234
2009 1543.24 151.303
2010 992.624 456.858
2011 264.36 1404.24
2012 754.338 1123.98
2013 368.493 1001.9
2014 28.8402 1461.35
2015 1520.37 1077.83
2016 1152.1 1068.85
2017 1226.47 1200.79
2018 1101.74 637.568
2019 1532.38 927.568
2020 1388.92 43.3076
2021 1353.74 1536.77
2022 677.047 1049.36
2023 705.687 227.375
2024 126.377 699.835
2025 1270.77 337.724
2026 1423.42 1154.84
2027 1269.23 847.43
2028 1486.88 1422.35
2029 1506.07 450.863
2030 398.065 342.395
2031 304.335 358.48
2032 1434.26 883.656
2033 994.574 71.3067
2034 1293.13 543.095
2035 1107.42 1282.63
2036 1453.78 1453.12
2037 10.0232 464.763
2038 449.86 383.018
2039 670.355 1433.22
2040 1148.31 198.818
2041 108.138 196.407
2042 1240.51 61.1318
2043 947.504 1039.68
2044 97.7258 1540.64
2045 578.696 1424.47
2046 927.371 1472.56
2047 937.877 577.112
2048 981.041 1001.9
2049 520.921 676.999
2050 600.822 734.079
2051 1487.2 1494.64
2052 1193.32 1335.36
2053 1255.37 1329.72
2054 650.276 9.32381
2055 551.841 516.25
2056 80.2259 1539.69
2057 149.99 1332.48
2058 865.541 1503.62
2059 1512.13 482.02
2060 900.574 646.163
2061 166.28 1539.93
2062 71.8642 1146.75
2063 220.985 771.831
2064 19.9518 842.749
2065 1461.57 1132.58
2066 106.567 1084.06
2067 528.279 1013.81
2068 1006.24 502.387
2069 612.122 15.413
2070 595.284 821.379
2071 285.376 937.601
2072 351.995 321.829
2073 1254.21 12.8599
2074 635.1 576.095
2075 1235.17 717.176
2076 937.763 998.828
2077 282.634 804.511
2078 672.282 350.395
2079 870.911 596.425
2080 440.075 470.011
2081 1118.72 1395.92
2082 826.526 1278.47
2083 1324.67 587.169
2084 277.103 846.343
2085 1500.5 232.292
2086 687.355 793.873
2087 1536.83 751.217
2088 1526.93 1088.91
2089 889.549 493.887
2090 696.197 264.253
2091 161.647 1528.59
2092 1228.13 705.262
2093 205.779 1026.2
2094 1068 1514.35
2095 67.7509 949.269
2096 1386.24 1209.54
2097 944.279 329.923
2098 1201.81 379.519
2099 916.213 200.52
2100 200.739 1007.34
2101 1231.24 47.7519
2102 1373.98 245.625
2103 922.178 486.984
2104 792.92 366.801
2105 479.156 609.191
2106 692.449 673.122
2107 883.882 965.969
2108 404.721 690.038
2109 978.347 1042.32
2110 1356.26 189.268
2111 680.473 1347.6
2112 1232.04 250.258
2113 327.88 1499.79
2114 1373.32 1423.46
2115 655.724 678.266
2116 435.488 1382.68
2117 133.516 474.834
2118 897.369 834.911
2119 693.684 1508.39
2120 109.718 734.575
2121 391.754 292.09
2122 865.68 1162.93
2123 1.1347 485.566
2124 563.011 1459.89
2125 563.289 1071.39
2126 251.498 89.121
2127 827.008 1359.14
2128 988.73 671.94
2129 722.277 127.228
2130 185.901 915.616
2131 245.56 1038.21
2132 993.286 368.848
2133 579.635 781.391
2134 425.323 881.481
2135 173.43 289.027
2136 1280.11 273.131
2137 852.962 1142.37
2138 1501.58 1206.07
2139 163.396 233.379
2140 1122.75 454.409
2141 1056.17 862.286
2142 735.615 379.84
2143 39.4307 804.264
2144 1226.42 921.337
2145 386.885 1261.16
2146 378.705 307.692
2147 1043.69 416.68
2148 1357.76 318.614
2149 313.208 1485.98
2150 813.058 1131.4
2151 205.806 714.434
2152 536.053 792.88
2153 192.851 1328.16
2154 250.485 581.542
2155 1415.02 1513.4
2156 1372.4 1341.26
2157 1478.09 198.808
2158 1455.63 103.031
2159 1391.65 202.165
2160 227.885 108.553
2161 1098.43 806.581
2162 738.236 146.092
2163 1325.5 844.924
2164 1411.23 1134.6
2165 1511.04 965.543
2166 447.733 1505.47
2167 353.084 1116.47
2168 882.984 516.628
2169 402.109 1405.81
2170 868.67 1008.28
2171 741.101 504.988
2172 638.412 1397.95
2173 1145.92 385.807
2174 202.981 1530.33
2175 0.898302 1420.36
2176 1499.36 561.675
2177 965.959 1370.62
2178 205.948 338.518
2179 873.946 840.055
2180 1355.07 1165.57
2181 673.112 1297.68
2182 258.674 1075.22
2183 922.273 1190.44
2184 910.03 370.928
2185 1210.01 275.59
2186 39.1944 976.228
2187 512.829 1452.13
2188 1355.97 727.483
2189 1474.16 887.854
2190 56.547 634.438
2191 299.702 473.027
2192 1510.37 1161.14
2193 1221.79 119.342
2194 1314.19 164.768
2195 918.207 35.5164
2196 1511.18 1502.15
2197 822.987 563.449
2198 222.023 893.433
2199 975.521 131.436
2200 750.461 1250.59
2201 1031.77 927.332
2202 534.454 8.04728
2203 608.009 1227.13
2204 246.96 976.644
2205 1482.62 1358.9
2206 1402.93 954.811
2207 1327.88 285.424
2208 712.1 732.022
2209 502.306 177.354
2210 971.228 821.72
2211 1013.92 817.465
2212 945.298 888.289
2213 433.596 966.063
2214 701.858 276.535
2215 856.508 55.3736
2216 921.138 1454.07
2217 1402.08 327.171
2218 288.308 96.4493
2219 126.664 108.08
2220 166.186 1237.49
2221 96.2602 1303.39
2222 49.7769 233.994
2223 904.165 1431.18
2224 865.332 214.363
2225 790.971 1397.05
2226 430.429 1514.36
2227 764.978 70.2567
2228 1358.75 1366.27
2229 417.127 277.812
2230 552.314 1121.47
2231 459.734 600.738
2232 413.24 382.63
2233 995.65 418.931
2234 1406.81 1133.56
2235 1207.93 782.8
2236 810.355 1036.08
2237 958.49 906.482
2238 563.531 575.717
2239 531.429 821.427
2240 531.086 616.482
2241 25.0579 661.728
2242 414.138 1463.77
2243 358.785 1526.93
2244 1233.65 1359.46
2245 690.844 422.685
2246 334.027 391.707
2247 1544.52 679.968
2248 1322.54 485.698
2249 1521.2 1322.21
2250 114.652 739.445
2251 17.0677 790.469
2252 335.721 1381.36
2253 787.765 578.459
2254 408.834 144.116
2255 243.676 834.816
2256 1111.15 317.999
2257 1509.95 277.633
2258 536.759 1300.52
2259 557.706 270.815
2260 1177.34 867.17
2261 85.3032 1072.96
2262 1263.35 949.894
2263 1138.94 933.951
2264 549.888 863.609
2265 1395.77 798.506
2266 1203.49 132.854
2267 531.041 1134.37
2268 1361.64 789.277
2269 542.055 89.4993
2270 290.955 1368.17
2271 120.242 1416.95
2272 1456.93 1512.04
2273 1034.51 1357.24
2274 19.6208 542.622
2275 139.958 612.642
2276 1339.23 816.378
2277 636.802 1005.16
2278 808.188 383.717
2279 1418.09 1164.39
2280 1398.18 751.974
2281 457.378 943.501
2282 1011.49 446.504
2283 771.794 637.464
2284 752.486 719.361
2285 1475.39 671.671
2286 173.561 326.651
2287 395.82 713.026
2288 1371.99 397.759
2289 167.935 49.2175
2290 486.597 880.951
2291 344.507 1075.84
2292 1331.1 1151.29
2293 610.461 718.604
2294 1417.96 628.018
2295 1127.51 1480.27
2296 1342.92 895.868
2297 749.347 865.879
2298 1198.76 459.137
2299 816.888 1322.88
2300 181.516 1344.24
2301 1371.19 26.628
2302 53.5199 76.6867
2303 56.5102 403.442
2304 393.74 1066.8
2305 1189.92 489.669
2306 551.274 1240.18
2307 770.365 719.209
2308 835.799 1266.04
2309 418.703 1539.94
2310 994.46 104.071
2311 1082.8 699.636
2312 900.394 537.526
2313 972.105 1498.42
2314 1236.11 858.352
2315 1140.29 898.822
2316 118.67 23.6395
2317 138.331 1137.4
2318 1154.93 531.143
2319 619.924 370.583
2320 716.183 17.3613
2321 1075.99 1383.35
2322 404.19 676.516
2323 1043.02 642.381
2324 354.782 662.106
2325 1544.42 982.459
2326 424.141 743.946
2327 83.0627 1507.98
2328 565.127 348.882
2329 508.876 519.749
2330 744.326 121.186
2331 233.322 618.751
2332 191.823 742.528
2333 636.991 1180.76
2334 1416.01 45.4825
2335 731.975 690.866
2336 1.32381 1116.21
2337 467.637 1310.1
2338 1397.53 1253.14
2339 1463.45 1362.11
2340 624.152 879.958
2341 1226.13 959.964
2342 778.686 154.319
2343 1028.56 170.157
2344 223.935 802.288
2345 822.668 124.968
2346 938.253 522.197
2347 958.821 1104.69
2348 996.028 767.349
2349 1116.14 250.626
2350 258.041 1521.12
2351 1196.87 1545.67
2352 301.404 50.9668
2353 837.549 291.533
2354 614.77 936.372
2355 924.809 1031.4
2356 384.853 1259.56
2357 1142.88 365.997
2358 168.031 1172.33
2359 1075.69 1079.48
2360 926.292 768.616
2361 1324 1545.37
2362 755.72 312.231
2363 1174.74 1010.84
2364 1519.72 314.028
2365 168.739 380.323
2366 643.894 34.76
2367 1332.56 909.413
2368 673.727 285.859
2369 22.2212 386.412
2370 103.94 430.675
2371 1072.91 1047.76
2372 184.815 182.497
2373 1409.53 892.865
2374 1293.13 350.102
2375 1187.22 1281.79
2376 1445.7 1271.05
2377 199.793 337.62
2378 880.573 577.514
2379 1357.24 1447.73
2380 645.217 434.4
2381 1154.49 976.029
2382 163.201 1377.67
2383 1136.37 790.421
2384 456.255 248.357
2385 942.603 116.59
2386 1535.62 1124.4
2387 299.418 567.406
2388 1480.78 363.964
2389 1172.09 858.125
2390 1403.86 686.965
2391 1139.38 308.023
2392 35.8848 1347.18
2393 1147.7 1346.14
2394 52.4325 1470.14
2395 698.087 539.88
2396 878.712 769.808
2397 1338.34 407.451
2398 1152.11 1495.91
2399 149.461 80.469
2400 819.157 1368.6
2401 601.91 1142.92
2402 286.653 423.441
2403 68.7279 1278.15
2404 365.488 500.922
2405 803.602 1217.39
2406 1292.89 1109.69
2407 1169.68 1101.47
2408 1420.05 346.036
2409 1170.87 1137.59
2410 197.91 1423.95
2411 1208.55 331.615
2412 504.384 770.375
2413 1145.6 768.957
2414 1500.92 1000.71
2415 1458.98 1459.04
2416 1228.03 317.725
2417 454.967 1397.66
2418 408.964 1117.06
2419 871.779 922.367
2420 743.039 650.712
2421 404.803 429.767
2422 1019.01 90.2085
2423 363.153 414.742
2424 243.818 1310.34
2425 945.487 1417.85
2426 1308.35 1385.33
2427 510.673 729.232
2428 1480.78 111.815
2429 7.94288 1480.51
2430 1439.15 164.683
2431 526.169 1542.16
2432 1032.72 1168.79
2433 260.508 734.727
2434 1497.38 1262.79
2435 742.321 875.372
2436 247.979 281.736
2437 886.53 982.233
2438 1058.33 844.84
2439 1540.76 1047
2440 979.076 1440.17
2441 664.925 1225.15
2442 1171.1 348.21
2443 230.165 988.322
2444 326.038 444.637
2445 584.937 154.187
2446 1437.65 464.101
2447 834.145 36.1926
2448 330.812 827.762
2449 244.906 1289.11
2450 523.758 486.596
2451 460.782 1349.16
2452 1012.88 296.308
2453 1274.36 447.932
2454 1152.49 498.605
2455 4.49151 781.06
2456 1267.36 199.007
2457 438.608 492.138
2458 722.984 1254.18
2459 1222.06 902.841
2460 11.3943 896.326
2461 521.329 589.334
2462 600.192 43.0811
2463 820.434 140.182
2464 516.28 1487.49
2465 1419.23 976.181
2466 235.849 942.839
2467 3.21498 1010.74
2468 1493.83 1290.87
2469 1389.3 595.716
2470 997.919 465.179
2471 236.529 570.81
2472 1258.36 1456.73
2473 850.608 1494.17
2474 1484.61 633.161
2475 1013.29 209.74
2476 363.812 633.408
2477 998.781 568.625
2478 1533.21 619.224
2479 1462.53 542.338
2480 1215.74 1067.95
2481 100.752 243.865
2482 640.501 327.833
2483 387.783 57.7376
2484 649.891 1183.96
2485 1427.26 1481.78
2486 883.147 1153.19
2487 664.519 831.119
2488 1328.82 1495.67
2489 1207.79 327.512
2490 274.183 524.703
2491 210.971 959.019
2492 939.341 1300.27
2493 1548.73 412.604
2494 1148.42 1142.26
2495 370.433 1028.19
2496 1064.84 827.819
2497 1094.17 984.918
2498 1287.93 1401.92
2499 656.651 1336.53
2500 1477.75 68.3183
2501 810.933 1318.33
2502 693.726 1525.61
2503 382.251 197.248
2504 1090.87 1229.41
2505 285.643 1199.23
2506 337.336 949.033
2507 1108.61 1452.04
2508 799.585 1269.96
2509 806.392 896.6
2510 1318.68 228.263
2511 59.7344 465.415
2512 321.935 1454.82
2513 1463.43 1200.9
2514 1073.42 958.63
2515 143.277 321.97
2516 615.857 283.259
2517 585.551 425.701
2518 1445.35 1315.45
2519 564.836 1042.99
2520 943.399 115.654
2521 650.43 1027.04
2522 523.568 1310.29
2523 315.647 1218
2524 99.1652 344.722
2525 744.988 843.08
2526 890.107 1386.23
2527 648.432 233.322
2528 100.468 392.416
2529 659.779 1095.04
2530 1247.65 1290.41
2531 853.05 638.514
2532 1384.95 1191.67
2533 104.439 1187.99
2534 1450.19 278.578
2535 1546.03 462.815
2536 1327.79 1434.35
2537 415.651 790.459
2538 1038.39 716.514
2539 1069.68 68.7536
2540 1120.89 816.793
2541 865.916 993.674
2542 1041.61 660.498
2543 1303.05 1169.32
2544 739.161 159
2545 1115.87 381.883
2546 1193.7 782.715
2547 839.224 1047.57
2548 1285.01 692.307
2549 204.787 722.046
2550 564.693 1273.41
2551 1217.71 1509.72
2552 576.816 356.248
2553 188.22 1300.6
2554 181.544 23.3184
2555 895.856 65.0087
2556 1084.89 810.751
2557 486.021 917.403
2558 490.426 1251.16
2559 753.951 1395.4
2560 230.299 544.192
2561 1012.11 17.5878
2562 720.261 1006.67
2563 556.714 450.059
2564 1369.48 1364.77
2565 772.629 819.819
2566 682.473 1346.89
2567 129.025 879.911
2568 1227.98 563.813
2569 553.999 1289.64
2570 486.643 624.188
2571 912.675 433.596
2572 120.042 313.092
2573 651.553 231.914
2574 734.622 988.322
2575 583.14 93.2914
2576 1435.53 1414.03
2577 722.71 135.927
2578 117.773 240.282
2579 1269.21 1494.26
2580 1415.02 1359.09
2581 1479.91 921.469
2582 807.802 1513.07
2583 634.184 994.147
2584 517.821 1203.17
2585 351.425 758.13
2586 396.011 1538.89
2587 1062.22 1373.37
2588 438.513 1001.14
2589 1184.34 1255.69
2590 743.417 1334.56
2591 1019.06 589.239
2592 1364.3 1310.43
2593 662.663 1213.52
2594 1129.69 511.144
2595 123.505 684.128
2596 1441.95 1078.3
2597 1435.5 574.961
2598 826.875 1204.11
2599 212.37 757.6
2600 570.603 25.115
2601 942.795 94.0952
2602 636.282 930.273
2603 1413.52 651.043
2604 156.251 1003.92
2605 1054.7 239.516
2606 1466.12 714.056
2607 270.797 708.051
2608 307.881 697.187
2609 412.132 24.8215
2610 1325.75 71.0703
2611 1489.05 260.139
2612 1211.86 38.0124
2613 769.845 258.664
2614 1025.34 1099.63
2615 1543.3 1391.85
2616 401.24 920.202
2617 1547.53 1348.27
2618 1383.34 725.261
2619 725.214 1496.57
2620 1063.66 1064.58
2621 411.651 502.009
2622 1441.39 177.297
2623 1511.28 139.767
2624 760.058 1256.06
2625 703.844 683.419
2626 1346.23 1356.45
2627 156.257 455.78
2628 90.8361 218.628
2629 1313.51 1425.56
2630 1390.62 683.088
2631 1457.83 941.043
2632 1095.46 1397.76
2633 1343.34 396.161
2634 1014.52 1323.78
2635 722.634 1202.03
2636 1024.96 896.516
2637 1304.72 248.688
2638 535.577 539.133
2639 1223.16 1160.66
2640 661.245 758.933
2641 1326.83 1455.45
2642 1541.68 1435.21
2643 645.219 613.115
2644 1491.8 1523.14
2645 682.465 463.345
2646 893.397 1256.77
2647 504.94 201.702
2648 1505.74 1268.54
2649 1422.58 119.862
2650 1389.68 870.465
2651 685.641 1062.28
2652 1274.36 398.752
2653 1215.54 661.529
2654 250.297 334.131
2655 879.912 397.958
2656 783.792 609.664
2657 771.275 1473.69
2658 404.945 905.593
2659 829.464 74.89
2660 466.287 1216.11
2661 1270.17 239.1
2662 979.645 368.209
2663 398.214 194.705
2664 150.254 416.34
2665 1012.69 182.497
2666 1262.78 252.149
2667 1005.34 1420.37
2668 760.909 39.0624
2669 646.967 626.458
2670 1317.76 367.595
2671 791.073 1166.37
2672 704.931 1025.91
2673 475.911 281.169
2674 224.717 507.787
2675 406.884 1233.52
2676 1.18198 990.449
2677 822.326 99.4047
2678 335.901 1142.97
2679 309.452 36.5566
2680 1487.44 903.739
2681 1304.46 1080.18
2682 189.211 1072.76
2683 1036.31 304.714
2684 936.457 1495.64
2685 1037.26 429.304
2686 7.37554 306.851
2687 1218.38 441.681
2688 753.297 134.131
2689 355.276 1348.08
2690 235.726 599.461
2691 388.115 1381.49
2692 572.266 17.0205
2693 1012.39 788.247
2694 65.1242 1033.53
2695 1350.2 572.323
2696 729.516 1442.31
2697 1146.77 950.792
2698 1205.51 180.984
2699 390.006 288.355
2700 1380.03 1207.8
2701 1157.11 634.731
2702 290.22 1163.55
2703 1223.25 295.315
2704 286.872 190.119
2705 166.849 357.643
2706 565.526 1052.49
2707 824.672 1148.41
2708 1114.84 1047.81
2709 317.006 759.396
2710 1308.4 1058.72
2711 182.261 1185.71
2712 1104.49 1150.44
2713 1380.07 513.319
2714 363.907 39.5967
2715 1026.62 905.593
2716 1037.84 663.95
2717 1245.95 975.519
2718 840.047 938.263
2719 784.029 1430.1
2720 1431.66 343.766
2721 1164.94 65.6805
2722 878.351 955.094
2723 896.47 322.018
2724 127.324 1256.12
2725 1487.34 421.503
2726 334.074 1293.74
2727 606.449 1383.34
2728 353.83 1436.01
2729 40.9437 84.8659
2730 808.947 969.316
2731 1398.97 1380.5
2732 516.524 407.083
2733 1083.45 363.775
2734 561.318 689.197
2735 915.56 226.609
2736 413.928 643.431
2737 707.72 578.389
2738 579.358 701.716
2739 570.717 1512.74
2740 1395.82 1013.29
2741 1250.07 651.043
2742 941.697 610.761
2743 6.85547 906.907
2744 1334.38 630.135
2745 721.242 1444.71
2746 1205.47 674.436
2747 1542.76 1244.62
2748 1420.46 130.926
2749 1353.17 991.82
2750 1221.08 1421.87
2751 1348.3 103.22
2752 493.207 321.119
2753 936.827 295.409
2754 321.991 814.061
2755 1346.22 141.081
2756 492.553 1062.13
2757 938.821 82.2754
2758 1303.96 873.68
2759 136.589 1510.24
2760 1184.77 521.677
2761 407.404 689.802
2762 3.40409 118.056
2763 83.9124 218.713
2764 980.333 38.958
2765 238.524 1364.34
2766 1088.08 1196.26
2767 548.579 117.971
2768 563.266 1083.07
2769 1221.74 347.596
2770 1524.37 976.37
2771 736.42 916.599
2772 1020.38 159.661
2773 293.208 473.793
2774 857.075 203.111
2775 1010.98 682.152
2776 1167.31 709.186
2777 1442.01 570.81
2778 251.336 1471
2779 863.422 882.984
2780 592.029 111.626
2781 176.03 798.553
2782 162.717 833.388
2783 1371.28 1096.27
2784 1435.49 524.949
2785 550.643 811.839
2786 831.544 1308.65
2787 676.092 167.236
2788 432.083 1033.85
2789 154.603 1153.18
2790 953.715 626.472
2791 820.719 544.381
2792 1107.84 1350.87
2793 927.948 982.365
2794 122.547 191.868
2795 1.7966 43.1426
2796 169.07 1438.23
2797 1379.93 9.89116
2798 328.432 541.072
2799 1071.78 1322.26
2800 202.354 80.1853
2801 723.181 389.249
2802 307.314 161.577
2803 330.67 1066.63
2804 1131.47 1434.98
2805 601.998 1207.22
2806 1196.49 883.561
2807 1381.4 121.626
2808 828.849 702.236
2809 661.71 963.547
2810 827.896 1502.73
2811 638.667 1200
2812 1063.97 1134.94
2813 866.909 212.236
2814 1062.67 40.66
2815 1345.7 1307.13
2816 1283.63 379.32
2817 1301.86 125.347
2818 280.366 1548.82
2819 574.204 752.976
2820 208.312 125.904
2821 1417.38 1104.78
2822 908.798 715.91
2823 0.945581 62.5128
2824 294.738 403.111
2825 1476.62 1108.6
2826 535.04 309.12
2827 964.57 1086.25
2828 823.083 567.538
2829 463.146 1372.18
2830 1084.39 1113.05
2831 1.37109 273.651
2832 1154.79 1189.69
2833 52.5007 328.448
2834 1536.4 750.612
2835 1291.27 836.414
2836 1269.62 150.83
2837 558.074 1449.49
2838 1278.76 664.957
2839 1421.78 991.584
2840 215.348 134.934
2841 1504.42 362.63
2842 325.28 644.319
2843 832.691 736.277
2844 1016.64 299.145
2845 1093.94 86.0105
2846 627.299 665.217
2847 1066.41 943.416
2848 718.122 1221.84
2849 37.7208 977.306
2850 706.349 548.163
2851 996.312 599.546
2852 785.164 1376.58
2853 94.3151 877.925
2854 658.456 598.695
2855 494.588 1432.22
2856 714.672 1394.27
2857 403.708 1189.59
2858 1521.03 525.507
2859 813.665 1315.46
2860 1237.1 1174.79
2861 1389.39 1413.56
2862 738.756 492.941
2863 1311.99 267.056
2864 1535.33 311.059
2865 546.547 227.507
2866 1159.94 436.017
2867 1320.36 958.309
2868 926.197 561.354
2869 118.152 709.48
2870 1394.92 1262.35
2871 969.375 973.391
2872 760.484 710.841
2873 828.14 770.034
2874 145.839 1223.4
2875 1281.28 984.539
2876 381.629 768.521
2877 1543.7 195.367
2878 216.37 266.286
2879 1185.26 738.84
2880 712.695 1151.86
2881 910.406 1052.15
2882 1253.04 195.414
2883 1514.06 454.73
2884 694.104 420.368
2885 1486.4 729.043
2886 820.292 430.533
2887 592.446 323.635
2888 966.29 1003.03
2889 9.0303 1160.32
2890 1417.9 487.731
2891 1517.28 67.8553
2892 754.479 759.785
2893 929.017 906.302
2894 466.749 363.198
2895 1146.47 391.291
2896 763.606 1053.34
2897 1410.96 434.684
2898 424.643 1292.43
2899 713.961 586.412
2900 344.617 304.534
2901 127.551 263.912
2902 1534.68 395.561
2903 1280.22 458.702
2904 273.038 441.596
2905 684.743 1182.88
2906 1309.54 1276.3
2907 1010.21 649.057
2908 1139.44 298.946
2909 650.135 731.086
2910 1118.76 566.791
2911 1268.36 1266
2912 1502.95 32.6698
2913 1487.77 148.561
2914 1163.21 990.317
2915 1172.19 1301.37
2916 1323.31 1097.25
2917 1087.28 185.145
2918 825.447 914.34
2919 906.19 1181.36
2920 378.942 260.508
2921 1013.85 125.148
2922 307.55 367.652
2923 1152.94 426.845
2924 869.322 307.976
2925 149.791 894.567
2926 527.863 854.154
2927 925.111 1330.35
2928 481.444 310.066
2929 9.0303 1438.65
2930 1330.34 1397.44
2931 62.692 1062.37
2932 860.424 1356.45
2933 143.208 1031.88
2934 703.977 1463.05
2935 1537.66 869.439
2936 904.308 129.696
2937 637.18 898.88
2938 1043.55 1255.03
2939 423.337 347.407
2940 1271.81 835.965
2941 877.783 235.261
2942 127.417 1201.61
2943 865.538 1245.67
2944 212.047 169.826
2945 711.315 777.221
2946 1332.28 247.506
2947 559.871 565.363
2948 1404.9 1185.71
2949 119.332 530.812
2950 1275.59 112.723
2951 522.956 1194.75
2952 1361.68 560.834
2953 967.237 572.134
2954 681.473 1142.32
2955 348.553 668.583
2956 923.597 964.39
2957 959.541 421.55
2958 115.675 976.181
2959 61.0868 1141.36
2960 1163.68 232.056
2961 310.765 87.4288
2962 325.755 198.95
2963 644.16 93.4707
2964 235.272 1395.25
2965 1363.43 751.7
2966 1083.48 488.96
2967 1412.63 1462.58
2968 212.945 359.226
2969 254.078 40.5182
2970 1462.06 768.474
2971 146.896 583.623
2972 1095.93 217.484
2973 34.6476 621.436
2974 1099.39 1046.53
2975 568.342 868.469
2976 588.483 282.161
2977 893.622 117.735
2978 32.851 1344.01
2979 215.301 1138.02
2980 340.885 1020.24
2981 209.304 76.3183
2982 154.413 781.996
2983 220.795 1125.02
2984 499.787 1260.47
2985 160.145 1110.36
2986 1484.03 229.776
2987 980.048 1041.66
2988 1462.06 595.632
2989 1035.27 1194.89
2990 194.149 33.5209
2991 1182.57 1301.97
2992 946.432 498.085
2993 1014.61 945.213
2994 98.0869 1338.76
2995 903.645 743.993
2996 399.13 862.427
2997 42.5524 1103.74
2998 561.771 1153.52
2999 119.096 877.273
3000 519.447 693.017
3001 923.077 1182.36
3002 919.986 686.681
3003 33.3317 1210.5
3004 1207.79 922.557
3005 53.7563 1084.11
3006 717.507 731.029
3007 1403.53 1538.04
3008 6.57179 287.693
3009 845.208 92.8561
3010 472.223 212.378
3011 159.094 487.599
3012 413.599 806.544
3013 591.424 299.617
3014 1303.35 677.188
3015 1500.21 907.238
3016 1474.07 214.624
3017 273.415 1093.86
3018 972.531 1482.06
3019 1201.33 404.52
3020 404.03 1143.73
3021 701.763 44.3005
3022 158.338 1081.08
3023 888.537 806.534
3024 1402.11 1318.81
3025 608.103 475.769
3026 112.335 1386.79
3027 19.5263 751.028
3028 1069.89 477.424
3029 505.697 452.839
3030 1017.73 386.979
3031 914.945 1390.35
3032 587.68 983.877
3033 1359.22 941.421
3034 974.894 328.505
3035 178.167 1009.03
3036 214.328 630.608
3037 2.60035 209.125
3038 1128.13 688.667
3039 1464.7 307.749
3040 1535.62 1305.56
3041 210.913 684.696
3042 847.148 652.215
3043 115.834 606.931
3044 1128.19 141.563
3045 922.32 791.688
3046 286.892 1130.35
3047 477.33 1107
3048 1381.35 1414.16
3049 50.0698 1234.89
3050 199.841 408.548
3051 613.115 1209.11
3052 455.345 411.233
3053 6.90274 1184.92
3054 365.034 559.075
3055 313.774 837.738
3056 541.204 961.042
3057 880.707 199.338
3058 1546.35 793.059
3059 1057.32 1490.9
3060 635.659 73.2451
3061 1047.14 1205.76
3062 202.252 1069.79
3063 1225.32 1318.94
3064 306.558 1482.82
3065 852.016 338.471
3066 1116.97 535.01
3067 598.695 889.177
3068 1137.16 653.822
3069 1325.14 499.986
3070 487.825 338.802
3071 72.9516 904.033
3072 1313.04 688.393
3073 1047 1298.62
3074 1034.75 911.55
3075 122.19 1378.14
3076 309.388 639.601
3077 1087.77 1405.42
3078 460.197 1349.63
3079 617.551 1409.77
3080 1383.81 290.672
3081 34.4585 934.102
3082 564.428 138.717
3083 447.355 1299.84
3084 1295.12 389.107
3085 157.148 498.851
3086 971.473 1286.37
3087 59.8096 421.729
3088 346.461 1233.8
3089 309.016 182.355
3090 483.57 678.795
3091 1337.86 419.933
3092 112.771 1290.21
3093 214.127 1539.79
3094 856.887 179.198
3095 483.306 551.558
3096 1083.31 1547.03
3097 348.021 1455.49
3098 159.332 958.924
3099 1149.45 752.163
3100 1110.44 1124.96
3101 890.359 526.462
3102 358.328 429.162
3103 444.518 1362.2
3104 560.021 635.856
3105 1079.52 896.232
3106 921.138 36.2158
3107 597.702 952.059
3108 1245.55 477.708
3109 1185.95 1191.76
3110 1432.79 1236.59
3111 1171.95 616.377
3112 535.577 666.976
3113 918.114 264.006
3114 977.589 238.948
3115 1061.19 920.675
3116 1546.16 379.897
3117 370.15 524.183
3118 642.333 494.208
3119 854.524 1416.65
3120 1178.22 144.532
3121 920.875 1007.72
3122 970.072 1174.47
3123 219.375 648.821
3124 223.726 432.802
3125 130.151 170.205
3126 124.705 383.207
3127 1099.52 1123.17
3128 439.262 623.337
3129 1262.97 1475.68
3130 83.7785 832.537
3131 888.915 1319.65
3132 870.74 583.802
3133 205.711 828.849
3134 1316.15 21.7957
3135 851.015 868.763
3136 1502.82 1141.8
3137 1022.08 1339.13
3138 708.26 767.964
3139 777.232 1196.16
3140 1048.32 1022.55
3141 310.247 824.131
3142 781.287 182.166
3143 1367.97 904.307
3144 1231.38 728.76
3145 1071.77 746.962
3146 117.406 31.3086
3147 802.658 1453.26
3148 1272.22 1005.53
3149 1092.2 878.833
3150 411.53 873.822
3151 1283.34 622.722
3152 179.369 1269.11
3153 979.433 277.491
