1 304.534 99.5055
2 349.642 185.562
3 186.178 415.129
4 170.441 323.055
5 8.3664 304.125
6 102.739 358.227
7 213.293 355.197
8 113.608 397.588
9 287.065 189.208
10 74.0693 60.0525
11 130.445 383.792
12 227.162 356.152
13 81.5076 311.891
14 77.9402 135.27
15 71.9255 426.388
16 351.833 330.195
17 269.372 407.977
18 390.153 139.297
19 303.939 270.523
20 188.114 446.895
21 170.222 421.159
22 284.383 59.9045
23 243.365 290.859
24 100.222 279.587
25 144.194 378.003
26 298.499 258.717
27 151.865 269.199
28 381.729 154.144
29 19.326 54.548
30 405.614 21.2934
31 405.547 349.821
32 73.5633 151.935
33 70.042 108.151
34 275.286 387.996
35 298.166 348.171
36 161.041 234.546
37 313.761 44.1344
38 133.899 94.5554
39 214.483 79.1737
40 357.664 299.321
41 339.624 275.664
42 102.28 170.617
43 86.4252 379.015
44 355.292 393.285
45 368.414 15.684
46 304.925 169.296
47 86.885 351.31
48 240.838 321.024
49 139.914 77.9045
50 325.267 422.581
51 13.6756 430.331
52 380.45 74.0829
53 75.2703 261.47
54 197.92 64.7087
55 367.666 50.1984
56 352.945 401.669
57 133.319 306.27
58 43.8247 219.628
59 57.4047 118.777
60 184.484 239.896
61 84.1795 337.509
62 189.052 209.217
63 203.334 49.832
64 5.63674 268.144
65 434.149 253.267
66 46.1365 173.95
67 188.966 292.428
68 59.2262 299.009
69 362.557 196.617
70 1.50131 116.202
71 100.192 334.645
72 355.783 150.472
73 427.041 122.739
74 229.321 144.754
75 386.197 223.463
76 89.5244 12.843
77 349.204 436.051
78 348.823 318.772
79 227.481 188.879
80 84.5701 242.844
81 386.97 76.1165
82 296.443 371.971
83 108.21 43.9769
84 10.9732 238.779
85 387.702 294.041
86 351.389 435.694
87 249.341 93.8593
88 13.1843 318.196
89 379.709 310.487
90 306.315 230.697
91 234.328 416.098
92 349.068 107.166
93 90.9438 159.508
94 348.248 399.665
95 116.72 8.96693
96 142.04 289.821
97 236.595 9.69239
98 156.177 140.164
99 143.886 214.483
100 201.954 220.081
101 113.412 33.6042
102 25.3449 76.8808
103 7.04252 392.416
104 219.061 116.584
105 311.754 177.355
106 9.36273 141.385
107 153.839 141.48
108 164.762 311.836
109 180.69 260.723
110 308.834 338.589
111 173.06 28.9344
112 187.108 443.381
113 160.995 67.4226
114 208.055 310.419
115 409.594 207.359
116 212.37 75.6798
117 440.828 86.9533
118 318.345 4.50394
119 225.246 345.427
120 327.918 122.357
121 253.08 21.9349
122 418.438 364.419
123 394.255 376.347
124 438.604 218.946
125 344.767 445.987
126 329.499 56.0672
127 41.873 417.544
128 63.4803 195.744
129 110.128 374.628
130 119.327 30.0147
131 426.416 119.643
132 64.147 195.498
133 362.717 422.851
134 70.0661 35.1738
135 171.149 250.528
136 329.934 66.5921
137 334.315 261.503
138 265.291 179.689
139 432.079 28.0472
140 181.004 99.116
141 186.19 399.024
142 165.39 235.634
143 262.948 151.373
144 369.705 52.3706
145 356.985 22.9564
146 232.198 142.406
147 440.951 181.236
148 256.165 33.1129
149 390.191 242.417
150 247.853 76.1732
151 179.53 103.836
152 252.316 427.737
153 437.758 194.966
154 239.664 132.457
155 208.996 19.4236
156 87.5811 0.313911
157 300.073 417.297
158 86.9806 226.48
159 7.32913 409.273
160 124.909 361.477
161 439.423 143.198
162 371.22 108.902
163 53.3869 214.417
164 152.126 129.374
165 293.55 304.562
166 285.33 209.408
167 68.3874 91.894
168 96.2793 182.944
169 254.707 334.167
170 127.955 206.43
171 51.5486 12.6404
172 147.019 103.318
173 31.9507 183.105
174 333.114 141.929
175 279.922 289.783
176 156.739 188.212
177 431.053 294.216
178 381.579 10.6278
179 116.024 281.182
180 401.71 69.1034
181 428.122 414.335
182 112.435 266.567
183 14.1533 63.5328
184 307.878 279.519
185 340.825 350.599
186 221.744 187.721
187 417.993 142.681
188 42.0588 220.352
189 184.657 169.377
190 250.405 193.233
191 221.73 109.405
192 81.0824 4.74961
193 200.316 249.9
194 446.533 370.142
195 206.858 182.951
196 86.3937 239.282
197 344.785 377.978
198 168.816 214.251
199 327.777 416.437
200 120.815 418.88
201 51.5496 127.259
202 329.448 148.7
203 434.687 253.503
204 299.744 226.482
205 63.201 357.505
206 245.615 389.823
207 380.433 321.567
208 328.856 130.671
209 222.535 49.4772
210 445.868 348.238
211 0.737008 268.23
212 78.9827 288.281
213 269.622 405.861
214 40.4619 238.818
215 189.438 197.313
216 68.2509 389.688
217 309.715 48.9995
218 338.068 277.524
219 135.159 94.7737
220 133.248 31.5549
221 420.422 281.1
222 250.228 304.203
223 384.024 223.397
224 371.659 232.976
225 164.789 290.847
226 34.989 25.5108
227 13.9349 447.052
228 121.129 94.1071
229 129.397 278.864
230 257.83 438.233
231 91.7984 165.201
232 230.822 409.203
233 415.031 337.675
234 12.0651 54.5932
235 78.8105 240.581
236 242.926 221.676
237 202.94 310.473
238 60.3937 263.289
239 84.5239 401.219
240 394.831 312.996
241 136.509 76.8556
