1 85.7763 478.641
2 615.911 600.55
3 279.352 223.281
4 384.023 118.514
5 513.72 553.473
6 78.8196 401.367
7 623.856 514.079
8 439.343 421.431
9 89.5015 417.358
10 328.146 469.125
11 95.5043 259.442
12 512.322 487.095
13 394.139 195.931
14 430.58 173.955
15 595.976 297.08
16 249.454 70.8846
17 170.51 112.016
18 528.933 305.429
19 301.213 80.5161
20 128.289 75.2008
21 211.932 136.877
22 586.56 443.275
23 160.073 487.964
24 143.449 563.433
25 580.557 138.846
26 217.915 417.264
27 285.664 595.232
28 72.9834 492.296
29 555.438 468.064
30 386.495 21.695
31 455.402 362.783
32 549.929 388.968
33 69.181 344.234
34 281.793 566.849
35 347.738 611.098
36 462.241 517.207
37 328.369 263.139
38 126.327 499.612
39 455.085 462.997
40 584.629 77.6503
41 342.024 37.9662
42 388.618 610.838
43 144.998 37.7631
44 118.163 10.944
45 151.348 619.05
46 539.885 541.315
47 442.026 330.829
48 99.0751 142.388
49 77.9785 276.399
50 329.389 167.171
51 581.167 43.4763
52 264.189 235.209
53 91.6826 136.973
54 351.637 574.261
55 510.392 107.558
56 400.905 50.1842
57 294.618 346.039
58 492.21 340.019
59 495.019 31.5388
60 417.841 210.754
61 315.676 290.286
62 128.662 462.177
63 239.378 314.558
64 444.859 352.853
65 481.881 483.486
66 87.9188 54.3147
67 367.247 9.40902
68 275.574 444.304
69 497.888 99.3664
70 442.898 314.23
71 218.916 600.964
72 180.895 17.3328
73 408.673 18.8861
74 382.844 406.357
75 521.218 592.385
76 435.628 398.773
77 312.532 438.638
78 72.4003 444.168
79 383.816 169.805
80 431.236 441.254
81 501.301 564.012
82 123.981 220.868
83 289.682 216.226
84 168.263 400.749
85 157.829 277.231
86 508.945 22.6022
87 242.121 34.366
88 123.82 524.695
89 457.564 285.982
90 568.451 396.29
91 436.613 572.659
92 446.311 253.381
93 404.204 249.435
94 312.725 505.46
95 221.338 214.595
96 41.2668 505.914
97 257.522 404.532
98 126.77 585.581
99 306.134 301.066
100 582.793 140.981
101 611.646 6.38883
102 371.849 381.38
103 516.781 506.232
104 201.467 301.761
105 315.929 523.758
106 498.753 615.788
107 145.591 245.846
108 235.016 39.8771
109 209.249 562.574
110 81.3725 602.21
111 351.965 184.601
112 398.983 595.223
113 342.63 578.855
114 519.869 160.396
115 234.814 354.86
116 84.0371 149.268
117 38.8922 6.54324
118 245.381 186.868
119 47.5205 325.464
120 167.634 574.898
121 546.757 409.145
122 562.526 302.051
123 215.821 409.04
124 46.9201 118.251
125 169.545 71.6668
126 444.064 264.509
127 408.274 218.001
128 328.671 560.238
129 190.922 335.888
130 280.279 122.276
131 20.5562 374.595
132 389.873 542.075
133 11.33 299.908
134 403.982 32.832
135 332.76 333.802
136 52.0757 270.745
137 57.9048 49.7301
138 488.777 312.425
139 351.03 343.974
140 526.586 594.595
141 382.365 79.4931
142 624.45 346.376
143 247.331 609.438
144 189.271 301.635
145 65.6803 178.964
146 583.566 232.516
147 196.876 496.649
148 122.546 38.4102
149 332.451 277.634
150 549.806 124.022
151 624.713 623.982
152 110.682 104.095
153 239.369 528.883
154 491.573 218.58
155 454.997 118.184
156 586.002 569.58
157 603.056 428.813
158 327.085 150.89
159 9.94032 289.022
160 550.338 47.0187
161 437.915 222.335
162 137.984 293.712
163 205.08 332.547
164 354.311 96.3554
165 162.269 610.625
166 122.163 188.615
167 584.339 95.8802
168 283.193 495.462
169 65.0078 247.822
170 559.811 275.706
171 538.373 62.0353
172 100.571 392.314
173 603.855 196.452
174 564.089 59.7283
175 460.295 589.673
176 165.25 461.742
177 260.827 173.164
178 54.1024 363.111
179 47.3194 35.5167
180 427.38 174.496
181 401.628 193.898
182 40.4541 397.468
183 65.2201 202.86
184 629.824 326.129
185 349.668 306.953
186 6.58185 577.069
187 52.8478 620.054
188 498.116 302.523
189 267.338 377.888
190 559.434 544.363
191 379.691 75.6135
192 65.5289 542.879
193 506.628 585.137
194 408.751 241.309
195 379.195 130.382
196 447.353 630.245
197 447.915 288.347
198 57.982 167.654
199 520.487 375.059
200 483.323 563.472
201 305.401 619.602
202 39.5876 548.108
203 594.28 454.504
204 319.024 547.711
205 435.163 429.47
206 161.709 93.246
207 422.715 151.981
208 316.369 478.506
209 380.206 326.631
210 231.851 460.71
211 443.203 477.704
212 106.567 127.033
213 256.846 432.645
214 452.584 145.987
215 484.397 382.326
216 106.024 605.655
217 265.71 150.755
218 23.9726 467.62
219 304.425 98.1679
220 110.984 155.706
221 250.98 515.207
222 133.181 428.157
223 534.314 2.4706
224 294.002 24.8605
225 374.633 15.9045
226 341.986 257.58
227 261.327 611.977
228 350.382 220.617
229 171.07 193.99
230 188.471 55.3956
231 365.186 630.373
232 325.058 616.068
233 314.466 163.301
234 195.165 324.423
235 78.7556 578.025
236 111.158 509.861
237 187.672 552.016
238 514.101 148.391
239 338.33 505.663
240 44.4709 82.3599
241 463.933 351.947
242 35.7466 503.53
243 22.2161 435.695
244 365.939 451.908
245 433.763 141.442
246 152.232 120.49
247 225.46 340.963
248 494.256 250.838
249 565.939 171.919
250 493.918 107.403
251 390.105 553.791
252 390.957 379.471
253 265.696 249.396
254 312.555 343.346
255 241.096 52.8092
256 441.438 478.361
257 24.4358 187.322
258 551.211 518.778
259 428.997 232.893
260 482.714 329.237
261 49.7118 239.002
262 120.133 515.758
263 178.993 376.671
264 488.371 255.476
265 270.635 189.021
266 213.801 202.927
267 55.0837 524.386
268 552.662 410.217
269 543.729 457.506
270 68.0381 574
271 455.865 519.638
272 450.208 56.0224
273 65.4883 630.284
274 151.592 114.912
275 503.421 264.181
276 149.038 367.164
277 492.635 252.446
278 547.992 482
279 58.7734 319.18
280 46.652 416.22
281 307.301 60.1722
282 319.976 631.673
283 551.871 260.002
284 63.5129 53.3303
285 371.389 534.586
286 390.047 81.4335
287 169.236 5.84838
288 10.7317 601.852
289 606.415 212.376
290 395.857 448.269
291 124.65 430.464
292 201.721 378.736
293 142.996 352.341
294 205.679 478.399
295 482.664 504.881
296 238.548 356.018
297 302.828 145.959
298 180.644 287.487
299 341.194 200.784
300 581.094 115.915
301 586.46 558.211
302 336.835 598.272
303 319.225 207.675
304 168.117 82.8039
305 461.81 115.819
306 275.241 378.196
307 125.113 164.392
308 376.481 365.188
309 106.313 400.363
310 477.367 48.5628
311 562.893 352.524
312 598.399 383.879
313 613.1 183.683
314 381.925 482.491
315 416.915 245.69
316 8.12597 515.816
317 181.709 298.122
318 462.505 294.494
319 412.417 368.313
320 192.283 63.1355
321 12.7584 348.799
322 206.585 155.011
323 394.396 451.273
324 44.867 405.063
325 351.463 351.947
326 532.604 390.877
327 1.27391 121.716
328 155.891 184.292
329 184.079 396.146
330 497.523 442.682
331 628.135 275.732
332 602.605 151.807
333 3.93753 197.648
334 511.801 19.137
335 343.742 472.466
336 160.567 619.33
337 12.7005 547.325
338 356.454 400.209
339 24.8412 457.68
340 423.019 133.355
341 588.95 16.3099
342 97.1419 165.154
343 135.71 408.778
344 629.416 533.621
345 383.137 298.461
346 336.215 483.447
347 116.292 214.276
348 434.88 120.693
349 610.784 508.24
350 285.702 322.134
351 532.724 390.645
352 274.893 134.011
353 435.332 555.326
354 269.084 496.456
355 480.069 525.776
356 291.859 232.565
357 609.034 277.345
358 22.1196 81.5005
359 429.214 332.788
360 204.751 444.112
361 391.996 400.971
362 81.2363 221.138
363 289.837 13.0377
364 64.0782 270.859
365 151.865 470.254
366 401.102 268.099
367 340.607 177.575
368 86.2975 188.277
369 136.906 584.472
370 340.56 196.943
371 116.874 414.453
372 602.496 413.488
373 297.657 515.604
374 78.4315 257.936
375 490.762 200.003
376 298.171 562.835
377 277.482 235.025
378 423.168 283.106
379 357.62 570.989
380 161.65 279.487
381 567.679 236.059
382 41.2262 249.926
383 626.824 84.3094
384 366.364 233.009
385 396.223 409.175
386 259.857 36.6243
387 208.757 128.298
388 34.2776 164.246
389 0.772064 320.84
390 206.759 491.942
391 605.893 187.129
392 54.8196 44.924
393 134.281 561.608
394 165.065 196.162
395 276.032 241.54
396 423.139 99.1137
397 179.078 245.776
398 359.261 538.129
399 544.035 620.613
400 461.868 572.389
401 327.876 86.0943
402 621.33 104.064
403 52.3073 28.8173
404 114.154 377.78
405 381.728 69.9581
406 478.081 126.329
407 574.647 465.902
408 35.3798 559.09
409 118.136 520.815
410 370.803 8.11581
411 218.118 170.259
412 263.679 272.992
413 577.489 61.3598
414 99.8573 0.212318
415 35.97 288.684
416 9.38058 209.036
417 495.99 429.808
418 458.243 343.916
419 626.348 45.2328
420 623.073 35.0029
421 344.263 180.807
422 506.165 552.105
423 75.9518 432.414
424 607.151 561.503
425 165.849 542.886
426 13.4918 177.642
427 296.28 327.027
428 292.577 92.9077
429 164.72 358.045
430 282.914 297.987
431 621.453 231.505
432 10.7124 610.336
433 213.07 583.603
434 136.018 261.035
435 45.0093 384.516
436 95.424 105.31
437 287.96 260.098
438 584.202 534.481
439 8.78223 489.749
440 544.734 186.241
441 429.905 116.9
442 88.3048 550.636
443 587.695 165.106
444 575.198 143.199
445 173.718 18.2207
446 188.4 224.42
447 230.751 346.425
448 249.435 426.69
449 602.692 148.294
450 606.302 438.484
451 173.686 375.29
452 427.219 89.9262
453 447.99 88.0437
454 332.854 418.68
455 291.358 365.978
456 227.18 600.154
457 49.7382 64.7762
458 37.7001 435.048
459 629.685 396.571
460 353.567 517.515
461 298.576 39.2402
462 270.941 218.629
463 245.855 306.123
464 398.512 492.789
465 589.625 250.332
466 626.669 499.959
467 286.725 459.908
468 276.603 537.81
469 607.283 464.328
470 2.02667 141.741
471 207.241 323.418
472 598.851 360.091
473 477.339 409.503
474 500.317 452.188
475 436.825 377.327
476 166.322 152.444
477 454.128 40.2824
478 273.077 120.461
479 157.686 9.1581
480 281.803 395.711
481 239.124 257.676
482 347.776 556.609
483 507.277 173.222
484 3.31988 511.83
485 619.89 67.3626
486 554.546 595.512
487 519.483 364.983
488 8.35759 45.243
489 13.1251 358.527
490 120.395 550.221
491 132.699 583.516
492 274.833 111.36
493 40.0508 444.4
494 317.26 420.466
495 396.88 111.332
496 124.641 302.533
497 403.712 572.166
498 596.593 303.344
499 158.157 357.262
500 521.278 221.07
501 129.9 183.239
502 335.443 55.5886
503 588.371 594.691
504 370.061 493.503
505 445.249 327.847
506 39.356 353.634
507 459.976 461.568
508 131.637 445.713
509 231.972 322.327
510 205.399 367.194
511 164.409 127.448
512 36.2017 425.802
513 91.9914 336.176
514 401.107 495.339
515 491.712 605.993
516 114.613 94.0953
517 7.1802 270.347
518 41.4192 333.946
519 394.833 141.925
520 455.498 56.4663
521 45.4746 288.201
522 56.0905 128.452
523 290.817 59.323
524 164.719 72.2459
525 374.415 209.103
