1 445.494 33.939
2 552.444 594.223
3 450.242 459.392
4 1201.7 1.55375
5 762.373 1096.19
6 798.8 477.577
7 717.929 1291.64
8 988.707 971.166
9 705.963 583.966
10 719.682 1226.12
11 1072.88 1272.62
12 199.429 877.769
13 1034.65 1112.27
14 61.8047 1060.99
15 233.364 1298.5
16 360.193 444.474
17 581.879 110.332
18 702.856 695.965
19 1240.28 542.733
20 585.591 619.228
21 141.348 539.453
22 761.757 1281.93
23 1132.99 1382.45
24 199.108 1170.88
25 175.13 973.439
26 176.609 326.13
27 306.354 740.29
28 539.404 78.9391
29 79.2229 1313.8
30 781.727 26.386
31 1372.86 1106.31
32 754.389 658.101
33 278.035 472.355
34 1042.5 1156.64
35 772.38 1360.44
36 533.065 709.847
37 932.638 1285.48
38 568.802 480.713
39 394.751 1013.32
40 194.823 1090.1
41 981.883 759.497
42 1232.73 1385.38
43 139.85 1140.54
44 617.659 1156.35
45 1173.65 1191.7
46 217.328 1039.91
47 1369.15 447.02
48 795.778 1136.09
49 2.28746 1002.49
50 334.617 781.465
51 1077.35 799.045
52 879.422 894.441
53 1140.48 907.491
54 97.2819 686.643
55 160.486 1336.09
56 662.156 1028.99
57 548.042 904.627
58 1000.27 779.235
59 754.894 1142.32
60 516.511 1270.88
61 397.155 129.047
62 1001.48 843.125
63 1276.19 392.337
64 275.575 380.064
65 717.185 871.135
66 586.022 297.845
67 83.0392 131.162
68 1179.25 1360.7
69 953.811 781.967
70 44.652 174.122
71 1318.71 320.115
72 51.1011 1357.03
73 432.208 1074.99
74 420.936 664.314
75 1366.48 109.28
76 1057.07 299.787
77 266.283 1136.15
78 848.951 669.638
79 365.433 894.398
80 542.215 1219.58
81 308.156 1071.22
82 405.973 767.697
83 566.428 1185.74
84 411.182 323.87
85 983.344 743.441
86 1221.59 273.777
87 624.626 102.131
88 660.602 933.199
89 589.82 125.351
90 650.503 135.176
91 1006.21 284.222
92 187.658 340.53
93 998.931 809.676
94 220.373 152.427
95 151.663 472.787
96 638.533 1113.29
97 994.178 1131.91
98 222.057 280.236
99 770.314 988.745
100 633.455 885.292
101 1312.7 869.15
102 305.047 760.172
103 1365.4 1133.24
104 972.301 559.479
105 835.159 956.607
106 1037.47 1339.98
107 521.215 515.342
108 161.455 974.762
109 292.037 964.662
110 274.711 1112.33
111 373.936 1097.25
112 224.948 32.3852
113 1233.79 724.651
114 1363.41 805.964
115 1319.81 937.86
116 224.352 32.715
117 1073.38 328.173
118 243.766 11.1784
119 316.595 528.318
120 393.703 1321.81
121 904.251 94.7787
122 1323.17 670.501
123 1276.79 966.82
124 300.78 799.317
125 354.471 196.161
126 896.297 1189.18
127 834.006 847.699
128 537.912 1031.53
129 1099.41 105.396
130 1356.03 681.405
131 91.2829 1251.73
132 1031.43 185.171
133 110.249 259.562
134 237.601 514.22
135 425.382 403.845
136 1079.5 78.9692
137 519.045 1361.56
138 540.791 1071.83
139 212.389 938.637
140 571.952 525.355
141 685.635 430.691
142 884.774 410.033
143 465.261 1226.96
144 1156.08 683.779
145 1248.78 1184.6
146 1207.91 1299.28
147 849.562 516.147
148 449.774 837.169
149 944.741 1299.06
150 518.521 624.119
151 217.05 1240.11
152 448.99 1330.37
153 353.694 913.173
154 41.2175 582.828
155 57.4455 220.503
156 1127.47 920.525
157 370.742 152.11
158 438.651 80.3202
159 1397.04 1311.98
160 1185.75 1061.47
161 617.745 519.945
162 249.383 477.476
163 1170.63 505.616
164 293.659 620.393
165 643.41 51.4333
166 688.408 910.756
167 937.687 242.946
168 1130.27 865.065
169 768.632 1053.79
170 544.182 134.501
171 272.671 912.771
172 1318.87 57.0872
173 189.174 209.225
174 453.652 1092.17
175 3.19382 98.6631
176 512.799 571.32
177 903.591 1078.17
178 1104.67 1000.54
179 1058.15 691.563
180 1167.35 771.409
181 524.692 412.866
182 1222.33 889.709
183 593.575 1028.24
184 179.051 104.101
185 1191.08 79.0408
186 594.38 741.6
187 289.09 623.241
188 73.1898 337.927
189 273.768 273.95
190 823.055 972.517
191 826.729 1333.79
192 513.902 237.063
193 793.966 936.293
194 478.635 712.005
195 770.444 906.283
196 217.118 1115.43
197 602.502 446.703
198 1026.95 582.181
199 706.142 766.948
200 667.637 1042.13
201 1328.98 839.111
202 733.715 724.623
203 242.644 126.042
204 1168.1 303.903
205 1317.79 1055.23
206 1272.3 414.478
207 1015.68 81.5287
208 649.437 1161.21
209 798.497 760.101
210 1039.87 724.09
211 1320.5 767.077
212 284.564 834.335
213 730.157 243.507
214 1029.56 872.042
215 781.449 688.224
216 173.903 488.756
217 533.367 73.1711
218 892.931 1381.37
219 560.824 57.1003
220 69.4439 713.516
221 1258.06 866.288
222 914.351 8.93406
223 1251.13 1212.18
224 755.64 965.152
225 314.073 577.045
226 882.141 570.096
227 482.68 1279.74
228 966.408 349.593
229 1240.29 54.597
230 122 375.246
231 584.339 604.251
232 200.865 365.06
233 1018.26 1009.35
234 1167.69 1131.13
235 727.179 1334.54
236 721.485 541.123
237 461.513 1015.3
238 136.859 1326.43
239 192.622 928.467
240 133.321 571.305
241 52.0074 495.905
242 442.646 1259.93
243 519.921 888.199
244 1370.06 1383.24
245 332.162 79.9187
246 430.345 212.13
247 1181.27 166.294
248 566.428 837.184
249 914.542 1131.85
250 847.138 1216.59
251 958.836 135.019
252 436.862 682.484
253 343.249 1037.3
254 556.199 438.33
255 371.883 1359.42
256 560.737 26.4569
257 1266.61 1010.69
258 529.446 1203.12
259 340.043 163.936
260 851.886 80.5791
261 564.437 697.692
262 639.917 707.776
263 908.049 1003.56
264 1176.72 1330.14
265 997.711 1329.68
266 1014.12 496.179
267 712.308 271.388
268 1228.32 172.38
269 1006.49 618.451
270 592.262 1228.77
271 864.532 44.584
272 227.193 404.061
273 111.999 1215.51
274 906.94 610.796
275 776.055 5.82656
276 463.924 484.483
277 487.062 589.95
278 57.3161 299.658
279 604.538 779.652
280 549.898 351.234
281 1157.87 1019.53
282 1156.85 139.033
283 1050.9 1207.91
284 190.153 834.997
285 436.69 253.622
286 1239.33 300.321
287 959.021 1227.55
288 925.312 473.98
289 632.795 580.412
290 1314.21 744.159
291 648.215 360.686
292 1323.02 1392.81
293 801.476 81.1834
294 1153.95 488.266
295 720.49 49.6768
296 1141.95 402.997
297 1306.75 344.991
298 832.719 1198.79
299 1264.77 836.407
300 434.057 195.917
301 511.96 1166.52
302 1155.34 1079.97
303 583.39 82.8666
304 525.038 684.399
305 291.939 799.015
306 1064.13 213.44
307 315.331 649.079
308 985.379 1055.92
309 771.184 205.095
310 792.493 1391.01
311 836.774 1016.43
312 570.855 1071.58
313 256.856 570.183
314 596.855 971.209
315 969.372 1074.58
316 282.695 64.2949
317 136.299 182.883
318 618.565 446.832
319 179.285 637.425
320 790.643 1045
321 71.7746 593.791
322 1412.61 1298.82
323 795.951 1244.68
324 239.536 199.154
325 1031.21 902.987
326 951.48 181.243
327 1333.5 1070.75
328 137.416 655.971
329 105.482 1255.52
330 641.316 403.845
331 374.589 1264.42
332 531.863 1342.7
333 1147.36 254.025
334 1062.89 1392.85
335 948.089 391.776
336 189.305 770.53
337 859.193 452.702
338 579.715 986.085
339 951.11 1382.51
340 1207.44 661.049
341 668.075 797.822
342 774.538 1268.07
343 304.387 480.626
344 1025.72 273.13
345 913.783 715.588
346 1372.65 626.377
347 850.203 505.674
348 26.9748 828.493
349 616.105 167.934
350 980.058 430.231
351 1112.56 1086.16
352 1182.45 952.405
353 544.047 200.622
354 70.369 1090.32
355 702.609 165.188
356 264.125 1184.19
357 1013.11 1088.06
358 858.298 531.814
359 597.7 886.343
360 729.769 1324.01
361 650.577 1280.59
362 430.014 797.98
363 821.806 789.205
364 932.761 906.526
365 848.982 358.37
366 351.967 508.594
367 1166.23 825.084
368 415.869 98.7494
369 887.709 519.874
370 72.5701 734.405
371 1103.66 1162.61
372 544.071 247.32
373 587.921 269.791
374 488.42 117.885
375 197.641 1278.35
376 199.133 269.979
377 1082.16 217.697
378 843.168 1312.57
379 775.623 1352.12
380 1334.11 1207.91
381 220.269 566.271
382 508.249 972.576
383 907.642 201.728
384 824.005 144.773
385 1234.76 390.352
386 951.308 130.86
387 1324.05 684.873
388 905.053 1159.18
389 1222.67 826.653
390 67.6314 1018.37
391 519.815 927.158
392 495.862 1410.22
393 157.058 1096.83
394 590.345 941.399
395 724.701 599.676
396 631.297 263.117
397 914.03 595.921
398 1062.25 932.292
399 257.275 328.92
400 1336.43 271.733
401 1264.58 1042.18
402 263.322 1349.76
403 250.628 1207.62
404 375.489 223.755
405 966.648 1214.17
406 1132.12 11.8689
407 1215.17 533.124
408 200.995 783.435
409 753.605 843.888
410 428.41 1000.37
411 733.326 1169.67
412 1288.01 1084.17
413 1006.53 238.041
414 309.239 54.3535
415 838.636 222.704
416 1285.08 191.903
417 782.528 364.44
418 944.156 1354.93
419 1220.43 321.253
420 325.079 386.15
421 136.262 1313.49
422 239.148 1254.48
423 1259.73 621.37
424 603.977 808.597
425 1280.76 533.54
426 1410.5 573.622
427 325.794 188.996
428 609.39 393.028
429 683.582 5.00652
430 1154.56 267.663
431 687.663 348.428
432 717.794 502.323
433 777.14 1119.52
434 1040.48 249.506
435 301.993 849.844
436 1338.86 255.277
437 1303.9 551.84
438 67.1996 842.391
439 885.421 1408.14
440 584.327 215.539
441 627.517 1198.52
442 1191.81 243.177
443 1080.55 1357.54
444 1327.94 713.3
445 205.718 191.601
446 333.365 1167.27
447 1067.07 7.50979
448 876.832 1369.37
449 1227.65 458.572
450 108.67 1329.55
451 1009.53 948.175
452 520.42 102.779
453 1332.21 1325.36
454 941.356 600.021
455 233.235 1362.08
456 111.05 1186.68
457 860.87 639.195
458 463.683 830.365
459 11.8689 785.204
460 1252.15 520.117
461 1193.54 808.64
462 1278.35 367.073
463 656.323 1074.33
464 1378.39 220.503
465 1186.42 1267.14
466 569.535 24.9618
467 399.529 279.388
468 902.867 833.07
469 417.88 176.51
470 715.606 673.982
471 1047.93 144.153
472 1388.92 373.649
473 400.522 459.666
474 1224.61 1404.47
475 567.075 1247.1
476 1335.23 1409.74
477 630.551 322.014
478 549.892 353.278
479 329.938 1385.3
480 1126.28 1029.27
481 885.248 775.927
482 417.009 1075.28
483 122.488 441.237
484 1395.24 779.982
485 848.865 1171.14
486 241.694 32.4129
487 754.172 338.128
488 130.928 1356.22
489 105.223 1000.72
490 3.71173 1130.61
491 703.725 1221.87
492 401.644 52.0506
493 722.123 754.216
494 648.69 734.694
495 81.8187 545.569
496 1238.21 565.867
497 1351.42 1175.71
498 647.439 998.774
499 353.971 1171.35
500 681.353 1115.84
501 528.577 770.357
502 1185.77 192.076
503 677.693 854.562
504 802.956 699.705
505 838.55 1099.15
506 753.266 99.2241
507 398.45 1321.78
508 1103.54 1145.75
509 996.644 895.464
510 419.771 1303.25
511 1009.51 1305.22
512 1367.99 503.544
513 190.766 961.857
514 1356.03 703.719
515 181.098 1379.6
516 827.414 1058.02
517 161.029 665.883
518 829.961 321.512
519 1350.68 832.997
520 360.383 700.136
521 905.965 695.605
522 605.05 16.7183
523 613.656 528.793
524 1154.84 336.646
525 992.1 713.92
526 94.9331 273.244
527 284.484 435.654
528 680.93 1066.78
529 132.045 1374.46
530 169.587 754.792
531 111.383 857.885
532 364.7 571.622
533 833.889 947.673
534 1045.89 488.108
535 240.227 172.611
536 702.812 622.206
537 807.358 594.87
538 322.23 1243.45
539 144.043 347.926
540 776.098 393.616
541 271.808 2.71906
542 259.046 249.105
543 1413.55 733.283
544 1068.16 613.601
545 658.401 388.884
546 1300.23 471.19
547 304.88 1223.71
548 507.126 1125.75
549 1366.55 209.412
550 1403.72 879.567
551 267.158 297.845
552 1232.81 1120.51
553 120.718 361.305
554 1322.93 416.879
555 283.775 23.0196
556 941.874 500.005
557 514.174 277.791
558 118.481 1388.02
559 1200.52 606.409
560 806.421 882.141
561 914.079 823.746
562 894.355 75.7037
563 892.931 115.338
564 1338.98 904.988
565 1197.42 118.907
566 1189.81 575.362
567 316.361 637.484
568 385.891 528.879
569 390.91 1406.5
570 1333.38 35.4927
571 80.7582 39.0595
572 663.149 643.699
573 1173.33 847.699
574 1236.14 664.832
575 182.142 781.967
576 832.464 1048.31
577 1271.7 925.344
578 1342.4 136.989
579 512.447 289.99
580 444.847 437.726
581 1186.85 153.88
582 457.709 47.1458
583 349.656 419.642
584 822.149 193.269
585 449.015 759.971
586 173.804 1407.32
587 1345.72 1325.69
588 363.467 1190.23
589 1043.11 41.4765
590 518.391 1391.17
591 130.429 533.139
592 1013.13 943.875
593 1026.92 741.354
594 472.685 1059.92
595 1174.24 799.607
596 460.61 1131.73
597 620.347 729.803
598 460.428 201.858
599 778.126 339.537
600 978.646 63.3153
601 1043.47 576.268
602 1091.21 201.83
603 393.401 575.837
604 1077.61 270.611
605 1123.18 513.643
606 253.335 1055.94
607 162.885 394.495
608 1246.24 620.35
609 564.011 302.263
610 1074.76 721.371
611 1370.36 1017.49
612 341.825 119.898
613 800.292 802.397
614 1164.57 1339.5
615 1353.83 1159.33
616 427.626 1168.09
617 734.751 416.534
618 218.339 553.711
619 120.583 358.672
620 1200.36 1149.99
621 261.979 636.578
622 804.349 810.971
623 1382.84 283.143
624 1317.1 67.3446
625 133.493 633.671
626 1398.72 723.313
627 396.594 1397.84
628 1242.65 748.13
629 908.789 159.145
630 334.833 658.444
631 1365.26 212.173
632 983.868 1346.34
633 166.548 409.327
634 767.984 880.085
635 95.7716 384.784
636 399.875 1179.48
637 111.525 219.338
638 1261.76 1099.02
639 779.082 1292.85
640 796.339 435.956
641 1099.28 1274.59
642 673.291 1253.93
643 1139.93 565.565
644 1310.83 1406.68
645 1132.45 417.958
646 890.286 549.207
647 926.071 1037.66
648 927.329 459.133
649 1110.15 1239.91
650 724.658 793.059
651 435.222 988.372
652 888.134 345.077
653 116.861 47.7778
654 1082.06 881.321
655 537.122 1316.63
656 172.041 196.694
657 584.623 803.908
658 1389.9 843.513
659 208.48 1222.9
660 241.047 1143.6
661 1056.46 950.306
662 1385.04 513.902
663 318.821 730.262
664 239.21 991.723
665 83.1687 888.76
666 1101.74 530.001
667 265.821 929.012
668 1190.38 710.883
669 404.184 891.393
670 136.41 316.922
671 1282.5 1155.04
672 691.116 44.6141
673 1313 1355.56
674 409.154 363.075
675 675.708 300.348
676 1106.52 153.346
677 1229.87 349.566
678 408.377 1236.58
679 521.36 979.25
680 1349.95 1070.92
681 77.4227 898.255
682 1014.78 977.481
683 207.641 90.5922
684 554.128 438.561
685 1364.75 522.836
686 5.09284 122.949
687 137.291 428.403
688 994.27 354.702
689 386.606 687.895
690 905.965 19.0766
691 1172.82 414.09
692 143.463 88.1321
693 483.192 927.89
694 1057.12 167.546
695 396.027 1308.4
696 1130.94 1301.58
697 73.0388 457.45
698 344.828 505.659
699 505.195 1172.61
700 536.561 841.528
701 392.667 1364.03
702 184.939 605.315
703 1036.57 596.985
704 1163.2 619.255
705 398.938 1278.79
706 303.111 224.834
707 1184.13 356.974
708 57.014 13.9992
709 589.346 1267.27
710 806.741 1225.41
711 378.434 843.601
712 991.292 648.906
713 522.516 722.968
714 1058.21 413.701
715 615.198 1308.52
716 412.089 187.674
717 351.622 108.719
718 1074.14 1352.67
719 1183.74 433.943
720 605.907 637.598
721 732.549 1228.5
722 1396.39 379.805
723 580.103 1264.97
724 1326.25 966.922
725 326.374 943.73
726 468.036 504.623
727 1149.64 994.386
728 1024.36 644.864
729 284.422 980.977
730 450.199 652.115
731 471.908 22.6458
732 987.691 1266.95
733 309.843 597.346
734 60.4236 452.631
735 1161.14 1037.95
736 505.221 1294.75
737 835.64 285.1
738 139.276 1226.12
739 856.683 1007.79
740 1184.38 1180.61
741 518.638 327.943
742 66.5771 953.629
743 190.729 1069.47
744 161.047 284.567
745 299.744 497.372
746 1214.34 1385.2
747 1039.76 1231.56
748 1177.85 44.9015
749 1114.77 867.337
750 1214.33 560.53
751 1376.12 68.8829
752 595.604 1057.69
753 349.723 616.795
754 1226.54 366.555
755 1325.18 170.869
756 919.752 1021.09
757 610.919 657.581
758 51.8348 1238.66
759 309.622 583.966
760 1132.25 773.94
761 832.144 1375.95
762 1132.91 0.345278
763 561.033 852.361
764 1011.02 1195.44
765 619.903 218.591
766 1176.53 1320.3
767 112.271 1365.53
768 488.007 1380.82
769 297.586 865.74
770 1362.9 455.076
771 1046.76 1380.78
772 1318.44 636.864
773 1169.24 1277.77
774 912.612 986.846
775 316.231 349.982
776 545.582 1394.85
777 1174.03 1197.21
778 381.1 1372.95
779 1303.64 822.581
780 282.782 379.26
781 1326.17 594.67
782 1005.53 124.675
783 1281.02 1240.75
784 743.944 74.6817
785 128.715 532.606
786 1001.35 325.612
787 403.278 331.655
788 644.069 1129.75
789 597.675 316.16
790 1105.23 761.439
791 391.372 1033.43
792 871.049 305.37
793 318.873 661.681
794 349.335 719.013
795 823.746 57.834
796 644.979 779.68
797 51.1075 432.303
798 729.485 59.0579
799 1159.36 23.8673
800 587.328 1381.01
801 1306.71 1358.36
802 488.42 426.433
803 163.403 698.613
804 1209.02 948.81
805 1195.83 214.633
806 1336.57 353.752
807 602.725 202.607
808 439.927 315.297
809 209.799 209.254
810 1162.72 1248.15
811 528.534 672.228
812 380.36 830.883
813 1070.84 1186.72
814 227.193 1298.04
815 90.6353 953.311
816 1063.5 554.947
817 557.925 815.518
818 507.385 140.96
819 981.575 537.079
820 818.653 214.115
821 506.438 633.528
822 428.705 344.775
823 1103.53 441.135
824 1313.18 515.687
825 758.575 512.796
826 204.522 909.908
827 55.035 1100.23
828 741.613 766.387
829 1085.08 453.349
830 1213.91 1019.52
831 156.781 796.167
832 112.326 813.489
833 1263.41 683.809
834 892.327 530.88
835 1090.44 701.749
836 905.404 1266.26
837 749.246 483.706
838 72.8536 484.526
839 525.741 182.134
840 1340.54 395.66
841 79.9749 701.347
842 156.238 149.548
843 678.643 1157.36
844 940.425 382.626
845 442.819 294.651
846 83.3414 1165.02
847 722.358 91.4708
848 1401.38 1109.89
849 1255.77 275.661
850 1254.39 253.334
851 545.785 315.426
852 1236.27 553.264
853 675.141 1127.73
854 687.432 1354.47
855 1147.31 649.785
856 960.476 322.361
857 1190.04 675.465
858 1037 634.894
859 187.27 1369.33
860 381.181 445.192
861 831.496 32.715
862 1265.7 454.817
863 1027.25 1189.42
864 251.535 1239.22
865 283.171 280.797
866 978.819 477.577
867 359.736 273.605
868 94.3288 1050.09
869 476.341 78.2208
870 530.501 397.199
871 370.495 2.8917
872 1008.34 372.554
873 291.155 1057.13
874 826.983 130.761
875 927.964 847.743
876 376.439 13.1637
877 1290.65 489.56
878 651.175 63.2012
879 775.407 262.211
880 843.081 1147.27
881 494.265 1321.48
882 312.988 721.026
883 692.972 505.227
884 31.3771 937.876
885 772.386 1213.06
886 134.591 336.445
887 1315.49 484.267
888 600.956 1402.6
889 182.017 1277.41
890 1225.29 339.783
891 1208.47 197.887
892 1333.63 795.708
893 941.159 363.059
894 722.148 743.037
895 241.953 750.547
896 946.067 1111.97
897 675.751 475.117
898 719.688 1005.36
899 1229.16 1313.05
900 423.612 373.763
901 1363.5 921.216
902 62.0084 707.56
903 94.1437 781.061
904 390.344 638.073
905 222.575 687.404
906 1233.07 974.087
907 298.622 602.25
908 516.089 165.979
909 898.801 1105.51
910 732.661 813.819
911 103.213 1142.02
912 599.574 1368.7
913 461.143 698.755
914 1383.99 322.36
915 705.353 1084.65
916 707.702 717.761
917 470.658 550.027
918 1020.04 1153.85
919 1307.58 976.229
920 733.653 1322.26
921 1120.31 47.0441
922 651.705 770.027
923 680.844 663.062
924 676.442 888.356
925 1381.81 259.347
926 901.088 842.752
927 1168.68 439.813
928 389.257 1285.68
929 576.225 1199.62
930 820.466 1069.67
931 525.87 2.8917
932 848.551 414.694
933 417.496 1046.84
934 541.506 944.091
935 945.937 553.754
936 104.145 88.1321
937 121.969 1200.44
938 404.912 337.336
939 335.986 330.705
940 305.953 688.785
941 351.295 1326.51
942 596.035 757.094
943 620.809 1199.88
944 967.381 1406.63
945 328.412 862.591
946 195.082 80.6378
947 391.415 728.076
948 122.142 490.769
949 903.154 253.865
950 994.656 1249.39
951 1107.83 843.528
952 286.741 139.033
953 1204.16 715.113
954 83.255 66.0498
955 510.579 590.613
956 581.361 1244.74
957 38.9732 1183.4
958 179.058 622.393
959 394.418 265.203
960 169.315 1046.28
961 982.703 473.708
962 922.02 1026.18
963 1198.8 796.873
964 1170.88 1300.88
965 141.521 1290
966 547.222 159.777
967 485.633 855.684
968 127.839 367.98
969 371.149 1016.5
970 1338.49 1271.83
971 1341.96 612.824
972 1353.32 1145.46
973 693.49 400.164
974 1228.02 736.865
975 650.158 481.662
976 985.509 882.141
977 397.587 911.16
978 817.445 724.565
979 398.531 35.6222
980 152.397 1023.37
981 187.492 1366.11
982 119.084 157.317
983 1266.05 270.123
984 1121.81 1402.6
985 196.074 586.065
986 827.63 235.134
987 467.395 1406.33
988 1257.93 105.368
989 1381.75 804.944
990 1314.13 91.6712
991 749.567 1202.82
992 661.275 921.848
993 832.033 1357.07
994 1075.71 646.057
995 1303.6 632.175
996 553.455 1113.19
997 69.7772 776.874
998 434.748 1102.13
999 1302.13 1173.44
1000 1409.95 843.327
1001 1077.32 193.759
1002 187.141 1252.68
1003 1274.14 1262.18
1004 528.318 1333.16
1005 1054.61 1174.52
1006 1144.08 474.196
1007 199.614 811.704
1008 168.884 279.259
1009 543.51 560.401
1010 848.778 791.622
1011 269.748 785.938
1012 692.246 97.6573
1013 987.235 503.976
1014 521.628 112.964
1015 601.042 942.564
1016 954.39 516.924
1017 328.402 955.253
1018 999.135 308.176
1019 864.316 811.747
1020 1059.92 1108.62
1021 326.158 314.535
1022 964.498 495.244
1023 1067.73 548.705
1024 445.453 1227.28
1025 699.329 687.318
1026 989.954 309.239
1027 625.902 73.501
1028 871.653 759.626
1029 1004.58 712.323
1030 1411.49 203.93
1031 705.452 1167.12
1032 816.218 176.409
1033 917.92 700.627
1034 989.824 871.942
1035 1328.84 1265.89
1036 226.675 1034.02
1037 434.661 773.264
1038 1128.74 210.619
1039 1141.77 631.571
1040 644.627 1302.78
1041 1131.17 191.256
1042 741.488 98.7494
1043 629.743 464.845
1044 1017.3 51.8779
1045 468.11 960.491
1046 651.57 636.405
1047 991.594 1177.07
1048 1326.85 1061.94
1049 422.015 90.0311
1050 744.591 191.715
1051 868.595 567.436
1052 236.836 1098.3
1053 202.98 1127.78
1054 844.937 610.38
1055 783.521 1165.33
1056 341.77 242.601
1057 361.203 471.837
1058 594.383 1036.65
1059 1092.37 1402.01
1060 55.4913 12.9047
1061 728.511 288.436
1062 691.03 553.609
1063 1212.79 1020.73
1064 519.082 268.426
1065 31.3339 611.443
1066 120.459 884.342
1067 449.983 1061.99
1068 728.363 1075.94
1069 171.659 678.313
1070 1054.34 1244.94
1071 271.426 603.733
1072 810.427 736.162
1073 983.998 287.918
1074 76.5039 1114.81
1075 951.844 1091.52
1076 1166.69 395.703
1077 389.516 382.999
1078 405.689 1122.99
1079 408.032 72.5669
1080 996.57 926.293
1081 198.535 1159.01
1082 1412.57 805.936
1083 1273.21 32.2403
1084 770.444 298.233
1085 8.80458 984.488
1086 659.048 202.995
1087 409.136 775.811
1088 182.356 506.436
1089 433.841 914.742
1090 1164.58 126.646
1091 374.54 789.277
1092 634.836 577.464
1093 1281.76 879.61
1094 997.377 1381.33
1095 574.166 1187.37
1096 62.15 67.3723
1097 1225.33 693.576
1098 348.595 488.195
1099 1348.99 11.6531
1100 410.923 734.809
1101 938.249 153.951
1102 26.1116 878.127
1103 817.642 152.499
1104 295.73 559.192
1105 1221.06 838.938
1106 956.678 1305.38
1107 845.098 115.338
1108 367.93 1158.81
1109 1176.64 68.2786
1110 1039.67 1053.01
1111 1022.21 483.102
1112 711.099 912.396
1113 776.462 221.582
1114 133.875 118.214
1115 131.187 1291.87
1116 161.72 33.5351
1117 1403.65 753.741
1118 918.266 1297.18
1119 527.498 625.643
1120 398.586 283.3
1121 524.85 490.38
1122 720.212 1159.01
1123 801.507 526.073
1124 1356.72 1184.52
1125 886.371 637.182
1126 588.365 1327.46
1127 767.719 1357.5
1128 441.666 527.772
1129 944.161 1042.38
1130 1237.99 725.86
1131 116.542 399.054
1132 665.584 982.574
1133 1238.66 243.291
1134 1186.55 1184.98
1135 708.121 1254.09
1136 1205.13 1094.79
1137 1168.51 585.763
1138 521.628 781.32
1139 250.259 728.292
1140 1338.25 1046.28
1141 1305.97 119.596
1142 928.667 1173.92
1143 1238.82 445.179
1144 273.102 453.84
1145 1086.57 989.293
1146 509.284 1080.89
1147 729.874 1086.09
1148 704.452 1377.28
1149 11.0489 632.909
1150 529.058 1016.73
1151 1063.93 1074.94
1152 364.613 1004.99
1153 1256.26 1343.91
1154 1299.54 441.755
1155 593.637 699.187
1156 172.935 765.798
1157 1363.28 855.598
1158 609.501 245.751
1159 835.399 683.088
1160 770.037 1114.44
1161 1288.71 1334.5
1162 338.952 1302.75
1163 124.621 1399.15
1164 1312.68 956.721
1165 972.283 761.482
1166 1397.99 1363.98
1167 755.812 117.567
1168 230.43 391.329
1169 648.604 23.2199
1170 874.2 670.529
1171 826.767 983.064
1172 1242.52 305.716
1173 1362.29 183.515
1174 830.781 1225.74
1175 1181.5 924.582
1176 550.674 82.4936
1177 1254.39 1338.22
1178 249.075 144.412
1179 966.475 909.59
1180 589.043 157.764
1181 1166.87 738.505
1182 635.884 732.679
1183 880.673 1343.97
1184 1144.92 1003.46
1185 90.0743 38.3258
1186 982.913 717.832
1187 53.777 324.749
1188 60.3804 878.358
1189 442.141 808.856
1190 736.03 974.416
1191 465.65 1156.65
1192 1104.33 756.907
1193 796.358 472.787
1194 789.668 624.175
1195 155.301 238.285
1196 848.476 369.62
1197 1136.59 1356.98
1198 1119.17 1122.43
1199 333.279 844.29
1200 1348.4 548.128
1201 1009.03 298.853
1202 463.025 571.508
1203 435.999 1268.74
1204 161.615 734.751
1205 1232.07 487.979
1206 1413.29 1355.37
1207 331.553 398.709
1208 881.586 1285.1
1209 963.108 785.91
1210 1221.98 425.727
1211 156.497 1133.89
1212 148.728 449.853
1213 701.82 1098.28
1214 1242.22 78.4212
1215 128.342 418.778
1216 1028.93 450.242
1217 473.598 1283.78
1218 89.9448 141.305
1219 466.384 1128.47
1220 917.546 1045.89
1221 555.948 822.179
1222 1297.55 1317.29
1223 703.238 551.122
1224 868.934 532.288
1225 1204.45 408.981
1226 887.585 1262.46
1227 279.027 1311.41
1228 182.954 162.971
1229 302.593 1205.23
1230 772.558 139.853
1231 69.6292 1208.7
1232 545.44 901.735
1233 786.197 1120.04
1234 1328.57 1235.46
1235 28.4854 183.558
1236 1090.56 379.935
1237 499.228 528.447
1238 927.243 947.155
1239 50.1947 129.565
1240 758.168 299.787
1241 1272.62 906.397
1242 1018.55 797.246
1243 484.609 893.362
1244 419.617 395.861
1245 1047.53 1015.81
1246 164.101 558.098
1247 961.647 809.935
1248 970.92 327.97
1249 1184.82 757.755
1250 1016.54 100.562
1251 101.857 1127.13
1252 1176.62 312.448
1253 1113.69 80.9676
1254 1141.22 1313.62
1255 1406.45 483.822
1256 1263.01 1139.93
1257 774.76 492.165
1258 983.523 861.295
1259 807.475 176.955
1260 70.813 1157.34
1261 111.414 473.995
1262 580.67 285.588
1263 535.784 273.259
1264 64.3513 208.261
1265 558.314 473.779
1266 882.85 873.941
1267 1321.46 743.312
1268 471.02 661.308
1269 1311.84 110.476
1270 1016.84 436.058
1271 404.493 980.345
1272 459.435 741.672
1273 783.731 1405.57
1274 557.173 1303.31
1275 737.063 61.1573
1276 341.393 140.63
1277 397.285 1354.45
1278 231.977 937.53
1279 1035.62 309.541
1280 682.491 851.384
1281 389.837 1311.41
1282 1291.42 817.762
1283 470.022 874.172
1284 0.388437 298.724
1285 285.89 1153.03
1286 666.947 337.136
1287 1271.94 23.1491
1288 881.888 21.8388
1289 1102.33 800.612
1290 48.4748 387.617
1291 987.574 38.2981
1292 439.52 652.676
1293 923.013 742.131
1294 761.682 839.629
1295 370.082 1251.95
1296 916.034 268.669
1297 1307.48 287.228
1298 1128.48 1324.82
1299 0.431597 76.1923
1300 215.842 381.877
1301 796.944 1295.7
1302 1397.23 1234.19
1303 1280.03 1206.03
1304 34.2256 1295.39
1305 831.903 1236.57
1306 1312.14 1121.25
1307 793.664 551.279
1308 858.792 1087.34
1309 1155.08 978.387
1310 524.304 613.329
1311 1145.08 707.014
1312 423.051 147.908
1313 879.724 653.092
1314 1068.94 131.335
1315 1329.58 1137.92
1316 185.241 1023.88
1317 822.839 1405.77
1318 435.124 743.037
1319 1117.45 557.034
1320 449.077 1252.24
1321 108.676 830.997
1322 1389.91 312.492
1323 880.285 983.221
1324 745.152 439.02
1325 533.195 758.445
1326 969.626 578.543
1327 769.106 1097.38
1328 445.125 110.791
1329 744.375 538.374
1330 540.939 649.051
1331 98.4599 668.328
1332 926.071 652.202
1333 1061.54 975.223
1334 185.18 570.442
1335 1129.58 935.991
1336 913.777 1214.79
1337 894.325 36.4268
1338 615.667 580.254
1339 413.642 603.329
1340 1088.81 525.512
1341 1271.24 396.292
1342 318.087 1075.9
1343 522.75 307.111
1344 1024.09 1409.61
1345 1174.08 236.315
1346 1.94219 1387.2
1347 759.006 821.804
1348 795.692 654.344
1349 159.851 926.034
1350 687.318 1305.41
1351 1002.17 215.022
1352 1273.4 1057.77
1353 769.667 271.792
1354 195.6 671.882
1355 75.3568 924.625
1356 397.112 950.608
1357 1233.46 1322.02
1358 105.563 1095.58
1359 97.122 1052.15
1360 1294.24 1304.5
1361 188.503 449.135
1362 746.835 610.192
1363 887.21 861.985
1364 979.293 1057.11
1365 1133.67 362.11
1366 498.304 1193.35
1367 948.995 432.503
1368 674.802 1009.05
1369 86.5783 1037.11
1370 614.206 389.646
1371 785.291 433.814
1372 1348.35 155.72
1373 421.911 1171.33
1374 326.251 92.2909
1375 68.0199 520.694
1376 1347.01 91.6435
1377 1293.1 611.948
1378 1054.52 780.299
1379 1249.56 1107.22
1380 505.234 177.574
1381 1216.37 944.177
1382 501.607 1.94219
1383 990.299 548.387
1384 143.376 686.686
1385 718.874 124.359
1386 565.959 457.147
1387 440.396 234.228
1388 722.099 899.016
1389 604.976 191.083
1390 718.609 920.898
1391 980.686 204.534
1392 608.724 808.238
1393 671.719 545.668
1394 415.369 468.628
1395 982.099 1151.92
1396 718.436 1274.52
1397 48.2034 775.25
1398 988.24 85.6288
1399 284.034 1197.44
1400 10.4015 132.775
1401 604.322 367.391
1402 365.304 1215.69
1403 1101.57 32.974
1404 838.463 956.866
1405 63.5375 1025.09
1406 911.921 387.013
1407 1246.54 1127.12
1408 1285.25 695.777
1409 7.07819 1165.74
1410 229.869 1278.89
1411 1104.88 855.9
1412 354.212 409.558
1413 1235.19 344.861
1414 639.54 171.732
1415 619.342 1399.81
1416 1131.13 219.238
1417 319.641 740.663
1418 486.928 877.409
1419 1308.73 659.654
1420 1127.18 24.4284
1421 532.504 1350.38
1422 262.004 650.287
1423 483.993 835.501
1424 1377.08 968.374
1425 217.827 972.733
1426 1117.84 824.711
1427 741.632 372.915
1428 1295.14 602.552
1429 1251.89 621.299
1430 858.847 621.284
1431 1172.38 1219.78
1432 16.228 766.661
1433 431.165 394.825
1434 908.589 149.794
1435 247.823 229.825
1436 1325 777.494
1437 102.591 1110.47
1438 1224.83 712.194
1439 724.608 257.707
1440 230.565 709.647
1441 310.189 1371.4
1442 960.605 1243.23
1443 938.464 445.149
1444 1259.27 1204.63
1445 778.601 1023.79
1446 1196.65 1129.96
1447 327.194 530.592
1448 413.694 1093.52
1449 731.81 12.1279
1450 1291.33 130.472
1451 277.819 1057.33
1452 481.921 755.987
1453 845.597 288.997
1454 635.662 72.5669
1455 287.487 333.279
1456 653.826 554.602
1457 234.487 862.676
1458 1178.06 139.104
1459 1085.6 1209.64
1460 946.344 569.464
1461 1266.78 999.508
1462 592.065 1341.32
1463 1100.27 684.772
1464 1098.59 357.291
1465 1234.8 701.965
1466 725.33 630.579
1467 976.975 1165.11
1468 796.598 12.7753
1469 34.608 666.558
1470 1361.79 1106.61
1471 1287.54 374.281
1472 1175.41 865.395
1473 237.095 1361.4
1474 488.179 989.263
1475 646.89 1036.78
1476 1092.67 826.681
1477 845.369 368.254
1478 456.932 849.296
1479 1306.66 1161.17
1480 1013.17 1276.66
1481 685.117 409.801
1482 204.491 676.226
1483 1195.76 1030.48
1484 379.91 799.506
1485 1346.73 914.138
1486 522.319 1285.05
1487 334.488 195.572
1488 720.385 823.012
1489 1180.63 1377.72
1490 823.444 337.854
1491 1165.63 640.851
1492 768.89 378.769
1493 1297.59 585.218
1494 258.397 1329.72
1495 131.421 295.299
1496 576.147 381.014
1497 294.251 1113.26
1498 239.944 236.401
1499 402.464 481.705
1500 1314.9 406.046
1501 541.463 1097.52
1502 1231.8 1239.86
1503 931.917 982.977
1504 229.998 886.802
1505 155.72 1314.24
1506 968.849 668.759
1507 988.788 919.446
1508 60.6181 371.779
1509 557.21 727.04
1510 459.78 919.604
1511 1298.45 779.421
1512 779.298 241.004
1513 560.342 498.106
1514 817.186 964.317
1515 374.626 965.957
1516 1342.74 1244.81
1517 942.768 278.294
1518 203.671 264.023
1519 1396.34 167
1520 309.387 713.79
1521 849.34 189.918
1522 1270.23 922.942
1523 881.907 749.872
1524 635.81 868.647
1525 1120.94 733.946
1526 867.313 263.635
1527 834.542 578.901
1528 588.275 342.027
1529 1159.7 284.163
1530 429.007 287.2
1531 689.914 219.208
1532 212.25 10.8762
1533 48.6474 1238.09
1534 196.851 626.09
1535 370.162 219.957
1536 694.273 579.678
1537 1233.24 565.435
1538 1030.35 646.807
1539 825.688 324.647
1540 614.335 905.981
1541 1286.03 241.408
1542 499.53 892.542
1543 172.941 857.944
1544 1390.73 976.92
1545 303.197 361.203
1546 267.029 1033.22
1547 171.104 1388.72
1548 298.277 1201.16
1549 203.066 458.788
1550 1122.07 684.226
1551 1406.95 45.9089
1552 269.921 1130.44
1553 561.335 549.568
1554 1079.77 102.218
1555 1305.84 686.671
1556 640.231 145.319
1557 1028.16 899.318
1558 419.771 1293.02
1559 75.2338 241.364
1560 965.882 201.586
1561 1176.79 805.936
1562 992.025 193.873
1563 1257.09 498.812
1564 328.427 1034.15
1565 1193.27 1012.8
1566 477.174 109.814
1567 322.434 940.45
1568 94.5508 1229.59
1569 1192.08 165.878
1570 227.969 517.183
1571 300.598 94.2608
1572 320.115 678.917
1573 619.705 1064.06
1574 817.749 167.619
1575 240.134 21.1637
1576 819.732 89.3992
1577 5.26548 1074.24
1578 40.7427 819.603
1579 68.1678 218.49
1580 852.201 913.518
1581 744.073 1411.98
1582 48.6042 1248.83
1583 1016.83 1000.86
1584 412.477 146.715
1585 1030.74 1186.56
1586 1413.57 1042.24
1587 978.301 668.041
1588 1376.03 397.846
1589 501.423 1127.89
1590 233.494 1397.68
1591 841.232 1148.39
1592 1301.08 754.561
1593 396.379 971.54
1594 484.098 643.958
1595 640.792 608.74
1596 387.42 1180.95
1597 471.951 846.146
1598 445.245 434.404
1599 735.916 642.793
1600 1206.7 516.794
1601 477.864 346.702
1602 608.681 435.641
1603 766.103 1245.2
1604 1005.06 395.774
1605 535.008 1316.89
1606 213.616 1188.7
1607 919.807 465.909
1608 214.06 127.278
1609 329.494 1342.78
1610 1106.23 948.779
1611 175.481 723.572
1612 640.058 699.446
1613 325.251 1128.68
1614 323.05 746.419
1615 1196.39 160.381
1616 197.283 183.07
1617 75.4249 1269.47
1618 1195.31 446.875
1619 1304.83 644.892
1620 258.656 550.388
1621 1331.2 79.4138
1622 781.974 1156.38
1623 821.372 1390.16
1624 1285.68 78.3649
1625 1391.84 900.974
1626 483.863 1257.52
1627 1210.97 414.851
1628 443.774 260.037
1629 1105.98 233.941
1630 1345.42 1083.48
1631 24.9895 794.786
1632 6.68975 1044.72
1633 1028.75 930.279
1634 119.932 546.186
1635 225.429 806.886
1636 1409.41 6.56027
1637 1073.99 737.815
1638 97.8248 746.317
1639 815.133 1170.15
1640 108.041 936.22
1641 167.824 1042.39
1642 881.352 576.758
1643 1226.54 121.322
1644 1230.79 301.211
1645 1228.89 292.25
1646 170.95 1072.78
1647 606.611 262.873
1648 619.557 1270.36
1649 485.849 1248.02
1650 855.166 922.323
1651 812.395 764.617
1652 274.755 904.713
1653 1181.97 776.501
1654 836.478 841.327
1655 409.888 959.585
1656 186.795 110.532
1657 1179.71 1293.17
1658 260.087 991.221
1659 38.2826 1213.39
1660 1373.69 1011.61
1661 1173.68 886.731
1662 16.6165 145.146
1663 552.228 342.688
1664 289.115 400.09
1665 1222.17 478.182
1666 583.864 928.753
1667 765.413 182.609
1668 168.083 79.198
1669 1061.62 789.261
1670 778.514 749.872
1671 725.792 1123.76
1672 895.261 331.164
1673 489.339 949.658
1674 850.677 173.086
1675 548.258 988.53
1676 495.775 796.253
1677 766.991 839.04
1678 149.006 259.233
1679 551.341 476.095
1680 1186.03 618.753
1681 1263.24 316.376
1682 643.591 1018.5
1683 979.386 1043.69
1684 314.209 1176.59
1685 918.445 1330.76
1686 138.441 396.193
1687 742.217 569.939
1688 69.4439 207.167
1689 1360.94 362.557
1690 1331.7 300.262
1691 184.033 418.304
1692 195.027 1187.9
1693 1023.06 1015.62
1694 1411.9 822.898
1695 1400.69 154.096
1696 1328.25 1221.61
1697 620.938 377.388
1698 940.709 225.25
1699 1252.04 13.395
1700 972.117 1308.52
1701 23.6084 1339.25
1702 391.156 1346.34
1703 15.4512 686.8
1704 1134.54 1114.1
1705 1046.49 1130.58
1706 1404.5 762.848
1707 172.035 287.847
1708 1391.11 953.931
1709 39.4482 961.598
1710 233.815 1155.14
1711 1297.04 992.543
1712 1196.83 1141.44
1713 1319.65 1196.17
1714 1248.96 127.509
1715 1.59691 477.75
1716 1235.66 336.273
1717 1289 226.949
1718 1040.93 1362.34
1719 755.812 580.627
1720 1337.65 888.587
1721 940.314 1405.77
1722 31.075 723.917
1723 747.224 363.104
1724 201.901 959.412
1725 103.361 204.506
1726 370.483 250.601
1727 82.8485 643.785
1728 828.79 1284.61
1729 584.943 508.81
1730 1378.87 426.936
1731 1117.92 540.402
1732 956.197 654.532
1733 223.222 559.652
1734 54.856 562.63
1735 654.64 1161.18
1736 168.064 735.053
1737 462.24 698.281
1738 718.264 930.523
1739 1069.57 277.43
1740 631.242 1094.05
1741 789.607 1094.63
1742 56.7367 1291.53
1743 318.981 1279.68
1744 1184.31 597.416
1745 216.316 1221.2
1746 895.348 959.326
1747 961.382 183.789
1748 85.6288 78.8528
1749 896.599 1179.73
1750 1022.58 537.354
1751 716.161 231.422
1752 1261.41 575.232
1753 855.826 254.01
1754 919.129 9.58145
1755 1217.41 1042.12
1756 1386.83 989.02
1757 382.697 412.348
1758 556.631 969.641
1759 146.392 818.582
1760 15.5375 48.1231
1761 1141.48 664.948
1762 503.242 40.7427
1763 478.511 65.4732
1764 580.911 1054.58
1765 1111.49 1222.46
1766 240.998 831.271
1767 1267.77 45.2314
1768 1329.02 669.968
1769 1412.82 1217.19
1770 191.888 500.898
1771 1176.23 1392.74
1772 95.7161 32.6873
1773 146.268 1116.89
1774 1098.16 961.844
1775 617.529 472.296
1776 407.816 689.908
1777 647.439 870.805
1778 206.821 1370.54
1779 1412.97 661.94
1780 48.8909 851.873
1781 756.072 863.037
1782 655.812 981.596
1783 685.937 217.857
1784 198.387 1243.96
1785 1324.07 172.136
1786 641.396 954.347
1787 283.06 116.374
1788 353.219 728.422
1789 928.18 305.716
1790 830.22 760.431
1791 796.253 1258.19
1792 901.174 1389.53
1793 499.043 621.342
1794 1132.02 66.913
1795 958.571 671.176
1796 1392.83 1062.43
1797 0.215798 864.116
1798 206.865 658.071
1799 603.675 1318.49
1800 1223.84 1071.35
1801 557.407 903.348
1802 596.806 212.232
1803 962.221 261.85
1804 616.407 128.573
1805 206.26 42.7713
1806 981.02 1074.16
1807 837.6 1190.36
1808 1237.39 483.447
1809 891.938 881.638
1810 617.917 829.141
1811 23.3494 677.391
1812 135.953 219.267
1813 479.27 803.131
1814 437.208 1364.11
1815 648.777 1027.99
1816 50.0562 695.518
1817 289.86 143.953
1818 862.417 798.8
1819 204.577 307.944
1820 1404.93 1392.69
1821 351.967 1206.42
1822 1147.23 662.531
1823 332.126 890.255
1824 55.7934 1317.41
1825 210.101 1330.66
1826 516.665 1147.42
1827 1302.19 1345.37
1828 1365.18 397.041
1829 103.115 1174.17
1830 1368.68 1276.12
1831 290.076 144.197
1832 116.723 668.171
1833 283.27 550.502
1834 1292.21 96.8226
1835 857.17 274.382
1836 594.938 1088.16
1837 735.614 144.585
1838 206.519 880.387
1839 987.623 5.09284
1840 737.521 134.775
1841 912.828 1286.72
1842 938.378 1371.17
1843 903.179 452.07
1844 1351.72 937.903
1845 30.2549 1409.35
1846 1179.58 117.798
1847 651.884 1228.04
1848 705.057 517.7
1849 535.396 277.128
1850 279.28 918.352
1851 581.145 655.755
1852 7.98454 912.627
1853 606.307 1388.59
1854 410.128 185.818
1855 1350.64 1312.62
1856 533.67 663.697
1857 678.87 1188.83
1858 808.313 675.277
1859 402.89 364.067
1860 1132.04 1171.82
1861 174.926 845.427
1862 1054.67 1255.04
1863 728.746 1179.68
1864 1240.8 451.682
1865 233.839 1012.33
1866 1246.19 683.579
1867 359.736 624.952
1868 502.508 409.715
1869 986.649 371.664
1870 1340.24 57.7908
1871 460.341 365.692
1872 65.1776 916.582
1873 218.53 1309.48
1874 682.053 781.751
1875 1339.5 1280.2
1876 334.272 972.258
1877 126.933 1148.87
1878 1184.56 856.994
1879 899.128 1036.45
1880 1145.34 588.353
1881 252.996 1046.54
1882 92.6639 1009.26
1883 527.418 519.082
1884 670.443 1378.45
1885 1197.8 104.98
1886 654.128 1009.85
1887 211.581 127.207
1888 1179.15 505.415
1889 9.66777 483.561
1890 979.164 1316.6
1891 834.339 492.97
1892 1054.61 854.62
1893 1395 336.861
1894 761.793 339.365
1895 520.506 324.533
1896 1102.47 971.626
1897 318.624 305.916
1898 173.86 522.593
1899 808.961 1272.69
1900 1342 1299.06
1901 1024.22 54.5107
1902 746.946 320.676
1903 46.1718 573.925
1904 387.149 1300.03
1905 518.619 674.413
1906 908.511 501.429
1907 872.165 842.736
1908 806.137 50.0375
1909 940.838 679.334
1910 281.605 604.149
1911 271.647 1093.35
1912 1116.86 149.736
1913 799.811 1322.47
1914 840.017 1195.61
1915 52.4454 92.5067
1916 122.323 712.165
1917 848.476 1358.19
1918 171.061 25.2207
1919 686.282 749.944
1920 398.124 575.334
1921 682.622 673.852
1922 1002.56 1131.49
1923 196.414 982.789
1924 782.356 80.4651
1925 1200.31 1174.74
1926 270.223 1004.64
1927 231.583 1256.98
1928 82.7313 66.1793
1929 440.488 88.7086
1930 668.673 446.012
1931 498.803 118.387
1932 0.992673 416.059
1933 187.165 1.59691
1934 410.726 373.735
1935 654.56 1254.91
1936 943.816 626.522
1937 952.353 107.239
1938 331.88 831.573
1939 1.64007 253.233
1940 313.728 691.492
1941 1190.1 906.138
1942 93.786 904.023
1943 978.313 1334.24
1944 985.885 117.351
1945 487.014 1361.29
1946 606.998 193.759
1947 569.794 561.249
1948 867.596 694.353
1949 613.799 1177.71
1950 320.59 721.932
1951 907.217 444.819
1952 182.048 361.607
1953 10.1857 750.461
1954 849.512 1335.88
1955 294.047 279.518
1956 194.866 536.62
1957 903.16 1145.16
1958 217.476 335.927
1959 463.88 999.104
1960 1053.01 342.401
1961 999.277 1225.99
1962 1275.56 143.29
1963 977.444 659.998
1964 498.68 225.078
1965 1237.62 1011.27
1966 803.375 188.882
1967 740.793 230.904
1968 22.9919 404.665
1969 834.406 628.276
1970 173.391 184.523
1971 987.58 1018.33
1972 413.211 539.582
1973 367.073 1114.7
1974 16.9618 133.579
1975 1135.7 1412.85
1976 93.786 630.794
1977 670.759 350.457
1978 358.366 105.685
1979 762.798 83.7298
1980 871.74 657.208
1981 183.731 1276.98
1982 657.279 965.439
1983 142.914 471.606
1984 1249.97 502.12
1985 680 33.1466
1986 1254.41 32.9308
1987 822.278 608.049
1988 393.074 162.727
1989 45.2932 1365.1
1990 944.76 49.1312
1991 192.017 711.919
1992 9.32249 272.424
1993 947.7 1109.42
1994 1047.27 1047.34
1995 132.778 820.552
1996 986.156 450.344
1997 587.601 400.263
1998 72.5763 557.207
1999 316.897 442.489
2000 339.038 122.53
2001 1143.69 816.683
2002 154 1052.45
2003 87.417 955.556
2004 416.528 36.211
2005 1277.66 631.383
2006 925.584 691.649
2007 364.533 419.571
2008 317.427 953.139
2009 864.002 894.586
2010 1404.6 18.0839
2011 688.268 379.691
2012 741.483 1180.63
2013 1167.73 253.967
2014 611.881 916.496
2015 149.253 1024.8
2016 68.926 966.691
2017 1316.56 1263.28
2018 88.4342 537.942
2019 1268.16 46.8283
2020 369.971 228.114
2021 426.029 1246.6
2022 867.553 1206.01
2023 1024.91 713.084
2024 550.761 151.145
2025 1146.97 1069.77
2026 354.236 296.162
2027 397.84 204.836
2028 252.484 1093.49
2029 597.848 1000.37
2030 370.094 863.151
2031 1132.51 898.816
2032 399.073 108.719
2033 171.603 900.758
2034 237.502 1106.63
2035 181.745 99.1378
2036 1072.06 876.33
2037 1414.01 1103.75
2038 1078.52 1339.82
2039 1146.07 1070.89
2040 864.97 0.561076
2041 930.005 890.341
2042 421.541 43.7639
2043 638.95 33.0473
2044 64.6596 1273.17
2045 948.743 191.515
2046 1284.3 722.58
2047 48.117 534.289
2048 316.188 62.4675
2049 1231.22 990.66
2050 992.692 401.271
2051 1001.26 1229.51
2052 326.053 887.422
2053 262.411 354.443
2054 1198.72 784.702
2055 952.103 393.228
2056 451.666 392.423
2057 1339.5 1295.07
2058 819.861 1020.42
2059 819.991 795.735
2060 390.35 1339.88
2061 76.6396 1191.94
2062 816.711 715.316
2063 89.4269 775.681
2064 785.846 221.382
2065 1065.79 286.71
2066 519.538 1390.19
2067 1043.87 415.369
2068 737.347 570.328
2069 796.426 1313.28
2070 660.214 841.025
2071 1300.03 1181.47
2072 520.031 201.728
2073 198.51 1102.66
2074 718.436 488.956
2075 1047.3 788.975
2076 1288.36 1251.52
2077 349.55 601.56
2078 885.853 750.562
2079 1016.5 732.852
2080 152.526 395.559
2081 1339.39 118.661
2082 184.705 1352.25
2083 966.82 1202.69
2084 727.063 1243.66
2085 813.819 46.1377
2086 160.64 251.448
2087 301.255 923.201
2088 106.95 1173.17
2089 174.834 1161.25
2090 1013.09 158.051
2091 83.0392 519.744
2092 925.387 586.512
2093 169.649 952.435
2094 42.7652 1353.66
2095 118.128 1210.95
2096 363.534 89.729
2097 1170.58 829.659
2098 840.103 393.53
2099 12.8184 1330.27
2100 4.05701 455.523
2101 136.089 1297.29
2102 372.148 877.825
2103 575.923 697.951
2104 332.595 462.213
2105 495.905 233.926
2106 1175.63 416.577
2107 183.583 52.3682
2108 386.107 12.3437
2109 630.748 960.362
2110 504.888 581.29
2111 779.261 947.83
2112 990.527 1382.53
2113 447.134 808.726
2114 515.931 1175.54
2115 35.6499 1099.85
2116 636.643 876.055
2117 1195.87 326.432
2118 500.024 669.811
2119 1147.23 254.124
2120 509.334 468.283
2121 129.393 859.137
2122 783.219 1057.14
2123 196.993 1324.24
2124 773.619 403.327
2125 251.675 477.376
2126 56.9772 810.857
2127 502.249 362.471
2128 648.82 1041.03
2129 1030.54 1141.85
2130 1295.91 1144.9
2131 273.46 173.114
2132 620.809 619.557
2133 1014.89 834.234
2134 222.715 743.167
2135 993.717 339.235
2136 1284.91 373.563
2137 1137.34 807.663
2138 964.57 421.211
2139 1247.56 264.196
2140 81.7878 993.552
2141 447.468 1025.4
2142 457.104 139.061
2143 965.458 49.8926
2144 708.035 1392.37
2145 1290.91 346.831
2146 361.888 25.0758
2147 588.18 827.646
2148 1033.51 601.689
2149 1350.16 1187.02
2150 793.331 570.571
2151 433.075 652.833
2152 1044.55 257.491
2153 749.554 968.331
2154 1206.57 1010.21
2155 324.086 1362.16
2156 738.74 193.355
2157 462.265 17.307
2158 604.643 793.291
2159 1187.24 182.193
2160 422.533 1206.07
2161 1239.5 816.51
2162 1124.31 457.665
2163 38.4308 508.48
2164 1342.48 578.167
2165 1331.98 1381.69
2166 779.292 692.642
2167 356.801 1066.28
2168 552.876 496.999
2169 1219.73 44.2973
2170 396.767 1156.61
2171 499.142 330.646
2172 1038.38 248.011
2173 900.102 1261.53
2174 760.986 865.783
2175 1314.95 510.422
2176 774.63 211.498
2177 835.097 481.98
2178 240.572 697.245
2179 1120.02 1095.7
2180 935.055 508.637
2181 287.407 418.19
2182 1310.78 155.261
2183 500.005 117.222
2184 467.247 1047.8
2185 276.351 203.671
2186 0.647395 21.5798
2187 997.976 84.9106
2188 723.356 381.834
2189 738.16 1144.25
2190 997.723 143.953
2191 355.315 1103.65
2192 1067.12 10.7468
2193 485.01 581.749
2194 982.586 95.2103
2195 262.978 778.271
2196 978.017 1055.94
2197 196.074 627.887
2198 1065.12 441.955
2199 1041.79 99.2396
2200 924.789 295.098
2201 644.59 332.891
2202 373.615 854.778
2203 555.077 770.271
2204 177.602 807.129
2205 396.823 481.533
2206 448.436 207.829
2207 86.0604 602.941
2208 210.447 1210.8
2209 1085.34 1263.15
2210 677.49 1151.69
2211 741.397 978.56
2212 1237.47 379.676
2213 631.642 668.818
2214 433.737 346.486
2215 656.41 437.38
2216 950.333 937.213
2217 725.514 791.592
2218 1220.85 897.506
2219 530.692 1130.14
2220 1137.56 59.0425
2221 1072.89 265.993
2222 511.381 1169.95
2223 1361.65 1336.4
2224 475.632 441.625
2225 969.496 859.713
2226 1115.99 1253.57
2227 585.116 548.748
2228 707.301 338.76
2229 264.526 1019.1
2230 1366.67 1031.08
2231 835.06 230.359
2232 531.684 1242.05
2233 187.615 537.424
2234 175.66 522.852
2235 1137.02 451.293
2236 1129.1 220.071
2237 99.0083 990.832
2238 751.33 812.54
2239 1040.58 1062.29
2240 43.0736 220.675
2241 736.052 10.5033
2242 1344.81 1183.76
2243 249.204 161.001
2244 837.298 587.117
2245 1091.39 768.128
2246 875.507 991.249
2247 703.294 321.857
2248 137.852 310.059
2249 2.8917 299.097
2250 1180.59 511.587
2251 683.779 1138.78
2252 1387.84 320.908
2253 502.558 968.735
2254 507.09 756.546
2255 808.769 673.982
2256 1038.38 851.713
2257 538.047 700.654
2258 1207.61 651.526
2259 639.861 497.776
2260 146.651 153.951
2261 735.268 903.449
2262 324.949 706.928
2263 1064.23 976.892
2264 757.107 372.943
2265 367.418 1189.93
2266 231.527 445.467
2267 1163.24 1249.82
2268 849.685 1095.93
2269 1259.87 226.027
2270 1248.78 863.08
2271 546.525 1239.02
2272 928.969 1244.78
2273 173.934 910.324
2274 1242.7 797.548
2275 1343.34 1365.57
2276 397.711 233.035
2277 593.52 1008.18
2278 363.83 784.4
2279 1073.17 299.269
2280 802.295 461.42
2281 1249.17 466.384
2282 477.907 438.632
2283 1243.17 541.108
2284 144.104 1138.74
2285 180.95 426.735
2286 430.388 902.787
2287 557.956 1294.46
2288 857.54 1137.69
2289 1257.33 106.706
2290 260.426 313.339
2291 600.265 939.17
2292 1242.64 610.826
2293 1126.59 180.451
2294 44.7937 1165.67
2295 101.296 636.26
2296 1347.96 1132.25
2297 1328.1 29.6808
2298 528.145 1332.68
2299 148.038 346.847
2300 1372.74 998.083
2301 1187.3 1311.45
2302 1080.96 1285.94
2303 127.451 170.194
2304 260.586 1319.97
2305 1303.08 8.30212
2306 622.116 1228.41
2307 1405.21 1082.7
2308 626.352 1378.02
2309 532.979 516.162
2310 519.39 837.6
2311 1039.33 345.034
2312 821.952 1119.62
2313 1181.95 148.21
2314 809.719 817.115
2315 164.654 556.862
2316 966.604 403.241
2317 1311.4 401.04
2318 916.034 244.802
2319 1196.26 393.573
2320 1042.8 521.326
2321 926.448 456.716
2322 164.482 464.284
2323 1294.38 278.741
2324 197.863 940.94
2325 340.573 1340.76
2326 816.07 715.776
2327 161.516 292.811
2328 426.245 106.275
2329 589.562 1408.36
2330 765.172 286.149
2331 725.644 1016.11
2332 1013.73 540.23
2333 1280.84 186.666
2334 500.178 221.123
2335 1148.65 709.345
2336 955.081 170.712
2337 316.274 649.338
2338 1031.94 843.081
2339 889.478 600.092
2340 861.227 153.303
2341 854.451 1046.98
2342 690.642 1096.52
2343 591.485 1370.29
2344 1363.54 607.013
2345 1270.28 206.217
2346 558.308 377.145
2347 58.4382 487.704
2348 1139.24 1209.98
2349 198.405 82.0466
2350 29.3857 1126.7
2351 704.107 25.8527
2352 430.709 314.606
2353 767.94 1014.96
2354 22.9302 1400.96
2355 964.034 1223.94
2356 1409.23 1052.77
2357 542.302 1009.51
2358 904.8 210.662
2359 1069.71 21.7525
2360 1.68323 592.755
2361 54.4555 1070.82
2362 1268.96 684.34
2363 1411.16 143.306
2364 1154.61 990.86
2365 373.892 983.868
2366 718.498 1000.53
2367 401.428 60.0074
2368 660.689 751.324
2369 439.97 449.292
2370 786.024 129.322
2371 6.56027 1140.37
2372 651.452 1379.56
2373 1404.13 533.411
2374 782.868 521.816
2375 1401.8 107.872
2376 1029.96 834.033
2377 1240.98 1116.21
2378 1305.6 687.534
2379 583.605 759.136
2380 1411.08 871.554
2381 279.959 1405.71
2382 559.911 8.04316
2383 850.764 392.769
2384 43.4373 175.487
2385 710.661 429.325
2386 1252.01 523.959
2387 583.087 973.251
2388 675.381 407.27
2389 1310.89 1116.54
2390 556.803 1129.25
2391 337.379 1279.6
2392 608.749 242.126
2393 168.255 992.127
2394 366.377 141.175
2395 1358.24 1233.39
2396 1232.68 1166.02
2397 500.437 1148.11
2398 1366.35 751.857
2399 555.163 1350.05
2400 226.081 1297.54
2401 416.621 314.85
2402 1085.21 565.278
2403 194.102 1080.8
2404 341.221 1392.22
2405 195.181 764.589
2406 382.765 800.785
2407 1357.87 155.692
2408 1363.29 896.744
2409 554.127 752.591
2410 1340.71 463.535
2411 878.041 212.259
2412 1288.22 1319.26
2413 743.142 714.654
2414 1267.73 594.756
2415 1018.7 614.723
2416 481.446 784.6
2417 1113.78 643.727
2418 0.474757 327.641
2419 1387.76 301.4
2420 78.6741 1133.82
2421 1343.52 304.205
2422 1064.27 201.987
2423 1275.93 1255.13
2424 438.675 721.155
2425 520.352 1110.04
2426 1070.59 633.945
2427 948.348 734.982
2428 740.516 854.059
2429 1.64007 738.117
2430 911.101 0.733715
2431 159.561 589.577
2432 1129.16 971.784
2433 195.045 622.967
2434 1154.32 292.293
2435 1218.16 1278.91
2436 1402.15 778.918
2437 916.884 718.048
