1 681.498 832.842
2 510.077 357.391
3 366.943 530.365
4 120.587 1048.74
5 176.75 805.228
6 505.95 543.865
7 713.736 749.441
8 740.002 940.156
9 583.158 332.843
10 1061.05 600.704
11 370.353 989.043
12 790.591 694.871
13 129.693 878.543
14 771.347 385.072
15 699.927 678.332
16 260.303 920.399
17 587.978 839.562
18 161.239 894.533
19 381.798 573.013
20 388.74 709.925
21 732.782 235.892
22 495.982 616.274
23 951.25 1042.13
24 582.608 365.839
25 131.92 19.3332
26 770.091 74.3278
27 756.919 22.6764
28 340.097 280.633
29 195.415 623.796
30 992.312 610.36
31 897.105 392.36
32 440.331 148.445
33 262.302 621.79
34 798.835 769.924
35 857.013 627.072
36 266.191 910.106
37 887.682 921.936
38 266.281 590.297
39 426.852 369.761
40 523.635 507.13
41 671.302 222.185
42 68.7683 151.745
43 730.241 1038.25
44 937.801 1007.3
45 761.726 889.809
46 1059.75 30.1551
47 1056.94 828.506
48 401.017 231.99
49 406.368 951.968
50 362.678 215.131
51 289.549 715.04
52 938.426 266.247
53 1080.31 874.13
54 395.66 844.753
55 801.951 222.323
56 512.684 241.852
57 898.902 380.018
58 387.67 77.5372
59 633.867 213.837
60 707.374 566.003
61 839.22 377.584
62 657.035 625.434
63 576.457 1029.05
64 842.512 554.302
65 596.789 1078.97
66 247.379 437.75
67 377.507 475.828
68 889.115 897.732
69 1036.62 1000.3
70 99.8562 239.034
71 268.732 962.359
72 935.576 707.518
73 533.13 527.456
74 389.408 1043.49
75 650.14 365.873
76 299.854 1074.09
77 536.54 385.029
78 115.467 376.437
79 177.58 407.06
80 610.523 760.196
81 930.686 69.5038
82 485.791 296.101
83 793.059 41.5886
84 558.203 734.43
85 647.106 925.323
86 272.389 690.224
87 1087.58 518.251
88 334.581 513.047
89 55.9232 719.553
90 615.058 897.976
91 790.952 431.068
92 82.8429 222.787
93 907.105 518.186
94 579.486 851.63
95 247.125 510.808
96 188.854 451.624
97 763.438 859.219
98 356.648 557.635
99 859.921 980.308
100 468.708 994.85
101 199.606 859.019
102 599.287 79.5097
103 931.23 939.197
104 251.838 90.8763
105 648.635 952.56
106 976.396 568.577
107 1093.93 135.24
108 665.618 11.3667
109 398.974 132.833
110 451.457 435.019
111 144.825 190.392
112 119.484 483.12
113 504.34 324.327
114 949.785 744.025
115 310.276 453.73
116 767.628 723.02
117 239.636 1004.44
118 630.657 663.355
119 284.233 445.583
120 967.838 395.664
121 224.718 985.155
122 441.728 924.888
123 423.007 507.354
124 26.8454 940.892
125 342.343 101.474
126 683.404 777.651
127 399.785 999.831
128 8.79245 296.613
129 253.585 675.514
130 1040.14 447.115
131 710.775 1004.68
132 788.077 1048.81
133 748.436 1052.53
134 707.819 200.832
135 818.005 932.343
136 237.219 871.599
137 58.0921 84.6522
138 1025.13 662.409
139 416.454 1071.88
140 622.157 695.706
141 1033.63 964.561
142 815.625 117.989
143 1057.94 289.315
144 1044.36 488.298
145 253.777 425.514
146 179.827 824.695
147 391.643 384.571
148 693.299 349.501
149 480.444 466.739
150 914.682 507.464
151 370.08 52.6309
152 300.214 693.41
153 985.991 1058.71
154 766.447 672.442
155 541.797 188.73
156 1044.43 201.568
157 687.99 510.674
158 264.943 482.987
159 734.32 148.077
160 284.1 37.6536
161 903.172 461.095
162 722.184 115.281
163 209.581 936.99
164 310.21 418.431
165 76.5912 43.4314
166 548.607 900.979
167 260.898 677.825
168 551.818 304.76
169 927.553 119.087
170 569.14 584.079
171 926.149 880.08
172 864.936 611.001
173 958.945 577.694
174 386.225 104.54
175 43.4608 905.097
176 322.924 1026.78
177 442.464 939.565
178 993.078 135.932
179 275.842 313.686
180 637.379 569.607
181 186.638 588.057
182 173.576 730.208
183 850.126 422.315
184 646.72 990.848
185 717.871 625.233
186 61.8092 209.357
187 533.423 35.2366
188 759.627 189.894
189 940.877 680.829
190 61.848 668.059
191 817.643 470.011
192 643.027 168.929
193 1061.35 127.216
194 670.52 907.996
195 168.895 854.682
196 109.454 708.42
197 674.506 111.761
198 399.816 1022.3
199 347.411 305.138
200 542.568 604.309
201 465.565 688.595
202 247.492 757.588
203 1071.38 329.834
204 67.2304 989.611
205 714.528 127.708
206 956.705 366.775
207 376.894 925.724
208 878.543 83.1772
209 483.384 222.853
210 914.175 156.937
211 451.49 162.844
212 584.52 7.2546
213 483.852 361.56
214 57.5019 408.966
215 875.774 27.7914
216 995.92 985.59
217 550.81 472.017
218 82.5086 788.779
219 198.071 641.013
220 355.95 395.102
221 883.479 689.02
222 721.348 795.475
223 871.589 244.417
224 85.484 283.708
225 875.845 40.2613
226 52.6544 829.566
227 588.658 490.582
228 885.296 407.627
229 785.302 146.968
230 639.91 844.209
231 291.789 1091.18
232 964.351 774.28
233 1018.39 50.8256
234 802.726 985.198
235 714.088 34.8454
236 561.637 836.964
237 758.491 654.629
238 1073.67 793.761
239 882.854 616.407
240 487.789 908.831
241 179.259 843.282
242 813.351 1024.3
243 294.597 633.424
244 385.53 990.872
245 212.557 573.753
246 7.95666 737.228
247 347.619 883.321
248 710.879 388.305
249 348.534 621.265
250 261.333 883.925
251 467.06 903.024
252 554.18 198.525
253 990.392 897.598
254 463.359 374.197
255 898.13 101.568
256 358.785 65.2345
257 705.736 116.642
258 575.922 927.954
259 139.944 546.937
260 1048.77 644.962
261 311.876 659.878
262 96.5163 441.839
263 228.897 725.571
264 1087.8 464.94
265 790.053 595.924
266 394.691 592.708
267 861.897 225.294
268 20.2594 534.07
269 399.007 340.264
270 312.316 186.618
271 569.971 437.884
272 857.79 328.662
273 210.773 415.127
274 208.779 862.572
275 174.536 689.13
276 137.804 100.225
277 680.127 714.733
278 587.489 815.224
279 586.225 130.192
280 475.955 65.7929
281 164.318 330.668
282 952.158 237.54
283 194.136 591.133
284 377.682 1045.36
285 643.921 295.376
286 1000.09 17.4611
287 663.612 299.277
288 48.4086 314.121
289 196.509 1082.61
290 689.889 77.3267
291 690.106 725.393
292 60.0761 178.634
293 193.555 492.444
294 753.071 865.007
295 292.889 333.783
296 892.505 498.428
297 180.797 339.529
298 136.359 365.013
299 283.097 868.112
300 1037.68 1091.34
301 117.641 548.608
302 853.268 574.528
303 409.166 863.308
304 864.033 650.541
305 578.128 54.7705
306 429.727 121.867
307 567.765 574.117
308 906.936 50.9259
309 614.067 1090.41
310 690.391 687.024
311 999.002 1041.96
312 1071.96 265.545
313 219.731 136.801
314 148.134 73.2481
315 971.816 409.076
316 291.599 72.6504
317 918.259 58.2139
318 385.826 450.798
319 803.985 878.252
320 475.487 496.934
321 1010.36 719.643
322 788.438 569.035
323 360.06 674.511
324 428.389 215.733
325 735.248 352.099
326 913.177 174.946
327 512.975 1011
328 537.844 96.0248
329 266.075 37.0184
330 500.634 869.75
331 88.5597 461.787
332 56.8667 592.113
333 185.377 289.392
334 1008.13 26.4776
335 202.943 756.695
336 757.688 295.032
337 113.811 686.088
338 587.055 426.026
339 304.927 113.299
340 548.747 808.742
341 848.087 718.774
342 457.591 12.7807
343 439.062 558.772
344 468.139 277.614
345 336.888 909.533
346 555.027 184.742
347 840.765 485.862
348 117.838 519.533
349 126.625 251.303
350 4.94784 534.434
351 39.7833 105.486
352 293.018 296.536
353 388.004 156.636
354 37.51 697.923
355 299.378 958.744
356 663.713 457.174
357 922.753 197.312
358 770.349 808.441
359 963.362 567.635
360 650.074 156.325
361 32.0607 342.27
362 309.447 789.816
363 175.458 728.646
364 1038.75 622.569
365 998.762 852.7
366 516.517 644.256
367 901.805 1086.99
368 405.631 368.38
369 617.902 459.953
370 443.032 652.847
371 784.166 728.212
372 179.133 270.804
373 364.64 346.014
374 380.469 283.197
375 289.357 109.163
376 694.48 217.414
377 1086.51 898.778
378 237.463 249.931
379 71.0416 601.363
380 624.631 267.06
381 564.327 407.17
382 775.607 765.281
383 809.006 266.18
384 670.724 246.226
385 574.718 692.367
386 51.8405 486.125
387 975.047 1025.18
388 605.588 354.941
389 647.9 802.252
390 478.169 946.876
391 880.582 752.974
392 299.483 125.2
393 185.185 246.824
394 928.957 293.561
395 692.965 905.555
396 58.8392 136.534
397 2.70794 419.44
398 163.627 1042.6
399 190.626 993.212
400 284.668 160.581
401 160.537 970.479
402 378.347 612.472
403 165.921 394.533
404 494.458 336.721
405 90.4987 777.021
406 941.527 1007.19
407 281.191 510.831
408 784.5 97.362
409 400.508 1069.61
410 675.923 183.906
411 108.768 746.522
412 405.255 750.009
413 725.854 340.375
414 564.522 972.05
415 863.599 857.357
416 312.55 828.83
417 741.942 277.447
418 704.131 530.422
419 426.728 56.8766
420 534.66 70.6838
421 991.482 88.7701
422 847.935 946.274
423 467.19 93.2066
424 822.39 557.334
425 415.615 84.6816
426 1004.98 979.375
427 869.951 194.942
428 535.737 918.326
429 427.57 194.604
430 659.904 137.57
431 471.491 888.95
432 308.047 189.031
433 198.348 951.299
434 812.215 497.927
435 1006.55 780.665
436 270.265 224.435
437 1054.62 448.482
438 294.055 830.445
439 1029.68 1063.12
440 692.664 69.2462
441 1022.07 296.703
442 1077.91 96.9175
443 893.319 580.235
444 952.835 814.154
445 729.004 428.022
446 205.603 491.15
447 481.658 408.197
448 640.384 970.121
449 342.638 196.085
450 961.018 505.449
451 499.292 986.703
452 308.605 728.947
453 834.48 174.276
454 269.514 545.838
455 139.71 208.321
456 12.7373 856.745
457 295.697 1055.83
458 641.57 547.95
459 789.18 744.727
460 1026.67 555.338
461 154.076 921
462 315.15 1002.55
463 697.703 866.541
464 912.843 359.999
465 748.795 200.565
466 874.364 799.849
467 1064.62 288.054
468 221.526 314.499
469 811.379 65.8362
470 82.6089 703.73
471 166.187 787.619
472 352.27 261.309
473 520.802 1035.27
474 758.591 1078.46
475 231.278 742.711
476 854.003 638.305
477 435.51 745.486
478 792.825 448.749
479 1060.21 1082.32
480 1092.3 550.585
481 511.7 555.934
482 555.261 980.742
483 75.7554 1021.49
484 1040.94 954.499
485 611.414 1085.85
486 489.535 59.8186
487 236.293 937.726
488 456.511 807.511
489 829.064 772.264
490 177.544 1007
491 984.587 538.144
492 256.199 813.462
493 804.492 847.585
494 407.461 326.959
495 600.226 42.8296
496 488.064 255.382
497 169.34 1009.79
498 949.484 869.392
499 523.244 771.405
500 126.438 768.591
501 749.992 44.8748
502 503.168 515.545
503 924.511 446.452
504 455.603 294.631
505 881.456 118.113
506 899.479 919.105
507 564.589 147.098
508 537.944 668.871
509 380.315 723.331
510 229.922 110.267
511 862.796 635.43
512 351.631 656.458
513 30.7903 564.02
514 292.871 162.075
515 454.287 1000.48
516 50.6233 1072.55
517 303.824 951.032
518 517.551 756.215
519 462.712 202.069
520 5.31558 876.68
521 76.9924 15.7226
522 410.136 15.7462
523 983.232 282.633
524 647.398 316.695
525 834.543 682.401
526 947.144 682.033
527 659.043 598.632
528 820.339 86.8646
529 499.698 734.42
530 475.862 827.737
531 622.659 516.314
532 776.41 366.244
533 294.822 987.305
534 640.046 301.856
535 1067.38 60.7881
536 581.639 276.587
537 397.967 285.203
538 336.277 852.203
539 450.217 1031.62
540 976.463 1015.51
541 773.535 820.205
542 373.432 1082.18
543 780.025 206.338
544 1075.09 182.071
545 170.7 884.269
546 23.4354 129.356
547 399.492 937.358
548 71.1419 1005.75
549 534.611 1059.85
550 801.918 291.225
551 937.017 717.346
552 343.307 135.063
553 292.417 1040.95
554 7.32147 844.041
555 1035.39 148.736
556 675.072 577.493
557 141.649 1077.66
558 254.323 178.868
559 775.908 934.206
560 714.996 1071.72
561 1047.26 939.154
562 948.615 910.235
563 654.228 73.6158
564 31.6261 817.998
565 653.932 720.188
566 21.5967 404.563
567 829.137 637.312
568 523.201 413.579
569 664.883 561.088
570 447.219 548.876
571 27.8149 211.687
572 664.74 387.981
573 13.0382 185.143
574 287.61 197.489
575 951.724 576.667
576 967.681 227.711
577 311.112 486.159
578 148.379 188.63
579 62.5938 812.386
580 60.3341 18.0294
581 254.205 1026.94
582 329.399 764.551
583 810.276 1015.74
584 186.614 55.3998
585 97.9134 659.471
586 1008.52 1031.16
587 1029.7 167.123
588 649.872 961.486
589 52.4109 1005.16
590 1076.92 582.608
591 975.159 788.823
592 460.751 393.454
593 840.13 564.431
594 85.978 1058.95
595 677.386 315.893
596 267.715 793.159
597 687.018 894.9
598 544.998 871.689
599 74.5519 59.1735
600 232.515 399.806
601 211.477 909.132
602 593.774 497.836
603 769.155 353.613
604 667.925 614.567
605 719.366 760.807
606 737.429 170.543
607 271.997 198.549
608 885.754 881.561
609 366.017 162.944
610 271.448 371.055
611 870.954 1077.73
612 42.1904 908.263
613 485.791 607.715
614 502.027 965.608
615 670.499 474.424
616 245.959 522.04
617 189.957 424.254
618 224.885 220.356
619 514.214 1071.35
620 953.295 64.5894
621 520.214 102.744
622 117.779 290.996
623 974.113 314.99
624 180.028 279.797
625 700.647 862.606
626 434.816 448.248
627 232.314 270.804
628 1068.49 633.534
629 178.148 54.7036
630 152.046 573.949
631 784.534 828.563
632 914.849 340.866
633 1039.38 415.394
634 260.297 383.357
635 370.085 360.901
636 936.311 953.572
637 660.25 347.529
638 804.793 438.252
639 1011.04 527.547
640 754.846 526.209
641 322.772 694.737
642 192.274 147.165
643 653.009 786.005
644 873.717 554.803
645 357.883 782.026
646 547.565 563.619
647 203.924 73.1911
648 961.92 190.224
649 526.811 997.959
650 669.329 527.022
651 948.782 477.404
652 235.089 771.83
653 147.126 564.689
654 402.069 324.786
655 903.783 921.445
656 829.257 494.66
657 409.768 535.948
658 1008.99 277.046
659 978.324 650.006
660 146.095 961.72
661 157.161 225.494
662 838.358 70.3061
663 390.223 746.9
664 47.5025 461.691
665 765.912 248.194
666 889.241 932.845
667 689.442 98.9234
668 531.291 222.216
669 579.024 760.831
670 875.807 867.386
671 449.585 716.572
672 160.671 665.184
673 811.137 460.183
674 70.9496 222.553
675 427.098 1009.36
676 794.221 76.8587
677 604.606 1073.15
678 663.512 162.777
679 471.274 823.157
680 645.084 601.33
681 15.6124 518.764
682 594.398 183.715
683 1079.45 485.968
684 987.272 986.125
685 100.706 482.993
686 111.569 979.682
687 142.802 961.663
688 777.312 315.334
689 775.82 935.018
690 942.463 449.351
691 272.012 560.386
692 173.316 765.979
693 788.135 603.102
694 1009.63 346.65
695 919.121 447.422
696 805.228 785.57
697 661.082 614.167
698 843.74 297.539
699 58.2708 848.665
700 12.7039 733.327
701 416.488 273.311
702 363.466 215.87
703 130.984 535.102
704 894.556 568.333
705 208.378 471.75
706 443.634 312.158
707 897.699 826.222
708 667.223 182.445
709 262.509 580.636
710 106.312 1006.96
711 155.422 362.128
712 809.753 995.997
713 436.446 214.539
714 861.459 813.151
715 636.659 405.231
716 579.633 1040.89
717 715.532 452.537
718 516.113 969.342
719 724.625 809.34
720 925.656 781.592
721 479.617 42.568
722 638.84 758.022
723 372.483 644.423
724 316.261 547.509
725 171.67 121.934
726 841.333 584.189
727 86.0189 446.008
728 88.3141 17.9526
729 1069.35 691.36
730 702.635 124.866
731 1090.54 531.468
732 683.671 418.327
733 317.598 335.427
734 135.217 300.448
735 979.464 1067.86
736 224.636 697.655
737 1056.53 326.567
738 691.862 544.898
739 597.051 436.055
740 536.69 90.7426
741 569.126 116.351
742 594.235 781.458
743 608.785 665.685
744 977.113 549.244
745 593.501 1006.82
746 214.154 161.507
747 281.264 839.037
748 417.011 826.567
749 940.758 944.737
750 551.25 276.778
751 994.638 808.514
752 940.19 617.912
753 549.578 626.146
754 809.912 576.868
755 850.962 965.096
756 238.274 198.047
757 437.965 256.963
758 279.78 882.364
759 703.529 656.057
760 178.886 462.389
761 774.27 885.429
762 688.519 567.597
763 395.082 568.945
764 926.65 35.3704
765 965.742 10.2969
766 400.641 128.677
767 413.877 316.705
768 515.311 788.278
769 175.481 502.607
770 872.057 1056.57
771 801.851 805.438
772 201.232 237.195
773 939.22 480.609
774 875.233 674.187
775 465.627 853.211
776 428.857 633.725
777 646.128 770.66
778 206.213 57.0005
779 447.311 418.962
780 592.864 32.572
781 719.309 50.7488
782 233.461 1060.41
783 906.658 836.386
784 79.3409 356.378
785 567.891 717.179
786 585.015 642.617
787 786.998 1018.99
788 28.9516 622.569
789 263.004 54.0919
790 254.22 229.373
791 110.066 1068.03
792 432.445 684.306
793 612.061 558.848
794 1052.5 938.684
795 906.458 146.138
796 253.019 664.759
797 429.314 764.551
798 377.907 814.23
799 389.876 777.824
800 479.874 661.306
801 79.0317 509.437
802 564.184 703.539
803 876.135 475.27
804 831.914 903.382
805 1063.01 27.7186
806 408.966 782.494
807 430.156 674.879
808 951.699 601.139
809 741.482 841.233
810 804.158 13.9842
811 828.044 713.636
812 256.719 408.966
813 124.431 519.299
814 491.562 727.065
815 925.587 110.032
816 547.761 1048.15
817 980.552 961.763
818 124.473 647.241
819 351.024 527.446
820 259.389 610.456
821 12.7039 262.436
822 11.4335 560.976
823 642.3 1020.43
824 467.805 455.679
825 404.168 237.563
826 8.09039 443.945
827 437.818 430.462
828 216.773 132.024
829 214.252 764.374
830 973.594 409.668
831 302.52 367.277
832 377.379 582.207
833 175.113 1059.51
834 943.931 735.266
835 691.237 644.834
836 274.739 256.084
837 699.447 1068.6
838 446.268 573.013
839 610.791 535.714
840 584.046 951.801
841 1081.71 238.676
842 718.239 997.959
843 654.821 56.5324
844 611.192 1049.18
845 722.845 972.15
846 113.03 937.793
847 22.1316 28.6172
848 339.448 125.568
849 105.442 839.094
850 234.669 707.885
851 892.81 588.158
852 596.081 1002.74
853 712.857 1024.88
854 411.78 604.84
855 931.097 157.9
856 373.572 261.533
857 692.998 492.387
858 1081.68 69.5471
859 422.773 390.622
860 808.55 1010.09
861 310.354 453.707
862 827.655 1078.44
863 815.519 106.445
864 602.266 743.547
865 58.7389 423.742
866 284.166 469.754
867 1045.26 390.411
868 803.188 381.251
869 643.085 903.793
870 63.2781 63.9307
871 736.76 1061.69
872 140.779 940.792
873 361.226 472.763
874 183.772 1023.11
875 409.804 901.185
876 230.71 978.144
877 957.4 457.675
878 471.181 1022.1
879 599.198 205.512
880 153.157 740.27
881 191.629 191.304
882 233.642 392.293
883 120.921 878.051
884 686.145 153.655
885 333.277 817.697
886 810.008 676.293
887 887.439 436.991
888 1054.9 526.554
889 596.114 6.38539
890 737.161 543.794
891 715.431 525.244
892 760.033 817.463
893 710.777 254.523
894 543.661 880.615
895 77.0442 84.7819
896 21.6301 1041.2
897 676.517 417.455
898 947.378 97.2184
899 976.906 791.755
900 56.3318 1083.44
901 506.518 220.222
902 1064.49 775.082
903 826.456 264.409
904 879.211 812.893
905 229.367 328.54
906 891.455 183.448
907 7.72264 505.826
908 247.325 17.0933
909 504.312 467.748
910 229.573 1068.47
911 145.426 434.417
912 641.759 414.893
913 846.515 213.904
914 726.959 787.385
915 177.086 677.353
916 1069.9 659.009
917 109.621 651.142
918 566.978 134.127
919 726.396 331.873
920 378.986 408.073
921 815.348 154.353
922 317.798 853.97
923 486.292 142.652
924 496.355 18.1532
925 1038.69 357.013
926 486.058 287.042
927 1081.27 258.462
928 736.225 734.152
929 32.5287 790.126
930 1008.29 499.736
931 709.012 225.795
932 575.989 582.508
933 388.539 631.689
934 807.167 401.548
935 567.865 863.565
936 649.48 479.17
937 840.103 704.141
938 1.37069 51.2267
939 1001.49 428.222
940 460.277 978.011
941 437.349 869.984
942 137.197 220.69
943 278.613 18.1867
944 62.7506 963.558
945 839.401 598.02
946 1027.48 212.256
947 408.932 942.196
948 726.159 1028.45
949 569.862 243.748
950 147.425 117.521
951 363.967 522.308
952 148.091 894.69
953 48.0648 132.422
954 12.7708 917.223
955 536.702 1080.9
956 1054.63 109.02
957 405.906 868.417
958 306.066 344.648
959 299.578 82.7525
960 825.969 971.659
961 725.669 0.0668627
962 741.315 880.716
963 761.566 398.813
964 19.7914 167.29
965 502.105 381.088
966 892.951 313.195
967 726.454 1008.59
968 267.117 142.15
969 467.648 181.9
970 1009.99 762.835
971 1006.18 802.787
972 0.267451 120.229
973 296.904 1062.49
974 712.078 1092.51
975 867.844 1023.88
976 580.803 98.1309
977 560.41 511.366
978 668.35 936.489
979 213.961 158.508
980 182.234 329.767
981 338.125 802.162
982 377.173 601.407
983 780.485 502.774
984 958.209 870.419
985 1031.99 532.428
986 65.3467 646.84
987 3.47686 665.016
988 382.956 25.575
989 183.346 377.808
990 781.531 686.957
991 660.637 488.633
992 1074.47 303.991
993 126.638 418.393
994 463.994 776.911
995 168.575 337.489
996 995.385 203.965
997 825.754 449.117
998 658.397 663.148
999 486.894 438.786
1000 577.905 650.574
1001 1040.02 757.631
1002 714.322 52.0192
1003 824.35 236.627
1004 1027.99 917.232
1005 1.20353 340.766
1006 726.029 395.57
1007 90.2312 20.46
1008 931.498 208.745
1009 468.749 1085.25
1010 305.095 975.761
1011 266.973 455.87
1012 0.802352 1056.17
1013 147.209 780.154
1014 104.139 998.939
1015 0.50147 330.502
1016 827.365 817.273
1017 688.953 926.515
1018 851.21 1047.85
1019 567.464 833.922
1020 541.081 572.813
1021 833.076 495.329
1022 891.581 127.316
1023 1012.3 759.761
1024 217.637 0.334314
1025 351.196 613.465
1026 350.249 2.37363
1027 600.186 771.194
1028 361.889 665.05
1029 368.925 36.0056
1030 835.778 901.486
1031 449.827 173.017
1032 947.17 864.735
1033 1041.52 346.014
1034 217.098 361.503
1035 939.435 58.5383
1036 3.3097 972.184
1037 88.5262 78.3297
1038 517.45 963.468
1039 556.949 939.726
1040 776.565 851.941
1041 819.135 653.182
1042 617.143 480.041
1043 631.426 848.163
1044 306.499 1074.05
1045 1050.51 979.783
1046 586.386 333.755
1047 998.475 853.235
1048 734.453 460.126
1049 347.812 365.883
1050 1059.42 383.936
1051 848.153 1059.31
1052 1083.6 710.951
1053 914.648 526.682
1054 648.193 73.1243
1055 608.554 630.749
1056 1081.31 790.728
1057 1069.04 13.9508
1058 763.492 952.727
1059 599.023 1058.64
1060 909.858 235.323
1061 994.145 896.538
1062 1011.01 819.402
1063 240.319 1037.01
1064 570.782 319.37
1065 1036.8 410.37
1066 971.222 1083.94
1067 292.792 428.399
1068 658.33 810.286
1069 1039.35 80.0446
1070 1036.91 159.706
1071 20.6271 838.368
1072 756.578 638.205
1073 487.964 8.60176
1074 385.831 666.086
1075 547.496 730.619
1076 696.308 103.474
1077 1093.9 371.131
1078 151.043 531.468
1079 7.68921 886.399
1080 15.6124 158.435
1081 368.113 544.239
1082 466.902 671.469
1083 922.664 317.832
1084 279.99 873.231
1085 61.7246 470.59
1086 907.288 353.981
1087 508.741 749.832
1088 91.8421 69.2698
1089 728.625 436.322
1090 337.222 1043.2
1091 1036.51 427.63
1092 323.824 742.052
1093 363.733 408.832
1094 91.0336 729.372
1095 1084.64 580.239
1096 951.991 8
1097 727.359 162.653
1098 751.838 38.7135
1099 498.452 559.116
1100 468.032 954.097
1101 897.899 535.336
1102 376.774 707.946
1103 1086.33 1051.98
1104 427.753 421.235
1105 969.476 419.597
1106 1091.39 739.869
1107 766.906 316.762
1108 293.995 925.657
1109 49.6204 65.8598
1110 777.513 524.949
1111 1072.29 1062.88
1112 169.242 697.622
1113 742.837 688.151
1114 319.47 494.717
1115 945.472 129.546
1116 305.604 49.3546
1117 334.614 737.238
1118 1015.75 673.408
1119 813.224 578.931
1120 141.258 575.22
1121 552.239 868.189
1122 1080.09 729.472
1123 579.934 138.172
1124 169.062 601.931
1125 205.068 627.684
1126 888.739 708.348
1127 934.216 740.17
1128 285.775 577.059
1129 889.786 338.001
1130 1006.21 284.066
1131 116.501 56.8766
1132 314.977 223.689
1133 2.03931 631.194
1134 1086.96 871.231
1135 493.638 701.227
1136 201.591 649.943
1137 948.782 96.7937
1138 1076.28 613.81
1139 451.089 599.629
1140 305.797 682.544
1141 850.651 986.292
1142 781.1 32.8395
1143 261.005 0.902647
1144 982.247 178.223
1145 553.966 901.276
1146 891.046 899.504
1147 393.621 834.924
1148 18.2201 366.441
1149 289.492 532.331
1150 123.094 501.905
1151 526.737 312.727
1152 664.374 982.323
1153 1013.69 158.398
1154 18.8553 584.012
1155 645.426 429.66
1156 358.941 11.1661
1157 524.136 113.71
1158 72.7235 790.986
1159 902.256 535.079
1160 1091.88 1012.55
1161 485.032 828.629
1162 271.253 727.734
1163 946.55 662.285
1164 454.098 54.5306
1165 334.837 59.5412
1166 904.418 258.123
1167 990.471 1050.09
1168 765.724 666.621
1169 835.884 136.677
1170 917.249 935.209
1171 584.815 311.614
1172 793.894 911.807
1173 675.87 349.391
1174 504.452 129.714
1175 542.53 437.091
1176 860.063 845.489
1177 581.152 264.81
1178 698.653 723.063
1179 568.266 681.675
1180 927.687 670.165
1181 583.043 383.29
1182 177.849 620.028
1183 1029.81 799.822
1184 983.183 626.002
1185 299.043 602.433
1186 852.8 1044.37
1187 991.273 640.545
1188 1095.13 908.239
1189 1048.03 458.411
1190 919.696 333.989
1191 49.1012 676.316
1192 1088.97 1090.64
1193 239.903 1082.14
1194 384.728 408.14
1195 229.105 710.048
1196 20.1257 1024.41
1197 772.308 305.395
1198 540.852 239.078
1199 268.119 268.621
1200 649.922 217.438
1201 528.048 98.3216
1202 893.486 886.308
1203 469.677 509.403
1204 901.777 965.665
1205 853.912 506.518
1206 842.771 213.961
1207 940.424 691.093
1208 787.542 31.5022
1209 38.6863 1080.77
1210 968.74 269.667
1211 166.488 396.83
1212 208.846 834.323
1213 1047.13 861.459
1214 663.103 18.521
1215 617.153 906
1216 515.01 1025.75
1217 1081.83 566.538
1218 847.752 764.04
1219 476.993 724.768
1220 755.983 628.409
1221 783.606 171.703
1222 907.394 1008.52
1223 463.496 776.921
1224 334.257 28.3597
1225 614.38 262.112
1226 51.9858 735.122
1227 124.966 920.709
1228 268.159 350.905
1229 994.482 327.804
1230 195.874 493.681
1231 108.607 927.061
1232 1094.77 443.611
1233 524.772 457.919
1234 725.694 448.786
1235 415.674 123.372
1236 580.98 490.939
1237 553.431 352.644
1238 745.909 586.463
1239 620.528 704.031
1240 68.0662 1004.76
1241 102.133 233.15
1242 349.901 992.085
1243 483.223 259.136
1244 172.339 931.307
1245 295.232 549.444
1246 773.741 911.75
1247 167.332 1066.84
1248 124.532 978.569
1249 909.968 1059.47
1250 60.4856 963.525
1251 114.369 299.521
1252 208.986 541.029
1253 366.329 19.3902
1254 407.519 492.344
1255 352.624 779.92
1256 883.323 1069.47
1257 799.21 195.908
1258 497.726 1071.94
1259 386.125 779.295
1260 767.425 763.983
1261 553.984 982.113
1262 1051.98 988.241
1263 103.37 130.024
1264 87.423 717.236
1265 477.533 190.659
1266 836.787 544.239
1267 11.6675 392.628
1268 293.671 124.909
1269 743.981 611.526
1270 400.374 809.473
1271 455.937 939.622
1272 400.984 396.94
1273 1089.92 667.801
1274 882.226 392.384
1275 476.401 625.701
1276 1061.71 248.338
1277 962.151 420.466
1278 650.549 196.476
1279 64.1828 606.287
1280 48 318.467
1281 83.3109 203.062
1282 1092.42 825.931
1283 1018.19 93.4781
1284 562.081 792.156
1285 58.6291 284.21
1286 949.388 907.303
1287 551.207 128.286
1288 954.456 634.102
1289 747.331 1071.74
1290 1051.52 968.784
1291 729.606 376.246
1292 668.415 327.627
1293 313.753 1074.95
1294 710.517 731.679
1295 539.415 683.404
1296 836.252 807.778
1297 584.774 1062.82
1298 879.111 220.781
1299 595.479 853.135
1300 730.575 838.602
1301 954.908 810.352
1302 153.405 140.956
1303 756.025 492.678
1304 475.093 920.265
1305 809.674 975.159
1306 201.468 898.401
1307 675.837 1020.79
1308 688.619 991.851
1309 296.774 811.914
1310 369.627 632.397
1311 837.836 105.553
1312 856.177 373.328
1313 465.705 744.927
1314 1031.02 681.097
1315 338.534 590.107
1316 699.477 51.093
1317 734.554 12.3126
1318 271.529 179.77
1319 835.658 1061.21
1320 869.65 495.563
1321 58.0806 779.161
1322 59.9424 869.516
1323 312.951 747.157
1324 304.247 725.13
1325 128.251 406.468
1326 65.6121 456.214
1327 53.2623 1007.15
1328 897.866 291.822
1329 311.012 514.977
1330 200.864 298.819
1331 1060.31 678.499
1332 269.29 854.873
1333 415.619 604.506
1334 404.921 1030.83
1335 596.917 302.253
1336 806.335 57.9799
1337 519.962 829.064
1338 193.123 654.318
1339 272.373 609.731
1340 118.81 1050.86
1341 1039.48 921.946
1342 466.2 785.771
1343 411.02 891.992
1344 410.83 901.209
1345 985.702 921.702
1346 189.121 271.272
1347 723.856 970.255
1348 229.058 249.632
1349 683.638 257.722
1350 415.184 284.644
1351 872.344 698.348
1352 811.78 306.776
1353 946.953 1032.27
1354 4.31264 426.551
1355 673.387 1019.67
1356 201.674 717.213
1357 201.595 27.5239
1358 239.792 81.2481
1359 1057.52 295.71
1360 703.056 544.874
1361 540.043 27.2131
1362 455.435 581.204
1363 269.996 204.399
1364 172.394 38.9909
1365 1047.07 505.325
1366 513.946 878.843
1367 394.289 918.994
1368 847.585 759.336
1369 698.721 285.781
1370 471.783 540.261
1371 688.485 184.006
1372 127.641 940.367
1373 796.168 998.929
1374 859.353 17.3273
1375 1095.22 708.788
1376 1036.5 819.078
1377 177.46 822.378
1378 408.498 244.193
1379 816.026 401.678
1380 369.617 858.326
1381 49.7384 754.89
1382 402.079 181.241
1383 971.849 340.197
1384 340.799 849.233
1385 183.324 169.965
1386 56.5093 706.648
1387 901.817 514.92
1388 240.338 362.506
1389 497.046 181.064
1390 290.084 109.765
1391 624 781.702
1392 542.992 1082.34
1393 243.614 200.264
1394 150.508 960.86
1395 970.846 226.334
1396 127.975 1068.47
1397 514.094 412.653
1398 71.215 0.367745
1399 465.832 159.444
1400 629.89 1001.21
1401 41.1111 906.267
1402 126.805 642.417
1403 895.258 625.845
1404 1053.62 192.173
1405 1047.97 727.576
1406 332.969 1014.67
1407 773.712 294.741
1408 576.39 695.807
1409 429.493 1061.52
1410 567.597 527.657
1411 75.8223 1059.74
1412 51.1582 957.384
1413 693.02 790.083
1414 434.14 676.794
1415 648.969 682.234
1416 592.095 426.149
1417 306.632 431.498
1418 283.866 207.007
1419 990.666 207.919
1420 655.355 818.343
1421 1094.63 598.866
1422 805.562 1092.68
1423 399.137 802.864
1424 306.833 877.473
1425 955.234 384.036
1426 480.475 494.353
1427 515.578 818.51
1428 302.983 99.067
1429 483.774 550.357
1430 735.226 405.164
1431 529.987 742.587
1432 682.942 426.059
1433 320.904 916.792
1434 222.084 493.614
1435 35.292 992.62
1436 856.004 606.411
1437 414.983 223.89
1438 739.736 743.513
1439 965.303 789.725
1440 101.431 242.043
1441 901.648 35.3803
1442 832.608 1075.85
1443 499.832 628.553
1444 1053.51 185.21
1445 319.871 314.823
1446 868.802 192.474
1447 157.562 145.336
1448 258.19 235.634
1449 914.515 394.199
1450 839.261 665.15
1451 501.37 868.088
1452 505.148 171.837
1453 711.728 332.217
1454 892.584 111.092
1455 434.908 370.018
1456 1075.01 169.54
1457 419.53 83.9796
1458 780.99 544.506
1459 473.477 569.179
1460 210.751 844.242
1461 656.431 950.463
1462 290.031 638.315
1463 698.938 473.465
1464 232.114 667.022
1465 724.88 616.307
1466 592.982 1062.02
1467 277.012 565.702
1468 199.544 561.312
1469 281.459 398.034
1470 408.537 259.294
1471 539.809 910.035
1472 92.727 592.404
1473 865.036 847.094
1474 103.813 168.404
1475 104.874 588.526
1476 45.6338 977.432
1477 878.308 26.3538
1478 842.097 203.965
1479 786.707 755.191
1480 811.981 330.603
1481 435.042 466.835
1482 602.239 298.151
1483 1083.3 931.331
1484 675.748 578.463
1485 287.576 830.936
1486 769.665 785.948
1487 748.231 601.029
1488 111.026 850.728
1489 376.548 602.109
1490 317.13 236.092
1491 773.535 382.622
1492 147.59 1094.42
1493 272.773 81.0475
1494 472.877 446.92
1495 487.321 82.6522
1496 647.522 501.637
1497 149.806 284.176
