1 260.842 105.474
2 926.091 184.472
3 1003.48 1024.78
4 674.936 208.255
5 995.782 579.82
6 861.89 1206.87
7 56.3811 677.679
8 1137.41 119.395
9 732.709 1316.25
10 581.726 748.898
11 774.554 652.825
12 1266.75 556.088
13 445.316 1289.08
14 1216.27 1174.34
15 419.644 391.653
16 663.43 828.683
17 924.342 543.461
18 570.239 650.384
19 551.732 892.516
20 888.744 793.527
21 671.742 869.464
22 863.358 1119.53
23 1093.19 450.573
24 77.1811 971.392
25 435.236 781.924
26 173.442 729.08
27 1235.16 986.935
28 305.776 992.888
29 1262.37 180.167
30 606.598 415.238
31 628.217 50.1165
32 1200.79 1290.72
33 1118.9 845.225
34 458.296 154.608
35 933.625 129.959
36 799.858 980.564
37 413.666 998.129
38 801.742 1306.08
39 910.259 1095.6
40 347.704 1082.99
41 984.642 1067.41
42 246.365 1225.7
43 1291.16 1225.19
44 339.228 1240.96
45 1268.94 307.389
46 124.35 236.17
47 579.408 1194.65
48 633.943 921.726
49 273.185 1276.7
50 331.044 780.491
51 722.074 563.663
52 1283.28 1253.45
53 69.5738 989.31
54 332.391 1176.71
55 847.518 922.201
56 244.831 241.55
57 341.03 769.738
58 672.233 185.865
59 941.365 1107.03
60 369.23 1097.08
61 767.43 1168.16
62 1111.74 250.91
63 1125.9 664.535
64 358.056 917.452
65 717.19 870.406
66 1069.51 1294.88
67 1242.42 63.7512
68 434.642 600.841
69 204.762 23.3795
70 869.956 178.602
71 673.453 1239.77
72 253.011 1113.91
73 1215.81 1253.45
74 873.025 17.074
75 1034.85 912.431
76 619.134 667.855
77 25.1811 1153.54
78 216.517 1310.6
79 692.78 945.801
80 264.926 950.003
81 550.668 1043.4
82 976.414 682.356
83 70.0976 431.968
84 629.732 291.298
85 1171.7 1127.68
86 50.8535 743.272
87 896.816 151.061
88 940.668 409.694
89 1229.75 811.2
90 139.872 558.652
91 1281.88 995.332
92 799.408 687.71
93 1042.88 103.591
94 982.459 489.291
95 196.005 1128.73
96 1226.95 571.647
97 1044.26 1313.51
98 1330.63 767.307
99 1012.86 1243.86
100 640.091 438.356
101 700.485 617.817
102 91.1433 466.813
103 1271.56 1246.13
104 1072.63 500.961
105 1113.45 862.299
106 325.02 330.835
107 294.459 703.515
108 733.65 598.45
109 1031.71 887.291
110 1121.28 723.742
111 1153.17 764.564
112 270.031 1026.67
113 1109.2 773.653
114 799.572 232.085
115 530.668 279.817
116 189.329 386.945
117 636.087 1232.36
118 371.139 20.8409
119 659.471 566.472
120 563.743 1149.05
121 618.906 1315.29
122 387.216 189.083
123 1291.7 2.74331
124 1280.43 392.457
125 860.826 32.5102
126 398.54 145.814
127 560.405 759.83
128 124.964 638.428
129 841.458 163.017
130 697.455 771.083
131 1203.39 295.909
132 1183.96 545.099
133 708.101 1022.27
134 681.938 128.624
135 635.715 630.976
136 682.821 1333.41
137 640.091 97.1779
138 579.739 84.2236
139 272.746 1190.76
140 352.863 1233.4
141 697.387 585.487
142 941.814 262.539
143 1087.13 172.598
144 547.752 1001.84
145 101.502 118.265
146 360.604 622.009
147 386.246 474.715
148 1030.23 312.016
149 1274.37 305.94
150 1174.57 1176.44
151 893.215 1039.39
152 294.148 579.59
153 1006.92 207.304
154 678.661 488.39
155 263.537 175.858
156 988.286 1225.48
157 275.15 1254.53
158 148.139 559.323
159 352.863 1120.58
160 1050.36 293.984
161 704.948 115.153
162 554.667 211.408
163 257.707 593.864
164 580.025 1017.73
165 689.452 312.205
166 240.461 20.9386
167 841.922 864.715
168 419.972 666.75
169 510.779 1322.85
170 1272.06 402.791
171 576.422 330.482
172 664.658 1057.66
173 481.423 452.4
174 595.689 795.354
175 1062.45 15.9433
176 810.113 319.046
177 854.479 1325.31
178 472.157 1034.39
179 237.412 609.956
180 958.315 206.69
181 696.955 1181.05
182 967.2 151.619
183 292.387 99.6598
184 748.986 388.526
185 218.483 720.516
186 594.912 974.529
187 238.831 1059.42
188 1140.31 423.754
189 277.107 143.962
190 874.512 443.515
191 142.408 360.74
192 796.337 263.521
193 673.221 80.5071
194 45.2441 311.156
195 292.428 1205.92
196 989.376 1130.75
197 369.159 72.1953
198 292.671 758.586
199 500.963 627.25
200 213.241 402.75
201 294.025 1161.57
202 1262.92 872.781
203 818.974 337.565
204 1143.39 929.137
205 666.419 1312.18
206 1087.76 868.784
207 1100.46 1005.32
208 365.515 105.146
209 323.726 1260.04
210 869.628 538.072
211 694.633 349.178
212 533.553 955.162
213 806.923 1164.9
214 265.896 1040
215 740.5 512.835
216 464.903 1067.64
217 602.831 860.923
218 948.038 822.091
219 762.242 168.995
220 873.109 76.9858
221 736.58 958.765
222 691.295 1211.12
223 998.258 839.37
224 340.62 1034.51
225 143.687 74.7401
226 401.628 987.279
227 127.046 367.071
228 1101.21 202.079
229 125.367 843.071
230 923.421 908.444
231 1279.87 1219.09
232 995.013 219.096
233 290.72 464.781
234 444.864 892.721
235 893.335 717.698
236 1217.21 1207.83
237 424.803 1230.74
238 241.907 1134.02
239 1029.26 466.772
240 33.7386 280.595
241 469.889 266.239
242 1015.19 814.107
243 1023.46 382.768
244 788.844 918.901
245 486.058 95.1968
246 400.646 832.126
247 1307.84 637.471
248 26.2457 351.691
249 589.279 435.981
250 788.23 125.294
251 406.289 1303.25
252 655.011 688.62
253 447.487 480.488
254 598.901 1176.35
255 546.778 41.5591
256 82.3401 33.6157
257 515.824 1095.23
258 1073.78 223.82
259 5.93701 1123.3
260 1039.99 428.381
261 1071.49 703.326
262 1019.94 19.6126
263 713.546 540.693
264 1028 56.2992
265 725.525 787.288
266 716.509 905.512
267 406.38 999.383
268 1183.82 551.789
269 185.726 349.071
270 869.096 883.77
271 216.006 795.641
272 1051.3 1095.4
273 850.22 863.323
274 695.776 913.972
275 250.4 1256.7
276 374.859 1134.46
277 416.205 232.444
278 208.287 1101.99
279 1165.66 181.033
280 917.966 348.047
281 1209.86 1135.21
282 1090.77 392.334
283 692.337 1248.41
284 1129.95 629.487
285 983.701 974.743
286 25.7953 321.965
287 750.561 704.513
288 348.154 426.901
289 977.886 1070.91
290 1340.87 1104.18
291 951.641 441.468
292 693.688 469.31
293 929.953 37.5622
294 288.829 826.759
295 108.995 805.058
296 1286.75 813.795
297 973.096 440.542
298 390.45 1083.28
299 941.018 448.838
300 1335.27 422.469
301 865.833 496.104
302 1262.15 894.85
303 654.07 475.093
304 213.09 1289.15
305 324.283 645.578
306 163.78 761.25
307 1057.93 983.389
308 913.997 1242.57
309 1151.12 1096.26
310 1160.25 852.816
311 1163.65 102.28
312 1195.14 374.006
313 514.677 566.4
314 503.83 812.157
315 1228.8 600.841
316 1156.53 219.424
317 513.653 1157.39
318 484.228 126.724
319 977.231 603.461
320 1263.02 924.674
321 128.518 387.109
322 522.252 579.902
323 1109.65 18.7528
324 822.994 46.8819
325 970.926 361.83
326 875.893 7.53386
327 213.201 305.219
328 58.674 607.131
329 1083.28 1263.44
330 31.4866 1320.51
331 743.246 528.942
332 429.716 311.509
333 733.568 1177.12
334 106.685 84.6898
335 720.302 293.468
336 745.342 991.275
337 946.402 759.093
338 51.1213 1251.29
339 1183.47 355.934
340 338.503 291.118
341 228.597 59.4929
342 910.573 633.376
343 817.505 569.518
344 1239.84 393.931
345 1179.95 691.846
346 1307.68 1152.88
347 775.332 401.178
348 595.536 1271.71
349 974.857 510.542
350 464.274 13.7323
351 399.622 40.085
352 292.104 932.028
353 706.528 888.964
354 513.81 344.183
355 182.041 1062.68
356 1068.83 930.145
357 842.727 239.502
358 736.611 1324.61
359 874.05 1302.54
360 363.727 1214.34
361 1055.89 1033.67
362 108.321 1221.39
363 314.948 971.99
364 90.4472 758.954
365 244.809 191.213
366 273.512 681.978
367 1118.33 598.45
368 1243.99 411.087
369 510.699 1245.52
370 10.1953 763.008
371 218.085 1260
372 1184.62 658.983
373 314.539 177.046
374 1197.27 1029.66
375 42.8693 637.594
376 1317.84 226.92
377 215.764 792.053
378 1329.46 239.052
379 295.483 698.494
380 527.042 131.735
381 974.201 556.211
382 677.476 1329.45
383 952.296 138.926
384 435.367 417.597
385 203.332 85.452
386 591.051 565.572
387 916.019 439.6
388 205.364 429.2
389 774.487 1224.76
390 112.591 699.543
391 526.183 429.405
392 66.1669 1144.91
393 727.388 609.48
394 950.535 658.819
395 791.628 517.216
396 38.3653 1312.16
397 483.968 862.422
398 667.64 182.409
399 585.279 351.282
400 43.852 114.441
401 960.035 860.825
402 443.478 1249.68
403 716.282 1312.2
404 940.504 794.135
405 129.55 152.658
406 1305.67 275.191
407 35.0488 619.619
408 489.291 878.309
409 697.168 678.35
410 172.542 857.033
411 781.108 227.383
412 193.915 548.661
413 1216.6 955.49
414 487.725 17.3197
415 662.798 1199.29
416 693.619 67.2063
417 318.305 321.417
418 245.953 890.346
419 151.62 446.929
420 459.238 1139.34
421 982.513 322.17
422 1144.04 160.069
423 697.694 746.753
424 349.055 948.709
425 544.035 268.435
426 1159.71 68.6331
427 406.154 346.476
428 1047.71 173.616
429 1057.27 769.534
430 1264.13 877.587
431 125.314 588.337
432 494.737 116.872
433 575.849 1040.59
434 62.0546 485.852
435 294.025 1060.31
436 478.609 284.705
437 884.532 96.3527
438 416.36 737.827
439 509.755 1107.62
440 6.59213 1048.48
441 249.395 580.271
442 1280.31 45.6283
443 139.581 875.253
444 1207.18 717.575
445 1103.38 348.579
446 17.2787 503.008
447 23.5842 252.646
448 35.8268 388.076
449 617.657 1222.02
450 1312.16 387.379
451 174.466 533.061
452 291.118 409.424
453 911.924 1134.75
454 925.779 630.561
455 457.376 634.211
456 894.072 578.92
457 1199.11 1194.05
458 874.904 473.625
459 44.3024 14.9858
460 992.627 188.551
461 269.131 110.387
462 155.481 61.1055
463 332.35 455.594
464 739.714 857.893
465 909.685 722.759
466 31.9779 517.994
467 732.381 644.57
468 159.726 1171.76
469 999.219 921.71
470 613.272 987.524
471 615.893 400
472 656.748 925.846
473 963.927 1009.78
474 341.123 153.764
475 1164.43 261.146
476 720.079 693.663
477 908.334 560.633
478 513.653 409.71
479 1275.33 1129.05
480 270.709 984.929
481 654.74 171.027
482 878.861 201.704
483 1077.82 1039.59
484 701.674 1109.97
485 430.822 1027.36
486 1214.38 342.217
487 700.743 1032.02
488 893.95 1188.22
489 1172.01 1156.28
490 1176.88 1013.14
491 103.14 1045.4
492 227.892 218.784
493 596.076 800.104
494 1117.88 940.79
495 556.441 496.964
496 316.627 872.249
497 1055.71 669.613
498 616.957 386.208
499 705.881 1164
500 1014.65 608.277
501 1114.84 571.672
502 1179.29 1173.7
503 734.021 805.197
504 735.698 207.263
505 1086.54 489.143
506 1206.11 619.833
507 466.415 586.208
508 498.33 256.775
509 120.676 241.698
510 810.094 1280.61
511 1205.21 442.328
512 98.3496 1090.87
513 976.085 1269.72
514 228.8 1008.61
515 1091.38 434.359
516 1198.75 1115.19
517 472.677 1338.25
518 243.825 569.502
519 274.098 1081.21
520 316.24 1323.46
521 858.864 898.224
522 461.206 676.179
523 149.959 1013.51
524 50.8966 10.2929
525 263.562 720.384
526 533.137 1085.26
527 1295.86 720.646
528 350.406 1059.3
529 834.838 1220.24
530 1044.07 343.487
531 98.9228 890.731
532 703.187 1286.65
533 917.37 991.562
534 274.273 368.094
535 184.743 1050.93
536 340.08 238.627
537 775.168 450.614
538 283.296 1235.23
539 862.137 93.6567
540 477.581 608.62
541 244.482 1176.32
542 212.844 121.54
543 145.477 267.058
544 460.302 188.069
545 712.768 76.5008
546 271.915 826.236
547 999.464 996.573
548 400.628 1313.47
549 1058.54 626.513
550 1253 491.805
551 929.348 276.23
552 1001.35 457.739
553 702.409 203.553
554 157.469 457.616
555 922.214 1267.65
556 439.944 855.641
557 949.534 1087.63
558 254.596 1032.1
559 1065.84 595.968
560 158.375 619.291
561 1140.88 111.994
562 701.346 37.6378
563 33.2063 851.326
564 110.34 72.1134
565 1308.39 1260.94
566 1242.61 1307.75
567 702.901 730.784
568 924.085 1169.32
569 249.846 741.446
570 127.087 1164.88
571 794.578 679.726
572 689.266 1235.59
573 775.987 173.975
574 1277.67 750.945
575 688.46 1127.51
576 805.672 534.413
577 481.594 567.373
578 702.246 592.283
579 314.334 387.846
580 929.653 860.498
581 742.413 1259.14
582 282.069 835.357
583 1245.09 472.954
584 999.26 263.685
585 116.797 1110.96
586 474.305 1023.34
587 1092.51 1237.35
588 1174.47 437.628
589 785.241 554.608
590 157.269 580.762
591 636.611 889.077
592 742.811 574.916
593 442.819 1156
594 929.657 340.022
595 555.286 840.803
596 1235.55 1320.73
597 754.39 58.3874
598 670.227 339.842
599 1185.34 1243.88
600 895.546 948.504
601 1233.63 1115.13
602 1117.49 308.602
603 1293.26 664.29
604 197.675 1281.34
605 1087.82 282.372
606 353.07 440.746
607 423.608 506.258
608 856.362 802.765
609 991.603 945.949
610 1002.85 1095.4
611 66.6194 676.384
612 472.755 604.019
613 461.542 511.213
614 44.3433 220.088
615 224.513 306.391
616 382.467 820.305
617 916.469 702.302
618 1181.65 136.935
619 116.202 1197.98
620 735.165 460.753
621 153.093 231.231
622 430.945 563.446
623 517.077 920.932
624 1078.12 658
625 22.1102 479.685
626 281.263 311.836
627 568.737 938.661
628 772.287 431.779
629 414.907 1281.26
630 342.004 356.998
631 282.397 861.94
632 665.735 689.102
633 1156.75 1144.86
634 526.838 224.885
635 250.869 1141.4
636 728.739 457.764
637 1187.45 87.1464
638 505.119 400.539
639 444.407 1190.16
640 462.513 900.787
641 884.606 972.768
642 1297.5 698.617
643 183.661 367.194
644 859.556 950.126
645 151.02 316.872
646 397.575 1202.1
647 949.798 810.135
648 770.442 626.17
649 362.753 63.0961
650 380.483 1021.9
651 1021.53 1129.44
652 73.3407 728.214
653 1192.25 643.546
654 1046.13 340.431
655 432.953 781.817
656 694.753 774.759
657 613.272 232.813
658 435.326 747.817
659 1105.99 1140.56
660 632.476 593.619
661 487.796 323.669
662 336.239 622.894
663 137.73 96.8094
664 603.826 992.463
665 754.611 92.9039
666 1178.98 1296.99
667 675.636 26.1795
668 604.021 1079.43
669 2.78425 1028.43
670 483.436 1299.77
671 128.157 863.543
672 13.7575 1061.95
673 206.485 280.636
674 1181.91 329.279
675 113.786 345.263
676 526.265 384.734
677 249.561 49.9528
678 876.343 240.772
679 85.557 425.474
680 803.625 299.691
681 1203.16 295.802
682 863.161 622.255
683 1074.39 1328.37
684 494.238 141.424
685 289.03 48.1512
686 1142.56 691.282
687 817.464 1123.24
688 724.438 1271.95
689 469.802 430.699
690 768.458 1136.26
691 1038.65 1120.35
692 1078.04 518.239
693 899.15 833.556
694 687.641 1084.65
695 907.953 191.581
696 741.64 1100.48
697 1340.43 1083.13
698 848.309 612.264
699 521.842 1039.72
700 1327.32 28.3748
701 667.279 815.868
702 1250.25 940.683
703 454.242 533.266
704 231.339 225.499
705 837.499 1014.67
706 235.813 503.417
707 965.851 1287.43
708 403.43 81.3165
709 1260.58 388.337
710 1004.95 1153.01
711 1243.96 586.633
712 1087.09 804.132
713 817.342 429.061
714 583.096 768.094
715 762.826 421.093
716 1120.87 621.257
717 304.674 327.15
718 647.332 561.165
719 695.778 1274.38
720 692.389 1288.29
721 121.844 138.394
722 917.792 360.891
723 983.485 65.8079
724 838.756 574.047
725 118.22 649.345
726 393.15 120.624
727 122.63 772.835
728 744.689 261.392
729 362.948 290.397
730 524.013 3.43937
731 619.293 1129.18
732 800.844 81.1118
733 533.676 550.642
734 1060.6 611.635
735 416.71 38.422
736 293.042 474.813
737 222.005 159.439
738 970.271 526.879
739 1110.44 142.135
740 866.844 327.487
741 717.068 1034.88
742 771.033 839.698
743 527.002 703.679
744 239.243 1176.65
745 426.05 485.606
746 14.4535 779.77
747 145.644 135.858
748 719.852 705.931
749 1207.51 700.731
750 143.115 1291.77
751 799.85 707.732
752 167.546 413.011
753 1254.8 150.8
754 1193.04 1051.52
755 72.4315 898.945
756 540.793 800.406
757 365.118 400.211
758 1003.03 47.7039
759 642.466 221.609
760 1292.33 906.765
761 112.803 831.156
762 1310.23 363.074
763 538.835 226.057
764 44.3433 1133.21
765 1278.08 707.339
766 380.897 271.342
767 876.343 391.597
768 606.048 51.9181
769 139.638 515.26
770 805.795 1293.42
771 1341.46 994.718
772 916.256 774.038
773 26 888.97
774 745.731 46.759
775 1264.47 947.383
776 973.477 959.953
777 1341.54 1209.36
778 977.6 128.828
779 171.641 1320.73
780 65.6262 224.337
781 2.04724 131.515
782 1253.64 894.088
783 1276.99 339.392
784 1264.91 1119.97
785 80.7559 569.011
786 622.501 113.499
787 988.423 278.016
788 884.696 1080.88
789 1065.75 869.628
790 1135.61 217.965
791 324.816 1261.55
792 656.387 360.233
793 199.606 912.636
794 67.0425 795.527
795 1270.62 1104.49
796 1332.73 516.683
797 1119.11 1214.28
798 716.745 232.419
799 1050.42 898.51
800 1084.38 1099.7
801 1311.07 1302.09
802 915.96 370.183
803 55.032 1082.88
804 128.157 965.496
805 508.702 1278.79
806 111.976 526.183
807 381.606 1303.97
808 400.69 685.745
809 116.202 613.436
810 599.187 823.811
811 178.297 98.5953
812 407.426 206.05
813 1255.82 268.082
814 621.504 1068.8
815 344.428 243.008
816 1140.6 841.093
817 610.57 132.252
818 1255.41 1056.42
819 382.501 526.444
820 287.805 808.186
821 1076.2 758.504
822 789.655 939.644
823 736.885 1124.88
824 897.389 379.109
825 591.121 721.669
826 345.165 8.3685
827 1289.27 27.2031
828 0.122835 1171.19
829 1042.05 1260.17
830 179.38 607.638
831 778.232 30.9543
832 1099.38 812.239
833 1125.8 87.1874
834 1111.32 675.688
835 345.844 642.564
836 250.583 902.4
837 1222.94 201.424
838 120.501 919.222
839 331.328 676.998
840 746.466 1290.88
841 551.651 887.849
842 1142.4 457.411
843 28.9186 979.647
844 584.081 257.912
845 353.448 757.046
846 1224.17 525.052
847 335.994 1010.93
848 140.545 193.685
849 634.627 1291.11
850 1307.11 1165.86
851 918.763 168.176
852 106.252 1068.91
853 1240.22 72.8819
854 1235.34 23.1339
855 1004.76 962.466
856 780.213 1294.76
857 1105.39 709.329
858 308.368 413.748
859 500.019 464.576
860 372.189 1103.36
861 743.04 1200.31
862 1250 553.82
863 1059.33 470.457
864 301.395 659.581
865 434.627 533.225
866 806.555 809.414
867 509.887 1222.61
868 853.429 717.723
869 995.474 75.748
870 1286.65 565.449
871 1123.49 182.261
872 401.897 172.469
873 202.629 657.386
874 200.024 1226.23
875 1091.96 242.438
876 692.05 1144.82
877 114.279 488.816
878 261.515 221.269
879 296.28 39.2252
880 83.0173 95.5244
881 502.312 693.197
882 988.627 485.008
883 512.308 931.332
884 864.092 746.384
885 104.493 797.115
886 721.162 306.611
887 555.901 153.231
888 849.447 133.808
889 261.802 281.373
890 199.599 502.516
891 26.9827 191.09
892 1239.07 313.065
893 930.39 1021.25
894 381.402 1290.93
895 712.236 1069.64
896 933.269 1210.74
897 626.612 622.255
898 1328.21 486.057
899 1204.27 644.652
900 651.138 368.274
901 1203.7 670.523
902 617.983 1258.58
903 447.167 461.408
904 199.197 491.313
905 1004.71 756.554
906 956.964 740.258
907 374.36 748.195
908 1277.15 328.258
909 938.684 513.203
910 621.953 478.809
911 1023.28 259.928
912 930.923 108.888
913 1030.47 540.063
914 491.29 1148.11
915 956.186 501.002
916 703.269 5.2
917 628.545 158.923
918 423.902 723.209
919 1174.1 996.353
920 848.862 1003.12
921 294.025 76.1984
922 1181.74 1061.09
923 1174.83 442.384
924 664.701 783.316
925 1179.59 26.7937
926 1088.9 1168.77
927 177.865 257.994
928 912.264 896.258
929 596.597 446.053
930 582.85 306.841
931 602.586 1052.32
932 701.1 547.449
933 296.072 1081.37
934 106.006 1210.06
935 840.815 1320.94
936 365.652 307.471
937 817.099 1052.9
938 923.032 907.6
939 129.665 548.841
940 1091.84 1075.47
941 580.038 599.694
942 1006.03 766.775
943 864.224 262.472
944 1093.45 90.7748
945 1264.62 447.609
946 284.579 654.709
947 436.923 274.674
948 1195.3 150.529
949 954.019 317.011
950 664.413 934.501
951 1306.86 590.236
952 1158.45 502.312
953 934.198 1229.82
954 1092.82 588.762
955 372.353 306.891
956 1032.98 185.619
957 1281.67 499.036
958 593.619 531.597
959 512.499 1039.22
960 852.35 1033.51
961 206.27 1049.59
962 51.7585 561.323
963 1337.96 843.112
964 1179.73 904.431
965 776.561 672.945
966 214.021 777.068
967 518.969 708.469
968 1172.74 1090.25
969 1317.13 1028.26
970 120.042 720.057
971 968.264 389.877
972 197.395 663.184
973 5.44567 166.989
974 502.211 1057.58
975 1247.25 102.362
976 255.005 571.354
977 388.364 954.179
978 660.605 699.994
979 842.072 361.011
980 248.863 508.592
981 152.951 704.964
982 1003.76 402.898
983 327.214 547.361
984 649.226 965.89
985 827.496 101.748
986 436.596 374.948
987 1301.43 371.616
988 804.14 337.672
989 935.795 1272.48
990 301.671 159.931
991 443.202 1200.81
992 903.08 245.178
993 147.688 927.033
994 770.869 394.315
995 1061.36 281.962
996 824.471 373.146
997 1326.03 826.431
998 1249.72 863.093
999 985.257 1210.99
1000 444.316 428.979
1001 1178.45 800.435
1002 292.031 743.968
1003 575.89 217.105
1004 200.601 745.622
1005 900.207 1232.46
1006 134.013 839.55
1007 170.249 525.379
1008 943.206 399.909
1009 374.195 85.1401
1010 846.384 730.948
1011 194.247 277.82
1012 1118.86 344.649
1013 374.154 562.674
1014 1045.77 358.079
1015 1175.4 1328.09
1016 614.46 1051.81
1017 664.781 975.594
1018 584.953 302.271
1019 392.866 634.129
1020 1026.12 825.449
1021 1327.78 824.523
1022 396.101 582.743
1023 529.745 243.458
1024 103.55 490.479
1025 541.324 611.266
1026 496.416 1181.97
1027 696.976 48.4126
1028 1222.66 21.6756
1029 189.083 1338.46
1030 813.526 146.885
1031 68.0913 1301.06
1032 895.932 1243.99
1033 51.6315 876.727
1034 89.9968 1153.43
1035 1153.99 41.3291
1036 544.526 808.375
1037 997.049 283.134
1038 819.3 4.50394
1039 566.209 1139.22
1040 114.115 1238.31
1041 585.348 704.743
1042 101.527 1102.7
1043 429.176 13.8142
1044 206.743 48.9291
1045 683.924 670.145
1046 111.124 202.841
1047 1280.22 532.857
1048 579.504 1330.89
1049 165.499 629.978
1050 618.759 423.509
1051 203.701 648.494
1052 1275.72 94.2709
1053 1264.42 252.031
1054 818.664 1151.1
1055 1323.74 292.526
1056 345.083 844.201
1057 11.4236 894.973
1058 505.54 962.712
1059 353.849 94.4346
1060 687.956 118.413
1061 1161.44 1139.18
1062 786.838 1028.13
1063 615.811 744.271
1064 795.182 780.098
1065 796.869 932.683
1066 48 241.468
1067 132.253 1181.83
1068 1245.26 57.5024
1069 356.744 1286.42
1070 575.4 861.905
1071 1131.33 1154.65
1072 1044.1 1194.01
1073 1231.66 1013.24
1074 1139.09 995.468
1075 321.049 779.401
1076 1217.97 50.9921
1077 206.854 1225.91
1078 51.0992 1201.4
1079 1103.67 323.096
1080 541.537 1261.8
1081 865.124 847.395
1082 749.548 404.551
1083 378.671 716.413
1084 1286.94 501.288
1085 302.05 1157.98
1086 966.569 114.359
1087 553.943 928.794
1088 384.964 218.646
1089 412.806 999.874
1090 264.373 682.019
1091 536.348 816.154
1092 1151.4 741.732
1093 270.564 1010.49
1094 505.465 788
1095 385.046 856.69
1096 418.07 1118.14
1097 924.854 223.805
1098 201.451 175.997
1099 948.112 1060.02
1100 189.698 1096.72
1101 97.1853 277.294
1102 74.1102 1267.9
1103 1200.01 461.408
1104 691.641 957.389
1105 133.317 287.654
1106 963.475 323.137
1107 1215.98 691.616
1108 1041.06 568.453
1109 977.068 803.027
1110 448.392 207.55
1111 1234.94 235.146
1112 157.065 476.696
1113 404.249 414.05
1114 1213.03 493.402
1115 1218.68 601.194
1116 1222.05 54.252
1117 978.709 1325.3
1118 1252.5 752.198
1119 1143.59 421.502
1120 595.42 544.167
1121 1158.49 757.039
1122 482.282 177.02
1123 1186.09 1066.95
1124 171.963 466.009
1125 1080.13 361.298
1126 1030.83 570.894
1127 446.831 1202.28
1128 1200.87 977.698
1129 994.585 294.45
1130 170.986 920.989
1131 505.354 84.4031
1132 91.4709 953.663
1133 1158.64 1052.24
1134 899.076 826.687
1135 548.52 169.512
1136 492.813 1000.25
1137 268.252 455.241
1138 569.134 610.702
1139 1254.89 89.3417
1140 608.236 1009.5
1141 162.797 1142.57
1142 131.528 1246.69
1143 634.546 507.102
1144 1192.4 623.877
1145 570.567 953.949
1146 917.774 785.011
1147 728.483 152.438
1148 865.945 1081.62
1149 823.688 326.92
1150 594.356 844.954
1151 1077.25 1289.7
1152 462.157 706.397
1153 1227.16 1205.96
1154 623.263 805.197
1155 986.713 422.305
1156 1101.62 882.239
1157 312.998 71.9496
1158 592.179 521.024
1159 1281.46 1041.78
1160 633.256 272.365
1161 836.437 882.664
1162 344.022 1306.85
1163 335.666 444.825
1164 1037.09 734.715
1165 1051.26 1094.02
1166 711.142 1063.83
1167 258.236 771.606
1168 1125.25 539.71
1169 288.244 139.965
1170 523.222 359.005
1171 971.663 974.898
1172 474.83 1169.26
1173 286.166 1208.16
1174 445.972 1310.91
1175 830.894 52.9417
1176 910.166 971.146
1177 188.797 847.411
1178 1164.92 1271.54
1179 275.764 353.528
1180 1294.04 1274.04
1181 100.274 1238.54
1182 124.752 736.901
1183 1256.08 298.709
1184 903.666 413.093
1185 1339.3 36.8504
1186 741.553 1337.19
1187 45.3995 51.4016
1188 136.082 941.134
1189 952.689 588.009
1190 63.7921 177.635
1191 927.863 986.624
1192 1099.59 1196.1
1193 351.061 806.712
1194 672.528 631.493
1195 847.764 478.687
1196 73.0688 915.379
1197 1278.46 1188.51
1198 1217.33 282.202
1199 568.573 23.8457
1200 131.96 605.918
1201 739.546 789.458
1202 995.924 305.915
1203 1229.22 1194.5
1204 458.245 178.356
1205 478.687 63.6283
1206 787.657 1195.55
1207 728.246 748.431
1208 1154.48 102.167
1209 1274.46 791.849
1210 390.901 564.916
1211 497.48 643.792
1212 1064.81 987.549
1213 504.236 336.951
1214 984.9 191.556
1215 680.944 915.701
1216 234.573 540.775
1217 1186.95 12.3276
1218 196.494 442.876
1219 998.176 625.367
1220 212.444 598.876
1221 1022.13 227.203
1222 69.9748 930.482
1223 883.675 638.494
1224 313.679 998.891
1225 12.4882 1060.53
1226 557.495 678.139
1227 251.057 1021.7
1228 1207.56 311.468
1229 77.3858 990.825
1230 1145.92 76.6646
1231 1183.68 133.439
1232 270.299 886.39
1233 577.2 165.704
1234 194.463 14.0535
1235 882.198 509.206
1236 741.512 1090.01
1237 1281.29 1250.68
1238 929.165 50.5008
1239 1129.18 572.901
1240 785.521 1203.17
1241 72.0756 1012.87
1242 804.813 944.721
1243 510.705 503.581
1244 351.184 905.987
1245 377.149 1286.94
1246 647.085 341.742
1247 514.39 1258.83
1248 1079.13 776.356
1249 1264.83 972.727
1250 680.28 1227.28
1251 1151.12 404.92
1252 1013.34 92.6992
1253 418.265 154.787
1254 878.27 1336.17
1255 285.877 799.26
1256 394.545 834.784
1257 553.37 1070.95
1258 391.515 638.822
1259 82.5858 907.994
1260 547.842 131.761
1261 10.1134 695.997
1262 231.555 190.639
1263 1323.02 600.104
1264 974.734 67.3953
1265 1287.39 1142.71
1266 517.914 492.649
1267 142.324 1100.27
1268 1282.76 888.381
1269 869.751 132.784
1270 176.309 207.647
1271 380.493 229.946
1272 868.891 1172.33
1273 750.193 939.521
1274 1103.3 606.86
1275 406.911 708.526
1276 1154.32 384.718
1277 828.601 1152.78
1278 121.424 1040.51
1279 1136.26 1070.34
1280 601.521 1100.94
1281 246.365 960.608
1282 1097.08 154.29
1283 33.2283 824.183
1284 403.042 514.693
1285 751.789 760.264
1286 390.86 342.069
1287 134.586 1151.47
1288 1121.57 555.95
1289 716.372 1010.6
1290 992.381 856.337
1291 157.556 123.694
1292 603.2 252.712
1293 1286.27 679.153
1294 573.105 352.331
1295 751.216 727.263
1296 713.342 455.282
1297 1131.72 920.538
1298 267.739 444.139
1299 1306.43 783.726
1300 1262.99 460.507
1301 1036.99 216.68
1302 977.837 1309.7
1303 883.621 755.842
1304 901.161 206.608
1305 1045.45 535.109
1306 469.024 761.124
1307 465.935 953.049
1308 1287.15 838.797
1309 367.235 1221.89
1310 705.318 247.282
1311 201.226 974.283
1312 759.978 285.058
1313 1150.64 1335.92
1314 241.534 379.928
1315 664.242 1143.71
1316 1135.79 1263.08
1317 112.886 1339.28
1318 1121.63 517.641
1319 1066.58 785.814
1320 342.831 986.198
1321 565.584 646.888
1322 545.427 903.694
1323 497.105 696.727
1324 396.756 970.598
1325 522.245 216.844
1326 379.068 887.168
1327 259.449 1270.99
1328 605.915 27.1465
1329 150.956 1122.87
1330 1088.81 285.55
1331 1294.39 722.882
1332 33.9654 175.178
1333 1089.42 963.408
1334 1153.25 1184.88
1335 731.562 250.869
1336 923.88 1147.4
1337 803.502 1017.56
1338 283.134 7.37008
1339 147.483 1254.16
1340 181.181 466.167
1341 223.315 1161.74
1342 1273.45 348.047
1343 541.946 1288.43
1344 1178.85 894.523
1345 656.45 964.268
1346 175.613 879.496
1347 681.978 1010.08
1348 220.247 328.91
1349 170.424 903.178
1350 484.296 389.32
1351 781.824 280.406
1352 518.528 1115.54
1353 144.865 1091.67
1354 1329.86 1275.35
1355 602.894 413.093
1356 107.35 1211.76
1357 552.229 190.844
1358 902.345 744.803
1359 1210.63 853.43
1360 637.839 659.146
1361 895.272 686.809
1362 1326.62 734.305
1363 990.252 648.869
1364 557.014 1126.31
1365 816.513 329.411
1366 742.814 814.532
1367 102.05 931.864
1368 1088.8 949.061
1369 504.523 103.764
1370 842.493 1193.76
1371 844.469 807.694
1372 909.424 1000.83
1373 496.172 782.006
1374 58.8787 167.433
1375 514.936 442.819
1376 1079.9 844.913
1377 758.504 1235.35
1378 534.658 324.463
1379 279.238 76.3622
1380 1200.33 1229.39
1381 1021.86 74.0441
1382 1093.07 332.202
1383 1034.88 129.877
1384 1132.86 383.833
1385 438.624 158.252
1386 547.474 362.854
1387 879.19 502.762
1388 455.307 973.972
1389 390.655 1019.49
1390 837.87 1051.64
1391 1168.39 1196.74
1392 1307.27 1287.23
1393 682.142 867.883
1394 109.265 328.787
1395 1169.12 1297.26
1396 178.479 1016.96
1397 548.91 1093.86
1398 1184.17 431.036
1399 831.222 163.902
1400 1128.85 861.619
1401 482.7 1213.38
1402 1033.45 252.957
1403 674.19 464.167
1404 998.3 991.521
1405 1083.28 202.406
1406 199.565 500.239
1407 375.096 354.624
1408 764.113 485.95
1409 756.825 809.48
1410 705.013 1022.27
1411 630.923 676.179
1412 556.691 520.998
1413 933.584 221.389
1414 2.70236 540.513
1415 778.129 560.183
1416 238.872 122.794
1417 1172.19 1280.43
1418 406.255 523.276
1419 677.597 110.444
1420 359.642 937.401
1421 1013.45 1035.05
1422 1315.9 416.957
1423 109.059 979.238
1424 1338.54 1037.27
1425 1072.55 499.789
1426 62.0315 258.076
1427 1051.42 240.731
1428 114.907 1290.22
1429 354.378 318.806
1430 1031.97 1058.28
1431 133.319 646.535
1432 847.805 1090.75
1433 827.519 375.383
1434 278.548 953.688
1435 203.168 966.995
1436 1087.51 725.666
1437 357.882 1118.38
1438 137.616 1156.41
1439 805.263 282.167
1440 6.67401 408.687
1441 1076.01 719.172
1442 427.915 1119.69
1443 35.9087 967.666
1444 573.466 1331.2
1445 406.542 1167.27
1446 345.288 58.3622
1447 699.761 149.055
1448 503.871 1258.56
1449 1273.54 184.416
1450 1111.62 745.483
1451 277.702 680.069
1452 436.299 393.235
1453 679.196 782.309
1454 308.9 399.024
1455 252.919 412.699
1456 681.118 1179.19
1457 976.415 890.961
1458 109.293 228.365
1459 1004.22 375.219
1460 1036.97 120.23
1461 1297.96 377.676
1462 374.891 865.943
1463 296.974 879.675
1464 35.6745 102.403
1465 1259.75 625.761
1466 144.781 1109.07
1467 1082.25 705.039
1468 904.72 1283.74
1469 1279.77 229.087
1470 230.73 1226.3
1471 468.696 743.493
1472 1048.39 528.491
1473 66.548 1272.99
1474 115.997 299.962
1475 735.82 243.55
1476 931.578 35.263
1477 81.3302 360.781
1478 505.671 406.091
1479 773.163 928.466
1480 1017.03 1182.04
1481 925.522 650.696
1482 531.096 234.205
1483 222.126 1190.16
1484 814.139 502.148
1485 40.8031 142.365
1486 534.741 689.527
1487 700.541 306.693
1488 1246.65 125.373
1489 609.71 1283.05
1490 846.699 838.649
1491 1084.24 666.926
1492 958.11 725.846
1493 1219.34 206.28
1494 816.85 698.601
1495 812.297 745.238
1496 1157.59 110.92
1497 58.4283 11.1937
1498 626.756 730.145
1499 635.014 1139.39
1500 1232.6 1273.32
1501 947.424 51.074
1502 991.42 99.7575
1503 84.2646 872.264
1504 1132.62 820.346
1505 780.205 1102.95
1506 1201.85 723.25
1507 312.328 892.45
1508 374.359 667.95
1509 122.139 666.516
1510 511.875 30.2173
1511 817.733 97.7102
1512 362.876 408.768
1513 63.9076 1231.13
1514 664.699 257.436
1515 1134.06 27.5559
1516 246.694 628.233
1517 1146.33 517.052
1518 928.14 1057.7
1519 636.857 161.773
1520 180.894 318.633
1521 1243.59 1003.29
1522 856.321 215.042
1523 1257.24 741.282
1524 1072.24 1214.63
1525 1271.22 1086.19
1526 168.611 822.79
1527 628.895 1213.54
1528 1174.76 561.068
1529 591.134 69.3764
1530 1262.23 1141.91
1531 358.484 782.498
1532 1075.21 361.502
1533 96.5071 821.902
1534 954.466 250.828
1535 949.225 1000.37
1536 105.814 415.32
1537 1119.72 1327.78
1538 426.809 123.335
1539 1326.15 72.8567
1540 167.201 683.83
1541 327.559 1202.84
1542 1045.77 929.792
1543 273.637 349.915
1544 161.09 532.283
1545 134.201 1254.96
1546 816.85 591.735
1547 232.159 1038.4
1548 484.583 1069.95
1549 514.444 849.934
1550 448.551 800.12
1551 278.427 1059.69
1552 232.232 1200.67
1553 485.281 59.5905
1554 274.085 508.699
1555 426.146 625.326
1556 767.716 68.3527
1557 1079.6 627.112
1558 156.123 402.995
1559 871.412 316.192
1560 784.75 898.372
1561 278.089 913.275
1562 686.116 377.282
1563 288.334 548.17
1564 36.8094 501.918
1565 778.935 586.961
1566 429.391 1041.15
1567 764.607 892.557
1568 266.952 23.8709
1569 971.824 762.557
1570 1322.36 1314.54
1571 743.19 972.891
1572 369.65 1178.16
1573 627.258 289.496
1574 842.727 708.06
1575 315.276 737.474
1576 561.049 1241.63
1577 1019.89 683.616
1578 55.1349 1230.45
1579 1045.08 466.009
1580 301.449 1093.76
1581 316.608 477.294
1582 1284.07 480.75
1583 306.431 688.611
1584 207.468 245.792
1585 510.869 541.389
1586 1191.37 944.327
1587 931.948 1255
1588 257.257 614.967
1589 1248.82 122.687
1590 1309.35 160.381
1591 1041.76 910.205
1592 510.312 466.116
1593 747.285 148.343
1594 826.882 462.898
1595 897.127 1134.66
1596 487.121 175.628
1597 1222.93 478.948
1598 986.116 1323.6
1599 245.882 142.252
1600 223.068 949.773
1601 362.116 918.148
1602 155.14 1194.99
1603 381.622 707.824
1604 1176.02 1261.68
1605 179.909 694.557
1606 318.626 431.779
1607 908.157 572.425
1608 118.986 1332.31
1609 114.115 293.002
1610 1041.73 1273.59
1611 1110.22 1311.42
1612 989.269 869.014
1613 352.454 369.282
1614 724.397 541.332
1615 510.134 918.942
1616 1244.11 1066.86
1617 937.064 749.553
1618 911.364 1158.74
1619 705.194 440.583
1620 41.2945 585.798
1621 504.863 1184.66
1622 598.35 1185.7
1623 557.997 148.998
1624 708.715 1270.82
1625 735.82 616.605
1626 863.56 989.408
1627 543.298 1301.24
1628 282.642 1057.7
1629 864.756 697.905
1630 851.073 239.978
1631 151.66 638.781
1632 156.606 844.201
1633 540.28 1216.73
1634 148.794 748.201
1635 873.027 56.9134
1636 974.283 1292.35
1637 1333.79 111.005
1638 1195.18 254.898
1639 82.0147 958.003
1640 744.337 560.372
1641 1182.49 1115.87
1642 729.834 1125.94
1643 28.7433 24.2394
1644 1131.84 190.123
1645 1282.6 191.754
1646 746.151 350.242
1647 1134.44 400.891
1648 510.009 835.162
1649 337.713 1270.11
1650 674.568 617.464
1651 1245.62 1298.99
1652 1049.01 394.642
1653 259.879 1297.75
1654 477.521 1250.13
1655 252.998 1152.37
1656 908.157 1320.57
1657 1036.85 239.896
1658 393.518 540.482
1659 29.3165 1195.81
1660 608.4 431.739
1661 641.811 1253
1662 1139.13 1014.57
1663 559.852 776.453
1664 173.606 452.743
1665 85.474 808.252
1666 714.324 666.557
1667 591.326 1161.52
1668 1308.35 635.464
1669 229.865 279.997
1670 48.3066 746.605
1671 440.362 844.948
1672 1332.81 1182.63
1673 816.687 676.491
1674 1335.39 143.89
1675 711.727 994.198
1676 46.8409 448.321
1677 1266.1 255.209
1678 441.304 686.498
1679 384.556 1332.8
1680 830.6 634.989
1681 943.779 1114.49
1682 269.883 867.222
1683 574.293 1341.17
1684 880.193 410.611
1685 1279.93 968.608
1686 734.308 849.172
1687 208.473 350.079
1688 693.606 276.009
1689 836.217 71.1622
1690 86.7622 588.066
1691 1284.73 1327.15
1692 1320.47 940.831
1693 989.597 1235.72
1694 441.039 719.131
1695 735.494 240.51
1696 354.656 260.491
1697 1124.59 904.441
1698 361.281 970.368
1699 296.679 518.198
1700 949.779 804.894
1701 1112.94 1118.2
1702 536.828 286.63
1703 321.581 1331.75
1704 410.361 438.11
1705 959.379 1086.43
1706 1328.14 1048.07
1707 1007.12 705.439
1708 89.0551 1057.32
1709 675.222 626.989
1710 1085.45 202.145
1711 1107.83 14.4945
1712 297.096 1231.46
1713 598.658 389.55
1714 947.531 939.005
1715 3.1937 178.642
1716 1312.18 795.109
1717 738.154 496.35
1718 677.184 1061
1719 426.127 543.42
1720 650.573 16.2709
1721 932.306 605.017
1722 653.616 996.025
1723 641.934 507.364
1724 1238.54 427.521
1725 397.981 761.66
1726 1112.23 610.652
1727 17.9339 919.868
1728 390.041 1016.27
1729 159.739 219.644
1730 839.721 954.753
1731 1039.3 1224.05
1732 307.946 367.767
1733 1043.97 181.713
1734 94.8693 880.331
1735 953.167 618.923
1736 1136.5 1223.12
1737 269.786 39.2
1738 33.6378 441.263
1739 404.721 1147.36
1740 510.348 1153.09
1741 142.652 90.0126
1742 44.4987 469.94
1743 861.522 898.781
1744 764.891 166.368
1745 1275.64 603.487
1746 949.596 202.431
1747 1031.52 572
1748 947.219 1059.1
1749 153.187 523.824
1750 497.235 52.2488
1751 1301.27 915.373
1752 711.499 1107.97
1753 424.109 1133.6
1754 982.186 930.022
1755 283.012 1124.44
1756 299.025 236.794
1757 129.795 721.244
1758 356.139 344.28
1759 221.921 426.375
1760 916.592 16.5827
1761 34.3118 825.464
1762 217.143 41.9024
1763 1173.68 591.049
1764 1276.31 430.413
1765 1191.86 855.298
1766 863.978 606.639
1767 692.073 727.55
1768 1011.32 1211.68
1769 818.12 1067.04
1770 157.488 52.3024
1771 944.23 1228.32
1772 1001.31 500.608
1773 933.257 1298.69
1774 15.1496 379.764
1775 1013.82 1341.25
1776 715.913 78.1228
1777 528.907 257.134
1778 294.844 946.006
1779 53.8425 52.9417
1780 455.594 549.742
1781 576.537 1052.65
1782 1259.59 1162.97
1783 1060.19 648.542
1784 62.1543 1191.68
1785 865.206 1118.02
1786 159.399 1311.67
1787 1139.91 140.932
1788 1335.68 1107.72
1789 43.5653 826.718
1790 88.3706 155.074
1791 883.345 169.553
1792 567.046 499.077
1793 962.883 529.474
1794 1049.34 552.935
1795 191.88 296.088
1796 1281.97 581.269
1797 984.639 907.502
1798 1260.86 996.025
1799 589.811 935.14
1800 1340.26 241.288
1801 1335.33 860.753
1802 1206.03 160.545
1803 1339.1 783.373
1804 641.537 70.0724
1805 443.998 761.083
1806 838.88 1104.05
1807 1113.17 752.085
1808 292.666 791.194
1809 95.3197 708.019
1810 434.139 4.21732
1811 149.531 569.15
1812 971.552 917.902
1813 1035.46 477.745
1814 1111.65 88.359
1815 1329.4 887.817
1816 1079.55 975.077
1817 333.365 1130.91
1818 1247.22 376.381
1819 645.209 279.096
1820 612.874 157.597
1821 980.22 1140.33
1822 1339.66 1059.28
1823 1237.64 24.485
1824 1128.45 125.742
1825 595.175 148.441
1826 1037.95 687.603
1827 772.343 451.131
1828 835.657 1226.05
1829 968.726 240.035
1830 755.487 24.378
1831 808.315 1125.66
1832 30.5449 538.236
1833 808.765 412.438
1834 241.329 973.464
1835 337.766 316.233
1836 313.567 658.164
1837 1032.89 804.485
1838 34.0252 1103.14
1839 1227.86 672.601
1840 441.509 777.764
1841 892.57 1182.08
1842 281.549 616.384
1843 273.084 929.424
1844 859.351 1302.06
1845 672.806 724.529
1846 554.107 179.584
1847 164.762 1078.69
1848 272.374 2.57953
1849 438.97 1311.79
1850 704.797 454.545
1851 1271.3 1152.33
1852 962.821 563.131
1853 475.199 292.935
1854 929.635 403.266
1855 249.069 94.1323
1856 1324.06 556.195
1857 1062.02 567.88
1858 331.564 535.165
1859 801.826 983.905
1860 1112.43 1117.73
1861 314.018 170.863
1862 1338.85 544.951
1863 1327.79 678.006
1864 669.858 410.898
1865 558.542 759.937
1866 126.479 795.436
1867 765.219 848.173
1868 1231.93 807.326
1869 506.611 74.5197
1870 1257.69 1325.81
1871 240.346 306.973
1872 8.80315 1286.08
1873 928.302 342.545
1874 1056.83 880.683
1875 128.239 1320.27
1876 230.683 1167.93
1877 806.842 129.509
1878 1064.85 1024.01
1879 531.751 1103.51
1880 1122.63 1076.48
1881 1074.96 313.197
1882 798.12 1280.32
1883 1250.29 751.912
1884 628.709 98.8409
1885 1211.52 1053.57
1886 715.102 127.789
1887 738.545 888.601
1888 403.063 790.564
1889 387.543 26.9984
1890 243.254 1332.76
1891 569.002 421.339
1892 1025.14 1334.04
1893 164.222 429.348
1894 1019.85 649.959
1895 1284.24 440.419
1896 586.23 632.762
1897 795.477 923.921
1898 540.852 811.052
1899 859.638 1008.84
1900 1289.23 709.713
1901 1336.25 265.159
1902 754.574 574.989
1903 819.576 112.935
1904 713.754 967.486
1905 512.109 1331.49
1906 278.057 911.653
1907 961.459 82.0693
1908 527.572 236.63
1909 4.58583 29.7669
1910 697.127 656.772
1911 958.174 159.087
1912 1108.08 251.745
1913 1017.73 513.121
1914 738.482 966.233
1915 912.948 535.068
1916 949.959 732.35
1917 1008.43 1111.55
1918 997.212 47.9874
1919 36.8504 708.142
1920 300.904 40.0031
1921 366.458 682.526
1922 1114.75 535.395
1923 567.048 720.236
1924 615.209 757.537
1925 359.375 854.765
1926 58.001 1084.96
1927 418.579 790.523
1928 815.335 477.745
1929 711.008 151.553
1930 1170.74 582.441
1931 1327.23 1212.09
1932 378.617 1264.05
1933 672.05 120.271
1934 1155.83 930.882
1935 1053.71 83.7732
1936 72.3307 968.51
1937 349.997 96.7527
1938 568.184 158.989
1939 1.43307 761.222
1940 681.896 212.479
1941 7.12441 932.151
1942 827.396 1176.63
1943 792.324 190.942
1944 1305.12 949.757
1945 1052.41 459.294
1946 1316.66 924.51
1947 914.831 1088.89
1948 773.399 173.975
1949 287.332 411.594
1950 1210.29 451.581
1951 265.089 366.227
1952 10.4 1149.01
1953 1114.11 1271.19
1954 1229.3 1113.43
1955 1204.85 233.565
1956 33.5748 32.3874
1957 516.438 443.735
1958 960.526 458.378
1959 177.046 966.97
1960 353.469 603.527
1961 1338.44 621.805
1962 186.036 383.285
1963 710.476 1165.23
1964 1178.56 410.734
1965 350.634 863.118
1966 787.738 625.08
1967 1034.31 939.194
1968 623.93 769.846
1969 322.177 625.474
1970 193.671 189.918
1971 898.453 370.116
1972 897.266 799.915
1973 220.48 999.424
1974 44.1197 707.502
1975 907.502 1078.71
1976 1182.1 284.214
1977 535.622 1281.12
1978 307.426 1277.6
1979 372.885 657.672
1980 125.683 549.235
1981 554.271 883.631
1982 92.0031 230.888
1983 916.195 456.904
1984 386.551 676.016
1985 258.19 1296.82
1986 1071.17 83.748
1987 483.632 1090.98
1988 742.822 1146.09
1989 997.071 1010.44
1990 1295.82 204.028
1991 241.269 729.187
1992 103.55 406.066
1993 1259.69 520.696
1994 980.908 667.213
1995 819.43 1166.37
1996 683.598 1282.7
1997 828.642 332.923
1998 1212.32 269.228
1999 1051.1 148.63
2000 1314.35 1038.98
2001 1026.82 441.672
2002 318.961 569.682
2003 702.573 913.742
2004 1333.22 1004.76
2005 883.427 867.679
2006 155.613 1033.86
2007 3.31654 842.236
2008 576.954 955.899
2009 1288.25 1241.96
2010 86.1816 1038.3
2011 711.747 669.915
2012 119.458 785.896
2013 960.272 295.54
2014 241.288 199.934
2015 85.3291 852.841
2016 338.013 132.866
2017 121.915 579.017
2018 915.142 283.543
2019 114.973 1021.82
2020 150.759 1006.47
2021 513.185 575.603
2022 54.5386 1243.37
2023 640.595 4.17638
2024 557.014 188.51
2025 429.307 375.628
2026 1225.93 152.397
2027 1199.56 904.841
2028 86.4367 201.981
2029 1338.21 759.077
2030 151.269 31.9779
2031 535.272 351.962
2032 60.5501 1297.87
2033 657.783 491.011
2034 308.799 1093.49
2035 828.757 864.649
2036 0.16378 289.112
2037 49.873 434.113
2038 893.675 153.436
2039 947.219 750.97
2040 945.049 898.986
2041 288.837 52.0409
2042 755.597 820.003
2043 1021.7 590.236
2044 119.079 670.529
2045 194.633 14.3717
2046 58.6331 243.172
2047 110.142 278.768
2048 1144.98 718.107
2049 478.945 1293.86
2050 1137.45 664.06
2051 159.073 487.178
2052 321.344 1039.11
2053 783.523 1305.57
2054 890.972 667.975
2055 10.6866 1261.81
2056 1125.81 786.346
2057 1053.88 1102.54
2058 945.786 848.992
2059 1286.82 1027.04
2060 886.87 1267.54
2061 744.881 701.893
2062 1078.91 102.321
2063 1080.72 161.077
2064 22.1921 862.831
2065 164.885 710.368
2066 760.901 376.324
2067 434.816 1031.65
2068 512.671 302.869
2069 180.159 59.5339
2070 541.744 140.948
2071 1199.11 1078.87
2072 557.527 882.787
2073 984.204 700.828
2074 967.773 774.841
2075 1094.95 1271.91
2076 636.898 828.576
2077 1074.56 775.88
2078 195.156 71.6535
2079 934.239 1206.66
2080 926.165 102.485
2081 1031.99 1314.96
2082 5.97795 13.348
2083 1244.48 696.693
2084 305.707 720.154
2085 1024.24 120.517
2086 727.959 187.323
2087 2.12913 601.521
2088 130.656 194.816
2089 863.704 774.816
2090 1331 654.135
2091 579.668 1018.52
2092 960.28 248.592
2093 874.093 2.29291
2094 1006.06 726.567
2095 646.085 1232.29
2096 393.525 838.069
2097 163.043 937.556
2098 218.236 794.094
2099 415.058 485.335
2100 591.94 898.674
2101 744.226 412.986
2102 1304.54 935.524
2103 379.887 721.572
2104 167.917 761.902
2105 1249.51 846.863
2106 1276.99 295.622
2107 1071.87 900.214
2108 525.745 92.7968
2109 519.858 583.792
2110 741.841 930.406
2111 10.7685 76.1984
2112 471.153 380.435
2113 1197.68 925.272
2114 419.727 747.572
2115 582.523 1315.44
2116 142.09 893.417
2117 10.1953 258.935
2118 999.63 1260.71
2119 1015.76 983.02
2120 168.183 604.894
2121 1247.07 977.723
2122 1099.49 303.008
2123 82.3811 25.3039
2124 932.97 976.986
2125 1171.92 1252.31
2126 733.814 1245.34
2127 1193.63 183.474
2128 1002.58 399.253
2129 50.6194 685.679
2130 778.976 591.49
2131 62.8735 87.1307
2132 1122.23 383.244
2133 3.5622 1275.56
2134 1019.81 419.332
2135 0.0818898 1104.41
2136 435.94 884.794
2137 1049.48 1034.45
2138 757.778 1007.63
2139 1332.25 14.7968
2140 1284.31 16.4598
2141 131.685 14.6205
2142 0.122835 809.046
2143 273.503 1226.09
2144 590.876 1104.04
2145 940.465 439.625
2146 305.776 154.321
2147 547.965 534.576
2148 1067.76 1213.38
2149 205.543 67.6819
2150 124.382 185.66
2151 658.857 244.564
2152 803.955 568.438
2153 11.7512 123.751
2154 899.764 650.466
2155 1196.33 89.1118
2156 1283.79 337.115
2157 1119.72 47.8646
2158 1222.82 1083.69
2159 864.645 972.498
2160 941.568 175.956
2161 106.129 696.898
2162 1228.1 350.816
2163 265.375 1050.99
2164 404.834 172.787
2165 1122.46 1041.86
2166 204.122 1031.36
2167 29.2462 1132.41
2168 1192.27 248.167
2169 277.565 730.047
2170 596.211 475.902
2171 785.592 116.529
2172 1288.45 898.494
2173 47.9486 449.657
2174 903.49 1333.37
2175 892.917 254.365
2176 635.139 1152.72
2177 181.017 567.594
2178 233.017 1207.4
2179 167.956 672.438
2180 1280.14 400.605
2181 26.6961 150.718
2182 1296.23 527.493
2183 1309 1199.64
2184 489.508 116.668
2185 1164.32 1279.38
2186 980.998 830.337
2187 850.016 522.268
2188 992.095 204.372
2189 17.6063 659.786
2190 325.626 1171.15
2191 137.083 543.175
2192 415.224 387.994
2193 1127.83 488.718
2194 347.008 584.038
2195 563.875 1194.13
2196 279.162 447.323
2197 1125.33 841.638
2198 740.787 1081.48
2199 885.476 949.2
2200 391.363 934.828
2201 1209.77 1177.12
2202 458.237 514.227
2203 382.325 190.025
2204 1330.42 959.379
2205 469.802 941.896
2206 44.4168 1197.27
2207 1118.04 802.151
2208 1236.34 313.367
2209 1295.82 674.296
2210 460.672 65.4709
2211 115.546 415.606
2212 558.283 699.313
2213 195.534 481.02
2214 313.965 758.094
2215 632.803 816.702
2216 313.146 803.748
2217 627.575 456.535
2218 792.531 261.269
2219 84.0199 1292.38
2220 1331.16 743.559
2221 0.777953 957.225
2222 774.055 644.841
2223 3.27559 209.367
2224 200.458 866.164
2225 1320.44 803.216
2226 759.487 521.694
2227 722.71 195.528
2228 587.479 1173.7
2229 70.6709 95.1307
2230 1059 470.022
2231 620.583 782.538
2232 989.146 756.784
2233 1064.48 442.548
2234 549.278 417.94
2235 807.392 429.036
2236 669.533 1221.69
2237 889.929 543.298
2238 681.978 25.8929
2239 1276.94 836.356
2240 154.709 1066.99
