1 680.855 481.113
2 1207.37 236.174
3 150.644 122.488
4 468.234 350.372
5 1023.99 738.411
6 159.368 272.895
7 991.678 188.385
8 618.642 203.555
9 207.299 251.809
10 203.284 221.777
11 1150.88 49.7687
12 720.065 442.973
13 111.718 1055.72
14 933.889 684.861
15 249.453 1021.21
16 367.966 964.804
17 77.0926 989.757
18 1213.49 1057.27
19 967.008 1183.85
20 1089.73 942.266
21 113.516 993.955
22 803.704 194.637
23 439.768 416.994
24 779.978 1160.92
25 306.662 1177.09
26 814.219 599.71
27 325.711 337.942
28 1139.84 204.095
29 173.3 1178.86
30 493.851 449.611
31 534.181 156.266
32 683.021 1007.2
33 1203.96 483.273
34 831.06 615.923
35 874.285 1180.22
36 1249.87 315.658
37 1111.92 806.884
38 145.804 509.417
39 162.58 1117.95
40 454.282 991.33
41 1070.69 1116.75
42 556.867 103.225
43 741.336 1090.67
44 828.309 1132.28
45 542.976 123.153
46 1044.8 931.729
47 679.571 1109.57
48 1144.35 1172.16
49 746.364 403.528
50 704.801 410.854
51 245.535 1251.09
52 818.002 1230.02
53 954.133 702.819
54 223.435 1081.82
55 516.322 359.521
56 871.197 230.972
57 963.961 1015
58 634.065 251.502
59 1173.36 147.194
60 1057.92 107.712
61 288.526 1246.7
62 635.138 1091.93
63 251.577 550.414
64 1141.03 6.94858
65 62.1512 979.334
66 1101.81 823.175
67 1145.94 864.75
68 1057.11 1228.09
69 1006.04 1261.33
70 565.61 716.398
71 49.1419 4.20775
72 813.932 1070.31
73 201.543 994.466
74 622.397 145.234
75 1155.09 318.293
76 1134.39 906.219
77 161.747 244.136
78 547.145 78.1806
79 1185.89 579.936
80 651.583 463.865
81 657.758 442.363
82 472.731 1039.39
83 223.165 133.799
84 953.613 42.6271
85 480.031 759.025
86 994.225 248.459
87 416.797 685.168
88 1089.77 1018.55
89 724.405 937.826
90 726.898 1225.15
91 557.138 1132.7
92 598.104 291.347
93 884.095 24.2042
94 394.177 637.078
95 338.28 455.597
96 902.388 298.373
97 910.927 517.98
98 1064.87 72.3129
99 1074.99 776.04
100 586.807 836.989
101 279.581 287.401
102 1036.38 856.528
103 532.663 1063.53
104 722.995 593.486
105 54.0668 435.916
106 274.855 356.741
107 545.502 1043.8
108 968.207 1201.25
109 707.538 859.155
110 1019.47 1194.08
111 153.651 359.436
112 58.9897 146.006
113 351.868 714.477
114 253.55 33.7869
115 106.545 58.7541
116 227.566 891.666
117 832.941 1080.77
118 269.178 239.195
119 740.525 9.84382
120 1084.29 381.901
121 773.238 863.824
122 835.306 1043.84
123 758.415 387.817
124 880.771 1026.97
125 408.824 931.35
126 575.265 1146.17
127 1000.57 487.172
128 887.162 953.006
129 1132.39 1160.3
130 1161.31 1141.11
131 300.697 740.187
132 438.996 933.628
133 916.556 733.384
134 646.102 331.765
135 988.86 698.38
136 1164.94 142.301
137 1049.83 1032.75
138 620.083 524.974
139 43.9304 107.78
140 373.395 647.732
141 444.67 363.613
142 1036.43 606.388
143 167.284 156.073
144 950.106 996.281
145 735.279 636.923
146 1010.1 256.171
147 794.955 53.5426
148 179.93 629.01
149 132.149 856.414
150 407.658 808.862
151 279.333 779.446
152 875.951 983.185
153 875.73 1021.71
154 881.041 1139.81
155 69.1383 607.267
156 1036.92 507.439
157 887.065 856.605
158 185.411 825.259
159 257.483 399.466
160 126.346 617.188
161 114.844 822.489
162 1010.13 832.178
163 933.58 418.343
164 220.331 442.315
165 371.759 668.578
166 384.304 601.708
167 628.765 571.212
168 1032.35 414.337
169 1156.82 1196.55
170 1122.66 1135.17
171 1180.52 232.941
172 317.773 889.379
173 623.287 979.604
174 56.2449 381.245
175 646.603 60.0684
176 528.328 477.483
177 602.929 177.584
178 465.494 1020.51
179 607.692 640.938
180 1007.11 817.471
181 299.599 965.312
182 274.43 927.258
183 199.337 1189.33
184 788.702 734.812
185 50.493 1162.57
186 594.335 952.813
187 684.362 965.012
188 82.9197 256.141
189 1091.51 766.283
190 1092.18 379.44
191 1072.11 958.286
192 157.733 570.132
193 320.807 785.228
194 407.688 174.303
195 1124.55 391.446
196 405.411 1062.18
197 974.631 560.403
198 444.063 653.822
199 999.691 673.164
200 549.517 1247.16
201 631.888 734.271
202 748.494 713.049
203 1050.47 207.647
204 915.566 887.565
205 803.68 53.7743
206 298.053 1007.2
207 1076.57 266.285
208 71.6663 298.596
209 159.856 353.73
210 242.93 643.524
211 1021.12 98.0521
212 11.3107 481.305
213 553.702 1133.54
214 853.71 758.2
215 203.169 900.313
216 1099.71 411.085
217 366.412 588.816
218 1138.45 897.032
219 750.257 246.799
220 357.9 395.267
221 1178.41 783.345
222 261.575 433.245
223 817.461 876.997
224 997.722 946.357
225 440.143 1089.08
226 1038.46 815.222
227 1068.85 853.371
228 453.626 288.182
229 397.652 493.696
230 921.026 388.927
231 0.810667 759.913
232 523.348 44.5186
233 690.075 1184.09
234 326.043 747.435
235 1061.47 310.408
236 283.1 531.189
237 460.15 1152.11
238 720.683 955.429
239 1228.01 995.393
240 819.507 929.411
241 642.071 931.572
242 760.489 348.55
243 784.07 1070.62
244 395.837 176.108
245 208.689 261.768
246 681.814 351.521
247 782.448 75.0832
248 250.921 705.512
249 1225.07 74.8993
250 292.389 677.534
251 644.702 1159.91
252 476.67 1008.25
253 498.985 1012.75
254 428.042 825.577
255 302.302 22.4762
256 781.56 291.917
257 1034.18 451.782
258 357.697 524.434
259 574.763 847.581
260 98.3447 368.399
261 1183.46 936.291
262 798.093 803.805
263 749.867 948.721
264 626.569 118.174
265 1056.41 583.642
266 1069.22 25.2942
267 499.989 660.153
268 907.523 275.52
269 811.224 278.261
270 1233.02 657.953
271 500.992 588.544
272 25.7483 1113.9
273 1163 518.866
274 346.425 989.255
275 4.01473 1219.95
276 296.588 854.25
277 291.328 946.984
278 741.281 735.979
279 1258.11 710.347
280 992.353 586.884
281 402.747 910.109
282 684.587 786.965
283 682.488 430.319
284 102.491 1023.29
285 1134.82 791.327
286 1225.23 536.044
287 942.255 1160.99
288 990.652 232.362
289 690.619 655.298
290 1097.37 223.474
291 1034.72 1002.22
292 232.93 718.29
293 642.605 156.545
294 244.466 549.989
295 264.857 70.3828
296 298.864 163.88
297 950.256 903.469
298 406.414 724.273
299 71.7532 235.18
300 988.612 59.3037
301 561.56 888.3
302 118.595 372.598
303 261.035 176.185
304 428.071 431.052
305 75.4469 32.9285
306 769.024 258.333
307 742.224 821.447
308 190.507 1058.01
309 702.887 218.919
310 493.379 1098.34
311 765.231 324.585
312 457.771 1222.52
313 265.706 35.0461
314 998.279 990.135
315 232.846 133.345
316 846.593 653.793
317 1172.94 559.015
318 1065.91 363.411
319 294.752 685.67
320 945.701 641.971
321 1129.61 404.764
322 583.916 150.321
323 447.923 1188.44
324 1158.34 496.446
325 220.254 178.974
326 705.126 999.398
327 701.42 699.074
328 857.647 1122.09
329 1113.9 646.188
330 1110.44 649.499
331 886.765 191.088
332 977.096 636.885
333 951.569 925.975
334 247.562 91.6145
335 284.835 803.333
336 782.723 1221.38
337 764.343 633.673
338 743.999 186.299
339 372.173 867.53
340 463.354 192.823
341 952.804 78.5979
342 319.055 563.384
343 1014.38 618.533
344 1074.5 77.5538
345 107.378 282.7
346 231.619 502.691
347 1013.04 750.832
348 1167.15 1050.93
349 149.279 38.2263
350 358.607 296.289
351 1035.52 873.522
352 477.869 1121.01
353 960.602 429.345
354 135.073 465.439
355 902.08 595.116
356 1119.28 794.54
357 733.848 314.302
358 1190.1 1087.23
359 79.5998 541.226
360 318.208 469.231
361 346.116 350.556
362 559.73 1097.45
363 1263.05 557.006
364 1198.89 283.426
365 879.011 1096.87
366 178.771 994.766
367 1114.09 1092.59
368 178.855 517.206
369 155.78 388.628
370 719.165 778.781
371 805.929 568.905
372 1222.25 290.064
373 817.793 586.122
374 55.1416 665.413
375 674.359 974.731
376 397.188 241
377 1022.87 639.501
378 109.584 1014.18
379 150.861 600.559
380 610.912 67.6328
381 816.435 248.334
382 935.201 20.5074
383 876.589 1134.08
384 1075.39 804.027
385 102.067 328.6
386 1165.59 179.775
387 144.315 106.979
388 952.321 175.992
389 969.96 441.929
390 794.608 429.306
391 789.805 843.605
392 58.2136 783.538
393 426.37 1149.22
394 48.254 331.486
395 456.83 856.537
396 284.892 487.713
397 1052.44 571.337
398 472.619 305.553
399 863.917 9.88242
400 1143.62 833.598
401 325.447 14.3309
402 836.609 785.854
403 179.505 66.9766
404 416.957 258.526
405 285.471 1153.12
406 578.028 48.5334
407 488.639 930.106
408 963.912 1092.47
409 1092.62 158.852
410 462.515 760.145
411 796.577 422.097
412 896.149 918.997
413 672.811 198.507
414 1190.45 1121.01
415 1201.77 1245.57
416 545.695 802.145
417 552.725 813.572
418 0.501842 636.151
419 815.696 734.667
420 248.334 116.321
421 1137.18 784.503
422 282.321 1116.1
423 954.499 347.197
424 627.404 1087.27
425 201.277 1068.5
426 544.614 558.627
427 1125.05 119.709
428 1243.01 942.892
429 852.474 0.926477
430 929.256 834.254
431 903.662 20.3053
432 274.816 827.739
433 280.259 196.77
434 459.378 1257.12
435 975.348 1106.76
436 1177.28 723.781
437 6.25372 788.779
438 547.208 459.764
439 472.735 381.833
440 696.44 132.872
441 628.491 106.438
442 402.713 1123.55
443 755.603 92.6182
444 631.317 1077.42
445 104.914 462.235
446 266.362 97.3959
447 488.755 175.181
448 1099.83 127.468
449 463.238 231.582
450 407.187 906.798
451 743.38 504.63
452 1043.75 790.902
453 764.368 1182.89
454 415.238 939.409
455 905.592 768.058
456 1252.93 197.426
457 779.746 1244.3
458 262.794 60.2301
459 872.78 373.263
460 511.391 447.876
461 427.916 522.233
462 1126.87 726.937
463 319.673 152.483
464 289.524 860.861
465 75.0436 1099.54
466 202.011 369.741
467 1049.39 708.532
468 748.748 520.178
469 67.2082 1141.58
470 1188.62 634.414
471 121.948 642.328
472 259.386 1211.02
473 113.548 157.269
474 418.243 1140.45
475 536.623 375.541
476 80.1788 872.789
477 230.632 319.18
478 409.58 588.158
479 1131.48 537.665
480 358.585 1018.25
481 524.717 1212.22
482 60.9159 152.562
483 1134.86 664.37
484 122.218 1234.45
485 603.224 788.595
486 609.329 670.576
487 181.277 389.545
488 267.635 1152.81
489 581.437 838.656
490 45.6676 900.844
491 205.333 78.2101
492 1011.22 1069.2
493 74.1435 313.651
494 266.671 1150.42
495 239.852 104.469
496 1074.19 338.82
497 1032.45 287.324
498 1194.42 790.448
499 751.952 1123.21
500 337.878 46.5941
501 852.976 550.329
502 880.616 394.765
503 930.772 963.082
504 670.19 924.672
505 1080 201.084
506 461.617 966.933
507 817.268 120.637
508 411.24 52.4709
509 1258.67 361.296
510 1217.89 955.67
511 106.555 412.098
512 140.979 781.02
513 798.003 1089.42
514 116.345 927.521
515 1010.97 323.726
516 489.273 794.695
517 364.414 1257.16
518 216.004 184.601
519 873.05 505.402
520 531.267 544.044
521 757.433 1055.3
522 948.881 1071.94
523 587.26 602.673
524 858.072 218.843
525 537.472 617.921
526 208.573 578.517
527 348.701 1006.93
528 976.931 969.481
529 1236.07 458.384
530 770.829 716.871
531 376.381 151.865
532 479.22 683.624
533 117.545 1183.74
534 1069.89 147.387
535 674.764 568.78
536 799.434 140.361
537 461.788 839.088
538 740.609 1097.99
539 976.098 480.851
540 84.348 507.178
541 83.3443 309.684
542 727.361 417.03
543 720.809 494.902
544 190.793 707.76
545 532.549 1235.46
546 1177.04 34.4818
547 673.047 1073.29
548 363.256 67.5556
549 409.31 134.378
550 1060.54 1145.51
551 91.1523 389.892
552 243.432 1120.46
553 565.151 438.233
554 376.69 985.155
555 950.525 1217.39
556 941.223 1206.63
557 1101.47 14.6011
558 564.224 536.825
559 995.654 531.073
560 1116.91 417.657
561 292.072 1228.62
562 558.511 894.977
563 531.542 950.806
564 296.895 1105.57
565 275.83 311.035
566 151.938 1038.73
567 562.371 1077.54
568 883.367 129.986
569 1118.68 809.364
570 976.931 172.488
571 730.218 209.461
572 1147.97 156.304
573 150.784 761.148
574 575.419 1029.87
575 1096.22 58.7944
576 209.152 378.389
577 666.561 82.2726
578 27.2539 162.104
579 647.882 817.895
580 999.166 113.879
581 623.403 420.659
582 239.252 667.613
583 303.425 396.541
584 1210.64 428.766
585 867.375 626.532
586 805.649 386.62
587 423.554 539.211
588 645.869 82.4178
589 419.511 395.451
590 1165.86 1131.11
591 648.526 80.6512
592 369.779 129.437
593 809.123 962.455
594 988.165 445.529
595 648.958 131.791
596 532.531 1199.18
597 398.769 883.714
598 587.155 722.847
599 668.101 370.398
600 925.319 870.511
601 387.808 125.585
602 967.28 452.352
603 514.889 1179.48
604 113.03 361.905
605 1125.65 910.611
606 589.558 588.158
607 959.222 471.532
608 1164.81 73.8571
609 1057.64 39.0296
610 620.177 547.432
611 346.99 745.09
612 91.1422 1092.08
613 1138.18 1006.24
614 912.85 261.731
615 151.247 288.954
616 13.5111 103.697
617 1010.39 512.351
618 606.225 239.04
619 471.461 735.632
620 111.47 929.835
621 1086.99 1210.76
622 369.857 194.869
623 1180.66 687.841
624 112.374 434.44
625 709.179 172.904
626 523.228 951.994
627 590.011 29.9579
628 883.396 1234.19
629 2.23899 686.181
630 242.27 441.167
631 6.71696 189.512
632 812.221 458.297
633 504.428 649.122
634 699.539 529.868
635 429.962 1140.31
636 540.831 146.817
637 810.297 1254.41
638 324.09 1064.83
639 484.371 1073.37
640 602.442 873.824
641 747.751 334.885
642 404.643 844.917
643 69.6889 561.686
644 1001.71 236.717
645 344.611 470.968
646 447.306 473.391
647 1151.15 1004.8
648 113.841 968.168
649 346.425 365.572
650 317.18 1206.75
651 822.596 678.769
652 388.397 287.835
653 980.29 728.288
654 1190.56 29.5792
655 709.71 240.884
656 939.602 724.282
657 573.235 1228.85
658 940.049 657.846
659 829.737 1075.42
660 959.03 386.072
661 1007.12 480.58
662 135.609 419.887
663 455.676 80.2175
664 768.811 762.027
665 616.857 1199.4
666 713.243 510.991
667 310.888 1024.49
668 620.546 1212.87
669 900.728 942.429
670 491.921 764.961
671 985.771 1086.1
672 894.733 793.682
673 1189.6 162.567
674 569.513 359.868
675 1042.9 1169.72
676 755.542 35.7466
677 397.66 768.667
678 847.997 449.968
679 820.588 1246.23
680 1135.38 86.0171
681 488.407 264.857
682 28.674 1009.63
683 903.886 413.826
684 1.42832 1019.24
685 276.285 211.439
686 842.206 974.731
687 752.592 927.635
688 127.118 238.606
689 23.1619 235.48
690 1164.94 101.372
691 93.69 898.26
692 293.462 996.696
693 585.611 660.655
694 46.015 879.651
695 422.201 310.649
696 1189.06 1068.07
697 947.554 199.078
698 314.655 1245.57
699 141.72 694.047
700 1121.05 1193.88
701 335.5 1186.56
702 373.965 1236.77
703 1063.83 1061.94
704 1260.45 312.302
705 181.997 207.261
706 597.196 452.554
707 122.132 109.054
708 112.161 1200.41
709 1194.31 927.405
710 818.751 894.059
711 1.73714 590.745
712 930.835 307.213
713 1207.15 96.3241
714 381.091 322.732
715 885.74 528.516
716 662.315 45.9083
717 494.777 244.02
718 36.0554 736.249
719 310.309 459.735
720 369.819 384.256
721 278.561 1209.48
722 986.383 1196.25
723 147.773 648.92
724 753.206 642.28
725 683.73 1052.36
726 345.267 104.808
727 311.451 982.731
728 657.49 49.7595
729 751.527 446.33
730 734.542 616.997
731 633.865 255.592
732 559.631 1129.61
733 689.482 276.061
734 700.421 1023.76
735 233.632 1043.01
736 734.812 826.07
737 669.146 690.573
738 337.691 876.804
739 1084.02 351.714
740 482.579 550.829
741 972.057 83.4601
742 737.01 460.613
743 933.078 602.48
744 401.782 882.894
745 225.292 886.339
746 1010.75 943.771
747 670.909 494.005
748 313.844 244.946
749 156.373 399.389
750 1259.21 325.464
751 1231.29 343.5
752 392.792 732.775
753 769.037 362.37
754 30.7281 1054.95
755 826.503 31.3935
756 905.276 237.448
757 1243.67 972.964
758 54.6235 716.398
759 1188.9 1220.99
760 741.361 1060.89
761 260.074 169.815
762 873.234 153.371
763 552.723 581.837
764 670.962 910.567
765 102.337 605.307
766 66.4747 195.92
767 892.953 450.384
768 668.894 1064.83
769 1033.98 923.359
770 40.0701 1249.86
771 57.5574 1160.81
772 539.827 317.243
773 508.173 989.757
774 64.3515 702.115
775 921.651 1234.84
776 1009.67 627.997
777 410.854 676.907
778 601.415 331.988
779 324.19 631.944
780 174.95 558.667
781 315.843 486.873
782 246.132 616.109
783 1134.66 272.077
784 646.256 965.968
785 647.337 766.389
786 1100.35 699.839
787 802.461 97.7433
788 489.99 787.274
789 1008.55 74.0115
790 1202.64 97.7047
791 577.542 258.294
792 75.138 1151.39
793 649.537 156.189
794 421.894 773.27
795 258.339 778.52
796 1008.51 540.029
797 450.391 998.203
798 783.838 261.459
799 613.594 411.751
800 1241.57 903.116
801 413.595 459.378
802 432.201 698.062
803 1232.21 964.124
804 556.735 698.1
805 1201.06 457.332
806 1207.86 463.354
807 1043.06 896.028
808 219.551 1113.86
809 1078.16 54.7485
810 1179.49 850.737
811 1121.15 214.093
812 935.469 521.066
813 1086.58 278.947
814 258.834 250.072
815 801.914 132.148
816 801.518 1180.53
817 726.782 146.229
818 1046.42 455.402
819 668.839 114.381
820 113.036 24.5608
821 26.0958 1226.89
822 253.826 594.653
823 352.91 218.957
824 34.3182 496.514
825 1190.83 84.4343
826 814.335 399.466
827 794.832 481.391
828 836.454 87.2432
829 440.308 823.608
830 839.079 1038.4
831 283.123 838.23
832 400.277 774.689
833 0.501842 445.644
834 455.363 1168.09
835 491.187 391.6
836 660.115 222.046
837 84.0392 48.7264
838 242.765 149.626
839 160.465 535.899
840 860.242 702.935
841 993.994 1236.81
842 259.501 989.786
843 1097.57 196.191
844 96.4694 556.658
845 1187.24 861.169
846 469.561 512.582
847 1159.62 335.239
848 491.295 635.756
849 775.268 766.66
850 141.056 1219.75
851 534.5 498.522
852 80.3048 844.802
853 1047.71 707.915
854 1166.2 819.594
855 247.717 571.723
856 1174.19 603.677
857 585.533 457.873
858 234.051 978.128
859 14.013 590.368
860 777.313 1019.09
861 1191.26 1209.44
862 871.043 68.9839
863 876.786 1049.51
864 406.754 545.386
865 113.725 1137.26
866 400.963 997.246
867 663.589 283.463
868 1209.94 839.359
869 619.106 1179.38
870 320.784 469.376
871 838.577 820.665
872 850.313 340.905
873 951.762 957.244
874 468.22 664.94
875 736.604 548.011
876 837.458 581.605
877 231.507 717.064
878 579.869 270.493
879 183.751 930.183
880 125.962 591.024
881 895.511 1221.03
882 235.788 285.48
883 222.74 409.619
884 180.096 488.904
885 941.3 1254.41
886 304.734 1132.81
887 1000.25 794.965
888 92.7594 627.35
889 1251.68 143.565
890 1065.56 709.025
891 929.063 1131.11
892 139.896 1208.43
893 175.992 682.582
894 239.07 966.856
895 563.259 904.352
896 1041.27 377.162
897 771.347 855.756
898 733.652 954.28
899 1061.74 336.706
900 429.454 57.4802
901 1083.43 300.796
902 64.9306 687.37
903 702.844 70.653
904 118.898 4.8254
905 866.642 562.564
906 946.087 1057.47
907 60.5521 655.916
908 757.665 504.235
909 580.669 37.8697
910 197.726 486.023
911 863.708 1122.93
912 359.245 299.792
913 561.12 15.8273
914 85.4289 736.163
915 1222.06 1258.9
916 490.415 340.442
917 870.953 1195.93
918 290.952 1045.3
919 132.149 844.03
920 1037.45 580.215
921 193.951 29.7722
922 816.573 483.08
923 696.402 568.364
924 1207.53 535.156
925 206.373 951.762
926 138.441 813.294
927 1044.76 1100.78
928 440.076 808.553
929 363.681 50.2705
930 187.226 46.4874
931 1130.37 886.522
932 403.337 415.372
933 749.636 1024.95
934 186.685 1060.28
935 799.356 661.543
936 773.738 379.17
937 1157.03 176.773
938 1198.97 196.027
939 465.392 549.596
940 358.913 1024.22
941 424.172 1108.49
942 1044.87 543.147
943 743.138 1260.37
944 769.593 689.308
945 377.454 1088.96
946 139.551 684.869
947 638.574 680.767
948 213.126 167.586
949 218.687 511.724
950 337.971 912.396
951 956.896 788.239
952 1141.81 577.706
953 363.293 143.411
954 548.204 126.435
955 1153.44 1027.15
956 972.125 832.673
957 434.985 295.787
958 719.139 1171.62
959 1157.83 469.994
960 825.8 329.44
961 697.83 48.3017
962 161.207 187.582
963 1170.76 492.384
964 1233.78 64.1677
965 446.562 924.749
966 760.467 1131.97
967 836.413 245.757
968 1040.57 1028.78
969 539.364 244.049
970 4.67099 707.143
971 322.607 175.799
972 1122.7 750.176
973 264.145 1098.62
974 740.178 793.112
975 1116.27 901.346
976 388.417 1026.73
977 765.656 649.655
978 156.768 461.395
979 156.398 98.3701
980 441.657 512.003
981 691.225 679.31
982 1155.92 485.321
983 918.64 1116.53
984 160.628 873.908
985 819.314 278.599
986 455.199 734.271
987 613.133 280.616
988 23.548 527.474
989 389.628 1173.65
990 116.848 1085.57
991 0.386032 129.894
992 458.179 4.47797
993 242.302 637.57
994 481.451 71.6861
995 976.931 130.865
996 671.992 850.274
997 1038.81 528.294
998 893.485 717.247
999 853.015 266.062
1000 190.738 913.245
1001 231.193 310.302
1002 983.224 766.081
1003 553.19 858.111
1004 407.264 583.303
1005 716.536 1045.89
1006 1165.04 1024.3
1007 508.94 331.596
1008 142.562 1159.57
1009 380.434 1063.91
1010 991.407 383.909
1011 1097.91 750.185
1012 257.242 744.386
1013 431.96 1091.24
1014 764.763 208.652
1015 49.8672 1076.8
1016 1054.77 841.357
1017 1244.95 1008.7
1018 170.433 368.361
1019 960.291 533.651
1020 1.69854 736.134
1021 141.828 1065.02
1022 869.383 321.101
1023 1077.26 1119.11
1024 1252.79 229.582
1025 924.971 175.615
1026 1082.16 95.8995
1027 347.528 221.544
1028 1085.52 595.193
1029 1029.56 97.7138
1030 69.1383 746.895
1031 164.758 1200.21
1032 674.977 449.621
1033 1182.47 923.089
1034 553.531 391.9
1035 1041.9 619.002
1036 646.025 757.79
1037 1175.54 670.576
1038 331.717 115.578
1039 943.6 900.535
1040 1088.7 1082.94
1041 347.362 279.767
1042 135.999 141.288
1043 112.957 573.344
1044 870.888 58.4452
1045 435.521 104.161
1046 471.721 23.9817
1047 291.57 947.131
1048 1054.95 662.933
1049 803.826 341.454
1050 1180.72 741.49
1051 1239.86 342.613
1052 614.37 849.627
1053 323.814 987.2
1054 920.416 126.889
1055 1134.82 356.201
1056 26.945 225.452
1057 1009.52 319.798
1058 398.781 15.2188
1059 139.626 238.036
1060 1168.4 1065.53
1061 904.617 1013.23
1062 709.141 370.754
1063 251.878 486.169
1064 1178.13 795.959
1065 65.4872 74.813
1066 1152.46 975.619
1067 65.7026 600.907
1068 1148.91 1013.8
1069 608.153 686.635
1070 493.109 319.065
1071 740.458 619.813
1072 1237.13 885.451
1073 1202.64 505.209
1074 579.781 538.746
1075 353.607 511.617
1076 653.065 981.023
1077 52.0351 1139.11
1078 447.334 33.0921
1079 1074.13 18.4523
1080 526.558 660.085
1081 57.5228 522.889
1082 137.551 653.822
1083 1192.22 780.373
1084 145.38 1009.48
1085 112.181 861.469
1086 182.508 947.795
1087 602.596 1195.05
1088 1071.24 537.481
1089 570.285 230.586
1090 310.108 703.166
1091 56.9011 822.518
1092 1000.94 150.06
1093 970.509 413.681
1094 102.839 953.424
1095 1232.91 1084.25
1096 723.385 530.485
1097 1115.01 973.071
1098 532.029 435.599
1099 1009.13 992.643
1100 85.4675 36.3734
1101 413.44 367.85
1102 563.337 497.983
1103 684.396 589.519
1104 68.6365 447.952
1105 515.694 560.094
1106 980.802 780.527
1107 876.64 923.813
1108 996.982 20.9615
1109 213.717 530.794
1110 1087.22 958.942
1111 1089.21 1175.62
1112 695.613 5.71327
1113 274.544 879.236
1114 63.6485 863.361
1115 888.105 858.274
1116 166.672 410.622
1117 1217.66 976.082
1118 1026.96 686.065
1119 899.292 401.357
1120 629.001 171.167
1121 622.333 970.369
1122 478.718 1094.6
1123 260.031 763.373
1124 544.85 738.488
1125 867.103 231.744
1126 724.814 1200.07
1127 938.751 219.845
1128 1191.12 248.605
1129 1245.38 393.8
1130 969.167 1049.35
1131 476.634 1042.1
1132 830.718 1018.36
1133 560.22 1247.35
1134 312.123 1227.09
1135 520.603 1008.59
1136 192.888 965.861
1137 398.042 505.007
1138 802.591 652.703
1139 991.269 109.488
1140 656.293 698.872
1141 762.604 887.217
1142 643.84 960.177
1143 551.725 95.4362
1144 815.879 504.051
1145 143.256 422.126
1146 480.571 615.103
1147 237.131 649.46
1148 440.269 251.809
1149 3.01105 415.641
1150 13.0093 1207.05
1151 282.73 339.129
1152 383.584 1067.15
1153 808.467 992.72
1154 673.626 1200.72
1155 1249.79 1111.2
1156 381.052 368.322
1157 574.57 1259.21
1158 102.298 1101.54
1159 1242.32 369.124
1160 307.137 141.944
1161 900.034 159.865
1162 1256.81 199.617
1163 1248.14 637.348
1164 1030.27 897.997
1165 1172.42 906.519
1166 1228.28 441.891
1167 846.993 266.362
1168 170.356 1150.62
1169 592.846 751.566
1170 1252.07 600.714
1171 1041.28 422.242
1172 704.384 211.477
1173 962.532 1071.78
1174 706.014 237.226
1175 572.447 350.557
1176 390.301 541.187
1177 340.407 386.427
1178 411.78 116.668
1179 469.082 1209.4
1180 1058.08 257.84
1181 1095.41 1045.76
1182 1055.41 117.006
1183 1094.92 869.614
1184 1242.9 236.059
1185 1208.16 616.57
1186 450.577 721.889
1187 865.561 768.792
1188 807.772 844.522
1189 933.85 363.767
1190 703.234 1011.1
1191 898.181 334.458
1192 410.569 464.907
1193 204.25 1235.74
1194 974.162 804.847
1195 960.139 922.008
1196 1050.86 604.805
1197 743.469 162.404
1198 631.78 946.512
1199 917.366 583.829
1200 1044.35 57.9048
1201 809.471 907.455
1202 1192.49 11.1563
1203 872.085 673.742
1204 106.12 319.791
1205 499.448 632.591
1206 1202.6 358.199
1207 408.769 1173.08
1208 487.481 287.178
1209 869.46 671.473
1210 205.816 727.902
1211 186.533 331.138
1212 940.49 615.567
1213 1224.65 111.37
1214 1050.33 657.876
1215 1100.69 1185.39
1216 1255.41 1035.35
1217 351.299 1150.81
1218 585.036 734.889
1219 881.736 1092.28
1220 505.239 476.45
1221 1211.79 516.434
1222 119.593 923.629
1223 381.245 1009.01
1224 374.307 485.204
1225 553.608 658.85
1226 738.595 665.914
1227 868.619 374.422
1228 656.375 919.451
1229 75.4205 262.463
1230 1074.63 1236.62
1231 941.609 199.926
1232 1248.06 134.766
1233 842.204 296.057
1234 35.3219 198.536
1235 60.414 287.324
1236 1188.28 689.848
1237 153.293 840.507
1238 304.386 402.477
1239 985.269 1134.63
1240 1058.76 398.085
1241 1163.19 650.898
1242 956.047 556.846
1243 327.973 702.24
1244 1004.04 652.587
1245 328.141 324.469
1246 773.145 551.572
1247 179.174 623.557
1248 565.49 553.425
1249 366.19 715.124
1250 803.757 97.2415
1251 808.528 1200.21
1252 794.078 747.59
1253 257.646 1174.7
1254 234.854 733.075
1255 1163.65 440.348
1256 326.433 1042.6
1257 977.681 861.71
1258 1055.49 970.755
1259 930.576 944.003
1260 273.619 620.363
1261 502.498 376.815
1262 656.486 995.045
1263 176.618 1170.65
1264 14.9394 854.52
1265 784.929 1148.06
1266 63.5246 541.95
1267 514.772 1221.68
1268 361.461 1202.68
1269 589.625 878.107
1270 1181.41 552.961
1271 840.239 356.857
1272 905.94 276.206
1273 548.897 1113.6
1274 125.306 876.293
1275 301.182 1118.87
1276 479.027 215.338
1277 873.651 887.226
1278 606.688 622.052
1279 156.15 984.468
1280 682.592 402.17
1281 1180.76 213.321
1282 214.93 491.033
1283 619.852 619.166
1284 256.016 819.478
1285 986.94 67.9122
1286 996.117 305.392
1287 641.199 602.596
1288 768.473 286.667
1289 446.407 191.288
1290 1216.46 254.279
1291 208.447 798.555
1292 1206.58 516.134
1293 263.505 365.427
1294 473.271 965.977
1295 49.8469 958.951
1296 1179.33 1223.88
1297 346.464 336.041
1298 728.79 154.336
1299 438.504 284.476
1300 689.723 811.912
1301 991.523 395.644
1302 1218.43 178.935
1303 917.527 177.893
1304 840.739 1112.98
1305 849.888 831.938
1306 621.554 1092.08
1307 96.894 1054.76
1308 50.9338 980.878
1309 2.89524 397.613
1310 4.90261 1174.23
1311 292.96 712.624
1312 554.767 36.4506
1313 1090.65 898.914
1314 665.558 658.339
1315 68.2606 748.68
1316 955.352 12.4394
1317 355.806 613.019
1318 661.882 288.607
1319 310.522 1262.64
1320 978.301 531.838
1321 377.346 639.539
1322 734.349 603.261
1323 302.639 247.263
1324 490.106 670.19
1325 222.415 272.384
1326 1172.38 694.472
1327 1084.02 301.607
1328 1060.76 721.341
1329 742.299 256.682
1330 646.912 738.942
1331 599.441 515.893
1332 797.619 62.1125
1333 142.176 904.396
1334 1087.65 940.692
1335 431.265 328.011
1336 191.047 334.304
1337 898.725 694.017
1338 1238.41 1223.8
1339 417.81 80.4491
1340 930.067 716.137
1341 618.848 119.863
1342 79.8294 61.7743
1343 38.4792 83.1127
1344 169.97 407.003
1345 435.907 133.731
1346 386.765 862.443
1347 57.5817 679.802
1348 244.637 329.14
1349 438.786 599.237
1350 915.39 966.663
1351 502.112 847.495
1352 181.856 131.521
1353 787.233 407.881
1354 654.234 1144.7
1355 878.918 141.133
1356 655.293 1205.9
1357 76.0117 638.497
1358 68.2119 76.9362
1359 458.413 392.517
1360 564.649 187.843
1361 515.251 66.7393
1362 66.9603 1185
1363 855.987 298.759
1364 470.264 1193.26
1365 326.851 803.294
1366 261.266 715.781
1367 299.213 210.204
1368 608.039 589.326
1369 293.075 82.4196
1370 816.988 84.6568
1371 514.144 1185.32
1372 39.7999 1064.1
1373 717.341 1174.47
1374 1016.37 342.381
1375 748.979 1099.19
1376 819.971 961.885
1377 56.1392 944.668
1378 1012.02 107.973
1379 561.075 1080.2
1380 659.613 872.741
1381 418.575 1149.15
1382 910.987 606.842
1383 230.4 823.879
1384 196.497 305.739
1385 333.918 889.92
1386 664.322 813.254
1387 208.809 1093.47
1388 743.42 919.374
1389 105.387 1230.29
1390 522.031 13.0184
1391 1046.59 1224.3
1392 394.362 778.511
1393 100.947 834.224
1394 1102.28 442.47
1395 242.158 964.78
1396 389.671 768.244
1397 422.886 434.334
1398 887.37 628.769
1399 629.557 16.478
1400 45.7834 1217.05
1401 1116.94 346.936
1402 207.068 921.188
1403 301.552 948.558
1404 983.695 244.985
1405 581.75 1060.86
1406 206.377 1117.68
1407 98.5519 766.467
1408 1094.83 682.784
1409 520.217 920.611
1410 512.998 710.462
1411 243.509 1193.66
1412 1224.03 1179.4
1413 1246.61 1210.09
1414 205.682 47.868
1415 1038.19 297.987
1416 576.299 1110.38
1417 312.879 961.846
1418 854.035 566.125
1419 64.1097 961.104
1420 756.198 484.393
1421 1163.46 447.257
1422 550.057 126.889
1423 713.619 671.232
1424 1013.87 1221.68
1425 1039.61 1161.88
1426 29.184 998.819
1427 125.653 1022.57
1428 309.598 414.367
1429 873.436 818.59
1430 552.879 978.793
1431 490.492 266.285
1432 1083.98 695.291
1433 733.824 727.023
1434 360.765 1139.46
1435 334.921 1044.92
1436 577.374 941.957
1437 859.793 53.0499
1438 1120 735.979
1439 240.845 38.14
1440 775.886 878.888
1441 42.9633 1118.03
1442 244.783 443.676
1443 790.439 756.932
1444 256.451 400.045
1445 38.6804 257.608
1446 230.632 1171.19
1447 619.697 485.512
1448 1050.21 568.827
1449 887.295 309.134
1450 738.942 314.625
1451 1020.75 1106.44
1452 1137.52 418.343
1453 484.74 139.328
1454 238.992 1049.48
1455 403.249 223.667
1456 793.064 813.834
1457 442.557 966.624
1458 477.257 217.152
1459 866.294 1170.06
1460 453.472 775.422
1461 744.617 906.094
1462 305.081 677.139
1463 582.404 1230.01
1464 411.896 1130.04
1465 77.2836 1241.56
1466 1059.85 222.586
1467 1077.57 1109.34
1468 1176.54 1176.7
1469 332.181 796.856
1470 98.2939 673.982
1471 980.521 266.208
1472 275.048 651.901
1473 705.126 1021.21
1474 1081.86 1208.59
1475 77.5314 174.959
1476 1052.36 212.009
1477 123.666 339.901
1478 323.186 258.689
1479 1045.95 1074.1
1480 883.741 519.599
1481 324.779 902.466
1482 13.3181 762.297
1483 364.16 1254.37
1484 864.559 314.702
1485 631.317 758.205
1486 1200.43 954.348
1487 987.537 692.975
1488 1023.8 489.064
1489 583.022 961.49
1490 357.805 261.884
1491 144.618 178.086
1492 910.997 1117.95
1493 770.331 736.974
1494 1097.03 506.831
1495 137.119 1252.14
1496 31.3763 312.425
1497 196.958 747.599
1498 1108.34 1127.6
1499 851.625 638.999
1500 77.4989 1038.86
1501 521.382 508.862
1502 1184.11 135.497
1503 298.959 667.034
1504 664.824 1251.72
1505 374.76 745.659
1506 1040.43 582.763
1507 692.017 360.206
1508 1108.39 1154.94
1509 134.995 675.642
1510 1217.34 1140.72
1511 1211.48 91.0263
1512 1224.66 823.136
1513 1157.74 326.824
1514 1110.96 1037.42
1515 184.412 570.71
1516 335.578 472.31
1517 498.638 748.409
1518 723.016 1228.63
1519 768.49 778.751
1520 149.957 197.88
1521 408.267 1205.7
1522 116.194 74.8993
1523 1022.37 877.798
1524 1135.91 1182.15
1525 901.501 886.949
1526 1218.48 1041.01
1527 852.088 1234.61
1528 130.314 515.941
1529 275.665 1023.73
1530 532.927 844.068
1531 342.412 174.11
1532 281.958 1087.5
1533 718.599 114.043
1534 419.787 94.9639
1535 702.582 1136.06
1536 483.853 173.183
1537 1234.97 1163.89
1538 665.365 1201.06
1539 1200.58 702.848
1540 1085.37 465.988
1541 244.19 121.957
1542 586.112 776.397
1543 1100.42 233.742
1544 924.469 0.386032
1545 351.21 879.42
1546 1207.2 534.548
1547 806.498 204.259
1548 234.553 230.547
1549 56.255 44.9727
1550 1169.93 737.128
1551 789.59 220.694
1552 260.287 646.256
1553 202.098 1088.26
1554 311.18 525.004
1555 723.771 980.916
1556 289.987 842.678
1557 104.46 1143.47
1558 1090.27 1082.74
1559 807.666 166.92
1560 692.919 92.9951
1561 14.9394 677.997
1562 1256.7 1132.74
1563 884.284 100.841
1564 1218.99 76.1346
1565 589.316 916.951
1566 857.184 992.064
1567 1015.53 765.665
1568 478.641 962.495
1569 1161.11 946.049
1570 671.822 550.915
1571 1236.08 749.867
1572 826.726 1264.84
1573 761.318 75.7009
1574 489.921 451.233
1575 877.528 427.762
1576 194.908 194.792
1577 1140.26 884.601
1578 1102.85 177.268
1579 323.974 118.898
1580 985.54 1144.44
1581 234.013 188.075
1582 1006.48 351.916
1583 1100.11 46.6418
1584 1245.14 818.629
1585 492.673 891.427
1586 572.987 1101.31
1587 616.455 710.887
1588 870.85 33.662
1589 1193.56 344.427
1590 35.8624 348.78
1591 636.957 382.481
1592 371.765 1089.31
1593 687.243 562.651
1594 556.642 296.752
1595 179.852 121.223
1596 67.3788 1053.61
1597 1051.59 1037.46
1598 537.86 145.534
1599 239.291 787.746
1600 1145.59 1004.16
1601 1127.37 1220.22
1602 1137.98 1100.92
1603 976.852 147.806
1604 985.505 997.121
1605 1081.35 390.278
1606 191.935 235.364
1607 897.216 1082.02
1608 649.885 642.482
1609 482.761 839.813
1610 365.148 828.579
1611 608.801 159.277
1612 863.391 735.545
1613 698.009 846.77
1614 1050.06 160.521
1615 950.141 395.413
1616 1196.93 407.034
1617 244.86 22.8236
1618 235.827 929.372
1619 8.06807 1244.34
1620 670.422 1239.01
1621 655.521 1119.22
1622 1206.74 1189.13
1623 51.0883 917.366
1624 694.78 1181.95
1625 1221.68 844.599
1626 1075.98 1011.75
1627 148.978 548.127
1628 216.08 11.0497
1629 793.489 0.810667
1630 328.987 261.498
1631 649.962 892.592
1632 31.7237 839.822
1633 68.7137 574.416
1634 215.461 409.889
1635 1237.77 274.971
1636 868.649 58.0224
1637 691.229 973.582
1638 74.5428 963.777
1639 648.371 536.285
1640 376.844 275.983
1641 277.187 83.4693
1642 751.232 322.809
1643 1173 187.042
1644 1111.15 775.084
1645 549.128 413.372
1646 1174.93 842.515
1647 114.072 939.534
1648 210.889 350.942
1649 206.962 540.599
1650 1087.72 1257.58
1651 527.706 356.385
1652 415.921 845.68
1653 98.1293 800.292
1654 477.329 825.143
1655 1180.86 158.273
1656 771.331 493.774
1657 933.819 1151.58
1658 10.114 14.5239
1659 384.01 796.277
1660 317.357 436.139
1661 438.896 1037.82
1662 821.669 709.025
1663 259.814 1011.1
1664 296.064 634.013
1665 637.568 1238.44
1666 548.165 866.951
1667 849.077 1048.46
1668 407.495 193.566
1669 822.529 1088.7
1670 678.644 196.692
1671 1115.41 488.176
1672 324.051 749.606
1673 573.004 1031.99
1674 565.691 824.033
1675 575.752 93.6128
1676 863.3 776.397
1677 714.97 1153.08
1678 147.966 108.9
1679 600.627 803.11
1680 1181.3 996.542
1681 781.158 228.068
1682 263.042 918.765
1683 127.846 990.297
1684 475.159 475.832
1685 1169.05 711.882
1686 346.189 210.542
1687 201.698 1255.88
1688 909.993 99.5282
1689 559.86 1215.55
1690 711.481 473.507
1691 499.06 602.103
1692 458.76 14.4008
1693 883.203 560.219
1694 586.576 213.785
1695 659.32 299.531
1696 934.799 769.786
1697 701.495 383.291
1698 952.573 1254.38
1699 574.586 929.381
1700 740.062 700.109
1701 848.945 1054.8
1702 1204.15 351.993
1703 1196.04 1121.66
1704 946.638 1005.08
1705 737.943 9.30337
1706 1193.38 731.029
1707 1042.36 1062.86
1708 42.8028 904.475
1709 599.91 478.178
1710 693.893 1082.44
1711 700.028 101.604
1712 966.275 808.969
1713 1239.66 1244.58
1714 386.843 789.976
1715 1264.59 719.757
1716 1167.07 938.723
1717 1087.76 1211.79
1718 357.234 574.417
1719 679.455 611.513
1720 122.565 772.536
1721 373.978 599.748
1722 1136.63 86.3645
1723 818.156 246.752
1724 489.46 1086.46
1725 1180.19 560.055
1726 943.617 1164.54
1727 788.741 1162.84
1728 428.556 1235.57
1729 640.473 1121.46
1730 452.623 602.364
1731 48.0203 390.056
1732 518.059 1045.95
1733 660.998 733.926
1734 572.794 377.964
1735 356.511 1218.86
1736 230.345 475.283
1737 560.75 110.405
1738 282.691 568.162
1739 5.90629 913.979
1740 1165.16 11.8989
1741 653.514 91.6531
1742 269.751 2.3548
1743 764.167 847.417
1744 508.878 523.845
1745 875.366 702.964
1746 886.909 1251.02
1747 1083.17 466.713
1748 976.003 284.853
1749 190.931 514.821
1750 1043.65 463.624
1751 19.8034 830.789
1752 1028.94 935.008
1753 1173.43 842.283
1754 682.968 153.881
1755 398.279 164.99
1756 366.696 319.451
1757 750.676 688.381
1758 624.289 590.59
1759 1194.81 0.11581
1760 363.411 1196.47
1761 487.404 1211.3
1762 119.294 592.723
1763 551.632 288.607
1764 778.858 866.767
1765 331.181 45.1749
1766 907.185 130.054
1767 894.359 830.055
1768 597.693 602.364
1769 1028.61 582.638
1770 933.503 300.024
1771 765.749 1036.19
1772 870.386 247.678
1773 611.784 1122.16
1774 915.43 725.972
1775 28.1275 784.156
1776 732.954 581.134
1777 950.797 987.549
1778 99.9051 1162.51
1779 1109.07 1172.08
1780 1264.13 1254.65
1781 264.635 870.704
1782 802.059 453.435
1783 118.124 635.409
1784 1140.46 699.953
1785 1076.41 831.552
1786 891.695 104.46
1787 65.1155 65.9343
1788 123.299 1199.59
1789 417.144 483.428
1790 1028.2 741.606
1791 1015.28 854.443
1792 1016.54 648.341
1793 354.105 732.891
1794 1116.14 408.701
1795 1159.99 178.317
1796 156.266 130.449
1797 307.259 540.377
1798 1032.34 424.644
1799 725.011 53.1566
1800 43.4265 289.186
1801 40.2225 216.071
1802 525.621 1170.15
1803 117.132 726.242
1804 394.641 619.822
1805 18.6067 724.314
1806 124.611 348.75
1807 796.593 1191.57
1808 936.432 199.703
1809 1.35111 414.221
1810 538.939 1055.6
1811 720.915 470.38
1812 114.845 580.871
1813 791.492 115.462
1814 52.6141 459.271
1815 897.486 711.418
1816 905.477 405.111
1817 799.761 895.324
1818 8.72432 580.871
1819 1222.45 1161.12
1820 168.676 77.949
1821 1021.71 1184.97
1822 436.023 288.945
1823 527.011 346.618
1824 901.192 458.963
1825 401.13 150.098
1826 203.786 104.808
1827 827.342 784.07
1828 834.29 524.588
1829 571.48 268.301
1830 1116.98 984.382
1831 596.05 515.439
1832 258.418 769.255
1833 136.659 1196.13
1834 205.597 256.788
1835 1105.9 373.139
1836 797.542 838.046
1837 456.907 903.083
1838 713.773 507.825
1839 921.629 208.544
1840 825.739 365.041
1841 851.095 473.738
1842 438.146 240.7
1843 61.0601 562.14
1844 100.561 1010.56
1845 1104.94 519.599
1846 1254.65 761.834
1847 1263.24 748.641
1848 616.841 410.631
1849 619.984 475.099
1850 258.562 502.237
1851 1186.04 418.69
1852 620.851 1044.6
1853 1251.28 1256.53
1854 915.434 1055.49
1855 618.307 443.628
1856 1263.02 436.611
1857 662.856 302.041
1858 32.2641 1170.38
1859 655.753 1136.4
1860 97.1257 626.183
1861 1160.18 322.686
1862 742.64 458.654
1863 522.687 1052.41
1864 333.802 685.979
1865 755.365 132.071
1866 465.825 875.337
1867 673.573 933.927
1868 236.676 342.642
1869 76.3185 1149.69
1870 1152.04 509.417
1871 1261.62 822.287
1872 717.136 867.462
1873 20.9615 472.966
1874 595.609 743.305
1875 764.691 403.606
1876 605.83 1227.63
1877 1053.67 1026.73
1878 1180.18 763.533
1879 519.908 344.311
1880 963.796 1009.44
1881 600.316 998.047
1882 329.996 927.442
1883 929.025 781.213
1884 511.155 331.679
1885 140.109 75.4398
1886 1077.96 1008.59
1887 448.646 1018.01
1888 957.345 309.057
1889 189.103 1229.44
1890 189.97 107.519
1891 451.735 392.295
1892 196.7 799.743
1893 184.639 1030.95
1894 845.388 746.045
1895 651.854 1236.89
1896 1076.18 766.968
1897 1093.74 815.068
1898 89.5208 1069.27
1899 389.646 186.801
1900 234.661 838.384
1901 927.086 790.594
1902 511.415 183.751
1903 814.434 930.067
1904 1077.88 268.726
1905 9.38058 990.713
1906 114.991 498.029
1907 858.096 689.501
1908 601.052 516.327
1909 695.861 267.057
1910 693.931 521.375
1911 366.657 493.349
1912 1125.55 245.671
1913 385.453 1070.16
1914 1142.08 96.0153
1915 1238 1146.37
1916 935.579 493.165
1917 225.981 951.269
1918 993.638 584.307
1919 539.48 62.1603
1920 305.305 304.965
1921 916.657 114.072
1922 988.821 797.272
1923 958.247 283.395
1924 913.677 735.854
1925 414.212 715.665
1926 471.152 1024.26
1927 253.469 901.857
1928 65.8677 615.491
1929 1002.39 219.7
1930 999.815 536.623
1931 359.319 735.43
1932 922.346 42.7337
1933 923.157 887.989
1934 1244.05 38.2172
1935 1.93016 1256.31
1936 561.368 587.974
1937 507.642 45.3202
1938 1160.3 647.684
1939 273.374 1229.86
1940 380.242 578.469
1941 289.524 845.603
1942 184.038 372.289
1943 1075.79 328.561
1944 1160.84 332.653
1945 520.796 335.51
1946 202.59 226.369
1947 539.827 1146.67
1948 374.181 133.258
1949 266.323 550.829
1950 43.6582 887.42
1951 955.622 1107.72
1952 432.819 309.443
1953 527.433 318.215
1954 622.168 1182.39
1955 1196.08 117.247
1956 893.201 179.698
1957 866.569 919.798
1958 397.536 35.3991
1959 773.261 981.611
1960 967.979 852.213
1961 232.247 605.423
1962 793.357 0.308826
1963 153.82 293.577
1964 1008.51 127.4
1965 1003.52 840.324
1966 786.309 1132.97
1967 450.587 1260.17
1968 190.044 394.534
1969 556.967 815.386
1970 230.522 96.4399
1971 421.035 1131.77
1972 924.199 333.386
1973 1115.86 577.813
1974 1003.64 820.588
1975 1079.27 355.39
1976 125.576 228.347
1977 759.827 717.711
1978 834.154 816.921
1979 721.494 97.2029
1980 1157.25 1077.46
1981 1.81435 290.064
1982 459.421 685.516
1983 765 594.721
1984 868.842 481.97
1985 986.775 877.644
1986 1042.94 108.05
1987 1264.9 365.997
1988 748.603 32.1656
1989 285.857 601.447
1990 496.321 78.5961
1991 235.364 561.647
1992 855.061 374.528
1993 1246.46 385.423
1994 658.879 212.163
1995 887.53 360.717
1996 165.839 206.729
1997 901.596 1105.95
1998 689.839 420.659
1999 48.1768 1121.77
2000 472.001 1138.96
2001 261.768 982.268
2002 301.144 627.765
2003 89.3379 88.5171
2004 1262.72 99.7893
2005 117.47 728.249
2006 170.935 226.031
2007 331.795 332.46
2008 349.552 227.875
2009 1190.06 626.376
2010 709.84 547.596
2011 581.974 463.479
2012 504.312 874.796
2013 240.6 11.011
2014 767.05 74.7449
2015 1098.62 231.542
2016 59.008 512.853
2017 918.486 921.043
2018 744.461 1099.03
2019 595.84 323.697
2020 1214.69 37.7631
2021 515.7 123.221
2022 430.35 435.212
2023 29.4847 154.075
2024 825.491 214.296
2025 135.353 645.793
2026 1002.68 676.26
2027 1234.9 267.096
2028 770.961 1234.76
2029 873.891 652.124
2030 83.3829 58.686
2031 1050.35 940.846
2032 737.551 1218.36
2033 456.251 592.877
2034 777.507 855.024
2035 1043.87 1205.43
2036 942.999 1215.51
2037 500.714 98.747
2038 43.1827 689.222
2039 803.371 132.341
2040 1138.25 664.902
2041 864.634 12.1986
2042 1035.91 832.71
2043 1101.23 867.298
2044 653.861 328.204
2045 201.456 1142.24
2046 1071.01 840.208
2047 488.948 429.576
2048 82.9583 132.023
2049 11.5038 368.554
2050 1198.63 509.485
2051 608.346 1209.82
2052 477.792 811.564
