1 497.271 664.544
2 722.886 129.041
3 1177.88 948.682
4 959.19 93.0751
5 103.816 1079.83
6 254.856 1129.77
7 89.6534 910.333
8 109.449 30.4046
9 125.771 702.52
10 690.892 224.227
11 496.801 336.906
12 130.068 184.486
13 329.937 342.342
14 1112.95 611.376
15 1097.42 1124.07
16 381.834 156.537
17 1055.17 1101.52
18 241.386 744.463
19 448.702 37.8991
20 818.471 993.891
21 712.438 325.226
22 653.098 141.065
23 855.879 302.585
24 469.899 963.867
25 587.401 83.703
26 529.697 924.435
27 367.961 281.838
28 624.522 799.367
29 323.509 333.712
30 46.0763 1164.11
31 111.912 302.527
32 722.019 318.057
33 229.407 515.29
34 583.826 610.242
35 745.166 159.554
36 120.024 824.247
37 991.562 1024.98
38 244.826 427.578
39 985.478 374.508
40 808.376 1123.78
41 781.167 753.541
42 613.475 628.767
43 892.729 594.37
44 559.019 679.229
45 268.514 694.92
46 493.876 536.411
47 844.288 202.108
48 438.159 272.7
49 593.07 1044.68
50 980.103 765.387
51 466.775 443.848
52 140.373 49.9237
53 847.861 976.903
54 205.136 1152.02
55 897.946 782.956
56 1058.82 638.822
57 1089.52 544.631
58 110.135 679.565
59 217.243 889.806
60 1119.36 153.865
61 999.148 545.317
62 223.088 329.251
63 401.976 821.825
64 335.71 1143.55
65 476.062 1071.06
66 660.632 971.487
67 1006.49 836.905
68 17.08 124.816
69 1000.71 710.356
70 827.684 386.794
71 779.1 70.595
72 292.094 286.461
73 1023.61 547.175
74 921.37 258.026
75 495.714 639.528
76 360.486 1037.3
77 942.336 526.592
78 680.501 217.779
79 14.4801 203.586
80 570.787 515.084
81 102.372 958.645
82 656.624 933.91
83 703.061 1174.73
84 935.826 947.871
85 771.055 722.2
86 214.71 1027.44
87 227.936 176.164
88 385.33 893.397
89 606.27 810.814
90 840.459 147.782
91 296.969 578.049
92 864.473 430.487
93 294.162 1149
94 342.076 953.918
95 911.47 96.7583
96 243.562 373.65
97 115.48 120.483
98 735.148 206.136
99 112.373 516.589
100 197.016 56.0788
101 1008.96 514.928
102 923.534 512.818
103 678.507 657.13
104 815.687 185.35
105 255.659 826.702
106 883.359 1159.46
107 1089.58 346.531
108 658.054 1132.99
109 436.185 631.094
110 604.373 942.599
111 460.99 741.141
112 1115.7 719.744
113 668.333 363.844
114 398.787 440.434
115 964.389 606.054
116 1047.78 807.995
117 1087.6 522.981
118 181.958 895.997
119 953.252 65.0899
120 834.018 1138.48
121 512.545 453.575
122 1097.37 428.12
123 620.362 401.021
124 989.29 239.501
125 471.344 756.379
126 160.699 1126.25
127 846.439 529.336
128 893.924 729.458
129 820.198 67.3648
130 1151.23 723.644
131 320.916 987.716
132 374.749 456.936
133 660.725 505.829
134 919.204 898.814
135 254.395 396.127
136 364.768 804.334
137 325.01 420.39
138 1030.87 992.916
139 898.453 440.434
140 530.311 34.3045
141 772.652 405.029
142 418.893 714.256
143 345.825 94.8585
144 688.256 383.127
145 301.673 489.88
146 854.832 684.809
147 1148.72 664.677
148 578.947 1029.97
149 911.606 401.816
150 411.221 782.792
151 27.8408 847.104
152 1009.61 158.451
153 932.865 175.567
154 386.63 731.608
155 256.417 85.9057
156 415.791 305.871
157 753.914 1056.2
158 999.705 940.954
159 664.6 169.664
160 693.167 808.789
161 881.715 261.545
162 265.408 1081.96
163 496.368 433.845
164 498.679 103.311
165 942.687 551.147
166 906.252 928.877
167 961.431 150.29
168 168.742 653.374
169 413.82 839.721
170 1180.76 479.577
171 117.736 1147.94
172 904.664 692.445
173 646.766 750.799
174 876.101 1036.97
175 784.185 11.0332
176 528 377.658
177 602.676 1156.21
178 244.908 292.021
179 1044.77 1022.49
180 646.766 908.403
181 47.6652 677.315
182 772.161 785.159
183 484.568 689.373
184 372.8 679.285
185 983.022 640.214
186 763.303 837.121
187 992.825 108.458
188 359.367 176.867
189 246.194 541.778
190 1029.86 966.323
191 1180.98 225.093
192 102.652 274.781
193 392.985 859.382
194 593.294 327.14
195 340.878 667.838
196 539.609 323.832
197 93.4264 675.385
198 1103.38 327.337
199 667.096 706.656
200 259.378 943.626
201 1074.51 111.925
202 826.561 655.721
203 579.384 769.885
204 130.5 726.461
205 245.873 29.0685
206 942.94 474.919
207 352.216 1055.93
208 985.947 355.703
209 448.053 168.523
210 721.927 296.555
211 915.713 457.461
212 93.0915 245.223
213 839.687 546.525
214 875.812 763.024
215 729.041 525.184
216 756.179 44.5597
217 531.142 1171.01
218 229.515 603.815
219 401.074 884.622
220 817.458 829.358
221 364.747 1096.68
222 173.276 354.439
223 747.545 1132.07
224 593.793 957.601
225 827.099 9.24416
226 770.515 876.317
227 804.928 1042.82
228 949.548 990.353
229 130.321 622.32
230 994.361 977.95
231 536.837 837.246
232 342.838 646.605
233 978.581 1075.25
234 802.385 602.423
235 122.702 566.116
236 877.292 745.546
237 467.732 499.601
238 138.452 1107.82
239 57.7399 594.318
240 1113.99 867.034
241 596.125 266.02
242 130.574 520.076
243 777.865 494.271
244 496.976 906.505
245 1142.48 273.678
246 449.028 806.861
247 452.287 19.3385
248 82.5824 412.793
249 1101.93 1114.9
250 339.171 1130.1
251 488.173 1124.77
252 821.683 468.294
253 656.901 779.743
254 836.397 887.278
255 673.198 535.294
256 27.9852 999.558
257 375.002 375.183
258 517.166 872.87
259 184.739 16.3217
260 319.522 878.917
261 1167.54 1103.16
262 870.665 1054.34
263 442.762 375.363
264 317.623 739.047
265 211.099 500.087
266 970.781 257.211
267 1005.34 1041.66
268 609.392 884.714
269 305.284 653.446
270 1073.54 671.521
271 661.607 141.659
272 924.879 1133.89
273 1018.76 210.016
274 702.881 735.38
275 1005.05 755.854
276 933.624 700.606
277 984.618 881.625
278 988.484 69.8367
279 873.212 658.571
280 903.833 816.142
281 685.984 420.123
282 349.266 259.217
283 314.41 490.843
284 49.1818 197.558
285 493.515 602.226
286 1010.47 1009.65
287 832.717 123.171
288 814.29 822.605
289 570.23 458.344
290 1002.09 595.04
291 477.272 1051.34
292 467.251 250.314
293 864.747 720.069
294 952.999 9.67748
295 306.403 566.333
296 596.482 932.721
297 1076.52 250.493
298 381.033 213.121
299 984.277 320.548
300 996.311 682.659
301 81.0045 1108.72
302 293.559 1153.17
303 760.874 260.264
304 143.977 220.21
305 419.958 362.4
306 532.803 1051.02
307 105.188 545.281
308 286.208 1020.47
309 1020.43 414.073
310 150.881 868.718
311 478.586 773.368
312 212.734 712.883
313 808.864 248.42
314 166.395 766.254
315 1100.04 69.7842
316 152.801 67.2122
317 451.904 332.248
318 47.8818 471.524
319 832.506 776.834
320 1130.26 975.331
321 670.897 1000.48
322 313.975 624.847
323 619.704 124.074
324 234.643 705.842
325 140.74 85.8088
326 1108.57 164.156
327 523.848 1026.41
328 1110.91 496.568
329 566.168 457.475
330 982.216 752.119
331 556.74 781.095
332 356.34 228.921
333 926.961 1092.78
334 805.361 95.7473
335 226.37 1058.76
336 642.818 82.4949
337 738.326 349.653
338 237.604 696.562
339 49.2387 436.895
340 1091.49 123.821
341 700.462 758.293
342 946.178 1016.46
343 1055.96 71.3894
344 498.497 721.028
345 741.764 680.418
346 735.524 331.887
347 295.199 187.611
348 236.064 858.443
349 401.579 90.8888
350 849.775 321.146
351 140.973 783.731
352 481.96 1075.54
353 119.019 906.525
354 207.698 68.5006
355 418.416 403.693
356 467.985 34.7214
357 57.4324 786.512
358 340.192 705.609
359 997.71 574.349
360 200.287 234.101
361 588.6 729.636
362 682.214 252.734
363 71.7713 1085.49
364 1175.6 556.31
365 65.3405 873.139
366 272.053 1119
367 593.829 482.177
368 164.445 766.071
369 1082.53 236.468
370 321.668 500.773
371 850.39 187.303
372 918.379 995.369
373 1181.68 118.063
374 142.923 468.599
375 174.628 444.694
376 419.341 135.215
377 9.09972 391.252
378 811.838 369.441
379 1024.8 139.348
380 883.965 63.0677
381 429.791 1021.84
382 157.266 756.938
383 971.9 936.618
384 885.345 374.533
385 921.325 941.46
386 1096.66 41.1629
387 348.93 745.13
388 992.251 32.6073
389 873.862 868.842
390 13.2524 1069.81
391 1067.39 295.341
392 667.529 178.836
393 1064.31 300.182
394 225.653 372.964
395 604.59 234.915
396 679.328 1060.23
397 156.2 751.324
398 493.335 307.532
399 674.101 578.915
400 845.082 354.186
401 145.848 27.7161
402 459.283 24.3939
403 917.601 796.225
404 565.12 554.705
405 309.138 684.918
406 651.22 299.099
407 597.299 515.939
408 1090.49 884.101
409 562.738 532.297
410 1124.39 582.635
411 61.0937 658.738
412 339.976 849.451
413 1031.66 783.354
414 743.902 160.509
415 513.592 298.324
416 565.338 953.396
417 693.673 572.146
418 596.916 878.215
419 705.697 22.2634
420 1170.69 689.737
421 535.918 564.708
422 421.62 118.677
423 491.362 617.284
424 591.566 751.013
425 170.439 400.207
426 646.018 846.599
427 904.519 236.757
428 651.282 660.124
429 965.798 54.3094
430 42.9348 552.374
431 145.523 988.366
432 667.782 712.45
433 363.193 5.45261
434 597.099 475.552
435 381.284 312.063
436 283.148 144.532
437 1038.96 405.551
438 913.167 964.642
439 488.893 182.122
440 637.016 688.962
441 836.209 674.735
442 76.4908 86.8445
443 112.808 1092.4
444 725.341 1047.64
445 1033.22 1077.04
446 751.124 507.418
447 1091.03 773.098
448 131.332 387.783
449 324.108 942.288
450 437.699 67.6537
451 1103.34 123.313
452 414.755 795.9
453 1058.06 1040.22
454 478.897 464.338
455 969.156 273.372
456 296.391 147.329
457 262.303 675.601
458 242.969 389.863
459 778.242 908.275
460 1051.75 569.166
461 508.356 135.865
462 506.202 928.641
463 879.949 80.5228
464 960.258 288.735
465 848.765 1009.04
466 392.038 731.805
467 133.41 602.695
468 195.572 477.338
469 630.211 149.062
470 195.68 643.5
471 231.955 1095.78
472 1090.02 402.301
473 613.581 435.831
474 627.447 109.938
475 137.549 835.116
476 475.063 1028.79
477 933.696 329.431
478 134.458 478.891
479 658.468 704.309
480 393.635 358.303
481 1150.64 42.5737
482 763.05 447.567
483 103.563 203.391
484 623.56 831.721
485 156.199 806.589
486 616.173 1117.8
487 759.731 307.135
488 723.355 692.732
489 141.948 686.74
490 622.536 23.6882
491 724.114 290.577
492 103.306 189
493 1106.48 915.099
494 1046.4 714.925
495 183.655 357.053
496 807.621 110.119
497 180.849 149.676
498 452.566 578.443
499 329.972 894.336
500 1049.16 283.266
501 542.859 1142.88
502 844.396 100.458
503 697.586 190.717
504 911.236 839.304
505 587.252 189.344
506 420.754 849.11
507 441.228 453.561
508 790.917 630.083
509 1083.55 28.9717
510 1037.58 1181.29
511 586.607 1024.08
512 260.714 972.478
513 850.548 265.192
514 642.973 720.394
515 55.8468 1027.82
516 809.333 964.315
517 1155.51 825.855
518 216.233 145.379
519 291.32 924.235
520 59.3998 310.943
521 475.496 274.219
522 777.665 1004.65
523 1.37218 125.302
524 805.096 1100.18
525 63.048 344.509
526 256.138 843.585
527 700.967 458.364
528 149.098 1140.05
529 1036.21 349.834
530 653.513 729.711
531 491.583 57.2901
532 773.981 293.197
533 323.618 722.778
534 303.035 466.758
535 490.286 242.39
536 99.8901 960.943
537 568.552 555.263
538 739.414 1092.72
539 1120.82 1063.11
540 237.604 241.271
541 10.0386 385.169
542 471.145 406.635
543 580.333 57.1982
544 576.243 237.098
545 189.868 279.419
546 1127.32 544.466
547 1035.96 662.421
548 64.8163 45.1014
549 342.433 1006.19
550 167.153 1069.34
551 771.944 630.661
552 574.31 780.754
553 360.351 197.108
554 457.531 973.545
555 1100.45 209.257
556 296.535 1158.41
557 145.929 182.953
558 160.321 456.775
559 478.241 1017.42
560 981.19 187.411
561 1010.9 891.878
562 320.946 60.8289
563 643.923 199.11
564 1083.81 1180.2
565 402.879 1004.38
566 268.794 964.662
567 990.208 729.783
568 304.516 465.658
569 595.418 377.241
570 374.337 965.003
571 43.2444 755.638
572 1125.95 845.066
573 323.726 381.538
574 799.8 489.76
575 518.684 990.172
576 506.594 823.38
577 698.196 120.663
578 891.917 211.263
579 835.378 770.354
580 1173.1 355.125
581 909.054 643.464
582 467.733 356.586
583 715.732 344.365
584 471.344 894.769
585 655.017 545.317
586 121.928 789.906
587 341.874 775.173
588 655.18 136.529
589 289.097 1099.6
590 157.349 649.688
591 362.973 607.334
592 513.769 149.876
593 986.85 412.107
594 1014.92 913.655
595 102.248 433.953
596 740.508 855.032
597 754.131 81.5002
598 1006.53 396.038
599 685.331 607.859
600 477.098 75.9393
601 1131.94 155.004
602 634.593 52.307
603 886.265 1117.62
604 19.4272 1004.25
605 106.886 315.079
606 123.929 97.5667
607 492.215 881.501
608 1156.61 796.261
609 39.5404 41.5823
610 150.95 571.404
611 989.703 727.239
612 1118.86 1032.37
613 643.584 61.8925
614 634.741 771.473
615 1103.49 1082.29
616 53.8827 328.095
617 893.584 1072.86
618 322.034 267.45
619 959.543 223.449
620 1043.65 94.7165
621 515.968 951.676
622 1104.1 624.181
623 135.307 699.629
624 275.989 98.0025
625 1069.83 10.7805
626 98.6481 215.416
627 731.378 461.413
628 1087.03 1103.16
629 251.001 869.851
630 1097.24 759.268
631 279.896 803.228
632 862.122 157.387
633 365.686 197.847
634 407.561 68.2118
635 980.422 860.029
636 363.207 379.5
637 115.263 438.481
638 145.668 943.732
639 973.128 1056.18
640 514.422 203.766
641 1032.78 464.158
642 620.333 625.148
643 1094.02 509.668
644 429.271 149.17
645 866.531 478.946
646 481.543 1147.49
647 331.165 536.578
648 489.11 1164.1
649 1101.47 183.928
650 445.871 502.001
651 870.9 605.456
652 1172.03 328.276
653 1058.04 12.0804
654 561.944 781.853
655 469.559 520.906
656 825.073 447.531
657 1035.24 926.51
658 1045.56 462.422
659 826.17 924.849
660 680.348 561.241
661 1.26385 538.797
662 1058.48 207.58
663 259.956 1071.01
664 538.399 118.657
665 209.763 775.337
666 847.485 410.462
667 451.844 414.94
668 773.655 858.298
669 156.159 922.213
670 241.612 461.413
671 776.177 698.367
672 144.657 1028.88
673 578.853 116.655
674 1081.26 1138.33
675 616.22 647.233
676 1028.38 519.57
677 734.664 242.84
678 90.6722 143.737
679 869.853 493.932
680 295.777 42.8987
681 934.041 629.417
682 741.183 34.3767
683 201.997 1014.87
684 829.266 810.669
685 172.245 398.277
686 858.804 1145.36
687 1022.72 126.385
688 188.504 499.834
689 564.17 581.624
690 445.417 1093.07
691 523.27 190.011
692 605.564 980.35
693 960.247 1062.61
694 483.91 1071.19
695 308.488 835.477
696 80.3436 157.423
697 76.029 460.836
698 545.261 610.042
699 949.483 133.029
700 197.185 259.181
701 768.709 1111.83
702 1007.85 845.282
703 419.49 479.649
704 236.725 1138.95
705 6.46369 876.209
706 976.586 286.119
707 696.413 1166.1
708 833.173 1167.87
709 616.497 979.323
710 460.983 837.41
711 998.73 1111.72
712 462.1 4.65819
713 915.677 866.351
714 624.631 477.43
715 865.475 644.635
716 168.056 828.544
717 1010.09 1163.92
718 41.811 510.398
719 851.556 1023.74
720 83.4502 782.126
721 793.336 49.396
722 499.69 709.922
723 823.289 860.826
724 1007.54 524.642
725 1124.7 381.791
726 379.769 576.624
727 1151.57 475.783
728 440.999 46.8708
729 1065.59 262.431
730 589.134 1009.62
731 955.418 863.762
732 214.132 204.538
733 914.889 973.634
734 281.802 303.721
735 722.236 145.471
736 700.925 823.689
737 966.087 466.272
738 1003.79 821.955
739 912.581 567.705
740 768.087 934.635
741 571.621 278.211
742 931.927 239.77
743 969.397 588.143
744 407.478 554.902
745 1083.32 901.919
746 662.727 957.873
747 589.331 402.41
748 118.451 536.181
749 282.091 557.522
750 405.243 756.793
751 287.255 402.321
752 85.6518 168.834
753 785.449 476.038
754 978.942 443.178
755 620.839 411.507
756 872.887 333.295
757 144.62 269.778
758 684.82 280.394
759 565.131 905.117
760 969.15 130.774
761 1164.74 827.785
762 97.1315 1095.04
763 1005.88 772.376
764 887.792 153.307
765 751.738 432.87
766 358.933 39.4157
767 1055.17 789.075
768 683.093 496.007
769 419.425 928.602
770 848.187 783.117
771 752.352 28.0214
772 1177.68 1052.5
773 147.473 315.44
774 194.594 1168.3
775 1076.93 377.06
776 1142.88 1123.27
777 946.768 786.403
778 800.371 1019.53
779 924.632 301.663
780 934.454 667.421
781 749.025 811.03
782 579.878 809.028
783 997.105 34.0353
784 122.239 441.264
785 536.811 1108.45
786 209.33 134.999
787 331.851 869.095
788 677.734 1155.08
789 160.87 583.427
790 1111.97 255.728
791 813.019 1037.75
792 197.923 932.935
793 358.16 211.299
794 531.575 593.07
795 387.316 619.25
796 345.965 931.585
797 818.851 737.277
798 321.884 549.072
799 493.335 69.259
800 543.22 697.304
801 752.311 916.455
802 210.774 1118.58
803 1107.98 675.798
804 670.147 629.867
805 662.943 334.398
806 895.979 663.846
807 355.07 20.5827
808 937.504 43.5683
809 48.3972 1141.26
810 179.322 335.173
811 598.054 862.559
812 358.681 475.135
813 368.719 1122.26
814 682.009 1079.06
815 80.499 11.7554
816 741.482 342.539
817 1082.53 424.348
818 286.461 525.817
819 282.627 226.357
820 893.975 880.686
821 1172.27 891.519
822 141.587 109.361
823 868.229 29.7522
824 516.553 435.161
825 1166.05 118.296
826 785.59 571.982
827 771.923 222.401
828 90.7444 653.519
829 39.9015 986.147
830 938.787 616.85
831 1083.88 1077.51
832 359.619 593.829
833 306.865 1054.5
834 1148.11 190.769
835 1030.76 962.315
836 480.841 1048.94
837 739.831 159.951
838 293.321 1040.96
839 838.242 358.644
840 530.293 760.821
841 855.672 395.115
842 164.12 455.094
843 561.98 660.199
844 989.265 734.477
845 122.232 2.34715
846 665.796 98.833
847 493.804 1131.27
848 914.016 1009.78
849 471.545 556.238
850 831.186 281.858
851 613.184 748.291
852 227.166 612.209
853 179.394 855.213
854 249.202 810.236
855 453.371 323.87
856 21.7743 715.483
857 428.553 304.118
858 325.026 914.305
859 330.007 112.158
860 1151.6 577.852
861 362.363 277.056
862 244.346 907.047
863 1143.5 625.244
864 45.469 734.858
865 790.973 238.996
866 785.645 592.059
867 243.02 605.709
868 495.682 247.173
869 596.104 317.046
870 1033.07 747.766
871 537.63 705.97
872 1030.51 606.323
873 199.327 1161.3
874 1036.97 921.547
875 804.711 521.015
876 25.927 457.533
877 580.131 827.949
878 955.904 31.9048
879 662.654 1109.37
880 825.726 121.421
881 913.487 402.807
882 18.2717 357.381
883 914.401 430.72
884 155.766 1060.01
885 1131.61 360.919
886 961.465 397.627
887 457.405 220.343
888 1098.34 61.3484
889 10.8691 470.008
890 50.5901 495.718
891 469.335 667.296
892 1061.61 702.215
893 1129.48 88.5253
894 689.624 847.954
895 402.465 433.556
896 773.059 1004.94
897 64.348 230.704
898 181.092 314.771
899 229.378 42.0296
900 288.395 784.092
901 82.3658 252.97
902 510.306 237.459
903 1106.61 266.311
904 13.6496 774.27
905 894.228 596.393
906 105.261 978.961
907 721.911 1151.18
908 142.03 174.178
909 558.809 1141.82
910 977.616 1085.34
911 793.048 25.7661
912 504.419 991.239
913 1000.14 0.68609
914 782.359 83.831
915 482.136 529.697
916 544.791 1152.23
917 498.491 289.097
918 683.237 897.822
919 606.287 515.145
920 776.086 193.93
921 149.279 601.807
922 878.225 896.956
923 777.05 598.507
924 149.604 143.81
925 928.352 1106.29
926 1079.02 871.009
927 473.82 290.488
928 350.375 644.563
929 946.81 406.743
930 588.015 910.583
931 1183.02 139.224
932 1174.35 972.37
933 192.755 280.286
934 900.718 919.394
935 239.193 70.1978
936 845.949 585.254
937 455.997 87.2056
938 1142.41 927.846
939 1001.57 319.232
940 1128.36 109.216
941 919.541 266.656
942 553.067 478.549
943 813.585 1161.03
944 113.648 318.346
945 765.838 896.667
946 124.986 762.462
947 218.357 102.155
948 31.4157 890.781
949 512.277 370.163
950 424.896 136.387
951 934.331 1054.09
952 1055.53 645.105
953 294.068 714.617
954 943.083 371.591
955 979.808 1021.21
956 1046.91 189.939
957 595.413 303.107
958 247.101 1071.53
959 241.022 44.3792
960 957.047 824.483
961 548.872 12.0443
962 370.643 628.767
963 492.865 537.172
964 1009.13 219.007
965 546.597 386.485
966 36.9766 712.795
967 1135.57 373.486
968 505.54 491.216
969 1028.19 16.8273
970 223.193 560.86
971 682.449 1101.23
972 507.345 414.687
973 955.574 540.53
974 89.985 902.769
975 578.915 579.26
976 191.342 529.806
977 1045.31 953.684
978 856.817 850.229
979 452.314 1165.63
980 612.461 13.144
981 1024.1 743.252
982 686.379 378.972
983 1138.04 1147.38
984 363.182 239.898
985 982.878 1091.57
986 687.498 274.291
987 909.827 1182.35
988 212.941 6.03037
989 832.081 209.147
990 458.308 721.08
991 286.063 910.894
992 210.953 805.469
993 292.717 566.891
994 351.127 15.5634
995 318.629 1169.86
996 738.759 264.778
997 562.109 207.777
998 20.8716 1135.93
999 1180.85 186.997
1000 1015.38 957.404
1001 1028.18 483.621
1002 871.614 708.209
1003 374.554 1022.96
1004 160.076 611.651
1005 132.338 367.419
1006 815.436 485.085
1007 1102.26 514.226
1008 564.712 503.068
1009 107.752 99.4108
1010 166.575 408.296
1011 413.991 124.541
1012 888.807 828.183
1013 221.751 323.998
1014 327.084 995.969
1015 832.717 985.786
1016 537.163 856.096
1017 1059.86 338.442
1018 225.218 1045.19
1019 465.024 1105.06
1020 4.51375 696.634
1021 18.2717 640.769
1022 1121.47 60.0509
1023 713.678 543.383
1024 797.921 712.45
1025 838.763 938.735
1026 41.5987 103.258
1027 33.2212 423.337
1028 116.563 872.453
1029 40.0821 969.156
1030 1078.94 145.307
1031 296.246 827.352
1032 938.282 119.16
1033 139.204 1108.76
1034 762.898 59.437
1035 660.271 777.484
1036 607.876 357.689
1037 376.158 415.551
1038 831.893 1060.84
1039 19.9327 285.252
1040 1051.63 440.778
1041 565.056 877.059
1042 266.725 301.338
1043 1159.38 400.299
1044 496.894 641.133
1045 897.599 447.495
1046 80.9077 1041.92
1047 463.128 750.835
1048 183.726 298.577
1049 696.995 1083.3
1050 37.1572 795.611
1051 841.074 1173.72
1052 1173.83 782.451
1053 728.171 55.8457
1054 246.132 871.623
1055 1107.71 240.043
1056 684.718 880.398
1057 156.537 496.713
1058 1060.7 322.137
1059 75.831 266.309
1060 570.032 292.419
1061 914.702 641.116
1062 1057.59 972.895
1063 1027.29 1020.07
1064 20.4383 244.845
1065 785.452 945.973
1066 930.875 615.551
1067 931.277 981.722
1068 549.522 885.272
1069 1094.18 628.567
1070 88.4695 390.927
1071 1125.98 697.789
1072 780.458 987.786
1073 461.666 345.645
1074 604.31 30.7493
1075 17.6578 481.021
1076 195.572 675.798
1077 624.053 487.052
1078 591.157 42.8461
1079 712.279 917.141
1080 909.129 1146.96
1081 278.155 855.79
1082 590.834 54.8486
1083 445.742 1032.6
1084 57.0177 603.615
1085 139.493 1011.62
1086 1011.87 1127.81
1087 765.705 220.724
1088 1087.99 441.047
1089 428.56 706.114
1090 617.156 798.498
1091 1170.18 258.475
1092 129.057 820.202
1093 912.383 457.136
1094 852.083 694.668
1095 1106.66 939.076
1096 445.344 1174.73
1097 293.033 70.5228
1098 831.505 215.757
1099 16.6106 310.529
1100 958.769 95.5446
1101 889.251 763.221
1102 410.282 771.654
1103 322.313 824.013
1104 140.179 1089.02
1105 992.736 603.056
1106 641.85 1092.38
1107 635.969 458.741
1108 227.926 1027.02
1109 941.873 44.7042
1110 577.76 446.736
1111 339.903 1137.14
1112 1146.75 742.91
1113 663.702 972.261
1114 387.236 642.452
1115 214.782 182.5
1116 209.763 270.789
1117 908.058 161.412
1118 372.111 174.9
1119 321.126 1172.64
1120 717.217 906.778
1121 784.277 360.556
1122 98.3275 545.586
1123 823.055 1092.11
1124 335.317 268.534
1125 245.909 641.205
1126 134.825 399.521
1127 850.949 632.864
1128 950.343 623.15
1129 746.277 975.062
1130 1067.56 479.071
1131 1074.75 1154.71
1132 576.864 855.538
1133 869.24 1035.85
1134 724.872 652.419
1135 925.953 719.764
1136 987.319 290.938
1137 1174.31 447.061
1138 822.487 1109.64
1139 878.352 575.866
1140 584.404 1013.21
1141 1142.83 796.078
1142 1172.4 91.0891
1143 446.77 431.498
1144 359.03 456.667
1145 237.459 242.587
1146 1086.84 953.484
1147 928.099 1113.52
1148 90.2082 1157.81
1149 671.14 872.165
1150 330.185 963.017
1151 869.023 516.084
1152 529.192 969.32
1153 35.9294 938.952
1154 1114.89 1147.86
1155 246.132 448
1156 789.266 14.6968
1157 822.931 537.75
1158 96.3228 1051.98
1159 545.152 288.394
1160 1103.91 614.52
1161 676.578 1058.06
1162 279.525 735.472
1163 378.281 905.35
1164 378.902 1017.64
1165 1099.08 806.139
1166 118.369 779.02
1167 161.034 960.959
1168 505.242 392.768
1169 319.908 769.551
1170 130.114 997.919
1171 97.904 641.024
1172 231.211 1099.15
1173 1077.05 449.697
1174 792.939 0.50554
1175 1157.72 866.948
1176 1116.52 846.888
1177 258.692 537.517
1178 964.787 1126.31
1179 135.954 222.943
1180 747.405 621.633
1181 971.783 344.598
1182 409.396 1169.78
1183 764.196 811.736
1184 1075.97 565.663
1185 92.7304 916.13
1186 53.2108 1106
1187 63.6717 112.719
1188 38.8543 33.0603
1189 901.727 171.687
1190 250.668 99.611
1191 585.194 1009.47
1192 524.388 918.06
1193 1046.48 578.301
1194 741.803 420.826
1195 1138.58 1039.86
1196 697.435 69.9089
1197 257.698 154.462
1198 251.877 996.997
1199 1032.6 1168.34
1200 138.275 334.47
1201 138.842 1140.37
1202 1114.05 845.354
1203 503.518 745.546
1204 467.013 875.162
1205 372.69 1101.17
1206 221.101 579.349
1207 431.391 937.399
1208 417.143 383.38
1209 166.792 904.339
1210 1133.91 420.212
1211 336.978 688.112
1212 754.338 395.966
1213 954.676 222.204
1214 984.09 909.486
1215 1052.42 49.8154
1216 872.165 541.108
1217 714.84 990.569
1218 398.789 821.716
1219 178.961 625.75
1220 782.287 588.396
1221 351.949 795.139
1222 652.219 2.20271
1223 124.167 1027.04
1224 276.566 321.29
1225 387.672 154.607
1226 1175.23 106.58
1227 569.888 1127.81
1228 800.992 334.92
1229 370.488 610.403
1230 1090.67 295.76
1231 623.331 638.858
1232 842.915 139.204
1233 383.885 1109.57
1234 428.061 272.378
1235 1004.44 79.7867
1236 976.631 1166.21
1237 645.574 198.93
1238 609.103 899.628
1239 46.8347 577.238
1240 867.058 1031.75
1241 199.977 90.8724
1242 137.651 837.643
1243 569.31 171.775
1244 607.478 546.452
1245 766.422 272.975
1246 271.511 623.892
1247 1121.97 1027.44
1248 670.851 1034.8
1249 46.061 466.922
1250 692.13 1130.3
1251 490.879 682.101
1252 271.403 511.518
1253 620.051 254.523
1254 245.11 214.802
1255 678.56 243.04
1256 165.564 1121.47
1257 1157.66 321.751
1258 423.418 221.751
1259 933.103 502.454
1260 63.4814 612.425
1261 1126.81 2.27493
1262 101.27 378.505
1263 722.814 106.544
1264 1137.02 808.683
1265 441.661 321.001
1266 957.962 777.34
1267 590.218 582.96
1268 483.439 1162.33
1269 408.946 182.267
1270 1091.46 902.172
1271 267.888 992.9
1272 452.891 158.398
1273 201.912 699.342
1274 579.89 498.173
1275 380.563 744.299
1276 635.401 695.859
1277 368.611 1156.01
1278 73.5051 743.469
1279 282.452 923.352
1280 607.46 94.897
1281 230.056 242.442
1282 647.534 920.86
1283 132.486 15.4551
1284 528.396 335.518
1285 858.146 1110.82
1286 202.923 426.529
1287 910.513 267.756
1288 579.272 1100.44
1289 317.298 130.104
1290 978.663 909.647
1291 498.241 810.128
1292 913.192 174.303
1293 66.3045 864.834
1294 203.262 976.595
1295 824.762 302.91
1296 852.99 321.846
1297 483.831 123.893
1298 379.191 350.07
1299 67.5618 939.437
1300 539.014 730.18
1301 1172.44 640.447
1302 670.489 1072.47
1303 489.853 63.4814
1304 969.985 658.899
1305 1129.65 652.291
1306 780.12 566.008
1307 266.456 146.065
1308 898.188 276.133
1309 552.139 1122.21
1310 874.439 929.616
1311 527.206 80.4506
1312 1001.14 763.421
1313 837.643 1166.84
1314 900.045 1089.65
1315 803.628 617.264
1316 114.216 710.536
1317 745.238 749.643
1318 425.953 539.05
1319 872.923 144.46
1320 979.556 878.251
1321 952.256 1037.84
1322 666.699 1165.87
1323 778.929 458.522
1324 458.236 762.426
1325 803.267 717.02
1326 347.368 566.457
1327 327.409 345.284
1328 1113.39 218.068
1329 543.239 171.398
1330 195.676 120.463
1331 1058.04 85.689
1332 851.286 791.531
1333 295.462 53.8597
1334 522.187 358.969
1335 235.342 259.703
1336 475.791 587.926
1337 827.966 915.858
1338 932.107 968.756
1339 285.666 249.142
1340 767.372 760.332
1341 844.648 357.184
1342 581.046 712.723
1343 377.493 942.326
1344 348.967 983.042
1345 906.093 1070.36
1346 663.719 150.976
1347 539.165 1094.55
1348 1168.68 1028.41
1349 1175.5 177.717
1350 1174.29 520.04
1351 1107.29 604.645
1352 1173.97 1015.07
1353 481.996 267.703
1354 694.973 32.6631
1355 483.36 555.211
1356 17.8022 1086.41
1357 1127.35 153.668
1358 318.717 548.458
1359 790.628 322.065
1360 44.7764 1124.99
1361 189.129 211.821
1362 712.306 845.932
1363 825.982 1051.09
1364 671.692 388.941
1365 458.236 628.189
1366 1180.73 620.189
1367 769.191 663.013
1368 157.868 336.076
1369 944.355 728.988
1370 1106.16 962.331
1371 4.54986 353.32
1372 109.883 1079.67
1373 582.671 765.732
1374 425.484 596.665
1375 660.403 333.676
1376 963.24 422.595
1377 1170.22 41.0767
1378 1145.34 500.36
1379 594.536 855.879
1380 565.886 1067.76
1381 986.417 158.29
1382 446.607 240.007
1383 64.4924 516.248
1384 20.041 845.21
1385 242.33 922.177
1386 1002.69 811.536
1387 1107.92 253.456
1388 357.138 595.706
1389 33.4378 221.952
1390 757.263 975.184
1391 540.567 237.965
1392 1083.02 217.655
1393 260.534 870.106
1394 70.6519 763.835
1395 936.353 898.292
1396 210.63 938.101
1397 891.664 558.1
1398 1073.97 1092.96
1399 2.56381 622.753
1400 120.267 243.509
1401 795.379 496.837
1402 578.518 208.68
1403 527.324 1061.98
1404 938.989 828.724
1405 955.591 494.343
1406 162.82 673.704
1407 54.5687 588.107
1408 369.054 308.652
1409 752.539 705.826
1410 395.143 888.398
1411 874.584 961.231
1412 305.639 953.015
1413 160.148 662.727
1414 85.6529 461.991
1415 1151.19 403.601
1416 272.951 1101.63
1417 616.325 334.92
1418 345.5 769.829
1419 688.473 1064.29
1420 846.671 122.469
1421 468.581 47.5765
1422 296.653 251.326
1423 587.072 698.351
1424 709.453 508.104
1425 344.489 124.419
1426 56.9301 431.39
1427 896.018 687.101
1428 1111.05 588.54
1429 1151.29 991.961
1430 254.56 972.009
1431 256.128 389.827
1432 1114.65 900.906
1433 920.082 977.228
1434 264.505 744.805
1435 847.583 683.365
1436 256.11 615.061
1437 677.069 453.236
1438 1175.45 429.348
1439 51.3943 1047.15
1440 17.8383 135.954
1441 985.787 658.774
1442 360.089 956.048
1443 571.017 988.783
1444 321.018 509.367
1445 988.676 685.584
1446 774.28 137.165
1447 372.908 1087.54
1448 899.211 720.9
1449 377.638 196.675
1450 369.01 212.652
1451 405.6 831.994
1452 360.811 113.261
1453 110.467 688.276
1454 991.364 424.473
1455 1135.98 291.083
1456 1030.54 20.7107
1457 564.295 230.054
1458 861.765 1054.03
1459 682.19 215.055
1460 521.97 948.665
1461 719.642 698.459
1462 405.29 1077.94
1463 543.997 913.422
1464 21.3049 951.807
1465 621.128 758.293
1466 861.007 849.03
1467 683.496 590.507
1468 876.833 379.03
1469 769.72 303.974
1470 536.847 207.76
1471 1115.58 682.643
1472 832.959 189.505
1473 527.747 672.713
1474 632.487 930.61
1475 82.403 806.5
1476 159.908 1164.57
1477 43.3385 659.477
1478 62.2744 537.878
1479 1135.16 1100.83
1480 371.391 491.296
1481 1042.75 395.244
1482 80.9586 1013.48
1483 1012.74 892.35
1484 268.803 501.371
1485 1136.85 309.266
1486 105.838 859.04
1487 808.936 851.943
1488 668.875 580.921
1489 654.753 572.363
1490 462.244 729.855
1491 117.023 355.103
1492 183.872 99.4469
1493 924.885 249.195
1494 362.328 790.612
1495 498.101 383.957
1496 411.871 452.153
1497 570.945 145.904
1498 724.547 1132.66
1499 383.715 858.948
1500 937.921 917.88
1501 367.6 456.883
1502 606.777 676.865
1503 256.489 677.062
1504 612.823 705.445
1505 1086.84 200.952
1506 442.781 695.298
1507 50.0692 519.209
1508 994.18 63.4814
1509 443.72 101.614
1510 483.224 459.68
1511 866.047 877.24
1512 484.626 1126.88
1513 523.146 44.7239
1514 7.18589 908.491
1515 778.505 590.418
1516 684.721 729.819
1517 614.057 809.245
1518 603.723 118.208
1519 1029.21 309.968
1520 155.94 1037.76
1521 81.7891 159.048
1522 930.735 465.458
1523 660.993 315.982
1524 73.4838 753.471
1525 1121.34 542.392
1526 926.047 226.646
1527 1180.76 1158.61
1528 946.511 1148.62
1529 381.177 249.034
1530 1179.23 663.83
1531 1146.31 520.345
1532 965.798 46.1486
1533 10.7247 285.883
1534 782.788 147.565
1535 705.336 115.066
1536 1161.69 875.506
1537 681.113 1088.59
1538 691.863 352.975
1539 136.387 486.927
1540 161.267 793.77
1541 763.022 1113.07
1542 424.129 525.817
1543 18.38 490.554
1544 804.198 753.543
1545 634.561 262.05
1546 1051.46 341.692
1547 816.504 213.338
1548 1034.23 847.249
1549 539.955 978.023
1550 1105.18 71.1367
1551 615.931 417.993
1552 950.92 362.219
1553 207.019 552.122
1554 115.598 871.153
1555 1178.06 345.412
1556 376.483 973.22
1557 308.993 557.719
1558 165.492 1071.17
1559 251.109 292.383
1560 456.076 914.991
1561 80.9586 318.149
1562 296.773 783.065
1563 1095.32 360.578
1564 19.3911 953.051
1565 1004.28 835.46
1566 506.63 319.196
1567 885.012 8.68609
1568 960.67 200.302
1569 225.615 947.129
1570 869.088 183.711
1571 177.054 363.503
1572 258.548 437.003
1573 384.343 353.372
1574 356.098 188.947
1575 619.257 466.777
1576 109.558 591.537
1577 1064.67 686.884
1578 432.766 1.4444
1579 832.119 391.452
1580 676.196 646.224
1581 383.127 307.007
1582 1126.95 563.372
1583 672.187 1144.6
1584 210.196 425.665
1585 198.138 521.248
1586 656.227 824.752
1587 7.33033 13.5248
1588 537.876 602.82
1589 1033.65 737.908
1590 351.422 95.3304
1591 1119.12 1158.7
1592 56.6566 630.464
1593 739.723 160.942
1594 218.068 1017.02
1595 419.887 679.046
1596 882.368 558.966
1597 290.8 836.668
1598 608.345 788.084
1599 270.319 804.458
1600 969.337 710.303
1601 495.497 218.593
1602 385.51 169.412
1603 827.569 239.646
1604 686.09 405.174
1605 891.963 888.686
1606 872.674 284.258
1607 275.287 848.621
1608 444.586 598.234
1609 928.661 390.73
1610 77.7809 890.47
1611 165.213 317.082
1612 463.695 1029.15
1613 1122.62 723.122
1614 1052.35 276.422
1615 969.589 1182.62
1616 323.943 713.967
1617 731.444 368.811
1618 778.748 828.074
1619 1012.47 1073.1
1620 1096.05 1145.97
1621 188.129 774.379
1622 18.0189 235.06
1623 12.3496 1174.19
1624 1018.95 299.388
1625 88.6205 1149.08
1626 840.969 112.155
1627 37.922 743.308
1628 1044.75 537.822
1629 375.915 414.382
1630 196.077 775.57
1631 706.636 308.235
1632 1130.69 783.751
1633 915.936 746.393
1634 825.799 33.8186
1635 255.037 834.233
1636 38.4998 968.614
1637 448.197 512.059
1638 1102.23 50.2126
1639 381.967 894.517
