1 774.003 734.921
2 139.604 58.4145
3 1039.31 970.813
4 697.522 406.401
5 860.848 46.3024
6 881.8 714.428
7 345.496 1012.95
8 859.444 854.204
9 814.655 945.773
10 368.787 572.278
11 598.195 355.753
12 170.132 287.811
13 276.015 762.646
14 664.95 70.6739
15 522.365 679.927
16 1030.96 141.324
17 98.4124 686.145
18 597.645 638.439
19 141.916 123.293
20 122.693 829.509
21 388.131 786.917
22 112.34 880.114
23 639.709 845.723
24 724.992 189.021
25 939.388 109.03
26 849.251 838.268
27 240.962 907.728
28 671.569 174.783
29 287.51 685.219
30 377.106 375.873
31 467.459 354.115
32 815.104 1094.52
33 861.045 881.25
34 1029.49 717.871
35 761.265 990.235
36 130.324 781.892
37 882.454 83.6551
38 674.377 196.643
39 957.185 1082.47
40 224.954 942.33
41 55.2955 852.543
42 374.197 743.714
43 954.766 674.812
44 4.71382 219.878
45 217.003 653.55
46 164.143 512.646
47 931.765 247.927
48 1017.77 625.21
49 1028.89 402.49
50 105.818 84.725
51 788.835 37.0401
52 246.032 964.495
53 703.095 597.886
54 668.961 148.836
55 871.206 100.695
56 960.282 699.16
57 645.548 535.537
58 1069.83 268.22
59 117.49 796.101
60 513.238 131.519
61 992.042 248.629
62 829.298 254.413
63 911.907 658.364
64 1067.39 573.481
65 217.404 696.977
66 349.435 751.771
67 168.26 810.72
68 364.636 1081.11
69 64.021 919.472
70 377.531 298.375
71 286.941 171.373
72 1058.11 109.488
73 332.274 173.709
74 623.963 1013.48
75 490.104 345.546
76 949.966 481.946
77 523.167 123.706
78 416.521 823.18
79 973.197 826.099
80 162.516 1047.28
81 550.079 957.511
82 596.827 422.271
83 452.549 664.883
84 744.096 362.028
85 402.513 205.703
86 717.612 826.222
87 244.952 384.17
88 533.966 664.051
89 147.726 0.468039
90 330.363 211.162
91 206.572 544.339
92 986.228 958.076
93 315.667 91.3444
94 748.005 847.418
95 773.977 953.429
96 631.084 773.444
97 652.246 909.099
98 265.612 546.469
99 971.315 1083.48
100 993.647 897.063
101 200.63 90.308
102 948.681 815.1
103 816.178 217.147
104 135.397 972.361
105 417.44 406.358
106 91.0146 186.122
107 700.587 252.183
108 516.708 147.198
109 898.303 291.057
110 1087.27 771.328
111 1045.2 347.122
112 949.818 567.263
113 985.991 799.381
114 774.481 870.49
115 1021.71 316.739
116 796.368 692.2
117 373.629 802.195
118 673.675 744.459
119 282.328 461.319
120 226.999 675.012
121 560.009 512.646
122 250.468 1069.41
123 653.076 523.134
124 903.148 104.65
125 107.281 626.102
126 992.251 718.674
127 805.328 557.678
128 211.076 329.667
129 123.339 306.275
130 894.585 435.481
131 114.568 685.888
132 530.316 79.0416
133 488.499 271.907
134 56.1981 767.092
135 246.422 185.979
136 681.876 764.719
137 343.243 387.703
138 215.064 375.07
139 839.721 66.9296
140 869.717 315.034
141 671.302 60.611
142 492.02 388.114
143 1014.04 962.555
144 95.8068 128.119
145 407.521 550.925
146 21.2958 146.606
147 257.99 259.972
148 738.866 968.038
149 177.688 854.505
150 614.769 236.57
151 1025.33 640.22
152 547.928 111.303
153 924.572 570.382
154 973.032 204.433
155 220.364 22.9673
156 1015.76 991.039
157 857.815 158.168
158 981.852 192.631
159 516.715 758.795
160 144.929 925.112
161 159.033 250.668
162 365.304 12.4129
163 411.198 676.617
164 309.14 521.138
165 158.642 412.753
166 1051.97 909.366
167 838.358 828.907
168 722.607 682.377
169 406.716 882.822
170 285.738 406.726
171 678.279 495.697
172 634.828 357.625
173 349.767 72.6798
174 756.986 139.285
175 332.904 827.627
176 701.323 916.731
177 991.081 1060.21
178 400.364 238.141
179 503.453 18.1631
180 636.565 579.999
181 448.147 35.9721
182 533.874 1086.12
183 151.177 79.3759
184 450.107 253.921
185 431.32 703.172
186 946.776 533.741
187 571.313 455.536
188 699.116 1028.89
189 95.8956 349.702
190 685.601 707.508
191 1042.08 218.407
192 426.073 38.5463
193 1052.96 416.966
194 871.864 194.313
195 208.419 462.924
196 860.598 596.649
197 619.048 846.281
198 977.6 475.494
199 649.367 23.5357
200 234.32 1027.85
201 291.321 471.315
202 337.767 896.137
203 812.485 271.061
204 764.374 461.62
205 637.564 1037.68
206 771.194 442.029
207 1007.05 82.8135
208 36.8414 241.842
209 1058.04 483.695
210 873.16 55.262
211 520.017 677.821
212 912.342 359.725
213 1065.34 385.875
214 366.809 608.451
215 516.448 484.587
216 202.427 716.644
217 649.872 636.834
218 869.21 623.17
219 390.746 222.596
220 380.538 1055.43
221 793.853 932.4
222 123.897 163.245
223 782.304 555.372
224 375.334 530.164
225 460.818 1065.47
226 195.838 138.774
227 905.759 1044.2
228 732.271 339.004
229 580.836 932.4
230 985.627 800.724
231 756.418 486.727
232 938.627 787.342
233 462.891 820.081
234 1047.4 837.188
235 862.161 972.551
236 1016.47 274.137
237 744.872 906.234
238 643.687 935.744
239 182.234 934.985
240 93.6412 468.651
241 622.453 197.813
242 217.371 434.842
243 557.392 919.396
244 179.32 1006.06
245 445.807 587.098
246 1043.68 454.031
247 511.848 777.523
248 1094.4 677.453
249 229.807 523.979
250 561.254 1065.94
251 270.159 788.712
252 1057.5 198.993
253 718.379 815.692
254 698.247 641.758
255 149.338 574.986
256 835.932 705.067
257 791.654 1002.72
258 296.892 847.318
259 486.092 336.323
260 160.426 98.8899
261 835.984 459.156
262 595.914 135.965
263 169.273 447.021
264 263.168 48.0074
265 137.202 797.973
266 900.273 244.594
267 158.998 430.639
268 963.563 751.814
269 337.824 60.3535
270 194.804 5.44931
271 472.309 948.949
272 677.693 862.472
273 100.182 706.749
274 285.604 511.576
275 58.204 388.382
276 123.195 714.766
277 698.991 232.515
278 114.402 380.358
279 522.599 66.2374
280 24.2043 315.124
281 637.569 806.498
282 398.803 863.302
283 987.93 878.71
284 518.118 561.216
285 693.638 518.253
286 763.881 1065.26
287 774.437 340.131
288 979.171 524.436
289 275.742 337.454
290 157.621 641.447
291 312.248 584.423
292 408.932 995.523
293 369.818 353.369
294 760.283 309.741
295 633.792 791.822
296 612.789 1007.49
297 232.248 632.765
298 771.863 920.731
299 619.757 339.639
300 1059.07 822.846
301 124.666 329.299
302 961.151 920.967
303 472.743 568.132
304 148.201 683.136
305 629.07 307.746
306 560.03 41.6555
307 219.656 620.954
308 725.728 380.954
309 523.535 288.054
310 997.792 541.922
311 503.443 1043.76
312 476.798 599.725
313 405.245 514.151
314 560.945 559.674
315 759.694 726.707
316 879.612 363.499
317 498.627 282.639
318 614.339 235.925
319 748.804 395.168
320 378.577 657.304
321 636.62 335.995
322 211.921 161.517
323 867.636 252.751
324 973.587 593.751
325 1045.87 1031.59
326 525.474 174.756
327 525.533 720.355
328 647.198 334.858
329 1065.26 355.419
330 856.244 111.326
331 459.139 114.512
332 1072.67 1014.89
333 249.279 284.143
334 911.706 652.322
335 1019.46 1029.86
336 417.428 389.776
337 615.537 394.5
338 413.81 957.741
339 243.781 101.197
340 793.426 1060.68
341 657.461 596.693
342 57.7599 790.16
343 148.158 239.134
344 565.358 263.115
345 997.952 468.651
346 945.282 335.226
347 1092.2 21.8975
348 831.037 176.293
349 142.718 788.656
350 806.23 497.736
351 429.719 177.654
352 1039.72 647.274
353 718.656 485.089
354 344.41 282.461
355 369.342 654.362
356 927.051 858.45
357 336.385 571.719
358 321.91 595.69
359 187.216 356.98
360 32.863 775.684
361 968.54 154.854
362 1063.73 176.518
363 390.787 92.772
364 905.522 1023.27
365 623.102 859.62
366 947.189 43.1029
367 316.16 466.444
368 872.985 231.445
369 453.121 243.524
370 1062.17 495.285
371 831.003 733.45
372 214.295 976.129
373 685.259 425.615
374 299.937 943.366
375 1015.81 46.5463
376 229.589 170.199
377 740.07 541.431
378 703.481 1071.54
379 189.12 614.044
380 611.851 9.83872
381 902.688 372.425
382 661.515 243.982
383 218.14 925.891
384 950.765 164.683
385 24.7058 529.73
386 592.771 891.351
387 425.113 394.122
388 664.014 782.327
389 22.3656 1038.08
390 17.8858 40.9868
391 275.032 488.475
392 548.776 370.062
393 379.086 566.471
394 529.252 1005.69
395 398.893 203.874
396 263.864 618.657
397 629.178 730.542
398 155.578 184.909
399 71.4061 398.936
400 252.875 118.882
401 182.245 62.9512
402 103.804 668.191
403 504.806 135.898
404 896.407 774.542
405 884.704 586.496
406 34.4677 577.302
407 770.76 663.154
408 343.607 271.73
409 515.018 444.102
410 15.2781 389.141
411 948.993 220.657
412 65.8858 23.0342
413 122.225 206.081
414 154.225 1021.37
415 224.692 242.488
416 415.318 506.328
417 143.527 1024.64
418 110.468 942.33
419 796.795 907.437
420 378.351 1002.55
421 1038.7 829.375
422 311.747 151.377
423 399.103 286.373
424 382.087 624.096
425 751.169 704.235
426 145.169 554.669
427 710.047 931.14
428 655.255 577.861
429 432.501 518.396
430 1019.19 490.849
431 66.963 1055.06
432 713.86 473.231
433 876.269 857.056
434 246.356 26.4875
435 396.604 830.879
436 259.29 848.96
437 769.112 9.66166
438 828.653 822.588
439 427.353 935.342
440 719.268 559.751
441 904.468 381.017
442 939.454 259.227
443 929.856 1008.69
444 485.498 412.175
445 870.944 519.232
446 73.8833 864.568
447 52.2908 861.626
448 936.041 521.696
449 353.208 712.933
450 203.503 425.758
451 296.375 228.102
452 629.228 970.355
453 119.751 752.015
454 930.721 919.462
455 348.316 729.716
456 1036.91 1089.77
457 559.775 177.688
458 404.644 68.3337
459 418.254 454.743
460 1013.94 754.121
461 906.859 942.573
462 781.531 266.291
463 30.3598 61.2227
464 953.596 91.5685
465 68.0118 740.304
466 597.19 850.203
467 429.991 434.073
468 120.654 218.073
469 411.038 1032.37
470 495.386 93.1831
471 569.012 412.476
472 116.007 900.607
473 702.526 949.527
474 205.034 1000.73
475 53.3564 479.081
476 976.192 944.168
477 1018.44 1050.81
478 936.312 912.642
479 365.171 835.349
480 935.439 694.269
481 987.25 67.0398
482 512.46 788.823
483 556.957 618.222
484 804.258 480.91
485 23.3351 960.225
486 382.354 1014.12
487 783.163 796.903
488 671.97 419.674
489 484.019 8.03343
490 964.835 438.285
491 226.832 1071.44
492 665.434 213.158
493 552.955 634.604
494 503.677 918.302
495 887.408 804.268
496 173.14 1066.23
497 648.489 678.466
498 430.328 191.762
499 544.027 800.948
500 378.349 917.824
501 7.55549 676.788
502 858.948 83.0435
503 716.757 56.6426
504 457.709 1016.36
505 613.899 776.543
506 969.716 480.452
507 472.452 908.965
508 291.455 658.698
509 381.585 187.684
510 501.697 957.273
511 585.226 166.632
512 78.3965 30.5228
513 242.622 1036.65
514 53.3899 585.249
515 797.906 43.7381
516 725.101 128.61
517 602.269 308.605
518 252.774 318.878
519 364.275 886.603
520 784.667 955.602
521 1026.01 233.351
522 322.422 355.987
523 616.595 1022.8
524 110.892 309.006
525 534.333 407.939
526 494.409 727.767
527 574.785 55.0713
528 858.673 408.464
529 235.194 995.657
530 347.946 1084.31
531 1033.07 954.335
532 642.116 952.626
533 524.829 862.462
534 79.034 91.4682
535 240.171 646.639
536 998.126 687.783
537 764.758 100.699
538 400.24 609.454
539 274.939 276.387
540 750.534 330.703
541 701.323 706.271
542 1047.51 325.086
543 834.538 1016.35
544 72.9472 1049.92
545 434.718 1036.91
546 772.29 745.519
547 171.034 731.244
548 268.186 977.967
549 841.482 405.298
550 1035.93 604.205
551 488.198 231.015
552 779.223 1043.7
553 873.851 329.208
554 699.25 432.144
555 58.1966 989.367
556 908.965 899.073
557 51.4174 1082.71
558 869.813 761.671
559 560.911 324.695
560 104.731 493.647
561 114.298 172.109
562 487.596 1075.79
563 184.641 600.771
564 543.234 726.263
565 531.781 649.141
566 565.959 900.249
567 346.115 1028.31
568 847.094 366.384
569 407.662 60.7881
570 528.717 596.559
571 303.13 1045.61
572 428.4 892.951
573 221.616 408.03
574 768.766 297.272
575 235.958 453.205
576 982.607 380.382
577 491.14 196.041
578 629.871 808.303
579 370.386 530.422
580 185.56 389.442
581 226.502 345.881
582 429.084 1064.89
583 1059.89 120.553
584 453.369 454.576
585 545.858 11.2664
586 202.181 481.411
587 531.859 233.251
588 275.575 496.393
589 1011.26 1019.63
590 534.634 708.353
591 200.521 1082.44
592 902.68 770.062
593 844.919 646.739
594 83.152 553.098
595 1055.82 860.968
596 710.884 991.474
597 658.592 37.9446
598 256.987 771.104
599 610.791 548.241
600 671.518 742.811
601 420.158 385.975
602 852.189 302.758
603 623.428 415.719
604 573.14 139.977
605 695.898 1015.41
606 907.217 776.109
607 713.431 89.9402
608 149.014 544.774
609 780.08 117.153
610 774.136 756.829
611 92.9726 207.475
612 590.197 715.698
613 984.568 129.684
614 358.952 340.375
615 585.884 465.475
616 424.052 919.372
617 642.319 378.286
618 854.438 1059.94
619 1033.4 808.547
620 636.022 443.41
621 501.036 22.8002
622 559.741 797.849
623 653.784 679.034
624 719.034 179.526
625 1078.28 648.635
626 722.819 504.623
627 62.8216 480.007
628 752.412 146.73
629 147.232 345.757
630 1040.12 555.897
631 984.62 583.678
632 427.094 976.53
633 107.382 282.064
634 455.192 168.303
635 663.178 259.294
636 819.395 507.789
637 137.494 589.706
638 279.82 933.336
639 728.937 242.649
640 372.689 739.907
641 498.094 1011.23
642 564.555 819.269
643 310.42 963.726
644 119.329 978.101
645 753.818 798.986
646 429.218 759.905
647 228.102 857.481
648 375.401 15.4119
649 448.749 27.0794
650 576.223 928.432
651 349.893 606.482
652 1057.52 150.016
653 902.187 357.057
654 942.263 283.866
655 627.497 150.006
656 385.637 219.019
657 498.227 848.932
658 92.8294 364.612
659 835.152 127.718
660 470.847 662.342
661 1021.13 712.833
662 438.82 881.321
663 865.076 565.558
664 29.8876 282.037
665 386.436 312.115
666 276.511 1079.24
667 15.813 297.637
668 979.215 307.712
669 260.43 808.805
670 906.993 339.429
671 993.385 736.837
672 1007.91 1041.23
673 110.45 147.098
674 1004.71 755.582
675 583.277 919.94
676 239.646 554.994
677 733.679 682.534
678 263.409 726.172
679 264.476 673.217
680 1005.01 166.03
681 978.268 417.758
682 368.414 947.812
683 96.65 110.567
684 1071.96 300.257
685 665.424 987.495
686 632.889 16.9262
687 538.211 829.699
688 787.36 813.127
689 411.782 871.355
690 1048.17 323.181
691 664.682 506.729
692 922.845 302.798
693 680.358 654.195
694 170.7 749.942
695 151.218 853.636
696 339.236 235.791
697 581.806 468.875
698 15.9802 606.311
699 581.038 298.886
700 267.317 611.503
701 819.892 593.383
702 445.644 87.193
703 680.729 532.127
704 989.928 23.8031
705 79.1423 565.2
706 1030.98 58.5758
707 112.922 136.61
708 693.667 700.764
709 461.585 265.95
710 328.031 634.962
711 664.181 289.392
712 181.465 960.56
713 188.864 890.143
714 938.518 268.32
715 261.205 885.64
716 902.72 904.729
717 227.734 894.857
718 760.998 185.554
719 596.887 268.454
720 793.6 38.3792
721 772.874 673.819
722 1090.19 887.903
723 607.004 226.641
724 297.764 294.373
725 311.045 855.853
726 474.885 747.869
727 213.283 643.731
728 835.106 327.828
729 1082.32 664.916
730 269.256 364.746
731 456.338 1029.19
732 866.073 19.5908
733 1000.1 97.9204
734 1063.94 440.525
735 493.547 575.664
736 417.635 430.439
737 481.196 307.205
738 235.29 223.432
739 967.079 883.528
740 257.121 309.283
741 620.512 1052.52
742 320.397 1017.62
743 531.625 762.034
744 611.281 971.348
745 465.799 790.852
746 606.003 615.983
747 180.128 1046.3
748 858.358 905.532
749 504.111 882.187
750 334.874 284.678
751 945.706 1.10323
752 110.925 261.533
753 306.8 445.109
754 221.215 742.51
755 671.109 105.509
756 892.851 836.753
757 118.581 821.117
758 931.89 611.33
759 183.698 1089.57
760 349.549 143.564
761 471.115 214.974
762 544.206 31.4923
763 380.148 646.171
764 47.6145 424.655
765 1033.53 38.1885
766 21.5967 662.619
767 262.503 58.906
768 923.675 414.492
769 89.8383 461.252
770 207.709 393.698
771 992.524 908.407
772 83.7538 408.364
773 278.115 741.918
774 803.79 505.96
775 215.322 497.87
776 502.607 969.553
777 1042.49 626.203
778 493.647 511.099
779 914.214 546.736
780 784.552 527.484
781 41.4214 967.67
782 1068.36 62.6169
783 731.86 972.05
784 810.77 1075.29
785 619.316 1068.64
786 742.811 790.294
787 723.594 321.71
788 62.2157 451.992
789 639.416 478.536
790 383.491 711.228
791 694.97 879.589
792 22.4324 892.717
793 111.393 962.799
794 931.156 666.989
795 760.465 229.477
796 5.44931 626.279
797 649.229 1095.09
798 640.252 900.407
799 469.811 248.204
800 321.743 806.531
801 1050.41 243.146
802 247.215 778.191
803 377.808 127.641
804 595.153 798.474
805 813.585 19.701
806 786.039 617.654
807 466.869 191.304
808 338.927 266.792
809 963.219 626.002
810 271.931 709.59
811 542.524 437.683
812 228.37 99.4682
813 205.363 768.386
814 399.839 472.452
815 941.962 225.528
816 102.987 1018.26
817 171.169 1024.55
818 870.218 1057.78
819 109.262 194.346
820 50.0098 806.87
821 197.503 915.217
822 725.95 879.656
823 577.568 940.534
824 817.931 478.947
825 96.9844 597.853
826 816.738 243.447
827 752.802 645.459
828 473.207 835.182
829 92.2613 718.41
830 1082.83 1079.4
831 287.944 365.004
832 542.557 858.226
833 367.165 534.237
834 405.288 69.614
835 293.602 915.427
836 3.34314 314.131
837 929.819 623.304
838 705.87 664.09
839 866.908 46.1687
840 316.963 121.523
841 464.228 542.758
842 4.27921 118.925
843 8.4247 831.682
844 795.198 873.093
845 1093.2 754.255
846 31.6479 490.281
847 946.68 181.231
848 285.044 873.738
849 948.654 75.6316
850 575.053 85.5607
851 830.368 205.001
852 815.591 531
853 10.3303 719.844
854 448.615 424.545
855 335.851 349.067
856 482.114 527.446
857 170.433 507.197
858 815.529 524.28
859 1092.59 620.362
860 755.482 590.541
861 360.325 805.666
862 781.491 227.544
863 331.248 406.702
864 917.799 399.581
865 664.214 1041.39
866 502.172 996.927
867 948.957 580.345
868 176.25 871.689
869 80.135 566.203
870 1091.81 373.94
871 925.136 535.069
872 307.005 788.349
873 874.999 635.095
874 374.632 126.475
875 943.934 771.395
876 688.488 115.271
877 836.787 468.149
878 17.2506 202.226
879 19.5573 456.305
880 325.362 176.785
881 981.21 829.465
882 875.548 416.755
883 492.644 984.964
884 254.427 836.997
885 1042.85 83.3109
886 766.99 441.237
887 864.668 138.115
888 687.392 664.057
889 937.683 616.283
890 77.2599 835.182
891 579.554 529.93
892 59.4001 368.347
893 731.946 169.206
894 192.698 306.298
895 731.645 573.257
896 432.201 978.512
897 750.027 1006.05
898 1087.99 0.100294
899 211.419 768.089
900 244.651 537.419
901 654.559 565.334
902 742.811 628.252
903 1058.97 988.642
904 354.231 1044.17
905 1046.58 572.221
906 148.602 674.043
907 740.827 64.021
908 350.554 429.302
909 340.491 29.3193
910 389.535 695.482
911 854.238 906.09
912 668.961 507.722
913 944.527 690.501
914 531.567 831.615
915 175.381 520.135
916 738.432 770.803
917 61.0283 633.591
918 916.186 436.456
919 674.076 22.1749
920 564.124 899.237
921 67.3642 988.231
922 113.608 1007.8
923 451.925 754.211
924 918.359 20.403
925 121.991 230.81
926 349.874 40.0842
927 597.226 1074.69
928 92.5714 525.441
929 46.1926 929.268
930 275.329 695.415
931 630.85 91.6353
932 141.415 37.978
933 819.837 2.74137
934 287.585 1086.39
935 24.7392 336.229
936 627.131 732.658
937 703.486 456.204
938 380.907 976.095
939 222.82 28.1158
940 111.226 259.37
941 576.022 626.274
942 351.263 946.184
943 23.9368 266.357
944 1085.45 533.798
945 1031.89 440.401
946 887.292 808.504
947 547.037 688.251
948 618.349 746.398
949 303.791 864.077
950 879.534 833.042
951 792.256 677.663
952 161.364 174.11
953 40.8865 74.5953
954 879.426 927.753
955 697.192 636.543
956 1077.24 810.209
957 538.155 635.3
958 768.88 342.905
959 176.25 738.174
960 1076.61 86.2529
961 978.251 504.857
962 84.232 13.5437
963 140.556 524.676
964 428.924 9.97245
965 637.131 513.372
966 78.5051 645.125
967 415.284 89.1948
968 586.52 444.269
969 827.051 871.866
970 798.942 56.8667
971 936.084 425.792
972 574.907 973.488
973 580.227 878.519
974 809.316 844.877
975 835.282 787.643
976 91.4116 439.967
977 301.685 906.725
978 10.9989 93.7749
979 353.378 614.946
980 851.797 730.585
981 833.51 1078.73
982 824.35 270.192
983 614.309 416.799
984 206.046 387.914
985 428.256 634.962
986 422.431 939.321
987 331.004 934.817
988 430.897 484.554
989 745.619 359.721
990 622.146 498.06
991 129.555 92.0365
992 1011.4 419.497
993 349.474 1045.23
994 218.15 683.771
995 342.998 897.197
996 824.148 1045.1
997 350.361 329.142
998 302.865 147.074
999 1050.5 13.172
1000 3.00882 449.929
1001 0.0668627 1074.25
1002 1051.82 284.678
1003 180.095 546.536
1004 189.088 574.26
1005 948.668 152.046
1006 349.936 817.731
1007 918.568 232.692
1008 284.717 77.8322
1009 985.757 870.352
1010 762.069 473.455
1011 973.22 207.809
1012 1047.74 226.608
1013 5.48274 218.551
1014 1060.9 54.0684
1015 1083.6 321.413
1016 470.924 223.154
1017 910.275 469.811
1018 722.825 980.809
1019 888.505 714.037
1020 154.486 567.073
1021 270.505 86.2628
1022 524.979 377.206
1023 195.428 378.52
1024 1005.29 847.16
1025 286.774 50.3142
1026 807.482 461.095
1027 923.062 409.973
1028 160.37 1056.77
1029 178.583 153.65
1030 55.4218 817.072
1031 980.465 1053
1032 971.181 345.918
1033 837.957 1002.98
1034 730.483 360.032
1035 616.24 259.996
1036 109.688 386.199
1037 751.081 268.32
1038 271.384 172.817
1039 675.714 577.336
1040 545.382 470.245
1041 2.44049 124.632
1042 628.71 159.768
1043 153.35 124.03
1044 524.872 1032.63
1045 611.727 125.836
1046 427.513 488.833
1047 198.508 539.358
1048 30.4225 930.395
1049 462.146 309.741
1050 803.662 603.212
1051 451.715 790.488
1052 966.265 521.439
1053 444.211 335.45
1054 580.97 92.6048
1055 730.943 827.025
1056 836.987 1027.58
1057 1067.32 932.338
1058 688.311 58.4145
1059 598.053 196.219
1060 1022.72 561.958
1061 455.703 164.516
1062 470.713 324.929
1063 98.6976 234.063
1064 624.631 469.042
1065 242.143 952.827
1066 27.5474 702.603
1067 61.7143 818.877
1068 93.7415 725.403
1069 901.464 625.835
1070 257.61 801.627
1071 285.113 587.489
1072 733.283 778.86
1073 825.42 286.751
1074 218.039 475.17
1075 1008.58 364.535
1076 772.899 139.743
1077 319.37 104.44
1078 760.613 452.598
1079 976.385 606.555
1080 714.34 900.373
1081 230.15 189.021
1082 845.178 331.94
1083 874.13 756.093
1084 789.938 681.097
1085 23.1011 163.045
1086 119.417 357.291
1087 479.264 1085.18
1088 1000.07 499.832
1089 206.004 874.163
1090 680.737 606.578
1091 265.418 932.568
1092 449.392 723.23
1093 414.124 774.547
1094 897.42 947.913
1095 1051.25 533.769
1096 87.4866 540.996
1097 69.9718 48.7804
1098 256.619 991.139
1099 1076.57 1056.63
1100 348.076 365.572
1101 332.648 668.761
1102 745.019 728.479
1103 879.117 595.757
1104 899.898 684.774
1105 123.651 118.046
1106 737.061 872.324
1107 404.091 584.524
1108 858.98 1014.02
1109 995.908 291.23
1110 587.656 789.314
1111 902.761 647.365
1112 486.593 1039.72
1113 1010.33 207.385
1114 596.571 216.879
1115 1046.7 418.627
1116 711.195 1029.49
1117 223.756 422.037
1118 494.521 89.1379
1119 1040.62 947.989
1120 340.121 1.67157
1121 721.007 217.504
1122 663.166 390.455
1123 444.838 266.013
1124 835.082 657.494
1125 542.925 721.258
1126 793.269 582.15
1127 195.406 180.83
1128 49.2605 854.643
1129 753.968 888.816
1130 435.723 814.398
1131 1000.17 458.019
1132 798.809 392.995
1133 1042.58 896.505
1134 262.604 265.412
1135 877.606 440.993
1136 171.633 8.75901
1137 320.038 975.67
1138 1034.53 264.017
1139 529.311 357.381
1140 61.6808 603.111
1141 313.519 102.945
1142 801.228 81.5725
1143 470.938 882.187
1144 822.89 327.804
1145 663.512 969.753
1146 52.7964 580.803
1147 331.505 641.123
1148 605.275 171.837
1149 899.905 318.935
1150 18.9556 1063.85
1151 152.648 702.737
1152 916.052 827.693
1153 946.851 380.292
1154 354.75 22.2418
1155 111.494 942.497
1156 168.166 875.266
1157 853.306 1075.33
1158 482.515 57.1676
1159 593.139 707.006
1160 889.207 871.565
1161 256.719 537.676
1162 658.664 891.581
1163 510.922 108.461
1164 43.117 1091.34
1165 227.668 503.61
1166 52.228 875.634
1167 821.876 532.394
1168 317.203 109.421
1169 928.623 132.89
1170 1074.36 395.703
1171 12.0353 76.5244
1172 318.79 647.264
1173 304.241 347.623
1174 674.735 346.726
1175 212.891 328.563
1176 649.371 34.0096
1177 662.074 464.529
1178 565.328 224.826
1179 158.174 478.212
1180 669.864 241.241
1181 908.196 1071.64
1182 948.772 806.608
1183 864.26 844.175
1184 370.052 822.555
1185 1056.39 744.259
1186 440.87 458.01
1187 500.342 174.746
1188 213.225 404.162
1189 882.12 739.445
1190 532.027 547.071
1191 80.1684 17.518
1192 544.253 948.882
1193 793.183 643.864
1194 925.781 402.651
1195 767.824 73.2147
1196 889.601 213.86
1197 1025.88 166.187
1198 430.73 1076.29
1199 392.526 722.896
1200 791.521 23.0676
1201 134.436 481.077
1202 37.6771 514.078
1203 454.301 677.787
1204 185.238 983.159
1205 647.097 371.055
1206 530.029 406.502
1207 13.0717 1041.32
1208 817.096 968.439
1209 486.175 598.057
1210 156.815 457.618
1211 0.601764 985.399
1212 287.443 374.063
1213 677.675 437.784
1214 725.059 413.746
1215 1086.29 1004.22
1216 671.512 291.689
1217 480.836 325.822
1218 615.462 598.899
1219 376.203 733.26
1220 753.275 151.377
1221 292.391 875.304
1222 148.125 615.17
1223 246.633 815.792
1224 1071.58 722.485
1225 513.897 751.68
1226 383.591 1055.33
1227 788.746 478.212
1228 113.399 844.209
1229 815.324 435.611
1230 697.205 606.02
1231 215.729 60.9553
1232 532.495 828.405
1233 201.94 296.336
1234 993.055 150.117
1235 700.714 1093.72
1236 39.4552 589.06
1237 179.259 451.123
1238 303.156 229.583
1239 556.231 35.8817
1240 1058.84 103.045
1241 707.73 10.5742
1242 53.2896 862.472
1243 138.74 365.548
1244 717.337 54.4931
1245 350.16 993.222
1246 1047.68 283.063
1247 97.3187 769.857
1248 760.652 836.486
1249 452.059 435.31
1250 678.653 277.29
1251 109.944 958.143
1252 1013.1 474.568
1253 208.083 450.765
1254 124.03 81.7062
1255 611.23 557.902
1256 554.164 150.04
1257 413.446 129.546
1258 175.648 238.533
1259 91.9028 327.905
1260 699.551 111.37
1261 226.653 652.824
1262 1007.96 594.242
1263 196.108 200.154
1264 299.946 838.625
1265 751.213 401.076
1266 1032.82 188.586
1267 803.857 937.248
1268 845.619 357.09
1269 1018.79 511.443
1270 886.808 712.432
1271 204.47 853.746
1272 3.9449 973.832
1273 113.232 503.748
1274 520.251 852.633
1275 921.795 91.7455
1276 483.651 696.442
1277 669.813 196.877
1278 725.921 958.687
1279 903.616 191.394
1280 1094.63 131.653
1281 1066.43 499.407
1282 404.844 662.175
1283 783.169 818.232
1284 850.36 670.533
1285 821.664 173.184
1286 718.112 753.075
1287 870.026 1048.01
1288 716.322 452.67
1289 623.194 504.188
1290 1080.04 207.542
1291 548.308 195.516
1292 1040.36 941.036
1293 473.896 521.897
1294 459.955 546.78
1295 882.621 3.71088
1296 275.665 726.931
1297 184.14 318.3
1298 113.107 379.289
1299 367.711 160.948
1300 147.549 692.664
1301 60.0427 831.939
1302 384.761 1090.34
1303 109.828 268.965
1304 509.761 337.021
1305 148.597 422.248
1306 606.812 366.652
1307 1001.71 237.262
1308 599.051 1086.52
1309 824.317 204.777
1310 936.981 624.508
1311 617.3 767.661
1312 555.878 891.146
1313 337.883 447.479
1314 954.666 1079.17
1315 903.725 73.5923
1316 692.196 1061.52
1317 1086.48 365.415
1318 113.433 347.924
1319 1093.8 697.087
1320 1083.41 546.435
1321 169.363 1045.58
1322 520.225 545.075
1323 409.556 150.718
1324 618.058 607.558
1325 1089.22 166.555
1326 174.01 794.128
1327 1074.23 1056.57
1328 315.391 696.676
1329 6.45225 765.889
1330 1084.72 910.011
1331 826.59 185.487
1332 1071.18 872.969
1333 844.175 548.713
1334 873.333 489.736
1335 150.579 557.969
1336 167.391 479.984
1337 758.562 916.597
1338 85.7931 738.943
1339 918.114 269.6
1340 104.914 137.135
1341 150.73 922.147
1342 643.019 447.646
1343 708.367 1005.46
1344 714.227 929.97
1345 235.528 304.101
1346 798.24 613.375
1347 518.219 1075.5
1348 59.5181 832.34
1349 586.62 21.3725
1350 986.392 484.955
1351 398.74 857.223
1352 993.321 67.1636
1353 49.2526 230.275
1354 413.401 24.9064
1355 948.782 899.38
1356 1000.22 654.562
1357 101.972 617.009
1358 423.715 560.51
1359 886.574 871.164
1360 515.144 307.311
1361 516.275 44.1294
1362 964.495 908.865
1363 793.802 1005.88
1364 633.182 496.098
1365 485.025 919.997
1366 353.915 63.4193
1367 19.6242 152.915
1368 184.799 528.727
1369 13.9074 186.948
1370 987.97 855.518
1371 611.114 115.214
1372 617.599 404.964
1373 335.443 743.714
1374 584.012 696.743
1375 387.336 1004.62
1376 641.42 828.997
1377 995.419 1050.29
1378 781.551 292.701
1379 100.351 636.977
1380 825.286 159.902
1381 1051.58 959.055
1382 631.058 660.804
1383 1037.69 978.947
1384 501.077 696.218
1385 615.78 998.561
1386 942.263 980.943
1387 888.772 172.907
1388 223.113 106.99
1389 819.625 537.175
1390 630.622 76.8017
1391 735.256 734.453
1392 211.377 870.596
1393 426.826 743.155
1394 617.45 159.234
1395 847.017 947.521
1396 307.1 286.54
1397 333.453 685.911
1398 317.665 550.557
1399 62.8844 225.906
1400 816.36 704.408
1401 309.006 950.296
1402 777.446 20.9989
1403 316.786 800.012
1404 165.585 663.99
1405 248.252 1059.97
1406 951.189 1003.51
1407 241.542 498.237
1408 702.283 543.527
1409 894.991 279.028
1410 839.762 1022.81
1411 58.5466 1052.12
1412 693.074 703.907
1413 702.753 568.778
1414 238.673 782.026
1415 81.9444 397.709
1416 3.27627 677.888
1417 1021.42 439.087
1418 977.9 1020.26
1419 195.64 216.979
1420 212.732 415.662
1421 1092.91 452.904
1422 136.567 287.586
1423 869.549 550.18
1424 246.79 825.296
1425 954.733 666.263
1426 1053.83 656.893
1427 308.78 1027.95
1428 108.251 890.411
1429 1072.38 73.1144
1430 576.198 75.2973
1431 161.997 466.411
1432 256.657 596.616
1433 34.9358 40.0941
1434 605.375 582.073
1435 889.04 315.201
1436 785.714 201.09
1437 108.928 311.146
1438 202.427 146.138
1439 58.4797 908.43
1440 224.482 63.2855
1441 873.768 926.058
1442 729.171 9.03637
1443 717.811 441.07
1444 530.145 660.346
1445 224.993 44.6742
1446 660.779 687.492
1447 891.585 990.748
1448 566.06 902.011
1449 377.707 929.492
1450 273.691 173.475
1451 132.88 365.415
1452 650.112 322.054
1453 346.516 29.6536
1454 962.522 549.855
1455 38.2673 473.231
1456 617.21 779.419
1457 658.13 870.83
1458 174.044 426.216
1459 409.039 902.245
1460 334.937 1063.8
1461 173.497 930.027
1462 439.388 1044.27
1463 129.12 1083.84
1464 5.68333 355.509
1465 105.348 743.38
1466 259.973 462.767
1467 620.653 978.335
1468 487.021 615.983
1469 953.52 1034.57
1470 629.278 87.4663
1471 800.841 945.004
1472 113.187 901.577
1473 609.477 226.665
1474 38.5191 388.783
1475 684.306 890.655
1476 1077.35 800.38
1477 779.055 71.0515
1478 652.018 1025.87
1479 217.23 683.246
1480 358.718 497.459
1481 787.509 814.565
1482 571.531 734.764
1483 739.669 1073.96
1484 577.393 543.704
1485 573.267 881.585
1486 1060.48 301.651
1487 753.565 130.483
1488 264.208 202.738
1489 735.958 177.263
1490 248.818 125.2
1491 945.592 816.303
1492 214.921 1077.77
1493 355.667 189.054
1494 1093.47 20.5643
1495 1034.13 961.887
1496 972.15 808.872
1497 476.771 355.242
1498 966.076 450.153
1499 676.249 146.205
1500 318.969 534.434
1501 781.083 563.997
1502 308.829 149.605
1503 572.739 8.90265
1504 1047.47 461.73
1505 195.005 161.975
1506 82.0405 63.7202
1507 726.117 116.776
1508 737.37 1063.38
1509 894.957 505.248
1510 686.32 825.129
1511 688.942 45.6044
1512 366.782 92.3807
1513 938.385 417.324
1514 317.564 250.635
1515 649.972 833.721
1516 239.97 243.046
1517 535.136 580.469
1518 754.646 654.596
1519 183.371 159.511
1520 36.8376 507.954
1521 140.988 677.53
1522 334.206 615.07
1523 782.595 91.2676
1524 639.145 951.724
1525 995.619 721.091
1526 17.8858 93.718
1527 734.955 685.954
1528 885.801 702.536
1529 1089.6 604.205
1530 853.937 956.504
1531 372.616 419.975
1532 32.2497 555.973
1533 1052.02 399.371
1534 436.012 801.149
1535 375.474 627.282
1536 18.8887 1000.43
1537 519.211 124.709
1538 63.6867 105.643
1539 703.669 292.223
1540 350.628 437.349
1541 816.193 223.121
1542 729.372 318.066
1543 569.476 81.7062
1544 284.841 422.773
1545 908.397 778.158
1546 448.916 631.862
1547 252.574 138.115
1548 795.387 389.174
1549 846.405 377.35
1550 523.067 325.899
1551 1061.46 683.38
1552 1016.71 997.358
1553 433.092 576.992
1554 79.7338 194.938
1555 979.472 117.448
1556 973.525 327.326
1557 653.583 542.835
1558 723.949 619.784
1559 966.357 555.629
1560 339.696 112.931
1561 224.023 14.108
1562 398.301 1055.36
1563 729.238 506.552
1564 679.994 206.773
1565 945.997 54.3693
1566 568.329 504.349
1567 796.101 263.349
1568 1086.56 140.846
1569 98.8231 438.696
1570 100.695 224.836
1571 479.16 823.214
1572 352.667 219.911
1573 309.741 989.244
1574 189.489 608.785
1575 301.323 434.842
1576 331.734 721.458
1577 581.806 268.163
1578 690.312 309.551
1579 103.274 648.635
1580 924.283 147.877
1581 749.905 585.249
1582 985.246 185.654
1583 431.532 138.64
1584 713.113 349.434
1585 836.452 992.954
1586 647.186 113.901
1587 121.982 977.041
1588 552.52 17.1837
1589 713.614 67.3741
1590 508.379 124.732
1591 629.646 961.452
1592 1008.52 333.444
