1 1154.7 1282.12
2 1232.37 10.218
3 1466.64 671.525
4 53.0521 1139.4
5 1415.05 669.352
6 470.543 1083.8
7 477.876 499.649
8 1067.83 575.244
9 922.512 855.895
10 1301.72 1031.83
11 606.405 687.504
12 1391.48 427.132
13 396.895 1083.98
14 503.949 457.539
15 627.03 833.43
16 1127.81 1180.54
17 872.055 777.852
18 688.336 105.651
19 436.955 552.961
20 1377.54 121.404
21 982.55 610.053
22 236.39 318.901
23 1319.1 787.271
24 405.088 755.222
25 891.796 119.412
26 509.363 75.492
27 427.811 535.726
28 1188.94 477.637
29 838.312 1135.67
30 143.038 695.199
31 808.329 193.682
32 1212.37 717.153
33 935.292 276.169
34 747.739 305.457
35 1163.88 573.437
36 350.18 1444.67
37 465.473 733.717
38 1068.1 520.2
39 501.052 951.448
40 987.835 1450.6
41 973.315 203.834
42 1216.04 1205.94
43 1102.13 1084.25
44 1194.4 1340.02
45 132.313 385.521
46 207.138 282.507
47 223.777 770.465
48 888.249 436.807
49 942.803 1274.42
50 611.892 246.191
51 1248.05 449.074
52 823.608 1356.84
53 232.578 28.3246
54 89.5706 1193.63
55 490.777 1336.79
56 1430.01 691.306
57 375.74 414.413
58 764.917 68.0805
59 525.813 146.922
60 107.462 1215.76
61 918.095 1318.52
62 252.699 972.85
63 612.566 1103.76
64 891.293 488.332
65 87.6808 35.7112
66 200.132 1178.4
67 77.0157 77.0884
68 1211.28 298.202
69 1152.18 964.443
70 35.6246 1352.15
71 804.065 745.083
72 1342.19 507.332
73 802.028 680.307
74 960.731 931.024
75 111.038 1011.34
76 430.089 388.158
77 663.287 1000.16
78 269.334 822.624
79 96.7793 275.75
80 261.534 1285.91
81 995.405 365.525
82 994.789 684.516
83 219.225 1054.48
84 612.815 454.79
85 581.895 21.9541
86 975.958 417.989
87 626.078 1282.03
88 229.781 1242.92
89 996.084 1250.92
90 1057.33 1046.01
91 308.404 1285.64
92 1095.34 299.107
93 274.587 156.202
94 1149.81 239.084
95 757.018 1228.66
96 1426.2 687.323
97 1445.11 1129.29
98 689.357 148.247
99 544.01 1151.94
100 1130.28 1094.98
101 996.647 877.577
102 166.263 169.251
103 313.831 1240.6
104 152.412 93.6559
105 132.648 83.105
106 1127.81 593.441
107 461.806 885.453
108 211.212 1127.3
109 1107.48 551.15
110 1150.88 377.825
111 673.471 619.547
112 843.192 94.9565
113 266.925 674.772
114 1403.79 1248.94
115 477.775 329.765
116 1431.61 86.4012
117 507.827 1114.55
118 1024.12 188.839
119 276.441 854.989
120 396.442 243.656
121 1118.98 1159.39
122 1387.44 742.807
123 127.153 930.436
124 1100.31 269.639
125 667.949 45.5257
126 158.458 949.403
127 378.896 1068.28
128 776.236 64.945
129 1193.12 524.048
130 1357.73 852.635
131 1196.66 600.807
132 852.183 384.356
133 1371.88 1066.11
134 943.802 70.208
135 1157.07 259.376
136 101.385 1124.05
137 1307.41 325.872
138 389.018 683.69
139 1306.7 409.298
140 54.6816 522.361
141 93.8822 893.556
142 980.558 1424.57
143 766.494 599.959
144 1282.04 68.4387
145 362.13 1442.28
146 1005.23 550.936
147 1043.52 73.6814
148 800.624 1408.27
149 1439.28 1133.42
150 205.645 651.291
151 82.653 1167.01
152 1295.46 936.321
153 1422.04 198.945
154 273.36 1168.1
155 966.365 533.327
156 73.9198 1326.48
157 1007.26 1098.2
158 1421.81 720.277
159 296.15 1447.3
160 882.964 1305.57
161 242.718 1138.76
162 1369.85 337.777
163 215.739 802.876
164 498.634 1381.79
165 270.689 1087.01
166 375.299 1161.7
167 910.667 198.312
168 1326.24 1240.11
169 1313.58 619.004
170 1002.69 1389.81
171 265.739 196.579
172 678.903 635.176
173 1051.67 592.025
174 268.566 519.838
175 956.033 313.695
176 579.951 739.774
177 1129.87 1379.94
178 557.273 1403.34
179 93.5459 1411.31
180 610.732 285.437
181 1251.84 496.604
182 727.565 490.415
183 832.844 950.094
184 1250.53 913.473
185 81.2529 464.872
186 1265.92 632.732
187 1132.06 1132.83
188 509.019 493.3
189 901.387 1172.79
190 729.121 285.766
191 149.886 784.374
192 279.155 1095.21
193 674.789 193.781
194 1435.12 537.673
195 782.835 465.642
196 875.042 1391.65
197 964.226 507.151
198 970.308 940.95
199 584.126 682.105
200 1271.67 701.615
201 649.141 1356.22
202 1481.39 896.532
203 747.841 473.847
204 864.767 566.45
205 1026.32 432.824
206 689.496 1052.17
207 187.26 1008.02
208 85.2816 1398.91
209 1412.23 1184.03
210 896.589 826.957
211 1345.77 950.727
212 680.85 430.787
213 980.467 394.167
214 1400.76 461.037
215 942.172 1402.79
216 74.1461 726.75
217 787.18 1117.22
218 194.622 192.46
219 578.065 224.385
220 1053.35 691.475
221 870.241 149.963
222 669.95 353.258
223 1183.43 423.647
224 507.797 1312.99
225 33.6328 1019.58
226 156.983 56.4802
227 489.509 1430.32
228 385.759 66.3935
229 1070.97 838.603
230 0.36213 269.017
231 803.787 777.119
232 111.989 64.7186
233 83.9818 589.083
234 1146.32 891.112
235 705.366 764.547
236 699.002 1391.61
237 1318.61 525.266
238 1256.32 591.935
239 654.777 1176.06
240 1087.88 1361.75
241 999.962 683.29
242 1039 342.979
243 188.654 144.033
244 992.267 460.482
245 108.865 978.101
246 857.822 908.947
247 1115.77 1068
248 956.295 1388.17
249 595.689 566.993
250 660.711 194.509
251 771.111 561.244
252 247.941 846.887
253 454.105 784.86
254 185.139 688.998
255 589.158 543.726
256 562.207 185.905
257 71.8675 1379.9
258 52.192 328.666
259 322.128 843.537
260 519.114 927.728
261 1122.78 1256.81
262 392.205 864.676
263 1448.31 1047.55
264 295.351 455.185
265 314.012 502.863
266 435.71 131.272
267 340.321 37.9663
268 103.479 618.473
269 272.91 918.362
270 1270.13 1355.77
271 69.1183 1205.35
272 915.691 1177.42
273 770.613 432.598
274 303.121 806.962
275 1056.83 415.046
276 380.987 537.22
277 1190.62 500.826
278 254.351 629.559
279 1340.35 301.017
280 1237.49 210.035
281 545.838 892.24
282 387.841 1339.97
283 315.254 1404.42
284 374.759 186.361
285 908.458 365.015
286 906.166 350.213
287 361.584 755.753
288 441.708 384.208
289 909.043 1459.03
290 1423 491.32
291 472.263 482.625
292 120.755 341.349
293 14.3041 479.674
294 493.119 1161.38
295 1047.55 399.067
296 1189.19 488.456
297 1390.85 737.976
298 1048 699.94
299 245.434 1240.07
300 370.867 259.409
301 225.386 429.746
302 1214.46 902.519
303 985.311 628.555
304 416.857 1212.63
305 1012.02 125.738
306 1405.01 254.487
307 1253.06 553.244
308 248.512 17.4606
309 1336.62 1083.63
310 1138 956.155
311 424.775 1407.77
312 516.76 358.135
313 1184.89 1120.02
314 1431.78 1001.87
315 1337.82 1229.28
316 557.776 1350.34
317 546.771 842.891
318 1294.21 1281.39
319 262.861 1103.35
320 321.934 980.365
321 1170.04 965.698
322 274.748 744.042
323 932.304 1071.41
324 197.19 448
325 1362.91 575.647
326 59.7967 815.426
327 872.009 1421.54
328 507.752 618.823
329 347.671 227.191
330 1114.5 643.279
331 475.93 180.748
332 512.595 319.987
333 343.437 606.704
334 1272.3 375.891
335 1227.52 1238.49
336 456.062 1005.94
337 587.647 981.406
338 69.71 526.854
339 749.202 161.148
340 1278.41 305.638
341 67.5178 748.387
342 803.001 1409.41
343 1401.3 1442.55
344 889.492 327.275
345 1023.02 912.692
346 231.175 219.858
347 78.1296 764.309
348 1096.58 1234.17
349 291.547 984.949
350 750.379 977.295
351 1337.35 1096.85
352 99.2689 806.678
353 283.412 1084.99
354 781.839 17.7322
355 1413.33 1401.58
356 753.321 746.293
357 1035.28 163.909
358 1389.54 412.511
359 707.871 944.797
360 629.766 1341.74
361 705.855 263.178
362 988.036 1330.73
363 1467.75 180.386
364 756.281 945.246
365 666.003 863.182
366 1299.23 943.02
367 1124.23 405.454
368 573.624 987.665
369 837.334 1168.45
370 769.436 348.007
371 295.632 131.894
372 1252.09 411.018
373 597.288 812.517
374 339.495 98.2157
375 1284.66 37.8305
376 1474.61 1250.16
377 70.887 118.598
378 1334.4 720.137
379 1197.54 272.956
380 657.699 924.913
381 385.488 907.045
382 178.162 413.133
383 1456.01 584.025
384 1341.78 1338.7
385 719.281 681.212
386 285.947 1256.23
387 33.1349 632.822
388 917.035 549.804
389 242.944 107.824
390 971.324 635.991
391 1453.73 492.361
392 1289.25 1342.28
393 821.198 679.081
394 220.764 1163.38
395 133.49 1037.81
396 169.306 588.371
397 173.415 1110.52
398 160.243 67.3109
399 1106.88 1119.69
400 391.88 1468.39
401 148.36 837.019
402 125.286 222.29
403 69.4643 145.531
404 1172.31 493.888
405 1389.67 868.569
406 24.0364 1176.97
407 1404.49 554.512
408 606.07 1195.71
409 231.356 211.39
410 624.881 1177.01
411 754.935 1317.88
412 1420.5 332.423
413 1284.25 67.6157
414 531.698 1296.14
415 874.001 266.697
416 995.313 1195.84
417 1442.09 850.417
418 146.122 862.961
419 279.7 386.29
420 298.702 266.878
421 47.9822 213.464
422 526.089 895.05
423 934.112 864.948
424 328.226 616.979
425 759.613 230.451
426 1343.55 137.609
427 841.678 533.451
428 330.997 1378.98
429 1243.06 526.899
430 1268.13 427.359
431 950.365 438.585
432 146.17 153.136
433 847.656 753.502
434 854.991 1007.57
435 528.608 705.87
436 1420.49 1044.61
437 377.249 1393.51
438 773.057 261.491
439 569.323 1345.21
440 923.676 1029.9
441 810.9 586.198
442 1118.35 1458.06
443 328.029 767.308
444 1095.97 823.789
445 1213.27 1230.69
446 1211.69 1406.65
447 644.139 694.203
448 844.2 275.577
449 1017.86 305.683
450 391.576 1185.98
451 952.535 1352.19
452 1324.22 779.79
453 632.606 252.857
454 1152.66 1046.41
455 151.778 1197.7
456 226.11 868.512
457 1247.63 995.631
458 408.229 1021.16
459 1458.78 99.3021
460 961.546 733.449
461 195.552 1380.67
462 115.701 726.248
463 1033.56 1293.06
464 519.07 1245.49
465 504.473 164.033
466 673.336 549.08
467 188.72 464.51
468 866.084 917.547
469 880.34 204.287
470 367.79 740.725
471 622.886 406.253
472 1021.1 695.335
473 429.195 488.682
474 182.309 241.722
475 60.3399 947.682
476 399.247 829.447
477 420.207 1060.4
478 860.647 724.803
479 1069.41 1014.5
480 116.606 1253.02
481 1436.8 315.132
482 1394.56 490.501
483 1282.57 783.728
484 617.477 1037.95
485 114.883 1071.71
486 423.739 1277.45
487 24.9094 872.54
488 730.051 750.601
489 869.293 189.563
490 1377.15 1308.27
491 401.964 942.172
492 809.225 75.7266
493 613.448 137.462
494 393.97 1258.36
495 1410.29 895.219
496 836.475 659.925
497 1224.46 1271.48
498 1072.49 360.184
499 422.242 938.81
500 1059.37 749.914
501 888.528 1186.82
502 884.231 615.428
503 1095.31 1427.41
504 599.959 1249.07
505 93.9323 190.106
506 281.149 150.408
507 1106.49 256.15
508 560.94 647.114
509 271.552 466.74
510 798.568 418.746
511 724.668 1177.65
512 326.234 302.502
513 1442.29 1298.99
514 584.297 1123.9
515 609.507 551.874
516 1036.31 1329.64
517 166.552 37.9784
518 738.184 20.0121
519 442.874 1235.08
520 560.034 1368.08
521 1122.11 935.46
522 300.477 450.976
523 1334.45 102.063
524 348.912 18.7402
525 263.222 484.609
526 814.675 813.83
527 650.523 710.454
528 686.885 1144.69
529 92.4385 1437.37
530 400.994 793.065
531 849.192 883.326
532 1140.5 311.103
533 923.495 1086.38
534 415.59 1024.87
535 454.609 398.195
536 555.598 54.3195
537 95.7381 1463.85
538 222.632 331.077
539 760.835 303.272
540 718.275 938.629
541 1027.95 1422.75
542 511.147 859.199
543 1469.23 920.342
544 1138.82 221.714
545 1467.18 1461.51
546 1456.68 1431.77
547 375.307 583.346
548 413.303 1284.84
549 743.317 51.0935
550 499.196 522.225
551 534.323 1470.78
552 712.607 454.247
553 1354.91 1414.57
554 932.44 472.67
555 7.15207 554.87
556 361.089 670.019
557 608.812 110.857
558 455.092 364.752
559 1190.37 1392.16
560 819.184 1457.11
561 741.507 702.08
562 611.825 83.8331
563 1416.9 1395.73
564 849.648 1420.9
565 1045.74 1271.39
566 1334.09 374.928
567 346.05 161.782
568 1005.87 1267.04
569 664.399 689.257
570 1183.4 318.662
571 463.3 596.157
572 382.065 914.095
573 1478.73 265.622
574 1371.88 1282.17
575 106.825 1374.37
576 408.011 1331.55
577 166.489 352.657
578 1002.46 505.851
579 1370.71 1365.23
580 1174.89 14.0657
581 40.6944 999.874
582 410.525 1140.53
583 1198.65 978.068
584 224.566 834.348
585 44.6778 413.043
586 1299.47 97.5488
587 1288.41 809.497
588 1387.73 846.883
589 487.679 321.481
590 985.663 1225.09
591 941.538 755.663
592 193.095 611.082
593 1056.47 1047.78
594 353.937 1009.74
595 86.6396 1284.97
596 1436.43 1173.3
597 434.649 981.78
598 1324.25 445.408
599 691.892 1416.78
600 18.1065 482.04
601 266.799 349.542
602 1461.55 1106.35
603 36.213 928.173
604 1214.49 750.379
605 319.942 882.104
606 1097.8 1329.55
607 21.9994 1199.69
608 459.571 454.79
609 1340.88 1067.42
610 143.179 145.075
611 1327.85 1253.29
612 108.797 344.838
613 63.5991 1268.21
614 1329.29 8.01213
615 331.952 1446.39
616 446.915 417.717
617 745.219 392.084
618 52.3456 294.535
619 488.88 1313.75
620 883.416 1234.68
621 931.935 527.476
622 381.278 285.844
623 19.374 231.08
624 1037.84 25.6207
625 647.606 858.66
626 976.683 1439.77
627 135.572 1178.51
628 494.173 103.479
629 1250.75 120.906
630 1269.86 351.028
631 1129.44 160.062
632 70.8417 744.811
633 65.0896 1405.41
634 1315.71 166.794
635 42.6861 887.886
636 132.042 820.122
637 730.779 1267
638 266.711 830.542
639 110.912 1098.56
640 1482.85 1023.06
641 754.362 547.891
642 1335.36 195.312
643 914.063 34.7071
644 1063.5 1170.53
645 1301.94 734.445
646 487.065 1254.01
647 869.934 835.739
648 1385.11 207.229
649 709.99 214.64
650 345.563 15.1604
651 927.383 619.378
652 724.668 137.326
653 1270.71 909.613
654 676.233 1375.4
655 967.34 1377.08
656 1364.23 505.172
657 1137.18 744.075
658 717.832 725.89
659 1347.26 974.492
660 1469.69 1056.11
661 793.834 1427.37
662 1298.46 583.742
663 1078.08 666.546
664 959.758 1285.78
665 640.49 493.571
666 747.842 254.215
667 456.103 1066.52
668 1337.57 39.2337
669 854.523 1329.15
670 37.3899 1291.39
671 384.427 697.146
672 1296.53 1298.06
673 357.267 1139.62
674 598.782 319.395
675 1141.79 722.166
676 479.279 829.447
677 902.126 304.189
678 1210.01 572.618
679 1482.06 66.9035
680 1128.26 985.582
681 844.484 1293.97
682 288.799 647.081
683 740.577 910.609
684 25.3491 508.69
685 224.616 1212.37
686 824.299 409.475
687 1265.74 1043.88
688 998.166 585.7
689 30.3737 378.06
690 880.293 1476.36
691 953.56 1097.88
692 452.889 413.734
693 585.836 759.465
694 1407.6 1035.73
695 383.722 268.19
696 75.5947 363.385
697 753.095 1206.21
698 152.864 1374.05
699 130.526 660.847
700 156.248 1095.35
701 719.171 1021.47
702 840.776 180.555
703 391.417 372.089
704 603.55 1449.92
705 599.763 968.052
706 1442.36 1301.44
707 1065.06 355.509
708 1200.51 1203.44
709 1123.87 1365.14
710 1112.79 502.271
711 1149.73 332.061
712 862.728 1009.39
713 1065.07 27.4314
714 561.166 332.571
715 231.99 384.265
716 1343.45 658.85
717 660.39 837.019
718 989.781 256.874
719 1107.48 1128.3
720 540.66 102.03
721 168.209 1335.8
722 1356.08 272.231
723 799.9 1301.45
724 37.0731 811.657
725 1033.2 874.322
726 1445.28 707.014
727 591.358 512.595
728 1248.99 1136.53
729 621.415 83.8331
730 1167.28 823.755
731 1043.87 947.682
732 1342.66 1429.96
733 1252.64 1048.19
734 1370.05 877.339
735 24.8512 1277.81
736 493.9 12.5388
737 813.254 33.5302
738 706.154 1458.16
739 1116.09 771.88
740 645.992 1410.71
741 541.41 1220.77
742 1251.89 107.462
743 131.131 1438.88
744 126.112 1414.39
745 1246.18 875.347
746 1317.25 513.41
747 245.298 1238.7
748 1324.54 614.806
749 593.893 20.2219
750 489.736 304.856
751 333.114 87.5864
752 875.718 967.023
753 584.478 822.846
754 4.43609 319.127
755 309.581 523.414
756 891.207 1140.62
757 967.427 779.168
758 180.35 570.943
759 26.7976 192.201
760 37.2994 71.8707
761 1182.87 1137.04
762 1127.42 471.49
763 651.19 329.851
764 744.187 172.6
765 780.571 1057
766 889.799 529.615
767 1110.92 1316.33
768 709.641 1275.32
769 1278.82 425.355
770 490.867 197.032
771 847.781 1085.44
772 1476.7 360.455
773 202.657 278.647
774 586.651 385.035
775 1219.63 373.525
776 384.703 366.879
777 1262.11 245.434
778 264.489 1476.44
779 419.935 1106.79
780 1001.2 154.675
781 516.805 881.865
782 486.748 44.2251
783 780.436 608.198
784 1459.52 1358.84
785 617.862 77.6648
786 813.697 35.0814
787 522.378 1412.13
788 276.401 1318.91
789 1384.56 230.364
790 503.016 1367.48
791 299.249 1219.47
792 0.860059 1293.97
793 1401.9 296.63
794 916.642 939.127
795 565.195 211.077
796 1064.75 1170.77
797 1377.77 835.747
798 811.178 397.121
799 1449.22 1010.92
800 540.57 1200.01
801 533.78 207.669
802 342.095 1149.31
803 281.058 199.431
804 13.263 1029.99
805 360.727 1104.58
806 1192.99 1019.4
807 268.225 903.457
808 748.413 226.908
809 930.765 25.518
810 638.198 159.959
811 770.404 1101.87
812 1342.73 365.739
813 943.802 1024.78
814 504.628 467.543
815 477.252 520.29
816 56.7639 295.313
817 1319 669.533
818 989.243 706.833
819 359.893 1414.12
820 274.993 548.537
821 178.928 911.334
822 411.697 218.455
823 1109.52 61.0189
824 644.157 1217.42
825 1276.99 1448.07
826 362.39 249.462
827 742.095 1292.85
828 562.433 1195.47
829 1368.13 404.17
830 122.883 868.841
831 1326.83 470.712
832 759.161 825.599
833 1386.14 1225.03
834 1080.1 796.596
835 74.3725 171.456
836 1167.16 348.641
837 1383.53 627.888
838 1258.45 1374.18
839 129.688 1143.11
840 652.025 1059.41
841 1080.46 237.105
842 1200.42 665.311
843 1061.04 1224.72
844 833.05 181.053
845 1468.84 234.122
846 468.763 642.555
847 137.433 829.175
848 1225.63 519.464
849 1059.5 73.105
850 973.082 807.509
851 1161.03 707.919
852 357.92 29.1062
853 276.076 728.515
854 578.723 1117.7
855 49.2303 727.417
856 497.793 1073.57
857 650.25 33.0322
858 535.822 545.944
859 774.189 1233.78
860 651.608 1163.48
861 876.129 834.348
862 799.266 781.975
863 1232.05 83.6935
864 1003.78 1145.09
865 1164.34 267.693
866 1250.52 1092.64
867 919.639 1157.13
868 815.019 998.426
869 155.449 435.824
870 439.354 1013.33
871 633.592 627.605
872 926.672 1346.66
873 229.123 545.627
874 950.999 68.4757
875 674.739 527.657
876 935.02 300.963
877 338.456 831.36
878 273.816 1430.63
879 824.751 48.9207
880 33.2707 1296.83
881 813.271 844.385
882 1398.98 925.74
883 317.84 1055.02
884 9.55118 159.654
885 1068.37 786.942
886 481.84 1459.92
887 245.805 568.532
888 66.6287 239.627
889 587.647 656.497
890 207.501 595.795
891 870.299 14.6663
892 1161.03 193.32
893 1171.25 1354.91
894 174.964 110.269
895 287.392 76.8953
896 1215.16 257.417
897 85.7197 266.063
898 618.292 1429.46
899 98.9407 709.549
900 680.488 1363.14
901 269.64 156.938
902 925.242 160.049
903 1022.56 1456.67
904 1259.99 1018.99
905 1077.4 723.071
906 470.498 1273.15
907 1284.66 716.203
908 1284.98 1324.08
909 62.06 398.965
910 1356.09 825.019
911 1401.04 1453.45
912 851.956 58.6982
913 635.716 29.1515
914 1457.36 654.493
915 716.982 969.274
916 1260.3 1194.26
917 486.489 448.317
918 570.31 1483.09
919 682.842 1334.31
920 463.436 260.1
921 1328.81 201.797
922 215.346 869.022
923 510.106 979.686
924 340.764 160.095
925 431.116 1478.97
926 164.351 21.4524
927 685.874 471.617
928 436.682 315.267
929 1210.94 328.724
930 1181.51 680.397
931 1347.29 52.2251
932 1299.55 609.634
933 1404.07 158.111
934 1415.52 1443.18
935 952.947 1003.63
936 62.1053 424.598
937 148.473 739.877
938 622.864 913.823
939 1161.45 17.5059
940 1242.22 1184.57
941 1365.96 1391.07
942 1318.67 1127.62
943 1071.92 206.493
944 914.311 471.527
945 743.316 581.207
946 1476.23 636.896
947 74.9157 1303.34
948 618.339 349.625
949 877.803 1401.31
950 219.034 495.485
951 1193.75 843.673
952 572.347 1125.32
953 558.052 754.815
954 1041.34 1225.71
955 823.846 421.915
956 278.478 1458.43
957 114.448 456.136
958 1118.07 636.748
959 605.527 1002.92
960 313.876 695.92
961 362.809 119.458
962 1403.89 858.429
963 1421 458.037
964 1008.99 248.681
965 25.6207 983.591
966 1165.96 455.605
967 1256.77 1101.24
968 800.579 568.771
969 1137.41 1472.73
970 671.842 46.7148
971 1060.45 1380.88
972 1348.09 344.509
973 373.114 643.456
974 1316.43 17.2917
975 971.686 657.209
976 962.168 221.521
977 600.457 1012.65
978 173.675 364.019
979 1129.67 96.3597
980 1036.78 852.047
981 1050.97 913.021
982 277.12 1357.98
983 1210.65 187.526
984 252.631 788.617
985 497.209 122.804
986 631.781 1331.13
987 729.013 1112.28
988 1135.59 1096.07
989 1412.74 1470.37
990 8.73639 1114.09
991 1094.9 115.701
992 551.343 1002.78
993 255.378 420.014
994 121.406 1115.09
995 623.95 758.65
996 61.3859 531.912
997 240.771 1389.75
998 1327.48 290.959
999 39.6953 55.089
1000 818.821 487.324
1001 1147.82 654.912
1002 448.045 910.44
1003 877.879 1476.63
1004 1419.55 1196.43
1005 670.258 980.727
1006 1215.87 144.762
1007 1471.06 438.811
1008 965.23 350.485
1009 120.352 674.513
1010 501.487 200.213
1011 558.92 1230.74
1012 958.84 1262.11
1013 212.551 153.498
1014 159.02 849.907
1015 1028.27 959.554
1016 796.505 1374.15
1017 934.223 1013.51
1018 97.7299 1338.16
1019 1007.22 1298.31
1020 934.024 1214.77
1021 1468.61 1100.33
1022 451.36 612.486
1023 1304.23 281.873
1024 261.917 468.37
1025 965.439 827.648
1026 932.576 663.151
1027 1179.48 771.325
1028 174.547 956.838
1029 268.99 581.355
1030 536.048 557.216
1031 640.472 541.508
1032 654.686 233.257
1033 1045.29 889.342
1034 1293.26 860.829
1035 518.118 1299.64
1036 1245.09 83.0636
1037 719.431 387.977
1038 1180.61 1025.1
1039 243.125 918.177
1040 702.17 347.09
1041 493.148 1045.55
1042 418.551 100.627
1043 460.943 681.064
1044 1150.67 39.0979
1045 1387.77 1083.71
1046 176.131 388.056
1047 91.981 642.361
1048 1054.89 376.739
1049 1447.67 428.128
1050 697.674 242.537
1051 416.539 577.495
1052 493.14 897.902
1053 596.247 1001.96
1054 790.721 882.046
1055 404.464 1047.96
1056 445.827 624.481
1057 807.757 656.711
1058 1389 13.0367
1059 829.711 716.429
1060 622.594 899.791
1061 830.867 342.707
1062 790.021 248.454
1063 1187.97 431.885
1064 1199.42 1313.4
1065 900.527 1051.39
1066 1265.24 108.186
1067 614.897 730.902
1068 875.228 256.973
1069 709.232 206.493
1070 476.79 649.978
1071 769.528 1074.43
1072 1070.41 101.396
1073 859.606 1140.43
1074 262.454 1123.6
1075 394.541 809.62
1076 257.791 329.493
1077 159.845 768.983
1078 71.2507 838.874
1079 1341.19 746.214
1080 394.132 803.25
1081 263.54 1200.91
1082 1247.77 1084.94
1083 251.056 455.465
1084 326.84 41.7808
1085 1337 650.069
1086 1477.84 834.698
1087 513.455 794.151
1088 323.943 584.523
1089 1305.39 393.623
1090 661.974 1401.21
1091 1332.69 899.112
1092 1090.83 1396.63
1093 1093.37 1409.58
1094 678.541 1468.06
1095 61.4716 181.098
1096 874.298 460.391
1097 107.368 662.11
1098 430.98 1174.25
1099 864.586 676.719
1100 586.315 154.901
1101 354.032 1359.97
1102 591.725 580.799
1103 875.54 794.332
1104 906.533 438.63
1105 376.027 1201.99
1106 1428.37 103.117
1107 998.121 541.928
1108 1104.41 1432.86
1109 260.238 506.484
1110 685.603 326.81
1111 593.26 1237.8
1112 782.75 618.88
1113 1287.73 1330.47
1114 201.797 635.662
1115 1196.66 116.199
1116 288.29 1177.42
1117 1052.49 458.218
1118 29.6041 969.422
1119 435.681 1317.84
1120 302.696 724.306
1121 713.849 915.193
1122 671.389 981.508
1123 1067.11 628.736
1124 858.565 1110.2
1125 415.318 292.148
1126 1029.63 644.456
1127 610.146 1250.71
1128 168.345 312.333
1129 859.098 512.007
1130 364.303 516.85
1131 1334.09 1261.16
1132 930.692 227.372
1133 104.426 1112
1134 376.661 276.791
1135 1270.31 485.785
1136 247.199 1048.04
1137 778.806 394.718
1138 779.53 985.57
1139 244.211 1306.52
1140 192.019 66.0766
1141 784.917 926.407
1142 1439.99 571.61
1143 1319.56 902.202
1144 1438.74 1150.94
1145 251.179 785.913
1146 1157.68 541.339
1147 268.248 1013.01
1148 188.172 1019.12
1149 226.698 687.266
1150 622.972 291.198
1151 460.448 971.538
1152 872.371 301.552
1153 514.951 1438.52
1154 934.609 411.458
1155 431.161 1390.3
1156 1135.14 1294.52
1157 1290.65 394.45
1158 393.907 880.832
1159 1236.63 267.161
1160 463.396 56.118
1161 908.358 332.785
1162 632.143 1130.87
1163 147.115 276.112
1164 676.142 452.161
1165 255.035 445.227
1166 1322.41 251.858
1167 1255.35 44.8589
1168 1038.62 800.341
1169 421.723 1427.06
1170 913.111 977.027
1171 917.733 91.5737
1172 1393.03 974.389
1173 63.5086 435.326
1174 828.3 1474.13
1175 1222.14 135.889
1176 746.528 719.178
1177 1084.67 1226.67
1178 538.011 1085.49
1179 551.841 784.905
1180 277.89 904.136
1181 545.609 857.014
1182 161.989 549.895
1183 1075.17 250.187
1184 1075.25 203.414
1185 744.298 1036.05
1186 19.374 1373.28
1187 516.482 1299.37
1188 226.558 428.807
1189 1339.72 877.351
1190 865.038 894.992
1191 1466.14 514.575
1192 855.713 962.357
1193 500.191 635.263
1194 350.497 563.236
1195 1054.15 616.605
1196 1402.71 1235.62
1197 723.989 1157.08
1198 1117.16 403.458
1199 1360.75 650.974
1200 810.918 659.982
1201 686.354 890.392
1202 400.11 1253.55
1203 844.895 117.635
1204 850.752 1339.84
1205 148.383 1305.12
1206 987.574 989.475
1207 239.855 361.982
1208 330.667 1174.93
1209 746.484 611.037
1210 1369.59 1214.81
1211 1339.88 721.001
1212 621.777 1257.13
1213 1254.06 644.398
1214 1234.47 669.805
1215 14.7568 709.055
1216 823.122 634.847
1217 338.572 669.612
1218 1235.93 1381.84
1219 1207.07 624.086
1220 482.312 180.736
1221 859.335 1102.64
1222 113.709 205.995
1223 799.454 1148.66
1224 662.291 381.41
1225 225.426 49.9166
1226 927.234 470.485
1227 916.234 639.057
1228 29.6947 622.942
1229 1253.83 1472.01
1230 1381.07 391.405
1231 42.4598 95.0139
1232 364.846 1360.57
1233 434.188 467.465
1234 231.13 688.397
1235 494.579 1097.39
1236 519.638 86.5905
1237 53.4142 610.585
1238 973.152 126.733
1239 1357.73 460.753
1240 422.787 151.494
1241 115.022 1263.88
1242 454.454 505.34
1243 313.622 516.566
1244 617.248 1458.87
1245 104.067 1178.27
1246 975.624 1132.38
1247 1470.18 974.673
1248 1080.19 143.807
1249 372.39 61.5583
1250 1306.18 757.021
1251 124.487 373.344
1252 267.664 1294.42
1253 1005.59 139.737
1254 1177.36 383.179
1255 1353.46 1198.29
1256 187.082 912.749
1257 1298.74 47.0769
1258 1101.44 1190.26
1259 1128.07 901.749
1260 271.969 29.4683
1261 326.732 960.991
1262 217.685 707.689
1263 331.53 1123.45
1264 180.703 883.009
1265 208.542 812.427
1266 285.903 1362.92
1267 310.889 714.03
1268 532.829 412.919
1269 1321.68 530.702
1270 637.235 266.754
1271 685.693 349.908
1272 1373.79 44.3609
1273 1085.65 44.4062
1274 1288.5 548.389
1275 171.803 237.907
1276 1354.22 176.209
1277 1308 704.705
1278 1139.26 806.102
1279 490.279 285.177
1280 1043.61 1461.15
1281 1088.17 7.7858
1282 1172.53 97.8204
1283 1342.85 323.868
1284 378.064 1243.14
1285 44.4515 1232.15
1286 286.264 1367.07
1287 428.445 1337.26
1288 799.367 277.198
1289 588.444 932.168
1290 1031.09 985.118
1291 6.69941 302.696
1292 1271.03 1311.86
1293 1029.99 902.145
1294 1209.7 387.874
1295 768.44 212.739
1296 977.434 7.5142
1297 418.459 978.11
1298 626.791 795.917
1299 459.136 585.651
1300 1427.56 515.04
1301 446.959 16.7485
1302 1115.55 16.7938
1303 407.849 921.304
1304 422.606 1335.52
1305 1053.12 989.01
1306 788.991 325.543
1307 1114.5 1010.78
1308 1080.55 787.666
1309 305.411 765.984
1310 277.437 929.995
1311 153.462 1164.37
1312 1332.97 964.024
1313 1126.59 1097.39
1314 766.403 1240.43
1315 398.826 862.174
1316 696.509 1155.33
1317 1250.17 619.095
1318 1188.24 466.14
1319 629.473 596.252
1320 798.477 991.15
1321 77.7674 1472.73
1322 735.339 881.289
1323 78.9007 247.109
1324 1440.46 1036.14
1325 708.842 819.171
1326 610.207 44.5873
1327 606.319 602.264
1328 317.905 1024.06
1329 25.168 1254.96
1330 426.182 1133.97
1331 1290.54 242.796
1332 120.589 1129.3
1333 986.035 269.684
1334 512.44 1163.03
1335 900.799 256.421
1336 653.645 1302.63
1337 653.098 475.148
1338 686.508 327.909
1339 312.47 1410.54
1340 1062.7 1085.52
1341 1399.77 412.182
1342 591.494 795.18
1343 407.278 1309.15
1344 535.681 378.188
1345 712.446 105.911
1346 332.857 567.355
1347 1101.94 1338.61
1348 571.328 1029.4
1349 468.234 316.761
1350 692.257 671.83
1351 754.77 1265.5
1352 1460.74 608.231
1353 1200.46 534.22
1354 824.394 729.647
1355 320.739 1332
1356 251.545 636.308
1357 327.954 324.773
1358 1213.59 809.258
1359 209.247 1162.06
1360 367.425 1210.19
1361 402.818 349.625
1362 237.195 939.682
1363 99.7216 2.89704
1364 1230.11 18.5139
1365 710.771 118.733
1366 1044.79 519.916
1367 518.163 1190.68
1368 977.661 214.743
1369 944.707 855.216
1370 726.931 1058.33
1371 1276.69 826.381
1372 863.3 1027.62
1373 412.657 853.808
1374 1042.66 281.828
1375 456.963 695.607
1376 1001.91 175.041
1377 947.033 596.869
1378 747.074 911.967
1379 846.615 1356.13
1380 869.45 1390.88
1381 970.418 329.074
1382 1081.82 948.419
1383 606.051 286.206
1384 716.203 791.287
1385 369.644 316.14
1386 542.38 710.092
1387 66.5091 125.252
1388 761.56 861.1
1389 322.16 1319.24
1390 644.682 438.844
1391 407.484 743.667
1392 394.36 775.127
1393 688.862 1210.45
1394 1165.4 419.886
1395 1296.11 1283.16
1396 1151.98 590.939
1397 699.398 337.324
1398 1125.1 193.773
1399 736.228 1090.23
1400 753.548 490.222
1401 395.899 1173.89
1402 279.791 179.617
1403 629.191 1417.88
1404 210.579 738.1
1405 1058.69 386.381
1406 739.512 1368.17
1407 173.143 366.295
1408 299.074 672.883
1409 441.663 1418.06
1410 848.044 1168.5
1411 367.926 433.56
1412 592.06 12.5266
1413 116.11 551.343
1414 701.853 1195.42
1415 791.798 802.83
1416 736.977 709.039
1417 198.221 1077.02
1418 938.053 959.237
1419 1161.55 1188.74
1420 1155.79 601.77
1421 1236.42 1267.08
1422 74.9383 797.579
1423 268.746 1295.46
1424 328.84 1163.66
1425 1310.37 842.903
1426 1432.01 1335.7
1427 1144.92 624.086
1428 1137.28 481.724
1429 15.3453 1438.23
1430 1336.52 1053.61
1431 202.657 1262.84
1432 1114.95 1407.23
1433 456.872 90.7136
1434 1217.81 58.1219
1435 705.412 1078.55
1436 1395.43 336.325
1437 414.639 169.024
1438 870.691 1429.96
1439 467.736 692.479
1440 1210.78 1434.48
1441 193.305 713.067
1442 313.906 482.946
1443 170.075 1247.48
1444 57.687 1124.73
1445 953.606 579.005
1446 476.754 40.2748
1447 985.391 916.547
1448 1385.74 215.274
1449 1351.15 1009.66
1450 377.973 83.7757
1451 1482.82 131.758
1452 697.055 509.291
1453 1035.74 1413.62
1454 1359.53 452.165
1455 934.069 97.4914
1456 1372.97 814.962
1457 1418.11 1147.64
1458 1044.34 1262.66
1459 550.528 128.194
1460 587.375 588.811
1461 816.757 98.1825
1462 726.205 567.219
1463 299.663 996.796
1464 663.151 494.341
1465 813.807 295.223
1466 1076.34 1061.77
1467 393.126 493.176
1468 783.242 1116.8
1469 1159.68 320.926
1470 1279.81 1423.34
1471 861.1 1375.9
1472 1423.71 617.374
1473 289.251 75.7757
1474 550.302 637.065
1475 183.144 1076.75
1476 167.893 1444.63
1477 1482.06 797.814
1478 891.825 948.732
1479 124.392 323.201
1480 417.154 185.444
1481 801.918 857.829
1482 395.974 659.118
1483 1365.44 1158.73
1484 137.881 391.78
1485 574.7 495.801
1486 373.987 764.728
1487 129.824 1317.84
1488 1349.66 923.374
1489 1115.02 826.517
1490 960.731 767.082
1491 1395.53 1132.37
1492 320.485 189.937
1493 1052.1 1332.68
1494 602.585 1040.26
1495 1177.74 355.612
1496 1087.48 656.949
1497 340.399 244.335
1498 461.598 1391.35
1499 1270.73 563.248
1500 288.319 536.948
1501 934.25 302.017
1502 866.488 371.908
1503 1025.89 1285.24
1504 338.094 1336.88
1505 1083.54 1017
1506 944.519 1012.19
1507 986.94 598.601
1508 1190.87 834.846
1509 485.05 432.157
1510 1040.9 709.265
1511 448.272 1285.55
1512 952.447 1149.49
1513 396.393 948.497
1514 365.189 963.04
1515 476.654 402.281
1516 1354.07 1175.93
1517 483.444 270.964
1518 809.046 892.108
1519 213.246 231.175
1520 745.209 820.179
1521 1451.9 817.912
1522 1291.34 1161.2
1523 1201.1 914.56
1524 1229.09 694.249
1525 22.1805 956.159
1526 743.951 1383.55
1527 1313.45 68.1257
1528 731.639 992.78
1529 370.052 1454.68
1530 511.271 1191.09
1531 1168.84 48.5586
1532 725.573 1474.73
1533 346.106 917.23
1534 868.648 752.268
1535 1133.76 1212.31
1536 1154.2 868.738
1537 1305.55 1215.25
1538 280.606 399.882
1539 267.116 368.093
1540 603.399 451.247
1541 592.13 1049.37
1542 503.466 587.692
1543 1361.06 590.091
1544 1187.42 759.749
1545 1156.92 394.314
1546 843.401 164.226
1547 231.773 1095.72
1548 1308.42 1352.51
1549 227.961 235.204
1550 465.745 361.496
1551 1208.22 1448.92
1552 1451.78 113.392
1553 448.729 164.304
1554 1459.58 922.526
1555 1196.43 170.292
1556 277.867 881.832
1557 886.426 537.944
1558 1311.17 954.653
1559 830.649 1318.96
1560 389.788 440.157
1561 1148.99 173.641
1562 400.317 595.749
1563 296.947 1046.69
1564 932.428 1062.81
1565 1214.63 684.381
1566 115.463 236.924
1567 23.6743 1348.43
1568 1190.41 1111.51
1569 1342.87 192.369
1570 749.338 754.724
1571 733.766 22.4521
1572 629.382 371.217
1573 693.971 1104.67
1574 553.606 1078.83
1575 1004.53 575.153
1576 584.614 783.411
1577 1354.23 1066.1
1578 1219.56 823.381
1579 1322.5 1003.05
1580 1203.05 1077.25
1581 710.703 93.7464
1582 1420.03 551.874
1583 787.542 366.961
1584 343.453 1016
1585 1440.44 1376.86
1586 779.349 696.545
1587 890.614 1295.43
1588 828.518 448.634
1589 1363.18 1469.01
1590 355.888 522.406
1591 243.492 1260.52
1592 415.771 1257.77
1593 1000.52 103.614
1594 808.202 1361.16
1595 655.32 118.326
1596 1152.61 116.594
1597 1411.9 1319.24
1598 1397.73 1478.97
1599 1376.95 705.426
1600 104.62 309.971
1601 712.536 417.614
1602 199.893 265.656
1603 1354.85 398.207
1604 460.267 768.485
1605 1064.57 1298.01
1606 516.76 1178.33
1607 1334.81 769.741
1608 36.9373 1001.7
1609 320.847 1224.45
1610 455.125 821.073
1611 305.78 501.448
1612 256.977 291.638
1613 623.679 1194.97
1614 724.487 1048.04
1615 111.237 1042.39
1616 893.579 1248.81
1617 945.024 232.035
1618 874.906 13.9299
1619 1143.06 1474.23
1620 533.282 1273.7
1621 69.9364 1315.48
1622 12.8104 1245.64
1623 130.865 1423.13
1624 690.944 1300.85
1625 959.645 356.2
1626 807.304 1191.68
1627 820.905 307.041
1628 1044.25 189.291
1629 79.6039 780.197
1630 47.2176 204.151
1631 170.744 559.932
1632 556.685 707.952
1633 1413.48 9.08639
1634 1362.74 1443.09
1635 1099.88 507.208
1636 646.674 510.365
1637 1154.68 974.99
1638 51.7571 383.632
1639 246.882 766.992
1640 1368.26 532.739
1641 1254.51 653.542
1642 1187 1228.71
1643 1090.71 1103.31
1644 83.4031 40.7275
1645 677.827 1453.49
1646 841.681 1129.03
1647 277.59 279.869
1648 714.977 792.691
1649 789.263 1071.49
1650 944.118 723.445
1651 955.412 994.986
1652 103.587 387.331
1653 215.699 1361.7
1654 1403.13 1362.55
1655 65.3661 1223.59
1656 1264.55 1064.12
1657 1049.51 1399
1658 481.371 746.848
1659 1336.81 1401.11
1660 1360.02 317.769
1661 1229.43 192.834
1662 100.645 688.319
1663 422.244 788.312
1664 191.581 1049.23
1665 139.148 513.172
1666 588.688 960.04
1667 203.517 1344.21
1668 662.562 1221.59
1669 1347.29 1198.83
1670 488.966 442.375
1671 202.563 293.856
1672 1480.52 260.812
1673 1109.61 713.792
1674 1064.75 1141.34
1675 938.053 1081.41
1676 647.308 416.573
1677 858.311 220.899
1678 561.156 1401.88
1679 339.814 63.6896
1680 928.728 1336.85
1681 190.152 1302.16
1682 581.219 299.798
1683 498.246 222.064
1684 38.6121 1072.13
1685 699.563 901.556
1686 965.625 549.035
1687 286.717 314.679
1688 1065.17 751.963
1689 196.048 1466.12
1690 226.149 1187.61
1691 804.144 1249.39
1692 1275.47 839.677
1693 861.254 624.481
1694 1100.11 575.561
1695 987.32 558.088
1696 779.892 76.7263
1697 1109.66 945.012
1698 635.753 1389.66
1699 423.893 528.891
1700 50.1356 416.902
1701 1200.42 873.458
1702 273.812 1338.75
1703 1392.07 627.333
1704 529.662 676.854
1705 650.157 1321.18
1706 574.62 368.464
1707 1198.73 923.51
1708 143.491 347.011
1709 1056.21 1441.01
1710 794.604 510.727
1711 423.763 587.453
1712 1147.06 1247.9
1713 624.946 1461.51
1714 873.34 866.894
1715 448.453 1227.62
1716 539.81 1000.52
1717 196.695 731.593
1718 1107.75 805.875
1719 927.506 757.848
1720 65.6361 562.66
1721 563.067 1437.19
1722 919.946 369.237
1723 1240.94 956.518
1724 119.332 285.03
1725 80.6742 600.128
1726 1477.16 558.129
1727 967.025 517.789
1728 632.958 1343.45
1729 1021.06 899.791
1730 1378.54 610.732
1731 739.832 1451.5
1732 653.826 711.574
1733 322.593 1265.37
1734 740.537 145.441
1735 102.258 1428.41
1736 472.108 509.11
1737 416.34 1213.18
1738 1227.35 492.859
1739 626.527 369.315
1740 517.156 811.488
1741 471.084 413.495
1742 425.05 1218.7
1743 662.381 802.842
1744 898.762 78.4464
1745 179.898 686.134
1746 84.8257 617.522
1747 173.958 611.728
1748 368.477 278.919
1749 1354.68 176.572
1750 408.211 1379.66
1751 10.5018 1316.06
1752 1051.89 1204.85
1753 942.67 1099.74
1754 789.761 639.16
1755 135.12 35.9459
1756 297.128 1340.79
1757 1331.92 1117.21
1758 1265.37 982.945
1759 1000.66 691.702
1760 1023.61 1199.05
1761 243.423 67.492
1762 457.642 136.194
1763 1128.31 1351.29
1764 941.202 284.272
1765 998.818 967.295
1766 53.5597 572.301
1767 913.518 447.762
1768 107.323 116.911
1769 777.81 115.87
1770 915.51 430.844
1771 749.202 1035.77
1772 1209.05 1258.81
1773 1407.42 755.313
1774 417.853 707.874
1775 468.868 744.12
1776 287.384 1030.16
1777 858.384 579.091
1778 1167.76 216.406
1779 188.625 93.0553
1780 953.45 1060.26
1781 1271.26 991.591
1782 1223.12 1162.39
1783 852.047 1276.73
1784 309.865 1110.38
1785 354.706 42.7766
1786 259.647 257.372
1787 535.843 29.2299
1788 1037.5 43.534
1789 349.456 222.924
1790 538.08 669.348
1791 541.538 30.3737
1792 1103.73 275.795
1793 1285.7 1450.55
1794 541.501 637.575
1795 1311.73 1479.11
1796 693.596 858.87
1797 115.022 1105.49
1798 237.014 666.353
1799 1070.05 979.64
1800 429.463 734.441
1801 296.964 1200.31
1802 1286.51 603.704
1803 452.952 1251.28
1804 998.257 461.852
1805 1466.18 1281.57
1806 807.263 478.922
1807 1355.11 1367.95
1808 816.502 945.374
1809 972.218 808.727
1810 1398.47 350.678
1811 676.74 288.708
1812 676.343 656.394
1813 690.629 1426.51
1814 855.216 270.964
1815 1450.15 1226.26
1816 348.958 1183.38
1817 1346.08 626.078
1818 1024.56 1305.74
1819 1265.26 975.295
1820 331.711 1133.73
1821 875.857 139.918
1822 70.8595 1159.66
1823 802.299 605.877
1824 1198.79 1425.6
1825 948.255 732.408
1826 765.181 215.286
1827 406.056 1113.63
1828 491.449 569.981
1829 887.125 693.57
1830 1183.52 199.262
1831 855.623 150.872
1832 1152.93 925.559
1833 348.641 1405.55
1834 1090.6 1431.18
1835 320.977 292.148
1836 795.736 194.102
1837 112.985 255.302
1838 1011.25 1046.63
1839 668.583 157.21
1840 1152.88 723.219
1841 579.956 1329.91
1842 837.2 1040.22
1843 1040.22 26.695
1844 69.9751 9.41538
1845 709.096 433.062
1846 131.861 1454.85
1847 1215.28 814.385
1848 834.982 647.25
1849 991.241 1473.91
1850 1039.95 82.6893
1851 829.504 290.416
1852 1086.12 535.138
1853 821.148 134.881
1854 734.219 1421.13
1855 102.664 48.4802
1856 430.482 342.937
1857 1346.81 1121.87
1858 317.297 51.0151
1859 1428.33 774.687
1860 130.989 1396.59
1861 350.448 780.979
1862 569.159 583.256
1863 622.411 346.727
1864 1104.89 1369.35
1865 912.836 751.498
1866 1332.01 1323.49
1867 89.3524 422.911
1868 535.805 433.412
1869 270.783 1386.55
1870 1243.01 1272.43
1871 1226.4 1150.57
1872 1478.15 1304.89
1873 20.4151 831.62
1874 1114.2 219.348
1875 10.2754 679.266
1876 537.492 744.223
1877 1046.42 472.444
1878 972.546 1181.9
1879 1459.36 523.912
1880 849.599 1097.44
1881 1155.33 1331.01
1882 205.918 225.776
1883 651.799 862.73
1884 1093.54 448.758
1885 1170.85 512.64
1886 1133.81 910.305
1887 141.725 1314.2
1888 1075.12 130.05
1889 690.579 712.038
1890 685.241 646.538
1891 863.29 1264.02
1892 1141.24 276.848
1893 507.525 1402.12
1894 350.868 130.322
1895 879.866 807.867
1896 1056.33 391.101
1897 921.042 853.347
1898 234.18 122.433
1899 191.159 940.259
1900 885.137 917.366
1901 1445.31 99.4952
1902 1411.54 973.637
1903 486.042 66.7556
1904 60.1766 437.758
1905 707.059 793.88
1906 1271.08 150.272
1907 686.961 1264.27
1908 1342.4 347.238
1909 196.637 140.042
1910 124.253 1203.98
1911 46.5337 57.9287
1912 985.582 53.4021
1913 499.63 472.432
1914 1162.04 744.087
1915 505.081 332.254
1916 1364.55 1273.02
1917 615.893 1218.93
1918 757.631 1131.34
1919 98.0237 928.728
1920 133.943 668.797
1921 1261.93 1247.21
1922 1035.69 1060.59
1923 639.952 604.848
1924 572.437 13.8062
1925 210.309 648.481
1926 598.176 530.735
1927 680.082 1105.09
1928 127.401 480.407
1929 767.535 566.96
1930 765.226 1320.28
1931 854.895 854.343
1932 569.097 721.363
1933 1323.96 1167.73
1934 1220.68 646.221
1935 1255.44 785.234
1936 396.261 659.517
1937 1357.58 836.158
1938 1044.74 65.2166
1939 750.808 93.1994
1940 1264.29 1021.29
1941 382.757 327.637
1942 1326.88 26.0281
1943 684.335 1253.09
1944 281.647 1317.82
1945 273.985 406.841
1946 1199.51 278.75
1947 1222.43 319.308
1948 1277.66 265.927
1949 1203.57 1428.92
1950 681.438 537.084
1951 1423.81 663.32
1952 1461.72 55.1343
1953 872.688 626.066
1954 553.606 804.246
1955 250.204 458.457
1956 649.138 1143.1
1957 777.927 373.163
1958 1338.39 1077.02
1959 1434.8 887.622
1960 1273.93 1401.93
1961 1077.84 761.683
1962 624.037 484.382
1963 723.627 934.646
1964 763.055 1099.91
1965 116.651 306.712
1966 218.588 1085.93
1967 1071.46 225.019
1968 8.87219 1456.17
1969 331.394 1202.58
1970 538.94 267.693
1971 847.072 2.62544
1972 1131.52 926.012
1973 1066.88 1260.47
1974 92.1168 538.352
1975 1419.04 979.245
1976 855.995 1098.79
1977 1060.81 618.144
1978 598.601 121.223
1979 1098.61 1038.81
1980 1460.49 375.303
1981 175.198 1286.18
1982 575.229 908.313
1983 579.854 1459.82
1984 588.733 679.488
1985 367.2 883.779
1986 332.885 62.2864
1987 356.743 163.366
1988 1423.4 940.485
1989 481.905 1344.41
1990 1406.78 29.1062
1991 1102.55 1011.34
1992 1104.63 124.211
1993 1215.34 219.632
1994 988.389 488.061
1995 1384.2 1163.52
1996 483.93 941.934
1997 533.353 1467.98
1998 1142.57 622.49
1999 728.315 671.978
2000 720.282 629.189
2001 585.429 747.832
2002 1299.06 167.383
2003 1097.63 158.737
2004 1439.92 77.2695
2005 794.585 883.643
2006 889.977 710.635
2007 306.33 161.181
2008 1458.31 636.658
2009 320.259 1067
2010 576.33 1284.24
2011 404.533 1415.78
2012 228.3 951.629
2013 1411.54 1344.08
2014 363.65 266.063
2015 483.263 1131.84
2016 1409.95 1196.79
2017 170.065 435.778
2018 282.19 699.907
2019 354.724 950.715
2020 383.813 1203.99
2021 609.142 1172.61
2022 572.301 428.038
2023 384.139 1093.71
2024 50.3086 850.87
2025 1233.87 69.0763
2026 82.4848 31.0405
2027 890.857 1334.81
2028 701.941 802.604
2029 315.551 1076.3
2030 1087.59 1319.64
2031 423.33 950.863
2032 1263.2 446.778
2033 1479.73 355.645
2034 1257.23 767.523
2035 0.407396 808.624
2036 244.709 948.328
2037 1207.39 856.471
2038 577.326 625.712
2039 459.407 604.35
2040 1195.56 84.0142
2041 369.509 759.058
2042 772.828 18.2754
2043 1209.93 305.807
2044 673.341 949.279
2045 1075.08 792.522
2046 955.93 1377.41
2047 1104.45 1077.05
2048 1132.34 184.448
2049 117.466 169.658
2050 678.464 1059.05
2051 1301 806.452
2052 288.108 869.022
2053 507.402 256.014
2054 321.804 568.59
2055 800.172 357.093
2056 2.94231 1099.34
2057 1285.3 1169.95
2058 1102.28 1042.93
2059 462.815 217.9
2060 956.431 310.527
2061 1040.85 1135.81
2062 387.389 612.588
2063 1423.35 1014.73
2064 362.402 1358.38
2065 920.811 131.861
2066 580.335 1389.4
2067 941.942 975.476
2068 798.135 159.054
2069 1133.78 1387.32
2070 1230.82 1457.21
2071 978.267 143.539
2072 654.789 947.592
2073 1022.76 1358.75
2074 990.929 843.627
2075 1300.95 375.517
2076 515.583 386.393
2077 1267.41 1054.57
2078 879.931 928.185
2079 910.486 58.4266
2080 249.949 536.801
2081 349.003 772.921
2082 1035.83 1451.01
2083 1221.1 152.58
2084 691.58 400.063
2085 1280.11 936.831
2086 1041.49 113.796
2087 886.549 740.861
2088 548.941 633.263
2089 908.63 1252.05
2090 864.529 107.903
2091 1005.59 1432.3
2092 183.826 1040.85
2093 187.221 245.66
2094 669.061 542.743
2095 576.403 1143.2
2096 1350.23 384.706
2097 724.396 517.484
2098 209.728 792.699
2099 558.579 1382.11
2100 268.319 375.212
2101 1054.62 749.733
2102 435.099 553.878
2103 1202.68 839.825
2104 845.583 63.2701
2105 191.177 1406.64
2106 960.776 1110.56
2107 990.995 593.836
2108 263.044 983.262
2109 895.14 683.928
2110 1456.77 572.437
2111 38.3454 8.76953
2112 843.805 1189.95
2113 386.348 1071.67
2114 258.425 412.285
2115 16.1601 910.572
2116 998.257 87.545
2117 1258.09 793.732
2118 1234.34 1284.2
2119 453.251 1097.93
2120 444.208 324.004
2121 23.8101 339.938
2122 823.574 1190.68
2123 1169.3 432.383
2124 314.161 1024.47
2125 659.494 522.146
2126 757.35 1457.3
2127 620.12 1333.23
2128 936.865 40.468
2129 813.423 1097.47
2130 152.355 1020.57
2131 770.07 958.151
2132 1337.89 1245.4
2133 996.492 819.184
2134 321.552 741.145
2135 307.272 688.895
2136 950.346 1386.23
2137 11.226 730.507
2138 145.938 340.798
2139 791.959 1001.2
2140 285.721 713.849
2141 825.702 900.934
2142 1308.86 1459.7
2143 473.453 658.081
2144 228.006 1421.8
2145 273.187 725.334
2146 1029.04 279.869
2147 1227.7 1037.81
2148 721.997 195.583
2149 761.379 1401.16
2150 269.501 1371.34
2151 726.632 1458.15
2152 1482.18 1364.23
2153 151.207 312.337
2154 1055.63 198.435
2155 785.885 639.25
2156 346.242 1305.24
2157 37.4978 1172.85
2158 1287.78 782.732
2159 1225.7 132.211
2160 175.079 1065.61
2161 892.017 597.424
2162 1445.45 592.264
2163 449.754 822.669
2164 1261.54 422.153
2165 1348.34 1419.5
2166 921.202 422.594
2167 151.071 1352.19
2168 892.266 1071.99
2169 1103.05 695.29
2170 856.866 1213.89
2171 71.8424 911.56
2172 1226.67 504.538
2173 642.037 1298.19
2174 876.405 91.3473
2175 926.709 1214.22
2176 1323.81 634.226
2177 169.873 83.7879
2178 705.611 589.49
2179 42.505 1010.75
2180 1219.91 602.494
2181 1209.52 997.43
2182 733.68 1172.88
2183 381.957 892.56
2184 1474.37 954.563
2185 1102.87 522.916
2186 511.645 92.1168
2187 896.01 1043.52
2188 1339.07 471.798
2189 33.8559 1133.38
2190 452.553 1360.02
2191 464.975 884.626
2192 1244.28 1313.21
2193 1088.65 1030.98
2194 270.964 1469.12
2195 1209.72 1000.93
2196 170.959 284.486
2197 1304.89 232.125
2198 8.69112 134.758
2199 877.396 25.6538
2200 1418.54 307.811
2201 277.759 456.963
2202 270.013 388.113
2203 1086.89 837.109
2204 1307.34 1271.29
2205 474.074 837.866
2206 631.6 147.058
2207 448.705 1298.33
2208 1466.97 390.24
2209 1.99172 40.8302
2210 347.638 220.254
2211 1421.89 159.201
2212 1374.7 1143.38
2213 1061.36 918.938
2214 98.4994 1473.6
2215 1428.87 1420.95
2216 273.677 1348.44
2217 288.606 79.7592
2218 778.885 1309.95
2219 314.827 1390.07
2220 1093.77 788.403
2221 269.787 317.498
2222 688.826 181.061
2223 709.911 109.952
2224 65.4227 789.024
2225 1157.05 734.433
2226 6.971 665.55
2227 333.165 453.613
2228 1164.95 296.482
2229 1299.76 1029.93
2230 1429.06 216.089
2231 1374.98 156.473
2232 479.087 287.791
2233 1002.87 414.005
2234 1149.85 1311.85
2235 816.422 1243.09
2236 1025.2 335.83
2237 165.589 1389.99
2238 17.337 911.572
2239 1144.82 1159.45
2240 512.64 256.693
2241 338.695 879.376
2242 1476.66 807.221
2243 1159.18 1409.77
2244 584.116 192.155
2245 407.849 1123.46
2246 1371.01 811.476
2247 682.353 1058.77
2248 824.661 246.01
2249 10.1849 86.368
2250 458.276 865.705
2251 989.11 957.913
2252 1287.19 253.524
2253 189.394 1027.22
2254 1470.9 1406.33
2255 122.434 99.7668
2256 1406.24 1207.75
2257 3.8929 1472.69
2258 234.027 765.531
2259 751.103 85.5985
2260 917.474 374.657
2261 1064.66 740.634
2262 965.213 231.887
2263 1389.22 1346.17
2264 649.164 1139.07
2265 1452.93 471.177
2266 231.488 15.3331
2267 1016.77 499.287
2268 862.822 1140.44
2269 272.412 422.651
2270 1221.78 553.063
2271 979.74 1019.29
2272 50.1275 540.467
2273 483.398 758.753
2274 1421.88 847.294
2275 453.327 89.3556
2276 1429.37 1183.44
2277 1034.38 582.293
2278 661.033 636.929
2279 496.996 492.213
2280 290.745 792.25
2281 186.033 144.852
2282 397.772 1010.12
2283 1176.57 791.016
2284 9.00799 1222.04
2285 855.985 680.578
2286 627.164 965.394
2287 161.651 471.444
2288 393.307 143.268
2289 22.3615 1326.89
2290 1059.5 1338.51
2291 1157.94 1116.25
2292 36.5719 1086.44
2293 991.666 874.758
2294 479.37 782.156
2295 939.021 237.965
2296 241.311 1174.61
2297 1271.57 973.213
2298 4.34556 105.244
2299 982.67 1479.48
2300 315.144 378.006
2301 767.218 680.126
2302 71.3849 581.026
2303 238.97 780.703
2304 511.164 986.171
2305 1038.58 292.873
2306 437.804 488.83
2307 629.563 51.5461
2308 698.775 1470.7
2309 1051.4 937.826
2310 985.616 1410.85
2311 1374.28 1454.27
2312 670.888 429.655
2313 1263.97 513.172
2314 732.816 556.356
2315 103.569 991.636
2316 843.175 488.604
2317 1286 1378.13
2318 142.833 991.874
2319 207.636 707.829
2320 808.139 1383.61
2321 127.792 504.357
2322 672.238 475.296
2323 759.025 345.876
2324 768.712 149.198
2325 231.039 484.666
2326 1340.63 1153.64
2327 718.919 1225.71
2328 272.236 358.814
2329 825.747 667.937
2330 332.571 490.765
2331 923.522 356.653
2332 563.833 1128.57
2333 67.5178 460.675
2334 550.591 119.186
2335 7.9216 1069.99
2336 1125.86 552.927
2337 68.8221 899.754
2338 849.738 323.65
2339 86.056 1455.9
2340 592.4 843.57
2341 838.9 701.039
2342 710.092 1277.64
2343 129.145 1120.25
2344 156.033 833.895
2345 824.118 1283.78
2346 1149.58 445.692
2347 1028.96 1015.01
2348 659.484 669.793
2349 1192.49 475.782
2350 377.538 902.832
2351 630.449 1330.77
2352 728.118 1122.41
2353 451.445 846.389
2354 1398.05 1436.6
2355 1005.41 658.171
2356 1029.73 784.679
2357 625.861 1289.59
2358 464.335 1348.3
2359 130.005 536.846
2360 536.809 752.947
2361 777.791 690.627
2362 867.796 1421.9
2363 329.267 812.394
2364 546.545 1249.07
2365 231.102 301.959
2366 1227.07 1368.18
2367 802.933 255.018
2368 1005.95 1086.84
2369 155.852 759.375
2370 1127.4 48.9781
2371 244.011 1316.38
2372 1329.96 734.071
2373 824.027 125.659
2374 176.548 1045.82
2375 1377.23 1021.61
2376 907.679 73.6814
2377 546.5 813.525
2378 948.503 1287.24
2379 802.325 1311.86
2380 1081.5 666.138
2381 272.817 99.0879
2382 832.859 605.979
2383 947.604 1042.65
2384 507.535 1314.4
2385 739.471 272.82
2386 1347.62 878.166
2387 1266.41 1101.04
2388 619.197 1087.33
2389 301.473 120.816
2390 280.73 0.633728
2391 1193.18 291.14
2392 774.687 579.499
2393 1333.09 1167.1
2394 808.682 769.617
2395 513.407 1189.54
2396 234.069 914.107
2397 313.152 1036.42
2398 447.877 586.231
2399 1266.95 1284.48
2400 1217.84 1438.15
2401 1392.03 132.313
2402 941.926 342.065
2403 334.291 1378.75
2404 468.642 345.246
2405 1467.78 1217.3
2406 911.718 217.006
2407 11.1355 944.707
2408 151.162 561.754
2409 105.38 739.062
2410 1039.27 44.3035
2411 899.001 908.799
2412 508.819 713.079
2413 1067.88 990.879
2414 1003.15 109.125
2415 915.174 1444.62
2416 1030.13 511.282
2417 524.002 55.1796
2418 91.9358 1184.62
2419 357.366 554.454
2420 68.2615 1219.47
2421 302.322 228.809
2422 1230.08 30.1888
2423 1086.62 685.636
2424 1381.89 66.2698
2425 958.271 1451.1
2426 354.09 633.444
2427 1408.01 1244.87
2428 111.129 485.164
2429 1351.51 876.931
2430 1238.67 10.4112
2431 749.758 508.735
2432 1265.07 431.071
2433 578.458 1263.61
2434 791.56 145.519
2435 540.052 348.357
2436 900.252 1020.79
2437 462.581 744.301
2438 17.1317 938.448
2439 823.031 938.312
2440 770.684 564.413
2441 172.502 322.341
2442 710.409 1000.93
2443 848.38 529.434
2444 452.886 1147.73
2445 616.164 222.122
2446 729.421 355.069
2447 1108.48 0.905325
2448 679.899 1441.78
2449 402.779 1193.43
2450 754.771 1245.04
2451 356.155 873.277
2452 720.846 1345.09
2453 750.922 537.887
2454 1351.29 291.786
2455 33.0573 1055.37
2456 238.282 656.077
2457 12.4935 391.87
2458 228.323 1000.97
2459 405.767 444.967
2460 24.2756 1234.18
2461 448.412 265.351
2462 492.848 873.853
2463 380.191 713.927
2464 1118.83 1482.96
2465 1198.7 228.233
2466 662.381 54.8174
2467 943.498 949.913
2468 671.118 780.831
2469 1470.9 746.667
2470 393.002 1094.25
2471 1440.28 1451.51
2472 941.671 720.775
2473 177.263 802.559
2474 1365.01 490.867
2475 440.758 196.806
2476 54.0657 758.165
2477 1035.64 1170.72
2478 261.636 1206.07
2479 115.343 156.654
2480 1482.59 1388.27
2481 393.896 233.833
2482 1397.55 206.493
2483 502.234 799.798
2484 392.277 696.874
2485 137.519 659.028
2486 946.168 9.08639
2487 676.64 475.477
2488 1175.43 207.501
2489 31.5102 182.333
2490 142.223 762.996
2491 1192.54 1371.79
2492 2.67071 1411.49
2493 720.417 1405.92
2494 778.263 125.738
2495 133.553 603.943
2496 409.524 959.6
2497 547.631 457.868
2498 656.089 1385.19
2499 1368.09 710.08
2500 109.137 1228.8
2501 1180.95 1330.05
2502 196.601 208.723
2503 39.0195 0.407396
2504 1425.98 582.836
2505 1326.89 129.235
2506 422.198 1470.33
2507 697.961 252.936
2508 180.431 628.884
2509 1282.58 1413.83
2510 1228.57 1353.37
2511 192.37 855.759
2512 1308.56 262.894
2513 545.096 1221.87
2514 733.404 1050.09
2515 41.839 521.682
2516 1186.11 382.364
2517 27.3457 402.01
2518 1031.74 1242.68
2519 482.584 559.886
2520 109.544 694.418
2521 447.231 13.4772
2522 946.56 29.1062
2523 1347.99 1289.44
2524 16.2053 813.163
2525 1056.01 537.027
2526 1414.73 946.641
2527 154.765 1024.91
2528 744.989 768.609
2529 1419.14 324.14
2530 1046.61 385.484
2531 1093.9 900.153
2532 1347.89 1324.17
2533 184.46 1153.1
2534 185.184 572.482
2535 355.411 1103.18
2536 1011.3 308.93
2537 1339.45 1351.5
2538 1162.44 746.305
2539 408.442 289.478
2540 1430.73 427.075
2541 629.88 1372.11
2542 918.692 958.546
2543 86.7754 1205.58
2544 268.836 984.574
2545 1442.23 1143.5
2546 1450.92 168.119
2547 673.497 520.867
2548 639.358 1398.49
2549 315.886 969.093
2550 598.824 452.967
2551 112.846 91.5737
2552 442.158 1039.22
2553 7.19734 565.545
2554 345.427 612.214
2555 892.331 976.846
2556 1001.69 976.846
2557 282.416 8.31686
2558 1481.18 579.816
2559 897.339 78.718
2560 1183.67 936.333
2561 186.955 432.145
2562 846.159 1364.46
2563 1452.73 10.6828
2564 1346.99 668.661
2565 518.163 1366.58
2566 666.319 729.964
2567 1373.93 542.471
2568 962.768 1358.94
2569 567.607 844.397
2570 1179.09 1317.43
2571 590.544 1095.61
2572 511.509 111.174
2573 907.623 200.563
2574 56.0849 726.602
2575 386.167 1060.12
2576 1215.08 773.329
2577 1075.12 233.664
2578 43.3618 220.299
2579 678.949 296.132
2580 1045.19 880.429
2581 556.555 1430.5
2582 497.703 563.746
2583 94.031 400.154
2584 253.192 188.114
2585 1108.93 1283.48
2586 1109.44 64.9118
2587 870.339 1323.03
2588 62.739 736.618
2589 798.366 779.892
2590 1182.41 612.305
2591 972.998 947.637
2592 206.143 107.993
2593 1289.12 1161.71
2594 1157.78 805.501
2595 333.296 1001.64
2596 597.57 42.4476
2597 130.095 476.925
2598 1479.54 1431.14
2599 1088.34 855.249
2600 225.851 75.9568
2601 1261.44 199.974
2602 1460.07 282.63
2603 911.708 1130.83
2604 1048.1 1329.41
2605 973.041 1243.19
2606 704.524 854.977
2607 1303.81 1372.14
2608 554.602 985.706
2609 349.852 1459.06
2610 968.596 641.785
2611 633.543 173.448
2612 486.404 1412.39
2613 589.729 908.301
2614 930.535 967.192
2615 1141.34 1211.77
2616 1146.84 1051.22
2617 606.432 330.398
2618 727.067 381.718
2619 808.501 566.495
2620 1450.87 1263.25
2621 1218.52 307.946
2622 1225.95 521.998
2623 566.784 268.157
2624 469.663 980.048
2625 1338.66 687.22
2626 1067.7 357.727
2627 860.167 192.324
2628 425.91 685.874
2629 1306.42 1133.15
2630 329.81 1171.03
2631 880.746 458.815
2632 176.357 487.246
2633 175.667 828.542
2634 819.817 1157.04
2635 1248.17 403.006
2636 1354.59 645.213
2637 968.46 1422.62
2638 901.993 1355.26
2639 1470.36 993.401
2640 1288.87 366.747
2641 332.979 183.769
2642 1267.18 140.042
2643 1335.54 1257.94
2644 887.355 403.228
2645 912.342 190.118
2646 1221.42 244.38
2647 506.484 1381.15
2648 1046.94 1440.36
2649 539.438 544.508
2650 663.707 731.865
2651 554.788 176.934
2652 1279.11 1341.82
2653 96.4624 422.73
2654 99.998 49.9166
2655 522.825 101.577
2656 1470.09 774.629
2657 1024.45 428.355
2658 1178.42 787.678
2659 1025.46 932.745
2660 841.662 1448.46
2661 665.278 196.637
2662 744.31 217.266
2663 663.259 3.12337
2664 1080.38 1389.16
2665 1273.57 665.085
2666 226.286 939.399
2667 1000.57 1076.92
2668 525.722 646.629
2669 362.415 98.9852
2670 750.65 1177.45
2671 646.638 571.939
2672 938.324 127.877
2673 973.858 124.256
2674 194.197 44.4393
2675 125.025 368.784
2676 1081.82 1449.97
2677 734.762 1343.5
2678 888.059 1305.33
2679 1161.62 338.999
2680 179.621 1065.47
2681 1174.12 580.347
2682 715.537 367.912
