1 1256.51 1237.75
2 1248.57 778.962
3 274.163 909.39
4 38.1532 724.004
5 335.997 1160.91
6 524.692 749.554
7 1118.48 739.686
8 1212.6 914.985
9 799.706 623.096
10 1151.03 1232.35
11 947.139 656.647
12 507.472 56.3234
13 1163.54 4.40229
14 411.657 1110.21
15 1244.02 972.705
16 882.04 1150.94
17 1138.22 708.639
18 1071.38 330.705
19 98.4167 768.128
20 679.087 1231.4
21 614.859 1104.41
22 849.081 859.498
23 180.106 1198.85
24 1020.2 713.214
25 413.34 815.388
26 711.315 1212.2
27 469.226 669.667
28 853.785 101.398
29 732.852 520.392
30 1262.67 216.519
31 232.113 934.595
32 800.317 1143.88
33 888.708 1175.37
34 1376.1 603.243
35 1345.46 403.918
36 990.799 765.97
37 1376.19 197.758
38 561.896 1248.87
39 1377.81 1306.27
40 829.542 583.433
41 1383.58 1398.81
42 446.521 73.5311
43 908.555 1246.38
44 414.506 761.525
45 304.837 136.557
46 691.375 829.572
47 474.905 337.899
48 1019.56 435.913
49 893.474 413.168
50 1400.93 706.697
51 678.298 1384.82
52 1150.35 1197.42
53 810.755 1120.9
54 613.99 1381.84
55 109.065 54.6988
56 1370.27 568.227
57 1268.62 950.42
58 1378.86 415.039
59 1171.31 146.543
60 759.834 310.65
61 889.706 1050.48
62 1250.6 930.107
63 873.336 777.738
64 111.846 635.267
65 1040.53 568.413
66 1199.45 172.136
67 1225.78 438.157
68 1067.21 24.0831
69 717.946 795.951
70 826.163 604.581
71 1286.5 1016.02
72 1301.6 661.034
73 925.239 677.925
74 813.517 1294.98
75 519.47 589.836
76 13.0774 1223.66
77 1206.53 61.9928
78 1243.49 111.929
79 1089.91 687.102
80 756.71 857.009
81 1367.21 501.704
82 984.3 1298.42
83 1121.16 833.89
84 821.477 1400.1
85 105.655 309.816
86 954.131 901.822
87 587.638 170.265
88 439.884 158.482
89 975.033 11.9707
90 833.068 498.639
91 61.8047 305.629
92 1000.75 156.195
93 271.647 533.944
94 849.642 900.656
95 965.957 376.827
96 1245.48 924.971
97 595.172 1330.33
98 189.632 354.125
99 869.711 350.027
100 276.748 1308.08
101 164.907 1070.85
102 853.502 255.996
103 598.409 1286.37
104 343.292 1144.83
105 130.281 653.151
106 533.534 517.543
107 718.171 986.128
108 554.165 645.339
109 642.438 258.354
110 51.8348 1403.25
111 310.189 100.735
112 601.01 650.201
113 247.737 374.44
114 746.749 527.757
115 1288.19 993.45
116 1064.66 44.3682
117 15.5375 287.776
118 773.964 496.654
119 186.277 1251
120 1332.53 471.967
121 363.361 133.048
122 1121.38 244.084
123 1089.65 577.593
124 224.733 1155.18
125 1081.06 279.676
126 562.938 1265.59
127 441.826 1144.74
128 783.897 1399.73
129 409.327 263.505
130 940.061 781.637
131 1065.74 655.352
132 930.554 666.401
133 881.105 64.5824
134 241.306 1138.18
135 609.846 1253.2
136 292.321 1398.86
137 1013.34 854.448
138 798.195 1363.95
139 521.153 715.588
140 393.573 771.495
141 1387.05 245.751
142 503.371 787.319
143 334.617 1085.24
144 1157.02 675.665
145 561.07 801.778
146 860.388 446.071
147 1129.92 505.788
148 1038.03 1182.98
149 619.083 764.919
150 1365.27 1138.77
151 138.824 149.578
152 1165.98 1031.82
153 654.344 730.305
154 236.386 36.3559
155 999.709 1279.77
156 265.648 1347.27
157 1050.31 815.475
158 672.348 626.463
159 1327.64 125.438
160 527.091 885.162
161 1047.49 111.697
162 102.357 541.525
163 613.151 1354.35
164 268.799 1057.99
165 790.347 1099.19
166 691.936 921.475
167 1250.64 377.274
168 679.846 968.115
169 638.058 573.204
170 267.516 111.497
171 318.488 965.109
172 357.535 1397.21
173 456.5 313.124
174 1129.67 700.223
175 569.535 499.373
176 654.689 1403.98
177 945.931 1249.99
178 1114.96 295.616
179 620.377 697.59
180 866.388 200.952
181 868.842 1353.32
182 187.443 677.564
183 899.134 623.744
184 439.97 1111.41
185 593.144 1082.14
186 499.087 936.063
187 1325.13 531.598
188 155.357 993.32
189 878.904 456.586
190 433.749 602.639
191 145.732 91.3414
192 1086.56 1364.49
193 1189.83 1122.17
194 1036.7 933.501
195 431.942 226.36
196 856.683 817.244
197 827.673 594.136
198 952.189 1310.78
199 713.861 690.57
200 1253.1 799.678
201 293.788 1264.32
202 1143.04 846.204
203 817.883 36.1833
204 138.197 1374.44
205 1251.38 103.441
206 814.83 1327.69
207 498.587 376.325
208 887.924 1126.17
209 1185.59 1303.42
210 140.041 1106.53
211 639.183 1392.12
212 971.697 80.6378
213 272.208 379.805
214 941.831 417.484
215 805.705 171.905
216 591.547 529.945
217 1370.88 1262.25
218 881.709 268.44
219 1277.14 691.72
220 308.826 262.426
221 673.723 938.378
222 1263.39 228.546
223 976.877 1233.03
224 1353.89 309.412
225 578.599 482.784
226 1362.77 110.591
227 654.732 228.589
228 1023.75 44.7998
229 1280.94 1028.11
230 1207.78 507.428
231 546.229 615.099
232 181.826 64.3234
233 1028.97 1395.81
234 1303.95 546.547
235 845.722 412.378
236 1019.16 285.042
237 1135.96 1063.64
238 159.543 1237.17
239 637.253 1105.85
240 385.86 642.346
241 400.047 425.412
242 926.984 224.215
243 321.762 451.164
244 109.338 412.335
245 260.123 129.71
246 619.101 1410.56
247 1279.94 342.142
248 747.44 969.512
249 150.239 599.315
250 945.031 885.609
251 243.729 610.407
252 1026.76 839.558
253 150.584 253.104
254 75.6589 1042.48
255 929.894 353.003
256 527.584 1234.64
257 1320.46 1391.01
258 188.349 696.986
259 737.556 1212.23
260 734.707 196.895
261 774.457 734.966
262 109.558 942.78
263 1221.85 687.808
264 55.4973 529.224
265 1087.35 1065.51
266 516.992 388.323
267 1314.55 9.02038
268 761.164 157.447
269 917.551 798.427
270 767.379 987.105
271 400.608 566.098
272 957.227 1065.35
273 1200.18 1198.73
274 585.332 879.049
275 60.7688 619.255
276 105.094 924.539
277 453.954 1152.81
278 990.429 1132.9
279 721.39 9.07899
280 1267.6 169.245
281 620.334 506.595
282 814.59 1197.87
283 786.049 1231.22
284 319.234 1115.38
285 524.002 1188.75
286 692.325 975.252
287 1055.29 1026.93
288 1205.1 1162.52
289 1027.58 341.106
290 288.628 60.8706
291 615.47 926.654
292 494.068 472.685
293 674.303 73.9757
294 958.238 282.092
295 1104.5 1007
296 268.034 845.844
297 927.329 144.973
298 390.916 14.8469
299 1021.72 638.347
300 773.274 229.884
301 89.8585 696.425
302 1235.62 1041.23
303 448.257 982.043
304 1064.97 170.511
305 337.722 84.0319
306 1162.94 1374.48
307 1294.36 85.1541
308 1205.81 408.796
309 116.186 536.361
310 436.906 1382.23
311 1287.98 364.37
312 1365.53 967.381
313 862.312 238.343
314 463.098 536.518
315 474.8 215.41
316 325.467 761.769
317 1154.13 154.512
318 924.049 114.907
319 852.962 486.152
320 1353.38 751.755
321 1041.96 1279.81
322 996.557 516.292
323 181.104 1209.42
324 467.592 862.289
325 142.125 320.692
326 1039.07 905.49
327 324.777 162.669
328 1002.66 1311.15
329 1367.56 66.9993
330 1013.9 212.879
331 996.397 449.767
332 722.882 624.607
333 1281.61 872.646
334 784.865 1013.71
335 1018.78 621.472
336 230.516 395.429
337 1243.86 375.878
338 705.692 1112.87
339 944.199 1163.97
340 295.284 195.112
341 453.393 358.225
342 641.569 136.141
343 430.006 493.59
344 717.339 535.31
345 968.473 25.3779
346 906.539 190.997
347 1148.31 640.894
348 1333.25 1320.05
349 266.813 562.084
350 938.464 529.181
351 1248.01 1303.52
352 849.105 1335.76
353 70.4798 1282.85
354 349.02 1192.29
355 199.355 1306.63
356 1162.2 706.338
357 1179.82 420.98
358 470.755 175.978
359 934.802 1380.55
360 455.224 390.897
361 1196.78 1245.03
362 75.2273 1291.99
363 276.241 1104.72
364 1251.28 1016.41
365 342.213 465.261
366 76.3495 315.972
367 1317.58 1001.78
368 763.279 293.113
369 626.512 427.167
370 281.66 262.497
371 1194.66 556.344
372 1196.95 312.908
373 189.798 1168.87
374 667.761 1315
375 639.158 953.225
376 1262.29 1235.42
377 1321.59 607.386
378 712.739 1126.42
379 1315.25 809.605
380 50.0221 1085.52
381 1155.86 975.711
382 840.875 1222.84
383 422.447 58.7558
384 144.505 212.922
385 512.867 240.529
386 128.012 202.003
387 473.85 1334.58
388 271 1068.59
389 844.16 1309.29
390 695.023 683.032
391 635.755 608.438
392 1208.65 241.854
393 139.258 862.978
394 274.218 420.462
395 858.843 391.631
396 84.476 14.2427
397 654.19 1186.95
398 482.094 591.433
399 585.418 470.441
400 1251.21 335.869
401 50.6327 1038.21
402 1288.35 1220.92
403 310.682 288.754
404 312.131 63.1011
405 788.182 1057.02
406 570.398 278.482
407 64.4254 78.3503
408 866.481 309.282
409 388.74 421.901
410 914.301 121.538
411 161.547 947.845
412 630.556 1033.55
413 1132.71 1066.48
414 157.317 984.688
415 1081.09 970.446
416 109.151 1277.05
417 1208.21 133.508
418 383.598 910.411
419 846.479 84.2778
420 104.403 981.38
421 700.784 276.826
422 1149.44 182.193
423 751.842 773.912
424 888.529 920.698
425 872.819 45.7216
426 908.727 1000.2
427 763.668 422.577
428 1263.86 999.967
429 756.83 42.0962
430 1031.47 1226.7
431 400.226 792.773
432 875.939 287.357
433 591.166 1291.11
434 1067.74 405.528
435 682.312 1195.97
436 419.081 148.657
437 1040.19 798.786
438 357.837 254.399
439 1263.47 314.477
440 88.0889 1317.64
441 1259.62 137.809
442 194.737 299.242
443 524.372 1215.48
444 793.91 463.492
445 141.348 457.838
446 448.774 1156.12
447 909.628 572.341
448 443.811 1170.49
449 352.701 853.828
450 409.666 1297.22
451 901.076 1144.87
452 490.683 1329.87
453 1295.35 371.821
454 415.153 1246.67
455 1277.55 740.232
456 1305.75 1188.27
457 923.704 1194.46
458 262.281 838.306
459 651.311 905.592
460 891.722 378.165
461 1219.44 1280.74
462 1025.6 860.173
463 1304.02 652.719
464 1145.98 1213.35
465 116.876 949.341
466 854.907 894.327
467 264.31 408.118
468 488.587 1363.98
469 72.1198 716.596
470 501.084 1051.82
471 217.531 1156.78
472 796.555 56.8136
473 583.131 388.826
474 183.601 1006.5
475 541.346 1248.61
476 965.692 1370.97
477 1010.16 1125.68
478 745.454 14.6311
479 1287.28 1347.81
480 1048.91 830.926
481 208.338 26.9471
482 237.119 1380.72
483 814.898 838.204
484 130.946 774.069
485 391.224 657.667
486 285.779 790.183
487 1099 1278.09
488 1258.32 1138.47
489 852.663 1001.02
490 1027.98 1361.36
491 1000.36 460.098
492 625.384 122.589
493 114.675 1264.32
494 294.516 172.525
495 331.898 589.561
496 1149.97 778.428
497 333.538 1125.22
498 311.274 1242.5
499 165.302 1091.09
500 1382.88 737.34
501 155.806 332.705
502 979.552 1040.84
503 459.305 1189.77
504 623.905 143.953
505 1407.6 492.353
506 169.057 83.0547
507 681.017 292.94
508 702.294 342.774
509 61.6878 487.332
510 1276.54 843.125
511 914.554 190.723
512 698.669 187.615
513 574.246 361.119
514 775.999 1364.11
515 712.665 381.979
516 624.823 373.232
517 249.592 1374.62
518 1360.6 1119.77
519 511.572 758.661
520 1350.5 991.652
521 1097.03 119.74
522 462.469 645.987
523 828.364 676.183
524 599.323 1339.68
525 894.959 727.672
526 131.15 1344.38
527 765.871 986.587
528 0.992673 495.689
529 271.074 657.812
530 1251.67 529.828
531 1059.4 377.188
532 318.636 414.463
533 869.236 1083.39
534 1068.34 422.749
535 11.1352 885.378
536 1221.79 525.7
537 374.238 1346.3
538 443.694 904.254
539 1220.21 1086.55
540 64.8259 1261.27
541 347.843 1251.72
542 503.76 194.046
543 66.1271 478.656
544 172.121 886.5
545 356.542 1041.11
546 973.596 172.913
547 1385.15 839.644
548 77.0832 273.158
549 1217.29 1388.42
550 1036.15 16.8477
551 1198.56 1084.75
552 1099.25 586.627
553 417.354 463.652
554 187.917 533.713
555 646.403 335.625
556 430.808 1093.47
557 1176.4 658.185
558 1099.57 836.564
559 900.743 14.1995
560 1272.85 29.8388
561 971.605 1325
562 939.457 717.545
563 296.119 391.847
564 656.114 359.967
565 647.487 860.419
566 570.701 1268.89
567 1232.57 738.894
568 581.54 1004.77
569 1344.08 721.069
570 203.282 479.504
571 1014.51 984.775
572 1093.11 1323.36
573 1056.51 895.579
574 854.303 371.577
575 897.592 525.715
576 598.866 710.208
577 647.093 268.282
578 298.492 1028.93
579 1405.93 452.458
580 228.463 726.378
581 409.29 346.831
582 84.5498 190.248
583 441.783 568.111
584 256.023 598.064
585 1370.11 305.601
586 756.244 0.690555
587 577.785 1176.33
588 116.876 1364.01
589 812.389 252.974
590 134.135 352.889
591 841.398 736.218
592 1083.93 698.771
593 42.3828 524.406
594 1192.26 80.277
595 245.492 983.538
596 613.645 627.946
597 610.346 1063.15
598 430.259 842.018
599 1299.38 239.005
600 390.09 309.039
601 312.045 716.839
602 1359.4 1163.07
603 1345.89 1218.4
604 169.488 125.208
605 521.455 667.421
606 694.957 845.686
607 646.501 1143.32
608 154.709 394.366
609 1157.63 33.3624
610 558.48 275.531
611 36.2973 1015.46
612 556.341 552.099
613 790.15 1259.96
614 263.145 4.53177
615 929.999 974.518
616 507.515 443.077
617 1191.32 286.494
618 1059.21 1151.13
619 287.228 805.058
620 1248.57 53.3022
621 1192.76 573.262
622 1376.84 153.621
623 245.449 1175.84
624 1140.32 1154.22
625 1145.08 129.436
626 712.912 113.741
627 533.935 532.088
628 296.464 824.538
629 765.61 1068.12
630 282.326 873.336
631 576.829 244.37
632 1057.89 1198.16
633 924.524 175.401
634 775.5 72.8259
635 709.663 879.308
636 593.618 557.148
637 831.601 720.351
638 1353.99 633.843
639 53.777 581.161
640 417.99 948.564
641 796.589 1029.1
642 1138.47 228.546
643 840.06 919.431
644 176.641 103.281
645 1226.64 1401.87
646 1072.04 672.816
647 253.456 1390.69
648 1103.72 1252.19
649 763.538 1331.43
650 456.6 1341.3
651 1380.51 24.2989
652 606.005 164.483
653 655.633 149.607
654 262.578 529.24
655 867.029 55.5034
656 1194.37 491.863
657 141.792 599.072
658 90.6233 563.249
659 848.131 1370.57
660 1189.94 560.444
661 1.85587 224.991
662 463.739 1008.31
663 1324.2 349.982
664 669.375 21.7093
665 894.441 501.775
666 954.896 932.222
667 306.434 342.213
668 533.096 803.245
669 1130.01 1329.1
670 401.515 41.0603
671 251.535 1257.56
672 406.003 104.088
673 478.08 747.023
674 890.6 397.889
675 11.3078 992.457
676 275.877 688.483
677 907.562 961.959
678 26.6295 260.641
679 806.439 512.148
680 812.124 1109.77
681 1244.47 1185.09
682 610.364 1188.57
683 234.681 1282.56
684 23.9536 1155.86
685 1079.38 607.084
686 200.742 1145.98
687 125.12 538.892
688 721.353 1277.02
689 1257.98 817.272
690 475.102 677.952
691 423.415 1186.46
692 478.997 241.422
693 1311.15 171.905
694 196.852 1228.24
695 433.496 705.288
696 979.854 888.645
697 529.656 1126.79
698 397.717 271.388
699 740.917 141.521
700 895.237 1022.11
701 1336.71 1199.97
702 734.245 370.757
703 1195.22 933.587
704 1301.01 951.169
705 348.354 884.687
706 896.714 1207.48
707 1220.91 503.991
708 261.677 666.142
709 98.4473 1251.98
710 33.8804 31.5652
711 849.028 443.151
712 1095.67 193.846
713 746.953 895.952
714 1130.31 1177.7
715 1132.97 460.384
716 712.974 415.498
717 1177.55 314.116
718 956.77 1044.44
719 1379.78 162.555
720 983.091 388.998
721 1161.99 782.356
722 953.188 280.208
723 639.54 607.3
724 509.371 937.444
725 210.971 402.609
726 146.009 785.291
727 635.212 884.515
728 1256.24 869.856
729 207.808 1041.06
730 808.554 697.245
731 202.462 1019.43
732 1201.82 1162.55
733 701.302 74.5799
734 1263.8 811.029
735 224.085 567.636
736 246.078 1296.78
737 1297.64 716.623
738 929.222 533.728
739 780.5 976.963
740 336.602 714.983
741 172.38 641.627
742 1285.12 897.392
743 982.281 488.654
744 1038.9 734.362
745 451.364 292.581
746 236.589 716.768
747 898.844 444.804
748 1088.23 1340.89
749 83.9827 604.365
750 875.106 974.589
751 1268.34 89.2844
752 501.861 940.493
753 99.0148 1301.22
754 529.397 1218.14
755 1059.63 596.035
756 1162.73 262.858
757 307.513 497.502
758 1004.95 1004.2
759 805.101 1274.87
760 710.279 647.654
761 1216.95 1144.42
762 1135.59 1017.79
763 345.08 1203.21
764 894.916 89.5718
765 190.802 427.182
766 311.872 257.247
767 1094.81 970.116
768 688.558 59.4032
769 604.416 1212.43
770 380.366 729.846
771 921.2 693.36
772 562.716 97.1679
773 319.388 231.179
774 781.708 387.848
775 1379.19 922.15
776 182.251 756.001
777 1105.41 1097.85
778 753.568 861.165
779 930.531 477.29
780 1001.46 556.889
781 139.837 624.191
782 371.839 608.135
783 1334.02 882.659
784 582.742 410.55
785 570.584 27.3632
786 1331.38 1283.6
787 1129.2 1398.43
788 211.871 882.458
789 1127.99 420.837
790 201.34 485.59
791 1350.74 383.56
792 758.575 1170.23
793 659.912 750.088
794 568.401 737.038
795 8.07086 1008.57
796 137.63 1167.6
797 5.43812 682.931
798 645.416 507.213
799 1383.24 15.5529
800 109.472 1387.24
801 1247.23 1321.81
802 1273.12 598.28
803 489.043 418.649
804 1051.46 320.491
805 354.224 733.601
806 777.248 410.522
807 381.532 1166.35
808 953.441 1337.22
809 1412.43 1078.6
810 169.747 263.203
811 489.042 738.996
812 797.591 134.415
813 1097.03 1358.06
814 658.714 1070.14
815 433.928 983.394
816 958.029 1400.27
817 764.099 1308.92
818 655.984 573.894
819 1084.2 200.175
820 1321.98 434.143
821 483.148 507.832
822 521.875 1058.62
823 500.782 109.798
824 1022.28 1089.88
825 1069.25 494.222
826 659.351 846.593
827 537.751 416.577
828 240.615 708.957
829 861.893 825.919
830 536.648 1033.36
831 264.403 232.674
832 269.711 924.884
833 60.9047 799.074
834 786.419 663.969
835 742.821 610.537
836 577.606 689.088
837 668.932 456.17
838 363.189 798.8
839 1340.37 522.275
840 85.0677 1011.59
841 1190.39 583.189
842 68.1492 239.264
843 1305.75 617.745
844 752.532 1097.83
845 468.628 1224.24
846 1160.12 922.338
847 646.575 595.303
848 229.573 219.294
849 265.087 203.325
850 911.701 1014.89
851 1402.68 209.67
852 664.616 1347.68
853 373.517 943.918
854 122.185 442.143
855 837.989 1259.37
856 1326.25 225.466
857 1105.66 933.315
858 901.31 308.953
859 776.899 925.532
860 941.917 631.901
861 1141.14 885.982
862 688.311 1165.43
863 329.444 1125.56
864 1124.62 776.3
865 26.759 369.879
866 981.111 591.201
867 674.802 1037.16
868 8.63194 61.4317
869 95.3398 902.167
870 422.342 1133.93
871 1105.92 1267.64
872 118.517 661.654
873 1194.88 187.242
874 386.625 864.748
875 637.08 396.754
876 174.463 343.84
877 1063.6 138.472
878 1034.88 1081.66
879 91.887 841.212
880 1122.5 343.351
881 1274.07 61.3731
882 654.948 1022.3
883 120.527 12.0432
884 175.358 453.984
885 1249.43 1062.22
886 944.55 358.916
887 1135.94 1134.51
888 506.479 1085.12
889 1150.1 530.994
890 363.146 447.782
891 78.5988 1101.64
892 1240.7 988.659
893 931.688 1101.13
894 954.951 966.561
895 723.184 874.156
896 108.769 124.732
897 374.108 71.6882
898 184.619 674.472
899 450.069 784.816
900 76.6516 879.265
901 1382.66 1293.86
902 1030.7 917.877
903 818.869 949.297
904 772.041 639.556
905 589.302 996.659
906 1013.69 1205.71
907 40.9525 1309.91
908 1189.36 955.787
909 1240.63 486.296
910 1246.87 289.99
911 132.87 1102.92
912 342.558 980.502
913 852.006 100.463
914 267.683 139.017
915 478.814 904.152
916 311.04 1275.28
917 1139.11 620.938
918 560.903 639.799
919 161.88 475.922
920 51.3665 1375.02
921 819.023 661.265
922 1063.33 998.299
923 737.963 434.1
924 430.216 1256.98
925 1120.77 792.628
926 1377.59 1015.68
927 1308.78 1063.76
928 252.158 837.357
929 527.347 1302.46
930 14.5017 810.425
931 801.987 143.996
932 972.517 621.974
933 619.576 225.25
934 1200.66 431.569
935 473.721 434.402
936 44.1524 990.056
937 499.055 468.802
938 165.564 1096.47
939 467.333 484.64
940 980.354 657.883
941 530.643 880.128
942 35.3909 685.376
943 1301.39 1375.9
944 549.552 317.153
945 1114.11 632.089
946 235.911 221.166
947 842.866 337.265
948 407.082 300.823
949 653.044 543.914
950 482.784 1290.71
951 88.391 1188.01
952 241.522 743.83
953 1368.08 437.439
954 429.575 1064.97
955 1287.97 774.026
956 488.352 177.257
957 184.847 289.459
958 1203.29 729.874
959 381.834 1303.38
960 1216.44 1102.51
961 1350 962.951
962 1338.25 1094.83
963 257.577 812.179
964 337.25 990.946
965 1048.26 334.488
966 1033.39 1277.83
967 565.004 1053.14
968 15.5375 829.616
969 474.239 1129.42
970 920.985 1138.29
971 82.0899 1320.86
972 892.715 764.158
973 1138 217.568
974 187.917 1261.21
975 868.614 870.115
976 1296.73 573.031
977 1137.04 31.4789
978 776.831 1374.2
979 1120.9 847.268
980 713.109 958.102
981 121.365 155.72
982 542.684 952.405
983 1216.02 414.795
984 327.163 304.664
985 1063.28 1125.36
986 87.0099 450.199
987 1208.87 608.927
988 1081.24 818.755
989 428.989 516.119
990 1342.09 667.825
991 1305.92 35.4773
992 175.228 1056.95
993 12.8184 416.506
994 1021.5 1031.43
995 90.4691 1263.67
996 242.644 319.468
997 59.4927 192.837
998 1214.86 259.821
999 784.452 555.034
1000 356.641 1002.64
1001 853.859 122.733
1002 32.709 663.092
1003 631.097 123.35
1004 231.077 1193.19
1005 380.219 840.291
1006 302.019 721.889
1007 177.084 380.841
1008 850.03 275.1
1009 223.222 1032.44
1010 612.843 341.711
1011 792.412 179.258
1012 1009.29 159.605
1013 1070.84 722.968
1014 429.951 709.547
1015 491.157 11.4959
1016 275.92 1409.28
1017 947.959 999.033
1018 883.713 132.802
1019 953.095 849.614
1020 630.304 113.741
1021 1116.16 752.203
1022 521.973 1008.04
1023 833.808 537.295
1024 182.307 95.9163
1025 106.506 1215.52
1026 1066.46 88.2184
1027 778.373 710.597
1028 743.981 1256.31
1029 289.808 746.49
1030 107.122 1080.16
1031 714.856 9.45197
1032 1209 442.877
1033 398.711 627.499
1034 1341.35 277.992
1035 1082.02 1307.26
1036 216.736 500.48
1037 1178.78 1116.54
1038 988.573 43.9667
1039 502.94 335.194
1040 909.375 855.786
1041 745.886 331.741
1042 708.898 164.67
1043 72.601 564.874
1044 286.839 156.081
1045 940.061 390.25
1046 1211.67 279.474
1047 223.351 975.439
1048 1182.13 883.322
1049 1257.98 1110.04
1050 1279.12 151.059
1051 579.678 850.218
1052 547.394 484.742
1053 640.188 171.56
1054 107.197 1133.68
1055 176.499 810.08
1056 563.869 1154.71
1057 886.087 170.28
1058 268.219 1321.29
1059 1396.05 811.877
1060 1255.07 1033.73
1061 149.117 933.689
1062 587.921 1312.03
1063 999.138 1171.38
1064 767.379 718.35
1065 166.294 188.651
1066 1205.97 58.0221
1067 710.581 505.761
1068 705.39 862.26
1069 246.097 639.066
1070 608.496 213.44
1071 430.943 1121.25
1072 165.906 433.669
1073 314.406 871.928
1074 144.197 488.05
1075 546.673 825.3
1076 189.687 466.254
1077 1296.25 73.3283
1078 1412.68 692.54
1079 6.38763 444.862
1080 479.634 404.795
1081 728.795 96.2616
1082 549.886 498.926
1083 276.574 542.576
1084 443.238 546.833
1085 91.0238 1376.32
1086 1097.81 58.5245
1087 192.32 275.374
1088 956.376 71.3299
1089 1050.43 1329.28
1090 801.334 233.278
1091 1251.8 149.246
1092 1102.56 352.803
1093 775.574 1047.79
1094 300.003 517.226
1095 930.134 428.058
1096 1293.19 1410.17
1097 1247.44 919.634
1098 58.0562 215.108
1099 256.615 268.885
1100 856.005 160.785
1101 804.688 682.398
1102 78.9764 120.604
1103 1242.76 251.75
1104 252.829 680.486
1105 72.2804 882.516
1106 940.08 487.936
1107 621.284 822.337
1108 1006.4 659.467
1109 520.938 1274
1110 922.495 1398.84
1111 1088.75 913.274
1112 804.355 952.793
1113 115.768 825.502
1114 1053.84 215.194
1115 185.155 623.312
1116 107.579 1235.23
1117 814.423 962.073
1118 51.8779 368.772
1119 391.545 1276.45
1120 1247.97 1210.08
1121 921.805 96.5051
1122 700.143 1176.81
1123 1144.34 19.8258
1124 425.462 739.369
1125 790.081 777.651
1126 13.3363 1389.57
1127 1209.44 454.515
1128 340.953 987.481
1129 380.194 508.551
1130 1066.17 273.13
1131 1171.71 171.057
1132 1023.78 746.015
1133 635.521 288.091
1134 1029.96 1234.08
1135 728.32 1286.43
1136 1383.47 260.296
1137 547.955 1365.87
1138 411.83 435.281
1139 1259.99 1221.72
1140 906.742 1031.49
1141 280.606 15.0627
1142 1293.97 863.669
1143 1316.03 1154.39
1144 825.343 518.779
1145 1269.43 977.783
1146 428.508 584.268
1147 731.915 1242.58
1148 248.705 1036.7
1149 88.1138 1035.29
1150 183.601 217.943
1151 690.426 815.114
1152 625.945 458.744
1153 540.341 1107.32
1154 975.909 1021.48
1155 1149.64 1239.98
1156 1193.8 721.155
1157 1148.91 379.231
1158 914.424 1284.39
1159 884.657 762.561
1160 720.785 1348.35
1161 774.932 1041.59
1162 322.97 431.942
1163 115.201 1128.74
1164 488.827 659.955
1165 93.0955 970.159
1166 340.142 184.68
1167 1132.9 310.909
1168 1221.2 948.262
1169 1028.15 1131.12
1170 349.507 1238.51
1171 716.229 511.227
1172 1140.19 411.614
1173 199.009 1292.09
1174 771.091 1316.56
1175 585.85 662.588
1176 677.873 413.384
1177 1180.68 536.518
1178 311.613 543.38
1179 898.067 613.789
1180 344.162 1220.3
1181 1254.7 254.01
1182 1363.07 417.095
1183 1268.51 942.94
1184 453.726 1204.41
1185 565.466 80.0181
1186 1075.53 490.871
1187 668.414 91.6435
1188 496.879 1027.53
1189 1329.02 589.648
1190 1288.53 1382.85
1191 845.067 1034.11
1192 234.5 29.4781
1193 1147.23 325.251
1194 424.957 930.236
1195 679.432 1168.31
1196 449.342 373.39
1197 178.034 345.105
1198 1069.76 87.6011
1199 435.297 1060.06
1200 1001.35 1350.96
1201 651.841 1364.58
1202 224.005 8.77687
1203 1379.69 1074.22
1204 841.743 218.317
1205 434.704 1068.99
1206 903.37 1242.5
1207 592.552 436.949
1208 83.5883 208.952
1209 1052.46 731.961
1210 444.613 282.264
1211 1237.52 560.228
1212 706.395 55.417
1213 43.9799 1188.76
1214 156.837 100.88
1215 493.186 1385.96
1216 783.607 826.897
1217 763.877 939.257
1218 1139.92 128.674
1219 124.473 167.675
1220 1297.68 1264.19
1221 644.362 998.24
1222 140.096 1353.52
1223 1277.92 9.20847
1224 1393.83 900.872
1225 409.139 965.698
1226 443.213 905.016
1227 854.648 320.115
1228 251.621 489.042
1229 390.725 156.368
1230 1277.91 354.371
1231 588.859 1303.65
1232 501.559 1400.79
1233 759.956 369.693
1234 1284.91 1101.06
1235 703.762 1084.91
1236 1300.4 730.003
1237 1345.2 1345.07
1238 348.212 278.698
1239 296.557 551.424
1240 7.68242 1314.73
1241 928.192 44.4113
1242 793.534 263.231
1243 499.124 1207.41
1244 201.932 1411.42
1245 289.811 1218.92
1246 669.802 338.07
1247 397.988 1381.56
1248 1114.91 517.485
1249 845.104 614.853
1250 254.433 1209.78
1251 150.134 467.16
1252 898.628 1049.95
1253 1380.33 326.993
1254 395.818 1357.22
1255 612.048 1121.81
1256 180.624 562.3
1257 233.722 1119.15
1258 359.404 956.952
1259 999.511 940.81
1260 462.802 623.787
1261 151.318 378.742
1262 1165.96 906.787
1263 1388.08 872.085
1264 350.586 61.3731
1265 560.385 790.383
1266 417.57 469.405
1267 225.725 956.909
1268 798.239 755.597
1269 934.364 940.924
1270 347.91 430.561
1271 1245.5 1411.12
1272 1188 390.352
1273 1292.03 620.695
1274 849.445 687.577
1275 365.131 52.6548
1276 400.349 15.408
1277 142.766 854.778
1278 766.196 1400.1
1279 216.877 338.56
1280 832.119 786.197
1281 1114.23 1244.8
1282 467.039 84.4073
1283 1119.78 190.636
1284 707.332 1153.17
1285 228.833 1093.15
1286 918.13 115.597
1287 966.592 749.613
1288 918.999 1008.66
1289 296.507 1019.15
1290 200.835 842.218
1291 675.061 1011.15
1292 501.171 1265.67
1293 949.945 670.141
1294 1242.01 513.946
1295 1361.01 83.242
1296 488.919 731.184
1297 183.91 586.21
1298 1100.87 948.693
1299 1336.05 1319.05
1300 15.1491 934.235
1301 972.678 1359.68
1302 573.29 1268.61
1303 1227.63 702.985
1304 393.012 679.075
1305 757.884 751.167
1306 1167.21 1370.67
1307 1402.88 1355.92
1308 1405.54 1275.11
1309 797.998 941.917
1310 64.7891 466.054
1311 615.536 306.421
1312 255.29 299.63
1313 10.9194 775.968
1314 674.105 528.074
1315 1256.71 630.52
1316 1371.15 130.083
1317 918.525 876.459
1318 285.372 775.811
1319 884.953 1111.88
1320 747.094 370.396
1321 350.327 1233.35
1322 1321.65 1078.47
1323 539.367 108.217
1324 683.85 919.245
1325 554.041 1083.35
1326 335.445 582.254
1327 351.949 11.1075
1328 1410.29 1008.18
1329 691.645 1264.78
1330 975.594 1214.87
1331 1283.21 329.842
1332 229.03 980.329
1333 384.725 206.088
1334 285.576 71.6019
1335 1283.51 200.363
1336 7.63927 170.496
1337 1292.87 634.491
1338 914.942 214.547
1339 619.903 1052.55
1340 1323.85 121.726
1341 883.824 951.687
1342 465.607 626.938
1343 470.656 75.6744
1344 716.235 691.289
1345 468.455 778.573
1346 865.771 563.94
1347 1393.05 957.211
1348 602.257 1237.52
1349 749.943 892.299
1350 989.522 1368.64
1351 1285.34 188.666
1352 716.827 1300.72
1353 740.404 808.31
1354 694.439 1321.98
1355 1028.75 258.643
1356 145.772 178.163
1357 501.115 608.495
1358 978.042 893.809
1359 1272.09 982.891
1360 164.809 892.931
1361 725.773 253.751
1362 1374.77 1183.07
1363 571.175 1215.29
1364 99.7852 1341.38
1365 374.928 236.746
1366 662.199 212.059
1367 474.239 1304.54
1368 648.709 806.972
1369 372.222 614.68
1370 21.4504 672.918
1371 345.019 221.468
1372 1252.22 1350.37
1373 739.714 448.17
1374 1243.86 892.774
1375 655.898 106.922
1376 667.508 319.872
1377 1087.43 1005.45
1378 1113.69 1116.86
1379 1362.25 852.965
1380 1029.27 857.081
1381 536 1077.21
1382 20.5009 1206.14
1383 834.462 344.516
1384 541.553 541.395
1385 1241.96 277.748
1386 9.10669 911.964
1387 391.582 374.971
1388 1292.85 761.725
1389 646.23 1209.03
1390 72.4962 1359.59
1391 1260.61 21.0342
1392 390.361 507.789
1393 892.024 553.784
1394 510.752 172.395
1395 341.695 572.556
1396 524.736 922.784
1397 1055.3 110.332
1398 7.12135 719.215
1399 913.845 1108.4
1400 90.6418 512.709
1401 319.404 1343.72
1402 1315.38 680.788
1403 1319.42 1362.35
1404 487.631 719.401
1405 461.938 91.1964
1406 505.314 212.62
1407 826.632 909.245
1408 1025.13 146.225
1409 187.96 800.612
1410 606.277 65.5319
1411 897.678 680.628
1412 1098.24 1051.17
1413 188.349 1121.38
1414 563.536 191.486
1415 176.973 218.733
1416 655.553 1280.42
1417 894.035 731.141
1418 217.827 597.518
1419 729.615 1317.21
1420 1228.89 766.014
1421 51.2737 1062.63
1422 700.913 432.13
1423 51.4032 324.604
1424 1019.94 376.023
1425 280.538 1053.48
1426 625.859 944.895
1427 1379.1 361.089
1428 1368.25 1045.85
1429 979.164 900.37
1430 387.833 121.51
1431 809.978 345.191
1432 433.348 830.408
1433 318.463 899.392
1434 143.494 527.341
1435 165.863 760.387
1436 1103.5 388.567
1437 117.66 255.996
1438 1271.48 319.412
1439 1029.81 312.692
1440 779.809 546.574
1441 696.908 297.413
1442 835.72 183.386
1443 66.4169 1330.83
1444 510.061 990.703
1445 564.936 1053.33
1446 1025.43 529.828
1447 273.373 852.835
1448 974.718 793.55
1449 509.217 346.011
1450 345.407 1328.36
1451 199.527 62.5384
1452 465.779 18.9039
1453 960.029 43.9235
1454 88.1016 387.876
1455 420.462 646.273
1456 746.231 585.72
1457 356.592 852.031
1458 944.843 236.429
1459 626.549 548.387
1460 1126.91 494.971
1461 1164.36 1008.77
1462 1281.58 564.874
1463 111.95 1001.28
1464 414.981 530.146
1465 1029.22 473.003
1466 577.939 233.725
1467 1032.01 1163.63
1468 684.858 783.364
1469 1273.47 508.782
1470 690.296 631.297
1471 1219.39 678.788
1472 1328.69 1227.32
1473 930.609 300.062
1474 280.399 767.768
1475 199.225 561.998
1476 100.433 740.62
1477 1074.27 655.553
1478 159.334 761.639
1479 198.707 1063.11
1480 457.536 618.94
1481 739.757 786.024
1482 232.708 61.1442
1483 370.526 1177.31
1484 690.913 1064.72
1485 1227.12 582.656
1486 474.109 149.591
1487 36.4699 1370.59
1488 139.905 603.847
1489 523.139 189.832
1490 650.793 40.4838
1491 1162.2 243.075
1492 1244.86 1359.42
1493 1209.25 226.474
1494 472.691 183.213
1495 341.479 775.364
1496 36.5994 972.878
1497 566.22 38.7574
1498 981.236 342.904
1499 1312.13 496.783
1500 203.375 864.316
1501 798.67 55.0872
1502 327.107 1154.15
1503 510.234 1248.32
1504 1367.21 396.797
1505 1312.1 852.879
1506 509.155 153.087
1507 770.764 1153.42
1508 112.819 881.839
1509 192.708 660.645
1510 1065.83 0.517916
1511 7.8119 318.189
1512 35.8225 819.532
1513 1282.84 393.028
1514 1295.1 909.016
1515 701.949 220.619
1516 1306.09 813.187
1517 361.074 355.118
1518 280.193 477.907
1519 618.91 940.595
1520 503.328 616.925
1521 163.637 118.646
1522 1237.1 819.057
1523 1394.33 1238.73
1524 144.153 1225.92
1525 987.432 115.236
1526 952.806 819.603
1527 327.021 1357.56
1528 16.228 239.666
1529 363.892 1174.29
1530 1326.68 324.561
1531 820.441 456.645
1532 1352.06 851.47
1533 507.349 762.071
1534 171.352 743.456
1535 684.944 438.243
1536 899.917 942.321
1537 1037.04 100.692
1538 1322.15 511.658
1539 131.249 575.075
1540 1390.47 1251.11
1541 6.215 1189.27
1542 194.089 520.564
1543 1213.43 829.545
1544 1198.72 721.128
1545 801.864 321.842
1546 537.295 1155.82
1547 1166.86 1295.47
1548 425.894 50.3828
1549 999.69 692.642
1550 115.249 532.763
1551 91.949 42.9007
1552 1075.01 612.004
1553 318.446 466.643
1554 596.504 376.497
1555 894.614 257.722
1556 682.059 436.519
1557 1147.79 742.26
1558 313.987 534.792
1559 1380.4 1396.19
1560 667.169 326.389
1561 523.786 845.427
1562 603.977 1029.68
1563 619.175 781.579
1564 778.903 1243.52
1565 494.092 1238.87
1566 47.4757 445.596
1567 611.684 829.631
1568 292.018 28.1401
1569 218.308 139.104
1570 14.1564 904.556
1571 310.275 833.284
1572 1303.42 1041.57
1573 435.611 1052.71
1574 721.803 1340.02
1575 27.8812 1174.99
1576 1018.7 554.947
1577 265.414 288.02
1578 584.253 831.083
1579 270.525 361.133
1580 679.728 725.185
1581 0.302118 150.368
1582 505.788 487.332
1583 913.031 1304.04
1584 43.2031 1400.1
1585 874.582 87.5433
1586 1016.47 1204.6
1587 172.756 829.948
1588 198.473 187.933
1589 1146.62 1068.68
1590 823.167 1088.46
1591 432.226 6.34447
1592 223.395 383.301
1593 917.705 318.491
1594 194.866 829.07
1595 1379.17 180.265
1596 368.411 322.058
1597 150.276 453.667
1598 533.756 428.101
1599 618.559 6.81923
1600 1134.63 355.075
1601 879.795 1384.94
1602 1166.91 941.76
1603 969.453 1413.28
1604 324.086 1413.84
1605 148.599 1072.09
1606 584.857 1170.15
1607 135.478 688.067
1608 917.797 836.58
1609 723.4 420.218
1610 102.184 1059.46
1611 173.588 1177.87
1612 84.4884 1157.85
1613 775.752 849.987
1614 374.935 676.846
1615 1248.89 1285.21
1616 429.784 949.341
1617 259.514 127.235
1618 1261.13 1336.04
1619 289.139 1042.67
1620 1126.08 453.926
1621 926.38 831.342
1622 526.635 604.122
1623 51.4464 1309.42
1624 1344.94 1210
1625 423.656 246.485
1626 1291.91 454.256
1627 932.841 942.996
1628 856.116 774.43
1629 648.086 615.889
1630 1376.99 688.974
1631 204.898 651.856
1632 779.68 930.078
1633 213.536 1189.09
1634 1222.72 450.905
1635 291.846 741.844
1636 159.525 935.875
1637 1089.05 1339.69
1638 1171.87 64.5669
1639 983.739 928.035
1640 189.342 748.13
1641 1149.3 1135.57
1642 340.9 245.033
1643 1044.94 355.593
1644 730.65 1067.61
1645 571.564 34.5
1646 450.42 1041.62
1647 1043.47 299.544
1648 962.504 577.175
1649 1227.8 763.899
1650 724.738 746.549
1651 895.693 1178.43
1652 879.786 652.115
1653 398.907 1100.49
1654 652.162 317.455
1655 516.06 404.881
1656 636.461 745.139
1657 290.866 35.6654
1658 1194.75 1197.34
1659 1214.6 686.541
1660 1097.64 97.3406
1661 973.193 857.626
1662 720.169 922.927
1663 1231.62 1390.69
1664 460.989 442.516
1665 209.54 1015.48
1666 488.44 110.705
1667 986.803 1376.66
1668 1071.66 1357.86
1669 1156.85 674.299
1670 1334.18 451.077
1671 736.045 776.918
1672 647.396 1155.18
1673 414.58 384.121
1674 1333.68 1121.03
1675 487.057 655.525
1676 726.976 659.653
1677 714.25 232.199
1678 229.912 552.718
1679 1118.26 764.201
1680 818.739 381.59
1681 332.157 1020.55
1682 336.257 400.451
1683 128.789 410.68
1684 747.785 581.333
1685 884.73 1324.59
1686 1411.48 648.906
1687 387.66 1407.42
1688 1067.05 234.43
1689 1331.35 472.383
1690 893.923 810.08
1691 1322.56 217.87
1692 51.1075 846.405
1693 1266.92 1257.8
1694 730.94 487.001
1695 869.107 429.239
1696 849.124 149.262
1697 1371.31 1110.37
1698 395.472 1217.19
1699 355.989 1316.01
1700 1142.52 720.983
1701 594.562 319.123
1702 1247.1 1174.98
1703 688.163 635.483
1704 280.532 456.63
1705 1084.97 577.751
1706 987.364 808.597
1707 490.319 803.217
1708 1401.16 1200.36
1709 5.86972 427.022
1710 216.23 584.268
1711 811.316 285.575
1712 64.7769 1249.65
1713 1212.36 588.31
1714 1167.3 471.967
1715 1.20847 1113.71
1716 735.318 1330.4
1717 1333.74 880.43
1718 671.744 1339
1719 552.962 1100.67
1720 694.921 237.437
1721 187.097 509.284
1722 179.933 163.677
1723 39.6206 288.868
1724 646.834 1278.45
1725 14.9333 587.533
1726 612.436 220.216
1727 534.237 824.797
1728 147.156 501.257
1729 1091.29 675.19
1730 484.381 270.296
1731 53.3394 1283.2
1732 833.956 1234.67
1733 1197.37 1022.8
1734 983.394 829.372
1735 1193.03 483.016
1736 349.119 311.656
1737 180.186 727.343
1738 647.753 385
1739 972.388 1078.88
1740 500.221 144.428
1741 1091.98 215.224
1742 995.201 522.032
1743 941.615 1368.48
1744 1082.02 1396.17
1745 1026.48 1112.82
1746 259.476 792.067
1747 577.865 1135.7
1748 463.19 1085.68
1749 1407.46 1149.26
1750 248.902 51.8071
1751 1253.96 1283.63
1752 1170.07 505.502
1753 540.273 540.591
1754 376.421 338.76
1755 189.656 1290.71
1756 636.1 354.341
1757 1046.68 761.51
1758 1244.42 45.663
1759 832.637 631.254
1760 346.209 874.674
1761 1266.76 71.1426
1762 1128.15 649.785
1763 867.467 395.617
1764 1160.31 1045.07
1765 249.975 1011.75
1766 495.344 201.485
1767 709.157 722.207
1768 134.745 291.112
1769 300.034 181.329
1770 722.296 51.3755
1771 1326.82 35.4341
1772 1363.5 1062.13
1773 434.834 842.909
1774 942.725 1198.5
1775 1310.94 966.216
1776 477.432 895.607
1777 798.313 1126.14
1778 607.947 191.543
1779 102.64 111.411
1780 1396.87 275.229
1781 144.915 214.331
1782 494.487 49.4195
1783 1264.62 734.421
1784 412.434 93.2835
1785 892.111 905.592
1786 1058.62 1183.61
1787 389.516 171.56
1788 1093.92 851.023
1789 131.559 782.701
1790 591.201 170.524
1791 1249.99 851.195
1792 14.3722 104.533
1793 679.118 1196.82
1794 1326.82 433.209
1795 383.351 41.6059
1796 1134.9 1081.15
1797 490.208 1361.88
1798 776.313 59.5172
1799 818.653 1277.74
1800 388.869 400.392
1801 1313.23 1391.34
1802 1284.09 830.651
1803 1345.85 777.781
1804 737.858 1188.81
1805 1236.98 1124.78
1806 1178.98 1320.83
1807 561.348 863.194
1808 1000.07 977.999
1809 1032.25 1253.11
1810 87.3984 1021.69
1811 1330.11 1302.57
1812 1358.15 553.538
1813 572.495 1317.51
1814 1413.81 1363.98
1815 327.409 402.594
1816 346.918 1280.46
1817 1311.97 56.6841
1818 634.768 452.329
1819 431.813 345.839
1820 1248.83 1085.7
1821 328.877 705.892
1822 1090.9 1408.06
1823 1113.34 388.424
1824 1085.45 1134.97
1825 1055.88 1198.43
1826 440.013 1372.74
1827 1359.79 46.1809
1828 197.628 1374.13
1829 1208.34 630.736
1830 1168.88 802.684
1831 632.95 234.4
1832 942.867 909.893
1833 357.369 563.579
1834 851.498 23.0627
1835 623.701 789.55
1836 1407.05 586.34
1837 478.382 747.181
1838 946.665 482.886
1839 399.443 783.45
1840 1110.46 149.505
1841 854.833 205.542
1842 1155.73 1174.87
1843 647.044 207.829
1844 295.558 761.151
1845 172.121 1101.23
1846 321.602 1001.84
1847 653.697 753.568
1848 1301.12 1149.49
1849 112.043 1132.29
1850 237.385 1259.54
1851 518.089 1361.04
1852 62.2242 34.7867
1853 282.03 502.379
1854 1359.66 633.627
1855 595.037 778.703
1856 913.105 694.137
1857 1117.7 863.28
1858 492.538 706.324
1859 280.711 1317.88
1860 1242.4 1143.96
1861 290.033 81.501
1862 430.043 913.906
1863 1096.77 1289.71
1864 784.637 114.934
1865 989.004 1040.03
1866 831.447 639.67
1867 508.014 1352.04
1868 1082.66 596.424
1869 1029.97 21.9251
1870 383.474 685.132
1871 314.634 182.883
1872 1020.36 1091.31
1873 1250.55 786.126
1874 1132.29 660.402
1875 750.892 435.352
1876 602.466 718.177
1877 762.768 25.5937
1878 1249.65 795.06
1879 1198.7 125.379
1880 1230.14 601.517
1881 417.829 1083.63
1882 839.499 1132.31
1883 824.005 247.191
1884 845.283 144.067
1885 1063.63 75.9179
1886 373.338 265.965
1887 402.612 1267.82
1888 1252.75 1322.34
1889 567.957 1400.2
1890 533.528 1005.51
1891 325.868 1081.02
1892 89.2542 1186.91
1893 820.984 1196.89
1894 274.755 280.597
1895 668.15 278.509
1896 922.625 1135.46
1897 1146.86 589.62
1898 1076.75 661.897
1899 788.614 602.438
1900 50.8917 185.473
1901 759.962 597.589
1902 523.805 336.991
1903 1293.88 629.327
1904 1413.75 1099.42
1905 986.224 305.7
1906 1.81271 23.4943
1907 881.709 81.4724
1908 1169.39 148.183
1909 753.741 1378.22
1910 964.231 132.386
1911 888.062 881.006
1912 645.065 657.338
1913 646.144 895.838
1914 1199.62 31.6947
1915 817.542 930.393
1916 801.087 772.574
1917 41.9081 963.124
1918 1335.1 453.565
1919 107.486 681.636
1920 108.892 1156.49
1921 610.969 1233.63
1922 1281.09 278.337
1923 692.195 544.33
1924 462.123 711.833
1925 920.683 1160.06
1926 60.4422 739.239
1927 1253.92 262.297
1928 1169.11 1362.25
1929 343.163 330.258
1930 1101.6 1262.13
1931 1149.95 766.991
1932 597.46 734.464
1933 1168.98 1091.85
1934 1330.24 652.618
1935 467.419 1013.71
1936 224.924 303.758
1937 296.692 1288.58
1938 957.368 613.358
1939 70.8251 757.9
1940 1402.79 307.96
1941 393.185 997.954
1942 331.941 228.66
1943 387.272 447.452
1944 1099.53 430.749
1945 255.111 249.608
1946 750.072 831.687
1947 247.028 845.514
1948 305.022 1297.77
1949 48.2094 56.5824
1950 109.582 1319.61
1951 514.032 1107.74
1952 1376.38 152.455
1953 1041.75 1095.05
1954 973.467 1289.31
1955 1068.29 68.0197
1956 1402.37 569.535
1957 963.54 733.86
1958 952.405 567.248
1959 1167.14 957.066
1960 1132.29 740.463
1961 591.886 687.247
1962 1131.83 296.766
1963 754.518 1286.59
1964 165.561 964.403
1965 589.321 524.535
1966 452.289 971.454
1967 1361.98 1060.84
1968 212.987 909.476
1969 1239.03 187.818
1970 70.3784 406.767
1971 1408.59 457.493
1972 373.374 1163.69
1973 775.364 868.949
1974 455.803 585.893
1975 1004.97 1316.33
1976 1407.44 1302.19
1977 853.428 460.341
1978 892.672 163.964
1979 51.1874 780.558
1980 12.8616 930.323
1981 887.191 1247.32
1982 260.654 1401.48
1983 1139.74 1050.05
1984 1003.51 1189.02
1985 707.751 1301.7
1986 614.144 1167.79
1987 412.508 1012.01
1988 836.182 112.446
1989 567.421 726.939
1990 852.073 24.4715
1991 172.811 84.0042
1992 751.007 1073.08
1993 562.198 544.33
1994 427.756 1323.61
1995 59.7762 1205.87
1996 761.639 893.923
1997 1147.99 903.348
1998 1136.57 507.17
1999 343.508 91.0392
2000 136.582 554.818
2001 260.672 1242.24
2002 1051.6 182.581
2003 954.433 1234.15
2004 705.52 68.6394
2005 630.347 1355.3
2006 972.351 789.261
2007 322.021 657.294
2008 1405.84 361.851
2009 992.5 246.026
2010 1321.86 95.7282
2011 8.20034 1129.03
2012 165.043 65.0848
2013 279.071 1210.77
2014 884.361 551.855
2015 365.994 1373.9
2016 1051.84 43.8225
2017 757.064 1268.51
2018 262.701 195.427
2019 0.992673 343.711
2020 997.464 1217.66
2021 1055.77 808.181
2022 470.57 677.018
2023 1194.15 1164.12
2024 619.441 631.642
2025 444.514 196.765
2026 1409.44 192.421
2027 1019.68 543.51
2028 9.23617 611.271
2029 1116.82 782.701
2030 1378.95 985.696
2031 445.871 300.191
2032 1372.95 566.616
2033 9.49513 651.77
2034 1347.25 1145.93
2035 971.093 270.022
2036 1243.43 575.938
2037 733.955 884.256
2038 619.385 1206.18
2039 1301.83 749.656
2040 994.646 325.569
2041 90.6356 1385.87
2042 61.1141 1181.76
2043 1159.5 688.354
2044 1122.84 436.129
2045 365.951 885.378
2046 1150.07 862.331
2047 938.242 587.16
2048 359.089 456.284
2049 694.403 487.489
2050 1191.25 914.958
2051 604.365 397.128
2052 840.88 449.853
2053 737.075 1231.23
2054 323.904 1101.61
2055 1224.71 1294.36
2056 985.422 1051.24
2057 1090.65 477.793
2058 1001.87 710.597
2059 1265.53 1119.97
2060 650.201 1141.89
2061 668.716 276.54
2062 107.079 370.455
2063 1023.88 1268.29
2064 168.927 1335.4
2065 1021.17 867.497
2066 182.325 810.841
2067 192.837 359.736
2068 175.574 737.988
2069 1177.66 177.057
2070 1071.33 61.2591
2071 739.141 958.879
2072 562.5 812.324
2073 909.288 143.306
2074 804.522 346.27
2075 1327.85 350.904
2076 739.8 542.129
2077 821.428 673.68
2078 68.2355 288.048
2079 605.401 1125.84
2080 462.808 1035.98
2081 1234.97 831.342
2082 818.32 1211.16
2083 352.528 1194.89
2084 995.287 407.27
2085 1063.03 578.167
2086 1287.88 296.119
2087 1012.96 301.773
2088 322.921 1329.75
2089 495.991 1084.04
2090 885.767 1395.15
2091 837.73 753.756
2092 1184.84 177.343
2093 783.046 295.255
2094 449.81 3.1075
2095 9.10669 358.959
2096 456.845 130.66
2097 394.486 1219.41
2098 302.506 1042.22
2099 829.443 919.332
2100 1224.44 1284.32
2101 672.767 994.415
2102 1184.07 353.062
2103 1357.03 544.518
2104 28.3128 446.444
2105 371.42 864.834
2106 854.223 1098.37
2107 790.279 1348.96
2108 1299.97 294.062
2109 295.514 909.088
2110 329.136 486.971
2111 264.526 984.429
2112 89.6491 696.727
2113 109.582 1054.26
2114 116.143 632.505
2115 721.174 246.01
2116 32.3266 1287.63
2117 1251.23 465.175
2118 846.621 160.986
2119 540.92 1186
2120 360.359 1109.16
2121 1291.08 26.1979
2122 855.425 520.694
2123 706.395 1116.51
2124 464.787 398.61
2125 4.14333 632.564
2126 1263.84 116.79
2127 653.432 977.135
2128 379.848 937.083
2129 492.884 425.598
2130 1047.1 982.271
2131 599.784 459.968
2132 602.984 790.254
2133 868.682 666.358
2134 1046.54 124.574
2135 906.434 2.02851
2136 274.41 696.009
2137 655.171 91.255
2138 1204.82 675.119
2139 1386.47 791.074
2140 517.207 279.82
2141 1407.75 749.77
2142 1121.69 1216.99
2143 500.696 249.377
2144 856.547 229.841
2145 263.62 1079.78
2146 688.015 1401.02
2147 586.324 1006.83
2148 225.491 687.404
2149 799.373 1155.36
2150 513.989 295.616
2151 1342.36 557.682
2152 213.9 17.9267
2153 354.643 91.8438
2154 85.1234 941.069
2155 72.4838 1011.94
2156 41.1452 511.529
2157 1374.81 100.778
2158 87.9594 981.538
2159 784.871 607.402
2160 846.491 266.597
2161 273.891 1242.83
2162 572.556 52.7134
2163 1267.47 177.618
2164 1165.61 943.357
2165 1281.91 423.541
2166 236.447 41.9944
2167 293.917 921.373
2168 1288.83 417.182
2169 701.992 187.587
2170 1112.89 1166.35
2171 310.516 111.395
2172 655.725 34.4846
2173 113.516 891.204
2174 1012.91 414.031
2175 1140.94 1152.81
2176 241.22 441.366
2177 1058.1 282.237
2178 770.487 88.9521
2179 1360.78 114.201
2180 1402.65 994.458
2181 147.52 1169.33
2182 1388.1 1388.27
2183 1120.25 886.343
2184 512.392 496.007
2185 232.588 221.582
2186 868.848 964.16
2187 77.4716 373.892
2188 617.184 469.852
2189 696.957 685.031
2190 843.858 1260.82
2191 1218.53 365.519
2192 132.13 293.415
2193 972.493 93.9741
2194 1223.61 535.714
2195 543.424 215.885
2196 1058.34 641.439
2197 1291.94 700.022
2198 659.739 570.673
2199 721.26 1378.88
2200 841.522 892.989
2201 558.789 1376.1
2202 391.508 289.876
2203 748.605 1249.17
2204 464.392 815.761
2205 1225.86 1371.18
2206 1359.1 1218.07
2207 1259.78 175.201
2208 915.337 174.538
2209 442.732 832.911
2210 835.528 703.734
2211 432.177 1120.14
2212 1410.58 1022.34
2213 948.25 414.866
2214 500.696 1146.06
2215 643.074 861.511
2216 537.462 206.044
2217 1170.88 122.33
2218 261.455 900.283
2219 1392.19 1235.46
2220 223.931 1384.41
2221 902.512 1073.38
2222 436.258 741.527
2223 12.8616 854.562
2224 376.957 224.59
2225 581.633 1127.16
2226 257.152 863.496
2227 1045.03 385.475
2228 165.172 1124.89
2229 1109.68 246.053
2230 555.163 569.637
2231 318.494 423.397
2232 67.3108 1341.06
2233 1369.24 61.071
2234 1197.55 1308.95
2235 618.627 984.963
2236 228.66 1110.64
2237 87.9287 909.461
2238 709.502 131.264
2239 1250.18 494.437
2240 724.356 1045.47
2241 825.275 718.193
2242 175.167 2.20114
2243 125.249 275.273
2244 413.038 144.341
2245 824.597 1404.85
2246 883.436 1367.83
2247 317.415 1149.3
2248 303.111 197.342
2249 722.598 624.579
2250 622.622 1348.37
2251 1296.04 137.062
2252 881.025 592.684
2253 127.926 933.56
2254 899.695 1080.14
2255 1033.63 785.522
2256 689.051 834.335
2257 1182.84 618.062
2258 329.611 201.987
2259 1114.69 1115.13
2260 327.853 725.299
2261 606.523 660.704
2262 6.73291 1071.84
2263 0.561076 539.194
2264 715.605 1059.01
2265 605.53 586.368
2266 1409.6 729.097
2267 764.531 848.751
2268 608.25 1302.45
2269 736.816 1177.78
2270 1382.58 591.978
2271 1038.17 745.168
2272 1054.13 1377.36
2273 346.918 1369.13
2274 491.934 716.596
2275 1367.34 1317.84
2276 187.399 403.5
2277 80.5791 115.236
2278 277.918 244.241
2279 720.07 806.137
2280 838.069 902.269
2281 1411.4 1027.59
2282 605.222 23.5806
2283 1139.96 1328.86
2284 468.431 687.059
2285 722.598 1320.87
2286 144.93 854.735
2287 1250.77 766.948
2288 1308.56 245.335
2289 985.465 1062.46
2290 712.437 1176.85
2291 725.582 520.376
2292 1344.08 742.994
2293 1370.73 1268.69
2294 1355.01 598.28
2295 562.63 917.245
2296 1135.37 1054.35
2297 1096.43 1374.59
2298 838.852 704.064
2299 854.26 263.635
2300 401.903 563.249
2301 1089.22 1187.58
2302 881.155 572.14
2303 1220.38 15.3648
2304 1199.8 493.805
2305 382.29 147.995
2306 813.425 412.434
2307 495.461 169.143
2308 740.879 809.201
2309 1059.93 711.401
2310 229.653 430.706
2311 310.238 712.955
2312 569.098 879.077
2313 11.61 379.028
2314 96.4187 23.6238
2315 1026.3 186.622
2316 382.524 841.543
2317 816.625 1307.84
2318 0.776874 299.14
2319 1001.87 1100.67
2320 510.191 1412.72
2321 1365.49 76.9106
2322 244.808 726.005
2323 352.097 182.365
2324 441.191 328.057
2325 1128.87 326.46
2326 110.359 1033.09
2327 1277.35 758.633
2328 118.776 335.61
2329 773.292 230.719
2330 572.902 849.642
2331 1135.14 1399.6
2332 962.72 388.237
2333 193.713 622.076
2334 1396.7 909.936
2335 388.931 245.206
2336 530.389 346.545
2337 1050.73 995.78
2338 148.081 595.317
2339 715.501 1022.51
2340 285.693 613.127
2341 965.279 337.611
2342 53.4889 758.303
2343 52.8092 587.246
2344 8.97722 635.656
2345 26.5125 257.895
2346 69.8079 675.19
2347 957.455 448.833
2348 629.139 1091.47
2349 496.25 469.491
2350 312.951 553.782
2351 550.89 583.346
2352 766.091 643.872
2353 104.268 495.057
2354 43.092 600.308
2355 524.908 387.82
2356 872.991 1341.01
2357 499.981 1031
2358 291.371 1383.41
2359 1354.91 1087.81
2360 1084.04 689.448
2361 26.8022 827.732
2362 252.139 161.346
2363 480.164 1075.32
2364 992.217 409.111
2365 135.386 728.465
2366 750.079 950.074
2367 884.164 1198.72
2368 332.398 791.305
2369 438.977 1130.63
2370 36.2728 945.068
2371 1146.65 1097.57
2372 34.8299 660.143
2373 16.0986 100.232
2374 518.015 231.293
2375 150.282 1010.86
2376 926.034 811.402
2377 46.224 991.162
2378 241.577 95.6142
2379 1238.91 925.171
2380 573.851 123.193
2381 604.02 96.6777
2382 1176.81 1078.47
2383 1261.34 1236.65
2384 1210.66 983.15
2385 1226.14 1339.91
2386 745.886 564.356
2387 876.746 1189.27
2388 996.514 903.937
2389 1017.51 802.829
2390 669.475 931.099
2391 1069.2 469.679
2392 404.493 571.45
2393 625.144 428.015
2394 1061.38 543.726
2395 655.207 247.105
2396 990.817 876.546
2397 1253.81 1102.51
2398 933.094 1256.25
2399 52.8706 315.556
2400 804.195 143.996
2401 1238.27 401.185
2402 34.3491 9.16531
2403 1069.58 234.114
2404 875.969 160.915
2405 864.624 1327.74
2406 1186.92 570.543
2407 263.749 1027.17
2408 430.863 732.679
2409 1302.02 1063.3
2410 1249.34 1287.15
2411 724.423 1214.56
2412 372.295 615.5
2413 788.225 1222.38
2414 1060.65 924.222
2415 122.617 1366.91
2416 692.614 408.004
2417 1323.15 851.297
2418 1061.94 1133.48
2419 107.431 435.713
2420 942.855 656.316
2421 1169.54 1058.53
2422 336.689 1090.13
2423 1229.01 289.229
2424 96.5482 1157.54
2425 176.653 334.962
2426 1246.54 859.67
2427 816.765 611.012
2428 5.7834 973.035
2429 1351.07 1383.41
2430 1204.11 664.502
2431 405.516 1254.54
2432 1151.13 1172.71
2433 312.908 1297.68
2434 1362.55 309.153
2435 432.676 1145.85
2436 26.5 418.994
2437 919.961 632.894
2438 1166.95 1043.27
2439 933.846 198.923
2440 901.275 480.022
2441 270.568 918.54
2442 976.901 344.414
2443 893.4 800.785
2444 209.281 1344.08
2445 1244.52 242.126
2446 1273.38 1263.3
2447 211.458 147.649
2448 228.056 965.196
2449 205.175 204.679
2450 1292.01 652.92
2451 221.576 954.131
2452 361.87 1064.88
2453 726.507 1294.63
2454 1078.28 474.757
2455 1332.43 369.851
2456 522.01 920.396
2457 189.009 483.318
2458 325.295 1346.77
2459 59.7025 79.1117
