1 1455.74 1333.76
2 1450.92 1395.61
3 192.382 90.6562
4 69.9364 1432.13
5 956.024 695.232
6 342.485 914.333
7 1456.02 961.489
8 1286.64 722.211
9 802.526 766.629
10 241.948 640.189
11 62.7811 918.498
12 339.361 352.669
13 1251.53 282.268
14 180.721 234.105
15 1140.62 178.065
16 663.287 390.681
17 10.2302 1216.79
18 989.747 1143.47
19 87.545 1354.1
20 277.343 280.153
21 700.043 1255.01
22 336.063 471.629
23 1161.6 485.435
24 1267.14 259.783
25 1045.15 1015.05
26 1272.03 1143.41
27 56.6281 119.491
28 272.862 1097.6
29 951.768 864.528
30 599.364 1336.93
31 1222.51 227.644
32 431.523 947.049
33 412.801 726.795
34 70.1627 262.906
35 189.955 1065.87
36 547.224 1126.54
37 986.85 1459.19
38 593.667 954.382
39 538.93 1394.55
40 1276.3 9.08639
41 1061.81 105.413
42 631.573 1101.06
43 1057.28 1339.29
44 138.911 1100.18
45 1412.26 176.538
46 347.102 1425.53
47 483.58 838.965
48 1342.37 593.112
49 79.9402 1110.43
50 891.031 175.95
51 738.202 628.748
52 874.408 1274.2
53 898.264 848.821
54 387.588 1277.4
55 860.466 268.836
56 1474.34 912.058
57 1424.71 1457.3
58 334.427 753.49
59 1314.62 1426.55
60 813.378 445.906
61 103.433 1183.84
62 1392.45 736.437
63 48.0453 295.712
64 1206.07 905.552
65 374.443 87.0018
66 522.196 389.821
67 911.816 809.077
68 1160.49 251.545
69 313.524 1461.5
70 628.929 1259.04
71 1426.01 1274.42
72 669.16 1141.98
73 983.773 1367.45
74 729.058 589.548
75 1338.59 482.991
76 1289.92 796.999
77 929 671.027
78 553.912 128.951
79 595.686 936.004
80 1354.28 189.349
81 678.234 1117.9
82 722.616 1438.34
83 876.381 105.923
84 1350.88 1040.52
85 383.14 1290.68
86 672.883 45.9
87 135.797 663.772
88 1272.53 941.81
89 631.736 1404.19
90 593.305 139.552
91 82.9278 637.427
92 77.2873 1319.1
93 537.057 1123.74
94 397.936 1391.3
95 323.528 1376.22
96 1211.28 813.332
97 601.906 173.506
98 214.625 1046.59
99 1404.26 987.031
100 790.292 484.44
101 625.198 1233.58
102 943.979 16.5553
103 557.499 706.199
104 54.8174 903.832
105 999.563 991.06
106 701.491 1176.33
107 1434.94 97.6846
108 331.564 545.504
109 635.618 381.039
110 1365.86 809.18
111 1063.64 1349.39
112 57.9667 98.1704
113 506.103 1322.62
114 155.535 246.837
115 939.831 188.205
116 134.667 756.749
117 950.818 785.176
118 850.888 1116.36
119 405.857 620.782
120 479.194 13.4772
121 1079.51 526.163
122 26.6166 320.621
123 886.63 516.521
124 859.933 699.183
125 445.026 456.782
126 947.061 1328.93
127 19.8719 475.428
128 221.171 506.11
129 385.012 1100.24
130 914.993 40.3322
131 712.682 931.308
132 810.811 31.0405
133 424.507 826.019
134 898.671 1132.1
135 297.76 1036.27
136 979.337 406.072
137 719.009 681.212
138 1293.57 284.136
139 295.236 467.588
140 164.766 213.373
141 1010.35 1229.97
142 419.056 777.765
143 1224 613.346
144 987.909 550.607
145 519.6 695.924
146 677.065 9.41538
147 295.055 417.162
148 223.751 1287.59
149 929.161 913.518
150 448.317 77.7636
151 1046.51 533.689
152 791.3 1278.58
153 288.661 1335.21
154 144.852 242.298
155 396.306 642.102
156 1092.13 919.539
157 1174.44 297.251
158 1209.51 1257.72
159 468.088 1434.71
160 1286.76 607.111
161 745.852 165.3
162 310.662 1367.98
163 675.801 736.165
164 743.906 313.683
165 998.891 232.529
166 1118.5 1188.1
167 676.866 279.293
168 846.932 668.344
169 871.199 613.391
170 502.774 736.198
171 435.479 576.737
172 1209.26 920.444
173 108.956 940.666
174 788.946 1149.39
175 1343.46 1355.12
176 582.894 1258.34
177 417.038 403.187
178 359.403 785.674
179 1040.85 1157.49
180 1338.7 1421.9
181 583.223 163.399
182 1205.17 461.987
183 502.139 112.758
184 843.492 308.115
185 1338.48 3.84763
186 357.757 29.6908
187 804.789 1399
188 1188.19 115.688
189 225.518 1220.29
190 229.681 1057.96
191 670.937 635.04
192 636.082 306.498
193 606.479 423.137
194 791.164 846.977
195 1081.44 36.0319
196 846.383 1218.34
197 281.432 708.643
198 841.316 535.488
199 585.564 1196.93
200 1250.34 169.613
201 1099.48 780.197
202 751.207 831.224
203 1223.77 1096.88
204 508.657 1161.93
205 896.702 1165.15
206 798.067 650.34
207 350.189 143.165
208 326.198 616.333
209 1160.49 586.832
210 1393.33 926.045
211 1290.68 302.469
212 194.921 1441.67
213 81.0266 108.899
214 57.2424 1343.58
215 1217.62 638.25
216 104.475 969.818
217 85.2331 561.392
218 1029.79 1046.63
219 100.887 1235.62
220 613.177 642.687
221 941.556 266.878
222 867.664 1003.36
223 1148.51 831.632
224 367.607 195.505
225 263.044 195.777
226 1070.86 1419.73
227 683.902 235.837
228 446.823 1185.75
229 977.072 1129.38
230 1174.84 1025.91
231 1304.57 102.154
232 1161.75 322.16
233 339.557 47.3032
234 959.011 374.895
235 98.5899 375.381
236 982.504 1109.16
237 1002.07 669.838
238 511.017 1263.91
239 1076.06 704.648
240 1068.15 802.431
241 662.698 1233.28
242 1149.58 380.327
243 144.516 1301.76
244 1392.39 765.177
245 528.348 55.2248
246 869.746 969.772
247 1321.37 1325.58
248 1030.38 1073.93
249 754.951 744.811
250 1399.59 1029.39
251 521.993 137.869
252 150.573 381.821
253 1085.17 1108.53
254 279.138 909.523
255 1135.81 1224.53
256 426.254 947.337
257 309.848 935.699
258 189.258 348.279
259 652.288 656.303
260 27.9746 1431.99
261 742.05 1283.43
262 542.843 23.0858
263 721.352 991.319
264 689.868 1459.88
265 753.366 589.445
266 703.456 203.472
267 581.941 254.248
268 1119.54 91.7426
269 713.668 708.1
270 801.032 1348.35
271 640.201 785.732
272 1196.48 1023.83
273 1150.04 51.1509
274 1474.29 1271.11
275 1466.63 470.395
276 676.255 1404.57
277 273.454 1379.26
278 1282.72 703.121
279 519.453 589.943
280 753.754 550.483
281 118.706 201.785
282 675.42 967.431
283 1104.55 283.593
284 846.031 219.167
285 1015.68 442.297
286 34.9003 82.1583
287 194.79 1240.39
288 892.73 129.28
289 1033.41 1164.07
290 103.254 442.749
291 872.147 1336.3
292 608.261 496.966
293 152.03 766.165
294 529.796 1016.04
295 1260.8 130.322
296 871.104 625.897
297 350.27 403.129
298 361.106 1411.04
299 293.352 1195.89
300 886.676 705.746
301 349.591 510.649
302 927.063 1412.17
303 1070.5 683.011
304 927.305 653.316
305 533.689 1480.6
306 560.398 513.398
307 872.019 1431.91
308 999.977 498.427
309 214.879 654.46
310 408.698 449.313
311 176.448 816.501
312 1374.19 1091.04
313 1273.7 220.933
314 1440.37 583.482
315 431.784 997.171
316 307.109 359.727
317 386.192 106.137
318 1121.02 314
319 230.164 1160.22
320 609.035 1065.01
321 918.507 1253.74
322 722.928 1051.43
323 712.129 790.571
324 794.158 1475.8
325 411.632 285.527
326 183.147 610.087
327 838.831 295.634
328 131.498 1469.38
329 579.929 1289.08
330 841.813 39.8796
331 184.124 419.664
332 1225.45 1079.72
333 968.338 1445.97
334 112.441 1480.74
335 1170.34 1415.83
336 769.753 39.7769
337 1006.66 416.585
338 732.389 1015.28
339 546.092 1038.99
340 1144.33 735.248
341 37.2089 1125.23
342 99.2689 260.903
343 970.37 703.833
344 1346.72 47.8917
345 1201.62 744.392
346 134.35 11.4524
347 173.596 946.97
348 826.336 493.625
349 383.543 1037.58
350 842.782 730.235
351 902.409 1464.22
352 1009.57 515.583
353 1162.71 515.402
354 1275.1 844.294
355 1030.85 391.146
356 1434.78 1074.65
357 1376.05 725.606
358 1376.56 309.621
359 694.937 897.902
360 355.403 1391.98
361 804.698 925.605
362 810.492 904.556
363 395.962 1319.05
364 181.091 612.09
365 319.363 1465.18
366 650.838 1301.63
367 453.466 51.0935
368 49.2044 218.772
369 680.759 884.367
370 318.493 197.814
371 603.849 1430.5
372 521.241 1354.72
373 588.416 443.47
374 395.718 723.569
375 1221.12 122.988
376 1476.51 1402.21
377 309.186 221.307
378 852.137 1017.54
379 923.899 1188.01
380 147.025 628.024
381 823.258 1104.03
382 682.253 670.97
383 410.838 256.433
384 139.918 1270.2
385 1320.88 1412.7
386 652.17 1168.01
387 1046.77 602.585
388 846.705 726.919
389 546.907 281.951
390 1302.34 683.158
391 34.2633 978.023
392 1418.42 22.8473
393 688.953 1067.79
394 874.227 1331.33
395 1267.39 30.2379
396 1345.61 254.067
397 1012.51 1084.21
398 798.153 174.625
399 218.138 773.736
400 11.4071 510.694
401 1218.07 948.374
402 851.403 1249.48
403 930.765 1384.79
404 665.231 488.547
405 1090.55 719.857
406 134.648 690.401
407 62.6485 53.7189
408 1102.82 983.081
409 484.992 379.512
410 1033.45 1224.03
411 1187.15 1126.77
412 554.466 108.989
413 129.413 421.022
414 516.761 234.512
415 551.253 1439.51
416 211.62 1238.21
417 647.272 877.89
418 576.104 780.831
419 962.316 828.315
420 888.441 422.832
421 1402.71 1057.72
422 1020.89 203.649
423 81.9319 156.428
424 302.786 1048.5
425 180.748 541.932
426 626.194 391.598
427 232.62 238.948
428 1121.94 1470.47
429 460.584 539.031
430 210.896 348.23
431 156.938 671.06
432 706.787 672.476
433 1216.65 1413.94
434 1182.69 863.997
435 287.323 319.703
436 797.456 681.743
437 1009.86 1097.57
438 490.12 811.353
439 166.082 1018.13
440 1232.72 1349.21
441 1087.92 582.803
442 313.219 85.3269
443 524.135 717.832
444 224.747 914.786
445 361.128 1178.81
446 565.693 715.66
447 1442.27 477.65
448 346.694 868.574
449 685.637 693.524
450 1121.92 403.22
451 291.379 262.454
452 1059.39 420.874
453 452.708 1232.19
454 753.231 1174.96
455 88.1964 397.166
456 98.3232 856.166
457 745.335 996.175
458 664.916 376.891
459 797.898 610.506
460 1213.94 668.941
461 1075.68 310.979
462 1360.84 278.071
463 904.194 63.6896
464 1320.42 1404.1
465 1389.38 1132.96
466 115.791 1445.76
467 913.96 616.662
468 180.25 850.327
469 1115.63 132.766
470 1284.7 604.12
471 630.244 1087.57
472 1349.15 394.858
473 690.899 1351.05
474 19.2834 786.411
475 1233.39 1474.73
476 879.297 412.59
477 1273.29 1337.98
478 796.062 238.903
479 425.774 1252.92
480 915.963 948.769
481 460.453 1182.89
482 495.62 1428
483 1390.2 828.361
484 177.942 1462.78
485 1454.27 1262.78
486 1337.76 1239.03
487 560.081 681.019
488 95.258 814.34
489 1376.22 696.953
490 1241.65 767.44
491 226.648 1052.84
492 1223.19 833.838
493 826.924 156.881
494 1183.77 697.463
495 744.476 90.442
496 89.9327 1390.7
497 513.636 1357.81
498 1474.25 314.86
499 1237.35 862.413
500 909.562 1306.16
501 1075.93 222.035
502 491.682 485.477
503 395.989 1407.01
504 500.464 779.745
505 527.986 616.029
506 201.545 1146.59
507 480.771 966.332
508 490.371 757.44
509 783.604 389.335
510 1255.69 1300.18
511 593.669 180.238
512 923.568 1028.27
513 1161.17 766.724
514 133.78 872.688
515 953.172 1468.85
516 357.503 970.361
517 1255.27 883.054
518 377.036 888.622
519 203.625 1317.33
520 33.8139 997.623
521 1377.21 231.854
522 979.242 62.4183
523 1148.77 233.426
524 990.516 1289.45
525 1092.02 1236.12
526 833.95 143.618
527 425.231 591.856
528 1225.27 649.695
529 1424.17 445.552
530 1106.26 1025.22
531 713.306 546.623
532 772.393 573.166
533 1358.26 1005.18
534 1358.86 1110.79
535 700.088 193.094
536 1387.65 648.653
537 9.64171 1143.23
538 932.993 105.368
539 531.23 669.883
540 642.346 817.451
541 1248.27 991.06
542 948.226 1228.6
543 1000.68 294.136
544 704.977 10.6707
545 1137.92 1277.05
546 755.72 1457.79
547 1371.53 911.605
548 583.29 46.2621
549 547.586 791.843
550 338.682 310.786
551 1045.71 538.294
552 1309.69 1085.84
553 1052.71 1276.41
554 174.954 566.314
555 724.187 301.111
556 1401.75 410.203
557 297.716 514.542
558 1414.8 1121.42
559 498.608 961.953
560 649.522 1073.48
561 515.655 1083.93
562 1232.33 1470.64
563 969.827 255.434
564 804.834 572.799
565 1111.03 173.958
566 723.335 1202.41
567 321.75 166.67
568 638.209 921.835
569 375.522 1191.12
570 335.357 641.468
571 200.077 995.541
572 1382.58 1199.87
573 112.167 493.266
574 198.945 409.343
575 315.008 1200.01
576 732.68 1058.95
577 311.115 1215.22
578 170.156 831.455
579 1234.76 596.111
580 1130.93 1321.41
581 915.397 83.6029
582 286.721 813.513
583 1397.1 498.11
584 1030.48 84.1047
585 988.932 149.683
586 1255.51 1043.66
587 1305.92 1458.03
588 370.006 341.625
589 933.979 983.397
590 577.462 615.485
591 852.25 1060.68
592 394.974 321.378
593 1162.64 1399.17
594 1376.79 1420.4
595 1089.73 1429.83
596 822.986 793.505
597 898.037 1292.07
598 1279.76 969.192
599 1216.72 220.488
600 1243.87 1004.59
601 787.861 961.76
602 30.9621 1264.97
603 1279.58 1098.52
604 719.866 1038.26
605 941.545 1212.31
606 1400.13 226.002
607 59.4346 714.606
608 753.767 1184.84
609 136.025 35.4314
610 737.614 1277.63
611 315.415 581.631
612 603.988 65.1382
613 1397.28 26.2092
614 1052.53 1293.53
615 52.255 1301.76
616 759.206 1441.22
617 324.169 705.508
618 245.524 1268.68
619 1131.52 1077.96
620 256.134 894.449
621 418.124 1019.85
622 858.947 1107.71
623 317.498 932.02
624 123.26 138.865
625 1324.94 734.297
626 119.91 981.101
627 227.528 1383.29
628 1111.23 469.127
629 454.745 414.277
630 692.102 334.868
631 966.299 1286.64
632 596.191 1317.25
633 1075.47 1175.46
634 957.517 958.015
635 501.731 325.95
636 644.828 299.379
637 479.324 47.6201
638 1.81065 881.379
639 1099.11 1384.02
640 128.058 838.014
641 472.535 643.765
642 325.943 737.523
643 134.051 1133.59
644 1381.35 525.134
645 73.3782 1319.09
646 920.218 1177.95
647 1337.75 706.685
648 565.693 552.248
649 42.4145 1450.1
650 816.015 22.4068
651 343.435 876.491
652 933.717 1052.02
653 374.785 417.841
654 390.394 1005.58
655 444.877 1376.67
656 1263.22 1288.76
657 922.526 1065.48
658 1103.76 1130.8
659 1324.86 155.671
660 447.059 521.875
661 533.644 1403.62
662 245.117 1326.2
663 1481.46 1356.22
664 1208.7 342.258
665 1117.62 599.733
666 1007.51 883.956
667 645.633 558.359
668 242.22 926.193
669 368.884 463.119
670 1230.16 1243.5
671 25.8923 587.782
672 563.112 683.928
673 1341.6 437.815
674 713.571 1103.01
675 803.185 70.3438
676 278.85 182.921
677 110.359 567.729
678 85.9913 340.221
679 275.219 490.403
680 679.637 264.038
681 863.541 1409.41
682 1230.38 1137.99
683 317.902 1234.18
684 625.987 668.583
685 129.17 620.362
686 742.703 1459.65
687 494.081 1145.46
688 791.152 527.838
689 687.222 836.924
690 1071.59 1445.44
691 349.371 395.808
692 336.162 377.702
693 142.996 297.716
694 66.1793 1021.83
695 299.446 559.265
696 1219.7 973.632
697 783.397 1382.84
698 216.282 143.222
699 975.396 439.071
700 1349.14 1164.61
701 1106.17 1107.06
702 638.798 1365.54
703 206.021 1080.58
704 1476.25 800.295
705 522.135 207.003
706 87.6201 1078.69
707 162.868 1192.45
708 1459.88 1238.93
709 481.499 611.774
710 1006.13 896.544
711 1320.65 1444.39
712 1194.42 642.645
713 1340.06 750.288
714 485.115 1120.42
715 72.3808 750.14
716 1379.68 1208.16
717 1366.86 449.087
718 543.557 1280.34
719 298.624 98.4089
720 1424.76 1123.96
721 1209.45 1285.61
722 323.246 1071.44
723 1305.61 1372.61
724 1112.97 263.721
725 1387.05 1144.78
726 0.181065 964.579
727 23.0858 396.385
728 1449.11 379.591
729 813.346 0.633728
730 766.72 253.479
731 983.5 25.9254
732 1159.09 1078.33
733 832.794 813.468
734 577.796 524.681
735 882.83 1155.01
736 971.21 163.456
737 1279.27 463.704
738 138.405 530.566
739 1176.02 294.317
740 89.4461 1334.39
741 1200.25 51.3651
742 998.735 218.488
743 955.339 926.782
744 122.219 501.822
745 321.272 506.925
746 866.348 1043.34
747 592.497 1216.38
748 974.222 276.124
749 544.961 1261.8
750 1351.74 427.993
751 1435.3 1375.55
752 854.446 1270.48
753 136.433 276.532
754 242.854 7.2426
755 461.124 779.304
756 784.717 1137.53
757 425.729 291.877
758 694.928 24.489
759 1020.08 272.186
760 538.402 156.033
761 536.36 269.458
762 827.467 1453.8
763 365.661 69.4716
764 447.022 1228.65
765 678.36 501.143
766 876.445 1140.38
767 1323.26 420.466
768 672.917 1135.49
769 1395.97 112.384
770 13.4441 143.346
771 960.143 745.523
772 486.446 1162.08
773 530.291 466.004
774 183.28 432.791
775 1217.24 1445.8
776 726.795 507.205
777 1163.71 97.5819
778 25.5754 1240.07
779 447.864 92.3763
780 1326.29 677.406
781 689.103 339.18
782 259.511 1197.61
783 1113.44 344.793
784 978.883 1208.05
785 745.807 1035.1
786 964.453 1350.25
787 419.41 191.962
788 1391.58 858.553
789 850.779 1273.34
790 131.138 1158.14
791 255.256 1016.77
792 94.7241 20.4565
793 1062.94 134.441
794 1015.1 1134.33
795 369.282 789.534
796 453.631 171.275
797 223.887 736.923
798 1379.76 933.3
799 1052.8 949.053
800 900.356 681.529
801 1121.56 915.136
802 1387.37 968.291
803 946.198 220.398
804 477.152 265.668
805 303.827 134.7
806 460.368 891.869
807 648.666 878.614
808 691.082 412.149
809 837.827 1345.21
810 286.17 521.784
811 868.388 166.839
812 32.9086 676.175
813 836.792 877.305
814 1130.51 160.469
815 1104.62 633.913
816 1433.06 1361.07
817 666.127 118.598
818 429.26 1091.1
819 1143.24 753.083
820 52.753 634.588
821 737.976 1085.07
822 1376.32 326.777
823 1365.23 381.266
824 440.486 63.089
825 210.488 690.039
826 423.755 805.908
827 90.1704 1427.1
828 1407.65 357.468
829 1168.37 1201.72
830 946.708 317
831 846.977 591.799
832 138.877 468.234
833 205.169 1360.47
834 649.209 600.276
835 1118.86 692.607
836 1377.04 104.1
837 1346.45 995.348
838 449.837 675.361
839 745.037 460.572
840 709.82 358.098
841 337.46 556.685
842 1221.85 1319.92
843 1120.09 817.101
844 505.922 998.664
845 1265.1 1214.72
846 249.608 986.171
847 616.69 1019.71
848 834.977 966.48
849 1279.49 1265.36
850 54.8174 1380.2
851 1087.52 1318.83
852 995.858 1307.91
853 346.948 434.058
854 989.184 890.704
855 1248.58 1460.69
856 483.806 1101.74
857 288.87 1156.13
858 1236.3 1386.42
859 286.854 746.758
860 592.912 340.402
861 1278.41 56.4349
862 1376.32 87.5781
863 640.744 1288.72
864 1340.27 362.583
865 669.425 765.214
866 269.334 258.685
867 858.628 100.479
868 1405.79 1175.42
869 422.014 745.161
870 506.258 17.5964
871 653.916 597.231
872 779.668 322.024
873 268.71 782.201
874 395.944 1296.83
875 759.025 875.721
876 458.24 693.874
877 74.3725 1058.86
878 368.395 1286.82
879 851.515 361.451
880 1340.31 877.668
881 300.943 946.11
882 896.725 1033.52
883 1144.25 27.3408
884 856.669 511.599
885 388.973 834.982
886 393.726 1196.7
887 280.877 1115.63
888 931.218 728.063
889 1326.17 1321.22
890 1280.45 1150.26
891 988.456 527.08
892 1065.88 10.9544
893 780.264 407.528
894 1225.04 317.679
895 27.3861 1101.24
896 441.844 23.1763
897 323.156 755.947
898 775.692 918.362
899 342.394 503.032
900 137.199 1235.72
901 139.928 453.115
902 916.985 778.16
903 1106.33 298.486
904 247.349 792.476
905 926.791 732.77
906 1077.7 939.003
907 75.7854 900.243
908 798.786 294.552
909 400.923 1075.33
910 1171.37 586.774
911 251.897 1399.3
912 740.782 1298.15
913 667.949 224.192
914 693.298 485.571
915 551.715 1143.5
916 1120.61 1005.14
917 924.746 453.103
918 1390.82 1042.98
919 757.539 244.483
920 1442.27 493.028
921 351.538 334.189
922 1395.59 493.357
923 371.229 1147.22
924 1081.03 1014.13
925 593.26 187.764
926 399.095 825.34
927 817.147 422.775
928 615.757 1154.15
929 1219.58 157.152
930 720.339 1365.19
931 454.745 451.021
932 699.39 768.078
933 786.094 262.227
934 1414.98 1207.16
935 1250.44 735.112
936 307.466 1335.35
937 1260.71 743.441
938 1106.08 964.171
939 285.132 1432.21
940 450.988 1333.73
941 233.438 63.7802
942 171.795 451.157
943 1215.08 768.757
944 16.8391 254.158
945 1028.95 1416.38
946 55.1796 1226.39
947 726.976 474.798
948 1135.01 60.7021
949 812.439 950.727
950 1153.47 898.354
951 593.627 349.093
952 401.167 686.451
953 998.551 119.227
954 1186.93 787.304
955 663.468 154.584
956 573.558 831.665
957 267.478 1448.87
958 371.138 296.935
959 56.6281 71.5991
960 1066.47 654.505
961 1380.94 571.713
962 1150.12 362.628
963 471.765 1062.22
964 1247.34 117.137
965 413.688 576.363
966 664.129 150.498
967 751.692 100.355
968 834.901 1082.36
969 412.693 1479.06
970 1475.99 1431.27
971 619.639 660.027
972 295.136 1350.79
973 462.123 554.783
974 990.015 84.0473
975 1439.2 1102.72
976 812.227 858.927
977 784.464 563.01
978 344.119 243.487
979 546.934 908.901
980 688.953 738.371
981 1447.81 126.338
982 1146.59 471.312
983 398.62 1232.46
984 911.346 467.736
985 299.482 154.346
986 765.841 332.3
987 701.493 8.18107
988 710.735 1104.59
989 369.056 619.424
990 639.884 845.393
991 833.805 572.573
992 68.7142 182.921
993 1122.71 780.662
994 421.519 445.827
995 1006.13 287.169
996 826.743 863.034
997 169.894 909.988
998 551.479 373.661
999 628.477 522.735
1000 1325.76 343.843
1001 1324.58 976.163
1002 298.938 847.734
1003 1074.2 1253.24
1004 884.639 367.822
1005 1477.27 746.622
1006 1242.4 342.11
1007 1168.32 840.097
1008 626.349 1214.35
1009 1202.41 617.749
1010 671.489 1355.71
1011 162.777 275.297
1012 9.91331 162.053
1013 158.705 322.148
1014 913.564 1056.7
1015 969.784 974.706
1016 1377.69 470.44
1017 366.34 180.102
1018 597.414 984.722
1019 64.595 1043.02
1020 37.4239 219.846
1021 192.155 452.568
1022 454.701 145.395
1023 1079.67 172.407
1024 922.725 196.682
1025 753.845 663.966
1026 1149.32 1050.18
1027 854.913 1362.2
1028 73.7387 919.041
1029 1222.23 1179.13
1030 1225.33 1199.83
1031 1090.51 1340.32
1032 594.441 1395.95
1033 763.38 141.14
1034 138.6 960.546
1035 135.844 322.432
1036 831.813 53.6858
1037 1195.48 1340.37
1038 449.882 235.554
1039 1083.14 67.4467
1040 1197.52 447.507
1041 496.351 112.166
1042 1458.87 297.622
1043 648.512 35.1719
1044 335.514 1325.49
1045 863.68 378.685
1046 78.5256 732.816
1047 141.219 169.567
1048 1428.47 77.4837
1049 783.572 942.715
1050 1134.25 208.859
1051 1220.52 703.018
1052 561.775 74.6772
1053 181.201 1203.99
1054 460.966 987.336
1055 748.075 1372.29
1056 602.791 209.571
1057 708.163 1427.19
1058 1101.87 958.377
1059 1449.79 249.459
1060 895.245 358.015
1061 1450.04 555.643
1062 1292.7 490.238
1063 247.163 1450.87
1064 862.096 564.244
1065 1385.2 903.186
1066 1453.4 931.16
1067 1087.22 106.104
1068 347.283 1416.61
1069 315.868 652.423
1070 830.6 1321.36
1071 918.905 1156.82
1072 320.294 22.0447
1073 776.769 1240.97
1074 137.446 347.509
1075 1079.1 791.616
1076 608.865 1073.17
1077 950.999 747.618
1078 1299.19 1060.72
1079 1464.44 816.999
1080 1012.88 1232.78
1081 1442.33 651.55
1082 922.617 157.877
1083 1214 1115.89
1084 539.574 642.95
1085 958.264 1100.27
1086 180.114 1414.38
1087 416.64 1461.09
1088 1084.4 827.739
1089 1085.62 937.181
1090 1255.52 184.732
1091 294.548 801.711
1092 1320.13 493.448
1093 1458.89 1151.74
1094 1234.66 19.2834
1095 40.287 492.077
1096 1079.16 482.901
1097 1259.89 1088.73
1098 1430.91 829.809
1099 934.658 559.672
1100 1152.29 1469.2
1101 1095.56 1177.54
1102 126.598 528.2
1103 136.206 692.755
1104 560.351 25.847
1105 660.344 1280.39
1106 1227.58 1208.78
1107 70.3324 361.258
1108 284.498 660.196
1109 1219.84 1217.93
1110 349.546 1243.15
1111 1177.22 823.426
1112 133.4 898.309
1113 1391.37 894.404
1114 1158.82 874.861
1115 580.977 1306.34
1116 440.305 343.571
1117 347.572 1257.39
1118 882.737 1429.96
1119 883.914 698.582
1120 729.694 298.926
1121 289.055 579.676
1122 1227.3 128.272
1123 410.751 135.437
1124 153.815 518.513
1125 1313.99 526.401
1126 1352.37 326.687
1127 308.309 1087.33
1128 1468.47 716.145
1129 862.956 978.204
1130 647.637 466.695
1131 1331.47 875.03
1132 1267.91 35.666
1133 1008.58 453.465
1134 1196.92 545.636
1135 1227.54 88.8455
1136 583.844 730.462
1137 311.16 1342.9
1138 947.74 1132.02
1139 1137.32 557.318
1140 164.859 1022.93
1141 821.266 828.599
1142 1011.34 866.475
1143 702.127 705.339
1144 1243.01 85.3683
1145 808.852 1205.03
1146 1263.74 515.673
1147 1402.85 397.471
1148 515.809 740.816
1149 538.442 1418.87
1150 1084.83 634.859
1151 1342.24 1096.79
1152 646.9 611.683
1153 418.464 899.848
1154 326.641 600.321
1155 967.159 102.969
1156 1362.22 24.658
1157 1356.27 1157.96
1158 1332.19 1252.29
1159 1078.02 1267.08
1160 1400.68 1480.29
1161 624.45 602.041
1162 602.041 860.862
1163 249.871 760.066
1164 1434.62 872.224
1165 1248.13 73.7349
1166 1077.57 389.368
1167 1241.29 467.238
1168 1331.88 656.258
1169 1139.85 19.8598
1170 719.055 263.269
1171 113.799 810.842
1172 1380.58 272.4
1173 786.411 536.134
1174 697.508 758.708
1175 770.477 374.08
1176 226.107 1424.38
1177 577.467 299.062
1178 781.971 113.573
1179 203.834 138.737
1180 461.535 973.089
1181 644.863 1333.72
1182 898.758 815.653
1183 190.162 96.8577
1184 672.521 226.603
1185 1258.31 1048.77
1186 459.993 239.866
1187 138.22 157.436
1188 1344.93 46.4311
1189 1474.56 55.2701
1190 595.948 1460.43
1191 1373.92 148.869
1192 1410.97 69.6074
1193 980.331 723.491
1194 1211.64 554.862
1195 7.9216 556.763
1196 457.959 1454.26
1197 367.773 696.689
1198 689.138 1257.17
1199 332.707 213.295
1200 98.0936 362.356
1201 203.608 582.894
1202 361.703 630.049
1203 4.25503 776.72
1204 102.937 287.112
1205 1386.6 1223.22
1206 160.669 417.433
1207 417.319 710.043
1208 458.549 1279.09
1209 1065.38 1404.69
1210 1334.85 1277.85
1211 287.738 1159.45
1212 806.192 1380.89
1213 1120.48 495.485
1214 1088.25 1102.27
1215 140.869 101.261
1216 92.9704 803.521
1217 1349.95 423.24
1218 791.752 707.466
1219 1413.67 532.953
1220 1060.24 1468.79
1221 673.394 23.8553
1222 187.176 265.475
1223 1276.2 236.335
1224 837.106 455.605
1225 109.906 837.685
1226 31.4148 1253.15
1227 1334.63 1291.39
1228 1012.29 752.321
1229 1146.37 563.915
1230 90.4844 1403.71
1231 795.058 1423.26
1232 858.863 902.28
1233 1481.47 1087.62
1234 163.185 868.297
1235 263.092 1111.86
1236 161.014 579.499
1237 809.396 89.9855
1238 1227.78 683.916
1239 1308.96 624.481
1240 388.324 441.388
1241 992.88 764.095
1242 434.42 1343.32
1243 1268.67 154.539
1244 539.435 377.418
1245 863.608 647.386
1246 98.5447 684.731
1247 149.314 1343.72
1248 1414.03 115.734
1249 535.02 505.34
1250 1307.91 1044.87
1251 1125.89 1074.67
1252 1038.91 767.539
1253 414.191 421.022
1254 1283.21 567.816
1255 762.462 1033.64
1256 1333.95 808.851
1257 192.653 547.722
1258 54.5507 528.619
1259 1001.63 124.437
1260 962.493 957.098
1261 74.0815 721.363
1262 696.303 449.539
1263 474.843 474.967
1264 1118.08 350.316
1265 6.02041 1269.22
1266 896.227 495.982
1267 569.925 888.305
1268 1208.34 406.763
1269 592.834 811.307
1270 1092.27 235.566
1271 99.9026 129.268
1272 1097.93 263.664
1273 529.325 202.019
1274 305.728 302.502
1275 438.766 907.712
1276 1045.86 159.823
1277 1028.4 339.666
1278 1078.11 998.607
1279 304.931 607.597
1280 1020.71 874.94
1281 337.007 1112.92
1282 1128.22 1167.23
1283 1030.31 423.421
1284 1359.26 662.562
1285 22.6331 1169.05
1286 407.941 392.627
1287 1194.35 582.338
1288 492.733 797.184
1289 1321.01 1301.35
1290 5.88461 233.619
1291 1241.09 1324.22
1292 827.648 449.889
1293 588.904 589.001
1294 411.723 14.0778
1295 78.0697 577.812
1296 563.701 791.378
1297 1018.63 576.092
1298 981.237 917.457
1299 392.707 947.785
1300 820.956 793.834
1301 1234.73 390.726
1302 345.671 279.791
1303 667.514 1375.31
1304 1283.3 1314.08
1305 807.539 997.973
1306 246.565 865.932
1307 718.511 1403.83
1308 247.294 671.616
1309 896.87 671.389
1310 953.126 910.078
1311 799.729 63.6775
1312 417.445 1044.7
1313 1211.62 1277.45
1314 1345.31 1451.51
1315 124.529 518.649
1316 582.189 425.774
1317 1310.96 1196.79
1318 1138.75 127.194
1319 119.231 739.277
1320 26.4808 501.629
1321 1479.94 679.443
1322 593.803 920.251
1323 243.668 1253.83
1324 1106.33 154.708
1325 1192.49 850.055
1326 1270.99 925.242
1327 1422.57 544.405
1328 1256.91 1175.47
1329 23.4479 1402.43
1330 908.508 404.17
1331 1090.96 539.981
1332 71.4722 1059.58
1333 913.915 577.281
1334 956.431 525.574
1335 977.978 1177.15
1336 1054.12 1032.43
1337 1304.25 501.641
1338 225.607 620.419
1339 594.673 1188.05
1340 613.72 550.154
1341 1045.32 180.024
1342 321.888 37.1183
1343 1343.93 297.128
1344 1254.33 815.731
1345 833.465 187.085
1346 1242.24 140.902
1347 1024.11 1187.65
1348 342.575 1017.31
1349 1181.86 882.499
1350 543.829 1040.08
1351 91.7644 839.813
1352 397.483 589.231
1353 1060.77 1209.05
1354 738.202 1107.43
1355 93.3843 394.903
1356 1315.71 82.7799
1357 1349.84 1345.89
1358 1170.09 362.538
1359 699.545 1158.64
1360 677.002 821.706
1361 136.478 811.85
1362 953.805 347.781
1363 1368.22 1371.7
1364 1141.16 980.772
1365 81.4793 36.8799
1366 599.914 1117.25
1367 654.215 521.472
1368 86.0964 1275.01
1369 1138.01 682.784
1370 919.327 1141.89
1371 1148 803.518
1372 1340.65 1334.21
1373 1358.75 718.182
1374 1420.83 168.209
1375 43.0935 1469.39
1376 155.309 166.477
1377 463.989 1147.23
1378 45.8095 1177.74
1379 498.698 704.479
1380 258.288 484.575
1381 1206.33 297.852
1382 59.6609 640.11
1383 490.596 355.657
1384 921.983 138.424
1385 374.779 1133.77
1386 60.4482 858.294
1387 1064.93 418.746
1388 435.371 1410.68
1389 1164.47 199.488
1390 179.435 1305.78
1391 507.48 1197.28
1392 84.9615 705.01
1393 411.488 927.189
1394 848.652 221.443
1395 243.985 1298.73
1396 1000.79 364.484
1397 285.675 768.078
1398 631.256 572.561
1399 370.957 882.635
1400 798.542 601.984
1401 1044.98 1338.6
1402 302.605 109.635
1403 179.94 1134.01
1404 299.454 663.06
1405 100.916 293.597
1406 1461.2 1310.28
1407 85.8701 1307.97
1408 1407.78 1279.9
1409 872.11 1137.58
1410 860.24 5.25089
1411 3.80237 452.255
1412 113.483 1211.46
1413 330.082 725.244
1414 285.677 128.643
1415 913.792 1408.18
1416 182.604 746.927
1417 1038.61 1434.76
1418 382.772 483.205
1419 592.219 1443.68
1420 309.405 683.056
1421 499.604 945.691
1422 324.774 876.026
1423 210.398 825.78
1424 202.929 1427.38
1425 365.842 1261.92
1426 1179.68 427.754
1427 188.371 673.109
1428 1105.75 367.649
1429 194.349 367.969
1430 320.165 998.2
1431 667.542 134.202
1432 1464.92 694.882
1433 1100.57 663.83
1434 515.447 308.58
1435 342.258 709.129
1436 196.383 893.951
1437 1211.07 232.023
1438 785.484 422.696
1439 501.523 497.238
1440 1208.93 403.401
1441 1121.92 1045.14
1442 847.249 210.217
1443 1141.3 1138.03
1444 475.115 868.059
1445 1271.25 11.045
1446 265.599 177.485
1447 1048.71 947.184
1448 1236.4 941.979
1449 562.451 1249.02
1450 594.364 980.093
1451 1274.7 755.255
1452 106.285 251.533
1453 877.984 387.887
1454 1264.78 1308.33
1455 397.981 1264.74
1456 1138.36 514.62
1457 1237.72 62.06
1458 1182.45 710.409
1459 1173.64 37.6615
1460 44.4062 615.666
1461 168.96 84.3189
1462 1137.68 233.755
1463 280.117 81.8293
1464 1335.58 217.175
1465 1407.69 91.6521
1466 1181.56 335.649
1467 610.516 753.943
1468 865.727 500.645
1469 1299.5 195.279
1470 633.054 791.966
1471 607.971 454.519
1472 1009.71 57.7598
1473 698.114 533.916
1474 312.382 1153.69
1475 1097.53 863.903
1476 1355.91 1460.46
1477 393.817 1356.12
1478 806.509 245.524
1479 1471.1 845.426
1480 678.945 837.2
1481 463.915 327.172
1482 393.638 1168.64
1483 383.328 536.088
1484 873.99 1087.33
1485 1296.37 381.356
1486 1155.18 754.408
1487 244.999 1184.42
1488 1347.98 393.216
1489 728.425 1196.7
1490 1099.2 653.09
1491 222.93 1097.67
1492 1337.39 131.26
1493 235.204 329.255
1494 533.282 1380.34
1495 853.904 1418.92
1496 2.58018 1195.07
1497 116.017 501.312
1498 919.914 870.549
1499 1082.14 1071.53
1500 450.218 1044.01
1501 424.381 359.278
1502 368.629 1476.85
1503 228.595 600.321
1504 172.823 952.435
1505 84.829 855.882
1506 1416.25 215.241
1507 1023.73 340.073
1508 1011.99 1020.74
1509 207.003 0.135799
1510 294.05 975.579
1511 1350.57 956.974
1512 405.043 541.78
1513 508.431 951.225
1514 768.078 916.683
1515 161.601 1116.85
1516 1391.71 570.038
1517 1313.76 13.7488
1518 1456.44 729.556
1519 201.333 157.288
1520 1306.7 853.179
1521 958.06 1252.7
1522 1409.23 1042.47
1523 1095.35 1185.56
1524 231.102 216.768
1525 1440.15 1470.33
1526 107.496 935.518
1527 1477.9 196.443
1528 1375.21 1021.93
1529 662.292 362.435
1530 925.997 750.515
1531 154.041 148.371
1532 1125.64 776.259
1533 1122.42 573.376
1534 913.816 316.942
1535 1177.24 1457.21
1536 249.875 512.731
1537 1371.3 262.668
1538 1072.31 253.401
1539 412.747 1045.77
1540 148.79 1297.5
1541 611.499 313.922
1542 667.567 505.974
1543 452.934 1367.44
1544 1038.45 554.15
1545 1052.5 272.129
1546 303.643 1102.82
1547 1443.71 735.338
1548 169.249 1167.6
1549 17.4275 599.008
1550 559.717 232.385
1551 455.379 1221.59
1552 1418.15 42.176
1553 1119.63 1165.29
1554 1010.35 1433.77
1555 671.616 1143.24
1556 572.09 404.17
1557 1252.92 1199.42
1558 1144.4 378.2
1559 494.443 292.227
1560 870.448 1176.06
1561 590.77 62.9985
1562 632.415 853.722
1563 813.658 311.115
1564 372.506 118.552
1565 302.849 247.821
1566 1124 598.544
1567 1396.74 1095.31
1568 1220.87 1077.42
1569 1074.33 855.121
1570 169.024 1006.99
1571 781.341 697.179
1572 311.206 323.473
1573 1266.28 1372.11
1574 245.28 44.8467
1575 1085.02 887.898
1576 1398.85 790.847
1577 811.794 888.848
1578 1380.71 776
1579 1220.14 1468.74
1580 409.841 516.385
1581 151.823 68.6281
1582 1291.63 211.019
1583 1438.15 1419.96
1584 10.0944 1090.6
1585 1340.62 448.214
1586 169.748 117.816
1587 932.556 896.091
1588 701.32 1299.36
1589 491.111 1143.5
1590 556.051 17.687
1591 1046.42 1129.34
1592 734.442 944.073
1593 1349.43 185.172
1594 682.974 1072.45
1595 1227.87 496.571
1596 478.869 795.542
1597 678.632 793.65
1598 886.129 534.447
1599 1256.82 910.519
1600 917.004 1301.77
1601 1263.61 186.168
1602 611.366 1001.55
1603 611.23 689.076
1604 777.639 980.648
1605 1002.47 35.6577
1606 413.507 1319.64
1607 1217.32 938.868
1608 1379.89 513.488
1609 288.346 887.626
1610 1343.14 673.743
1611 261.775 1208.29
1612 963.085 572.754
1613 1416.49 599.28
1614 584.269 215.015
1615 797.863 329.176
1616 175.318 225.957
1617 1105.27 840.323
1618 795.826 1004.19
1619 888.848 1087.2
1620 1077.52 456.823
1621 684.062 1018.8
1622 1017.58 196.443
1623 54.0123 74.9035
1624 1431.23 1165.29
1625 847.975 482.798
1626 1454.74 469.263
1627 490.686 152.037
1628 1286.63 691.352
1629 564.973 661.192
1630 701.217 655.814
1631 1399.32 766.086
1632 1309.06 1002.51
1633 1101.92 611.276
1634 1121.25 277.256
1635 188.579 1110.64
1636 652.015 1436.83
1637 1458.66 155.84
1638 1435.35 343.378
1639 635.474 43.5461
1640 1121.39 803.884
1641 1450.76 419.211
1642 479.824 274.993
1643 930.103 786.23
1644 637.53 1338.21
1645 56.945 311.51
1646 596.745 889.889
1647 712.4 436.457
1648 319.746 446.054
1649 1264.6 1453.9
1650 851.594 550.755
1651 1422.54 1007.85
1652 1239.62 1019.49
1653 181.885 453.025
1654 747.165 1152.07
1655 533.463 741.28
1656 631.447 96.1334
1657 730.598 883.281
1658 424.507 629.925
1659 454.066 672.702
1660 149.469 126.281
1661 764.411 216.813
1662 938.252 107.643
1663 556.718 340.119
1664 835.007 1022.43
1665 527.122 878.018
1666 135.165 1277.14
1667 874.771 656.587
1668 101.217 376.208
1669 52.5719 715.783
1670 713.324 391.146
1671 1101.78 526.764
1672 1170.99 1237.72
1673 897.413 453.84
1674 105.018 276.067
1675 1301.9 665.447
1676 719.784 416.89
1677 651.608 1214.58
1678 660.53 452.153
1679 363.761 1092.09
1680 790.404 416.935
1681 1119.49 744.256
1682 935.473 312.144
1683 388.357 380.677
1684 69.0731 1148.72
1685 799.402 1481.74
1686 1292.85 1256.23
1687 856.455 947.501
1688 324.106 590.634
1689 1053.62 495.892
1690 831.722 657.579
1691 434.073 1371.84
1692 836.158 233.619
1693 764.799 821.854
1694 924.808 1178.96
1695 605.619 693.162
1696 134.848 343.966
1697 861.254 65.0476
1698 670.937 530.155
1699 1458.35 654.777
1700 27.6577 206.085
1701 1401.9 161.136
1702 635.357 1031.84
1703 68.2712 851.808
1704 405.088 474.967
1705 30.6453 432.61
1706 1182.62 1116.99
1707 714.347 1407.24
1708 1172.53 642.045
1709 986.029 303.86
1710 257.415 395.084
1711 700.314 1334.81
1712 1344.54 976.846
1713 1387.39 1110.51
1714 180.084 780.164
1715 626.395 392.051
1716 218.5 884.672
1717 76.5792 1279.04
1718 602.038 452.436
1719 1205.4 746.474
1720 140.944 1397.14
1721 1411.45 211.743
1722 1251.66 406.944
1723 615.078 325.633
1724 1426.84 1307.55
1725 228.662 1369.8
1726 628.124 121.268
1727 148.076 588.959
1728 603.082 290.009
1729 681.81 1189.19
1730 1479.38 629.925
1731 1027.13 240.895
1732 1031.35 1276.64
1733 1206.56 805.74
1734 83.5385 996.94
1735 35.2172 130.717
1736 497.046 308.399
1737 479.578 154.63
1738 681.464 721.363
1739 676.097 476.777
1740 334.466 920.477
1741 634.914 801.699
1742 1233.14 1226.58
1743 460.901 1458.34
1744 237.512 1114.23
1745 996.175 328.395
1746 1321.54 431.342
1747 948.189 664.587
1748 204.07 188.625
1749 1236.81 535.805
1750 26.1186 537.537
1751 1098.2 1256.67
1752 898.314 749.688
1753 1176.28 1108.57
1754 664.641 223.525
1755 194.021 205.135
1756 854.582 1223.63
1757 76.5 82.1461
1758 66.9787 257.384
1759 120.137 547.981
1760 1367.54 70.887
1761 436.022 1057.06
1762 587.556 1290.44
1763 462.848 263.438
1764 1463.4 612.313
1765 375.71 970.282
1766 871.924 1336.8
1767 373.311 27.1598
1768 556.775 598.951
1769 1285.88 1408.73
1770 1360.63 637.563
1771 1133.11 437.227
1772 163.321 527.023
1773 685.15 77.71
1774 1254.39 1275.05
1775 1479.57 869.927
1776 1155.2 247.425
1777 104.61 1364.73
1778 363.849 786.682
1779 60.5177 1459.07
1780 739.153 697.282
1781 930.24 1293.53
1782 980.962 27.5098
1783 406.698 855.113
1784 1165.12 1367.98
1785 809.4 44.6778
1786 643.732 110.709
1787 1173.39 1406.6
1788 1385.06 409.483
1789 176.959 1188.95
1790 1332.59 1182.67
1791 438.249 1183.89
1792 602.811 965.616
1793 1463.2 966.752
1794 1133.83 1212.4
1795 1306.34 1347.26
1796 1061.4 1396.59
1797 134.516 73.7349
1798 996.546 50.5503
1799 837.924 698.808
1800 1248.58 822.035
1801 301.473 666.184
1802 1296.47 1132.23
1803 316.366 13.9751
1804 1152.84 1224.58
1805 228.431 334.37
1806 1429.16 686.463
1807 240.364 1428.68
1808 1242.51 150.235
1809 386.003 1384
1810 468.144 185.127
1811 753.593 1240.97
1812 789.489 666.715
1813 530.656 856.878
1814 241.148 377.068
1815 620.148 158.704
1816 239.37 980.772
1817 446.371 716.384
1818 552.311 789.341
1819 1010.75 464.058
1820 1265.35 1057.1
1821 1405.88 897.318
1822 1368.94 1281.58
1823 428.878 71.3396
1824 1361.88 524.081
1825 956.34 10.0822
1826 425.06 53.1879
1827 135.391 296.754
1828 734.783 916.675
1829 790.325 825.928
1830 767.001 196.048
1831 146.862 1207.33
1832 1049.14 1020.94
1833 1187.71 908.403
1834 683.587 952.979
1835 895.739 291.424
1836 1318.58 104.248
1837 941.629 1417.37
1838 1095.26 116.277
1839 981.599 1365.67
1840 712.944 1072.71
1841 916.782 1368.22
1842 417.048 1209.38
1843 764.083 1126.44
1844 216.101 54.6243
1845 925.967 634.452
1846 335.798 97.6725
1847 54.1562 330.851
1848 191.987 998.664
1849 335.286 239.265
1850 440.179 1108.29
1851 614.535 209.492
1852 204.432 1048.14
1853 822.123 1380.65
1854 1056.02 1054.43
1855 776.022 777.852
1856 82.5349 682.208
1857 983.427 1292.44
1858 654.098 1480.56
1859 851.368 844.352
1860 640.925 280.684
1861 243.985 1079.32
1862 907.453 981.723
1863 898.083 89.1745
1864 1438.92 593.622
1865 795.778 1322.05
1866 1268.09 589.684
1867 635.448 577.643
1868 268.183 1408.81
1869 848.481 1466.43
1870 266.258 1135.85
1871 651.472 634.802
1872 1286.88 950.727
1873 1198.2 467.782
1874 244.85 1146.1
1875 1195.8 953.126
1876 1283.21 1481.05
1877 1159.9 1297.06
1878 980.74 1455.08
1879 891.566 325.588
1880 422.425 212.015
1881 295.063 42.6287
1882 857.393 206.855
1883 1042.75 666.138
1884 1187.2 486.341
1885 586.163 876.116
1886 1439.45 881.503
1887 464.16 739.877
1888 610.914 108.684
1889 536.315 537.944
1890 19.6003 1379.85
1891 74.2868 983.126
1892 6.47308 520.607
1893 103.479 858.701
1894 122.66 1088.1
1895 1167.34 1036.72
1896 189.349 1272.34
1897 638.073 400.788
1898 47.8432 27.6124
1899 1476.67 1181.48
1900 680.575 748.478
1901 186.704 1106.07
1902 889.935 1104.95
1903 946.877 21.592
1904 172.329 728.684
1905 1364.81 1373.38
1906 457.053 529.751
1907 454.519 1466.76
1908 15.2547 765.44
1909 53.5597 626.44
1910 423.692 492.756
1911 1133.74 1134
1912 1344.46 1145.51
1913 849.147 282.371
1914 607.292 926.736
1915 165.919 117.454
1916 340.161 1144.24
1917 997.171 401.874
1918 849.168 845.743
1919 777.493 815.155
1920 679.086 660.435
1921 1265.96 234.829
1922 195.007 1341.24
1923 441.574 266.075
1924 453.211 265.112
1925 581.109 900.753
1926 25.168 1363.27
1927 1060.24 993.718
1928 836.024 763.222
1929 725.133 843.084
1930 65.9998 756.07
1931 1315.23 585.47
1932 1437.73 1190.67
1933 881.379 591.721
1934 572.36 847.689
1935 1.53905 116.968
1936 862.866 853.541
1937 697.044 1088.51
1938 273.9 428.659
1939 1249.62 920.938
1940 264.31 1474.64
1941 1210.45 316.321
1942 630.593 1036.59
1943 644.029 1311.41
1944 1030.98 1004.31
1945 1261.71 1210.68
1946 1390.35 238.134
1947 860.723 925.276
1948 1325.64 117.919
1949 1355.59 1356.9
1950 1271.48 1343.14
1951 802.707 10.8639
1952 684.788 624.255
1953 695.29 726.964
1954 1309.55 788.209
1955 46.8053 218.217
1956 1016.82 1224.18
1957 537.929 770.708
1958 1096.98 1395.14
1959 1172.69 276.927
1960 347.147 764.547
1961 913.417 137.972
1962 566.134 1429.64
1963 1047.64 612.271
1964 515.3 1297.18
1965 995.767 1319.74
1966 1457 1288.19
1967 1317.61 1223.82
1968 452.763 1234.14
1969 1175.79 8.36213
1970 539.348 381.368
1971 436.276 876.75
1972 1227.72 1183.85
1973 457.479 173.777
1974 571.985 886.754
1975 967.747 653.814
1976 1288.23 832.945
1977 948.69 909.758
1978 920.173 818.591
1979 273.635 729.149
1980 440.622 600.276
1981 1062.86 441.062
1982 8.82692 1013.29
1983 264.245 1477.34
1984 336.544 372.628
1985 646.945 1053.21
1986 1386.42 316.411
1987 427.023 253.841
1988 1357.81 1100.14
1989 429.622 126.153
1990 14.6663 877.429
1991 50.7887 422.017
1992 1391.23 1311.36
1993 1201.14 895.186
1994 1232.06 1145.28
1995 1472.22 158.115
1996 1164.07 629.744
1997 869.373 426.091
1998 863.68 289.601
1999 1077.45 1276.73
2000 1073.99 1369.17
2001 1169.07 693.06
2002 1.44852 413.915
2003 89.1293 774.494
2004 5.43195 1168.09
2005 923.387 1396.06
2006 284.055 1410.59
2007 548.677 1252.65
2008 426.363 370.097
2009 1345.13 554.771
2010 126.338 185.942
2011 569.949 565.376
2012 802.707 157.979
2013 714.332 165.358
2014 1412.58 1142.37
2015 1457.99 683.475
2016 1104.41 1348.42
2017 751.8 1254.86
2018 764.861 178.53
2019 117.104 1009.44
2020 594.183 1005.71
2021 1038.05 1315.48
2022 1392.66 249.043
2023 1220.05 716.417
2024 1039.52 1037.27
2025 911.425 156.247
2026 391.598 652.242
2027 1406.78 154.255
2028 788.692 1017.18
2029 484.032 650.024
2030 1067.98 810.311
2031 1007.67 302.198
2032 493.013 216.418
2033 513.138 1395.56
2034 700.088 125.738
2035 921.202 1330.5
2036 1187.19 1059.73
2037 580.811 8.99586
2038 1413.38 1251.83
2039 434.265 1125.41
2040 1061.67 1458.61
2041 643.415 1377.81
2042 289.496 846.751
2043 1026.91 886.754
2044 1088.7 897.663
2045 636.033 24.1148
2046 1293.85 1365.49
2047 965.518 717.878
2048 274.294 296.177
2049 1223.68 1375.64
2050 1320.37 1013.29
2051 1105.04 1155.68
2052 301.137 211.303
2053 1.99172 1232.77
2054 124.829 725.479
2055 264.264 336.102
2056 297.807 1013.15
2057 650.766 1223.54
2058 1446.79 995.36
2059 842.405 167.621
2060 798.358 1350.93
2061 696.019 434.375
2062 1233.23 1434.97
2063 552.656 662.698
2064 471.131 1307.64
2065 559.038 1141.3
2066 61.5265 49.7929
2067 259.738 896.305
2068 570.31 326.325
2069 857.64 627.424
2070 1244.95 173.822
2071 115.38 1452.28
2072 1005.54 140.82
2073 569.092 802.616
2074 161.51 598.996
2075 1154.7 448.724
2076 481.824 499.106
2077 651.789 34.674
2078 1329.38 278.421
2079 646.945 1232.14
2080 814.765 175.724
2081 1375.96 592.931
2082 199.307 230.167
2083 310.572 821.081
2084 587.385 189.304
2085 895.321 335.411
2086 1215.34 723.491
2087 789.353 120.77
2088 1192.22 1087.28
2089 1481.43 510.468
2090 1254.06 1123.59
2091 875.902 1366.8
2092 910.898 895.581
2093 286.4 163.58
2094 1288.44 351.221
2095 1151.31 460.177
2096 882.511 489.814
2097 1435.89 319.127
2098 946.4 352.25
2099 1421.68 950.279
2100 12.1314 1480.33
2101 197.017 923.749
2102 943.194 912.329
2103 821.266 1196.07
2104 1478.72 0
2105 513.184 792.341
2106 197.723 373.805
2107 1408.55 992.994
2108 1300.14 656.723
2109 1316.16 585.927
2110 1116.49 723.989
2111 61.9994 927.279
2112 538.46 605.56
2113 14.5305 1083.53
2114 58.9367 475.794
2115 1130.11 703.109
2116 274.862 942.67
2117 851.685 1478.57
2118 560.007 1098.19
2119 81.2982 140.144
2120 571.369 444.322
2121 787.473 727.915
2122 1341.65 1058.04
2123 1213.81 1247.49
2124 488.287 1412.43
2125 1044.11 1221.54
2126 296.132 1309.36
2127 346.513 532.229
2128 790.802 463.934
2129 1470.23 134.486
2130 443.478 1469.47
2131 1446.53 481.078
2132 1093.36 712.932
2133 601.227 1245.81
2134 0.271598 178.892
2135 888.722 995.121
2136 1127.27 159.733
2137 1301.59 543.953
2138 1160.26 778.387
2139 1312.62 544.463
2140 1274.52 472.93
2141 677.435 1052.2
2142 480.501 413.722
2143 533.337 685.014
2144 625.253 79.6686
2145 271.1 696.455
2146 1141.67 0.36213
2147 986.369 1224.86
2148 30.1069 785.81
2149 382.147 619.374
2150 602.911 282.914
2151 841.147 1193.75
2152 858.522 384.311
2153 12.3577 157.152
2154 355.465 1450.47
2155 178.666 637.518
2156 409.5 608.831
2157 219.538 510.196
2158 1259.54 259.783
2159 756.079 1439.86
2160 115.434 736.198
2161 268.882 1406.23
2162 698.187 1127.63
2163 1130.48 70.2985
2164 198.945 319.839
2165 902.388 241.993
2166 552.641 878.482
2167 1414.89 1248.97
2168 577.286 911.934
2169 510.513 905.539
2170 473.259 1267.5
2171 1140.26 1276.06
2172 589.91 1299.37
2173 442.94 441.56
2174 251.682 689.076
2175 205.934 54.9411
2176 242.776 1073.26
2177 776.543 1260.89
2178 968.517 925.514
2179 63.2256 1345.04
2180 525.134 1207.92
2181 1142.97 546.771
2182 1479.65 254.08
2183 36.4393 170.518
2184 1173.39 483.794
2185 119.821 556.627
2186 1367.6 1277.9
2187 1001.94 454.202
2188 346.597 1046
2189 715.784 55.4059
2190 857.841 1071.94
2191 519.295 1075.84
2192 1001.86 1406.05
2193 742.656 81.8867
2194 438.595 11.8024
2195 430.953 544.236
2196 1255.87 893.182
2197 553.154 950.987
2198 1332.1 1430.23
2199 1254.69 88.5408
2200 295.479 1397.81
2201 1266.07 201.377
2202 474.635 483.748
2203 266.932 1359.2
2204 1175.07 1043.56
2205 923.432 717.73
2206 585.75 850.01
2207 349.953 237.557
2208 860.783 769.877
2209 884.739 1290.3
2210 1087.14 251.804
2211 737.677 1005
2212 1404.59 1135.1
2213 1101.92 1293.52
2214 271.96 877.849
2215 136.783 55.2248
2216 1037.77 47.1674
2217 474.707 335.049
2218 573.252 671.344
2219 967.366 1148.18
2220 471.059 341.16
2221 154.043 997.475
2222 1026.96 542.878
2223 1119.66 1188.69
2224 222.982 875.392
2225 232.533 738.564
2226 414.367 427.075
2227 960.049 804.596
2228 446.869 1052.71
2229 573.976 837.381
2230 16.7938 647.579
2231 1357.49 1191.32
2232 828.534 110.573
2233 656.995 1172.26
2234 898.079 477.909
2235 816.275 546.092
2236 1027.58 386.348
2237 530.222 859.413
2238 14.2136 99.8121
2239 781.567 875.347
2240 248.78 164.259
2241 191.476 275.355
2242 1076.75 340.843
2243 1429.49 707.24
2244 183.691 968.324
2245 217.477 70.2532
2246 220.945 957.065
2247 510.502 989.916
2248 378.423 1018.08
2249 419.754 934.247
2250 86.9161 801.518
2251 1016.82 75.0846
2252 478.872 1323.45
2253 261.232 756.49
2254 370.378 195.32
2255 834.846 414.582
2256 91.1468 509.46
2257 889.889 230.496
2258 1422.7 914.004
2259 129.145 980.998
2260 696.666 804.2
2261 866.385 84.3763
2262 493.583 1053.97
2263 766.313 281.544
2264 929.569 1454.48
2265 476.93 839.372
2266 1363.56 850.948
2267 384.356 995.936
2268 83.382 607.247
2269 14.7115 1067.68
2270 53.3786 1335.21
2271 787.859 430.515
2272 1258.74 108.997
2273 289.659 713.611
2274 858.294 124.696
2275 1455.9 51.4103
2276 724.302 590.589
2277 1440.33 370.402
2278 250.167 1448.06
2279 1143.82 952.447
2280 1006.9 172.996
2281 1453.02 553.096
2282 892.096 1040.93
2283 661.385 689.438
2284 151.733 768.531
2285 1237.91 999.524
2286 848.018 949.369
2287 1121.61 1235.35
2288 816.299 1440.32
2289 130.714 463.164
2290 880.191 536.134
2291 206.052 1253.56
2292 922.345 377.056
2293 1477.9 19.8598
2294 1222.69 1043.51
2295 855.385 775.683
2296 384.081 128.692
2297 523.459 515.221
2298 437.589 41.3612
2299 1235.59 1135.96
2300 182.378 1132.65
2301 492.004 822.714
2302 119.681 1100.38
2303 139.944 821.266
2304 677.319 1313.67
2305 901.206 1474.45
2306 1110 905.675
2307 1250.82 801.88
2308 387.841 215.965
2309 905.959 453.659
2310 299.572 418.203
2311 604.259 1431
2312 670.35 989.01
2313 175.362 170.02
2314 1159.72 360.307
2315 801.276 641.876
2316 501.233 1181.26
2317 1426.25 124.968
2318 1010.6 1348.17
2319 955.163 258.38
2320 533.327 1240.01
2321 995.628 36.2914
2322 461.848 1428.5
2323 1358.2 461.794
2324 428.269 1338.21
2325 1401.44 1118.79
2326 1184.43 930.403
2327 48.8269 1043.07
2328 1025.78 350.225
2329 1386.32 123.248
2330 139.252 626.802
2331 372.65 640.189
2332 1197.57 325.827
2333 949.017 873.186
2334 1105.95 586.141
2335 565.104 497.069
2336 1112.96 1315.88
2337 642.555 558.347
2338 1070.09 1358.89
2339 1157.73 1051.57
2340 1092.86 435.507
2341 729.228 243.973
2342 565.705 1383.43
2343 341.959 433.104
2344 338.218 98.6352
2345 322.251 222.122
2346 283.91 1432.59
2347 1228.88 862.187
2348 137.474 642.69
2349 610.37 826.278
2350 384.13 1098.24
2351 1074.8 1257.62
2352 288.92 296.165
2353 678.496 518.106
2354 69.3027 1344.53
2355 316.185 888.215
2356 524.274 716.112
2357 966.831 207.081
2358 205.929 1251.02
2359 230.394 31.8553
2360 1374.84 941.119
2361 927.053 763.72
2362 1071.27 601.679
2363 1384.72 171.321
2364 326.596 1225.4
2365 1284.11 1289.67
2366 1343.15 63.587
2367 336.464 171.967
2368 1139.53 505.036
2369 1056.47 1416.65
2370 644.271 744.947
2371 530.611 134.984
2372 609.556 208.53
2373 599.235 1482.59
2374 597.466 960.822
2375 286.354 1422.3
2376 606.885 383.541
2377 63.0559 757.938
2378 302.565 1065.96
2379 837.2 185.275
2380 254.261 971.957
2381 32.8601 955.118
2382 360.772 587.828
2383 939.844 547.981
2384 729.058 857.467
2385 1247 572.787
2386 614.923 452.334
2387 236.167 257.01
2388 567.367 1356.84
2389 423.084 123.429
2390 1177.78 30.1021
2391 1295.88 805.139
2392 1362.42 836.735
2393 1197.85 1269.13
2394 916.913 1011.46
2395 119.471 1060.91
2396 1189.04 1344.31
2397 1028.18 1481.73
2398 167.576 568.273
2399 1287.16 1387.73
2400 935.848 895.309
2401 206.683 343.197
2402 286.878 934.205
2403 597.676 302.333
2404 495.982 300.115
2405 649.752 826.912
2406 1353.64 1065.1
2407 106.33 1417.33
2408 553.805 106.092
2409 1414.87 296.132
2410 567.337 242.57
2411 801.593 13.5346
2412 1046.79 1065.92
2413 1167.01 1097.93
2414 567.191 1219.61
2415 35.0361 47.4722
2416 1162.8 1146.96
2417 524.843 610.416
2418 1001.34 109.137
2419 338.546 643.234
2420 62.5551 1442.81
2421 73.0322 1111.33
2422 622.094 1181.18
2423 600.1 405.676
2424 1317.7 549.532
2425 709.503 573.252
2426 975.986 1153.57
2427 984.999 1045.5
2428 780.363 697.224
2429 425.458 948.464
2430 681.574 1122.91
2431 1007.58 1379.08
2432 628.042 526.447
2433 546.464 1114.91
2434 1433.76 224.566
2435 1387.49 371.315
2436 1253.06 275.943
2437 221.759 816.772
2438 427.947 364.97
2439 622.758 1137.45
2440 372.632 485.254
2441 390.945 152.264
2442 1306.39 638.74
2443 271.054 954.168
2444 1379.88 1081.35
2445 1001.42 1442.86
2446 1255.41 859.15
2447 1420.18 5.29615
2448 1059 744.856
2449 519.382 167.802
2450 35.3044 1154.19
2451 46.3332 8.99586
2452 223.966 440.338
2453 769.3 220.13
2454 350.519 321.387
2455 750.515 1403.56
2456 497.14 1007.49
2457 797.777 835.525
2458 575.381 1317.15
2459 799.553 926.6
2460 1012.04 830.319
2461 914.062 579.441
2462 1136.89 653.509
2463 576.964 1159.35
2464 680.756 887.659
2465 90.3967 1318.15
2466 259.484 1361.34
2467 480.32 529.295
2468 846.974 1035.24
2469 1282.66 120.351
2470 805.276 897.63
2471 1152.43 1087.25
2472 787.222 599.778
2473 996.044 1243.87
2474 141.593 1116.44
2475 819.324 404.182
2476 1271.19 215.422
2477 1129.94 620.012
2478 1435.21 298.757
2479 1412.31 1155.1
2480 304.959 557.726
2481 285.158 998.076
2482 470.478 774.584
2483 93.1127 327.909
2484 1353.02 342.835
2485 971.414 958.003
2486 1170.69 8.67899
2487 1099.92 233.846
2488 266.664 1138.45
2489 1427.29 757.214
2490 135.301 877.849
2491 7.46893 195.448
2492 106.78 985.434
2493 53.55 1298.9
2494 690.084 837.467
2495 928.954 379.105
2496 705.455 193.875
2497 649.48 78.9444
2498 658.251 1424.83
2499 1364.5 1461.2
2500 850.01 1306.1
2501 688.726 1064.3
2502 1481.04 614.354
2503 182.559 620.543
2504 37.4772 1193.07
2505 606.658 104.689
2506 968.716 832.084
2507 958.51 408.528
2508 100.808 14.5636
2509 1103.23 976.031
2510 173.185 359.052
2511 1211.24 685.965
2512 1213.41 333.962
2513 253.763 625.07
2514 1065.21 1180.59
2515 693.117 751.046
2516 809.497 728.186
2517 1001.3 209.48
2518 145.395 348.052
2519 329.362 208.813
2520 171.65 1474.32
2521 666.682 963.715
2522 290.111 1324.08
2523 153.071 1235.44
2524 324.811 721.758
2525 160.812 1252.79
2526 33.4485 660.073
2527 170.4 561.516
2528 936.766 1254.1
2529 1033.22 48.3444
2530 1035.79 46.4311
2531 484.394 8.95059
2532 1273.22 448.317
2533 41.3249 1032.56
2534 399.701 1387.22
2535 737.976 465.835
2536 542.127 44.6657
2537 7.1068 1421.53
2538 681.257 176.765
2539 624.157 280.096
2540 935.563 1129.47
2541 1317.76 1029.25
2542 852.451 278.828
2543 415.874 507.061
2544 333.239 1320.13
2545 1164.92 161.193
2546 1017.77 1266.04
2547 910.853 1353.18
2548 149.469 858.384
2549 1253.51 248.059
2550 679.582 803.744
2551 1082.14 220.673
2552 116.882 1196.56
2553 447.457 930.889
2554 1234.58 930.539
2555 211.937 591.223
2556 1023.06 966.571
2557 1213.1 383.043
2558 426.408 713.973
2559 1120.82 307.992
2560 912.293 610.585
2561 754.231 1098.51
2562 1265.87 336.917
2563 371.534 1234.59
2564 1020.94 917.037
2565 491.617 458.864
2566 856.755 1126.03
2567 852.183 31.6864
2568 890.001 1054.79
2569 123.685 243.385
2570 285.992 74.1461
2571 592.231 138.276
2572 1162.09 140.914
2573 129.849 798.983
2574 896.679 535.805
2575 1395.2 1290.27
2576 1424.3 920.839
2577 1204.31 57.1139
2578 1309.46 83.1994
2579 1469.02 382.817
2580 733.96 1113.13
2581 906.858 977.966
2582 292.701 1167.46
2583 1244.64 1442.99
2584 367.064 1395.88
2585 590.544 372.348
2586 659.124 158.556
2587 928.049 360.817
2588 701.582 446.054
2589 588.235 1196.6
2590 505.823 1378.49
2591 310.042 896.634
2592 760.297 1333.82
2593 897.811 671.208
2594 339.243 1268.09
2595 1030.71 105.594
2596 51.9463 916.72
2597 1435.17 1367.13
2598 166.779 998.845
2599 481.316 632.448
2600 798.587 611.004
2601 422.923 741.19
2602 839.164 629.654
2603 378.788 1471.56
2604 38.1934 1455.07
2605 1112.55 671.603
2606 1002.65 1084.22
2607 280.475 1176.02
2608 172.017 177.44
2609 784.962 155.794
2610 479.551 56.6281
2611 1145.24 565.964
2612 1432.18 1296.47
2613 301.202 858.199
2614 1476.09 1022.97
2615 453.264 1445.62
2616 344.231 868.014
2617 1478.18 179.526
2618 707.783 803.838
2619 1013.54 252.302
2620 1439.6 1479.92
2621 52.5881 830.85
2622 129.099 608.185
2623 9.37012 312.642
2624 749.528 894.28
2625 43.0369 707.771
2626 1026.63 1056.28
2627 1448.68 738.564
2628 998.291 1094.84
2629 343.526 461.477
2630 693.343 1459.79
2631 264.146 846.558
2632 1413.44 103.421
2633 185.045 1339.25
2634 2.39911 949.403
2635 693.208 312.156
2636 1342.56 310.843
2637 487.613 253.117
2638 1067.1 1158.36
2639 353.707 345.053
2640 585.351 1458.47
2641 610.483 471.029
2642 753.231 1449.64
2643 1368.63 287.35
2644 1129.94 925.728
2645 409.204 404.454
2646 1398.18 32.2175
2647 1381.96 768.202
2648 98.2278 45.0731
2649 194.663 660.785
2650 1406.65 1467.22
2651 889.314 1232.36
2652 774.782 510.558
2653 853.314 1097.47
2654 950.037 0.316864
2655 1481.06 22.0899
2656 267.524 1367.75
2657 797.296 598.77
2658 1228.79 1148.13
2659 258.561 258.697
2660 276.446 1079.46
2661 1095.25 402.553
2662 1477.61 357.184
2663 546.726 858.611
2664 733.313 127.696
2665 379.965 754.951
2666 638.07 943.563
2667 1402.91 733.618
2668 264.69 833.838
2669 1234.5 433.458
2670 747.524 610.403
2671 862.232 1103.59
2672 1212.82 1296.91
2673 1114.95 202.826
2674 0.950592 423.194
2675 1341.69 140.54
2676 285.619 1288.91
2677 732.722 462.292
2678 1481.4 542.323
2679 528.094 1445.34
2680 184.324 287.848
2681 1406.01 850.45
2682 711.993 1356.95
2683 739.062 1142.88
2684 951.61 517.167
2685 1246 1209.06
2686 1133.11 427.03
2687 1033.87 1310.14
2688 467.03 996.887
2689 1107.58 872.088
2690 489.962 1170.35
2691 691.74 496.876
2692 265.944 706.685
2693 1154.43 1306.64
2694 1238.31 824.377
2695 487.387 936.785
2696 249.278 1015.23
2697 1041.53 957.641
2698 856.019 749.371
2699 1367.77 1240.46
2700 1411.24 952.662
