1 857.109 83.4112
2 972.557 880.188
3 903.382 213.05
4 44.0687 688.044
5 640.699 199.744
6 263.132 599.658
7 358.709 177.984
8 524.334 428.632
9 603.656 898.241
10 669.075 575.823
11 228.37 946.379
12 273.324 47.491
13 62.8237 505.482
14 874.142 688.593
15 914.994 202.983
16 395.14 326.369
17 689.653 455.127
18 945.267 888.577
19 751.366 228.069
20 205.42 526.632
21 548.509 460.958
22 919.638 730.068
23 240.608 86.5546
24 843.529 936.033
25 130.558 674.886
26 403.236 282.022
27 341.838 578.269
28 938.871 700.984
29 197.363 828.338
30 480.697 119.053
31 560.989 859.971
32 601.367 485.432
33 3.96741 116.707
34 543.262 398.389
35 313.731 324.961
36 732.852 203.375
37 381.835 680.074
38 735.543 776.334
39 387.524 923.999
40 783.122 103.051
41 777.215 239.574
42 921.11 437.819
43 516.556 325.606
44 885.649 341.96
45 369.732 81.6412
46 89.925 490.559
47 552.873 816.36
48 383.047 819.365
49 761.528 753.506
50 738.975 399.915
51 419.691 489.669
52 186.743 657.613
53 474.563 569.811
54 220.734 79.8406
55 148.825 874.142
56 62.0746 735.374
57 288.593 620.934
58 525.04 756.589
59 214.24 166.605
60 799.167 504.994
61 186.346 760.338
62 830.769 803.4
63 659.967 133.885
64 380.841 607.562
65 648.542 57.5274
66 799.541 559.008
67 50.1742 931.242
68 170.629 413.438
69 772.641 74.8355
70 367.077 632.7
71 767.932 669.668
72 408.056 986.084
73 490.461 982.381
74 651.357 86.9209
75 405.593 590.106
76 347.575 633.961
77 771.01 113.336
78 944.578 683.68
79 613.553 724.021
80 329.621 650.966
81 121.464 361.736
82 34.2112 977.966
83 519.716 848.297
84 148.32 977.477
85 549.602 778.104
86 294.076 436.297
87 980.233 18.4637
88 157.34 842.463
89 112.003 690.268
90 863.277 419.111
91 826.865 577.258
92 642.476 299.726
93 802.789 146.127
94 340.8 211.951
95 337.682 127.541
96 194.521 115.974
97 270.974 52.1561
98 116.703 526.265
99 819.752 908.082
100 750.847 923.738
101 489.883 408.795
102 831.319 586.871
103 36.8969 785.445
104 353.841 359.909
105 115.421 649.403
106 563.915 372.295
107 423.177 42.5327
108 351.817 897.34
109 906.996 995.396
110 534.379 593.925
111 995.889 217.265
112 190.804 257.001
113 819.086 841.094
114 58.1312 761.071
115 749.779 481.948
116 417.249 899.828
117 408.103 788.507
118 738.731 263.588
119 909.34 187.479
120 0.274667 812.59
121 883.328 264.443
122 632.313 87.0388
123 400.891 667.704
124 154.485 833.338
125 757.317 193.152
126 513.468 607.048
127 362.896 834.834
128 148.228 785.49
129 478.005 270.394
130 504.481 490.223
131 735.893 32.6243
132 786.763 975.071
133 157.051 411.725
134 224.921 586.281
135 446.876 518.052
136 265.572 773.278
137 958.718 559.805
138 597.92 128.06
139 811.664 875.611
140 831.202 104.373
141 230.608 852.081
142 694.29 159.52
143 661.824 737.541
144 786.067 156.381
145 592.792 184.428
146 708.213 839.32
147 429.151 620.112
148 910.37 445.997
149 552.995 498.388
150 755.802 461.348
151 92.4655 245.434
152 279.855 439.558
153 441.682 354.35
154 182.196 273.354
155 500.612 800.016
156 831.355 175.18
157 826.319 784.208
158 240.024 752.194
159 590.899 8.30103
160 248.054 480.793
161 252.909 564.749
162 708.701 532.155
163 893.83 467.32
164 985.826 588.061
165 578.215 212.505
166 658.5 861.389
167 658.553 958.652
168 556.065 213.233
169 131.352 597.251
170 526.933 894.013
171 855.037 361.583
172 310.49 240.887
173 724.052 654.063
174 508.945 932.375
175 636.952 347.423
176 102.872 841.094
177 310.116 920.652
178 279.306 856.471
179 265.877 495.946
180 44.581 637.719
181 100.098 66.093
182 850.581 139.809
183 369.741 251.751
184 264.504 833.617
185 976.312 396.558
186 961.119 779.901
187 312.652 349.162
188 809.721 358.216
189 291.635 273.934
190 113.782 82.1253
191 612.989 310.469
192 575.518 616.474
193 619.984 670.248
194 842.084 183.538
195 727.104 303.598
196 65.7461 133.462
197 212.745 429.853
198 485.3 301.065
199 834.468 60.9496
200 50.8744 900.662
201 131.23 938.204
202 319.285 207.593
203 962.212 264.077
204 981.515 765.954
205 246.677 245.251
206 936.691 474.288
207 686.989 24.6895
208 961.8 237.774
209 783.868 835.052
210 272.883 461.613
211 152.47 204.081
212 211.26 768.395
213 179.077 99.2462
214 281.466 965.701
215 444.93 959.476
216 513.413 96.4121
217 484.909 449.009
218 349.223 174.112
219 200.732 509.694
220 157.913 345.718
221 16.8157 510.758
222 320.597 739.895
223 201.742 215.064
224 508.433 129.521
225 269.618 208.014
226 802.85 300.363
227 466.677 696.89
228 803.204 963.87
229 639.495 160.837
230 472.549 383.648
231 38.1481 265.79
232 850.49 703.146
233 725.197 12.4252
234 66.1336 25.9449
235 868.892 154.118
236 102.919 367.504
237 240.425 496.384
238 470.177 451.525
239 881.161 879.543
240 573.375 923.032
241 949.583 177.897
242 502.725 737.911
243 141.82 259.682
244 103.061 452.315
245 149.602 308.39
246 662.078 715.964
247 64.6252 842.921
248 715.56 328.019
249 906.906 244.179
250 284.777 149.48
251 581.015 173.716
252 521.104 870.728
253 422.583 321.425
254 564.528 667.963
255 691.169 638.146
256 940.209 530.599
257 695.791 50.3902
258 733.193 182.531
259 563.962 65.6453
260 73.4062 919.492
261 719.993 620.685
262 428.336 52.1256
263 343.15 650.689
264 918.302 36.1686
265 594.562 866.482
266 924.284 618.844
267 64.2415 52.6791
268 240.907 91.9523
269 43.3058 211.158
270 654.929 429.278
271 622.922 361.675
272 313.695 301.553
273 796.014 980.529
274 606.107 513.051
275 524.424 514.455
276 294.627 21.5197
277 356.822 860.734
278 630.634 269.539
279 108.798 829.371
280 629.916 555.64
281 991.825 256.376
282 423.902 204.983
283 482.62 18.8604
284 837.407 731.254
285 538.936 466.022
286 319.742 150.548
287 380.926 232.002
288 885.115 437.67
289 91.4195 387.097
290 476.547 335.551
291 645.626 839.113
292 366.802 510.823
293 673.752 678.919
294 179.795 857.509
295 459.334 355.789
296 778.1 720.668
297 746.232 251.778
298 96.3775 961.76
299 41.6883 890.591
300 208.533 513.387
301 511.805 380.143
302 111.972 272.317
303 910.398 788.507
304 687.2 258.095
305 682.777 613.731
306 805.597 543.016
307 82.5831 565.02
308 660.826 756.589
309 590.584 990.285
310 331.706 333.811
311 170.049 657.403
312 351.573 515
313 356.437 766.812
314 436.628 54.9028
315 482.019 170.236
316 42.4207 453.291
317 581.469 776.482
318 505.808 176.702
319 208.632 377.758
320 778.802 91.4986
321 897.589 482.864
322 586.932 569.282
323 512.711 730.003
324 892.209 957.762
325 878.332 766.991
326 456.782 557.075
327 435.347 215.465
328 690.98 816.584
329 750.513 821.135
330 446.176 786.466
331 137.883 933.932
332 833.243 602.13
333 651.847 52.1908
334 72.7043 660.604
335 1.19022 388.714
336 98.7884 284.951
337 535.701 698.019
338 166.234 703.909
339 250.74 259.686
340 650.886 337.142
341 284.129 887.574
342 27.5277 438.52
343 232.043 718.894
344 364.919 257.057
345 971.521 739.647
346 744.764 900.998
347 239.284 141.854
348 714.377 687.49
349 324.992 717.002
350 290.689 380.871
351 281.442 140.603
352 521.256 835.967
353 505.343 252.789
354 214.355 449.904
355 396.079 468.128
356 737.785 387.616
357 536.271 703.116
358 115.665 130.955
359 444.435 104.957
360 659.254 732.967
361 786.642 340.027
362 303.201 63.3158
363 956.292 836.822
364 763.574 851.192
365 831.641 377.178
366 261.208 655.446
367 881.051 891.328
368 453.505 72.512
369 791.171 730.827
370 139.364 898.556
371 155.828 403.703
372 405.988 727.042
373 708.109 415.056
374 787.835 646.26
375 212.104 369.705
376 789.514 517.568
377 91.4029 542.314
378 318.691 249.916
379 706.658 944.914
380 987.413 39.8877
381 255.47 652.887
382 927.354 864.528
383 928.77 471.82
384 395.001 717.795
385 349.864 935.942
386 563.005 268.736
387 256.405 795.923
388 473.251 560.843
389 246.583 389.878
390 579.655 514.145
391 186.478 164.22
392 556.932 758.019
393 215.51 143.04
394 7.50755 292.032
395 446.425 335.28
396 820.647 567.553
397 656.294 604.606
398 533.244 28.4169
399 919.822 539.567
400 636.311 693.202
401 39.1552 106.758
402 131.84 713.557
403 653.981 64.5466
404 919.677 578.967
405 485.163 750.542
406 495.859 764.489
407 778.393 122.532
408 905.881 849.609
409 722.657 140.202
410 481.643 46.0829
411 345.814 110.237
412 693.655 501.698
413 154.698 30.1218
414 129.552 719.626
415 339.732 388.226
416 233.039 394.299
417 712.882 375.229
418 219.611 637.719
419 763.293 938.383
420 333.927 66.9881
421 487.26 591.697
422 222.51 113.041
423 782.22 678.05
424 35.2184 326.487
425 132.42 181.009
426 423.231 396.832
427 844.996 287.305
428 406.038 535.451
429 20.8441 196.203
430 529.819 788.619
431 101.566 210.826
432 690.501 794.615
433 731.278 202.281
434 568.987 440.447
435 983.53 811.731
436 254.389 299.391
437 971.952 915.104
438 19.5624 318.725
439 156.066 805.373
440 354.055 591.357
441 914.886 914.247
442 936.308 731.807
443 211.312 814.421
444 849.964 830.321
445 181.707 698.97
446 22.4921 688.803
447 945.067 628.441
448 384.792 40.7117
449 717.46 798.094
450 766.88 435.56
451 667.251 114.326
452 323.057 471.118
453 852.979 847.438
454 986.139 292.463
455 478.639 870.85
456 826.164 432.102
457 399.138 872.86
458 3.84533 582.11
459 688.559 982.33
460 822.194 699.362
461 365.592 796.808
462 911.134 20.7831
463 844.587 488.662
464 982.911 454.333
465 918.693 655.145
466 526.383 242.012
467 643.941 568.625
468 640.623 917.997
469 877.538 815.459
470 248.643 932.096
471 833.766 758.232
472 224.619 418.867
473 438.531 810.515
474 604.847 691.004
475 913.423 331.431
476 404.784 912.676
477 308.481 5.92059
478 109.348 488.205
479 11.5665 708.67
480 135.153 603.626
481 242.594 342.326
482 601.886 379.04
483 628.956 256.512
484 174.88 568.656
485 46.0524 376.782
486 991.626 981.017
487 5.49333 622.734
488 480.112 235.363
489 443.001 262.947
490 471.389 269.666
491 922.796 60.3087
492 784.356 443.312
493 396.879 494.186
494 368.92 300.306
495 591.918 114.998
496 538.934 675.039
497 844.722 954.898
498 683.767 938.235
499 756.25 707.45
500 792.413 529.409
501 951.524 765.364
502 275.643 317.946
503 426.252 639.668
504 371.227 128.29
505 116.102 950.804
506 335.063 707.999
507 479.659 287.977
508 883.413 298.231
509 710.379 787.687
510 276.345 991.882
511 641.591 243.086
512 912.154 700.552
513 904.508 633.473
514 152.226 820.673
515 890.288 44.4349
516 381.359 604.633
517 633.351 173.193
518 995.645 922.208
519 347.754 690.329
520 237.251 61.1896
521 255.337 916.257
522 913.695 720.851
523 961.017 669.733
524 181.829 8.85037
525 669.914 524.617
526 517.595 954.863
527 267.647 167.302
528 124.821 612.506
529 169.272 730.918
530 379.07 962.222
531 324.833 784.997
532 427.717 286.019
533 107.395 233.227
534 680.45 977.085
535 347.782 484.024
536 400.8 457.69
537 131.687 347.179
538 761.034 285.348
539 206.671 255.108
540 913.541 68.8498
541 547.366 976.714
542 869.191 116.947
543 197.18 892.61
544 462.9 10.4068
545 257.149 189.55
546 628.659 657.786
547 291.147 525.502
548 456.217 10.1058
549 500.809 876.308
550 677.537 807.52
551 431.488 304.548
552 294.137 622.364
553 34.3638 35.7067
554 183.782 787.774
555 681.814 722.282
556 165.069 942.686
557 657.584 18.651
558 748.558 366.47
559 599.994 92.4406
560 243.873 723.309
561 888.054 4.15052
562 781.986 659.841
563 696.585 984.008
564 514.206 333.537
565 531.968 631.153
566 634.711 224.555
567 248.187 533.738
568 135.878 186.193
569 440.156 329.234
570 270.547 677.602
571 839.931 645.09
572 124.983 256.878
573 307.81 111.332
574 708.482 827.906
575 296.252 907.163
576 683.159 395.428
577 565.709 562.395
578 630.117 359.726
579 66.2557 358.658
580 39.2255 531.423
581 300.15 880.978
582 562.941 910.062
583 618.305 903.989
584 215.18 25.0293
585 299.274 76.6666
586 84.1467 723.472
587 620.26 774.289
588 806.513 688.701
589 58.504 274.091
590 796.899 398.21
591 885.611 804.655
592 897.042 754.912
593 102.862 410.128
594 519.181 470.351
595 882.894 959.044
596 651.784 10.5493
597 512.725 311.563
598 416.87 273.629
599 474.382 845.18
600 266.513 350.414
601 940.989 91.8038
602 515.482 873.566
603 14.4963 551.384
604 344.579 458.789
605 500.445 159.219
606 105.167 637.501
607 810.389 32.96
608 999.17 422.681
609 438.734 193.217
610 996.996 608.269
611 332.255 408.128
612 534.96 950.306
613 601.276 939.268
614 512.278 88.6909
615 314.188 745.262
616 616.441 599.597
617 335.032 917.478
618 337.994 510.029
619 656.058 471.271
620 999.4 548.88
621 362.835 447.405
622 887.055 322.876
623 169.105 67.5111
624 701.598 697.165
625 188.879 41.3526
626 34.3028 698.325
627 427.467 934.572
628 300.708 977.294
629 122.19 427.965
630 989.115 708.06
631 446.242 707.968
632 863.583 104.194
633 713.799 870.85
634 945.176 563.494
635 586.84 288.313
636 202.057 233.196
637 264.302 335.555
638 595.959 88.2595
639 883.532 928.068
640 737.566 512.589
641 879.728 264.142
642 152.37 154.088
643 700.949 757.687
644 14.4353 422.254
645 368.786 129.673
646 372.173 60.5792
647 426.62 613.849
648 342.204 544.332
649 847.346 892.88
650 521.322 693.72
651 306.833 579.76
652 831.807 540.884
653 333.267 665.975
654 290.445 964.236
655 386.303 375.703
656 114.109 889.218
657 719.84 455.188
658 765.566 171.06
659 797.571 63.4175
660 922.447 406.663
661 184.912 892.636
662 733.888 953.612
663 28.7484 570.94
664 600.43 753.75
665 665.939 927.152
666 42.024 176.336
667 777.615 807.432
668 66.1336 882.199
669 787.591 891.781
670 859.676 833.308
671 606.8 118.9
672 75.1689 862.911
673 911.313 227.672
674 559.038 573.748
675 464.948 810.663
676 217.172 123.02
677 989.946 99.2157
678 967.973 351.848
679 141.364 473.098
680 563.829 470.539
681 674.001 920.56
682 751.539 555.518
683 693.443 843.196
684 156.59 553.138
685 979.661 163.187
686 760.887 256.057
687 998.278 492.721
688 950.102 890.825
689 855.861 605.919
690 721.383 541.433
691 505.997 903.352
692 458.619 888.551
693 830.104 958.281
694 639.756 83.6859
695 343.669 99.816
696 346.599 223.395
697 550.676 899.258
698 304.086 973.758
699 845.149 623.402
700 305.203 421.404
701 960.397 967.101
702 212.647 586.312
703 43.9327 159.215
704 547.71 530.595
705 610.395 850.154
706 334.7 852.504
707 12.6957 237.271
708 822.651 171.671
709 594.989 943.388
710 585.498 535.696
711 241.815 219.611
712 350.322 414.289
713 213.05 378.006
714 490.067 215.4
715 929.662 796.93
716 846.675 61.7084
717 74.0379 769.127
718 442.322 581.011
719 518.527 146.89
720 751.108 730.098
721 610.309 237.678
722 329.763 342.3
723 293.941 741.94
724 52.6749 464.339
725 683.859 21.123
726 680.532 545.366
727 720.124 652.638
728 941.679 376.236
729 110.952 523.545
730 398.881 376.11
731 659.627 150.884
732 297.351 3.7843
733 675.588 596.932
734 998.916 123.681
735 33.4483 343.093
736 811.618 754.021
737 838.771 467.635
738 666.036 875.668
739 466.079 939.299
740 592.435 289.285
741 964.439 388.383
742 220.666 486.622
743 938.932 305.612
744 841.823 575.579
745 325.215 24.8726
746 104.709 437.086
747 369.243 479.415
748 548.296 431.17
749 347.744 939.97
750 235.567 966.704
751 321.055 308.329
752 948.875 573.84
753 570.208 594.23
754 661.178 162.023
755 693.421 365.433
756 205.711 370.072
757 793.363 297.22
758 68.4862 861.328
759 111.606 662.404
760 716.64 472.823
761 992.273 657.281
762 808.33 420.58
763 791.894 698.664
764 621.252 969.176
765 721.793 211.982
766 220.507 318.461
767 244.85 849.7
768 44.2453 9.76592
769 543.84 797.998
770 206.824 168.462
771 467.07 465.316
772 289.102 902.314
773 68.0563 994.267
774 242.639 262.368
775 415.754 775.205
776 786.38 21.424
777 472.985 657.617
778 565.289 189.341
779 523.028 97.8423
780 273.232 249.737
781 786.126 287.149
782 360.027 671.926
783 71.9016 141.362
784 85.1161 306.807
785 828.944 409.654
786 886.471 924.131
787 479.69 365.219
788 850.307 150.277
789 357.83 828.154
790 54.8418 818.995
791 546.656 844.94
792 918.394 513.565
793 78.2735 753.048
794 258.339 823.882
795 907.042 975.341
796 607.328 202.739
797 874.02 386.368
798 917.464 237.743
799 216.821 466.72
800 654.378 217.078
801 992.158 242.993
802 873.22 873.592
803 998.268 320.841
804 437.819 29.4809
805 59.2844 647.145
806 526.469 634.938
807 857.931 22.5573
808 831.938 55.0554
809 793.329 792.051
810 541.398 165.323
811 755.807 887.448
812 651.021 802.702
813 704.231 55.3911
814 668.213 638.63
815 235.384 300.455
816 216.409 644.83
817 463.485 739.006
818 823.164 765.984
819 96.7298 627.613
820 798.022 281.629
821 948.082 421.862
822 384.747 346.755
823 253.182 290.693
824 936.287 93.7529
825 462.96 559.221
826 732.17 641.595
827 568.806 614.368
828 92.288 779.29
829 565.172 214.759
830 529.703 504.933
831 542.772 49.6841
832 951.231 79.8059
833 904.273 35.5846
834 264.443 536.302
835 426.605 962.584
836 893.948 932.707
837 417.618 27.9896
838 259.425 32.0444
839 690.987 190.374
840 549.25 786.832
841 286.63 938.998
842 327.128 551.103
843 145.207 81.1792
844 723.313 760.308
845 102.725 32.075
846 544.505 553.301
847 511.958 823.054
848 831.471 44.8622
849 67.4498 965.626
850 671.163 387.158
851 154.241 214.488
852 943.557 424.329
853 787.011 210.822
854 916.93 296.614
855 655.892 658.467
856 38.1185 247.78
857 273.446 224.163
858 500.33 463
859 791.345 326.243
860 609.973 968.662
861 956.664 843.013
862 853.114 670.186
863 221.771 668.844
864 374.065 261.106
865 144.536 300.027
866 739.28 976.287
867 89.9075 756.405
868 34.6385 973.667
869 564.928 713.767
870 613.385 908.139
871 685.446 288.221
872 993.911 187.475
873 399.596 651.296
874 618.415 388.958
875 46.3132 669.027
876 606.037 297.041
877 410.43 775.724
878 458.602 417.768
879 208.032 599.17
880 640.553 505.299
881 888.495 515.431
882 164.464 988.8
883 313.739 93.6003
884 313.755 572.074
885 379.223 433.031
886 902.328 636.616
887 119.969 600.792
888 52.9745 834.594
889 65.3345 591.144
890 84.76 880.646
891 488.718 71.8752
892 392.071 51.0921
893 453.881 235.817
894 375.439 182.073
895 919.645 530.717
896 513.779 9.83111
897 387.335 863.796
898 489.176 544.21
899 902.06 531.266
900 984.193 129.154
901 375.662 349.899
902 374.029 569.693
903 251.893 901.578
904 103.459 768.521
905 454.756 725.643
906 759.423 611.591
907 488.664 984.344
908 522.294 156.627
909 163.619 12.3295
910 179.479 566.881
911 957.61 940.55
912 819.325 924.924
913 986.177 205.79
914 301.937 968.383
915 72.216 939.817
916 155.858 190.897
917 244.256 820.037
918 652.877 875.515
919 783.129 820.922
920 235.048 733.36
921 548.977 991.18
922 572.375 839.137
923 942.415 16.0121
924 240.791 124.638
925 986.124 53.2853
926 726.798 237.652
927 526.383 711.722
928 358.265 75.1102
929 26.5816 168.157
930 634.81 185.125
931 14.893 560.961
932 79.5404 290.693
933 44.2518 786.218
934 128.086 435.808
935 853.562 920.215
936 493.624 491.409
937 60.7188 910.001
938 125.523 71.8406
939 792.047 152.013
940 778.924 323.317
941 927.793 861.772
942 482.925 239.835
943 234.169 514.634
944 50.7523 4.54726
945 111.484 627.033
946 634.419 541.459
947 459.182 599.78
948 122.762 920.046
949 501.385 831.385
950 196.51 69.1286
951 229.774 205.699
952 47.2139 418.413
953 112.416 128.849
954 581.051 964.938
955 542.377 516.526
956 266.222 702.693
957 408.948 93.4518
958 875.851 550.066
959 704.306 744.473
960 34.3404 255.989
961 942.9 806.334
962 429.664 150.67
963 142.796 915.132
964 685.074 538.168
965 547.35 305.633
966 242.395 103
967 780.48 115.146
968 57.864 93.3908
969 496.362 875.942
970 692.594 785.14
971 131.323 119.083
972 440.229 621.723
973 861.721 505.421
974 917.434 770.104
975 565.349 795.408
976 98.472 194.468
977 509.476 19.8412
978 528.581 967.04
979 237.489 879.487
980 801.996 466.872
981 351.811 372.356
982 334.269 145.822
983 710.837 612.999
984 454.941 131.993
985 557.024 39.5215
986 216.254 448.748
987 25.8187 481.037
988 239.442 491.836
989 927.946 340.865
990 126.347 760.308
991 300.412 188.12
992 690.292 367.473
993 41.9935 359.325
994 661.672 425.326
995 298.227 866.451
996 255.226 551.408
997 566.973 60.7318
998 576.678 406.755
999 584.18 98.3306
1000 865.308 784.967
1001 618.505 817.042
1002 895.932 342.998
1003 960.495 709.163
1004 727.64 919.161
1005 42.8341 371.532
1006 59.5212 24.0791
1007 774.501 9.92267
1008 818.232 553.789
1009 407.453 123.301
1010 538.089 390.824
1011 760.094 139.199
1012 575.657 271.187
1013 92.3185 579.363
1014 946.928 560.076
1015 864.895 861.786
1016 269.007 531.85
1017 849.621 32.0791
1018 17.6092 602.68
1019 842.433 589.038
1020 1.43437 466.536
1021 431.496 141.82
1022 36.9588 760.037
1023 465.621 6.68355
1024 317.423 316.721
1025 859.647 497.055
1026 782.006 865.922
1027 505.142 809.259
1028 761.668 180.43
1029 393.902 394.181
1030 254.823 405.042
1031 116.224 680.532
1032 74.1229 679.102
1033 740.532 679.037
1034 352.811 445.239
1035 845.82 731.62
1036 44.1538 266.976
1037 760.294 835.113
1038 292.978 409.257
1039 717.856 246.899
1040 273.568 813.597
1041 204.844 152.684
1042 534.289 54.5671
1043 614.027 999.516
1044 705.253 337.382
1045 426.984 900.235
1046 233.438 317.641
1047 134.963 929.598
1048 675.315 650.288
1049 619.556 66.7135
1050 845.181 656.941
1051 829.005 359.085
1052 484.232 961.974
1053 572.659 486.652
1054 780.908 999.821
1055 805.292 728.786
1056 651.173 124.276
1057 174.2 937.773
1058 905.454 113.132
1059 999.605 828.032
1060 479.202 278.73
1061 175.239 58.325
1062 456.191 519.059
1063 307.841 711.696
1064 930.153 915.616
1065 737.688 269.086
1066 359.783 89.7286
1067 795.131 147.622
1068 336.884 907.407
1069 124.912 952.147
1070 392.529 840.266
1071 936.943 696.681
1072 731.997 483.596
1073 956.389 756.161
1074 829.93 486.744
1075 763.872 864.834
1076 606.25 504.654
1077 898.221 455.153
1078 368.084 753.319
1079 962.243 187.388
1080 154.501 242.138
1081 217.322 52.2782
1082 259.133 896.359
1083 104.558 90.2738
1084 272.372 595.603
1085 59.7191 141.728
1086 181.457 49.8409
1087 20.7831 344.646
1088 841.183 955.508
1089 967.071 789.941
1090 54.3932 82.7093
1091 181.494 52.2782
1092 916.892 111.366
1093 695.42 764.733
1094 126.56 532.792
1095 466.331 417.07
1096 782.207 480.64
1097 79.2871 719.844
1098 401.837 545.431
1099 886.794 574.79
1100 341.305 369.034
1101 239.266 638.295
1102 946.928 16.9724
1103 491.226 629.296
1104 914.243 787.992
1105 490.341 550.894
1106 8.97244 987.945
1107 671.346 426.649
1108 348.47 273.328
1109 63.5395 555.834
1110 547.777 388.505
1111 667.135 902.158
1112 980.585 342.998
1113 613.636 629.872
1114 699.606 363.632
1115 991.021 271.493
1116 779.65 513.84
1117 956.291 206.366
1118 923.673 512.257
1119 802.784 209.605
1120 589.413 734.184
1121 925.941 273.633
1122 867.162 241.1
1123 952.116 419.725
1124 787.194 453.749
1125 867.275 818.415
1126 0.335704 449.69
1127 385.077 468.368
1128 238.146 0.457778
1129 451.216 961.764
1130 592.578 452.075
1131 111.142 855.007
1132 219.398 21.7292
1133 948.271 861.995
1134 909.995 370.342
1135 115.927 71.3828
1136 994.815 483.993
1137 282.052 207.77
1138 282.052 756.344
1139 625.66 586.627
1140 801.782 375.107
1141 119.541 807.154
1142 984.216 620.079
1143 485.183 655.145
1144 169.853 509.934
1145 387.005 819.151
1146 885.404 232.342
1147 115.543 390.942
1148 382.458 401.959
1149 189.062 957.396
1150 944.304 483.784
1151 411.695 441.851
1152 137.211 274.117
1153 164.006 488.937
1154 174.657 361.16
1155 800.928 978.55
1156 170.608 463.977
1157 907.346 246.166
1158 673.116 572.039
1159 128.949 324.107
1160 751.856 121.865
1161 590.899 741.329
1162 593.28 152.475
1163 676.962 49.8104
1164 363.445 730.221
1165 402.685 732.292
1166 948.761 274.483
1167 512.851 252.968
1168 745.17 784.696
1169 756.005 327.62
1170 539.14 688.559
1171 42.9941 47.9751
1172 271.981 612.541
1173 380.535 557.268
1174 608.305 536.18
1175 543.749 719.81
1176 8.9114 734.703
1177 124.95 173.62
1178 753.014 340.129
1179 750.986 84.2963
1180 757.707 310.526
1181 111.005 539.938
1182 103.322 657.129
1183 838.544 626.881
1184 879.818 415.941
1185 365.123 660.787
1186 819.744 264.874
1187 959.655 962.741
1188 259.035 840.301
1189 309.702 421.129
1190 735.683 31.9834
1191 423.322 740.074
1192 953.124 574.755
1193 862.386 418.317
1194 735.589 695.608
1195 790.368 803.146
1196 483.688 894.532
1197 610.866 311.96
1198 45.1369 635.701
1199 8.66726 286.024
1200 496.902 577.654
1201 901.472 73.397
1202 270.669 686.182
1203 505.722 457.873
1204 712.105 651.208
1205 740.213 557.512
1206 704.758 376.537
1207 238.258 792.448
1208 817.478 174.108
1209 874.172 61.2548
1210 381.773 694.357
1211 477.615 192.851
1212 143.721 410.051
1213 325.23 159.154
1214 511.124 769.895
1215 899.808 671.743
1216 707.733 715.572
1217 743.234 343.699
1218 403.586 113.258
1219 2.92978 882.9
1220 438.728 676.962
1221 458.573 798.704
1222 534.022 202.037
1223 666.066 139.23
1224 778.04 873.348
1225 11.2918 496.998
1226 150.06 8.97659
1227 572.734 940.646
1228 248.756 505.234
1229 479.005 101.631
1230 825.211 92.349
1231 230.903 491.139
1232 141.189 11.5707
1233 399.069 456.866
1234 804.348 549.826
1235 903.983 841.823
1236 761.65 721.763
1237 304.904 378.128
1238 521.571 970.92
1239 870.931 379.101
1240 331.858 36.3212
1241 79.3176 676.813
1242 538.768 809.202
1243 457.505 182.963
1244 495.651 590.167
1245 80.5383 815.306
1246 217.24 868.286
1247 183.136 446.425
1248 196.823 290.445
1249 326.67 792.173
1250 254.707 327.163
1251 508.02 476.032
1252 440.443 801.904
1253 964.562 717.677
1254 823.328 707.789
1255 376.18 984.161
1256 909.207 44.7443
1257 281.871 871.12
1258 371.03 187.384
1259 698.538 31.133
1260 582.47 818.445
1261 666.77 308.241
1262 893.46 256.355
1263 19.9591 794.244
1264 826.106 901.059
1265 832.484 975.376
1266 92.8373 976.043
1267 471.482 570.788
1268 657.643 756.706
