1 206.657 647.522
2 8.01642 199.905
3 674.7 830.385
4 147.02 407.429
5 869.524 568.102
6 201.891 777.52
7 357.778 522.581
8 568.191 515.542
9 389.756 1143.1
10 593.503 710.753
11 526.086 1108.09
12 961.753 23.977
13 794.023 835.835
14 333.295 292.872
15 294.224 684.465
16 383.243 710.462
17 1070.3 724.892
18 442.383 798.339
19 924.885 847.846
20 953.195 223.324
21 436.423 312.768
22 764.81 241.74
23 905.133 1150.68
24 13.1079 867.867
25 249.349 276.081
26 166.411 880.867
27 563.647 838.546
28 160.003 1062.25
29 302.678 444.981
30 687.101 969.048
31 322.794 125.085
32 906.251 816.663
33 1011.72 951.987
34 970.745 820.8
35 273.698 172.028
36 552.988 871.19
37 354.636 611.967
38 675.158 546.4
39 776.076 1127.1
40 1133.57 460.547
41 871.442 590.146
42 427.398 36.9381
43 319.049 678.851
44 108.619 1170.31
45 546.561 306.232
46 874.102 745.31
47 196.222 959.859
48 1087.63 811.231
49 165.924 1045.76
50 900.262 874.187
51 288.471 376.033
52 315.132 435.109
53 207.82 301.049
54 102.284 59.0234
55 779.18 715.447
56 1040.76 211.749
57 26.0714 179.811
58 741.716 452.314
59 318.996 75.959
60 692.267 228.235
61 321.379 955.181
62 436.226 146.662
63 502.441 489.346
64 97.0275 179.306
65 949.132 60.6287
66 722.361 605.873
67 634.787 154.298
68 477.518 1074.33
69 744.841 736.338
70 238.037 89.3
71 291.984 979.503
72 243.742 908.005
73 841.467 112.049
74 941.64 1005.25
75 568.5 581.587
76 35.0267 535.511
77 458.452 309.282
78 800.709 656.191
79 648.172 479.143
80 753.218 135.774
81 935.863 269.381
82 1044.45 910.513
83 213.789 379.391
84 806.805 304.01
85 824.608 179.522
86 1063.15 621.922
87 1137.46 508.448
88 119.885 1002.45
89 898.246 796.534
90 508.826 557.322
91 178.383 763.979
92 1003.89 584.043
93 807.817 608.798
94 218.682 967.948
95 951.231 40.2241
96 756.324 1120.87
97 237.67 494.382
98 1104.08 305.38
99 1002.88 934.474
100 423.823 540.514
101 571.033 828.772
102 959.803 1016.05
103 1025.38 1008.7
104 941.676 440.434
105 1120.71 524.823
106 487.088 1101.81
107 197.233 612.662
108 861.584 330.587
109 32.3907 847.477
110 683.057 326.757
111 378.973 755.818
112 1080.41 876.462
113 562.733 49.4182
114 65.5035 364.711
115 540.964 927.413
116 818.851 67.0924
117 1178.39 761.921
118 311.449 583.682
119 861.043 359.761
120 1049.68 1115.58
121 291.335 1163.88
122 157.321 450.253
123 883.571 1144.83
124 577.651 1019.82
125 922.213 568.355
126 1069.54 339.145
127 633.622 274.436
128 481.346 208.355
129 75.5782 158.956
130 294.116 357.922
131 253.673 600.168
132 787.92 144.332
133 305.996 225.31
134 231.518 671.646
135 553.587 70.6287
136 319.682 257.284
137 379.554 994.036
138 888.804 998.714
139 533.723 610.367
140 398.221 418.39
141 1060.11 263.911
142 1015.23 730.091
143 803.447 1067.76
144 364.284 928.027
145 406.671 964.606
146 959.294 190.067
147 838.257 682.246
148 890.833 674.482
149 806.454 445.597
150 598.848 557.466
151 558.772 171.884
152 663.774 588.665
153 582.809 425.157
154 567.18 861.259
155 1098.75 113.277
156 110.099 360.831
157 412.376 1129.12
158 1089.75 982.156
159 1038.42 998.586
160 1116.92 1181.39
161 1121.5 494.654
162 37.5183 156.448
163 50.8068 661.338
164 691.343 1162.44
165 449.1 747.585
166 1010.32 797.778
167 1059.92 1161.44
168 427.319 739.966
169 445.669 879.748
170 1143.96 1039.79
171 455.765 402.754
172 870.979 275.194
173 132.829 264.489
174 622.04 185.372
175 78.6476 120.138
176 129.382 298.413
177 580.55 169.303
178 885.236 146.607
179 1046.36 55.5569
180 1061.32 618.417
181 1070.05 534.789
182 552.23 760.332
183 38.4932 1147.9
184 45.643 696.726
185 510.92 388.491
186 227.132 198.93
187 490.092 935.646
188 1134.07 844.757
189 383.148 568.299
190 737.474 289.241
191 199.833 627.736
192 382.116 366.372
193 921.158 237.262
194 493.876 631.042
195 63.8162 1124.02
196 754.338 776.617
197 90.5277 819.825
198 344.706 1098.68
199 384.498 545.875
200 790.114 681.215
201 822.159 533.778
202 1169.28 187.88
203 273.518 106.761
204 463.643 345.392
205 950.307 776.782
206 965.653 502.851
207 176.975 319.282
208 878.974 402.41
209 784.994 258.981
210 966.881 108.186
211 351.696 449.642
212 321.59 987.664
213 913.148 433.101
214 1085.5 955.434
215 869.314 93.3279
216 925.25 634.342
217 890.358 488.913
218 819.733 28.5991
219 567.216 643.444
220 107.943 446.484
221 957.89 1115.28
222 433.296 775.498
223 510.263 431.009
224 566.602 23.5995
225 283.011 701.4
226 550.951 404.324
227 734.534 436.245
228 779.398 471.161
229 967.191 260.012
230 1152.35 1142.76
231 491.094 653.374
232 676.34 899.066
233 381.43 1054.23
234 638.149 529.047
235 129.091 390.152
236 189 109.485
237 762.555 959.623
238 363.507 641.622
239 843.337 222.907
240 266.961 242.767
241 1056.9 459.592
242 599.158 679.915
243 415.484 59.437
244 1006.25 475.119
245 607.912 947.221
246 948.645 366.3
247 252.805 649.402
248 1060.3 1076.62
249 353.516 805.236
250 836.524 783.354
251 904.736 1053.46
252 541.504 678.651
253 465.277 1026.52
254 72.3283 450.617
255 1107.96 478.566
256 684.609 1040.6
257 476.002 218.971
258 775.751 1169.2
259 68.2479 720.847
260 341.42 1177.42
261 137.218 65.1621
262 151.444 192.847
263 168.499 914.088
264 807.744 578.121
265 928.713 678.037
266 552.911 184.919
267 451.674 1143.71
268 288.764 391.252
269 312.46 491.421
270 659.441 149.24
271 48.4333 1157.18
272 1013.86 688.545
273 149.893 746.682
274 220.126 1053.28
275 985.141 884.028
276 132.488 727.528
277 1035.11 32.8798
278 386.007 1063.76
279 827.027 665.435
280 941.657 732.647
281 834.281 630.841
282 251.505 432.742
283 132.497 940.124
284 384.427 387.155
285 338.712 917.841
286 824.376 166.756
287 972.623 1058.49
288 932.666 400.135
289 175.531 578.407
290 378.794 134.674
291 258.65 25.6742
292 761.632 864.132
293 1025.27 863.39
294 984.415 610.078
295 354.718 1045.95
296 539.88 115.211
297 368.755 471.427
298 702.339 63.826
299 422.595 356.658
300 488.83 995.444
301 814.172 108.314
302 452.845 642.805
303 258.548 783.009
304 286.803 28.3463
305 527.996 964.517
306 898.932 546.869
307 856.276 241.287
308 896.751 913.222
309 136.397 862.595
310 636.954 362.905
311 256.273 1171.88
312 789.328 622.031
313 522.249 529.731
314 1030.56 89.6808
315 770.561 223.179
316 296.391 813.233
317 519.226 322.137
318 459.621 323.004
319 96.4815 101.108
320 637.305 726.858
321 569.458 677.493
322 581.804 1160.29
323 480.175 461.522
324 367.455 98.0386
325 451.664 770.498
326 725.384 1069.29
327 218.249 263.478
328 394.587 158.715
329 368.575 828.508
330 568.648 118.946
331 722.278 623.436
332 899.391 778.929
333 563.28 897.261
334 1026.39 731.299
335 895.426 1049.83
336 1161.25 1120.82
337 215.468 67.9229
338 526.664 1087.72
339 1088.36 855.409
340 289.06 726.3
341 886.139 16.5137
342 1110.13 416.187
343 682.269 555.769
344 141.594 517.765
345 966.195 695.587
346 965.978 132.088
347 916.255 515.129
348 956.698 322.46
349 1163.02 449.95
350 220.931 733.161
351 900.98 487.81
352 1025.66 1058.11
353 480.046 491.493
354 580.55 709.87
355 1082.47 875.723
356 518.322 648.641
357 389.937 1116.38
358 1027.9 389.843
359 823.23 381.321
360 1125.48 813.197
361 1090.39 998.75
362 813.423 1147.13
363 786.042 966.123
364 709.791 180.822
365 119.125 1066.17
366 459.427 813.903
367 939.799 523.667
368 671.944 887.387
369 735.859 784.581
370 440.253 1107.13
371 1003.99 50.7706
372 395.328 627.214
373 380.274 1165.81
374 567.396 47.1432
375 925.381 464.769
376 619.286 1106.9
377 553.92 239.12
378 387.496 487.288
379 14.2996 627.611
380 787.845 988.186
381 728.608 374.316
382 786.46 401.093
383 107.39 926.796
384 653.784 466.505
385 611.162 801.228
386 1128.35 135.268
387 881.574 321.832
388 559.091 387.207
389 109.369 1110
390 174.067 83.9196
391 106.272 146.121
392 256.228 363.9
393 515.976 977.256
394 13.0357 135.54
395 1079.19 563.424
396 463.889 671.738
397 808.394 1084.6
398 1048.44 592.24
399 826.369 983.584
400 851.165 340.806
401 676.34 1053.8
402 735.163 898.342
403 942.94 163.037
404 582.659 954.84
405 842.157 813.758
406 854.507 887.295
407 244.501 950.11
408 251.362 729.422
409 861.043 260.264
410 775.79 110.191
411 132.704 709.942
412 408.75 1102.51
413 239.869 887.292
414 41.5265 307.079
415 703.756 1119.72
416 321.977 759.14
417 732.776 571.135
418 549.009 1001.28
419 599.72 552.214
420 334.667 879.009
421 1134.65 709.87
422 98.229 679.446
423 1142.35 827.858
424 361.93 978.292
425 1031.77 654.855
426 901.218 707.92
427 930.936 1068.17
428 696.619 51.4206
429 433.537 916.038
430 791.505 753.074
431 22.4243 1081.77
432 1128.66 640.844
433 366.587 44.4514
434 624.667 587.471
435 942.073 352.253
436 1014.25 388.202
437 167.036 582.329
438 271.084 156.123
439 32.9323 7.5831
440 257.57 661.571
441 695.803 536.072
442 202.577 1154.47
443 1171.78 786.459
444 196.567 553.169
445 661.282 128.007
446 752.388 840.027
447 163.181 454.878
448 26.1075 741.266
449 752.965 1049.65
450 107.391 248.529
451 231.646 583.718
452 878.592 1117.52
453 195.346 988.186
454 983.222 1106.14
455 32.6073 511.895
456 1118.03 80.22
457 811.199 914.558
458 75.6964 1003.32
459 826.324 931.349
460 625.1 1140.19
461 1026.5 959.623
462 638.75 1167.18
463 234.869 889.136
464 569.382 981.469
465 579.204 326.346
466 562.485 86.4834
467 777.299 353.77
468 630.986 1148.71
469 240.131 497.976
470 446.536 297.385
471 200.808 393.344
472 1008.79 515.217
473 441.693 625.047
474 818.868 904.266
475 1076.63 460.005
476 919.649 438.287
477 725.781 833.31
478 90.8527 552.286
479 1181.25 214.927
480 336.184 438.231
481 210.016 857.443
482 855.813 874.17
483 437.003 1138.28
484 83.2696 617.153
485 143.14 864.746
486 905.837 930.43
487 215.468 423.423
488 280.719 1033.27
489 860.068 1137.79
490 191.563 1139.07
491 191.491 280.538
492 1055.49 435.723
493 725.009 305.019
494 71.6061 324.304
495 157.006 482.63
496 156.681 493.318
497 920.949 960.128
498 27.0825 494.943
499 308.813 6.24703
500 1140.81 28.9241
501 176 516.734
502 484.454 443.467
503 185.446 596.898
504 1088.45 1142.3
505 799.875 31.8465
506 118.866 974.392
507 580.251 15.3303
508 1069.83 653.194
509 850.896 129.33
510 1008.37 762.446
511 573.736 938.21
512 790.735 286.408
513 42.8221 549.413
514 207.7 183.495
515 1007.32 365.578
516 1132.12 110.208
517 868.554 1037.3
518 1003.35 687.265
519 1082.04 679.01
520 904.591 571.477
521 1041.66 1032.2
522 556.238 990.714
523 1133.56 335.676
524 154.741 115.247
525 722.958 519.081
526 912.68 210.18
527 667.864 976.253
528 125.257 722.128
529 1162.72 904.755
530 245.912 234.337
531 578.131 4.51375
532 929.038 330.262
533 524.245 896.992
534 243.851 1071.51
535 684.645 861.079
536 639.273 30.0435
537 1054.95 24.9159
538 855.38 1098.94
539 432.525 689.412
540 154.912 409.074
541 687.787 641.08
542 171.544 793.478
543 535.944 1012.62
544 932.883 848.476
545 760.44 428.156
546 619.25 260.445
547 699.366 503.971
548 678.325 1094.66
549 430.973 430.467
550 1025.45 138.771
551 374.352 853.19
552 965.473 934.526
553 736.559 75.2368
554 244.934 1090.74
555 275.824 468.274
556 885.128 517.709
557 981.217 544.539
558 667.999 1063.55
559 622.031 425.953
560 675.798 700.498
561 6.03037 649.999
562 447.8 1038.62
563 582.887 457.331
564 522.512 1173.34
565 633.418 348.534
566 140.055 264.506
567 500.448 928.532
568 715.313 710.5
569 778.676 183.908
570 722.814 598.342
571 370.035 376.266
572 165.797 283.102
573 651.28 662.546
574 1023.97 905.658
575 735.019 1008.54
576 1062.9 1178.79
577 153.391 1118.92
578 79.2745 584.496
579 961.369 303.307
580 210.351 201.133
581 704.073 12.0082
582 483.45 265.517
583 435.053 1073.55
584 1089.73 1125.51
585 833.639 425.482
586 726.858 736.572
587 643.552 747.258
588 302.9 1140.06
589 1056.14 852.701
590 124.182 699.145
591 896.921 980.531
592 643.865 263.133
593 746.213 765.604
594 794.996 9.78581
595 452.129 579.441
596 142.743 13.3443
597 252.264 189.272
598 381.033 728.447
599 564.363 235.509
600 194.38 866.604
601 526.53 181.87
602 167.423 325.443
603 760.663 1070.83
604 990.33 1033.37
605 409.255 281.93
606 754.008 800.686
607 784.733 500.215
608 482.022 599.534
609 634.777 948.537
610 578.147 251.181
611 571.079 1152.79
612 777.159 793.625
613 98.7969 369.008
614 814.569 264.525
615 1180.87 566.891
616 959.658 1034.73
617 193.116 542.228
618 1039.78 788.206
619 714.328 1144.83
620 602.423 97.7497
621 1157.61 745.635
622 61.712 631.672
623 241.467 1112.04
624 926.618 979.303
625 961.63 738.377
626 281.55 1100.85
627 1061.09 592.151
628 971.503 629.236
629 527.025 207.774
630 1042.62 845.491
631 994.613 401.976
632 891.339 1018
633 845.742 498.446
634 251.289 486.638
635 1172.65 160.312
636 160.266 31.524
637 529.914 1127.32
638 1001.76 228.271
639 935.14 1180.2
640 175.504 652.941
641 1064.05 978.745
642 699.68 409.94
643 897.928 73.1588
644 261.761 572.163
645 670.786 672.837
646 10.7969 1131.51
647 987.572 576.227
648 1086.33 573.571
649 313.543 1079.04
650 486.329 11.0497
651 644.932 909.033
652 748.686 1109.05
653 81.5002 673.652
654 326.001 35.6241
655 243.792 441.011
656 47.4846 343.298
657 507.237 1057.68
658 577.542 142.779
659 1159.8 1103.16
660 572.754 457.333
661 901.224 905.73
662 509.34 712.161
663 1145.13 599.715
664 104.498 479.468
665 82.2224 222.979
666 635.03 195.499
667 1002.66 411.546
668 326.29 662.544
669 900.403 277.505
670 336.401 680.007
671 785.176 959.021
672 72.0394 297.835
673 147.552 584.404
674 27.5519 851.185
675 1149.35 625.642
676 369.297 390.855
677 427.163 70.4145
678 1099.72 563.191
679 903.715 186.905
680 589.387 591.157
681 383.101 533.4
682 851.328 1073.8
683 826.314 1015.52
684 348.493 412.251
685 246.233 195.339
686 274.482 928.532
687 422.027 117.682
688 42.4971 715.647
689 82.4752 927.846
690 756.312 99.2138
691 892.856 159.678
692 757.186 551.347
693 1042.53 945.107
694 982.3 149.965
695 623.232 698.206
696 904.989 1066.28
697 1093.09 986.742
698 834.466 335.12
699 1088.1 261.328
700 966.628 759.61
701 587.784 786.187
702 662.943 470.044
703 79.1804 893.542
704 423.353 160.89
705 725.016 129.293
706 424.256 57.6512
707 275.652 996.222
708 899.976 1029.55
709 822.622 768.296
710 299.677 745.888
711 87.3139 78.7395
712 903.436 698.351
713 188.919 910.352
714 738.228 648.752
715 18.7411 84.714
716 147.133 735.524
717 1098.03 773.171
718 711.475 194.163
719 283.68 98.7969
720 557.713 82.2782
721 381.853 231.826
722 943.639 100.277
723 755.722 1122.95
724 232.241 1173.29
725 723.882 333.801
726 854.435 744.549
727 437.689 978.508
728 581.092 736.03
729 241.687 1008.95
730 729.768 923.063
731 704.527 365.669
732 1042.93 531.178
733 1017.31 746.341
734 899.825 378.938
735 562.351 50.6623
736 555.876 364.458
737 979.576 392.082
738 476.255 349.528
739 234.144 1106.66
740 939.618 1076.47
741 715.628 1088.5
742 1140.8 947.596
743 1171.33 726.661
744 436.407 682.679
745 912.211 831.308
746 251.799 130.501
747 57.9565 430.559
748 823.669 536.434
749 834.827 274.961
750 1147.46 240.562
751 716.097 1171.19
752 859.454 506.209
753 1078.74 880.959
754 354.356 827.424
755 99.1219 1010.57
756 1078.68 1057.23
757 1032.27 93.7054
758 150.686 28.8355
759 1152.16 519.354
760 925.86 1145.73
761 757.486 694.756
762 455.636 372.908
763 115.877 1081.04
764 678.3 860.232
765 319.754 1024.66
766 258.935 691.973
767 1045.35 787.414
768 28.238 1017.18
769 15.2023 796.389
770 627.237 108.836
771 87.2231 189
772 1168.94 204.474
773 37.5139 689.087
774 890.867 50.6984
775 64.7988 452.711
776 195.861 505.829
777 933.046 240.332
778 295.56 146.351
779 315.077 35.4239
780 1139.2 1069.54
781 966.107 136.568
782 805.65 558.75
783 366.661 178.981
784 415.19 302.044
785 188.494 65.2704
786 585.978 32.8798
787 481.418 773.295
788 25.2409 822.766
789 21.2327 463.869
790 943.055 810.525
791 180.839 77.5643
792 945.396 889.678
793 3.21379 442.764
794 395.438 335.209
795 882.925 753.363
796 479.541 869.634
797 243.381 1001.11
798 505.752 976.795
799 1103.36 184.305
800 1001.61 641.566
801 99.8539 1165.59
802 558.008 211.424
803 753.868 324.504
804 756.056 673.29
805 1106.09 431.984
806 1071.64 286.011
807 133.194 621.995
808 1109.35 151.429
809 115.742 42.1404
810 1014.86 477.446
811 639.833 425.251
812 191.202 355.378
813 559.958 1063.01
814 54.2361 245.187
815 1112.92 1.73328
816 1054.45 402.407
817 404.035 803.7
818 823.308 364.458
819 975.608 788.498
820 402.745 248.689
821 269.907 747.26
822 426.511 560.283
823 1115.87 420.051
824 466.218 887.764
825 242.442 1029.19
826 561.717 744.335
827 1167.5 86.014
828 55.7243 1105.27
829 83.4502 761.921
830 991.395 1119.3
831 387.347 1127.28
832 281.766 18.8855
833 1033.68 176.323
834 355.503 209.241
835 865.596 207.052
836 917.937 451.972
837 62.1305 605.273
838 657.165 293.594
839 1175.16 389.157
840 497.56 1157
841 247.137 499.546
842 215.167 429.151
843 914.774 338.603
844 839.014 704.65
845 604.77 742.963
846 1105.83 1018.45
847 444.48 490.518
848 709.224 1021.97
849 687.101 810.597
850 651.46 437.364
851 424.653 550.425
852 801.518 752.768
853 797.868 47.3599
854 1163.16 355.539
855 594.551 851.327
856 967.198 105.208
857 18.9939 1049.75
858 308.906 1074.45
859 650.217 60.9175
860 597.572 94.7165
861 104.534 470.766
862 268.354 303.271
863 266.203 314.807
864 856.276 1161.73
865 128.732 642.252
866 1081.07 11.4108
867 175.977 958.559
868 248.96 484.905
869 900.547 260.786
870 344.863 76.6615
871 193.798 537.445
872 527.588 501.315
873 520.627 851.016
874 237.502 165.548
875 327.469 303.324
876 620.433 604.517
877 891.556 308.596
878 1094.1 243.49
879 618.997 767.554
880 663.628 931.477
881 1105.24 199.833
882 679.577 335.281
883 747.73 821.141
884 986.669 338.387
885 250.743 581.968
886 130.981 797.597
887 973.766 550.516
888 1103.48 240.801
889 255.225 882.42
890 168.85 816.844
891 565.519 806.842
892 1102.52 705.095
893 977.895 300.599
894 907.986 704
895 385.257 1008.15
896 793.576 701.376
897 695.157 194.161
898 5.70538 916.166
899 574.185 1087.99
900 334.523 125.482
901 1111.68 685.006
902 449.136 1084.46
903 874.656 117.919
904 1080.55 1093.5
905 1148.6 315.601
906 1123.95 98.5803
907 459.09 812.547
908 1062.42 881.156
909 132.191 497.435
910 267.538 336.365
911 352.47 67.634
912 1096.12 58.4982
913 609.218 509.748
914 1143.19 895.656
915 1108.83 98.3472
916 561.402 664.407
917 501.315 264
918 287.236 671.357
919 503.445 448.217
920 296.567 812.133
921 51.2078 476.688
922 57.2803 1041.18
923 378.83 266.548
924 850.617 505.829
925 732.816 1045.66
926 724.839 204.563
927 1079.58 1016.48
928 789.514 587.818
929 849.199 644.419
930 533.532 160.962
931 840.243 41.2737
932 726.922 1163.01
933 972.731 214.549
934 319.032 975.487
935 889.895 599.209
936 1082.04 1098.87
937 409.491 1086.87
938 387.857 540.603
939 504.132 917.266
940 883.756 1095.16
941 977.028 181.308
942 613.761 2.74436
943 131.188 1082.07
944 639.833 39.8129
945 934.331 776.637
946 812.943 369.802
947 283.368 513.845
948 1144.54 1158.68
949 930.164 1001.13
950 739.864 1078.57
951 808.178 1179.01
952 179.057 1135.79
953 468.78 109.016
954 528.542 604.14
955 865.61 381.105
956 185.316 801.064
957 658.646 631.656
958 840.099 850.932
959 494.319 827.424
960 92.5499 13.8137
961 399.65 87.0612
962 625.858 692.356
963 78.9003 1026.32
964 292.31 162.134
965 996.796 865.917
966 645.719 517.187
967 284.398 799.459
968 618.492 127.54
969 502.845 915.625
970 300.384 959.298
971 17.3689 614.07
972 270.572 197.939
973 810.164 284.836
974 339.444 511.065
975 546.423 1035.58
976 453.866 274.364
977 623.944 527.298
978 440.093 903.817
979 838.087 355.611
980 461.919 398.305
981 661.15 1072.68
982 737.803 1144.27
983 571.631 130.754
984 704.509 390.277
985 780.195 949.64
986 427.867 569.258
987 337.737 869.801
988 648.498 777.015
989 111.435 332.934
990 761.11 313.454
991 475.748 1155.05
992 379.198 364.586
993 135.485 847.607
994 997.212 719.816
995 24.4465 35.0242
996 955.759 1085.54
997 1179.21 807.006
998 82.6765 1113.65
999 93.0839 585.668
1000 121.799 96.0165
1001 770.262 335.445
1002 586.006 858.065
1003 49.0111 1180.35
1004 52.8289 342.09
1005 806.805 210.882
1006 856.806 231.393
1007 836.642 398.06
1008 552.844 1182.04
1009 241.612 1020.24
1010 522.367 234.337
1011 8.91917 47.8794
1012 746.177 654.874
1013 775.294 214.346
1014 170.295 23.8162
1015 31.1082 534.917
1016 735.669 704.181
1017 445.401 213.771
1018 202.157 256.942
1019 956.915 41.5626
1020 663.557 8.12475
1021 773.377 407.429
1022 758.597 104.538
1023 264.65 614.359
1024 743.396 629.597
1025 1072.36 755.818
1026 198.136 708.045
1027 599.356 838.421
1028 177.228 825.113
1029 768.394 1031.79
1030 555.901 734.858
1031 130.682 1119.41
1032 733.286 922.899
1033 1023.15 923.713
1034 341.956 779.779
1035 38.6738 1137.17
1036 1011.65 973.489
1037 428.971 693.057
1038 91.0694 759.116
1039 780.425 869.312
1040 1135.66 637.377
1041 406.093 499.184
1042 605.477 446.484
1043 214.421 602.479
1044 503.08 2.85269
1045 988.908 1143.82
1046 836.488 685.945
1047 1122.7 124.616
1048 610.367 825.169
1049 1173.39 1027.57
1050 655.955 305.671
1051 303.324 367.094
1052 1071.06 748.544
1053 499.582 797.67
1054 777.267 1034.75
1055 793.336 294.657
1056 987.654 951.823
1057 428.959 187.972
1058 400.171 520.02
1059 462.786 1052.93
1060 672.092 72.0033
1061 451.103 420.934
1062 566.864 870.523
1063 805.18 617.356
1064 906.613 929.182
1065 13.7579 196.133
1066 373.279 199.925
1067 956.334 17.4411
1068 468.728 1016.37
1069 1042.89 838.691
1070 731.623 770.426
1071 914.954 480.824
1072 1062.17 1112.79
1073 365.866 638.641
1074 914.781 559.813
1075 0.61387 668.576
1076 868.084 665.216
1077 919.02 419.907
1078 724.893 283.283
1079 47.8096 1156.91
1080 103.046 393.021
1081 85.7743 807.419
1082 593.937 641.044
1083 794.311 542.697
1084 77.7087 1073.73
1085 915.966 970.311
1086 143.898 974.476
1087 510.487 568.985
1088 1043.31 489.976
1089 411.69 738.722
1090 1144.82 14.0468
1091 1045.74 205.847
1092 629.934 1008.46
1093 374.315 893.742
1094 220.414 154.462
1095 234.053 1044.39
1096 867.904 872.726
1097 745.952 157.748
1098 130.213 978.039
1099 1132.17 375.436
1100 1083.25 937.054
1101 443.575 108.602
1102 812.258 20.1855
1103 504.502 85.6529
1104 811.061 1108.81
1105 1179.26 609.645
1106 553.32 1097.76
1107 913.831 720.342
1108 512.421 235.529
1109 583.045 315.765
1110 1042.2 565.169
1111 552.16 897.225
1112 1133.85 351.37
1113 1032.02 110.877
1114 1036.03 816.302
1115 2.34715 966.034
1116 277.83 458.164
1117 806.529 1084.17
1118 307.309 552.663
1119 1038.65 1134.29
1120 278.047 275.683
1121 541.975 1037.84
1122 766.543 248.364
1123 687.541 756.993
1124 642.601 49.0735
1125 273.28 541.453
1126 265.264 625.445
1127 1136.89 77.5478
1128 774.331 640.755
1129 940.376 460.494
1130 835.429 160.962
1131 372.806 478.205
1132 570.141 410.604
1133 326.001 398.963
1134 83.0519 209.907
1135 292.166 922.897
1136 471.958 331.67
1137 117.928 992.952
1138 888.424 156.031
1139 710.907 356.245
1140 738.675 40.1543
1141 821.079 808.575
1142 397.354 335.534
1143 718.479 425.448
1144 639.624 491.132
1145 207.422 323.365
1146 317.696 936.874
1147 208.256 725.144
1148 441.321 864.059
1149 341.86 605.295
1150 380.612 343.839
1151 690.488 92.7501
1152 281.152 872.365
1153 1093.07 630.589
1154 571.079 122.449
1155 968.073 246.956
1156 780.915 573.121
1157 248.076 1128.28
1158 681.107 489.888
1159 586.571 1132.65
1160 888.017 581.299
1161 85.4964 145.615
1162 867.672 446.122
1163 365.634 112.808
1164 156.32 1091.75
1165 446.315 763.654
1166 1068.93 1176.3
1167 554.902 285.088
1168 401.687 963.001
1169 1070.56 64.1674
1170 401.94 608.489
1171 2.63603 947.365
1172 68.3803 67.9065
1173 709.381 232.243
1174 714.396 264.072
1175 887.272 63.4091
1176 645.827 1010.7
1177 800.496 275.539
1178 713.642 160.545
1179 379.306 1159.85
1180 704.614 90.9808
1181 551.395 808.719
1182 905.53 900.944
1183 1039.53 1040.58
1184 786.331 517.528
1185 925.463 755.332
1186 473.267 1042.96
1187 58.1469 889.264
1188 481.418 1153.51
1189 86.038 68.5006
1190 88.1445 1153.35
1191 4.08043 401.326
1192 37.8072 244.773
1193 1028.16 1074.51
1194 260.876 1039.55
1195 470.766 510.848
1196 27.588 360.181
1197 500.484 358.556
1198 899.825 173.075
1199 395.397 20.4579
1200 1017.33 356.297
1201 479.623 591.373
1202 707.492 958.251
1203 555.92 981.217
1204 1123.38 1172.51
1205 601.881 145.704
1206 968.109 77.5478
1207 281.928 8.59418
1208 79.0809 950.234
1209 106.437 523.667
1210 519.041 747.28
1211 759.215 957.945
1212 161.231 935.535
1213 63.0721 927.557
1214 691.697 18.9939
1215 687.619 1075.46
1216 570.682 438.106
1217 592.926 163.217
1218 155.67 49.3098
1219 106.597 222.471
1220 654.819 247.459
1221 279.094 476.238
1222 200.418 119.055
1223 1145.58 296.049
1224 466.684 478.999
1225 1023.49 14.897
1226 150.199 472.808
1227 908.884 837.483
1228 724.029 138.754
1229 664.953 725.614
1230 1144.41 931.982
1231 588.196 376.23
1232 1150.75 856.296
1233 758.864 249.592
1234 749.13 978.131
1235 40.6916 115.516
1236 844.54 458.38
1237 392.841 190.625
1238 245.413 6.89701
1239 190.107 380.166
1240 498.728 133.499
1241 328.333 934.907
1242 308.849 607.695
1243 96.3053 880.742
1244 964.963 630.933
1245 483.133 571.296
1246 28.6713 992.086
1247 878.285 11.808
1248 166.575 621.581
1249 1169.41 908.491
1250 745.223 559.652
1251 320.765 735.055
1252 384.752 229.66
1253 852.629 1126.04
1254 230.373 745.222
1255 260.859 657.727
1256 1096.55 277.814
1257 13.0718 636.386
1258 84.8585 1117.75
1259 77.9976 1091.5
1260 539.637 698.531
1261 578.011 782.74
1262 492.829 474.252
1263 1115.73 1085.81
1264 18.2355 781.454
1265 830.1 682.118
1266 160.035 1174.8
1267 241.142 222.313
1268 527.526 601.54
1269 962.042 863.698
1270 523.523 648.246
1271 493.949 543.547
1272 499.465 121.438
1273 20.2577 501.784
1274 235.724 1062.25
1275 774.92 401.543
1276 581.985 738.541
1277 1088.08 478.441
1278 1083.68 269.525
1279 1052.57 498.626
1280 202.804 220.199
1281 484.064 961.629
1282 1051.96 134.746
1283 949.151 576.424
1284 214.994 594.065
1285 469.285 1181.29
1286 1021.05 283.788
1287 896.343 979.734
1288 471.596 193.947
1289 1036.79 714.564
1290 57.3525 419.112
1291 120.484 704.778
1292 401.849 1042.7
1293 1001.09 287.527
1294 346.185 1139.9
1295 448.893 761.471
1296 1077.46 147.076
1297 1005.23 800.811
1298 1181.77 831.252
1299 233.766 921.272
1300 1139.46 39.071
1301 734.831 725.089
1302 61.5216 767.479
1303 0.25277 918.241
1304 70.31 989.52
1305 748.555 461.811
1306 469.656 510.776
1307 22.1715 732.166
1308 11.1219 283.136
1309 751.416 420.717
1310 649.221 1027.22
1311 602.64 759.99
1312 718.126 888.847
1313 127.137 508.029
1314 602.387 871.19
1315 469.683 1010.43
1316 918.71 941.171
1317 879.963 0.25277
1318 1068.97 668.432
1319 980.35 136.207
1320 314.669 879.134
1321 801.666 9.55273
1322 847.417 1122.57
1323 673.097 999.219
1324 132.415 544.466
1325 59.2204 904.952
1326 428.048 169.428
1327 132.494 973.473
1328 407.197 837.066
1329 455.242 12.5302
1330 380.022 291.788
1331 577.54 1124.98
1332 533.427 666.157
1333 980.451 540.478
1334 309.917 1053.83
1335 641.143 1062.09
1336 84.9799 971.503
1337 851.943 393.924
1338 1095.22 164.77
1339 101.18 283.064
1340 341.004 89.6972
1341 4.54986 367.564
1342 442.051 580.468
1343 64.2823 1049.52
1344 141.371 268.642
1345 479.505 559.544
1346 808.394 663.432
1347 1057.99 197.65
1348 377.927 1182.95
1349 1023.49 465.13
1350 585.848 708.462
1351 989.233 238.543
1352 845.894 435.326
1353 826.9 778.423
1354 210.398 420.462
1355 1125.27 1164.13
1356 283.715 814.714
1357 1152.63 952.312
1358 1018.3 255.173
1359 200.648 232.079
1360 199.101 1116.12
1361 1149.71 144.259
1362 714.273 927.341
1363 1129.38 648.066
1364 1068.62 1051.88
1365 628.176 566.421
1366 1120.53 549.303
1367 57.9565 565.519
1368 848.872 589.026
1369 585.487 137.615
1370 44.7042 272.795
1371 1180.82 476.816
1372 658.646 493.029
1373 207.307 1070.81
1374 272.381 1163.1
1375 1094.93 1003.34
1376 472.628 879.551
1377 1017.44 416.384
1378 580.396 251.779
1379 467.581 415.032
1380 1128.33 743.127
1381 730.064 371.88
1382 318.764 151.445
1383 59.6537 650.288
1384 382.378 423.12
1385 848.916 726.064
1386 1171.68 787.992
1387 1175.9 701.023
1388 230.15 1081.67
1389 1011.33 650.505
1390 399.177 160.437
1391 641.927 897.281
1392 929.344 328.223
1393 410.751 844.757
1394 755.742 344.381
1395 454.878 423.048
1396 924.993 487.482
1397 648.463 204.13
1398 74.5956 677.335
1399 279.564 238.598
1400 390.096 865.087
1401 651.677 162.659
1402 968.523 192.286
1403 714.056 787.234
1404 755.06 426.709
1405 478.403 59.2565
1406 487.774 1045.87
1407 765.712 559.219
1408 475.46 618.403
1409 148.285 525.039
1410 848.302 921.78
1411 970.781 512.095
1412 1161.95 530.078
1413 710.521 802.328
1414 798.717 886.7
1415 15.7801 298.324
1416 396.205 823.327
1417 373.124 920.985
1418 938.21 924.018
1419 236.024 937.704
1420 114.469 400.407
1421 977.461 236.287
1422 918.934 959.84
1423 1126.41 184.181
1424 146.822 352.345
1425 641.313 547.608
1426 880.126 577.093
1427 1118.36 1030.69
1428 214.891 527.206
1429 236.508 1151.49
1430 1114.36 89.2836
1431 6.75257 103.403
1432 140.179 763.565
1433 26.6853 329.487
1434 964.974 415.754
1435 529.465 258.134
1436 528.53 161.123
1437 238.831 926.674
1438 1072.86 1075.3
1439 628.649 276.639
1440 1085.09 1006.84
1441 1104.41 287.074
1442 203.335 703.731
1443 116.14 824.03
1444 764.81 1147.21
1445 527.061 427.398
1446 923.523 839.088
1447 316.576 946.876
1448 245.255 129.221
1449 914.341 111.327
1450 1152.41 206.513
1451 556.419 955.47
1452 701.4 182.825
1453 1058.79 1096.23
1454 235.293 63.9705
1455 220.953 788.209
1456 93.5456 179.972
1457 823.994 735.091
1458 787.487 867.398
1459 885.871 943.213
1460 291.841 844.596
1461 623.774 589.876
1462 705.186 108.005
1463 747.639 808.811
1464 928.586 921.33
1465 451.451 1.69717
1466 595.124 72.1674
1467 442.131 143.934
1468 419.959 1071.87
1469 490.319 824.411
1470 1030.96 535.186
1471 1099.24 349.131
1472 1181.93 885.437
1473 1111.82 530.909
1474 206.621 865.54
1475 963.843 242.262
1476 722.604 746.558
1477 457.173 249.701
1478 392.66 789.328
1479 414.169 449.28
1480 977.11 232.279
1481 420.883 51.0431
1482 461.167 48.4793
1483 842.662 479.271
1484 121.474 633.947
1485 133.029 831.777
1486 610.945 465.911
1487 733.772 401.202
1488 471.045 702.123
1489 160.364 166.848
1490 263.061 267.103
1491 116.942 643.336
1492 363.229 1010.81
1493 760.858 858.065
1494 573.245 906.541
1495 1015.45 677.638
1496 19.0661 947.382
1497 688.169 1127.88
1498 919.981 676.087
1499 765.423 664.749
1500 638.316 701.167
1501 624.72 200.394
1502 355.253 975.872
1503 78.9298 218.718
1504 252.192 135.196
1505 857.143 348.734
1506 316.071 542.644
1507 856.124 1024.06
1508 670.038 1050.95
1509 489.997 781.565
1510 501.155 308.291
1511 1030.42 1043.24
1512 799.362 612.498
1513 213.121 625.047
1514 934.06 87.442
1515 206.694 1101.01
1516 708.34 832.824
1517 509.223 1065.73
1518 1151.34 428.429
1519 1071.36 178.817
1520 15.4551 727.925
1521 681.468 579.585
1522 1127.53 876.626
1523 131.797 155.329
1524 307.75 453.272
1525 1136.24 1048.31
1526 342.756 1052.97
1527 883.972 92.0279
1528 678.073 1180.49
1529 853.387 220.813
1530 714.689 180.931
1531 861.115 509.584
1532 29.2666 306.863
1533 424.942 281.894
1534 982.95 898.814
1535 52.958 169.592
1536 991.364 981.939
1537 1012.45 165.44
1538 832.872 318.996
1539 794.527 1073.22
1540 137.362 1152.23
1541 1015.38 861.785
1542 602.299 1076.66
1543 1013.79 127.432
1544 789.184 644.13
1545 915.792 130.032
1546 845.341 125.879
1547 1153.24 28.8158
1548 457.658 1105.78
1549 1136.74 142.835
1550 472.253 747.46
1551 1022.31 63.826
1552 67.0924 1047.35
1553 916.276 1181.14
1554 453.104 79.4781
1555 152.127 1049.68
1556 487.964 686.326
1557 1116.92 124.76
1558 1134.61 962.042
1559 546.055 693.42
1560 807.058 713.425
1561 373.413 765.351
1562 1170.8 5.4165
1563 1052.71 383.705
1564 139.962 632.269
1565 839.611 135.521
1566 1150.03 675.618
1567 1180.92 373.903
1568 1008.64 172.461
1569 1027.44 313.779
1570 853.972 74.0616
1571 427.455 879.025
1572 357.742 313.543
1573 280.123 872.237
1574 159.281 872.49
1575 70.9441 594.498
1576 81.8252 1091.44
1577 151.491 192.972
1578 1065.24 337.612
1579 604.228 1011.55
1580 435.017 1060.75
1581 193.911 899.066
1582 344.752 53.0095
1583 450.725 591.104
1584 756.901 977.75
1585 1076.1 1160.31
1586 435.27 452.855
1587 591.824 796.334
1588 370.705 114.741
1589 210.184 137.924
1590 1119.37 549.305
1591 264.129 247.137
1592 56.0493 807.114
1593 93.0729 740.238
1594 955.877 559.291
1595 34.8822 568.427
1596 6.96923 23.9967
1597 649.402 778.17
1598 834.466 1053.85
1599 409.523 1075.14
1600 696.221 653.663
1601 1047.59 546.886
1602 1094.76 440.686
1603 867.904 146.518
1604 108.402 848.151
1605 733.848 1005.97
1606 571.621 1134.76
1607 663.831 898.597
1608 608.38 879.639
1609 1142.09 961.448
1610 711.507 683.598
1611 467.083 318.815
1612 1178.13 13.5774
1613 763.69 101.597
1614 54.3554 432.581
1615 1008.88 419.995
1616 217.021 247.048
1617 499.675 1118
1618 96.4498 836.38
1619 1060.57 748.255
1620 140.5 592.782
1621 602.863 624.089
1622 43.3024 1086.15
1623 439.278 934.113
1624 1105.54 313.057
1625 509.489 859.149
1626 326.647 529.212
1627 929.326 1077.63
1628 641.186 1165.36
1629 451.989 860.393
1630 989.843 600.942
1631 963.822 756.793
1632 1014.44 302.529
1633 339.326 896.719
1634 902.316 864.709
1635 199.045 782.198
1636 294.476 625.533
1637 174.548 200.033
1638 334.595 1159.26
1639 519.514 86.2306
1640 591.482 676.757
1641 600.076 556.619
1642 335.638 207.632
1643 79.2975 901.433
1644 910.779 1009.94
1645 1170.91 468.041
1646 761.866 333.115
1647 467.342 232.929
1648 1149.34 994.886
1649 181.814 339.326
1650 95.3511 1175.16
1651 232.349 213.482
1652 996.961 1018.19
1653 456.611 636.928
1654 1098.79 708.695
1655 543.996 879.045
1656 870.901 1118.07
1657 651.713 229.118
1658 1070.13 80.8864
1659 359.258 788.337
1660 1.94994 341.729
1661 521.32 388.58
1662 519.839 295.199
1663 948.212 727.905
1664 499.184 656.66
1665 1156.68 499.726
1666 1092.64 599.606
1667 99.309 604.754
1668 357.633 810.544
1669 351.097 788.787
1670 565.735 82.4588
1671 1014.47 315.71
1672 388.038 27.6241
1673 432.821 89.1194
1674 157.594 430.756
1675 413.672 931.096
1676 1154.91 777.937
1677 165.293 778.551
1678 1101.35 1053.24
1679 108.326 791.839
1680 619.076 262.9
1681 214.204 1130.93
1682 112.844 210.505
1683 715.349 1102.73
1684 1149.89 669.607
1685 210.991 565.844
1686 1113.33 629.742
1687 321.921 276.314
1688 925.174 831.757
1689 595.49 708.586
1690 689.845 1042.57
1691 436.461 721.261
1692 810.164 204.222
1693 538.623 103.8
1694 312.199 424.69
1695 606.03 730.453
1696 332.862 16.6467
1697 650.521 908.924
1698 699.518 870.901
1699 1036.03 807.78
1700 1064.38 665.31
1701 850.372 823.869
1702 531.357 710.086
1703 567.757 560.88
1704 404.644 510.94
1705 1181.67 296.319
1706 809.694 887.222
1707 252.192 431.462
1708 102.829 111.724
1709 466.18 738.108
1710 793.729 509.171
1711 564.471 1037.1
1712 1086.36 44.9405
1713 706.704 1151.24
1714 282.163 1050.13
1715 34.4916 267.45
1716 875.162 805.236
1717 3.35823 654.385
1718 502.362 1009.37
1719 664.099 163.362
1720 102.913 60.2315
1721 676.455 870.018
1722 1068.74 722.922
1723 632.209 201.602
1724 888.059 313.743
1725 556.022 372.366
1726 700.388 641.927
1727 278.028 899.519
1728 851.166 1142.97
1729 303.252 1118.29
1730 64.0514 295.038
1731 641.205 331.293
1732 227.933 834.357
1733 894.473 1160.92
1734 137.333 484.291
1735 692.337 730.108
1736 570.863 476.722
1737 627.267 1045.73
1738 275.348 25.1884
1739 692.863 529.77
1740 886.482 1107.55
1741 680.647 568.588
1742 208.968 324.845
1743 866.279 374.641
1744 117.177 1108.63
1745 346.944 171.522
1746 1105.36 57.9762
1747 1045.32 1115.58
1748 1131.33 102.536
1749 318.201 275.106
1750 311.015 616.397
1751 903.616 898.075
1752 932.252 69.0062
1753 333.894 578.935
1754 1169.46 734.894
1755 704.895 939.943
1756 811.861 992.194
1757 145.343 796.586
1758 259.486 1137.52
1759 239.879 1100.49
1760 170.399 893.217
1761 73.4477 29.8991
1762 36.8858 147.726
1763 42.682 373.088
1764 455.411 179.864
1765 196.528 278.969
1766 477.836 26.0189
1767 916.481 434.078
1768 497.162 22.2438
1769 857.127 921.583
1770 1148.48 232.207
1771 1168.88 1120.77
1772 997.906 67.3287
1773 1023.86 972.623
1774 387.605 1132.48
1775 448.089 478.802
1776 230.382 726.697
1777 941.243 631.816
1778 413.755 1045.13
1779 1168.84 410.915
1780 461.662 1016.82
1781 411.83 401.29
1782 760.219 613.581
1783 88 712.795
1784 964.173 1066.91
1785 783.876 216.499
1786 899.481 1066.96
1787 31.9136 511.967
1788 430.648 112.771
1789 863.498 1011.62
1790 906.938 959.245
1791 115.645 462.172
1792 416.059 478.838
1793 700.425 13.6496
1794 562.774 185.786
1795 1036.7 81.2311
1796 393.555 8.18055
1797 56.3316 128.154
1798 189.289 102.058
1799 562.405 160.601
1800 379.66 986.994
1801 422.342 314.59
1802 312.785 1049.65
1803 568.836 533.87
1804 672.043 978.256
1805 532.333 634.091
1806 1153.81 386.397
1807 1135.51 702.195
1808 803.411 8.12475
1809 763.762 1067
1810 312.683 692.878
1811 1155.95 142.959
1812 820.599 647.219
1813 527.982 41.3295
1814 311.882 561.891
1815 162.242 210.81
1816 813.089 457.317
1817 800.667 46.2405
1818 661.653 806.805
1819 803.7 276.566
1820 488.243 1083.43
1821 1168 486.06
1822 243.85 1162.89
1823 285.615 323.582
1824 1025.11 41.3656
1825 1032.75 889.317
1826 762.755 809.261
1827 918.414 1148.68
1828 870.359 391.849
1829 788.88 121.205
1830 1099.01 123.674
1831 700.1 407.682
1832 241.504 163.362
1833 313.182 483.079
1834 1115.15 574.907
1835 676.986 766.382
1836 1180.81 293.919
1837 1098.86 1100.63
1838 304.841 1183.09
1839 595.562 419.293
1840 1038.27 97.0833
1841 780.585 838.169
1842 1010.65 845.551
1843 757.84 231.629
1844 61.6025 699.523
1845 1059.09 517.873
1846 1012.6 824.319
1847 84.2621 619.647
1848 850.83 577.13
1849 115.161 983.239
1850 98.1469 137.165
1851 137.705 332.34
1852 160.22 682.623
