1 135.323 249.343
2 167.725 65.2252
3 400.168 411.908
4 221.007 364.957
5 371.11 184.063
6 82.9953 130.573
7 383.176 186.19
8 349.491 323.235
9 342.454 138.667
10 9.17165 401.587
11 148.357 421.186
12 226.234 295.445
13 247.654 148.031
14 254.964 171.177
15 39.4845 106.416
16 192.509 433.729
17 357.297 235.174
18 232.907 231.532
19 392.017 265.882
20 319.693 99.2934
21 353.109 108.977
22 239.997 80.6908
23 142.873 358.814
24 350.242 211.821
25 98.7926 384.775
26 239.778 258.473
27 321.813 308.29
28 427.732 292.171
29 147.999 302.16
30 66.2614 5.43202
31 314.672 348.468
32 407.097 250.678
33 375.857 338.519
34 179.243 42.6373
35 157.883 33.1108
36 122.739 342.941
37 326.535 204.576
38 133.944 321.69
39 153.95 404.176
40 385.295 211.496
41 132.713 252.33
42 53.285 372.273
43 84.169 375.999
44 52.2866 274.863
45 349.342 397.925
46 192.905 56.7223
47 203.567 412.151
48 413.614 371.973
49 212.451 178.793
50 302.992 19.5307
51 373.335 61.5811
52 101.925 157.552
53 138.789 407.292
54 348.887 253.792
55 332.549 110.742
56 386.902 427.86
57 445.768 225.69
58 329.698 286.248
59 254.718 75.8866
60 433.089 21.1024
61 61.7312 238.042
62 231.898 332.431
63 236.989 392.663
64 256.37 1.00997
65 353.433 155.429
66 207.471 20.5701
67 295.622 43.4152
68 48.1375 147.731
69 264.64 100.26
70 250.487 328.709
71 189.73 388.665
72 379.75 48.2625
73 186.968 272.666
74 137.554 272.147
75 381.429 328.325
76 309.747 418.295
77 143.089 379.097
78 304.316 124.363
79 322.086 73.9895
80 48.1648 212.138
81 359.1 77.9884
82 142.124 179.393
83 145.081 106.554
84 131.024 174.782
85 170.795 287.119
86 94.1659 334.793
87 266.183 438.194
88 247.389 237.876
89 63.6136 435.833
90 168.443 51.2105
91 444.289 205.27
92 34.716 46.106
93 353.45 348.591
94 18.4252 95.9905
95 92.927 318.922
96 350.797 166.429
97 194.256 316.245
98 11.7785 395.011
99 48.1512 18.3979
100 219.705 197.698
101 173.23 229.648
102 6.67401 172.938
103 394.804 311.072
104 430.317 92.4903
105 267.793 307.032
106 91.0362 36.9459
107 19.9265 64.5018
108 339.692 4.12178
109 191.786 354.407
110 236.376 232.376
111 155.682 438.752
112 36.8777 162.087
113 82.5722 202.925
114 333.663 217.731
115 78.6887 287.965
116 79.0058 357.308
117 301.409 85.0173
118 221.712 117.459
119 364.846 150.554
120 152.174 310.813
121 72.7045 84.4304
122 37.8331 152.915
123 308.806 330.316
124 65.2525 244.113
125 354.951 285.961
126 168.898 210.936
127 324.981 184.798
128 104.833 29.7123
129 136.483 89.0278
130 109.2 109.869
131 174.439 403.992
132 133.057 269.146
133 76.4703 136.935
134 187.023 107.96
135 135.785 101.83
136 377.171 237.687
137 367.644 58.8063
138 260.214 133.168
139 253.558 216.212
140 100.955 64.3202
141 347.717 358.472
142 243.378 369.446
143 357.558 23.1297
144 98.0462 183.065
145 396.144 404.044
146 348.195 224.173
147 79.2283 229.007
148 203.196 166.901
149 143.143 126.056
150 444.642 169.658
151 236.361 203.662
152 404.972 385.88
153 163.165 429.009
154 389.442 40.1963
155 57.8688 319.22
156 300.412 91.0089
157 424.127 301.547
158 330.339 406.776
159 291.844 251.524
160 278.469 30.9837
161 148.731 340.459
162 181.017 337.945
163 387.133 110.36
164 16.5827 304.359
165 250.196 95.1307
166 233.943 3.13911
167 300.163 112.476
168 313.418 261.406
169 122.99 437.662
170 399.745 424.885
171 350.379 446.329
172 311.902 419.316
173 300.385 189.836
174 54.4042 272.886
175 164.377 296.73
176 347.504 394.001
177 433.637 138.557
178 156.098 59.3039
179 328.738 31.5549
180 277.565 292.21
181 409.778 10.443
182 222.863 20.3244
183 380.991 376.079
184 326.208 194.531
185 266.81 378.995
186 168.573 200.858
187 34.2887 239.987
188 417.761 240.415
189 310.894 54.1155
190 164.491 288.718
191 49.6651 120.201
192 89.3827 130.111
193 262.97 435.039
194 259.591 236.412
195 271.123 147.022
196 36.1113 103.618
197 72.1585 100.222
198 12.4472 212.245
199 148.098 145.916
200 122.906 6.10079
201 419.479 174.425
202 82.8724 345.056
203 33.6409 314.484
204 91.4278 68.2005
205 306.034 201.601
206 26.0955 249.998
207 54.3843 409.954
208 272.37 285.04
209 142.188 221.227
210 407.593 414.731
211 34.2824 437.796
212 438.296 271.412
213 151.946 355.006
214 31.937 87.6588
215 444.659 65.5255
216 266.161 393.89
217 315.453 427.344
218 52.4367 128.037
219 78.0472 418.525
220 135.446 29.578
221 174.93 75.5296
222 225.902 315.36
223 442.911 124.745
224 396.947 24.1848
225 1.22835 199.458
226 113.15 45.2168
227 440.337 196.754
228 302.233 131.285
229 190.975 251.279
230 347.251 294.819
231 1.36483 168.436
232 163.82 305.082
233 401.642 112.585
234 278.848 162.005
235 374.414 221.566
236 392.584 426.197
237 78.5984 396.237
238 101.147 378.399
239 382.835 238.75
240 145.254 146.926
241 38.9974 24.2761
242 249.971 204.82
243 108.996 396.183
244 195.089 148.398
245 146.078 158.375
246 445.563 177.919
247 7.9706 322.509
248 89.515 437.96
249 261.924 54.7318
250 29.1947 209.217
251 446.394 310.132
252 228.691 294.792
253 200.098 168.256
254 445.509 396.198
255 30.8567 287.108
256 446.591 274.672
257 286.232 278.127
258 131.023 178.617
259 164.583 437.553
260 258.798 412.262
261 150.431 270.4
262 222.134 389.593
263 437.699 158.909
264 211.574 30.6425
265 356.425 314.254
266 54.3622 229.962
267 60.189 263.317
268 381.292 347.133
269 328.828 375.549
270 440.101 102.717
271 100.988 150.964
272 31.2525 373.95
273 74.1375 212.477
274 192.04 56.6131
275 349.667 346.667
276 5.40472 26.0819
