1 36.8504 551.036
2 734.114 221.867
3 833.392 82.4378
4 61.3627 636.12
5 335.947 308.451
6 746.318 856.167
7 466.146 358.679
8 420.204 776.372
9 368.722 715.855
10 390.751 540.472
11 470.112 67.3701
12 823.523 166.509
13 627.821 394.301
14 619.383 806.805
15 734.41 28.1449
16 32.4829 156.164
17 445.098 844.941
18 153.745 795.068
19 649.904 43.7018
20 98.8976 11.41
21 420.395 839.126
22 617.558 794.769
23 212.995 692.462
24 784.019 262.893
25 859.057 151.116
26 805.904 10.4546
27 778.335 305.64
28 245.014 448.731
29 371.672 587.015
30 680.122 93.4656
31 832.231 373.965
32 796.787 721.587
33 714.816 677.285
34 636.857 271.112
35 294.885 456.617
36 124.26 292.101
37 133.453 516.178
38 27.1328 87.9244
39 171.051 816.004
40 162.602 58.7695
41 725.279 600.115
42 643.981 552.292
43 219.41 294.885
44 500.514 873.22
45 132.256 444.962
46 185.594 318.305
47 404.863 23.8299
48 192.915 147.595
49 764.55 42.9543
50 625.01 104.519
51 70.4525 865.138
52 512.193 804.078
53 748.976 734.253
54 212.141 645.321
55 546.56 328.433
56 54.9753 332.147
57 249.436 392.934
58 541.319 421.978
59 356.302 104.955
60 58.4924 564.712
61 384.745 219.328
62 686.129 548.936
63 242.858 52.4913
64 386.247 852.857
65 6.96063 372.573
66 273.302 422.497
67 215.67 358.352
68 130.396 252.81
69 847.805 373.392
70 478.958 407.322
71 566.192 130.368
72 622.73 716.645
73 232.907 66.6877
74 456.903 419.276
75 97.4215 717.875
76 843.378 113.583
77 195.467 567.523
78 0.900787 189.939
79 131.441 267.042
80 652.288 128.023
81 644.579 353.218
82 367.486 358.923
83 602.31 192.113
84 469.61 835.401
85 434.778 480.149
86 547.087 35.8971
87 458.028 325.296
88 725.703 436.309
89 677.927 531.221
90 818.87 72.147
91 211.357 313.174
92 168.336 355.567
93 514.077 846.06
94 504.556 81.9989
95 366.814 259.729
96 681.864 511.049
97 332.254 630.633
98 705.316 659.813
99 431.937 491.448
100 484.323 552.512
101 751.525 641.854
102 675.238 712.25
103 557.671 661.18
104 94.3055 276.378
105 654.217 187.755
106 177.062 843.794
107 188.277 772.304
108 299.525 195.691
109 123.49 124.065
110 326.759 514.623
111 770.263 415.074
112 77.0814 738.236
113 45.9947 61.8268
114 490.339 434.835
115 508.712 473.186
116 785.896 784.504
117 785.85 555.651
118 808.907 700.815
119 884.938 215.861
120 528.139 86.148
121 424.107 452.525
122 199.402 608.949
123 486.616 246.625
124 482.904 386.467
125 286.927 496.061
126 450.612 603.063
127 293.002 814.011
128 516.424 521.858
129 816.936 436.174
130 852.676 786.662
131 90.1291 805.959
132 635.662 632.271
133 865.56 560.208
134 634.706 484.824
135 607.139 550.627
136 572.603 442.723
137 731.8 858.287
138 34.7213 429.514
139 119.043 531.248
140 233.768 219.256
141 806.572 755.49
142 552.802 406.392
143 254.249 679.523
144 263.912 465.58
145 326.74 677.667
146 659.786 240.567
147 589.524 820.399
148 221.883 731.931
149 317.539 894.266
150 215.399 808.525
151 89.7113 786.759
152 110.19 312.873
153 363.538 699.996
154 826.459 240.155
155 663.599 404.781
156 232.458 147.129
157 281.178 248.535
158 142.507 413.379
159 755.024 608.25
160 602.408 886.513
161 171.043 723.223
162 826.263 444.5
163 332.199 507.525
164 133.617 582.946
165 296.523 227.572
166 723.168 470.484
167 358.413 332.939
168 171.28 223.479
169 347.294 141.371
170 27.2147 207.181
171 360.67 730.923
172 478.614 731.059
173 287.488 787.643
174 718.612 137.384
175 330.553 348.505
176 328.924 503.433
177 230.602 733.925
178 783.003 865.195
179 871.807 529.035
180 314.711 165.692
181 835.21 131.341
182 885.159 546.232
183 339.488 302.583
184 752.143 460.057
185 42.7465 168.365
186 180.867 753.304
187 52.1911 765.18
188 112.598 496.579
189 627.821 144.265
190 336.619 132.644
191 492.75 735.67
192 806.469 798.289
193 637.951 665.409
194 832 264.204
195 355.977 423.261
196 250.196 106.32
197 130.56 444.936
198 368.613 439.423
199 122.889 45.1213
200 386.083 307.578
201 395.637 678.648
202 469.963 534.36
203 714.15 427.256
204 572.817 14.6856
205 429.157 378.713
206 430.083 812.456
207 454.791 554.639
208 692.827 594.574
209 460.668 208.464
210 193.64 614.528
211 300.372 24.1029
212 531.131 847.286
213 274.159 577.243
214 99.0761 60.9827
215 541.455 369.214
216 806.068 602.683
217 781.375 249.193
218 141.505 7.34278
219 714.788 102.28
220 480.911 712.304
221 804.47 159.742
222 130.32 394.763
223 47.305 587.177
224 386.826 206.774
225 94.4441 520.712
226 673.726 616.521
227 175.994 93.6546
228 586.549 269.09
229 771.752 586.305
230 713.697 339.497
231 578.524 8.35486
232 398.012 129.497
233 724.834 73.3459
234 626.675 156.63
235 829.871 483.861
236 423.206 459.32
237 368.573 736.735
238 753.932 53.2105
239 489.209 818.79
240 608.632 697.929
241 374.973 88.0609
242 505.986 593.512
243 159.425 794.551
244 339.633 538.455
245 284.857 855.04
246 260.573 671.771
247 223.801 482.877
248 414.482 246.816
249 707.488 167.467
250 45.3417 386.165
251 216.393 274.36
252 499.773 785.759
253 373.172 92.2352
254 663.553 348.714
255 219.628 614.009
256 766.742 807.926
257 197.545 274.44
258 453.833 341.428
259 571.509 550.41
260 149.722 200.139
261 486.448 189.602
262 794.528 561.027
263 9.11706 490.028
264 45.1675 769.193
265 514.977 9.31024
266 351.248 551.664
267 469.865 267.588
268 833.529 295.105
269 702.898 576.477
270 370.469 758.599
271 558.532 728.327
272 595.584 761.604
273 454.492 893.945
274 455.798 251.62
275 437.407 170.005
276 79.0509 531.465
277 655.315 226.837
278 507.068 515.778
279 729.938 706.847
280 589.606 845.228
281 429.216 593.073
282 272.93 200.113
283 309.94 688.311
284 40.1806 225.088
285 266.715 381.67
286 297.016 479.439
287 368.516 852.01
288 614.408 283.393
289 305.697 117.596
290 425.445 573.556
291 710.148 285.797
292 72.8 704.991
293 716.863 889.005
294 313.337 85.0929
295 494.171 654.309
296 161.823 474.389
297 245.096 795.996
298 504.113 110.799
299 65.621 184.418
300 780.848 15.9685
301 265.249 585.268
302 244.136 163.07
303 485.655 181.641
304 55.9874 351.336
305 751.729 99.2525
306 89.8835 257.762
307 109.123 666.255
308 546.587 752.157
309 820.739 806.641
310 673.816 572.22
311 12.9659 621.955
312 558.925 102.29
313 256.67 776.461
314 811.637 891.079
315 559.826 729.037
316 638.795 19.7375
317 216.918 363.945
318 375.792 232.731
319 368.04 153.243
320 711.666 324.75
321 606.129 778.828
322 135.091 687.303
323 731.091 779.709
324 685.583 306.605
325 636.978 349.959
326 500.729 893.01
327 40.1302 229.164
328 797.961 689.487
329 797.157 253.421
330 235.441 692.596
331 754.337 200.057
332 786.769 414.883
333 761.764 69.663
334 226.696 468.6
335 276.351 275.152
336 680.995 528.571
337 548.989 461.421
338 143.607 689.566
339 396.099 820.701
340 377.745 621.816
341 704.143 249.818
342 401.232 693.497
343 666.849 646.629
344 434.371 641.499
345 10.0178 244.496
346 55.685 541.51
347 343.063 871.061
348 728.537 47.0341
349 59.3701 111.452
350 150.759 558.597
351 101.233 477.447
352 821.214 739.603
353 595.242 751.504
354 138.476 26.232
355 515.605 78.4252
356 171.204 372.653
357 516.344 305.312
358 541.428 583.847
359 346.366 864.54
360 606.799 382.234
361 203.71 743.04
362 693.388 172.269
363 578.988 162.799
364 860.754 277.879
365 261.938 608.115
366 670.213 699.83
367 82.6268 573.094
368 285.004 147.811
369 779.54 723.751
370 416.848 461.203
371 593.688 687.836
372 294.896 863.2
373 544.076 37.9968
374 788.626 206.91
375 750.956 520.33
376 228.8 704.334
377 783.166 339.406
378 346.979 392.991
379 27.1055 832.519
380 518.608 616.302
381 832.021 390.125
382 152.37 226.207
383 389.659 784.615
384 125.713 734.278
385 139.486 625.256
386 51.5087 683.7
387 825.749 432.462
388 446.627 689.787
389 496.252 219.412
390 56.3129 694.455
391 479.819 516.178
392 36.6047 611.227
393 128.103 859.435
394 737.243 58.3423
395 527.916 783.94
396 556.836 882.446
397 420.405 274.722
398 578.883 305.151
399 536.187 236.882
400 386.465 625.21
401 530.429 756.989
402 723.307 803.748
403 254.131 176.363
404 417.902 746.946
405 92.9722 228.227
406 697.619 136.813
407 624.355 739.71
408 797.111 764.687
409 417.201 289.026
410 360.997 410.104
411 252.876 641.552
412 115.817 109.079
413 780.424 392.088
414 765.26 663.609
415 450.257 809.864
416 512.451 76.2142
417 569.226 270.566
418 855.019 176.663
419 861.241 316.395
420 320.762 643.763
421 848.162 505.044
422 855.933 853.239
423 524.183 151.387
424 415.609 583.983
425 40.8903 25.3858
426 867.842 413.871
427 881.354 666.612
428 541.319 583.576
429 538.916 600.852
430 663.089 326.494
431 574.018 325.023
432 765.602 213.214
433 327.423 477.936
434 78.4021 721.096
435 568.943 846.303
436 286.9 622.772
437 24.021 417.804
438 524.613 700.403
439 729.138 537.552
440 404.044 398.014
441 398.198 280.527
442 459.175 48.5333
443 891.345 754.287
444 726.526 417.146
445 518.074 864.54
446 405.806 369.05
447 674.062 658.512
448 522.832 374.702
449 506.473 702.316
450 821.682 640.269
451 161.755 888.642
452 274.494 101.655
453 775.25 836.012
454 541.482 541.13
455 367.221 775.28
456 190.767 540.609
457 105.745 144.945
458 20.6362 457.982
459 871.811 744.789
460 431.15 5.04987
461 835.903 441.797
462 878.257 156.873
463 475.624 120.787
464 307.719 79.1328
465 166.408 478.919
466 444.485 663.418
467 140.277 711.733
468 177.424 713.833
469 367.658 346.505
470 328.422 832.193
471 737.39 354.555
472 215.887 82.8745
473 890.698 142.408
474 0.491339 823.076
475 507.626 23.2588
476 591.265 173.425
477 160.953 655.582
478 229.193 845.931
479 833.34 730.486
480 332.168 568.724
481 632.964 607.222
482 816.241 217.256
483 310.725 753.55
484 25.1402 52.8483
485 562.555 114.027
486 757.917 756.579
487 639.324 559.334
488 429.957 633.499
489 13.2388 678.702
490 92.6719 811.666
491 230.902 748.747
492 883.309 44.4115
493 275.423 136.456
494 757.808 525.787
495 188.703 195.835
496 218.018 557.669
497 828.315 360.399
498 480.993 356.766
499 676.655 184.388
500 191.731 26.0976
501 469.34 310.692
502 124.567 304.739
503 665.237 308.424
504 422.608 530.837
505 413.354 723.88
506 240.546 417.292
507 568.342 142.324
508 123.654 285.961
509 873.675 586.702
510 890.547 776.754
511 409.747 641.825
512 6.71496 526.417
513 146.637 296.852
514 87.9013 385.676
515 557.096 31.4751
516 650.339 465.052
517 587.387 487.899
518 812.237 865.249
519 235.435 540.536
520 537.384 536.333
521 44.3003 677.176
522 797.008 11.8488
523 104.491 777.352
524 892.653 798.398
525 421.869 115.849
526 19.9265 201.922
527 301.873 349.806
528 875.868 467.518
529 179.259 165.208
530 85.411 357.722
531 373.991 727.509
532 656.483 104.009
533 172.391 107.549
534 625.308 413.709
535 579.397 627.087
536 382.948 74.6457
537 754.69 368.313
538 703.815 303.866
539 703.467 83.9118
540 381.524 873.573
541 138.528 319.725
542 480.55 140.852
543 711.24 747.683
544 20.9365 798.134
545 802.688 480.474
546 24.2667 847.532
547 201.312 104.883
548 520.573 625.556
549 634.837 11.494
550 253.94 589.934
551 163.971 434.591
552 695.845 113.827
553 16.6509 407.786
554 260.118 669.096
555 782.937 490.41
556 526.906 856.812
557 329.688 710.557
558 574.245 648.569
559 890.914 631.124
560 269.909 784.642
561 276.113 33.5748
562 841.245 91.2
563 388.563 755.08
564 467.017 325.403
565 551.223 562.501
566 115.273 74.274
567 315.782 488.229
568 835.194 195.091
569 180.296 458.585
570 178.875 787.379
571 767.798 646.083
572 345.791 271
573 713.545 458.585
574 622.944 70.8619
575 339.733 518.062
576 71.3659 435.299
577 827.599 821.545
578 877.89 95.1832
579 632.703 865.547
580 807.811 297.904
581 578.809 689.812
582 288.586 548.061
583 295.758 223.67
584 384.088 792.313
585 94.8556 826.486
586 662.421 522.411
587 618.486 204.27
588 7.39737 636.42
589 728.191 452.661
590 24.5942 147.739
591 178.198 333.237
592 402.753 456.046
593 399.5 13.6651
594 467.945 242.669
595 26.4777 79.4079
596 485.552 120.16
597 395.691 668.057
598 283.448 306.168
599 556.85 61.4341
600 682.333 262.32
601 322.072 403.009
602 102.862 120.187
603 286.696 684.246
604 883.941 814.203
605 555.966 193.997
606 794.685 457.138
607 691.223 726.526
608 585.894 456.818
609 122.417 433.17
610 601.781 237.564
611 218.925 510.803
612 660.006 279.845
613 580.162 216.055
614 302.228 624.774
615 200.575 577.079
616 827.498 672.915
617 95.7837 605.966
618 381.667 371.425
619 110.902 0.545932
620 246.406 366.814
621 597.14 84.1827
622 15.4772 627.903
623 311.353 38.2152
624 588.705 132.934
625 599.051 487.462
626 745.711 505.478
627 191.71 675.647
628 358.049 348.659
629 187.145 337.306
630 367.494 191.133
631 780.903 783.96
632 126.641 413.054
633 157.526 132.909
634 222.767 876.193
635 717.9 878.952
636 822.715 417.938
637 439.03 153.109
638 529.499 140.932
639 880.273 348.743
640 506.788 185.517
641 505.432 39.664
642 32.3737 34.6121
643 444.349 83.6367
644 688.319 802.14
645 481.358 788.516
646 700.485 830.235
647 879.483 22.001
648 552.292 503.458
649 672.758 674.471
650 343.544 833.256
651 810.026 704.852
652 329.94 173.963
653 402.425 830.856
654 8.35275 100.426
655 599.378 318.224
656 663.225 878.65
657 102.883 663.781
658 526.001 55.9874
659 763.404 634.811
660 454.761 756.281
661 543.679 674.2
662 703.406 618.786
663 443.061 799.49
664 65.726 509.327
665 78.7863 879.005
666 798.261 627.03
667 325.894 301.063
668 875.311 668.684
669 329.781 404.262
670 534.904 305.421
671 177.663 261.476
672 234.058 798.182
673 578.578 367.685
674 799.899 102.965
675 126.41 376.613
676 14.3853 234.505
677 436.445 299.398
678 243.54 234.996
679 527.301 574.047
680 535.947 414.908
681 350.644 54.4588
682 859.91 261.285
683 816.959 795.234
684 573.109 392.852
685 139.622 399.351
686 691.735 671.525
687 247.368 654.52
688 444.252 710.505
689 378.263 593.51
690 280.441 285.413
691 436.227 501.932
692 645.673 491.341
693 235.026 193.615
694 284.403 12.3129
695 669.585 159.387
696 622.583 9.49921
697 804.493 600.718
698 469.883 278.864
699 380.351 873.193
700 651.924 532.092
701 612.435 705.262
702 566.431 567.414
703 510.387 161.268
704 580.844 393.18
705 58.5701 878.352
706 235.105 4.74961
707 571.045 440.432
708 342.245 121.251
709 879.597 606.694
710 805.585 468.357
711 149.264 388.842
712 385.806 688.067
713 386.446 604.237
714 232.552 447.311
715 824.164 559.009
716 291.719 502.751
717 261.594 831.729
718 196.764 83.3911
719 279.735 414.717
720 856.061 398.066
721 133.062 618.106
722 725.816 405.602
723 668.147 877.424
724 789.031 141.424
725 673.052 470.293
726 892.208 603.339
727 660.779 805.932
728 879.097 865.384
729 230.702 186.929
730 732.189 616.441
731 845.102 617.885
732 1.14646 298.954
733 245.778 811.773
734 284.621 288.118
735 199.702 210.429
736 197.382 382.698
737 655.072 66.5785
738 528.435 440.351
739 330.574 512.768
740 323.225 266.035
741 313.037 22.6856
742 458.41 41.5202
743 6.71496 855.83
744 263.521 546.753
745 255.278 224.842
746 23.5842 541.484
747 687.712 345.904
748 884.655 301.709
749 816.512 339.088
750 180.155 608.989
751 227.448 263.387
752 205.577 557.808
753 238.982 698.467
754 391.452 560.783
755 295.349 205.3
756 63.4562 102.635
757 16.2415 704.582
758 63.6283 756.936
759 423.748 564.903
760 188.628 44.7412
761 743.021 766.326
762 717.789 392.371
763 361.988 767.989
764 527.372 353.309
765 73.6189 577.732
766 626.933 609.369
767 216.567 55.3323
768 203.005 777.081
769 14.4945 508.537
770 119.446 725.489
771 14.6583 489.621
772 737.274 358.077
773 96.9323 93.0268
774 479.047 823.131
775 310.362 702.314
776 685.539 636.504
777 183.905 426.293
778 24.0483 587.286
779 841.117 494.835
780 825.869 238.492
781 587.364 343.282
782 383.03 389.579
783 285.331 586.851
784 738.217 82.19
785 416.575 325.048
786 125.209 308.26
787 653.434 736.573
788 225.243 719.103
789 336.607 652.416
790 677.237 33.1108
791 166.728 502.287
792 745.115 346.093
793 842.919 331.681
794 214.767 356.85
795 884.888 406.066
796 81.6063 818.488
797 683.588 724.242
798 656.103 100.262
799 174.289 311.101
800 189.193 418.211
801 619.504 296.768
802 207.729 881.434
803 820.947 646.065
804 313.226 862.629
805 764.905 693.117
806 533.102 865.083
807 521.673 425.881
808 893.293 53.2283
809 647.393 402.354
810 893.997 728.491
811 494.014 773.833
812 23.6934 333.728
813 368.256 804.949
814 885.445 121.09
815 22.6289 312.766
816 135.227 179.231
817 844.229 387.393
818 417.146 633.283
819 832.546 831.62
820 267.492 135.118
821 230.083 486.807
822 113.636 869.56
823 887.693 69.2535
824 321.035 722.133
825 119.609 367.494
826 123.656 485.69
827 558.734 233.631
828 783.985 28.6635
829 390.56 490.986
830 276.823 842.156
831 352.456 239.282
832 661.814 413.461
833 335.994 573.585
834 3.11181 481.194
835 475.534 452.932
836 570.263 542.902
837 721.667 817.069
838 554.721 89.2147
839 849.361 125.892
840 833.392 375.737
841 703.408 294.751
842 715.586 792.122
843 365.056 758.627
844 801.064 539.217
845 832.109 520.464
846 745.946 748.773
847 100.697 696.911
848 809.671 0.846194
849 601.862 795.887
850 650.858 585.648
851 102.499 8.95328
852 520.439 67.4247
853 51.7543 275.015
854 128.057 759.937
855 773.636 261.776
856 438.946 855.311
857 893.856 442.887
858 280.472 370.089
859 386.41 78.2614
860 356.771 776.015
861 764.792 168.64
862 455.168 248.865
863 282.9 674.853
864 18.5071 575.794
865 490.028 228.229
866 594.82 255.662
867 770.91 591.544
868 799.693 506.927
869 593.961 125.184
870 688.611 685.474
871 426.236 564.657
872 544.521 334.683
873 243.236 447.418
874 350.57 324.094
875 198.056 808.254
876 834.706 869.86
877 613.791 531.574
878 849.06 509.138
879 358.696 164.71
880 270.318 326.606
881 343.372 468.409
882 762.337 546.698
883 472.708 207.702
884 297.587 868.959
885 653.795 423.861
886 630.224 499.42
887 773.121 54.6205
888 514.811 402.051
889 348.96 19.9265
890 351.334 621.764
891 60.3003 729.967
892 651.681 386.03
893 625.367 314.459
894 290.518 804.157
895 166.473 755.433
896 550.242 502.448
897 581.445 508.163
898 300.517 49.516
899 223.805 77.9611
900 809.18 488.172
901 5.89606 548.934
902 667.483 275.04
903 510.207 142.515
904 274.289 514.488
905 535.975 472.288
906 497.783 552.729
907 198.765 124.5
908 379.855 270.873
909 131.391 464.317
910 583.355 762.257
911 830.982 263.985
912 400.903 389.604
913 19.5989 155.947
914 180.922 852.172
915 684.353 527.318
916 506.024 736.571
917 389.277 605.138
918 364.563 178.765
919 588.705 864.812
920 34.8934 738.047
921 447.996 333.73
922 663.252 240.647
923 592.59 659.649
924 113.09 654.137
925 0.354856 267.943
926 671.74 481.487
927 839.861 746.016
928 120.031 863.912
929 490.098 776.888
930 340.512 35.7039
931 706.52 811.882
932 660.468 175.435
933 190.61 460.439
934 665.516 712.006
935 18.1249 7.47926
936 557.697 413.734
937 791.519 672.836
938 572.628 884.712
939 241.193 439.04
940 577.789 210.431
941 570.908 268.928
942 876.833 166.919
943 422.77 417.394
944 586.673 826.215
945 636.548 246.545
946 130.696 805.686
947 657.52 230.767
948 769.209 870.299
949 537.14 684.218
950 344.59 591.572
951 606.312 327.395
952 190.23 666.94
953 488.691 193.562
954 154.035 66.822
955 692.676 427.437
956 756.498 274.221
957 826.839 768.563
958 749.046 139.651
959 4.66772 780.138
960 757.014 685.827
961 340.143 177.648
962 563.647 217.117
963 829.188 231.584
964 796.554 81.6714
965 645.969 176.584
966 346.467 109.762
967 125.201 131.46
968 262.154 376.286
969 222.165 252.468
970 12.0651 354.583
971 284.907 792.995
972 720.976 36.252
973 35.8656 649.741
974 138.121 357.012
975 125.1 423.397
976 889.703 849.743
977 692.638 123.792
978 468.792 218.266
979 426.732 378.877
980 843.433 218.891
981 453.52 258.062
982 140.304 25.2787
983 759.307 816.962
984 793.613 93.3543
985 512.466 24.1869
986 589.942 530.866
987 393.369 665.19
988 572.554 720.248
989 441.195 765.016
990 4.50394 752.403
991 184.594 656.974
992 529.841 610.763
993 230.812 329.254
994 687.173 585.785
995 883.582 703.899
