1 61.44 158.389
2 598.397 25.1784
3 460.227 578.45
4 405.742 64.9499
5 290.84 8.22248
6 286.296 516.049
7 97.3766 132.081
8 222.577 126.194
9 5.44305 66.3396
10 359.685 488.294
11 75.0639 369.172
12 230.384 280.742
13 198.845 110.388
14 268.29 613.067
15 93.4807 596.323
16 567.706 152.676
17 35.071 257.685
18 115.038 233.742
19 218.745 362.098
20 485.474 307.05
21 152.676 204.404
22 102.927 499.892
23 567.911 599.305
24 288.868 357.996
25 73.6742 161.853
26 477.895 607.809
27 406.826 341.609
28 359.245 423.709
29 22.1968 1.40902
30 403.961 512.226
31 337.546 164.883
32 466.867 80.0529
33 596.188 309.665
34 488.193 556.021
35 597.608 560.229
36 553.681 455.441
37 474.392 106.612
38 175.843 307.243
39 321.333 307.996
40 537.704 497.788
41 48.1575 551.603
42 84.0747 578.797
43 579.743 418.622
44 69.2927 173.656
45 492.422 28.7208
46 562.491 207.54
47 165.608 415.399
48 69.6828 17.7575
49 55.1254 398.155
50 289.725 264.383
51 121.327 69.244
52 563.24 290.363
53 467.562 3.82172
54 109.151 96.7396
55 472.252 163.021
56 423.033 51.4598
57 527.03 262.675
58 542.642 291.714
59 463.489 188.566
60 459.61 151.604
61 324.479 206.034
62 187.94 178.752
63 412.683 264.325
64 629.036 424.519
65 323.186 17.6996
66 179.1 303.769
67 443.223 259.924
68 502.98 57.3065
69 462.061 235.527
70 507.436 553.367
71 187.766 24.6674
72 363.2 281.726
73 127.009 557.199
74 21.1353 337.064
75 404.958 368.573
76 544.018 217.5
77 87.0278 616.058
78 558.936 375.136
79 218.031 411.935
80 500.78 600.55
81 315.079 432.607
82 406.897 283.772
83 163.309 303.218
84 347.39 130.537
85 420.505 372.137
86 104.819 101.121
87 121.765 535.86
88 454.63 329.082
89 258.12 492.287
90 118.377 122.787
91 168.291 357.764
92 119.892 328.291
93 282.493 44.8513
94 578.179 388.059
95 586.518 538.38
96 398.312 76.8011
97 421.161 219.314
98 227.117 570.692
99 121.774 553.34
100 274.684 163.158
101 457.39 629.137
102 461.833 320.223
103 546.979 218.282
104 40.2245 469.559
105 545.133 252.156
106 130.922 300.759
107 505.68 435.985
108 447.158 81.7423
109 391.389 385.115
110 61.0703 130.054
111 582.707 541.526
112 178.435 392.942
113 171.038 625.593
114 297.309 393.328
115 584.645 114.42
116 567.575 130.903
117 295.549 555.953
118 502.65 491.168
119 317.631 296.955
120 507.668 433.774
121 114.767 11.3971
122 44.1884 460.055
123 571.327 177.266
124 580.23 219.16
125 414.135 564.437
126 286.631 234.862
127 297.474 218.803
128 96.7396 580.071
129 292.089 210.484
130 490.104 296.009
131 37.1342 323.862
132 578.083 341.735
133 357.138 196.692
134 352.177 52.0371
135 593.698 214.962
136 217.954 426.836
137 324.576 442.895
138 462.582 391.707
139 462.477 90.5052
140 134.003 397.883
141 417.783 618.124
142 33.6345 276.466
143 472.214 52.8671
144 364.75 576.963
145 571.269 56.1098
146 509.504 49.1896
147 406.492 379.682
148 103.675 517.341
149 554.783 81.5107
150 18.8963 406.916
151 116.193 481.498
152 251.596 96.0392
153 384.14 100.088
154 81.4141 94.1623
155 69.7174 370.649
156 134.494 497.634
157 585.36 578.806
158 590.627 341.532
159 387.283 606.109
160 359.782 223.695
161 350.285 272.365
162 427.353 529.105
163 405.961 108.861
164 165.666 570.787
165 281.794 65.3644
166 381.492 547.702
167 394.834 425.177
168 396.262 543.958
169 581.933 187.92
170 432.112 462.331
171 277.287 530.041
172 263.979 481.874
173 138.018 231.744
174 488.369 334.13
175 51.8796 353.595
176 61.9622 37.8697
177 387.391 187.428
178 104.518 47.2015
179 223.165 449.466
180 296.801 233.414
181 465.574 475.06
182 469.529 246.22
183 38.1247 191.414
184 141.252 33.8641
185 365.437 582.975
186 257.507 228.038
187 186.28 134.88
188 13.1637 242.179
189 245.555 579.617
190 311.219 33.2374
191 3.5708 37.8596
192 370.089 173.029
193 425.851 339.148
194 90.5438 211.102
195 265.494 191.385
196 220.463 623.712
197 270.187 70.7597
198 351.097 113.976
199 430.233 454.195
200 267.929 596.651
201 11.3686 293.326
202 171.398 98.1964
203 25.2465 229.196
204 232.468 125.209
205 558.322 534.258
206 578.43 364.684
207 79.5612 251.528
208 523.348 374.074
209 323.879 461.675
210 466.674 107.935
211 247.747 328.522
212 308.961 329.075
213 105.425 410.005
214 447.913 507.564
215 565.556 148.94
216 277.306 562.468
217 475.147 523.633
218 182.879 83.1264
219 18.047 533.091
220 556.311 492.219
221 195.195 358.141
222 418.816 406.578
223 462.766 21.1353
224 304.193 99.5401
225 347.525 147.87
226 543.105 295.141
227 250.091 331.591
228 560.673 467.378
229 129.417 600.463
230 93.9795 152.395
231 504.486 566.483
232 64.573 480.629
233 226.476 529.413
234 235.036 275.636
235 71.0664 573.054
236 213.109 243.297
237 171.398 377.655
238 42.8109 118.849
239 21.6371 442.865
240 386.804 594.865
241 120.056 332.084
242 242.891 521.761
243 539.229 379.605
244 132.467 193.692
245 450.171 123.26
246 46.0577 79.1945
247 515.24 404.755
248 570.15 138.228
249 310.293 619.311
250 106.873 269.412
251 394.891 599.662
252 193.962 454.591
253 617.191 234.09
254 584.98 105.96
255 65.1459 173.213
256 317.28 257.106
257 169.873 16.1168
258 62.267 201.807
259 204.446 606.418
260 245.32 497.441
261 34.8587 269.933
262 351.949 77.2064
263 180.093 473.169
264 450.31 72.3708
265 133.115 357.34
266 406.167 532.338
267 145.954 163.658
268 291.749 608.271
269 55.9167 406.289
270 146.769 282.904
271 111.967 432.655
272 110.424 47.4626
273 234.437 586.421
274 327.934 199.27
275 502.421 1.29321
276 599.003 320.001
277 348.698 405.449
278 390.288 393.299
279 454.352 29.2805
280 540.583 270.937
281 441.157 142.146
282 327.587 566.955
283 166.978 57.3644
284 254.778 340.296
285 421.254 296.26
286 308.936 55.2043
287 319.331 514.851
288 101.025 575.795
289 582.834 620.566
290 557.951 36.0452
291 46.5362 280.008
292 89.1927 262.916
293 428.801 236.811
294 302.309 144.376
295 264.665 615.702
296 303.243 490.752
297 369.647 3.97613
298 82.1775 306.548
299 540.869 273.156
300 550.173 254.134
301 522.321 525.399
302 359.171 482.482
303 161.612 0.829969
304 616.459 160.763
305 243.721 306.085
306 167.152 171.311
307 228.208 13.9165
308 333.208 374.953
309 84.0778 183.327
310 624.063 483.36
311 298.689 440.347
312 240.861 292.767
313 311.914 413.865
314 597.037 609.429
315 300.835 152.676
316 201.401 424.365
317 96.5273 384.855
318 522.568 208.215
319 440.269 199.163
320 428.322 361.432
321 438.532 516.771
322 199.193 533.419
323 127.931 210.319
324 319.461 526.383
325 218.438 479.104
326 266.999 424.142
327 349.986 64.6025
328 585.842 195.892
329 118.258 79.0878
330 397.739 130.256
331 137.601 349.58
332 334.384 132.437
333 324.344 383.098
334 560.171 458.21
335 193.463 531.894
336 267.983 26.9928
337 284.216 597.578
338 26.2502 498.917
339 520.541 534.732
340 448.608 260.243
341 561.792 15.8751
342 487.922 589.548
343 287.883 478.863
344 366.074 147.107
345 522.263 397.371
346 290.701 178.619
347 247.273 456.637
348 358.749 460.68
349 557.488 92.3792
350 289.292 55.8395
351 584.645 72.4582
352 552.064 292.921
353 291.068 133.027
354 60.4912 452.912
355 631.075 410.284
356 278.908 437.808
357 588.387 438.667
358 38.5453 326.332
359 629.616 160.695
360 225.948 579.743
361 410.137 351.26
362 14.8236 121.253
363 38.4142 556.551
364 406.181 254.752
365 565.335 423.4
366 218.041 231.049
367 45.8291 388.618
368 218.185 79.0594
369 619.348 44.9341
370 150.054 19.7354
371 372 17.2648
372 397.845 628.257
373 424.505 448.868
374 365.823 234.775
375 193.881 323.804
376 407.92 151.923
377 623.085 578.894
378 319.596 360.419
379 395.2 452.41
380 419.347 227.064
381 146.962 487.713
382 341.417 500.5
383 462.643 108.378
384 399.755 491.554
385 520.035 486.255
386 581.383 530.022
387 527.648 172.114
388 566.114 364.115
389 476.672 239.533
390 310.756 393.579
391 423.149 62.0831
392 33.7006 59.4195
393 433.109 480.726
394 175.092 520.68
395 393.249 452.642
396 5.59746 372.665
397 89.9444 348.857
398 38.5758 258.97
399 386.051 330.221
400 47.9792 143.721
401 135.999 514.86
402 527.918 468.025
403 69.696 426.98
404 54.6621 469.878
405 513.982 412.765
406 332.875 307.001
407 311.972 503.019
408 146.161 441.205
409 327.386 549.922
410 40.0772 515.038
411 197.282 188.557
412 340.5 51.1391
413 400.836 8.32813
414 421.045 401.338
415 227.141 164.179
416 382.691 99.1523
417 213.164 367.966
418 0.791366 55.1345
419 489.373 28.6527
420 597.944 379.161
421 507.478 245.255
422 400.045 187.524
423 612.127 559.563
424 301.684 257.85
425 108.378 604.101
426 153.795 158.499
427 491.535 556.349
428 631.347 252.879
429 268.794 621.029
430 226.894 465.786
431 537.727 380.666
432 490.647 91.7405
433 541.884 591.536
434 143.488 38.593
435 123.183 370.842
436 450.314 428.071
437 119.223 508.481
438 607.245 319.316
439 275.955 366.499
440 517.476 182.988
441 450.152 499.95
442 62.0927 364.512
443 305.197 225.385
444 243.297 357.448
445 170.182 222.981
446 418.304 169.507
447 317.594 217.384
448 471.425 168.242
449 10.0754 144.202
450 422.112 397.622
451 425.735 42.0196
452 41.5797 109.691
453 474.558 200.544
454 444.226 270.029
455 576.685 125.006
456 58.4645 218.426
457 44.9341 387.219
458 583.758 526.788
459 442.275 150.349
460 69.0205 99.3931
461 337.353 245.603
462 618.614 626.346
463 564.176 516.694
464 548.441 412.021
465 128.24 562.342
466 450.021 531.47
467 588.255 214.944
468 629.68 352.158
469 279.691 473.13
470 223.377 112.007
471 627.532 446.253
472 81.0962 560.257
473 95.7532 443.705
474 615.702 107.317
475 91.3738 469.366
476 528.881 345.383
477 546.563 347.931
478 81.086 120.365
479 279.603 253.767
480 587.425 104.557
481 151.826 18.4137
482 626.592 224.786
483 205.388 281.282
484 517.3 453.79
485 223.389 70.5372
486 353.161 207.55
487 502.625 89.8002
488 37.6574 9.5929
489 174.988 246.655
490 368.583 351.694
491 273.772 297.978
492 10.114 624.821
493 275.202 521.761
494 136.018 450.422
495 465.668 521.935
496 630.865 16.0782
497 104.786 272.702
498 560.085 455.43
499 6.15721 587.83
500 5.19213 470.747
501 102.947 47.2595
502 156.961 432.491
503 0.308826 293.258
504 136.636 570.68
505 350.778 341.87
506 253.7 8.0386
507 268.813 340.933
508 210.272 92.1072
509 428.071 400.228
510 54.8551 317.299
511 260.707 322.423
512 537.926 142.484
513 240.575 562.256
514 315.157 538.515
515 465.584 330.675
516 598.496 607.836
517 558.974 232.092
518 304.29 196.557
519 310.293 142.446
520 469.569 420.803
521 363.932 286.088
522 141.519 123.241
523 593.447 501.977
524 632.388 92.474
525 600.067 337.227
526 208.719 605.153
527 334.941 588.1
528 409.271 81.1338
529 201.095 278.406
530 216.95 208.978
531 416.529 262.888
532 501.724 20.4688
533 35.005 462.621
534 19.07 109.469
535 608.899 195.226
536 344.63 376.738
537 12.4495 382.76
538 19.2823 213.148
539 455.213 560.914
540 195.139 175.036
541 602.461 518.257
542 488.419 40.6776
543 625.653 134.792
544 545.367 115.162
545 163.851 415.66
546 238.912 496.987
