1 123.579 23.7989
2 145.669 479.77
3 12.1214 537.018
4 198.717 149.886
5 136.115 588.293
6 298.124 341.011
7 231.044 253.13
8 203.091 65.6198
9 195.328 496.91
10 350.481 576.037
11 275.771 99.8665
12 586.363 502.787
13 445.462 321.101
14 160.534 564.986
15 495.163 288.452
16 91.6826 43.7374
17 257.99 338.965
18 111.834 11.5424
19 175.471 287.015
20 360.267 98.621
21 20.6141 197.986
22 348.601 360.535
23 519.194 96.7203
24 381.515 169.989
25 407.414 45.3395
26 350.092 613.6
27 549.832 48.5453
28 531.608 420.891
29 92.0026 488.108
30 342.051 446.486
31 143.973 126.812
32 32.5232 452.304
33 600.403 88.2469
34 570.436 181.637
35 295.7 482.318
36 466.453 482.443
37 425.075 339.67
38 331.312 545.425
39 242.917 183.442
40 561.173 616.406
41 180.631 458.094
42 94.8399 404.254
43 95.0218 98.554
44 613.17 518.46
45 354.174 258.024
46 314.904 38.5158
47 557.372 456.058
48 7.12229 106.429
49 57.7341 126.464
50 559.352 564.958
51 309.713 157.482
52 209.133 401.454
53 209.442 450.963
54 393.356 148.207
55 419.597 600.704
56 58.4066 307.31
57 90.1192 106.661
58 368.073 240.468
59 78.9212 366.218
60 295.758 468.15
61 386.022 125.036
62 189.407 19.8126
63 543.075 345.151
64 141.576 331.661
65 162.456 92.7533
66 9.12966 458.934
67 303.374 592.598
68 617.453 367.755
69 363.99 412.688
70 510.757 158.814
71 548.687 331.082
72 246.401 495.983
73 481.468 82.7165
74 29.7631 68.8488
75 97.979 179.447
76 145.418 56.4084
77 531.379 590.185
78 116.292 553.668
79 396.609 382.142
80 155.03 163.099
81 508.809 69.2826
82 126.483 364.742
83 561.117 447.517
84 264.625 551.813
85 471.799 205.59
86 54.8165 149.684
87 273.312 236.705
88 340.866 398.684
89 273.812 63.2991
90 153.12 523.7
91 317.396 628.276
92 549.903 191.365
93 271.786 422.223
94 107.884 496.09
95 456.907 447.555
96 340.922 247.427
97 66.1435 404.845
98 32.3606 237.604
99 99.7314 355.139
100 218.745 129.863
101 442.238 481.488
102 241.038 270.849
103 393.926 44.3835
104 366.663 510.682
105 135.147 63.2026
106 162.655 113.213
107 372.695 286.397
108 366.631 85.7468
109 123.257 251.558
110 458.722 455.923
111 592.304 537.704
112 429.769 180.827
113 123.136 9.06159
114 456.204 302.986
115 632.259 478.361
116 307.949 611.148
117 238.992 201.953
118 154.732 601.361
119 254.134 583.084
120 630.173 300.159
121 535.088 521.413
122 272.588 443.618
123 410.658 441.35
124 258.313 282.835
125 387.458 533.216
126 26.3853 556.474
127 86.6113 453.819
128 390.664 258.894
129 417.629 70.7881
130 501.185 557.478
131 130.749 217.626
132 140.494 411.095
133 437.741 217.635
134 519.869 200.409
135 422.175 275.096
136 188.902 334.844
137 444.771 83.6145
138 517.862 10.818
139 562.622 43.004
140 445.5 517.013
141 519.85 128.944
142 483.735 503.791
143 313.651 590.378
144 506.204 273.05
145 231.079 77.7854
146 375.879 320.293
147 540.966 576.037
148 568.741 161.805
149 312.319 172.383
150 350.807 473.545
151 317.752 500.915
152 631.584 393.811
153 258.468 617.555
154 603.429 411.828
155 529.192 147.619
156 580.264 493.04
157 472.375 248.606
158 325.942 390.047
159 560.982 20.5267
160 256.753 372.482
161 499.236 242.206
162 306.046 19.7354
163 125.468 169.275
164 120.288 511.579
165 387.19 106.12
166 307.88 205.494
167 61.6879 271.641
168 332.514 319.566
169 373.104 110.907
170 142.487 311.238
171 372.847 189.252
172 124.011 440.076
173 382.326 502.189
174 255.843 157.259
175 185.083 25.98
176 345.455 534.925
177 120.056 426.895
178 442.991 382.905
179 557.737 480.34
180 371.73 575.342
181 270.49 459.282
182 258.035 304.946
183 436.93 622.073
184 289.254 76.4361
185 67.2468 292.139
186 192.109 597.181
187 293.915 321.314
188 332.344 109.594
189 353.508 304.021
190 169.14 317.685
191 78.0058 414.685
192 180.586 449.968
193 12.7198 621.936
194 557.118 319.682
195 620.414 230.075
196 366.943 215.367
197 51.2528 40.9019
198 403.828 423.381
199 64.3708 355.815
200 500.636 347.091
201 339.341 21.5985
202 549.536 208.536
203 122.584 390.78
204 257.288 53.0306
205 461.328 300.719
206 494.024 409.889
207 163.041 532.956
208 567.679 256.827
209 430.016 114.13
210 605.858 223.869
211 501.163 231.474
212 621.439 600.578
213 197.386 45.0398
214 326.139 371.517
215 424.021 330.182
216 185.629 238.944
217 473.62 133.085
218 545.987 252.118
219 10.7896 368.757
220 231.812 176.368
221 3.35848 181.396
222 65.6731 498.145
223 190.183 274.179
224 312.686 341.291
225 476.402 140.621
226 20.9229 209.712
227 236.694 346.232
228 235.769 225.934
229 418.912 615.084
230 531.952 73.2496
231 268.863 522.031
232 415.235 540.408
233 448.724 359.801
234 156.246 618.973
235 179.157 562.584
236 1.98806 545.279
237 418.864 470.389
238 443.805 412.658
239 470.766 115.308
240 443.924 566.202
241 244.821 607.807
242 569.069 439.429
243 530.427 343.223
244 525.64 372.617
245 370.51 36.0747
246 218.187 130.141
247 405.321 350.112
248 274.179 527.059
249 441.428 189.561
250 574.937 622.573
251 10.4229 379.855
252 242.251 282.199
253 517.118 24.7345
254 217.169 295.257
255 520.255 504.061
256 451.911 143.256
257 357.322 406.125
258 124.763 157.134
259 81.9353 231.774
260 471.789 574.145
261 90.6383 415.042
262 67.906 86.3747
263 310.83 510.315
264 318.273 486.111
265 234.128 9.04229
266 276.302 378.543
267 428.64 18.8475
268 492.741 282.537
269 105.942 429.808
270 409.908 549.584
271 167.933 179.891
272 117.74 378.968
273 606.336 289.427
274 55.7237 0.250921
275 295.739 274.459
276 73.7514 191.897
277 10.2105 95.0025
278 67.3463 561.58
279 82.2217 602.403
280 252.893 503.212
281 125.45 209.335
282 240.86 600.569
283 615.736 482.463
284 240.236 624.059
285 327.979 420.726
286 112.355 428.148
287 10.1333 305.544
288 541.502 401.398
289 1.67924 585.456
290 109.497 472.872
291 562.132 311.054
292 393.918 427.395
293 424.172 214.682
294 624.51 61.5914
295 509.408 218.262
296 71.0136 260.581
297 30.7474 346.762
298 468.865 579.655
299 628.378 24.957
300 597.751 114.613
301 85.2693 517.157
302 485.925 561.061
303 142.466 539.006
304 281.692 198.237
305 470.805 487.462
306 128.281 625.69
307 624.153 534.856
308 185.106 204.548
309 133.181 151.749
310 232.623 247.108
311 118.3 461.656
312 524.158 115.143
313 363.604 330.907
314 504.505 479.376
315 602.345 0.59835
316 177.359 439.613
317 212.019 102.462
318 146.962 271.679
319 33.1713 147.677
320 521.958 455.566
321 472.874 100.677
322 205.753 80.6705
323 36.924 275.106
324 292.168 234.707
325 561.889 611.32
326 344.862 463.711
327 66.1242 46.0343
328 216.892 130.498
329 105.361 528.39
330 336.869 477.28
331 333.973 106.824
332 353.335 487.076
333 47.106 287.324
334 290.817 46.7292
335 511.261 539.132
336 333.86 283.415
337 108.774 242.332
338 564.762 500.751
339 72.0143 116.968
340 382.905 0.501842
341 619.231 112.923
342 567.892 573.761
343 328.474 191.667
344 386.399 72.1301
345 380.454 71.7918
346 166.044 249.803
347 425.349 446.948
348 486.643 409.647
349 261.402 249.126
350 529.721 37.2033
351 559.023 61.2145
352 603.773 135.912
353 421.972 153.988
354 57.8316 571.733
355 247.443 147.975
356 515.229 515.902
357 267.691 168.087
358 165.878 262.395
359 220.17 364.453
360 461.289 563.607
361 352.329 485.86
362 244.033 158.591
363 241.289 353.683
364 475.591 614.138
365 0.59835 61.3019
366 213.756 437.519
367 620.659 391.291
368 574.01 51.1878
369 4.97981 480.147
370 595.039 421.344
371 537.839 246.78
372 15.615 348.548
373 119.786 68.3663
374 111.013 221.254
375 270.895 539.663
376 474.414 105.724
377 621.212 96.4694
378 50.9145 423.621
379 284.721 96.7488
380 604.333 542.645
381 616.388 554.014
382 440.222 237.033
383 258.506 458.963
384 229.089 182.602
385 597.851 347.873
386 172.634 313.178
387 53.0596 271.189
388 370.401 10.432
389 474.237 279.033
390 406.772 178.54
391 62.9425 145.871
392 478.916 351.019
393 74.881 78.3259
394 567.197 246.945
395 8.84013 475.195
396 429.168 93.6707
397 323.092 574.791
398 326.162 136.983
399 356.52 606.669
400 122.492 572.601
401 270.469 108.185
402 345.754 426.507
403 380.724 296.28
404 442.219 117.44
405 420.447 55.1464
406 632.195 180.981
407 154.509 207.994
408 595.136 594.084
409 245.111 186.764
410 23.1233 114.458
411 390.771 535.484
412 412.034 370.774
413 444.106 491.245
414 84.539 68.4719
415 444.013 339.399
416 535 607.315
417 482.887 194.232
418 209.729 130.498
419 437.297 270.405
420 623.793 624.001
421 44.7898 166.119
422 325.636 291.869
423 410.198 281.379
424 540.29 208.843
425 134.03 285.741
426 469.782 10.3548
427 471.326 181.146
428 547.577 298.064
429 183.723 17.921
430 234.283 68.7716
431 282.402 10.6756
432 233.025 380.763
433 144.453 325.85
434 475.591 149.095
435 508.286 58.8506
436 209.422 392.112
437 42.2319 548.464
438 4.67099 166.476
439 629.196 267.289
440 252.484 401.338
441 310.966 311.103
442 290.685 29.9845
443 517.73 382.432
444 70.204 231.465
445 248.026 203.69
446 268.675 431.825
447 253.14 350.314
448 547.223 452.584
449 440.518 185.701
450 193.483 0.0193016
451 185.429 591.179
452 93.6128 370.735
453 405.527 163.195
454 576.326 77.7082
455 176.957 562.381
456 86.3919 32.4846
457 191.472 90.495
458 143.334 416.318
459 621.914 438.889
460 385.038 248.257
461 630.657 610.113
462 2.99175 439.526
463 16.3678 207.057
464 61.2409 20.6334
465 285.609 295.45
466 389.487 126.406
467 589.07 558.752
468 579.183 137.234
469 96.6624 478.757
470 504.703 71.3773
471 257.913 313.13
472 339.477 496.534
473 329.806 330.761
474 317.772 234.543
475 320.001 350.807
476 173.448 57.3451
477 565.541 163.745
478 399.676 522.002
479 375.46 309.414
480 245.709 584.24
481 85.7184 516.667
482 388.907 80.5263
483 124.609 599.305
484 9.24547 1.40902
485 299.887 358.575
486 435.482 616.146
487 562.853 392.073
488 466.134 89.1155
489 89.403 374.518
490 447.814 353.142
491 60.5074 620.189
492 210.137 254.299
493 134.513 171.514
494 528.669 87.9086
495 446.543 337.266
496 40.6293 328.147
497 171.282 524
498 8.16458 594.2
499 298.072 541.892
500 555.461 8.11581
501 584.586 41.7971
502 159.933 25.6518
503 591.206 320.995
504 3.37778 249.791
505 161.938 253.97
506 297.09 329.024
507 230.751 568.789
508 619.264 584.259
509 1.04229 146.585
510 527.987 158.514
511 549.746 512.901
512 213.157 121.667
513 302.746 555.577
514 383.349 382.5
515 349.417 312.126
516 329.71 291.425
517 81.9718 316.169
518 594.373 278.213
519 507.109 124.013
520 550.154 422.049
521 150.968 520.757
522 91.837 217.615
523 335.056 575.178
524 604.526 155.696
525 481.412 399.186
526 156.219 622.438
527 198.305 45.8504
528 524.965 164.044
529 524.019 442.624
530 475.07 243.683
531 436.31 259.085
532 432.097 473.102
533 30.6621 500.336
