1 378.157 506.097
2 364.646 1250.78
3 608.579 1229.51
4 821.244 1079.47
5 614.232 197.533
6 248.064 1250.63
7 92.3003 528.287
8 1083.92 34.7043
9 651.622 528.323
10 781.56 798.362
11 880.539 578.855
12 164.513 1018.21
13 199.231 817.153
14 943.964 134.88
15 421.222 74.6586
16 1035.26 899.85
17 1192.88 929.96
18 986.505 357.002
19 502.15 659.043
20 1135.36 1107.03
21 1046.23 1083.67
22 377.115 657.46
23 738.558 452.545
24 488.33 1094.06
25 33.8164 453.279
26 804.993 704.556
27 739.918 297.485
28 964.926 731.81
29 544.74 828.463
30 329.787 524.163
31 108.562 949.948
32 453.791 141.597
33 1017.19 70.7597
34 181.126 309.607
35 910.881 521.763
36 760.461 824.14
37 2.70222 860.011
38 268.865 263.428
39 890.464 23.0461
40 392.079 600.511
41 135.497 143.034
42 59.1177 1099.12
43 454.012 506.7
44 179.289 833.289
45 710.492 603.84
46 125.775 682.196
47 708.446 321.767
48 538.958 262.002
49 441.978 1212.54
50 1081.89 1238.62
51 412.282 486.795
52 136.771 374.846
53 1113.51 932.848
54 932.574 61.9967
55 1194.35 629.743
56 242.129 1217.27
57 440.115 995.345
58 333.879 282.925
59 912.248 216.341
60 1092.97 422.521
61 151.104 176.997
62 698.602 637.184
63 340.759 1154.24
64 1086.31 840.276
65 359.126 1160.69
66 334.064 438.61
67 137.929 609.399
68 956.163 30.8826
69 609.339 321.226
70 1013.52 320.947
71 151.747 773.733
72 619.464 107.936
73 355.412 859.702
74 1017.08 490.376
75 983.614 56.5628
76 1149.49 565.083
77 1020.67 1125.44
78 559.399 548.252
79 152.869 1074.87
80 859.076 1188.4
81 1247.29 1117.15
82 1013.91 399.243
83 868.844 53.7743
84 756.97 1041.51
85 670.985 232.43
86 741.441 1028.74
87 120.793 552.421
88 285.586 792.494
89 992.913 768.474
90 304.467 550.018
91 1235.38 648.457
92 306.526 23.4413
93 204.034 94.3554
94 859.594 338.868
95 1157.67 449.505
96 804.915 907.493
97 115.732 624.478
98 383.639 1072.55
99 164.068 550.134
100 616.381 420.968
101 1229.42 817.847
102 872.703 113.957
103 629.078 728.751
104 1029.43 344.727
105 147.779 119.631
106 875.057 127.892
107 432.665 974.547
108 601.769 733.461
109 148.594 1253.06
110 422.463 544.314
111 59.7801 1062.41
112 423.13 272.732
113 1013.04 536.16
114 696.325 29.1932
115 504.351 178.617
116 143.218 645.686
117 499.101 861.662
118 312.223 354.3
119 674.128 870.009
120 444.802 395.653
121 722.189 475.321
122 610.124 937.286
123 1053.02 51.7374
124 914.75 539.21
125 32.2337 55.357
126 657.413 363.835
127 1058.46 113.841
128 760.444 1092.98
129 881.242 1107.07
130 280.568 1241.68
131 333.416 1126.53
132 361.982 1065.23
133 544.235 671.194
134 977.167 193.981
135 954.139 227.228
136 1099.19 578.469
137 1137.71 261.623
138 134.979 559.167
139 107.703 672.429
140 801.866 157.24
141 911.885 943.732
142 1055.49 435.608
143 395.837 1142.16
144 769.169 1185.13
145 1158.78 1216.27
146 687.832 178.202
147 1195.81 333.956
148 34.8831 1043.38
149 48.3698 89.0281
150 1110.21 197.812
151 12.6232 965.929
152 1036.49 366.074
153 525.467 905.756
154 1243.84 1146.21
155 561.638 643.4
156 836.57 291.656
157 702.95 243.518
158 556.967 808.505
159 823.406 800.524
160 820.483 760.299
161 854.025 450.384
162 276.24 116.854
163 277.943 273.165
164 187.534 883.636
165 309.49 91.0355
166 961.551 360.833
167 1035.96 857.879
168 683.354 149.973
169 360.57 817.963
170 1023.95 1216.58
171 354.493 544.768
172 328.59 1234.84
173 423.629 238.182
174 1107.22 618.076
175 1002.77 695.361
176 107.51 200.042
177 837.677 26.0663
178 1256.55 585.89
179 1239.98 894.754
180 960.177 1224.34
181 293.539 719.92
182 207.608 65.3644
183 528.616 1196.67
184 522.417 801.055
185 338.767 424.837
186 174.153 1201.91
187 987.773 637.763
188 655.753 1128.8
189 247.237 463.363
190 1070.63 517.746
191 941.3 418.69
192 653.9 362.146
193 555.5 1213.15
194 771.948 376.381
195 910.263 440.771
196 478.101 1069.77
197 510.45 63.2026
198 666.029 495.134
199 1126.02 290.575
200 883.079 1186.44
201 300.41 491.428
202 338.528 1113.94
203 738.055 557.98
204 931.264 908.449
205 688.988 1072.02
206 907.076 364.887
207 604.719 687.494
208 279.719 345.462
209 659.92 991.648
210 159.082 670.74
211 767.48 894.706
212 506.435 83.0446
213 556.04 66.2817
214 604.603 271.583
215 893.278 1235.74
216 842.283 389.777
217 968.477 343.453
218 1134.43 1100.27
219 811.74 399.698
220 898.209 754.152
221 962.03 943.231
222 232.668 507.989
223 817.423 846.77
224 403.828 495.944
225 1053.51 192.871
226 60.9931 893.782
227 64.9915 72.3901
228 224.092 549.164
229 162.023 411.665
230 189.001 724.621
231 258.106 518.673
232 289.861 886.638
233 1002.06 787.853
234 694.142 288.096
235 929.888 82.3406
236 299.406 264.209
237 607.586 160.667
238 599.01 376.343
239 1141.3 865.686
240 865.591 671.541
241 254.82 259.924
242 479.797 682.63
243 932.846 1111.73
244 1023.99 686.374
245 1049.67 748.323
246 1184.48 70.846
247 649.769 1107.64
248 1141.94 1080.04
249 189.493 763.696
250 760.774 92.5705
251 396.918 743.191
252 345.081 285.085
253 951.573 44.0168
254 135.034 337.778
255 679.632 410.198
256 206.84 767.818
257 53.5426 743.237
258 436.425 343.337
259 1251.13 42.3881
260 309.134 470.003
261 572.563 861.044
262 438.67 918.495
263 203.941 899.686
264 327.996 396.764
265 371.169 364.337
266 319.524 316.27
267 448.145 1244.42
268 734.867 87.7542
269 532.206 481.314
270 749.134 125.885
271 310.022 36.7116
272 214.433 980.183
273 356.602 161.911
274 1131.18 959.598
275 751.576 844.985
276 954.293 617.072
277 477.83 521.799
278 834.254 499.603
279 958.903 1011.68
280 170.417 1248.01
281 571.868 879.497
282 682.312 448.463
283 984.514 1188.1
284 1108.26 919.876
285 542.334 964.471
286 833.482 569.899
287 1036.34 977.896
288 721.063 1105.14
289 1128.25 386.118
290 30.9984 711.997
291 837.507 964.541
292 479.143 321.487
293 206.759 189.203
294 470.39 1023.5
295 71.3387 166.505
296 255.718 1006.46
297 283.973 691.663
298 517.405 838.732
299 1040.32 727.293
300 790.506 1150.68
301 587.965 96.8884
302 695.357 1079.73
303 520.641 416.953
304 1220.73 1162.42
305 823.339 203.101
306 956.858 124.727
307 800.244 812.597
308 480.533 1106.1
309 912.198 974.47
310 162.29 222.239
311 900.261 1032.02
312 984.15 1105.44
313 777.464 983.148
314 829.142 186.231
315 858.497 348.982
316 967.666 227.913
317 703.389 917.521
318 943.81 854.057
319 299.915 356.271
320 85.9023 292.458
321 877.434 792.417
322 130.895 823.724
323 437.143 952.341
324 894.05 79.3387
325 178.463 674.745
326 550.827 985.694
327 762.462 338.636
328 957.702 1031.63
329 742.053 690.736
330 648.997 890.739
331 847.186 922.626
332 15.5571 873.638
333 693.66 342.76
334 1125.21 750.178
335 1167.11 950.497
336 539.692 356.232
337 211.739 953.267
338 122.758 476.093
339 999.514 664.98
340 1060.55 1071.74
341 444.9 15.7592
342 479.582 420.003
343 551.91 1197.01
344 137.659 783.992
345 164.102 918.186
346 894.05 864.412
347 616.995 977.712
348 765.926 525.63
349 790.99 1226.55
350 387.29 15.9817
351 621.264 413.874
352 858.265 814.73
353 789.358 314.964
354 1040.12 625.565
355 858.072 261.152
356 868.34 734.435
357 666.523 907.793
358 879.96 1137.11
359 1255.82 377.008
360 908.756 245.139
361 353.181 844.57
362 531.998 1244.49
363 994.402 1170.07
364 258.912 980.212
365 836.338 549.787
366 757.687 709.652
367 436.655 784.774
368 1082.94 1196.67
369 585.302 618.809
370 153.448 1190.06
371 1156.9 751.72
372 1252.09 1081.63
373 268.966 50.1087
374 1016.04 454.244
375 452.582 865.87
376 790.594 832.101
377 975.58 97.0484
378 856.963 874.333
379 410.622 885.258
380 566.413 399.736
381 518.742 223.946
382 1021.17 549.478
383 177.729 445.751
384 567.12 1222.23
385 631.857 723.395
386 665.712 659.12
387 389.506 856.305
388 603.256 725.316
389 369.821 746.248
390 778.373 984.227
391 870.711 1202.3
392 567.428 763.147
393 395.776 561.879
394 58.0978 608.975
395 593.756 12.9321
396 644.952 1163.73
397 236.329 840.623
398 898.158 321.487
399 1032.44 311.103
400 1164.77 1200.87
401 1132.86 99.2874
402 519.737 800.91
403 1186.35 765.038
404 675.196 784.812
405 804.22 361.559
406 822.311 1244.34
407 1074.64 529.636
408 606.562 948.558
409 424.304 320.754
410 294.542 1023.42
411 169.811 1049.28
412 145.997 1155.4
413 116.391 244.397
414 398.501 407.659
415 562.447 715.395
416 926.554 848.035
417 365.519 791.829
418 1186.19 631.741
419 759.191 944.196
420 137.736 315.774
421 1127.52 171.36
422 688.929 570.169
423 1203.72 216.68
424 456.395 591.565
425 274.003 486.834
426 284.201 868.765
427 433.055 160.483
428 762.86 497.518
429 494.739 1011.3
430 469.2 732.003
431 60.2494 582.213
432 661.222 704.817
433 603.77 1008.74
434 298.641 156.189
435 809.355 1214.92
436 1051.67 151.681
437 834.764 384.835
438 749.479 754.161
439 1202.53 1186.02
440 403.095 436.486
441 83.2239 338.704
442 717.979 383.339
443 809.355 972.762
444 763.533 118.859
445 1087.61 642.251
446 540.831 242.823
447 741.876 739.531
448 258.973 865.447
449 1070.58 282.46
450 908.449 465.602
451 365.341 1169.84
452 657.313 54.3147
453 1023.02 126.311
454 1156.55 1245.65
455 475.965 214.132
456 621.319 1140.69
457 867.585 127.854
458 883.989 1172.04
459 718.897 1115.64
460 861.969 292.96
461 997.009 593.717
462 90.9105 37.1749
463 236.329 798.546
464 17.1012 993.492
465 338.245 138.624
466 181.512 937.942
467 1016.11 706.091
468 904.709 982.529
469 519.831 282.809
470 825.479 410.506
471 337.743 113.425
472 153.1 146.499
473 913.307 886.522
474 864.25 279.419
475 1075.23 1033.72
476 25.2079 936.128
477 42.5407 8.19302
478 618.848 1188.86
479 900.96 823.908
480 107.327 263.274
481 724.56 1223.76
482 155.327 924.894
483 71.1457 1153.9
484 978.514 275.829
485 703.852 191.52
486 1083.13 482.163
487 590.233 289.678
488 1170.24 466.9
489 1194.46 980.753
490 1137.02 227.682
491 153.076 878.719
492 323.302 922.732
493 1153.4 27.7262
494 63.6993 413.372
495 913.197 1240.13
496 226.958 1089.11
497 1004.15 1113.55
498 50.879 1244.95
499 258.465 499.805
500 126.023 782.603
501 339.267 666.03
502 415.1 113.185
503 96.64 842.322
504 543.417 861.015
505 370.03 963.845
506 1143.12 598.465
507 449.251 613.752
508 993.762 576.848
509 182.01 585.919
510 353.705 13.057
511 731.801 41.0756
512 285.316 1206.01
513 853.826 1098.27
514 1070.78 336.282
515 529.095 119.245
516 542.59 647.346
517 1035.34 967.097
518 289.563 949.995
519 225.141 288.906
520 892.567 113.618
521 964.926 163.571
522 441.161 993.269
523 555.24 1047.88
524 769.478 629.473
525 241.363 5.32724
526 215.615 998.124
527 606.881 1020.52
528 51.8806 748.902
529 221.081 749.327
530 651.142 399.545
531 767.625 915.398
532 1202.17 386.852
533 1061.93 270.222
534 598.965 350.671
535 932.924 577.658
536 1166.28 1071.2
537 498.329 659.729
538 295.711 767.518
539 552.627 198.845
540 780.48 215.608
541 772.334 138.209
542 506.346 942.188
543 1160.37 913.043
544 1004.15 571.298
545 276.09 1152.5
546 517.807 921.111
547 551.623 892.322
548 32.1951 1212.77
549 724.543 279.41
550 1005.76 506.252
551 1243.6 945.431
552 861.152 652.008
553 822.999 1189.48
554 850.274 1023.18
555 714.7 782.805
556 322.3 1064.95
557 25.4009 40.6969
558 742.453 1002.3
559 987.086 739.213
560 990.095 1184.81
561 151.003 390.133
562 66.2918 1175.04
563 662.392 474.472
564 422.242 753.457
565 62.8887 423.911
566 837.358 1017.31
567 1115.29 116.157
568 336.311 748.477
569 1233.18 757.172
570 1102.82 1152.54
571 1193.69 1058.92
572 83.1228 801.45
573 344.341 835.653
574 1134.28 302.958
575 944.35 989.477
576 386.331 579.173
577 835.006 593.447
578 1153.54 409.319
579 591.622 385.106
580 321.867 564.379
581 810.921 1240.75
582 102.321 1065.1
583 1044.3 620.131
584 1163.11 1122.81
585 782.718 934.245
586 1120.16 156.111
587 502.567 607.113
588 1042.61 514.899
589 34.4341 775.926
590 612.054 668.578
591 286.359 727.053
592 858.844 528.787
593 130.109 652.133
594 629.387 460.189
595 205.04 420.813
596 126.519 718.058
597 223.899 776.783
598 577.41 910.881
599 363.372 465.216
600 1012.5 223.174
601 482.559 78.5207
602 1203.86 271.342
603 122.218 632.32
604 1128.29 570.285
605 262.28 429.161
606 616.54 521.105
607 564.956 1129.41
608 602.364 1126.98
609 923.852 700.957
610 909.784 1003.53
611 90.3152 624.609
612 883.979 368.275
613 22.7759 216.448
614 463.084 1261.87
615 1127.75 810.638
616 518.457 978.63
617 1023.02 131.212
618 1047.3 241.888
619 126.159 132.988
620 913.043 1215.45
621 725.47 1210.88
622 980.19 773.685
623 1144.89 719.643
624 829.351 411.973
625 1171.07 1140.42
626 1024.57 174.882
627 399.582 699.492
628 1089.59 1172.66
629 1055.95 0.386032
630 650.734 433.909
631 1100.5 685.37
632 368.352 1182.46
633 545.004 615.258
634 57.2485 1106.06
635 414.984 909.694
636 200.2 190.014
637 9.6122 441.814
638 1111.77 365.234
639 946.374 1050.78
640 854.088 49.1896
641 699.644 601.669
642 951.347 841.598
643 581.673 907.37
644 469.559 1131.47
645 629.309 847.851
646 1015.15 1053.94
647 494.584 1163.77
648 625.603 757.25
649 646.032 835.066
650 809.972 513.075
651 1199.86 1041.32
652 806.73 1089.04
653 444.983 1248.5
654 843.673 1238.74
655 586.2 520.033
656 558.822 450.422
657 35.005 251.741
658 882.595 1070.09
659 470.037 722.815
660 398.55 1183.19
661 61.4563 501.001
662 645.446 615.142
663 352.447 670.315
664 1155.29 824.294
665 438.494 169.014
666 205.639 213.398
667 423.94 298.598
668 421.817 1188.87
669 208.689 1022.21
670 1020.29 1246.11
671 100.523 992.266
672 997.97 472.04
673 703.35 1076.64
674 254.704 72.4968
675 408.991 317.984
676 945.87 300.951
677 1161.96 504.051
678 906.635 300.11
679 890.988 421.894
680 109.208 1141.73
681 169.159 517.138
682 984.906 678.113
683 588.39 1041.63
684 607.537 179.746
685 912.913 196.722
686 1023.77 624.368
687 204.134 443.86
688 351.248 988.165
689 284.814 835.884
690 575.767 451.233
691 799.743 1064.07
692 868.235 770.867
693 946.837 163.996
694 103.804 214.093
695 1176.09 1222.6
696 1108.38 1015.3
697 932.028 628.692
698 395.299 690.543
699 1015.08 213.832
700 2.16178 243.619
701 844.792 17.4964
702 321.949 1088.61
703 562.41 1066.27
704 326.544 674.205
705 1210.99 724.621
706 597.415 970.301
707 80.6888 653.716
708 608.48 870.309
709 339.708 1142.28
710 1231.81 815.077
711 709.5 43.5774
712 368.959 52.0371
713 6.40813 56.2852
714 911.885 352.379
715 169.885 103.311
716 1263.33 675.063
717 665.401 63.4251
718 803.111 645.262
719 1105.75 755.156
720 621.203 1255.84
721 920.02 489.373
722 374.953 104.045
723 1107.1 833.675
724 974.538 439.352
725 584.3 598.899
726 456.56 1162.85
727 274.546 190.121
728 278.754 966.788
729 973.898 659.468
730 699.413 588.129
731 362.242 91.9528
732 339.322 416.46
733 668.66 116.813
734 1089.36 1139.03
735 692.103 758.785
736 39.6841 810.638
737 781.483 174.148
738 556.504 331.997
739 231.272 596.535
740 852.127 470.08
741 117.663 271.767
742 1101.89 412.245
743 668.646 195.332
744 164.411 754.726
745 1005.3 669.843
746 393.228 692.696
747 52.1529 102.037
748 798.8 680.767
749 724.466 890.037
750 563.143 987.894
751 285.42 1173.82
752 811.951 568.741
753 1185.67 332.644
754 780.258 1135.2
755 126.734 805.89
756 788.81 720.113
757 1005.58 522.928
758 58.3071 308.44
759 488.415 890.151
760 117.756 489.884
761 1187.47 322.655
762 1244.45 1121
763 725.817 549.101
764 12.7777 831.097
765 1258.2 825.877
766 738.827 262.858
767 1047.93 852.908
768 831.127 934.622
769 912.348 934.052
770 135.894 900.613
771 892.272 1089.2
772 1058.44 768.29
773 379.468 922.58
774 656.447 1045.34
775 753.652 806.083
776 801.861 1130.07
777 3.89892 351.714
778 937.938 476.248
779 1032.02 261.459
780 1136.44 821.292
781 1190.25 641.286
782 1188.6 656.866
783 1172.42 1264.69
784 267.52 416.374
785 622.631 216.573
786 29.1454 1119.84
787 909.414 153.148
788 82.1862 1027.74
789 702.54 1027.46
790 462.405 361.103
791 666.533 10.046
792 1189.18 60.6548
793 970.137 965.157
794 1240.57 201.277
795 881.118 954.233
796 1257.67 706.709
797 229.998 739.174
798 173.517 347.815
799 1096.14 1180.72
800 897.216 408.036
801 817.384 716.012
802 409.962 485.02
803 498.089 603.725
804 258.073 592.561
805 227.247 646.874
806 249.84 330.214
807 157.462 242.853
808 608.75 840.507
809 542.684 924.392
810 425.021 233.018
811 30.6509 710.231
812 1082.23 438.031
813 694.163 539.211
814 645.019 142.223
815 995.967 883.241
816 1094.02 817.2
817 1237.77 117.896
818 101.652 376.583
819 35.9396 662.547
820 1123.49 743.691
821 545.049 550.25
822 290.96 644.181
823 1176.59 79.5703
824 1209.49 25.6417
825 551.447 44.0076
826 907.561 1161.33
827 269.914 169.468
828 999.012 830.432
829 487.365 375.309
830 290.828 1208.67
831 207.964 701.806
832 1069.34 1232.65
833 618.307 434.17
834 178.733 1064.88
835 1260.91 857.039
836 201.972 1129.49
837 513.886 565.382
838 863.46 303.46
839 981.509 1041.72
840 1144.16 1031.05
841 12.5074 490.038
842 605.105 350.015
843 372.602 893.75
844 1228.21 301.802
845 308.096 1097.6
846 832.285 1146.87
847 1073.53 95.7065
848 249.106 101.651
849 542.414 1097.72
850 451.41 173.946
851 878.416 281.658
852 806.612 999.707
853 434.247 1048.23
854 499.803 10.8089
855 436.216 1110.15
856 1203.15 1002.26
857 388.147 263.428
858 335.886 32.706
859 112.683 968.168
860 585.834 581.094
861 477.249 1097.72
862 269.995 966.817
863 992.99 331.022
864 478.487 132.225
865 1013.55 378.157
866 377.035 765.386
867 1193.15 873.513
868 821.283 1162.97
869 522.147 135.806
870 27.0222 329.526
871 1072.78 880.462
872 49.4507 427.955
873 757.039 791.761
874 1154.36 249.803
875 966.2 447.257
876 509.129 519.531
877 452.494 822.605
878 148.645 146.924
879 89.275 1094.67
880 827.921 367.927
881 719.161 967.058
882 1172.38 1187.91
883 474.946 774.189
884 730.224 111.411
885 909.067 374.53
886 877.841 200.283
887 1264.73 776.426
888 577.156 1251.4
889 709.704 819.005
890 812.774 69.0997
891 639.508 190.007
892 537.759 584.346
893 141.681 1098.53
894 644.43 1182.12
895 354.438 387.769
896 157.633 750.803
897 4.59378 919.846
898 306.912 614.92
899 1100.46 545.27
900 301.838 1001.91
901 256.788 118.55
902 714.159 1065.26
903 770.558 500.036
904 280.592 1046.61
905 744.042 7.72064
906 574.079 16.2151
907 177.914 435.328
908 1096.48 1021.91
909 1197.54 586.383
910 933.271 877.846
911 821.167 1119.42
912 583.372 576.548
913 446.639 140.332
914 904.213 876.408
915 969.442 880.657
916 558.472 332.412
917 689.569 1260.98
918 1198.71 94.8572
919 1161.03 401.096
920 884.344 856.837
921 1065.43 98.2451
922 1254.08 697.29
923 1153.81 659.883
924 897.795 407.459
925 180.277 284.553
926 1211.29 605.993
927 673.039 1166.28
928 7.2574 1015.43
929 460.459 903.662
930 179.968 1255.77
931 333.377 1023.6
932 670.135 679.31
933 171.876 13.9744
934 860.738 235.489
935 461.654 701.304
936 1078.59 995.345
937 253.083 911.238
938 621.975 526.981
939 422.085 1019.02
940 357.874 1056.14
941 462.003 1068.93
942 1101.23 86.3645
943 1252.22 665.721
944 1196.89 975.744
945 161.199 574.068
946 260.186 462.012
947 49.5198 376.806
948 528.864 149.703
949 1210.44 361.026
950 53.7966 678.808
951 877.057 1226.5
952 333.339 639.85
953 629.194 1023.87
954 201.779 1105.37
955 1063.12 15.2869
956 336.35 514.551
957 457.487 21.1932
958 161.207 387.662
959 133.571 699.383
960 218.88 234.446
961 1118.92 260.04
962 701.575 225.404
963 1263.16 303.19
964 1264.85 146.74
965 843.712 147.589
966 508.867 1116.6
967 1109.26 472.542
968 376.767 835.884
969 1223.1 687.486
970 366.499 729.185
971 612.836 1151.96
972 1080.31 868.147
973 618.192 767.818
974 1042.98 1246.96
975 1232.33 1043.6
976 8.87874 921.883
977 222.698 794.261
978 427.757 1039.28
979 222.625 1116.52
980 884.615 432.047
981 1263.43 185.836
982 749.926 244.976
983 23.5866 730.227
984 46.5087 506.792
985 422.551 66.0592
986 75.1604 1063.84
987 896.305 679.571
988 776.071 227.15
989 187.689 136.896
990 157.655 946.05
991 543.624 1219.25
992 1235.85 128.24
993 1012.3 1196.16
994 31.293 808.776
995 192.63 397.15
996 509.408 828.434
997 133.679 1184.74
998 304.506 377.308
999 658.262 468.729
1000 451.85 1032.79
1001 346.155 933.078
1002 77.2673 1255.99
1003 932.808 19.9965
1004 877.079 618.471
1005 1060.01 300.835
1006 1006.65 815.107
1007 1198.75 1014.61
1008 309.988 274.006
1009 250.097 1052.21
1010 1172.61 1012.19
1011 156.69 531.643
1012 849.425 1040.86
1013 530.048 312.688
1014 549.284 633.557
1015 1177.7 152.598
1016 331.065 529.095
1017 475.685 471.895
1018 1123.79 369.741
1019 673.47 589.432
1020 687.598 543.494
1021 721.254 362.638
1022 4.13054 159.045
1023 501.456 700.146
1024 780.971 375.425
1025 1035.8 1163.16
1026 986.167 475.137
1027 207.762 926.091
1028 896.157 398.694
1029 760.999 1173.11
1030 1020.59 907.252
1031 959.56 850.894
1032 836.773 255.176
1033 135.353 67.517
1034 800.679 766.042
1035 1009.29 1130.43
1036 686.712 1045.31
1037 525.891 244.406
1038 711.11 278.176
1039 683.26 1254.95
1040 795.805 96.6624
1041 293.437 1178.63
1042 1223.03 900.188
1043 1260.67 164.266
1044 1089.34 204.829
1045 114.822 1028.81
1046 401.705 644.49
1047 1046.92 791.244
1048 367.888 121.098
1049 1085.91 1036.11
1050 858.342 178.501
1051 694.665 313.583
1052 1107.41 934.39
1053 1201.44 955.622
1054 876.805 72.6916
1055 1079 267.713
1056 442.126 798.816
1057 609.837 557.825
1058 55.357 1084.84
1059 202.374 466.674
1060 1258.43 223.32
1061 906.074 903.971
1062 1153.27 788.548
1063 304.472 920.966
1064 252.436 72.4968
1065 1202.31 540.987
1066 419.952 169.979
1067 994.303 306.364
1068 270.415 60.8772
1069 936.436 812.22
1070 831.513 668.231
1071 416.872 297.239
1072 854.374 526.856
1073 291.275 370.754
1074 642.28 225.143
1075 476.936 524.772
1076 1259.03 249.139
1077 285.162 1026.92
1078 375.002 1083.41
1079 866.819 747.251
1080 1035.26 1062.28
1081 980.525 83.7009
1082 308.387 506.406
1083 554.852 109.247
1084 1009.12 1150.14
1085 1083.27 58.7927
1086 1151.64 1243.02
1087 322.221 880.896
1088 919.876 176.31
1089 1036.61 705.212
1090 383.677 1216.43
1091 1138.72 322.462
1092 755.869 701.19
1093 752.167 353.113
1094 986.753 410.661
1095 1020.66 556.699
1096 258.719 667.951
1097 1089.15 17.4964
1098 1131.11 800.485
1099 416.876 123.839
1100 584.8 86.6256
1101 1212.1 696.836
1102 662.045 881.668
1103 1252.34 1030.78
1104 635.084 278.483
1105 842.005 705.86
1106 459.4 104.422
1107 1046.63 1022.44
1108 982.063 10.2685
1109 259.452 1055.14
1110 28.8752 526.741
1111 699.996 786.733
1112 33.7778 1226.15
1113 6.0607 265.706
1114 404.322 971.266
1115 655.178 703.861
1116 229.545 415.341
1117 92.03 1123.79
1118 1022.34 1045.34
1119 190.738 850.708
1120 1054.49 739.376
1121 75.4794 281.34
1122 284.012 234.514
1123 103.804 968.023
1124 360.204 807.888
1125 180.007 23.8659
1126 1016.92 83.6623
1127 934.246 188.422
1128 54.971 751.845
1129 226.253 658.378
1130 293.384 768.474
1131 1049.74 1212.14
1132 310.195 696.981
1133 883.721 621.087
1134 844.059 1251.82
1135 189.05 158.466
1136 493.001 299.254
1137 528.275 1226.11
1138 665.867 935.674
1139 1030.11 260.226
1140 1247.01 70.8074
1141 581.401 1098.76
1142 369.524 217.114
1143 469.299 811.757
1144 497.087 188.692
1145 744.78 398.047
1146 449.689 1209.56
1147 103.538 310.456
1148 708.369 1169.61
1149 171.668 697.878
1150 984.835 564.495
1151 192.563 1029.32
1152 1186.16 263.042
1153 272.793 1074.79
1154 1171.51 522.272
1155 519.869 791.983
1156 1216.66 1230.67
1157 1157.95 1108.34
1158 900.271 566.357
1159 36.0919 621.28
1160 747.397 151.256
1161 766.274 464.049
1162 1102.31 1007.82
1163 651.262 505.163
1164 420.35 599.778
1165 988.213 906.026
1166 1193.82 1029.29
1167 473.159 536.623
1168 1180.22 478.294
1169 713.619 625.728
1170 1074.21 510.489
1171 476.441 1141.65
1172 131.869 63.0868
1173 88.8646 858.429
1174 709.795 68.7614
1175 1110.31 506.406
1176 577.936 489.143
1177 348.124 649.238
1178 763.571 859.355
1179 720.586 169.198
1180 1124.55 168.667
1181 939.795 213.091
1182 316.932 595.965
1183 27.7943 1175.01
1184 161.791 337.193
1185 562.796 252.706
1186 139.534 289.572
1187 469.252 654.324
1188 836.416 269.228
1189 335.037 976.622
1190 887.256 227.797
1191 962.24 799.79
1192 1107.91 148.624
1193 1162.11 773.917
1194 803.868 1030.94
1195 537.82 781.831
1196 36.0554 210.783
1197 433.93 23.5866
1198 799.354 426.527
1199 438.744 552.721
1200 218.61 34.9836
1201 110.753 1165.79
1202 1070.68 422.83
1203 1145.09 493.667
1204 389.429 960.264
1205 1060.52 590.861
1206 83.0192 102.993
1207 603.307 687.339
1208 750.755 1263.53
1209 16.3292 1024.03
1210 1010.63 280.568
1211 1155.01 97.0098
1212 444.979 994.698
1213 76.1336 10.5001
1214 215.654 657.683
1215 130.454 190.053
1216 761.594 923.313
1217 471.554 837.66
1218 329.363 950.497
1219 557.609 1256.8
1220 142.147 1015.08
1221 413.749 454.06
1222 336.071 546.399
1223 326.465 1054.53
1224 864.055 169.391
1225 274.7 295.546
1226 12.546 1152.77
1227 986.283 606.881
1228 71.6313 552.798
1229 869.421 599.971
1230 142.757 517.369
1231 992.257 47.7522
1232 213.053 733.306
1233 1056.92 907.445
1234 1210.02 48.7944
1235 988.088 1254.53
1236 112.142 0.0772064
1237 367.618 262.009
1238 1111.19 989.139
1239 586.598 1243.37
1240 638.375 1077.26
1241 661.697 270.84
1242 219.614 719.727
1243 444.473 516.358
1244 959.131 390.659
1245 245.577 829.313
1246 163.038 255.708
1247 693.584 680.422
1248 784.957 678.422
1249 591.98 472.04
1250 525.274 1028.36
1251 776.201 44.4709
1252 273.697 521.075
1253 61.3791 1054.76
1254 27.0913 850.669
1255 52.4617 361.412
1256 723.749 514.503
1257 323.379 1174.59
1258 714.184 1208.47
1259 1187.71 1171.38
1260 429.924 1178.56
1261 1238.67 1095.44
1262 659.25 312.526
1263 595.175 432.973
1264 870.557 638.458
1265 646.179 561.377
1266 952.518 176.803
1267 537.869 108.631
1268 1206.6 1199.49
1269 1108.03 355.429
1270 1132.77 841.974
1271 1074.43 526.2
1272 660.501 637.116
1273 1150.8 368.506
1274 1249.32 1212.26
1275 597.665 702.78
1276 285.548 862.666
1277 907.295 46.7099
1278 1228.1 511.338
1279 274.922 209.277
1280 407.997 624.059
1281 9.18756 1199.29
1282 865.445 1118.33
1283 674.254 859.664
1284 99.2854 983.725
1285 358.701 442.354
1286 370.518 710.501
1287 576.037 225.49
1288 960.834 68.3294
1289 475.872 1144.71
1290 617.188 954.155
1291 954.373 234.592
1292 1235.84 597.964
1293 645.368 561.754
1294 530.022 17.2556
1295 364.595 429.731
1296 581.905 1140.54
1297 565.498 973.109
1298 845.294 166.119
1299 458.021 378.62
1300 874.082 592.414
1301 801.518 952.08
1302 117.315 1029.35
1303 352.908 1035.61
1304 167.142 409.203
1305 206.72 1194.23
1306 89.6752 1193.8
1307 1163.45 1154.4
1308 963.534 980.144
1309 438.532 1032.68
1310 919.605 277.798
1311 965.852 1062.82
1312 192.315 34.752
1313 1043.48 549.171
1314 649.383 809.123
1315 332.493 1133.89
1316 811.594 478.371
1317 377.594 405.845
1318 761.68 578.122
1319 677.1 853.633
1320 471.008 565.344
1321 725.893 485.898
1322 608.307 617.853
1323 381.67 769.139
1324 217.452 1237.58
1325 219.768 635.102
1326 43.1198 701.815
1327 312.454 501.04
1328 1071.39 177.034
1329 124.688 1000.87
1330 196.722 323.456
1331 747.882 1007.74
1332 231.889 141.258
1333 111.177 302.34
1334 1065.87 300.342
1335 844.024 1129.65
1336 634.074 367.859
1337 497.595 332.798
1338 964.907 1256.88
1339 557.209 947.602
1340 928.716 288.792
1341 984.69 1181.07
1342 419.481 49.1419
1343 818.156 1003.64
1344 762.568 308.951
1345 844.102 341.638
1346 347.397 619.08
1347 265.49 552.026
1348 953.078 760.946
1349 178.771 1107.49
1350 92.6111 765.549
1351 1145.08 188.229
1352 1238.12 870.434
1353 81.1825 658.3
1354 298.992 1187.67
1355 77.7753 1247.66
1356 8.56991 19.6104
1357 452.275 776.272
1358 993.839 653.059
1359 495.974 375.773
1360 178.347 319.412
1361 610.703 515.902
1362 752.716 353.412
1363 694.616 328.484
1364 938.159 600.434
1365 531.411 377.655
1366 920.725 1171.88
1367 157.92 392.633
1368 270.535 720.606
1369 887.603 338.443
1370 1007.93 599.894
1371 625.681 72.96
1372 425.06 263.042
1373 218.571 788.441
1374 599.044 786.656
1375 766.483 243.248
1376 1101.08 1169.11
1377 1057.35 215.792
1378 464.029 318.785
1379 1149.25 671.157
1380 970.755 937.758
1381 488.794 770.297
1382 460.493 1109.39
1383 889.92 1021.57
1384 93.2876 149.674
1385 326.02 155.233
1386 1068.79 808.592
1387 204.847 894.677
1388 364.955 1110
1389 538.553 470.882
1390 508.636 28.8752
1391 156.377 528.902
1392 554.527 875.173
1393 341.252 1098.88
1394 1085.6 864.489
1395 326.041 805.224
1396 1101.51 1050.05
1397 211.044 1216.28
1398 314.139 1080.39
1399 533.108 1173.58
1400 1242.44 415.525
1401 575.925 230.432
1402 55.1091 875.598
1403 104.656 201.781
1404 499.371 1012.1
1405 200.881 775.886
1406 571.52 997.159
1407 132.695 469.733
1408 1018.83 916.826
1409 503.733 1001.99
1410 1253.28 737.128
1411 953.229 112.451
1412 672.661 699.885
1413 1259.65 436.92
1414 777.064 1068.42
1415 67.1696 574.84
1416 185.858 724.468
1417 591.864 1002.65
1418 54.1943 1105.6
1419 43.709 518.836
1420 351.096 145.312
1421 494.85 343.153
1422 352.09 180.817
1423 632.511 369.394
1424 216.373 628.151
1425 729.562 1109.49
1426 378.659 789.165
1427 675.456 738.441
1428 1168.09 94.0851
1429 792.091 107.944
1430 716.15 985.617
1431 548.041 272.509
1432 126.842 57.1033
1433 621.367 908.217
1434 1238.2 384.951
1435 1088.8 1260.56
1436 95.7359 119.139
1437 603.47 264.634
1438 969.446 93.9307
1439 225.524 352.717
1440 1151.72 387.422
1441 1259.44 554.081
1442 809.716 836.454
1443 152.29 992.15
1444 887.333 669.341
1445 977.008 1215.59
1446 1099.11 137.468
1447 770.608 617.383
1448 685.282 20.5755
1449 947.757 714.97
1450 405.543 236.647
1451 910.042 1117.19
1452 680.481 798.97
1453 441.042 208.814
1454 1050.93 947.67
1455 611.204 154.336
1456 349.591 860.195
1457 62.7586 834.215
1458 437.421 83.4987
1459 451.292 306.866
1460 694.841 262.086
1461 1262.01 265.097
1462 1042.05 828.627
1463 777.044 11.011
1464 1086.64 654.681
1465 910.765 15.682
1466 1225.01 565.884
1467 190.661 166.312
1468 81.5015 547.441
1469 77.1068 42.5793
1470 131.946 947.361
1471 199.898 866.565
1472 147.657 820.164
1473 452.236 177.545
1474 1137.92 1034.3
1475 1004.34 686.905
1476 1148.72 353.182
1477 1140.53 235.296
1478 247.987 615.644
1479 1218.74 4.70959
1480 37.4877 902.282
1481 726.125 145.652
1482 1014.76 382.172
1483 227.064 468.759
1484 1200.37 476.681
1485 655.482 1163.36
1486 135.845 84.4656
1487 1229.78 1004.57
1488 965.604 1122.66
1489 232.005 168.773
1490 566.272 468.305
1491 1161.07 933.657
1492 45.1845 791.367
1493 1083.56 212.134
1494 1013.01 709.836
1495 1036.38 933.696
1496 231.465 279.487
1497 1102.72 685.593
1498 550.057 1066.34
1499 94.7546 1222.8
1500 1033.32 1236.65
1501 758.398 1252.53
1502 115.346 299.377
1503 739.444 166.071
1504 195.452 922.115
1505 327.249 1228.98
1506 1032.82 742.928
1507 837.165 727.284
1508 676.482 599.826
1509 1207.94 605.646
1510 189.542 97.087
1511 1190.44 1220.14
1512 839.057 116.128
1513 174.448 573.151
1514 853.759 990.442
1515 594.701 679.225
1516 774.033 647.337
1517 384.819 951.376
1518 212.433 146.924
1519 1197.51 465.17
1520 1062.21 405.527
1521 800.382 1093.47
1522 869.383 1219.02
1523 316.199 850.206
1524 667.372 893.201
1525 23.6252 1140.15
1526 59.5302 329.749
1527 345.185 646.372
1528 526.653 366.508
1529 883.048 655.607
1530 693.236 1242.64
1531 118.435 913.506
1532 493.117 417.58
1533 1210.67 965.968
1534 130.633 653.986
1535 682.666 182.941
1536 999.329 485.551
1537 86.0688 262.241
1538 676.338 1205.82
1539 1208.01 955.545
1540 1098.38 555.577
1541 1207.89 627.149
1542 1121.11 788.441
1543 234.63 991.33
1544 41.4212 280.346
1545 868.804 741.954
1546 1202.07 792.601
1547 723.771 67.7816
1548 1181.72 1086.41
1549 1019.32 882.594
1550 812.138 1108.65
1551 642.28 379.045
1552 551.077 198.314
1553 18.6839 402.332
1554 462.698 859.616
1555 1242.44 272.268
1556 25.3237 579.598
1557 192.969 233.163
1558 185.332 171.089
1559 1021.37 315.629
1560 964.578 390.703
1561 915.552 1134.39
1562 488.369 74.2045
1563 906.22 952.62
1564 1001.25 974.306
1565 1202.41 933.811
1566 197.031 260.998
1567 263.467 851.818
1568 699.451 765.117
1569 1126.17 313.381
1570 619.547 1030.14
1571 592.984 632.977
1572 399.157 752.849
1573 206.344 116.591
1574 478.607 152.444
1575 581.673 53.9304
1576 318.584 579.048
1577 772.218 800.939
1578 649.999 926.245
1579 588.004 585.156
1580 609.081 1085.95
1581 337.624 1055.5
1582 388.001 889.302
1583 1166.05 1002.34
1584 1068.54 575.428
1585 1134.51 1067.16
1586 800.673 506.165
1587 422.475 332.142
1588 21.3862 473.709
1589 345.228 906.374
1590 909.453 594.962
1591 1074.71 1225.88
1592 937.556 1014.23
1593 559.673 606.572
1594 1004.22 778.897
1595 504.322 592.568
1596 606.76 1231.48
1597 185.291 199.819
1598 70.2029 173.29
1599 116.811 1236.15
1600 220.54 191.009
1601 4.7868 132.1
1602 309.852 819.585
1603 763.006 125.617
1604 899.802 537.327
1605 360.79 1074.03
1606 818.116 1080.36
1607 502.829 2.00737
1608 114.265 946.598
1609 787.351 215.869
1610 651.39 1195.16
1611 34.9724 610.712
1612 367.155 0.424635
1613 400.78 1235.57
1614 570.208 194.569
1615 544.689 737.862
1616 283.423 1091.86
1617 791.636 540.947
1618 202.894 485.784
1619 1014.03 853.478
1620 462.806 1079.2
1621 600.552 1038.63
1622 137.466 900.574
1623 909.849 874.294
1624 1195.29 586.315
1625 1248.08 1199.37
1626 1131.73 1148.8
1627 737.898 1189.34
1628 185.891 1191.8
1629 1122.39 52.3937
1630 999.939 402.361
1631 729.153 660.81
1632 778.048 788.171
1633 522.029 1139.61
1634 283.254 934.661
1635 192.167 1033.29
1636 328.06 219.614
1637 1205.67 8.23162
1638 671.302 286.166
1639 447.836 1005.07
1640 351.46 1243.68
1641 587.579 896.8
1642 173.599 1115.52
1643 863.767 235.673
1644 1136.01 874.41
1645 1252.23 529.645
1646 636.644 1062.29
1647 870.502 992.797
1648 767.586 300.844
1649 908.758 781.715
1650 598.658 299.57
1651 1.54413 981.062
1652 274.389 1199.29
1653 868.988 40.8513
1654 1208.09 835.142
1655 777.43 42.8109
1656 644.634 539.173
1657 128.163 253.439
1658 640.582 1043.8
1659 1209.34 136.462
1660 425.716 930.646
1661 240.923 885.837
1662 246.25 945.508
1663 892.159 696.256
1664 1113.9 443.705
1665 840.002 87.3976
1666 201.667 546.042
1667 53.6971 23.7024
1668 975.619 237.217
1669 645.639 170.519
1670 961.953 297.515
1671 388.696 678.846
1672 134.339 1099.73
1673 783.877 287.835
1674 957.762 110.685
1675 463.2 856.962
1676 1071.77 615.914
1677 399.129 992.845
1678 490.299 873.706
1679 431.234 581.798
1680 148.815 498.987
1681 509.715 137.389
1682 438.88 564.04
1683 754.432 1126.95
1684 148.362 1072.17
1685 358.583 180.595
1686 654.749 648.844
1687 300.15 1133.63
1688 200.842 72.7762
1689 637.802 761.187
1690 413.233 205.099
1691 929.333 750.639
1692 101.874 93.1587
1693 249.728 695.63
1694 993.145 956.008
1695 252.808 816.505
1696 534.732 363.797
1697 778.702 668.385
1698 918.947 706.4
1699 777.755 200.273
1700 595.735 32.5811
1701 125.96 313.033
1702 390.244 117.749
1703 231.707 969.683
1704 846.028 8.88787
1705 1140.62 62.1217
1706 558.936 1149.34
1707 769.864 944.389
1708 895.401 1070.55
1709 572.276 206.913
1710 537.248 1104.48
1711 906.954 933.898
1712 1111.63 218.842
1713 758.437 700.927
1714 805.958 441.042
1715 275.858 969.828
1716 956.317 176.339
1717 728.751 964.896
1718 80.0285 822.798
1719 1185.81 857.145
1720 652.24 506.792
1721 699.799 409.55
1722 996.308 789.281
1723 325.147 684.512
1724 621.845 75.6714
1725 269.436 296.791
1726 49.6985 569.677
1727 62.4376 111.293
1728 398.655 927.104
1729 190.661 1065.91
1730 1148.95 1083.9
1731 986.852 1092.75
1732 287.015 1046.16
1733 1102.58 1234.92
1734 1256.05 350.256
1735 699.256 943.935
1736 1225.46 906.374
1737 165.994 388.696
1738 1192.04 876.679
1739 465.053 388.58
1740 364.646 1194.23
1741 166.197 364.539
1742 1023.08 0.463238
1743 169.661 556.928
1744 317.554 472.619
1745 783.684 980.869
1746 329.015 1213.41
1747 86.8186 826.842
1748 1065.29 493.31
1749 583.201 127.545
1750 1216.7 545.781
1751 1066.48 342.999
1752 47.0573 481.854
1753 387.818 570.603
1754 883.396 1242.98
1755 1156.92 1053.26
1756 829.39 218.494
1757 52.7421 740.882
1758 1044.29 25.1307
1759 553.066 965.35
1760 834.871 695.948
1761 551.717 1039.58
1762 756.777 78.9049
1763 1262.68 765.472
1764 1042.79 379.517
1765 105.889 1173.93
1766 330.762 802.685
1767 806.354 324.885
1768 397.999 984.429
1769 813.099 127.091
1770 441.04 680.304
1771 383.06 709.111
1772 179.084 1250.67
1773 196.269 1239.48
1774 242.989 118.435
1775 771.438 993.724
1776 1183 323.804
1777 963.513 549.024
1778 1206.84 9.18756
1779 768.124 649.923
1780 113.002 914.317
1781 571.134 934.67
1782 516.791 717.295
1783 1101.53 764.536
1784 926.127 428.92
1785 178.487 1087.65
1786 360.052 175.683
1787 61.1698 1151
1788 438.293 1145.32
1789 718.792 627.495
1790 755.31 348.162
1791 472.812 493.435
1792 1095.06 1197.36
1793 483.785 418.854
1794 575.844 567.399
1795 1189.38 1020.99
1796 402.824 1239.12
1797 287.578 653.523
1798 1226.46 1160.33
1799 1261.97 907.407
1800 887.41 1098.3
1801 1019.68 145.495
1802 984.652 1149.5
1803 902.128 445.134
1804 1167.74 609.545
1805 703.399 997.391
1806 658.073 204.066
1807 387.46 599.71
1808 1174.14 187.814
1809 283.494 1034.33
1810 273.307 573.759
1811 1067.49 680.468
1812 908.681 419.926
1813 1218.16 410.554
1814 328.357 899.107
1815 820.511 5.05702
1816 1137.02 331.186
1817 476.093 969.867
1818 335.222 611.129
1819 1147.71 291.184
1820 46.4376 90.7653
1821 659.338 143.218
1822 107.664 729.33
1823 885.982 914.857
1824 4.63238 146.306
1825 384.465 226.494
1826 572.678 403.22
1827 357.736 1143.7
1828 176.516 456.994
1829 461.115 186.54
1830 802.327 333.223
1831 1055.52 322.993
1832 1169.23 950.565
1833 533.033 251.355
1834 1087.18 820.395
1835 340.133 428.729
1836 52.5004 1015.53
1837 503.733 731.069
1838 647.916 829.467
1839 250.226 728.674
1840 726.246 420.475
1841 4.09194 461.819
1842 1245.35 596.383
1843 1135.08 493.126
1844 84.927 709.604
1845 616.318 983.464
1846 793.952 1232.65
1847 120.905 1058.01
1848 59.9609 954.001
1849 851.162 388.782
1850 1262.9 821.099
1851 410.622 1121.32
1852 397.958 438.04
1853 815.152 259.568
1854 111.354 591.555
1855 1231.98 300.458
1856 421.238 1226.35
1857 5.52026 1086.57
1858 947.089 330.221
1859 410.275 315.783
1860 495.559 828.357
1861 3.47429 73.8093
1862 1262.38 727.409
1863 661.856 909.221
1864 615.063 467.726
1865 214.364 1142.89
1866 1121.72 919.414
1867 31.2686 653.784
1868 385.916 279.574
1869 1176.55 1057.47
1870 935.394 1223.88
1871 872.818 775.779
1872 1184.93 279.989
1873 932.259 882.478
1874 276.531 798.169
1875 897.626 103.89
1876 1082.08 976.747
1877 907.407 1223.65
1878 336.35 341.098
1879 1042.8 202.329
1880 293.577 978.166
1881 947.184 314.153
1882 371.208 352.563
1883 85.1302 133.413
1884 1123.46 854.723
1885 1221.33 21.1251
1886 731.531 870.155
1887 315.118 453.472
1888 1103.59 76.6365
1889 757.07 471.393
1890 60.4302 1043.98
1891 1154.81 676.762
1892 247.601 836.039
1893 501.454 655.414
1894 1028.56 288.868
1895 74.1811 900.342
1896 1222.33 441.466
1897 216.324 137.157
1898 639.261 554.506
1899 1002.68 883.511
1900 616.259 1099.11
1901 690.64 401.473
1902 675.749 11.9761
1903 1024.61 156.42
1904 624.707 334.188
1905 1077.61 527.29
1906 495.084 707.722
1907 920.262 725.663
1908 243.082 431.121
1909 787.969 660.925
1910 1080.39 167.924
1911 557.681 849.427
1912 151.054 1074.49
1913 342.14 764.893
1914 1245.92 645.252
1915 762.681 104.113
1916 44.7512 424.056
1917 213.939 1229.43
1918 371.44 812.452
1919 956.085 840.053
1920 374.412 465.67
1921 1094.21 1070.63
1922 1084.71 831.667
1923 452.198 547.316
1924 843.487 148.045
1925 780.364 874.71
1926 460.498 351.955
1927 473.834 93.962
1928 899.595 845.458
1929 1105.54 760.762
1930 1086.72 86.6642
1931 297.476 237.612
1932 843.75 637.194
1933 471.693 731.154
1934 1179.44 873.484
1935 709.797 578.71
1936 930.376 261.189
1937 830.932 78.8663
1938 1207.89 126.743
1939 455.471 524.742
1940 771.971 935.742
1941 777.261 366.971
1942 669.06 451.01
1943 161.302 692.541
1944 146.381 448.578
1945 58.3274 490.222
1946 610.038 215.647
1947 1015.55 39.2981
1948 1177.28 366.083
1949 1139.18 1071.59
1950 115.424 1085.83
1951 563.916 939.139
1952 360.631 493.242
1953 1232.75 147.657
1954 140.709 1166.01
1955 167.584 691.076
1956 286.151 9.69854
1957 1228.05 165.878
1958 583.024 21.502
1959 1050.47 567.36
1960 339.97 1253.45
1961 1028.47 488.185
1962 870.502 517.823
1963 678.126 587.55
