1 100.33 578.218
2 409.117 99.8472
3 43.4672 489.913
4 73.5391 164.208
5 625.239 189.358
6 261.358 95.5236
7 113.284 318.999
8 408.924 81.4914
9 243.934 258.68
10 330.644 311.895
11 520.313 129.842
12 173.744 362.582
13 177.814 72.3322
14 329.528 340.296
15 326.544 445.741
16 455.37 305.288
17 237.444 531.701
18 533.882 310.312
19 218.224 309.337
20 603.944 11.0212
21 262.328 404.744
22 93.7265 486.795
23 394.216 395.383
24 585.821 458.692
25 425.634 343.925
26 151.093 380.193
27 622.66 243.074
28 319.094 527.522
29 44.7411 182.96
30 495.588 455.72
31 527.185 173.077
32 489.971 459.32
33 613.452 346.878
34 605.522 54.971
35 256.618 276.746
36 225.381 265.927
37 346.888 504.93
38 95.7918 336.755
39 524.395 74.5326
40 214.964 463.904
41 256.653 375.262
42 370.111 197.329
43 235.209 54.0656
44 546.497 215.83
45 449.62 258.265
46 357.398 101.729
47 298.055 550.964
48 485.223 293.567
49 461.443 476.411
50 446.493 584.5
51 558.753 599.527
52 165.361 550.221
53 111.405 444.419
54 409.869 29.1647
55 270.994 105.715
56 49.7402 221.804
57 269.48 571.096
58 262.135 476.643
59 534.424 572.138
60 283.656 492.76
61 209.808 521.23
62 128.259 566.348
63 77.6889 379.537
64 231.098 34.6271
65 339.553 166.15
66 52.2657 416.924
67 595.967 77.3994
68 121.002 32.4846
69 10.5194 35.8431
70 372.463 372.993
71 486.883 164.758
72 533.983 413.44
73 540.599 295.874
74 519.782 153.023
75 50.2421 598.987
76 627.81 556.581
77 173.969 594.749
78 545.653 548.005
79 373.531 54.8938
80 374.026 185.488
81 632.401 514.872
82 7.08369 233.79
83 260.33 504.649
84 391.993 576.104
85 253.276 120.789
86 220.289 179.679
87 444.342 520.913
88 463.258 264.827
89 154.181 300.449
90 212.586 561.812
91 254.528 251.934
92 210.283 312.493
93 288.855 196.625
94 74.8617 117.296
95 269.489 213.466
96 394.158 618.771
97 162.925 521.172
98 546.048 492.231
99 391.162 113.32
100 358.083 173.328
101 49.8174 59.8157
102 584.452 595.135
103 191.288 475.572
104 327.857 33.2704
105 18.5681 268.736
106 556.388 532.821
107 583.253 154.268
108 244.747 239.31
109 500.143 244.899
110 350.98 539.991
111 466.394 418.815
112 124.051 329.285
113 0.907175 509.466
114 423.728 45.1657
115 173.075 625.4
116 330.829 298.403
117 273.484 132.641
118 354.173 89.1632
119 419.655 188.268
120 464.281 93.6321
121 434.846 20.9514
122 122.229 324.055
123 550.347 566.251
124 372.617 553.039
125 522.368 24.2906
126 165.994 14.9486
127 505.49 333.532
128 571.347 283.646
129 265.416 19.2142
130 444.136 589.664
131 109.826 337.527
132 131.946 168.068
133 79.3214 135.391
134 616.503 390.047
135 352.984 274.295
136 318.685 527.136
137 548.146 614.331
138 61.7306 555.963
139 170.134 53.2623
140 98.9979 61.5812
141 279.13 366.199
142 414.965 459.908
143 34.3568 295.623
144 394.698 209.673
145 476.383 430.889
146 584.124 34.878
147 149.228 268.012
148 571.645 363.926
149 182.287 215.58
150 103.36 533.274
151 331.428 51.6069
152 3.16546 289.236
153 446.496 404.03
154 86.7891 386.688
155 379.103 208.671
156 475.863 280.221
157 326.252 179.572
158 91.5089 203.921
159 138.273 507.15
160 387.05 290.46
161 553.461 369.182
162 171.572 24.0396
163 557.157 62.9517
164 102.163 231.291
165 512.11 515.411
166 464.671 449.466
167 415.336 495.404
168 181.908 603.86
169 236.097 366.672
170 243.451 179.302
171 154.104 187.085
172 361.993 312.57
173 561.845 125.906
174 428.553 333.763
175 56.7965 232.304
176 319.384 218.629
177 263.426 603.542
178 14.0516 359.926
179 589.423 212.858
180 94.5951 10.6636
181 452.226 611.542
182 336.798 448.145
183 346.756 66.2238
184 302.804 610.589
185 566.189 84.3673
186 407.074 144.378
187 328.417 234.939
188 348.469 255.129
189 520.458 322.742
190 426.877 164.169
191 236.738 493.03
192 574.109 589.162
193 100.446 395.142
194 472.288 423.554
195 27.2346 564.514
196 434.528 459.919
197 197.706 442.344
198 74.9867 92.5898
199 305.274 575.255
200 185.39 284.467
201 63.0583 192.997
202 502.586 562.709
203 428.816 12.4109
204 189.522 543.861
205 109.606 117.161
206 371.79 245.015
207 131.486 11.1177
208 194.695 626.281
209 172.914 413.44
210 595.959 258.777
211 35.071 589.171
212 339.419 376.15
213 534.195 526.084
214 226.396 94.9344
215 160.542 111.604
216 87.9096 615.123
217 230.847 550.983
218 472.635 310.389
219 602.748 163.571
220 105.287 174.1
221 625.099 138.305
222 140.882 435.656
223 562.294 412.572
224 450.133 242.225
225 228.816 124.837
226 497.931 65.0362
227 352.251 148.101
228 183.5 163.108
229 255.186 235.141
230 551.798 192.128
231 80.5039 533.4
232 195.205 465.67
233 455.788 602.287
234 449.002 97.5208
235 491.84 144.376
236 184.736 340.181
237 138.296 507.911
238 246.892 433.697
239 374.953 428.515
240 264.808 415.418
241 104.141 554.699
242 368.401 15.8944
243 547.327 379.913
244 263.766 589.452
245 171.257 137.485
246 249.49 310.254
247 416.403 270.821
248 49.4283 421.122
249 63.8024 163.911
250 615.887 245.999
251 145.493 177.951
252 602.184 101.488
253 154.644 398.24
254 569.184 74.8534
255 293.395 455.539
256 563.165 403.712
257 348.769 346.251
258 497.251 504.179
259 79.3981 35.729
260 233.738 77.4573
261 562.121 489.16
262 570.517 203.246
263 354.204 503.626
264 79.2757 467.108
265 203.362 298.315
266 411.085 167.963
267 436.274 534.027
268 24.3972 243.441
269 263.255 320.445
270 270.145 310.256
271 366.769 567.075
272 122.742 430.773
273 608.607 330.896
274 340.48 110.221
275 568.664 468.691
276 594.288 623.403
277 421.002 233.125
278 617.287 379.336
279 79.1914 334.525
280 584.723 293.143
281 147.268 299.04
282 630.194 172.565
283 369.008 78.7983
284 282.904 434.99
285 293.299 508.259
286 91.6866 41.7494
287 604.757 546.814
288 367.001 483.823
289 154.114 251.586
290 59.1756 341.291
291 400.847 358.247
292 173.886 318.052
293 210.385 154.364
294 479.454 373.66
295 514.832 144.153
296 127.24 411.77
297 121.118 496.543
298 520.329 44.4028
299 369.5 591.575
300 18.6453 76.9941
301 578.546 111.004
302 441.521 1.48622
303 92.1265 230.026
304 106.68 289.833
305 87.9381 597.664
306 107.938 507.101
307 118.589 125.827
308 264.76 587.02
309 331.389 216.875
310 210.127 424.963
311 72.9011 103.613
312 76.9717 253.709
313 238.182 617.362
314 554.96 44.1621
315 144.251 73.4233
316 561.492 224.014
317 55.3539 369.819
318 354.802 172.778
319 3.18476 468.373
320 219.324 375.879
321 629.57 446.648
322 431.719 274.845
323 324.269 425.841
324 548.88 575.767
325 568.951 472.831
326 299.421 19.5139
327 499.699 499.68
328 86.587 29.058
329 443.385 521.268
330 223.806 137.263
331 52.7868 403.2
332 286.265 143.488
333 13.6076 12.9605
334 570.999 230.972
335 314.906 624.319
336 64.9407 443.232
337 186.266 209.914
338 178.177 269.894
339 307.166 406.202
340 601.544 34.513
341 299.436 1.98806
342 155.204 613.067
343 574.57 195.197
344 369.877 406.829
345 370.594 365.234
346 575.053 97.6173
347 52.9158 520.873
348 13.183 195.68
349 625.46 613.993
350 627.732 17.2648
351 374.779 54.4691
352 229.919 320.812
353 87.6679 609.341
354 20.5369 50.3772
355 145.229 385.241
356 521.456 309.163
357 496.12 84.7919
358 166.75 563.558
359 492.942 74.7744
360 618.284 401.608
361 152.755 524.665
362 374.856 530.707
363 195.043 355.622
364 220.038 73.5096
365 149.933 151.614
366 27.138 107.085
367 469.531 615.895
368 415.255 535.928
369 375.879 132.939
370 224.188 62.4112
371 83.0934 454.379
372 186.957 541.593
373 298.279 578.237
374 320.379 519.06
375 413.984 449.052
376 238.982 581.383
377 7.1802 206.855
378 427.781 544.247
379 176.301 453.77
380 253.565 545.858
381 299.31 188.624
382 355.275 578.372
383 333.068 418.555
384 41.6599 500.647
385 451.29 231.814
386 399.109 261.324
387 124.495 193.248
388 301.53 443.135
389 241.963 178.785
390 556.532 210.879
391 427.723 167.393
392 46.8104 262.82
393 380.329 322.105
394 598.374 350.035
395 518.902 350.005
396 57.9281 313.583
397 212.341 255.35
398 253.402 400.112
399 434.312 123.158
400 330.446 396.155
401 44.5775 153.746
402 128.024 281.089
403 114.015 122.053
404 489.238 5.92559
405 229.693 25.5553
406 183.906 416.451
407 73.2689 84.3287
408 543.652 284.727
409 196.992 561.435
410 374.173 133.113
411 260.53 217.673
412 321.545 470.254
413 338.702 273.474
414 576.153 358.566
415 84.0199 414.347
416 43.7679 325.704
417 584.53 77.3893
418 627.769 428.322
419 335.426 373.418
420 135.476 624.242
421 425.832 432.491
422 163.986 55.5114
423 387.309 388.329
424 344.92 601.322
425 235.678 465.555
426 252.078 21.7143
427 346.425 416.769
428 630.523 483.746
429 565.721 243.016
430 314.187 460.285
431 1.46692 22.6306
432 418.15 79.4159
433 190.758 103.843
434 492.169 200.409
435 550.685 429.489
436 532.754 588.418
437 586.228 253.412
438 595.165 121.311
439 220.262 268.215
440 297.496 498.618
441 226.52 45.3781
442 632.292 379.566
443 60.5349 581.103
444 316.488 472.677
445 174.139 405.758
446 295.006 536.381
447 224.52 522.147
448 245.352 195.708
449 318.969 299.995
450 1.81435 613.849
451 90.3508 135.333
452 8.62782 606.89
453 239.668 276.08
454 3.89892 130.517
455 551.36 75.6816
456 551.119 544.942
457 320.87 540.175
458 62.3086 623.693
459 287.501 560.924
460 417.183 317.385
461 214.479 473.777
462 99.1909 9.94946
463 84.3591 204.327
464 253.102 235.383
465 571.984 8.81067
466 283.68 435.348
467 595.551 142.89
468 314.389 226.552
469 458.645 127.313
470 480.48 308.314
471 212.335 66.8028
472 13.762 180.73
473 509.292 632.214
474 624.225 524.675
475 1.81435 447.778
476 495.669 340.798
477 103.912 244.783
478 456.521 588.38
479 0.617651 584.056
480 113.105 545.535
481 2.56711 194.82
482 117.392 574.321
483 51.8634 590.822
484 260.552 66.6291
485 401.909 70.6337
486 627.64 605.771
487 447.064 407.08
488 279.009 529.153
489 144.723 371.218
490 434.325 350.951
491 553.184 287.073
492 337.604 205.629
493 165.766 316.922
494 500.043 252.358
495 61.9195 222.798
496 185.411 220.482
497 166.901 173.55
498 303.074 127.342
499 119.397 477.087
500 455.323 473.951
501 528.69 163.745
502 32.8513 172.334
503 490.492 45.0885
504 291.909 96.122
505 275.907 94.5677
506 63.1528 368.071
507 265.3 607.894
508 608.329 448.009
509 39.296 480.745
510 445.076 468.092
511 107.742 363.391
512 113.864 156.159
513 326.112 234.929
514 51.323 427.096
515 13.762 68.7716
516 368.622 155.187
517 498.599 152.588
518 251.982 195.843
519 370.108 17.6508
520 9.80521 587.599
521 451.597 188.219
522 624.225 216.438
523 220.834 595.725
524 112.065 445.963
525 492.21 322.153
526 176.088 298.75
527 518.48 189.609
528 570.547 504.795
529 143.428 462.012
530 272.555 131.444
531 446.385 249.424
532 524.216 615.672
533 530.311 255.968
