1 1000.09 243.308
2 1342.52 60.7162
3 207.216 1400.12
4 1166.33 22.4201
5 106.662 779.122
6 517.233 714.387
7 1216.35 1362.25
8 1462.21 481.292
9 924.392 968.9
10 1153.79 1165.19
11 648.622 957.307
12 1030.97 336.249
13 738.662 270.446
14 840.482 877.207
15 517.517 662.073
16 755.077 1133.38
17 836.161 297.007
18 127.181 1195.83
19 617.328 268.971
20 846.156 361.685
21 101.086 782.516
22 558.602 1393.17
23 933.414 1116.07
24 797.834 1461.49
25 855.593 114.652
26 1328.83 688.218
27 792.779 371.141
28 1053.38 370.242
29 1174.8 595.48
30 511.418 397.026
31 741.95 958.063
32 676.138 86.7571
33 507.257 1276.31
34 92.2834 1453.22
35 181.693 1293.11
36 883.693 399.366
37 190.679 57.5627
38 168.313 341.26
39 1134.37 471.619
40 1329.02 24.1222
41 695.806 497.187
42 86.1161 195.792
43 658.267 45.8607
44 998.439 1309.65
45 452.208 1336.45
46 170.068 1524.84
47 1031.87 1152.81
48 1059.67 1244.44
49 804.312 33.7573
50 455.723 1163.88
51 5.38981 404.842
52 218.808 374.696
53 1465.09 1053.57
54 820.417 729.148
55 1033.93 701.158
56 214.647 1391.42
57 397.1 1523.85
58 435.376 17.2096
59 434.637 451.893
60 994.894 1490.24
61 730.542 950.461
62 67.2899 59.288
63 560.068 73.3067
64 415.678 755.246
65 410.335 904.553
66 993.685 1077.07
67 1090.78 751.983
68 904.744 1216.44
69 985.39 61.3781
70 1220.58 880.998
71 313.224 1088.99
72 1281.69 1313.61
73 1368.63 170.725
74 1112.76 719.314
75 142.83 1004.96
76 607.207 1219.61
77 34.4664 1494.93
78 1417.71 902.983
79 1384.24 919.2
80 93.7373 495.92
81 1081.65 548.807
82 135.88 488.156
83 342.52 1306.71
84 965.327 835.516
85 1309.44 710.226
86 459.6 1101.82
87 408.113 1079.82
88 1152.33 1249.41
89 634.296 1276.75
90 1392.56 1523.91
91 874.931 1531.9
92 888.404 1250.3
93 1200.27 1015.08
94 1009.04 1426.66
95 759.768 681.386
96 554.536 4.49151
97 135.124 451.289
98 601.484 346.272
99 663.136 819.015
100 563.33 337.535
101 576.663 1330.54
102 765.507 799.016
103 366.689 1130.78
104 1000.57 646.173
105 954.427 563.236
106 1131.62 1193.18
107 1067.33 1509.06
108 29.6544 1508.11
109 987.172 1370.1
110 1031.25 1207.56
111 1107.32 227.091
112 1122.78 592.653
113 799.776 1224.36
114 317.718 198.808
115 89.6411 463.912
116 1317.15 770.271
117 1224.01 529.242
118 86.2015 304.525
119 1149.26 748.191
120 104.706 1497.85
121 999.652 1018.97
122 48.5766 571.604
123 470.994 995.697
124 1521.54 1483.86
125 366.46 1485.27
126 887.334 1238.05
127 1151.73 77.1122
128 256.767 692.63
129 39.0052 1424.29
130 1220.46 235.129
131 799.812 131.918
132 556.243 945.213
133 606.024 1495.68
134 309.321 1482.54
135 956.787 904.401
136 334.784 521.545
137 722.247 772.256
138 1391.23 736.901
139 1152.53 1397.62
140 836.556 433.653
141 194.033 1171.4
142 251.146 57.0658
143 534.927 1141.47
144 124.469 1299.61
145 431.357 1054.61
146 573.117 581.816
147 220.181 1032.86
148 1508.21 581.722
149 355.314 689.102
150 1113.89 1128.51
151 123.552 692.743
152 33.9937 855.619
153 1425.09 1413.69
154 1472.57 1034.8
155 161.243 818.032
156 799.794 656.375
157 1289.54 738.31
158 936.196 911.446
159 1304.57 662.522
160 1331.85 48.627
161 1075.5 1130.69
162 511.56 858.834
163 354.371 624.803
164 66.192 529.289
165 1150.86 778.592
166 1177.39 947.01
167 1172.47 483.249
168 659.148 1209.73
169 332.433 27.479
170 1442.91 964.777
171 1141.55 1331.09
172 867.27 1306.51
173 795.707 1040.1
174 132.381 670.947
175 1090.68 1261.31
176 959.341 470.379
177 664.744 939.507
178 924.731 592.265
179 1519.96 1498.79
180 465.284 1515.91
181 1382.55 957.08
182 1094.3 941.289
183 1377.14 719.446
184 918.342 198.336
185 166.139 846.367
186 497.843 520.117
187 368.022 704.624
188 194.358 81.1407
189 873.804 1481.02
190 1486.97 1206.7
191 1261.98 121.413
192 643.137 283.296
193 175.03 130.122
194 1382.96 357.146
195 1336.01 1039.71
196 60.5762 323.909
197 627.303 153.194
198 542.51 49.8321
199 855.798 306
200 158.858 634.722
201 795.029 1438.84
202 1244.43 1416.1
203 432.615 595.385
204 735.757 1366.08
205 682.71 547.728
206 288.781 1428.49
207 873.339 457.813
208 976.043 557.856
209 1267.94 1044.83
210 598.121 1377.52
211 1268.69 550.102
212 1095.27 976.843
213 1212.01 1453.23
214 1101.84 658.172
215 1266.13 857.369
216 763.037 111.447
217 1444.33 1298.61
218 766.536 1459.55
219 574.488 395.405
220 777.221 60.527
221 331.237 1100.73
222 1249.24 247.033
223 1305.25 1512.79
224 1138.05 196.218
225 221.523 809.002
226 1338.42 260.659
227 313.129 463.595
228 46.0892 1260.61
229 68.0371 1383.68
230 222.961 1310.54
231 729.232 199.055
232 530.388 48.991
233 1343.62 1247.61
234 41.6529 1510.57
235 1044.97 675.722
236 1239.75 929.185
237 432.521 470.758
238 112.051 108.799
239 581.438 233.521
240 1177.23 67.9873
241 190.676 1208.88
242 739.965 46.3906
243 80.5661 801.995
244 139.154 263.959
245 418.089 1383.86
246 1281.47 920.864
247 1213.04 1092.44
248 1282.45 400.312
249 675.429 1202.78
250 1458.46 1204.02
251 1200.97 459.752
252 1112.09 997.598
253 768.772 567.501
254 813.989 666.919
255 1377 580.739
256 650.513 889.698
257 370.464 1412.37
258 305.99 1265.29
259 846.059 858.55
260 527.02 198.062
261 588.203 529.951
262 488.866 1499.03
263 206.988 390.677
264 604.455 1072.53
265 942.293 689.859
266 324.807 70.9284
267 1455.48 34.3344
268 921.812 63.4958
269 814.004 103.447
270 1021.53 415.252
271 503.393 187.887
272 506.067 750.754
273 126.566 1125.2
274 1268.26 193.254
275 686.681 1296.06
276 364.474 907.616
277 1498.44 905.168
278 1272.08 798.402
279 1450 1073.99
280 992.854 1323.68
281 1324.77 903.267
282 1286.89 1374.4
283 190.443 1349.16
284 464.99 1493.76
285 253.608 793.509
286 1295.97 1077.61
287 489.528 31.4504
288 741.714 1319.19
289 895.014 1109.78
290 1069.78 1288.26
291 822.63 535.908
292 666.968 1066.76
293 776.891 453.794
294 463.328 836.802
295 1160.46 516.477
296 543.709 121.943
297 191.48 598.374
298 670.24 1498.7
299 962.055 283.59
300 945.631 265.472
301 294.454 441.752
302 790.601 805.115
303 117.228 1315.26
304 725.263 1478.37
305 469.842 1468.2
306 614.344 662.451
307 160.439 246.097
308 625.928 1447.84
309 1444.68 155.558
310 249.917 314.69
311 690.892 268.806
312 131.513 751.653
313 642.428 32.0079
314 1296.39 935.7
315 845.255 43.9695
316 255.165 1443.76
317 268.12 1396.35
318 666.05 1164.12
319 767.748 1345.05
320 104.581 1483.88
321 856.791 783.792
322 480.82 892.875
323 800.009 1167.04
324 866.153 240.367
325 1052.53 1443.35
326 434.353 1197.48
327 1115.18 415.441
328 359.746 483.192
329 1314.38 169.458
330 356.703 362.782
331 316.659 172.9
332 1453.97 1144.92
333 630.277 607.593
334 782.981 333.942
335 592.17 735.19
336 484.718 108.411
337 298 397.664
338 873.787 654.106
339 665.968 625.313
340 156.872 1466.67
341 1529.85 123.966
342 460.545 1352.9
343 429.995 76.4128
344 1101.56 629.909
345 872.452 406.6
346 623.141 53.8509
347 789.279 245.497
348 920.429 1388.17
349 1099.33 210.865
350 635.62 173.703
351 892.676 426.089
352 716.517 1249.68
353 1473.07 14.1936
354 788.314 414.316
355 1302.49 1261.74
356 347.501 271.145
357 324.051 1288.7
358 1406.04 807.834
359 194.695 467.614
360 1304.48 1199.33
361 1474.92 838.173
362 644.839 144.684
363 897.593 121.129
364 116.015 965.722
365 530.474 158.574
366 567.474 449.303
367 1522.36 744.419
368 272.848 414.033
369 441.617 793.92
370 1009.69 1163.54
371 1524.55 418.703
372 434.353 1529.62
373 360.172 498.652
374 1346.98 526.651
375 425.323 39.1569
376 658.976 425.158
377 1327.97 372.937
378 92.2887 187.178
379 316.297 1469.49
380 679.241 490.284
381 836.792 1523.81
382 193.419 1434.21
383 606.401 1356.97
384 1143.47 162.971
385 508.203 906.222
386 785.563 1187.19
387 1066.88 83.6465
388 634.674 778.592
389 249.796 524.382
390 1324.62 1059.52
391 786.177 1107.84
392 1342.69 1539.61
393 622.432 1537.63
394 1084.49 142.509
395 253.295 1322.97
396 636.284 1448.96
397 980.473 835.114
398 86.7136 1030.26
399 377.761 391.117
400 273.84 982.138
401 1120.42 1434.4
402 255.922 158.905
403 798.922 93.0693
404 334.644 1028.01
405 988.135 1488.58
406 445.693 1039.01
407 131.341 622.429
408 635.809 1141.09
409 1244.29 201.078
410 883.886 1069.95
411 113.99 416.387
412 1139 253.605
413 432.083 289.452
414 246.318 292.034
415 737.376 962.082
416 117.158 344.027
417 1322.84 505.234
418 1330.91 421.304
419 492.159 673.453
420 698.702 1283.82
421 1278.19 899.083
422 887.854 438.505
423 279.987 750.319
424 1397.05 1018.54
425 394.497 1014.05
426 1304.26 96.7803
427 1217.96 1119.33
428 994.137 1500.87
429 261.808 1368.17
430 574.491 498.605
431 883.362 1403.01
432 1425.65 240.698
433 164.96 1396.7
434 329.301 925.582
435 200.795 1234.86
436 700.061 111.626
437 1495.17 1287.03
438 225.324 1485.94
439 428.927 1479.28
440 1077.27 977.174
441 926.717 662.805
442 968.275 1477.24
443 171.481 1089.88
444 1203.3 43.2131
445 193.088 670.096
446 1462.25 410.96
447 1272.39 1141.42
448 1146.08 411.29
449 1099.2 898.255
450 869.604 675.013
451 1033.19 857.51
452 304.111 806.354
453 1117.54 818.684
454 1208.73 1374.89
455 1420.93 435.876
456 634.249 690.771
457 1103.5 1046.26
458 465.084 335.313
459 1431.14 295.872
460 1412.18 245.047
461 255.915 1131.78
462 84.8187 1414.51
463 528.421 311.475
464 1395.73 524.713
465 510.862 713.205
466 1188.08 1213.61
467 589.809 708.818
468 257.245 1466.72
469 1475.58 860.479
470 574.716 1248.6
471 301.782 584.369
472 1083.97 657.368
473 1034.98 702.236
474 508.25 1054.47
475 1196.02 642.381
476 1489.2 1320.48
477 959.673 1327.41
478 1499.67 96.9319
479 985.329 989.74
480 1288.07 1015.33
481 1370.48 986.241
482 132.807 747.965
483 1439.1 1147.51
484 1476.73 386.175
485 1104.91 378.857
486 1387.11 1460.78
487 1056.47 685.556
488 30.9205 888.242
489 370.479 876.942
490 373.41 1123.02
491 272.945 764.644
492 1241.08 862.748
493 35.4593 1247.61
494 1494.49 913.526
495 1336.12 212.992
496 730.083 892.203
497 942.65 802.147
498 1305.61 1104.31
499 1493.76 373.079
500 1030.35 174.673
501 442.713 813.21
502 495.818 1285.34
503 646.21 1005.45
504 753.818 1288.21
505 287.693 1272.42
506 58.626 867.476
507 1168.08 1543.72
508 949.366 396.303
509 88.2227 761.487
510 629.031 758.082
511 1429.1 1110.22
512 1277.03 1444.33
513 1201.98 333.294
514 134.367 1160.61
515 1097.58 363.765
516 202.165 473.453
517 1161.27 320.467
518 1272.66 180.133
519 1440.95 705.461
520 301.64 1503.69
521 666.892 914.103
522 1408.78 1392.89
523 1419.97 498.983
524 885.301 723.606
525 1251.07 419.838
526 1430.85 1438.29
527 644.947 1051.64
528 1131.27 1383.54
529 709.738 799.536
530 731.833 1135.41
531 384.615 775.755
532 379.367 1426.8
533 1162.03 1503.72
534 317.028 659.269
535 762.037 319.285
536 1175.4 1413.99
537 1478.51 433.029
538 849.889 1008
539 639.64 1039.11
540 1338.05 878.029
541 38.296 97.0738
542 156.119 1091.93
543 657.368 173.335
544 86.6454 1020.76
545 1121.94 1339.09
546 836.461 731.843
547 549.3 607.215
548 503.617 1312.05
549 138.953 895.996
550 1095.93 687.448
551 1396.36 396.539
552 1412.37 197.4
553 918.018 337.961
554 437.662 925.299
555 997.636 1512.74
556 316.156 1367.42
557 1055.22 525.601
558 1484.52 802.231
559 294.129 1070.85
560 107.526 838.504
561 782.705 184.507
562 1072.01 99.6411
563 348.128 135.029
564 1077.16 670.654
565 1057.77 876.091
566 538.368 120.444
567 1240.59 1251.1
568 1536.91 1261.69
569 1103.82 1102.79
570 659.46 78.6251
571 942.225 536.192
572 74.5118 439.223
573 726.159 1259.92
574 602.146 319.238
575 664.045 1519.5
576 62.2193 910.463
577 1185.63 330.339
578 883.307 1506.75
579 1291.14 331.474
580 509.29 762.091
581 1276.58 7.28098
582 42.7403 171.931
583 90.9649 96.4404
584 631.858 475.779
585 1314.61 232.093
586 742.187 1095.51
587 119.427 1339.28
588 1457.11 590.194
589 404.472 100.809
590 162.924 977.306
591 176.125 560.021
592 1152.76 273.888
593 128.646 548.437
594 746.87 330.207
595 1050.3 119.248
596 1542.57 451.941
597 742.595 628.197
598 1109.97 858.409
599 1064.32 258.286
600 524.94 1301.74
601 1488.25 506.312
602 216.824 994.052
603 1316.81 1325.19
604 1121.41 983.452
605 18.0133 867.996
606 700.007 467.269
607 1434.78 1493
608 1088.6 1015.19
609 205.759 903.692
610 278.237 101.471
611 1314.26 821.521
612 113.7 613.21
613 617.937 1410.25
614 1364.39 291.391
615 1072.71 648.811
616 1196.82 1465.08
617 1450.24 766.323
618 691.383 1044.87
619 1488.87 210.061
620 899.438 1317.57
621 486.643 1465.56
622 1116.34 577.183
623 299.858 571.945
624 140.088 762.243
625 1545.65 1377.44
626 328.563 741.629
627 48.6974 345.383
628 500.922 879.958
629 237.625 1337.44
630 323.294 1109.88
631 1253.56 395.608
632 775.567 1265.28
633 1477.73 695.769
634 380.218 1363.35
635 511.079 1041.09
636 824.831 1149.88
637 439.131 174.106
638 219.8 1112.71
639 174.226 308.401
640 616.519 973.76
641 134.178 158.111
642 33.4276 1206.37
643 992.712 173.146
644 184.26 237.871
645 1541.77 1094.51
646 1260.81 300.09
647 1346.3 132.391
648 1153.33 639.885
649 391.282 1432.18
650 787.812 1052.73
651 1017.49 1477.53
652 55.9311 1157.83
653 428.492 1166.12
654 1406.74 231.053
655 1037.55 233.71
656 1434.16 1471.99
657 2.69491 1117.82
658 570.375 852.914
659 1207.46 990.449
660 1402.68 1010.32
661 1259.7 1286.46
662 39.2521 1193.7
663 816.462 286.379
664 864.319 707.021
665 1409.81 1396.02
666 567.03 1053.29
667 937.868 185.958
668 1351.55 614.959
669 479.364 1115.32
670 181.93 314.879
671 706.16 1106.58
672 716.798 700.747
673 977.5 1176.49
674 1177.17 42.8348
675 1135.98 1202.31
676 723.485 603.896
677 1233.06 619.318
678 232.936 920.202
679 364.238 1284.62
680 1417.04 1449.15
681 987.095 1077.35
682 168.807 933.724
683 555.104 1193.04
684 167.037 825.975
685 67.0154 132.901
686 229.303 1314
687 1473.17 947.01
688 458.276 410.818
689 894.976 804.132
690 1366.7 1372
691 1433.41 567.784
692 196.255 1378.38
693 677.225 358.48
694 619.924 769.808
695 980.332 26.5708
696 845.35 1290.49
697 303.026 1220.79
698 1353.33 432.887
699 941.821 496.232
700 750.009 764.512
701 1143.69 159.246
702 312.346 997.078
703 176.02 1337.72
704 1477.57 141.79
705 1271.48 756.04
706 1100.1 1311.71
707 263.431 853.387
708 1065.29 889.934
709 118.439 511.631
710 1152.71 136.505
711 553.489 1219.76
712 77.1122 1107.33
713 1325.89 1143.97
714 567.786 303.305
715 749.231 139.615
716 369.318 374.744
717 720.769 729.942
718 665.311 723.852
719 221.408 872.724
720 991.017 629.994
721 937.024 1144.32
722 294.738 829.379
723 1369.63 777.656
724 1118.72 1471.15
725 1401.65 537.289
726 1354.5 36.429
727 1050.33 532.089
728 427.072 1314.88
729 118.901 380.313
730 575.906 1467.93
731 305.642 1402.91
732 797.079 259.846
733 1243.25 81.7081
734 322.768 1044.78
735 1538.37 1067.99
736 768.466 1124.4
737 1330.53 685.935
738 767.812 1306.3
739 841.709 812.737
740 337.856 803.674
741 662.59 110.822
742 1470.14 1532.99
743 50.8263 957.165
744 1259.04 1087.56
745 815.659 598.799
746 139.317 1273.51
747 880.431 1195.03
748 393.456 619.119
749 234.127 1522.01
750 741.151 1082.79
751 1205.81 910.132
752 109.123 996.289
753 1121.32 29.5494
754 1069.69 689.613
755 875.648 1443.34
756 581.722 289.584
757 569.051 790.469
758 114.881 1045.86
759 1218.24 150.584
760 878.54 1412.89
761 1349.63 158.716
762 564.042 480.45
763 1021.18 1003.31
764 920.145 1270.21
765 993.1 1025.91
766 1185.95 966.006
767 1531.58 1461.55
768 951.041 1175.84
769 1331.04 1035.13
770 818.789 630.996
771 1445.51 948.428
772 1461.07 779.017
773 1295.07 71.7795
774 918.727 822.041
775 403.763 416.576
776 100.478 1426.37
777 969.506 263.416
778 891.364 756.711
779 718.405 471.089
780 822.656 889.414
781 987.614 1050.22
782 840.672 1016.38
783 69.6421 517.659
784 698.209 1224.96
785 1009.75 932.684
786 252.407 626.883
787 1095.88 1062.65
788 1033.39 319.191
789 1291.38 1187.18
790 811.593 347.369
791 587.085 82.6064
792 652.593 1109.07
793 1078.39 978.819
794 798.337 1512.65
795 999.897 1241.42
796 650.371 863.221
797 803.413 1381.35
798 1540.54 609.38
799 929.868 87.2397
800 469.623 914.566
801 71.9587 467.165
802 418.696 1153.15
803 336.438 1141.33
804 1052.66 142.546
805 848.99 1095.17
806 339.211 522.056
807 569.855 1026.52
808 1163.68 96.1755
809 626.809 677.33
810 1368.16 64.4414
811 304.434 718.983
812 1269.92 607.877
813 971.065 443.478
814 1183.44 1162.97
815 25.7671 202.449
816 944.872 204.293
817 1515.25 1412.41
818 435.076 858.645
819 255.874 280.554
820 822.514 826.627
821 364.427 686.218
822 1023.27 736.939
823 148.477 577.467
824 960.805 1335.26
825 731.495 1358.62
826 932.599 529.526
827 410.193 955.274
828 340.74 1230.49
829 15.3184 896.279
830 502.056 1072.02
831 895.087 1057.96
832 1358.75 1225.05
833 1381.21 864.082
834 778.024 507.801
835 1068.46 430.807
836 403.952 347.809
837 790.601 1073.38
838 771.37 1393.04
839 189.724 201.929
840 274.975 11.4184
841 1284.38 81.4146
842 475.722 1365.8
843 281.775 1250.91
844 360.855 1319.32
845 945.629 1344.14
846 186.659 1265.42
847 1050.58 594.119
848 460.356 1154.38
849 325.567 33.4736
850 802.042 851.175
851 117.424 58.825
852 1382.39 11.016
853 533.594 1444.47
854 428.159 1126.15
855 1090.95 1075.08
856 494.255 133.053
857 1530.33 1231.97
858 982.554 612.548
859 1033.57 314.406
860 1072.43 847.062
861 186.374 930.689
862 354.451 536.428
863 53.4254 72.0533
864 972.77 1089.07
865 805.824 225.899
866 1151.86 290.01
867 187.559 917.592
868 51.2715 361.732
869 1375.3 789.192
870 504.231 822.146
871 1004.81 943.548
872 174.602 727.635
873 930.499 499.314
874 545.695 1095.56
875 854.061 1225.96
876 58.0612 11.0633
877 1206.28 160.796
878 1135.17 430.334
879 1361.41 279.476
880 876.79 970.498
881 1191.52 402.638
882 1327.46 981.514
883 1454.26 1209.73
884 103.541 527.975
885 435.251 1230.32
886 1375.92 1196.35
887 1278.52 304.241
888 380.23 964.787
889 1163.82 1059.95
890 1119.58 1454.93
891 823.641 777.504
892 654.63 1180.82
893 1474.77 630.287
894 797.456 14.397
895 206.61 752.362
896 353.175 335.185
897 1059.45 781.107
898 1470.16 277.055
899 818.156 1251.35
900 569.338 689.802
901 609.947 517.895
902 1287.03 405.749
903 223.803 43.5066
904 1484 1090.22
905 683.827 251.676
906 419.747 941.587
907 641.766 1384.39
908 1494.35 756.938
909 263.327 428.017
910 609.297 641.341
911 1084.6 1354.83
912 201.787 364.248
913 38.0124 921.564
914 393.362 0.52007
915 550.464 1174.85
916 33.71 1476.24
917 97.3003 1187.85
918 130.916 1018.67
919 1075.79 153.752
920 1517.84 663.467
921 172.143 1424.09
922 1150.21 909.423
923 995.775 1052.48
924 128.357 257.681
925 74.1364 687.816
926 735.712 643.043
927 1.18198 582.998
928 816.32 1427.78
929 159.284 688.903
930 1265.99 1387.32
931 301.593 670.37
932 852.536 899.342
933 723.023 1034.75
934 68.1796 728.736
935 1396.15 887.57
936 400.879 518.283
937 1367.6 1130.26
938 854.191 1029.17
939 250.815 1340.22
940 545.747 732.646
941 966.668 970.366
942 1376.35 1169.16
943 1115.98 365.713
944 164.626 858.976
945 625.602 376.294
946 1014.66 99.7116
947 998.203 393.646
948 1194.3 1261.64
949 1048.99 1411.53
950 1331.38 842.679
951 1434.78 1101.3
952 231.904 253.699
953 482.493 989.514
954 1239.61 1414.79
955 69.5948 109.829
956 175.074 292.232
957 906.623 854.522
958 1033.71 1420.83
959 1025.81 1191.34
960 732.025 400.62
961 1485.6 987.953
962 154.934 400.737
963 1106.85 1110.35
964 488.688 474.445
965 947.494 769.325
966 231.195 605.787
967 448.17 574.309
968 1153.59 1329.54
969 807.006 142.641
970 467.375 352.087
971 927.757 151.529
972 71.9115 26.1552
973 1402.05 122.132
974 1547.12 27.4317
975 603.482 1190.02
976 696.82 1006.62
977 1368.02 1075.7
978 1148.86 616.671
979 1431.66 716.099
980 273.415 1152.82
981 35.8848 1426.74
982 245.287 1079.57
983 604.368 1016.86
984 630.791 993.863
985 511.931 186.762
986 1076.12 965.572
987 331.19 250.542
988 644.852 616.661
989 426.47 407.877
990 264.595 114.898
991 791.727 1542.63
992 616.769 243.45
993 768.714 1409.34
994 1349.91 1425.02
995 1522.39 481.537
996 672.111 211.726
997 1453.69 1364.86
998 1368.38 1353.52
999 215.545 1234.5
1000 1259.54 1289.91
1001 678.549 582.336
1002 585.487 1112.43
1003 1249.25 1226.15
1004 1053.9 1539.65
1005 388.078 1392.24
1006 1108.4 130.453
1007 1251.6 671.741
1008 1152.28 1300.93
1009 467.165 1398.19
1010 1500.01 1325
1011 1001.17 864.923
1012 1422.55 672.649
1013 897.274 926.717
1014 1232.9 266.323
1015 1441.85 837.123
1016 1042.69 1461.25
1017 313.886 545.742
1018 1392.63 1027.9
1019 539.145 1195.73
1020 1067.28 382.299
1021 123.392 379.614
1022 820.73 653.596
1023 1190.74 716.761
1024 994.137 1107.65
1025 148.976 1548.97
1026 771.263 1138.27
1027 1253.23 252.376
1028 1356.96 89.121
1029 1279.78 1310.39
1030 906.765 107.844
1031 431.091 653.217
1032 1418.09 264.763
1033 749.309 1046.33
1034 1168.6 1276.68
1035 989.827 573.978
1036 1458.84 635.1
1037 90.7285 183.642
1038 1463.71 1248.26
1039 139.03 214.742
1040 1468.69 1378.46
1041 184.814 4.3024
1042 603.558 1009.41
1043 1280.18 449.917
1044 133.29 1206.56
1045 236.938 390.714
1046 666.399 505.981
1047 1104.77 1526.29
1048 864.075 764.739
1049 550.848 100.762
1050 122.027 1426.65
1051 1180.73 498.048
1052 776.464 465.094
1053 453.88 1304.15
1054 1143.11 141.648
1055 91.9127 541.156
1056 890.359 1299.19
1057 998.272 402.25
1058 1175.22 416.481
1059 679.4 1149.4
1060 328.164 487.173
1061 1454.93 972.861
1062 1199.18 236.169
1063 1443.49 1336.21
1064 919.058 28.0463
1065 1060.18 573.07
1066 1204.15 1105.35
1067 541.582 1433.83
1068 234.173 1051.96
1069 1398.17 488.818
1070 1438.23 816.32
1071 1172.03 1387.07
1072 719.543 661.907
1073 902.058 707.673
1074 1227.56 507.456
1075 1134.89 1004.66
1076 38.9881 240.036
1077 967.897 772.02
1078 914.094 814.359
1079 482.629 766.299
1080 1131.48 209.423
1081 1490.95 493.215
1082 1274.56 1184.72
1083 404.803 54.3005
1084 277.67 1188.42
1085 643.043 19.2426
1086 1419.98 1228.69
1087 250.437 233.096
1088 1028.46 1025.44
1089 465.321 813.602
1090 491.04 216.373
1091 1509.61 1194.89
1092 1518.18 1178.22
1093 844.121 1536.66
1094 386.575 295.825
1095 1247.7 858.456
1096 258.41 68.1764
1097 965.297 485.973
1098 656.775 1086.14
1099 1502.51 66.2005
1100 1446.17 1126.35
1101 901.848 89.8302
1102 1160.37 557.383
1103 681.353 441.975
1104 1253.4 728.297
1105 462.108 207.423
1106 993.239 456.669
1107 591.556 413.455
1108 333.206 914.576
1109 708.763 1398.05
1110 384.521 1373.8
1111 215.262 83.5421
1112 199.99 966.479
1113 588.012 340.882
1114 330.161 383.67
1115 350.574 841
1116 1260.37 1183.5
1117 1181.13 691.173
1118 1267.6 668.3
1119 929.319 220.061
1120 40.7939 1451.9
1121 1412.54 1350.72
1122 383.386 151.256
1123 833.118 523.947
1124 769.279 1211.63
1125 359.936 1314.57
1126 1215.73 1148.08
1127 100.584 158.962
1128 331.703 53.9553
1129 477.236 569.486
1130 221.684 1511.94
1131 67.2781 1448.12
1132 1497.15 1093.99
1133 255.165 1136.35
1134 7.99016 37.6913
1135 1536.58 402.922
1136 353.647 1045.25
1137 584.7 1245.46
1138 104.109 542.518
1139 1068.13 68.6733
1140 639.024 331.011
1141 1268.94 1496.39
1142 402.556 229.077
1143 340.362 1019.9
1144 816.415 212.236
1145 353.46 880.583
1146 471.099 902.747
1147 528.438 1142.59
1148 788.38 483.854
1149 508.915 230.013
1150 547.492 162.934
1151 1346.53 1356.81
1152 1049.64 310.302
1153 508.254 979.268
1154 610.798 818.779
1155 825.307 581.958
1156 1201.5 447.554
1157 196.539 1531.56
1158 1523.72 140.24
1159 275.306 378.966
1160 1124.34 1504.04
1161 1019.76 1364.95
1162 465.909 1545.94
1163 1477.33 295.069
1164 1451.39 46.296
1165 1280.03 1241.5
1166 1389.39 755.766
1167 627.491 959.86
1168 766.725 42.5512
1169 1321.54 594.402
1170 1116.97 792.397
1171 1103.35 928.996
1172 103.808 1486.17
1173 301.55 729.715
1174 39.1299 448.925
1175 1466.45 682.909
1176 1533.55 342.3
1177 412.654 1410.36
1178 1163.96 1461.31
1179 1089.69 186.62
1180 930.142 1232.76
1181 1309.68 636.66
1182 187.615 597.475
1183 398.309 507.73
1184 665.211 361.354
1185 979.008 895.371
1186 1459.28 419.186
1187 256.347 472.99
1188 1193.13 912.25
1189 309.252 117.394
1190 1199.76 1202.9
1191 521.11 834.948
1192 1409.76 539.691
1193 49.123 824.146
1194 734.672 970.167
1195 799.82 393.031
1196 996.787 1150.77
1197 500.735 1022.75
1198 883.457 362.276
1199 190.055 95.5608
1200 313.027 338.954
1201 767.907 917.072
1202 497.671 609.768
1203 74.7888 1539.64
1204 960.238 722.85
1205 458.997 1344.43
1206 274.408 580.55
1207 311.238 162.545
1208 664.992 404.425
1209 1252.28 426.703
1210 1293.11 1231.19
1211 1275.18 571.425
1212 1305.75 147.785
1213 480.923 740.684
1214 1152.52 1303.12
1215 610.136 122.122
1216 1312.33 1086.99
1217 1266.46 1486.75
1218 84.1015 567.548
1219 1041.56 474.266
1220 279.614 490.861
1221 711.172 223.924
1222 199.001 507.068
1223 676.008 1339.33
1224 1034.32 887.911
1225 633.882 1474.97
1226 787.622 1358.57
1227 508.486 559.926
1228 1203.77 987.386
1229 1367.41 137.818
1230 960.477 106.104
1231 1093.58 795.943
1232 102.465 738.603
1233 1526.22 561.675
1234 1377.39 1316.25
1235 155.264 1415.02
1236 595.858 1438.44
1237 1298.05 353.78
1238 52.858 898.454
1239 120.278 357.808
1240 805.021 1274.74
1241 523.994 524.24
1242 606.592 488.086
1243 1016.55 41.511
1244 34.3246 469.954
1245 1014.94 1187.42
1246 1468.7 754.631
1247 1397.82 1117.17
1248 469.473 1363.68
1249 1067.04 1536.01
1250 640.962 159.638
1251 1150.54 732.731
1252 428.02 714.481
1253 307.798 1085.29
1254 1465.46 221.03
1255 544.229 1110.36
1256 424.428 1452.66
1257 440.215 0.945581
1258 180.362 380.029
1259 1352.57 207.281
1260 839.676 435.818
1261 876.459 865.207
1262 2.9313 415.938
1263 94.6054 1259.67
1264 396.813 400.322
1265 1503.27 1340.36
1266 836.275 1262.26
1267 222.073 701.905
1268 1118.34 772.389
1269 630.183 775.576
1270 1314.17 692.733
1271 730.653 601.745
1272 405.371 694.151
1273 1108.22 220.699
1274 72.1951 334.036
1275 1384.25 1440.4
1276 1429.39 311.664
1277 422.391 56.1675
1278 668.526 1186.9
1279 911.601 295.646
1280 1178.94 1070.73
1281 352.442 641.01
1282 112.004 841.615
1283 181.422 1221.8
1284 813.998 834.996
1285 533.253 1420.89
1286 1143.4 943.832
1287 768.646 999.679
1288 478.701 516.628
1289 913.283 604.557
1290 896.47 327.701
1291 1195.17 1354.88
1292 637.984 1319.49
1293 331.379 1352.94
1294 201.128 177.543
1295 1238 1309.36
1296 522.825 597.475
1297 460.267 1191.58
1298 1262.73 386.734
1299 741.706 868.29
1300 123.351 275.921
1301 1339.76 733.261
1302 1337.34 1290.34
1303 723.653 751.511
1304 8.51023 55.8937
1305 906.387 1445.47
1306 618.601 1315.14
1307 933.478 1256.37
1308 1414.05 451.137
1309 611.008 979.679
1310 461.066 301.097
1311 64.205 579.358
1312 1102.55 806.345
1313 1254.87 384.72
1314 1228.12 1063.03
1315 1465.92 111.588
1316 1036.04 11.1106
1317 457.003 219.588
1318 204.482 268.829
1319 607.482 1202.4
1320 448.395 175.321
1321 119.143 955.037
1322 408.777 238.485
1323 337.951 665.699
1324 1425.87 1193.8
1325 853.901 356.116
1326 104.581 1373.79
1327 603.084 1160.95
1328 1360.9 1343.73
1329 931.608 477.008
1330 420.832 376.578
1331 467.309 712.364
1332 1253.83 244.348
1333 528.958 1335.54
1334 628.785 1278.05
1335 533.784 136.873
1336 802.433 245.898
1337 696.184 910.406
1338 199.181 1147.56
1339 603.99 543.435
1340 1452.74 1544.95
1341 1125.81 1471.7
1342 912.377 1186.52
1343 1062.15 266.749
1344 349.156 1169.97
1345 910.689 29.2185
1346 791.121 1018.72
1347 248.026 1188.71
1348 371.691 106.057
1349 1239.09 774.431
1350 1393.93 1172.76
1351 366.224 748.57
1352 1522.12 659.175
1353 148.326 1.65477
1354 385.94 250.957
1355 175.642 1100.89
1356 751.608 1195.22
1357 1017.16 1322.87
1358 611.555 569.335
1359 522.576 476.455
1360 1441.45 1506.74
1361 1013.7 1129.98
1362 174.301 935.464
1363 367.973 312.335
1364 1058.81 1212.9
1365 427.764 469.727
1366 123.836 1172.25
1367 1042.6 1374.21
1368 415.205 1253.94
1369 504.799 461.217
1370 337.1 322.453
1371 128.032 708.014
1372 408.143 366.933
1373 440.925 539.123
1374 1256.46 583.66
1375 1525.25 722.755
1376 824.452 267.363
1377 134.778 595.527
1378 1107.29 243.771
1379 509.171 758.073
1380 218.713 516.345
1381 638.082 1152.07
1382 794.478 977.873
1383 16.7368 288.733
1384 1428.54 53.189
1385 486.382 253.841
1386 986.005 275.59
1387 642.428 271.335
1388 1069.96 336.448
1389 48.2719 435.734
1390 252.502 1453.13
1391 1254.97 364.418
1392 962.509 457.898
1393 610.798 1126.01
1394 944.828 1533.65
1395 94.4182 1000.24
1396 743.936 872.025
1397 338.237 1161.42
1398 431.658 66.8999
1399 895.513 760.919
1400 444.179 278.294
1401 702.094 1525.08
1402 847.856 628.859
1403 900.95 198.062
1404 1486.69 470.994
1405 1144.03 640.584
1406 1074.65 199.433
1407 462.494 142.178
1408 217.146 166.905
1409 862.138 1241.78
1410 438.561 1413.6
1411 1079.95 348.163
1412 1065.86 122.926
1413 522.15 1431.4
1414 486.123 869.178
1415 28.6511 655.241
1416 1222.78 1025.53
1417 899.497 522.302
1418 351.739 1002.32
1419 530.106 571.462
1420 331.426 1470.1
1421 36.0267 1365.18
1422 244.605 1387.18
1423 1225.33 1270.34
1424 60 1172.26
1425 171.812 1191.65
1426 1072.53 279.041
1427 1027.35 383.433
1428 1477.5 1505.94
1429 504.441 673.963
1430 624.483 997.825
1431 575.636 1464.29
1432 1287.46 480.355
1433 1448.54 850.182
1434 735.851 1482.67
1435 511.628 1332.89
1436 505.792 366.281
1437 302.161 856.234
1438 917.119 1202.27
1439 900.099 660.971
1440 700.053 1342.54
1441 565.741 724.788
1442 244.764 1548.45
1443 363.671 269.879
1444 1268.36 354.877
1445 577.088 844.901
1446 797.27 634.532
1447 1205.71 1108.41
1448 345.043 529.157
1449 1300.79 300.742
1450 145.026 799.688
1451 214.363 1101.04
1452 294.457 1189.07
1453 647.801 1296.58
1454 1480.74 850.881
1455 1443.59 1115.12
1456 1348.48 559.605
1457 368.304 1001.9
1458 727.058 1491.65
1459 1054.21 283.826
1460 1459.66 621.304
1461 144.863 1500.27
1462 451.09 229.03
1463 1162.41 1494.94
1464 1068.76 1065.95
1465 785.92 692.686
1466 572.881 188.322
1467 757.316 157.392
1468 1031.44 562.763
1469 347.645 187.083
1470 1514.7 254.371
1471 818.733 944.825
1472 1515.58 165.061
1473 45.0116 1405.75
1474 819.772 72.3843
1475 688.206 343.681
1476 740.343 95.1728
1477 631.669 17.6824
1478 1381.18 111.588
1479 361.442 73.3771
1480 283.997 916.127
1481 304.829 1126.47
1482 56.501 112.217
1483 334.216 452.296
1484 1356.63 405.418
1485 1070.07 1258.15
1486 781.893 617.134
1487 50.3049 937.544
1488 1469.06 1051.5
1489 758.971 797.088
1490 175.5 96.6857
1491 1492.69 260.177
1492 292.705 841.592
1493 730.651 444.092
1494 250.06 1262.07
1495 891.686 1163.99
1496 377.112 1218.77
1497 562.668 877.178
1498 1535.58 525.531
1499 1283.87 1046.43
1500 1210.86 468.536
1501 1118.72 1339.32
1502 800.247 1347.75
1503 987.852 886.318
1504 1526.8 1439.13
1505 1198.82 1016.46
1506 612.22 45.3647
1507 1217.49 1491
1508 598.269 499.172
1509 1402.58 294.558
1510 756.181 1408.97
1511 80.5163 1201.42
1512 1131.44 350.315
1513 1473.55 1485.7
1514 526.739 636.376
1515 1273.37 489.741
1516 1143.15 10.9313
1517 105.273 1364.81
1518 303.91 278.994
1519 173.659 726.207
1520 1307.09 1430.95
1521 887.854 846.65
1522 381.176 1254.42
1523 1383.01 958.205
1524 1157.75 525.696
1525 963.453 602.477
1526 337.667 977.472
1527 641.672 306.818
1528 1265.76 1007.05
1529 681.859 145.241
1530 785.542 733.346
1531 1078.01 784.89
1532 342.587 277.963
1533 748.904 1463.67
1534 1402.95 323.767
1535 709.953 839.308
1536 1138.01 867.817
1537 911.682 702.78
1538 899.108 1339.87
1539 1234.27 518.841
1540 1185.29 1130.92
1541 377.334 38.7314
1542 236.726 208.69
1543 1534.19 75.4574
1544 1197.17 797.834
1545 206.848 58.8624
1546 205.759 245.378
1547 1444.04 808.86
1548 732.92 781.438
1549 1297.31 559.983
1550 1355.49 957.59
1551 1294.35 111.011
1552 1530.22 1472.23
1553 42.2202 1311.2
1554 1279.28 1499.6
1555 1413.04 713.593
1556 948.276 128.845
1557 1163.25 416.16
1558 228.758 21.3701
1559 549.714 1252.61
1560 88.6483 716.231
1561 357.052 1516.53
1562 1118.34 424.046
1563 354.309 149.27
1564 592.501 712.931
1565 259.263 556.91
1566 434.43 1252.53
1567 1372.7 270.058
1568 120.231 1042.88
1569 1019.53 940.806
1570 1223.89 1535.68
1571 1011.39 875.287
1572 1212.71 60.4798
1573 727.294 440.934
1574 110.607 212.661
1575 1355.3 1478.82
1576 657.415 1309.31
1577 1314.69 1440.4
1578 1536.99 1128.08
1579 321.112 297.953
1580 1477.9 37.8474
1581 1418.94 126.448
1582 225.899 98.5769
1583 87.6081 982.233
1584 429.814 1170.2
1585 957.638 298.908
1586 501.569 430.192
1587 1447.27 678.786
1588 339.381 1057.55
1589 986.953 509.29
1590 52.858 1339.7
1591 615.869 790.79
1592 1322.77 396.861
1593 908.136 1460.7
1594 104.753 63.9686
1595 57.1604 1143.17
1596 556.238 1416.02
1597 1547.07 1378.14
1598 665.578 506.406
1599 1293.08 946.102
1600 500.78 1528.34
1601 1091.06 1093.42
1602 1395.73 871.495
1603 838.163 548.731
1604 932.308 310.624
1605 236.955 1007.38
1606 1383.95 81.0462
1607 1211.08 937.176
1608 1402.82 201.22
1609 1362.82 932.012
1610 345.631 160.049
1611 258.261 136.258
1612 410.859 730.556
1613 472.696 1078.44
1614 293.34 395.679
1615 710.368 190.923
1616 1311.81 1019.86
1617 703.891 576.247
1618 993.382 250.745
1619 276.367 1508.53
1620 1130.74 345.951
1621 1216.59 385.254
1622 308.432 904.648
1623 157.77 262.74
1624 908.515 1105.43
1625 1210.5 127.427
1626 1255.45 878.209
1627 1364.1 197.258
1628 37.9952 130.973
1629 504.231 286.464
1630 354.924 988.379
1631 1454.64 454.882
1632 1036.28 915.238
1633 1320.01 541.204
1634 1488.35 700.733
1635 1342.35 1477.33
1636 858.021 1203.54
1637 768.315 711.087
1638 556.903 980.521
1639 609.476 401.73
1640 1183.82 1068.74
1641 389.39 638.372
1642 1041.75 74.205
1643 932.004 803.518
1644 1150.21 559.525
1645 582.005 556.248
1646 1548.02 682.048
1647 817.23 824.557
1648 1089.59 917.687
1649 1438.8 324.467
1650 1057.07 192.993
1651 811.64 1483.67
1652 1543.13 52.2532
1653 676.953 1531.13
1654 450.694 1207.89
1655 1523.76 555.506
1656 360.834 878.823
1657 1432.78 557.146
1658 1173.7 265.104
1659 1068.8 551.321
1660 277.765 541.497
1661 808.85 556.617
1662 546.738 98.2227
1663 1111.39 1153.18
1664 1248.11 787.717
1665 246.751 1161.17
1666 1521.11 326.803
1667 391.048 86.4261
1668 927.143 631.838
1669 1526.39 292.856
1670 1021.98 1400.38
1671 49.9267 1182.92
1672 326.643 659.685
1673 793.248 1113.67
1674 1337.51 1149.78
1675 1424.09 564.087
1676 1230.68 890.88
1677 1188.93 1007.15
1678 281.831 778.947
1679 543.851 679.306
1680 598.506 1507.68
1681 904.921 371.671
1682 286.369 289.915
1683 998.375 1282.41
1684 598.222 1295.88
1685 1047.23 6.19356
1686 1436.39 1484.14
1687 1107.99 724.268
1688 462.626 1301.7
1689 175.124 1236.21
1690 107.654 346.319
1691 1487.12 234.882
1692 973.618 858.74
1693 98.4842 233.275
1694 759.065 509.054
1695 998.912 1029.08
1696 1068.25 523.295
1697 1516.43 1366.23
1698 576.379 595.102
1699 344.364 1317.68
1700 118.907 1182.4
1701 232.747 425.616
1702 1531.6 707.957
1703 1312.7 1497.99
1704 317.614 244.48
1705 1038.06 1229.28
1706 1483.81 1063.65
1707 808.141 200.889
1708 228.263 998.723
1709 18.8171 678.512
1710 225.001 53.2461
1711 820.481 685.216
1712 949.791 339.558
1713 264.736 984.597
1714 1538.2 1396.01
1715 283.816 793.211
1716 696.3 3.12042
1717 1291.46 1165.63
1718 1468.58 581.037
1719 1443.62 1274.17
1720 589.071 357.392
1721 1006.29 1534.68
1722 849.749 132.098
1723 414.148 187.093
1724 487.355 392.142
1725 42.0784 279.136
1726 173.325 186.847
1727 732.772 1458.99
1728 480.983 1495.77
1729 495.201 64.8669
1730 196.35 334.415
1731 228.689 812.113
1732 857.682 1417.76
1733 361.118 1222.16
1734 5.62621 1085.41
1735 602.867 280.081
1736 723.535 98.766
1737 1493.27 927.956
1738 98.3436 1286.98
1739 719.209 29.1337
1740 1181.57 868.375
1741 189.28 896.884
1742 1060.76 288.45
1743 396.883 1273.57
1744 731.455 538.272
1745 711.931 747.492
1746 433.927 1442.35
1747 1004.2 302.35
1748 956.597 565.893
1749 334.824 896.563
1750 55.3165 863.94
1751 1306.37 943.653
1752 543.872 1536.52
1753 806.061 372.086
1754 757.652 1515.01
1755 39.809 1109.32
1756 962.98 1335.08
1757 243.44 948.381
1758 489.076 499.655
1759 337.573 1352.14
1760 1008.86 1359.46
1761 566.12 1540.68
1762 1287.72 1086.39
1763 603.659 190.582
1764 844.262 197.447
1765 700.253 1321.02
1766 785.075 1018.86
1767 41.3705 1143.03
1768 724.599 1323.1
1769 72.6207 294.218
1770 1397.49 8.56735
1771 1237.86 1175.4
1772 1363.81 1257.62
1773 538.036 1357.63
1774 541.783 1117.72
1775 345.705 52.5842
1776 54.9856 417.096
1777 747.239 70.824
1778 1548.45 1027.29
1779 117.159 129.119
1780 349.877 570.366
1781 1082.95 722.623
1782 1424.94 344.816
1783 1276.58 1174.71
1784 806.345 131.682
1785 106.662 1460.92
1786 1353.66 564.89
1787 108.505 1067.48
1788 989.787 1357.01
1789 363.954 899.967
1790 56.2621 1219.53
1791 714.899 1543.01
1792 31.0624 777.467
1793 375.965 1428.96
1794 1288.17 1058.68
1795 819.017 825.02
1796 103.97 1465.04
1797 284.528 825.351
1798 867.335 1077.35
1799 466.455 1433.78
1800 54.9383 708.146
1801 362.964 1196.02
1802 192.155 428.396
1803 1438.68 1307.94
1804 16.7841 1532.32
1805 1163.4 178.441
1806 745.78 388.266
1807 1397.04 1009.51
1808 709.613 929.422
1809 64.8682 1078.44
1810 1330.53 791.759
1811 59.716 179.566
1812 490.476 451.194
1813 1050.68 879.864
1814 1155.05 25.5405
1815 871.59 577.514
1816 168.987 1444.09
1817 1181.99 837.842
1818 1210.96 955.331
1819 834.381 1118.1
1820 557.999 436.585
1821 668.762 905.735
1822 43.9905 113.328
1823 1047.23 505.059
1824 736.608 69.5101
1825 650.203 8.41567
1826 1344.93 468.016
1827 801.144 934.234
1828 793.437 1204.25
1829 499.74 10.5905
1830 1273.79 156.787
1831 1009.11 1191.01
1832 601.484 899.967
1833 563.803 932.211
1834 1082.93 441.161
1835 1015.55 1292.82
1836 224.386 631.932
1837 1313.46 1086.1
1838 705.12 808.803
1839 754.101 848.801
1840 134.937 645.17
1841 1460.36 171.576
1842 1253.18 623.233
1843 1404.99 525.649
1844 1191.1 1333.19
1845 1385.87 1333.71
1846 1208.18 667.212
1847 518.928 466.172
1848 1061.98 1232.76
1849 1202.9 1260.94
1850 1091.11 1051.86
1851 1051.68 1311.39
1852 98.2459 566.933
1853 1150.78 472.507
1854 671.933 1491.05
1855 713.725 288.223
1856 59.2407 1331.05
1857 1046.95 224.269
1858 651.789 479.883
1859 491.891 413.219
1860 352.796 558.035
1861 316.829 1378.71
1862 1109.12 1182.32
1863 316.959 1073.81
1864 1398.41 967.661
1865 150.773 588.351
1866 335.681 1343.82
1867 988.416 823.186
1868 178.006 737.837
1869 99.2242 948.891
1870 826.533 465.378
1871 705.309 1261.45
1872 1035.14 790.61
1873 1324.43 343.01
1874 1394.4 1534.74
1875 115.739 613.21
1876 595.149 679.731
1877 1276.2 831.649
1878 1158.99 1546.08
1879 116.07 914.86
1880 249.633 962.602
1881 196.634 147.794
1882 173.611 143.407
1883 307.581 513.981
1884 264.195 430.122
1885 193.655 226.325
1886 506.551 1236.4
1887 1304.8 810.647
1888 641.53 453.18
1889 570.017 624.945
1890 1188.17 563.33
1891 962.887 240.344
1892 124.119 693.017
1893 1401.92 1280.94
1894 1546.8 789.324
1895 732.818 209.976
1896 317.148 1409.49
1897 1091.27 758.167
1898 784.974 331.001
1899 790.27 612.227
1900 1177.85 865.17
1901 1144.15 35.9892
1902 254.976 696.137
1903 1534.52 1155.79
1904 1351.52 169.637
1905 1002.27 414.931
1906 1360.55 605.938
1907 907.949 496.619
1908 1310.63 459.279
1909 30.4017 1174.7
1910 86.8079 748.735
1911 1502.53 1008.04
1912 409.563 608.009
1913 1130.25 1444.75
1914 1053.35 1240.28
1915 640.064 215.451
1916 594.206 668.408
1917 201.314 1468.35
1918 471.488 1272.48
1919 615.916 451.856
1920 454.636 1459.84
1921 1166.08 1239.86
1922 689.823 381.079
1923 661.719 729.847
1924 361.357 925.559
1925 564.846 267.245
1926 38.6099 71.0132
1927 1541.83 191.48
1928 442.042 78.105
1929 1155.36 514.254
1930 1394.43 1402.96
1931 1483.44 1386.66
1932 1239.09 439.374
1933 704.706 1407.93
1934 27.7528 1228.79
1935 1126.28 1045.73
1936 1079.91 757.057
1937 493.586 1406.75
1938 331.805 207.508
1939 1019.01 1314.03
1940 1309.16 1112.9
1941 332.514 637.048
1942 581.06 177.968
1943 614.912 1105.16
1944 1374.38 536.344
1945 1517.63 284.488
1946 465.757 372.086
1947 762.898 423.063
1948 696.657 231.006
1949 1186.04 276.914
1950 51.848 349.771
1951 1215.96 106.047
1952 914.283 679.836
1953 830.742 1451.34
1954 1499.02 179.944
1955 548.213 925.866
1956 1291.76 507.257
1957 289.301 489.575
1958 873.954 54.4655
1959 858.211 486.076
1960 766.016 1509.25
1961 652.924 537.478
1962 764.845 9.17214
1963 580.398 938.679
1964 5.29526 1073.34
1965 664.276 567.453
1966 225.379 144.91
1967 458.702 1387.56
1968 880.431 1302.96
1969 1310.56 793.579
1970 567.16 889.296
1971 83.1639 1262.63
1972 748.097 1283.12
1973 248.593 1530.61
1974 340.693 126.992
1975 99.7982 1064.4
1976 146.991 462.683
1977 1205.18 1149.7
1978 1099.85 919.115
1979 1348.3 817.512
1980 1085.53 632.263
1981 345.99 343.161
1982 881.802 1017.5
1983 734.197 888.303
1984 291.192 351.861
1985 558.122 1522.3
1986 778.026 626.211
1987 1124.34 1419.23
1988 1243.96 1429.74
1989 1240.77 1395.64
1990 1321.83 229.303
1991 695.543 854.664
1992 791.263 414.732
1993 751.737 346.613
1994 370.762 942.414
1995 1155.13 1272.29
1996 1417.32 958.158
1997 583.471 1063.65
1998 1282.4 260.839
1999 1529.9 1539.41
2000 349.865 1374.5
2001 493.332 1285.42
2002 1468.55 1027.81
2003 1339.29 1540.12
2004 87.75 679.599
2005 76.8758 762.517
2006 826.816 1046
2007 218.478 1135.83
2008 749.704 1237.22
2009 171.387 495.816
2010 1459.72 905.252
2011 7.99016 261.831
2012 1499.83 96.9319
2013 1480.43 1238.38
2014 782.894 914.056
2015 278.852 866.872
2016 160.637 480.072
2017 5.62621 495.684
2018 936.99 1475.59
2019 596.213 257.142
2020 137.763 641.019
2021 1229.63 847.771
2022 398.704 155.785
2023 1038.1 465.699
2024 1129.9 1136.02
2025 233.456 1049.5
2026 401.789 829.048
2027 539.454 570.658
2028 664.98 700.26
2029 1527.68 382.819
2030 543.332 184.871
2031 301.889 1073
2032 829.996 200.189
2033 1115.98 1285.57
2034 1206.61 218.581
2035 727.685 191.386
2036 1424.28 791.263
2037 427.072 1491.57
2038 1469.86 1091.64
2039 953.95 710.935
2040 1166.89 87.6652
2041 189.731 117.063
2042 1460.74 465.676
2043 897.073 1390.29
2044 978.299 981.561
2045 711.408 346.272
2046 1219.28 1339.09
2047 585.043 1130.92
2048 633.823 873.386
2049 464.328 842.617
2050 45.4825 1354.17
2051 719.493 916.326
2052 687.279 241.653
2053 49.8715 486.653
2054 784.313 1487.54
2055 231.29 211.158
2056 122.086 924.458
2057 2.50579 815.753
2058 200.463 582.866
2059 1548.61 308.26
2060 448.265 850.56
2061 518.273 1473.74
2062 389.042 819.923
2063 1454.3 332.183
2064 1475.45 1064.87
2065 152.853 221.229
2066 854.099 1333.6
2067 1316.71 1134.37
2068 1546.71 104.534
2069 1483.78 768.852
2070 687.769 1070.75
2071 748.014 1073.33
2072 1193.02 546.414
2073 964.05 1365.57
2074 1188.37 237.861
2075 413.739 985.343
2076 411.422 313.271
2077 673.49 619.072
2078 539.503 1281.12
2079 411.302 291.154
2080 225.222 605.219
2081 1081.56 1034.96
2082 268.876 953.761
2083 1542.56 874.805
2084 34.3824 431.62
2085 1167.75 1228.17
2086 183.206 809.039
2087 1226.04 1472.75
2088 825.114 263.26
2089 913.518 958.64
2090 1104.82 134.698
2091 477.683 815.753
2092 754.284 978.204
2093 642.381 983.925
2094 984.35 321.261
2095 1490.1 417.805
2096 158.858 834.627
2097 1359.42 1011.06
2098 178.242 301.924
2099 1371.47 1134.91
2100 468.063 352.948
2101 61.8423 278.956
2102 484.185 786.676
2103 625.023 490
2104 1354.68 973.77
2105 538 773.533
2106 269.059 1413.93
2107 524.136 955.52
2108 277.15 1116.41
2109 534.427 1254.99
2110 656.848 710.425
2111 872.123 454.22
2112 1476.57 625.975
2113 119.554 612.936
2114 972.513 616.661
2115 394.801 396.151
2116 784.738 975.661
2117 573.232 757.893
2118 1112.79 49.5485
2119 1176.49 667.344
2120 610.42 701.111
2121 214.904 1301.18
2122 15.5548 801.437
2123 751.928 607.867
2124 1518.18 995.991
2125 167.587 945.014
2126 1277.95 29.313
2127 393.693 641.955
2128 319.693 1240.7
2129 1144.53 839.156
2130 208.217 174.507
2131 279.61 675.5
2132 1486.11 1406.75
2133 277.436 1281.19
2134 350.293 821.2
2135 1463.06 490.577
2136 715.514 790.79
2137 32.6226 639.459
2138 707.957 1431.35
2139 249.182 235.213
2140 1278.91 1348.73
2141 481.443 859.864
2142 1362.77 449.379
2143 1077.73 265.85
2144 75.9616 969.93
2145 248.605 871.363
2146 1018.34 963.95
2147 1495.35 1167.77
2148 454.704 583.386
2149 311.759 1515.87
2150 44.2742 226.051
2151 1073.9 334.996
2152 209.118 112.96
2153 1019.72 1146.15
2154 1021.43 8.14184
2155 894.851 878.351
2156 497.311 851.411
2157 952.957 1529.87
2158 1515.29 777.561
2159 1307.04 593.788
2160 1197.19 1383.82
2161 887.286 1354.6
2162 1443.69 22.7038
2163 945.96 47.2416
2164 279.298 844.593
2165 282.202 1349.39
2166 1137.82 1212.14
2167 136.164 18.3068
2168 467.921 1191.46
2169 918.795 896.657
2170 1530.36 950.215
2171 1109.17 390.724
2172 456.037 1144.67
2173 1182.12 708.629
2174 305.095 455.653
2175 845.728 617.89
2176 421.162 1404.58
2177 674.182 650.239
2178 933.575 1435.36
2179 622.382 387.641
2180 943.028 952.815
2181 747.07 1164.06
2182 169.117 884.034
2183 1312.51 581.873
2184 944.875 1486.86
2185 1320.13 196.549
2186 1052.76 699.494
2187 1040.57 498.251
2188 743.079 488.535
2189 1131.74 941.799
2190 1483.29 1245.53
2191 785.967 317.489
2192 355.208 189.116
2193 951.541 1051.56
2194 172.921 1133.04
2195 1260.89 752.777
2196 830.97 571.746
2197 576.948 559.274
2198 999.831 275.552
2199 1029.99 1207.79
2200 900.233 1467.5
2201 909.082 242.258
2202 1509.46 533.544
2203 1211.17 1025.1
2204 119.9 801.38
2205 726.017 296.686
2206 1211.01 322.169
2207 547.066 461.974
2208 171.907 778.507
2209 1313.16 1131.11
2210 796.219 222.08
2211 1168.98 1309.06
2212 1059.38 733.724
2213 1272.61 130.689
2214 68.5074 118.86
2215 800.37 225.663
2216 1432.28 1337.34
2217 412.604 657.085
2218 68.8304 1398.86
2219 599.151 607.205
2220 1400.06 851.411
2221 991.169 524.419
2222 887.998 534.878
2223 580.144 230.732
2224 790.979 237.152
2225 948.117 1511.28
2226 908.136 617.89
2227 1468.24 536.145
2228 1110.19 239.809
2229 1259.37 1257.59
2230 224.008 954.47
2231 88.27 1030.45
2232 982.79 1480.26
2233 110.728 1000.15
2234 71.1483 642.523
2235 130.54 1348.35
2236 176.552 1177.64
2237 602.666 949.837
2238 1465.79 672.413
2239 1444.99 547.113
2240 1321.97 626.968
2241 800.636 550.518
2242 1001.37 1445.57
2243 650.666 1425
2244 901.328 297.291
2245 958.158 1167.6
2246 1474.77 1183.49
2247 162.262 650.702
2248 409.059 303.153
2249 674.72 1504.94
2250 1086.39 318.529
2251 1107.38 207.66
2252 457.02 1105.44
2253 1387.7 1521.2
2254 1063.26 489.017
2255 20.4718 462.115
2256 1252.37 1519.22
2257 320.079 779.467
2258 161.943 869.699
2259 306.513 464.196
2260 1004.21 1003.22
2261 865.73 392.237
2262 1460.28 963.699
2263 596.55 1520.41
2264 169.138 966.006
2265 1398.94 761.24
2266 884.26 1501.96
2267 1257.53 351.955
2268 123.165 43.4263
2269 628.575 588.918
2270 611.035 1259.57
2271 630.514 1371.48
2272 773.769 744.031
2273 813.741 277.15
2274 607.502 329.309
2275 971.209 888.232
2276 534.443 126.141
2277 1505.89 207.933
2278 61.6164 9.27653
2279 26.429 1497.04
2280 986.423 1520.36
2281 379.077 1535.1
2282 279.951 1490.91
2283 1004.68 629.389
2284 71.327 759.113
2285 662.002 66.2951
2286 94.9837 1080.62
2287 3.87688 1004.97
2288 453.217 271.24
2289 1372.18 695.769
2290 1398.61 1540.26
2291 629.001 1056.26
2292 519.391 587.783
2293 442.553 1046.05
2294 1540.32 1507.78
2295 1416.77 1029.69
2296 166.564 1002.18
2297 324.902 570.895
2298 1240.51 1537.78
2299 873.435 987.234
2300 124.016 622.382
2301 804.767 1190.44
2302 1196.37 13.9099
2303 1192.01 461.491
2304 1288.57 1360.12
2305 785.258 1090.3
2306 891.373 601.069
2307 668.556 551.132
2308 1547.43 892.497
2309 851.449 165.156
2310 1236.16 34.4192
2311 1395.31 38.0597
2312 826.412 1119.9
2313 766.819 73.2353
2314 1258.87 3.21498
2315 854.286 26.1694
2316 1413.43 130.973
2317 789.818 350.291
2318 1175.93 1474.49
2319 1260.26 1198
2320 431.281 1235.5
2321 493.783 1022.98
2322 1211.43 73.6234
2323 459.789 75.2683
2324 414.07 229.351
2325 724.478 413.276
2326 1141.98 441.066
2327 145.677 1283.77
2328 268.545 497.849
2329 187.406 371.377
2330 726.632 49.7376
2331 177.344 1172.47
2332 1196.44 1438.62
2333 420.521 545.317
2334 156.446 1316.63
2335 553.281 966.867
2336 190.913 1242.97
2337 345.09 1141.55
2338 994.279 1464.72
2339 404.361 676.573
2340 701.432 1.08742
2341 427.773 243.156
2342 1406.9 1165.91
2343 365.612 711.881
2344 1110.3 1321.19
2345 1055.74 179.991
2346 484.563 374.933
2347 1311.24 1289.17
2348 498.994 1062.75
2349 1039.87 1037.73
2350 270.578 742.281
2351 1315.37 755.435
2352 1386.7 1040.23
2353 1305.38 1459.66
2354 410.335 609.522
2355 178.443 869.519
2356 1223.96 84.1095
2357 726.396 1015.28
2358 951.739 386.658
2359 1277.33 1370.62
2360 1490.61 998.108
2361 933.383 219.611
2362 1084.13 1103.97
2363 339.795 840.301
2364 682.284 961.808
2365 667.243 1190.5
2366 16.6422 600.123
2367 1289.13 1260.93
2368 208.832 942.036
2369 571.84 141.719
2370 43.0922 562.999
2371 352.401 788.53
2372 1022.32 1420.79
2373 1174.61 1191.3
2374 794.383 1541.01
2375 461.633 661.68
2376 1510.33 1289.44
2377 248.614 1458.42
2378 1176.16 1038.06
2379 150.576 1511.76
2380 749.044 790.884
2381 997.307 1432.04
2382 649.521 96.5064
2383 812.126 595.102
2384 563.188 423.62
2385 1318.8 1416.62
2386 1216.74 1354.37
2387 781.46 716.514
2388 1248.36 280.27
2389 665.947 1209.55
2390 1402.87 269.406
2391 796.135 1167.75
2392 1547.17 362.63
2393 913.745 1260.89
2394 1243.91 1014.89
2395 361.63 1032.62
2396 254.515 1208.08
2397 323.294 107.56
2398 275.894 730.367
2399 1366.13 81.1407
2400 617.249 53.4352
2401 1012.76 200.709
2402 898.728 920.145
2403 835.102 864.98
2404 1141.21 97.4993
2405 1378.78 738.509
2406 904.262 947.199
2407 543.615 823.696
2408 1175.94 649.425
2409 702.588 853.255
2410 404.522 1105.05
2411 268.943 1261.64
2412 168.864 1235.18
2413 1193.95 584.095
2414 1512.8 606.648
2415 225.616 998.26
2416 30.1177 1442.37
2417 78.8615 1544.05
2418 451.091 859.77
2419 307.126 102.927
2420 261.834 1404.19
2421 1146.66 151.766
2422 809.097 1081.46
2423 1385.89 662.087
2424 769.695 1345.7
2425 771.216 1154.37
2426 922.746 935.085
2427 829.372 711.149
2428 1078.1 1536.33
2429 957.307 346.896
2430 210.914 1337.9
2431 779.681 210.369
2432 969.914 1132.77
2433 488.887 19.2524
2434 515.703 822.23
2435 1477.8 746.347
2436 119.191 396.539
2437 620.68 715.38
2438 207.707 128.221
2439 1287.51 374.129
2440 1275.38 622.202
2441 1081.65 441.539
2442 117.488 22.4103
2443 819.914 955.331
2444 977.005 144.542
2445 841.237 1291.29
2446 906.529 1335.78
2447 1444.61 645.227
2448 924.553 449.728
2449 1154.89 402.653
2450 1399.59 148.078
2451 908.846 327.89
2452 503.25 508.118
2453 106.777 197.154
2454 1294.45 365.609
2455 519.55 627.866
2456 380.192 598.789
2457 786.394 946.338
2458 1001.63 923.985
2459 388.729 138.977
2460 711.457 359.888
2461 1512.89 121.328
2462 1056.88 1271.62
2463 784.407 926.008
2464 844.357 1009.17
2465 127.438 167.037
2466 1434.64 577.902
2467 954.895 385.372
2468 537.279 1330.11
2469 611.821 923.086
2470 1453.31 1018.45
2471 812.597 64.0159
2472 233.086 1433.76
2473 1393.5 518.236
2474 1077.87 776.663
2475 1065.58 1014.33
2476 169.791 568.294
2477 1161.88 1421.87
2478 1194.36 1261.78
2479 916.942 231.998
2480 1428.11 785.173
2481 71.5332 1389.06
2482 1342.63 1497.72
2483 566.736 1233.58
2484 844.358 665.075
2485 40.6048 913.252
2486 552.834 1165.19
2487 706.389 1441.54
2488 1398.56 1139.05
2489 1325.89 1508.82
2490 1367.12 842.476
2491 77.2067 669.954
2492 772.918 1062.36
2493 745.213 1040.57
2494 1325.75 244.291
2495 852.566 788.237
2496 962.271 655.581
2497 1176.49 265.803
2498 622.752 780.398
2499 139.662 1435.72
2500 398.545 784.927
2501 1008.75 214.104
2502 869.105 783.377
2503 836.461 574.914
2504 6.00444 1270.78
2505 1205.19 598.789
2506 722.236 1366.93
2507 139.522 835.667
2508 1308.31 819.072
2509 1038.11 1163.82
2510 55.7893 1098.07
2511 1543.73 1429.16
2512 1008.95 186.1
2513 1364.58 583.906
2514 861.266 93.4707
2515 668.66 973.391
2516 1425.98 1439.98
2517 1374.61 364.616
2518 29.5494 1229.44
2519 115.219 1032.62
2520 1221.12 24.1123
2521 113.151 1021.56
2522 822.183 640.726
2523 361.07 1327.04
2524 1190.02 1106.25
2525 667.722 122.736
2526 1027.8 550.716
2527 1040.85 1083.97
2528 930.074 64.3468
2529 1444.52 1522.92
2530 1076.69 28.2497
2531 1073.19 848.385
2532 1128.79 329.498
2533 841.465 52.1114
2534 41.1721 155.974
2535 1393.69 745.932
2536 1430.71 512.373
2537 1541.07 114.132
2538 503.212 58.825
2539 456.32 924.458
2540 912.202 727.02
2541 330.011 233.369
2542 789.419 753.392
2543 1080.52 724.079
2544 1504.56 498.709
2545 1329.3 628.575
2546 1228.26 491.04
2547 1281.59 1058.77
2548 1203.11 226.855
2549 140.655 477.812
2550 1450.71 1464.28
2551 995.794 1009.1
2552 1190.57 222.931
2553 553.449 801.286
2554 1435.2 165.203
2555 873.436 65.5386
2556 1311.95 791.603
2557 3.07314 1063.74
2558 1501.25 370.762
2559 45.7208 982.885
2560 649.115 534.783
2561 935.89 1161.62
2562 620.963 78.304
2563 1086.24 1420.56
2564 43.7817 380.134
2565 116.1 360.834
2566 552.409 198.336
2567 474.635 1265.01
2568 879.012 1280.94
2569 1441.78 1.04014
2570 1108.98 910.321
2571 625.599 307.797
2572 1222.59 1405.68
2573 473.311 107.286
2574 777.788 1003.57
2575 1150.11 373.845
2576 1523.9 1313.65
2577 677.795 616.387
2578 157.895 1512.03
2579 1000.61 643.043
2580 205.806 762.621
2581 607.442 1401.46
2582 792.87 684.648
2583 642.978 1017.49
2584 562.178 1153.47
2585 393.789 1001.99
2586 44.1323 713.167
2587 936.032 1538.98
2588 457.852 739.019
2589 1315.64 1277.82
2590 20.661 1337.2
2591 1195.16 51.5815
2592 320.032 769.051
2593 1317.06 972.672
2594 283.355 1528.02
2595 878.587 250.91
2596 907.136 281.699
2597 443.47 372.522
2598 426.315 1087.42
2599 1341.02 219.28
2600 832.253 963.652
2601 41.9667 519.786
2602 748.098 131.02
2603 1396.34 1382.63
2604 108.127 415.371
2605 1541.15 461.822
2606 1415.3 860.243
2607 358.517 868.006
2608 1548.05 249.255
2609 1109.4 99.6643
2610 491.939 1110.22
2611 186.357 1375.92
2612 447.355 123.02
2613 527.682 748.816
2614 1275.17 1098.34
2615 1259.02 1537.99
2616 114.179 787.632
2617 1158.29 297.726
2618 597.468 506.973
2619 1266.23 302.218
2620 1130.87 701.158
2621 65.9543 322.075
2622 1374.12 133.705
2623 1497.09 1255.95
2624 1253.45 574.724
2625 541.44 414.165
2626 620.682 102.359
2627 1213.27 308.08
2628 1539.73 820.869
2629 933.763 176.124
2630 1000.14 575.869
2631 1406.74 1283.39
2632 1324.85 1300.04
2633 294.738 1375.5
2634 944.449 1068.74
2635 1395.87 1458.28
2636 835.279 1506.78
2637 495.95 946.432
2638 400.927 300.988
2639 1477.71 938.925
2640 639.118 476.677
2641 1339.68 1476.87
2642 452.319 1054.19
2643 18.3443 152.627
2644 725.253 278.72
2645 49.4184 237.634
2646 912.223 1086.33
2647 1300.04 987.802
2648 167.047 266.134
2649 1357.33 977.495
2650 1166.62 818.552
2651 598.033 243.724
2652 1067.09 1482.15
2653 720.344 917.167
2654 1133.18 1112.15
2655 654.059 570.422
2656 452.65 683.088
2657 281.594 482.587
2658 304.924 553.222
2659 282.636 197.698
2660 521.063 1039.25
2661 431.235 1141.42
2662 1073.05 1479.58
2663 1167.74 894.01
2664 192.615 671.646
2665 11.2051 554.536
2666 1436.81 302.643
2667 411.33 362.168
2668 1103.73 1054
2669 774.339 368.801
2670 1364.97 991.726
2671 200.7 300.563
2672 856.271 142.178
2673 92.4779 1115.94
2674 774.668 1400.61
2675 1510.09 590.715
2676 1282.44 1384.71
2677 17.9188 1147.13
2678 189.884 1212.62
2679 376.995 417.711
2680 454.399 156.929
2681 1390.73 1309.97
2682 531.457 343.871
2683 395.776 18.5334
2684 1226.04 964.503
2685 1394.27 875.76
2686 632.397 1133.33
2687 1177.06 537.62
2688 969.365 442.154
2689 314.152 1106.72
2690 512.883 73.6608
2691 1382.39 346.745
2692 1545.81 52.858
2693 1381.4 368.068
2694 278.899 1237.59
2695 812.396 243.686
2696 341.544 1263.21
2697 828.189 327.039
2698 734.055 1473.4
2699 1230.01 1209.68
2700 452.413 361.685
2701 702.851 424.708
2702 263.344 1493.45
2703 781.997 741.251
2704 281.263 1028.7
2705 235.103 408.775
2706 1049.24 1075.6
2707 1028.98 858.919
2708 0.709186 923.607
2709 1548.98 827.809
2710 1423.53 1361.8
2711 504.725 561.071
2712 828.187 1077.49
2713 245.662 1378.1
2714 772.948 462.068
2715 1023.33 714.67
2716 1248.65 173.561
2717 1537.53 157.723
2718 1167.89 300.364
2719 908.679 329.015
2720 452.319 610.373
2721 534.795 705.12
2722 1026.1 644.697
2723 682.001 165.217
2724 1406.32 263.827
2725 1184.38 1016.93
2726 908.704 1220.85
2727 1536.03 1139.57
2728 1329.36 801.758
2729 759.586 173.808
2730 833.625 813.484
2731 1352.59 292.279
2732 1281.83 913.101
2733 53.8245 758.272
2734 720.951 679.93
2735 1136.97 622.854
2736 1025.44 424.103
2737 1505.93 1118.44
2738 181.599 1500.5
2739 1290.91 524.808
2740 1037.59 1548.26
2741 1241.03 886.435
2742 73.7554 348.683
2743 361.921 1461.22
2744 1548.23 293.981
2745 743.966 1287.93
2746 899.231 87.4663
2747 971.652 393.693
2748 1049.11 934.386
2749 964.458 784.549
2750 1412.18 235.743
2751 1450.22 1248.45
2752 1510.55 304.004
2753 542.48 1292.81
2754 850.976 676.233
2755 1209.4 664.281
2756 1222.69 560.612
2757 851.432 1195.12
2758 1304.19 1237.97
2759 1466.03 481.017
2760 109.546 1370.44
2761 494.475 1067.85
2762 1404.71 1218.9
2763 464.509 1449.01
2764 689.802 661.255
2765 1089.07 464.385
2766 937.707 547.029
2767 1280.79 1344.62
2768 64.3468 1210.4
2769 891.778 1361.87
2770 306.558 1483.33
2771 1392.75 1028
2772 666.115 538.84
2773 950.168 1462.21
2774 932.364 1500.88
2775 1136.22 438.703
2776 1213.17 1057.03
2777 569.1 316.699
2778 1401.21 1437.72
2779 897.357 409.862
2780 578.413 1121.13
2781 343.276 1428.45
2782 1482.44 361.742
2783 97.1585 488.393
2784 57.6332 88.5163
2785 911.192 823.659
2786 1358.05 855.336
2787 896.98 764.975
2788 1264.26 689.953
2789 884.781 459.174
2790 1218.48 510.709
2791 500.26 10.033
2792 924.968 644.934
2793 598.885 1356.54
2794 1222.1 835.431
2795 37.5697 1105.62
2796 461.247 996.548
2797 72.8123 1134.66
2798 1058.91 356.201
2799 284.762 1180.14
2800 692.365 111.295
2801 153.243 70.5502
2802 1353.22 714.718
2803 1494.02 929.932
2804 1141.37 274.266
2805 578.365 688.052
2806 673.869 789.428
2807 1273.79 198.629
2808 834.042 1322.74
2809 3.92416 39.1471
2810 66.9472 479.41
2811 330.812 62.7492
2812 34.0882 1181.8
2813 65.907 924.92
2814 1516.18 1030.49
2815 335.201 1449.91
2816 1121.13 1526.69
2817 351.189 9.17214
2818 365.562 1197.53
2819 147.936 613.257
2820 378.658 1281.6
2821 752.391 88.8472
2822 1252.23 410.382
2823 877.435 474.786
2824 755.474 279.24
2825 918.349 706.775
2826 287.457 1439.03
2827 547.247 1392.32
2828 375.662 207.376
2829 369.06 1461.35
2830 374.377 175.405
2831 814.146 14.7511
2832 1486.54 68.5547
2833 497.66 1401.54
2834 365.042 1089.37
2835 1456.72 24.7841
2836 284.292 843.705
2837 1545.63 851.922
2838 61.9092 315.493
2839 1113.85 1498.99
2840 1229.21 142.32
2841 360.787 1499.46
2842 335.437 307.078
2843 1173.9 877.641
2844 101.272 1340.31
2845 753.108 432.897
2846 440.218 804.321
2847 227.791 1295.59
2848 48.4439 1271.85
2849 273.084 1124.59
2850 100.846 1002.69
2851 1382.27 13.0963
2852 1063.07 787.764
2853 312.467 1518.68
2854 1136.74 1366.98
2855 466.693 881.765
2856 8.84119 309.073
2857 645.879 751.926
2858 133.745 156.541
2859 693.489 387.225
2860 275.44 1211.72
2861 1027.04 664.848
2862 335.114 28.3674
2863 881.376 1018.2
2864 1125.48 937.459
2865 1372.69 695.901
2866 495.012 1363.68
2867 1269.73 1489.95
2868 514.398 1006.48
2869 609.333 452.934
2870 609.333 1228.56
2871 971.964 1116.31
2872 1530.99 1355.55
2873 605.277 1505.47
2874 1342.85 1366.03
2875 209.872 62.2291
2876 804.926 552.513
2877 608.813 1084.31
2878 858.06 203.3
2879 716.223 440.887
2880 638.629 203.205
2881 109.443 142.83
2882 1124.58 47.478
2883 1330.67 548.272
2884 952.769 1015.22
2885 661.765 818.552
2886 977.572 1232.39
2887 173.062 1404.72
2888 1093.71 568.872
2889 881.917 315.267
2890 200.124 186.289
2891 487.336 1013.34
2892 1542.64 1305.48
2893 1204.67 858.966
2894 293.745 216.775
2895 225.324 1260.19
2896 1262.83 750.187
2897 555.568 588.871
2898 591.036 904.023
2899 546.434 671.231
2900 92.0996 546.924
2901 1541.26 1189.03
2902 37.4844 1039.19
2903 409.531 1520.02
2904 27.2813 777.93
2905 1305.18 230.874
2906 1252.52 677.897
2907 113.564 990.979
2908 506.927 896.979
2909 786.629 95.3146
2910 888.044 370.82
2911 1100.89 1395.12
2912 1540.86 68.8954
2913 774.431 1152.06
2914 1153.47 784.974
2915 123.446 326.897
2916 1.65477 545.695
2917 1442.55 1403.72
2918 746.489 943.7
2919 459.505 589.013
2920 1340.65 1548.64
2921 40.2922 175.415
2922 215.499 1270.53
2923 1518.84 1091.97
2924 70.3513 17.6922
2925 1287.82 341.412
2926 947.945 88.0435
2927 13.4745 621.73
2928 384.332 1233.38
2929 1039.24 338.944
2930 1138.23 1024.26
2931 1195.71 640.915
2932 534.726 102.312
2933 1347.22 1185.49
2934 10.1177 838.589
2935 1342.11 878.682
2936 803.982 34.4192
2937 1003.26 594.203
2938 519.816 197.012
2939 1350.72 477.046
2940 1149.69 1281.65
2941 730.974 182.885
2942 1055.94 1274.41
2943 793.808 392.605
2944 1024.22 167.699
2945 280.859 783.329
2946 149.26 792.823
2947 441.256 21.7957
2948 623.895 430.58
2949 1026.48 989.135
2950 283.827 130.348
2951 382.819 918.491
2952 311.002 869.897
2953 764.692 675.24
2954 1362.96 738.83
2955 663.278 881.613
2956 578.944 1493.74
2957 78.7197 343.209
2958 32.0092 628.292
2959 389.052 162.082
2960 1365.12 188.133
2961 331.684 625.644
2962 623.49 258.096
2963 641.88 284.63
2964 1391.42 552.929
2965 1402.25 381.258
2966 1366.39 779.831
2967 45.5126 857.311
2968 509.763 1185.91
2969 144.296 715.332
2970 1333.22 502.066
2971 1447.78 1175.45
2972 1353.56 603.99
2973 451.042 243.014
2974 1011.29 262.22
2975 567.208 597.996
2976 1402.07 199.801
2977 818.684 245.757
2978 209.588 216.775
2979 905.887 120.571
2980 819.583 1249.97
2981 326.273 978.015
2982 960.43 528.495
2983 188.503 1273.93
2984 890.359 229.361
2985 1282.21 1441.4
2986 1057.44 477.85
2987 775.483 29.5967
