1 429.389 988.426
2 707.854 207.602
3 1346.65 931.044
4 1472.73 157.959
5 1340.41 1443.57
6 1226.34 915.89
7 886.722 351.662
8 621.625 1323.96
9 90.0194 1014.94
10 145.055 1448.49
11 155.408 1302.63
12 21.7484 665.652
13 463.902 242.268
14 913.481 689.187
15 1375.35 571.992
16 1397.14 12.6333
17 1336.11 1110.7
18 331.852 703.853
19 582.242 122.321
20 425.949 471.798
21 365.706 830.977
22 254.922 545.08
23 662.241 398.87
24 928.128 341.27
25 291.57 1469.24
26 212.519 932.542
27 474.721 886.246
28 1408.78 237.776
29 518.415 1371.58
30 1352.94 1210.87
31 204.056 343.492
32 760.673 174.176
33 260.366 1385.48
34 575.859 101.224
35 150.907 170.394
36 811.309 1074.62
37 156.967 528.401
38 1065.79 508.354
39 1204.13 279.467
40 394.026 86.1425
41 1321.88 673.916
42 358.328 898.312
43 988.558 758.555
44 1036.5 1251.81
45 293.887 686.87
46 500.633 383.15
47 477.897 1042.61
48 162.735 1002.98
49 52.6689 1003.08
50 159.992 165.359
51 121.602 381.788
52 625.36 750.65
53 236.728 574.923
54 978.432 448.395
55 146.861 1480.97
56 1491.38 1261.26
57 1007.23 1017.12
58 543.231 1468.21
59 1242.76 444.187
60 677.178 512.08
61 325.774 980.946
62 534.171 645.454
63 1485.98 353.647
64 946.385 953.643
65 1159.96 560.541
66 1252.23 803.154
67 221.136 870.087
68 225.805 143.776
69 417.996 665.382
70 716.278 357.96
71 1429.25 1380.69
72 1470.94 945.156
73 1326.56 1262.26
74 853.813 95.6456
75 1016.45 1485.11
76 1251.1 283.202
77 1364.9 1043.55
78 1142.6 68.7679
79 459.931 1432.85
80 1036.45 1389.59
81 594.046 1381.12
82 1285.75 1369.59
83 1218.48 836.755
84 664.035 1241.51
85 781.544 88.0809
86 126.992 351.614
87 1159.79 105.763
88 725.45 611.129
89 218.856 527.597
90 1085.53 366.99
91 539.561 300.175
92 1466.12 871.032
93 327.124 649.166
94 972.389 211.479
95 405.229 836.603
96 72.5261 202.317
97 1515.77 660.961
98 319.465 1330.65
99 559.889 624.661
100 62.164 8.14184
101 544.629 556.106
102 758.025 869.803
103 667.06 560.919
104 891.352 276.488
105 1039.38 224.717
106 1228.4 226.193
107 451.28 97.584
108 1264.41 342.017
109 295.494 291.854
110 1152.34 1498.39
111 719.02 1178.16
112 892.062 480.271
113 737.79 1523.57
114 787.906 946.196
115 138.851 437.909
116 1051.43 64.1675
117 836.698 1241.36
118 34.5137 342.878
119 408.444 1275.45
120 1122.03 92.0996
121 543.191 358.943
122 346.934 27.7154
123 894.494 1001.95
124 1150.78 1500.31
125 1086.81 1315.52
126 308.953 714.245
127 399.749 851.402
128 722.566 1265.57
129 1423.68 1361.55
130 1075.13 809.002
131 921.483 1121.74
132 1411.47 306.936
133 1168.48 1265.53
134 1006 842.277
135 1217.72 548.778
136 312.94 1311.29
137 821.663 382.639
138 847.649 1098.44
139 499.734 770.422
140 691.337 1471.84
141 1143.16 344.759
142 467.809 313.092
143 905.246 552.939
144 372.228 1032.49
145 118.314 16.8313
146 282.257 448.405
147 1362.96 788.152
148 612.265 566.734
149 860.621 40.4004
150 1471.23 848.4
151 174.98 62.172
152 447.877 733.923
153 103.155 814.108
154 665.691 1540.79
155 620.443 715.427
156 104.718 1521.35
157 693.158 1220.18
158 1105.67 1093.94
159 151.918 484.999
160 561.25 640.358
161 659.118 20.0463
162 29.8804 467.306
163 413.077 1155.84
164 1336.63 1439.53
165 106.712 1144.6
166 808.85 240.14
167 980.142 576.531
168 1031.44 905.536
169 1076.38 119.72
170 148.267 543.672
171 785.636 1293.51
172 1504.85 602.723
173 773.093 675.675
174 1277.62 323.767
175 361.649 681.538
176 892.821 1336.58
177 1146.23 1372.33
178 1182.31 847.997
179 1363.15 914.33
180 1048.56 637.464
181 514.018 1303.16
182 871.394 733.866
183 385.419 1217.59
184 545.17 860.914
185 1158.38 967.235
186 895.938 592.795
187 177.013 1532.14
188 124.722 782.762
189 664.046 1168.27
190 278.899 1410.52
191 682.191 1447.99
192 933.395 70.9284
193 729.847 358.517
194 1503.22 1366.23
195 994.657 487.636
196 1211.99 1064.58
197 792.775 1177.02
198 20.1882 96.7571
199 1505.3 1251.77
200 1143.87 140.939
201 696.042 157.628
202 71.9508 577.713
203 1179.12 319.475
204 578.365 584.275
205 1247.98 1045.55
206 96.5096 497.754
207 250.762 108.411
208 950.928 1210.86
209 598.876 512.42
210 425.464 1190.04
211 422.439 689.15
212 546.546 163.349
213 447.307 947.293
214 1465.18 449.057
215 137.677 1076.84
216 1010.23 1367.13
217 1296.72 312.231
218 183.348 1226.52
219 379.084 133.526
220 1387.4 879.864
221 920.334 496.241
222 1156.37 548.542
223 1219.37 516.028
224 1252.52 975.439
225 533.538 991.82
226 763.557 706.349
227 624.887 1028.04
228 1381.26 1472.51
229 491.187 955.841
230 791.132 689.386
231 789.194 259.194
232 1054.6 513.829
233 1302.8 249.397
234 1481.09 1072.29
235 556.572 771.5
236 1443.86 1223.4
237 935.439 781.438
238 180.937 284.535
239 256.577 1513.26
240 710.238 1133.94
241 768.71 347.984
242 1391.19 520.283
243 831.377 70.0774
244 684.175 187.509
245 1147.56 459.421
246 394.083 627.45
247 1281.86 890.029
248 71.8169 1038.67
249 580.492 876.649
250 429.022 39.1096
251 1110.4 302.444
252 843.971 452.991
253 1422 1137.2
254 835.764 931.549
255 1288.31 1290.32
256 1313.59 1424.47
257 527.729 1008.94
258 1241.55 488.464
259 381.637 1178.79
260 934.849 266.333
261 211.784 989.372
262 508.906 257.009
263 1448.02 539.974
264 1020.57 1316.96
265 400.693 918.453
266 874.57 1307.95
267 554.661 1207.8
268 321.781 1215.41
269 853.955 312.042
270 1120.99 193.003
271 941.279 986.856
272 1133.47 161.34
273 319.44 16.6048
274 33.5681 550.234
275 1256.25 1256.17
276 807.716 399.272
277 552.503 530.188
278 1139.99 1034.3
279 1234.25 231.857
280 459.291 1240.38
281 407.546 1194.51
282 1169.78 1305.2
283 398.281 1346.44
284 1290.91 1310.49
285 824.152 279.372
286 642.617 312.42
287 543.52 1245.66
288 639.166 1512.65
289 744.929 945.44
290 1446.88 788.719
291 1413.69 987.991
292 712.781 1419.39
293 1100.95 979.008
294 893.007 402.487
295 1173.89 476.904
296 975.181 50.7876
297 66.184 1241.32
298 671.888 94.4261
299 463.666 403.442
300 651.886 108.293
301 583.707 299.371
302 740.248 842.088
303 257.009 956.881
304 1015.8 904.506
305 1382.66 1055.66
306 1372.56 1507.68
307 1311.43 497.149
308 1227.55 603.659
309 1410.12 1251.01
310 746.585 888.563
311 717.507 555.255
312 488.156 1027.9
313 906.671 772.361
314 897.593 1271.39
315 450.476 226.136
316 1542.31 195.632
317 1147.27 460.971
318 1117.77 1196.88
319 672.923 969.126
320 274.958 1290.91
321 897.125 601.4
322 697.177 863.978
323 1230.64 1545.33
324 1468.54 1367.5
325 583.613 292.62
326 414.358 228.368
327 214.791 19.2051
328 1325.61 282.502
329 967.248 611.328
330 1457.61 59.4298
331 867.999 906.529
332 1469.62 257.303
333 1066 829.19
334 91.9105 1358.53
335 481.821 1516.39
336 530.208 1451.34
337 1262.21 1478
338 1095.93 516.77
339 226.278 698.951
340 65.4342 467.779
341 456.952 931.209
342 945.092 570.195
343 1304.71 895.948
344 501.442 1384.29
345 238.384 753.534
346 1282.33 1517.67
347 211.006 1329.06
348 651.175 909.012
349 762.942 504.515
350 374.261 82.006
351 116.543 1383.72
352 843.962 1215.51
353 1329.02 1348.07
354 1525.49 637.133
355 686.873 402.298
356 548.39 1517.04
357 287.652 1493.57
358 494.586 238.712
359 1112.86 1447.7
360 49.6903 670.228
361 115.269 137.251
362 1453.22 429.436
363 314.965 1240.74
364 1314.93 370.361
365 1064.63 1144.2
366 1437.57 172.805
367 253.446 1092.3
368 390.478 430.344
369 131.111 1091.41
370 450.298 1314.41
371 701.586 531.275
372 1265.98 652.924
373 1198.81 729.918
374 1216.73 586.081
375 60.831 404.425
376 111.932 463.014
377 128.741 611.073
378 1161.88 1232.09
379 593.297 1124.67
380 1134.51 999.598
381 519.928 1418.99
382 636.445 819.971
383 1323.58 28.9821
384 1400.07 428.868
385 112.491 1214.32
386 1245.52 1107.76
387 1265.52 200.321
388 1215.59 1452.22
389 1345.14 636.92
390 243.272 356.683
391 1107.23 1523.38
392 1480.31 341.449
393 679.92 942.424
394 1450.5 341.355
395 926.351 1070.49
396 1242.49 1540.46
397 1072.15 744.844
398 1547.53 1456.96
399 418.706 454.068
400 1202.36 569.76
401 211.766 460.366
402 982.506 14.4201
403 94.1917 1120.84
404 353.357 865.349
405 1135.13 1044.82
406 1074.75 876.862
407 462.914 492.459
408 483.665 63.2121
409 602.619 42.1729
410 484.8 1307.36
411 1080 696.005
412 583.566 821.285
413 1339.52 775.566
414 1229.42 1336.54
415 347.636 152.664
416 445.05 613.115
417 222.353 1367.19
418 828.9 1470.24
419 194.878 1058.35
420 275.921 591.887
421 638.308 865.737
422 1321.21 1548.98
423 671.505 633.209
424 1254.41 1506.23
425 875.327 1027.89
426 498.794 1490.13
427 744.544 704.752
428 67.089 802.648
429 215.292 239.138
430 454.751 405.853
431 419.131 1301.07
432 804.351 828.424
433 742.896 487.788
434 1144.82 981.655
435 734.076 346.755
436 261.322 748.721
437 802.893 166.47
438 50.9668 222.08
439 455.723 1533.7
440 934.624 79.486
441 1128.58 1355.73
442 1063.16 402.795
443 1140.14 648.102
444 530.235 967.765
445 81.5669 681.67
446 621.625 1143.16
447 1188.88 649.425
448 1086.11 268.886
449 1229.88 827.394
450 207.33 1341.64
451 287.241 397.39
452 1314.31 1085.34
453 1534.22 1427.46
454 277.954 1072.71
455 639.83 77.122
456 1508.02 729.232
457 1296.72 1184.11
458 998.101 313.649
459 961.089 427.592
460 513.498 889.319
461 142.775 1279.09
462 800.198 631.317
463 1297.53 861.803
464 158.273 33.5681
465 301.086 206.478
466 1189.88 1305.28
467 904.99 665.075
468 1024.11 787.963
469 306.605 1432.98
470 794.95 1206.57
471 350.007 519.323
472 596.473 1024.03
473 302.381 1344.24
474 892.913 791.073
475 993.061 95.5037
476 367.389 242.92
477 949.269 1067.23
478 334.216 437.142
479 157.157 52.9526
480 321.34 772.682
481 590.185 1433.48
482 580.013 914.188
483 1259.04 1478.66
484 419.318 744.787
485 1158.05 62.4655
486 671.375 258.664
487 1046.7 672.129
488 1423.2 943.147
489 849.321 570.375
490 770.318 215.924
491 1052.95 1353.06
492 218.902 235.261
493 954.044 695.617
494 560.399 1118.92
495 1420.55 1315.31
496 888.468 636.717
497 30.3532 1025.68
498 66.0895 713.546
499 1029.41 1465.19
500 1474.73 1534.02
501 143.823 310.387
502 998.676 716.193
503 833.674 527.776
504 775.991 773.841
505 279.942 512.742
506 202.969 1286.84
507 87.2784 759.113
508 902.427 929.317
509 484.453 109.12
510 1173.71 1034.42
511 1092.76 516.618
512 322.065 957.07
513 129.738 742.471
514 242.668 879.391
515 661.151 1275.12
516 1386.13 498.038
517 1547.91 534.301
518 310.654 882.369
519 1032.1 1485.05
520 893.669 62.2434
521 1023.02 1517.61
522 1416.67 260.423
523 1026.1 558.815
524 317.999 49.9508
525 289.672 1186.47
526 1402.96 582.147
527 508.356 485.944
528 379.748 188.762
529 1328.12 399.13
530 1055.41 83.684
531 227.98 180.039
532 671.233 247.468
533 972.105 883.74
534 454.808 1080.05
535 1502.2 82.3601
536 1020.21 1227.89
537 531.417 744.645
538 1010.5 1273.57
539 1140.3 416.869
540 1395.87 668.408
541 1175.4 1462.58
542 111.72 852.016
543 285.359 902.699
544 621.032 1271.24
545 166.047 1520.97
546 1499.48 1398.71
547 1275.12 176.115
548 1302.47 382.819
549 1105.06 931.077
550 832.683 1140.42
551 1162.45 895.097
552 480.072 56.0828
553 970.45 1522.67
554 0.236395 718.216
555 1081.89 328.552
556 275.353 1547.31
557 1520.45 512.836
558 1124.82 499.986
559 54.6073 639.26
560 1065.95 664.281
561 339.842 539.123
562 1088.51 459.846
563 1454.49 585.835
564 464.659 336.107
565 1524.37 126.282
566 717.087 1500.78
567 703.618 1173.33
568 125.384 498.511
569 1252.47 1250.93
570 272.519 163.207
571 1214.88 1010.68
572 305.801 391.518
573 882.466 419.422
574 1137.63 935.558
575 1269.77 96.1184
576 1058.06 761.028
577 890.342 147.568
578 274.124 1281.69
579 1113.81 957.581
580 1214.61 1133.52
581 294.029 1356.67
582 948.334 1221.6
583 273.509 1165.81
584 589.44 23.6967
585 648.574 1310.35
586 1273.41 114.888
587 1148.94 896.695
588 1018.34 555.056
589 226.892 34.2542
590 251.336 790.138
591 1252.99 248.414
592 180.984 708.95
593 39.6687 1102.93
594 1274.32 575.41
595 561.762 103.362
596 1517.87 398.232
597 82.2183 187.897
598 475.58 1161.17
599 1173.63 602.714
600 240.416 1385.3
601 251.903 818.022
602 706.626 1378.66
603 175.405 1459.5
604 392.889 185.013
605 953.631 143.596
606 433.738 174.564
607 258.9 1006.71
608 1172.1 594.071
609 615.952 1182.5
610 758.356 23.2711
611 917.256 709.99
612 429.58 1479.15
613 1308.92 1200.95
614 402.77 994.468
615 2.64763 36.2158
616 12.6708 539.407
617 825.742 1449.91
618 1274.41 734.552
619 717.129 427.214
620 228.521 855.666
621 292.752 1376.4
622 481.842 1044.68
623 766.103 1258.77
624 941.61 1546.74
625 335.445 1047.74
626 807.811 610.761
627 1223.25 1158.62
628 772.493 732.032
629 1199.72 804.122
630 361.951 670.522
631 85.717 245.672
632 942.454 817.087
633 1106.63 20.661
634 775.046 969.316
635 176.256 1038.3
636 902.321 457.638
637 831.167 245.757
638 725.403 1010.17
639 368.54 1186
640 680.946 182.365
641 364.853 774.1
642 574.11 349.119
643 996.879 139.247
644 1273.23 940.391
645 1281.5 280.8
646 1105.67 222.259
647 1008.62 51.676
648 1046.44 822.75
649 900.761 728.486
650 419.744 1411.75
651 116.685 868.715
652 1358.35 1518.23
653 567.749 223.829
654 1256.59 620.207
655 291.998 527.493
656 996.265 1465.14
657 724.079 1158.63
658 1443.62 912.78
659 1318.48 700.912
660 977.534 1020.2
661 1202.59 782.809
662 285.897 922.887
663 1452.88 822.902
664 782.529 1363.25
665 532.67 40.9062
666 635.482 1464.38
667 1179.78 86.7098
668 258.854 896.374
669 748.3 1375.07
670 140.986 429.199
671 1331.62 598.421
672 1040.05 1403.67
673 430.913 25.3041
674 79.0506 1437.54
675 264.337 625.029
676 930.947 1136.02
677 281.171 325.446
678 480.404 1144.49
679 65.1531 426.174
680 403.728 1056.13
681 1219.32 420.122
682 611.082 439.27
683 1242.02 518.935
684 148.13 622.264
685 683.939 801.711
686 696.799 1203.45
687 1324.76 369.118
688 1285.52 175.074
689 851.071 509.952
690 213.938 1440.83
691 779.585 1043.92
692 1010.07 436.859
693 111.732 261.936
694 837.673 1338.39
695 516.382 756.891
696 688.981 131.814
697 850.6 1118.88
698 1379.18 1398.81
699 606.307 1407.13
700 1154.6 373.126
701 465.965 876.706
702 889.745 852.489
703 133.989 1000.96
704 968.608 277.396
705 782.327 1269.68
706 881.707 380.748
707 486.171 453.123
708 716.317 925.64
709 1180.12 1087.48
710 92.9545 112.95
711 1546.64 1288.22
712 1220.92 144.248
713 360.458 1066.44
714 206.042 1507.69
715 104.85 774.053
716 1187.49 945.581
717 106.378 925.261
718 824.766 308.837
719 1361.77 658.276
720 798.783 1103.94
721 971.021 491.807
722 1104.44 1028.33
723 827.904 1087.33
724 170.252 654.636
725 518.371 813.673
726 148.409 968.805
727 177.438 941.667
728 410.43 1457.66
729 234.874 404.199
730 279.725 1262.92
731 628.435 1362.78
732 1166.89 1395.92
733 506.879 1006.05
734 592.098 132.098
735 286.464 769.619
736 245.25 594.213
737 1468.21 394.307
738 905.349 1531.56
739 742.991 923.243
740 978.96 448.064
741 1138.76 1077.36
742 1164.34 1007.62
743 389.95 714.198
744 1451.37 1500.45
745 1209.4 875.193
746 214.221 417.332
747 1306.94 1456.2
748 747.057 1410.26
749 1324.52 722.907
750 572.077 652.65
751 377.145 1353.79
752 529.824 534.017
753 1021.85 1405.06
754 225.324 475.107
755 367.926 1253.94
756 889.682 1425.18
757 960.569 1179.9
758 677.178 1206.18
759 313.224 1083.4
760 1164.12 1538.37
761 1468.68 609.049
762 1131.1 1519.84
763 234.893 912.827
764 608.198 780.861
765 1294.22 692.638
766 458.181 980.308
767 1481.75 1421.12
768 1384.19 77.6894
769 117.737 1446.99
770 117.347 764.891
771 457.001 1421.87
772 925.349 1119.55
773 686.398 743.771
774 378.812 1106
775 602.997 1242.85
776 1129.5 1110.31
777 1032.55 773.637
778 935.747 236.774
779 620.018 628.869
780 96.402 226.694
781 1464.48 901.764
782 1298.95 1205.62
783 796.18 898.218
784 1196.2 245.152
785 509.054 699.352
786 1075.27 141.884
787 319.985 1365.18
788 152.428 665.075
789 1406.79 418.136
790 632.758 357.855
791 180.559 88.8472
792 939.279 24.6422
793 1180.98 287.977
794 435.015 1512.14
795 740.39 878.833
796 216.16 635.336
797 888.988 982.531
798 128.457 81.4618
799 457.55 652.593
800 156.393 1158.48
801 407.522 527.351
802 524.569 608.709
803 331.749 1273.64
804 22.032 1194.08
805 788.709 842.986
806 1244.05 815.952
807 1436.15 1134.85
808 673.159 832.547
809 676.888 231.195
810 662.994 1078.4
811 235.686 135.029
812 370.195 275.306
813 337.632 307.219
814 830.005 78.5404
815 1158.82 119.238
816 443.241 1007.28
817 1444.94 1178.3
818 908.425 1055.69
819 462.626 790.128
820 665.595 1092.35
821 537.461 879.154
822 1258.7 924.779
823 1149.97 1170.77
824 793.46 1042.66
825 348.998 377.94
826 1122.17 300.326
827 979.727 1085.76
828 1448.5 775.528
829 1512.98 922.509
830 328.544 234.041
831 80.2443 583.849
832 924.885 6.05172
833 695.422 1496.61
834 66.9012 1037.02
835 61.3038 805.257
836 1289.72 1334.98
837 956.647 521.465
838 503.853 669.188
839 397.002 1530.73
840 1228.03 976.88
841 737.648 599.877
842 256.914 809.56
843 1235.18 191.244
844 450.002 1146.99
845 352.891 1229.31
846 1411.09 280.507
847 1321.12 195.178
848 1271.67 447.033
849 617.654 1397.77
850 183.218 257.019
851 1165.7 740.353
852 23.4504 910.227
853 1008.86 1054.83
854 1364.48 54.891
855 546.688 839.298
856 619.5 1144.2
857 450.711 1231.44
858 1117.44 838.873
859 1190.35 224.964
860 813.363 1189.27
861 293.698 1253.6
862 1420.27 383.221
863 760.673 809.465
864 307.363 553.922
865 1219.09 1119.9
866 595.533 149.78
867 1002.84 325.138
868 71.3441 33.3317
869 467.732 1236.73
870 252.151 463.477
871 1389.07 257.113
872 741.761 1351.58
873 1413.47 801.674
874 185.618 1229.59
875 1014.61 1372.38
876 1020.8 1505.56
877 1376.81 328.316
878 1115.22 14.6191
879 1438.8 913.125
880 243.298 562.914
881 1285.8 1045.81
882 784.833 1233.47
883 849.794 880.062
884 302.758 286.332
885 0.189116 646.173
886 352.875 840.149
887 828.991 187.083
888 1380.88 684.942
889 234.835 1147.08
890 1539.2 835.232
891 303.059 495.447
892 1362.45 835.516
893 1323.6 1232.43
894 246.182 1113.48
895 1370.34 1066.4
896 1166.66 104.26
897 1099.05 140.712
898 580.986 912.543
899 1061.98 1205.96
900 281.216 947.672
901 450.809 204.742
902 913.869 1210.16
903 877.972 623.337
904 1265.32 1293
905 1176.45 134.188
906 1308.92 467.316
907 296.773 49.8893
908 954.044 147
909 976.864 1463.62
910 589.762 417.663
911 655.903 374.639
912 9.88133 756.229
913 576.379 372.937
914 591.275 11.0874
915 913.432 469.822
916 1337.18 142.367
917 414.706 1287.98
918 1070.21 251.146
919 563.425 553.27
920 635.809 1119.9
921 918.112 1234.13
922 290.057 544.419
923 104.723 717.46
924 1300.43 1378.94
925 1281.78 1273
926 658.147 225.389
927 972.513 869.236
928 578.339 794.109
929 374.97 317.384
930 888.326 384.379
931 177.743 1181.7
932 235.404 52.4093
933 661.248 476.715
934 769.62 1298.62
935 997.498 936.102
936 1321.4 757.269
937 995.13 34.0409
938 803.378 125.62
939 375.464 1165.53
940 842.546 87.0033
941 1248.73 45.2559
942 1338.38 437.662
943 791.871 997.58
944 1048.56 190.181
945 511.134 263.013
946 451.562 414.827
947 1500.55 34.4906
948 324.207 72.5832
949 1395.49 546.807
950 68.5074 708.193
951 1262.49 1010.35
952 157.773 820.859
953 569.996 310.34
954 908.044 1358.15
955 1520.84 708.666
956 1042.03 424.944
957 569.046 202.979
958 938.726 1455.02
959 1441.12 1226.75
960 530.983 622.486
961 1272.47 93.8115
962 1522.39 770.375
963 1093 480.19
964 422.914 360.172
965 393.743 1521.3
966 1446.68 454.929
967 524.431 1332.62
968 879.384 807.243
969 1235.28 62.0774
970 1343.58 296.345
971 313.177 416.553
972 1534.74 1152.25
973 227.764 1166.04
974 330.812 782.61
975 497.707 185.901
976 1206.47 501.499
977 720.415 475.212
978 1258.24 1439.65
979 551.699 516.24
980 337.348 1518.8
981 115.515 874.531
982 765.637 1166.24
983 1031.06 301.745
984 1271.67 395.348
985 693.206 1399.66
986 640.936 8.75647
987 1275.16 904.449
988 1520.83 981.419
989 1156.64 1509.63
990 932.537 827.692
991 337.431 574.062
992 1233.18 753.969
993 515.656 1076.41
994 615.405 1338.75
995 1362.77 754.81
996 767.245 1259.8
997 1375.66 1400.22
998 173.299 449.019
999 1393.26 409.957
1000 1075.27 1137.09
1001 712.327 196.728
1002 1475.39 1114.6
1003 658.041 1040.75
1004 324.459 655.052
1005 1415.96 487.221
1006 386.648 153.241
1007 1493.38 575.963
1008 1360.41 1350.54
1009 1060.59 1028.38
1010 346.414 1016.26
1011 1547.1 97.8204
1012 1360.62 972.493
1013 259.689 793.485
1014 89.9365 1280.7
1015 426.646 368.588
1016 1251.29 1141.93
1017 994.432 412.226
1018 74.3056 1402.72
1019 878.445 1501.59
1020 864.498 430.381
1021 1469.2 1458.33
1022 45.2854 1331.06
1023 905.111 1291.67
1024 151.011 592.18
1025 946.243 278.71
1026 1072.81 808.519
1027 768.902 305.811
1028 330.386 943.653
1029 1446.8 93.9908
1030 787.265 1420.78
1031 1256.35 1413.48
1032 1468.44 78.2469
1033 1149.12 702
1034 261.067 188.313
1035 1397.9 1022.5
1036 986.329 749.099
1037 1435.01 1454.46
1038 38.627 1460.37
1039 1107.84 72.7152
1040 1487.47 1162.46
1041 527.303 1217.21
1042 864.075 385.703
1043 495.713 753.912
1044 318.566 173.193
1045 72.4315 959.056
1046 55.6002 1123.3
1047 1536.56 1467.74
1048 650.194 332.287
1049 989.173 12.3024
1050 949.789 1384.48
1051 27.1382 1016.18
1052 1372.41 1485.74
1053 1155.4 776.427
1054 776.937 615.479
1055 1132 442.637
1056 1547.37 426.467
1057 311.759 1103.46
1058 125.272 1057.87
1059 337.406 1235.98
1060 1200.04 996.936
1061 1438.88 117.309
1062 1469.01 1004.25
1063 1021.89 1291.57
1064 1488.44 1437.9
1065 1500.97 505.281
1066 705.832 1295.33
1067 288.355 500.827
1068 163.096 1230.12
1069 837.796 1423.87
1070 1396.32 1251.24
1071 1081.23 1179.37
1072 1500.71 871.826
1073 966.376 1358.42
1074 361.023 404.53
1075 515.815 1254.22
1076 547.917 1142.27
1077 1343.81 637.7
1078 343.277 264.205
1079 1350.9 217.541
1080 601.532 694.776
1081 787.426 628.812
1082 1433.6 39.6671
1083 1511.42 1052.53
1084 833.53 1014.04
1085 923.455 668.11
1086 1119.14 1112.19
1087 1067.11 882.133
1088 1231.22 1481.88
1089 987.7 257.019
1090 458.184 219.966
1091 200.588 814.524
1092 202.638 1023.84
1093 84.8659 130.595
1094 941.043 361.317
1095 378.415 1442.96
1096 662.504 959.87
1097 134.586 1539.17
1098 345.527 95.2673
1099 592.04 1068.79
1100 992.482 408.879
1101 789.135 1360.89
1102 1222.54 78.1996
1103 937.97 178.668
1104 1463.72 296.203
1105 61.6532 1355.87
1106 858.931 206.373
1107 1032.27 1405.51
1108 1124.91 747.86
1109 982.755 1481.06
1110 776.181 474.786
1111 1313.7 17.0446
1112 880.289 1405.42
1113 1133.62 1229.17
1114 619.498 988.568
1115 545.79 1185.59
1116 1241.38 533.27
1117 1447.5 636.102
1118 665.806 423.1
1119 289.821 794.761
1120 854.221 755.378
1121 373.41 103.636
1122 299.135 1422.58
1123 1485.22 496.866
1124 1516.65 1334.75
1125 1035.36 161.6
1126 1361.73 385.372
1127 1165.52 550.801
1128 456.763 640.608
1129 658.408 1193.14
1130 815.757 112.392
1131 47.5837 821.862
1132 644.981 80.9043
1133 559.862 1319.47
1134 150.787 942.319
1135 443.688 235.308
1136 507.825 392.19
1137 1046.33 749.336
1138 660.678 853.671
1139 188.295 1275.79
1140 1257.14 1272.04
1141 178.426 263.203
1142 484.972 1336.96
1143 219.074 1123.5
1144 1280.98 1398.48
1145 1306.18 1069.9
1146 708.536 522.292
1147 743.268 511.333
1148 77.6164 1378.71
1149 1256.77 491.702
1150 596.851 1255.31
1151 1284.71 756.726
1152 97.6786 625.691
1153 348.967 994.445
1154 781.47 1492.42
1155 498.55 699.021
1156 1205.95 341.601
1157 1285.09 592.889
1158 1475.96 1521.39
1159 51.2032 595.244
1160 1495.72 1004.08
1161 536.617 462.957
1162 94.1904 383.916
1163 1458.33 702.141
1164 1213.3 1143.35
1165 249.066 345.043
1166 108.033 1134.04
1167 727.861 1469.27
1168 913.102 217.21
1169 1106.85 204.577
1170 563.992 796.652
1171 489.313 511.569
1172 766.528 318.907
1173 721.762 424.576
1174 1545.9 761.723
1175 401.447 1123.3
1176 203.472 908.099
1177 902.92 1485.23
1178 766.736 656.385
1179 389.867 1015.48
1180 749.657 406.364
1181 1055.69 490.757
1182 1155.25 906.009
1183 359.712 453.548
1184 215.356 450.144
1185 717.696 1326.66
1186 1085.29 274.171
1187 82.3259 1497.09
1188 1113.61 256.782
1189 904.214 1377.9
1190 117.302 529.998
1191 585.866 191.065
1192 1027.66 461.042
1193 709.753 367.548
1194 1331.1 944.258
1195 561.912 672.592
1196 290.683 1425.61
1197 299.865 699.683
1198 1540.71 1012.67
1199 169.072 111.72
1200 1043.16 385.949
1201 107.875 440.357
1202 804.939 263.297
1203 849.085 1359.94
1204 1418.8 1427.02
1205 1207.51 106.709
1206 1028.42 656.683
1207 1123.86 1240.65
1208 20.4718 44.8678
1209 469.248 41.7474
1210 736.913 880.384
1211 130.017 580.597
1212 929.317 1247.03
1213 1440.9 270.304
1214 754.621 798.648
1215 786.062 42.0784
1216 265.607 1410.91
1217 810.32 1021.37
1218 1449.67 197.816
1219 562.668 709.139
1220 1169.12 1434.09
1221 250.815 124.155
1222 498.605 576.862
1223 362.725 1499.24
1224 515.306 94.1897
1225 1335.96 1497.61
1226 182.261 570.337
1227 624.134 1089.69
1228 1505.18 287.845
1229 1197.82 677.235
1230 1277.29 1034.43
1231 848.33 463.581
1232 1405.89 811.177
1233 728.97 1545.33
1234 1390.64 479.278
1235 955.486 759.454
1236 383.959 1386.88
1237 1066.28 387.415
1238 941.752 87.9016
1239 498.889 319.111
1240 1394.09 156.362
1241 447.355 582.194
1242 115.739 1465.76
1243 1479.83 324.713
1244 1249.49 1263.37
1245 281.736 1509.88
1246 442.627 550.244
1247 191.123 295.173
1248 1127.93 1274.27
1249 768.71 490.709
1250 61.6637 863.458
1251 872.86 544.334
1252 530.613 368.493
1253 347.123 974.621
1254 826.911 1522.29
1255 727.57 1105.15
1256 648.196 488.866
1257 184.908 1137.57
1258 277.244 143.87
1259 1545.44 482.115
1260 1143.16 780.814
1261 1493.64 1482.72
1262 1207.98 1092.82
1263 1092.43 238.192
1264 408.749 746.877
1265 1003.36 581.816
1266 1479.79 298.577
1267 422.176 1142.13
1268 856.508 731.37
1269 727.4 842.56
1270 1197.48 15.9902
1271 737.601 592.809
1272 696.045 1362.94
1273 442.904 344.107
1274 526.216 436.953
1275 1061.79 1071.15
1276 1367.83 467.047
1277 577.372 768.957
1278 1040.17 960.285
1279 982.009 531.369
1280 339.335 80.3271
1281 460.443 345.61
1282 597.229 671.576
1283 1340.94 830.514
1284 1461.98 824.405
1285 37.776 1495.78
1286 506.871 1266.89
1287 1513.5 143.35
1288 577.184 1400.97
1289 832.738 120.619
1290 887.381 1404.86
1291 308.111 1036.31
1292 1280.41 764.181
1293 430.996 715.947
1294 255.78 1046.43
1295 147.806 691.315
1296 73.4733 1344.62
1297 1341.19 45.4923
1298 595.056 1206.02
1299 118.181 494.502
1300 289.491 299.466
1301 112.997 1207.6
1302 432.644 1487.6
1303 154.957 877.358
1304 1528.09 943.747
1305 1237.91 322.028
1306 969.552 838.93
1307 1292.18 214.174
1308 720.005 101.981
1309 132.065 731.171
1310 536.097 1285.47
1311 1493.92 1108.23
1312 869.047 126.198
1313 223.394 1476.91
1314 133.563 1331.99
1315 1185.35 1331.39
1316 183.208 949.988
1317 986.478 1125.58
1318 1301.49 998.118
1319 1215.83 1083.08
1320 469 1299.51
1321 292.847 1487.45
1322 138.339 726.396
1323 919.862 907.38
1324 1313.13 549.204
1325 1140.81 837.984
1326 231.1 874.105
1327 195.028 208.998
1328 925.017 259.066
1329 674.436 62.2193
1330 548.215 320.978
1331 520.779 722.282
1332 568.058 1231.96
1333 20.661 1242.68
1334 1120.33 944.126
1335 122.652 54.2389
1336 1027.12 81.4618
1337 52.3379 1177.49
1338 491.109 615.384
1339 270.732 982.554
1340 807.918 1069.27
1341 729.47 945.818
1342 684.215 362.205
1343 1290.88 302.218
1344 989.74 1058.39
1345 52.7634 1469.54
1346 918.443 692.175
1347 1545.89 8.74663
1348 6.00444 315.976
1349 1191.43 153.752
1350 692.508 714.397
1351 772.067 1091.02
1352 1321.69 979.433
1353 402.631 1436.5
1354 432.701 1536.52
1355 114.652 1316.91
1356 1005.19 1161.61
1357 1486.83 56.461
1358 411.801 1244.72
1359 1374.26 57.775
1360 1202.54 790.884
1361 570.28 1336.54
1362 241.694 380.502
1363 633.656 923.124
1364 527.003 741.43
1365 1216.82 454.446
1366 1113.25 1329.87
1367 1227.88 952.673
1368 806.628 271.77
1369 485.7 1378.14
1370 1064.17 602.298
1371 1425.76 1154.71
1372 473.323 781.58
1373 547.255 736.135
1374 252.47 207.886
1375 1442.2 1084.3
1376 1473.03 1216.59
1377 885.49 1172.62
1378 822.563 432.661
1379 246.56 1256.88
1380 628.055 960.663
1381 1216.17 758.356
1382 483.205 1113.53
1383 706.823 114.699
1384 786.582 488.024
1385 496.572 1505.66
1386 936.646 1163.77
1387 1210.2 1373.79
1388 1238.71 641.871
1389 1531.85 388.266
1390 68.8383 309.64
1391 1518.72 456.81
1392 90.1612 334.065
1393 977.92 616.519
1394 625.637 24.9161
1395 791.513 442.674
1396 1337.15 122.453
1397 693.111 7.80105
1398 1429.77 1242.07
1399 1417.43 223.914
1400 540.069 58.5788
1401 1530.24 261.831
1402 181.762 1540.59
1403 553.158 345.421
1404 703.985 1441.56
1405 1112.14 963.595
1406 268.315 361.827
1407 1524.93 954.669
1408 1128.5 1457.57
1409 217.363 897.272
1410 914.493 164.305
1411 179.66 562.158
1412 76.0089 397.75
1413 250.91 757.137
1414 117.915 107.428
1415 976.079 1330.91
1416 1152.81 1295.4
1417 907.569 1419.32
1418 420.627 360.04
1419 1209.21 409.862
1420 677.084 606.742
1421 939.293 843.941
1422 94.7945 1242.13
1423 354.963 1405.57
1424 809.985 1448.17
1425 837.221 580.233
1426 275.353 622.864
1427 888.326 341.875
1428 577.232 486.242
1429 41.3613 1183.58
1430 343.645 486.181
1431 427.868 555.765
1432 1141.32 1268.02
1433 33.7573 151.86
1434 345.515 134.887
1435 1030.4 944.541
1436 563.115 989.353
1437 972.389 328.448
1438 494.87 1135.09
1439 856.791 945.298
1440 1346.56 142.367
1441 1106.89 861.198
1442 406.127 415.924
1443 1486.97 819.782
1444 929.412 797.692
1445 1278.05 1194.98
1446 220.465 1429.06
1447 1309.82 1335.33
1448 1398.44 292.904
1449 14.6565 1390.62
1450 1181.41 170.687
1451 1283.44 512.089
1452 863.552 1388.63
1453 1229.73 1118.07
1454 814.052 1382.58
1455 642.428 465.756
1456 1299.03 1293.98
1457 1245.77 1487.16
1458 316.405 1454.49
1459 947.333 1091.32
1460 1117.63 530.329
1461 538.084 1091.64
1462 1166.94 1154.74
1463 1327.4 642.192
1464 272.942 972.483
1465 123.318 1277.58
1466 1242.59 527.02
1467 848.039 998.298
1468 12.5762 360.408
1469 708.619 221.716
1470 293.981 1300.37
1471 302.636 1063.84
1472 321.217 428.264
1473 1045.81 726.122
1474 455.487 139.284
1475 1385.01 945.345
1476 1033.03 1427.98
1477 273.604 117.64
1478 319.654 1459.79
1479 1390.24 973.155
1480 787.841 909.281
1481 678.549 99.1068
1482 793.581 383.575
1483 618.079 893.584
1484 94.8891 1092.24
1485 1055.9 1465.98
1486 1459.46 1316.2
1487 137.535 1245.66
1488 1321.36 804.548
1489 1415.63 1122.46
1490 925.677 1207.75
1491 924.637 897.414
1492 1193.47 600.964
1493 1461.07 1104.63
1494 450.355 1409.16
1495 868.233 1157.83
1496 10.6851 656.291
1497 1282.95 139.662
1498 413.55 915.228
1499 59.2708 81.8499
1500 1333.88 168.455
1501 397.002 1398.81
1502 861.708 174.743
1503 499.551 1053.33
1504 1360.98 352.003
1505 1209.86 1057.78
1506 737.045 1340.18
1507 794.43 1259.52
1508 1024.16 1486.41
1509 1207.63 1451.86
1510 1.37109 1041.95
1511 1528.92 693.348
1512 485.746 430.145
1513 326.475 245.814
1514 1370.19 356.069
1515 836.745 836.745
1516 843.035 155.241
1517 781.733 1517.81
1518 1247.65 158.489
1519 1188.55 684.081
1520 112.43 809.56
1521 167.086 1040.99
1522 618.316 284.11
1523 1266.89 381.472
1524 1496.48 363.482
1525 473.123 1040.83
1526 802.042 1149.5
1527 932.627 164.305
1528 620.588 408.869
1529 73.6253 352.333
1530 339.221 335.691
1531 726.209 1054.8
1532 1076.67 365.742
1533 157.158 851.364
1534 547.303 1040.39
1535 344.034 1141.78
1536 1108.88 1167.84
1537 63.9042 1542.77
1538 113.801 405.702
1539 1340.55 1080.86
1540 1184.58 29.9045
1541 810.375 1280.55
1542 49.5504 623.516
1543 710.841 531.228
1544 138.622 678.644
1545 721.62 1230.86
1546 247.506 846.768
1547 1268.25 434.637
1548 837.797 328.741
1549 85.5488 1049.26
1550 180.267 1292.86
1551 1422.54 529.394
1552 615.613 747.955
1553 1503.78 553.969
1554 1032.95 241.511
1555 700.242 1012.87
1556 1094.42 629.767
1557 1440.69 915.748
1558 977.214 1436.67
1559 508.155 947.662
1560 266.628 688.913
1561 770.743 569.798
1562 1080.89 344.499
1563 825.256 794.478
1564 242.515 1548.73
1565 70.0203 1423.68
1566 1284.38 657.179
1567 713.725 236.348
1568 1545.56 1265.2
1569 1405.8 1275.78
1570 424.141 1208.5
1571 859.297 658.56
1572 104.791 202.638
1573 1543.79 772.682
1574 608.813 850.655
1575 816.143 751.18
1576 183.738 1204.54
1577 1243.26 308.648
1578 809.276 694.256
1579 384.852 937.402
1580 1114.67 575.812
1581 1420.59 1199.86
1582 283.792 99.485
1583 80.4217 1372.96
1584 762.706 1549.16
1585 156.544 78.8383
1586 930.452 117.026
1587 1358.8 705.309
1588 952.106 1517.43
1589 928.986 370.441
1590 1221.19 270.162
1591 254.125 217.957
1592 1123.32 681.869
1593 1195.59 116.921
1594 1485.65 1279.76
1595 1202.21 28.8875
1596 283.924 495.674
1597 1390.76 251.913
1598 879.343 1305.21
1599 1098.2 377.264
1600 910.692 226.76
1601 247.79 837.511
1602 758.451 777.504
1603 1132.2 1415.44
1604 460.593 557.94
1605 1004.98 970.261
1606 191.17 544.702
1607 1262.17 1010.88
1608 1063.13 588.351
1609 685.736 269.642
1610 131.96 276.157
1611 1312.33 528.296
1612 1539.1 1070.07
1613 1256.63 859.794
1614 1174.17 415.914
1615 1046.1 461.491
1616 770.318 141.942
1617 98.6096 854.427
1618 610.091 931.256
1619 1266.75 865.443
1620 213.418 1216.31
1621 1485.71 1446.32
1622 1222.21 1395.36
1623 532.383 1125.54
1624 147.381 569.439
1625 454.257 828.14
1626 1261.45 550.848
1627 1345.56 855.099
1628 1252.1 720.864
1629 708.261 771.311
1630 111.437 1477.43
1631 1094.13 789.844
1632 532.741 1448.32
1633 100.373 1520.34
1634 1466.98 744.645
1635 230.95 1063.08
1636 1362.96 1172.67
1637 264.766 1312.02
1638 450.572 10.6146
1639 965.959 1321.7
1640 590.941 1061.64
1641 1448.25 1491.65
1642 1241.21 473.557
1643 1112.57 1129.26
1644 1005.25 302.113
1645 79.6967 1511.23
1646 874.94 3.64049
1647 932.298 1506.69
1648 479.883 667.921
1649 153.98 973.334
1650 264.574 275.93
1651 858.919 893.764
1652 464.28 131.115
1653 1125.81 707.319
1654 1403.2 1524.85
1655 651.783 14.0419
1656 1384.47 1401.3
1657 1065.01 715.768
1658 964.022 789.665
1659 1330.86 3.73505
1660 1122.36 359.51
1661 509.624 14.8082
1662 1039.6 387.878
1663 497.416 1479.08
1664 373.478 1475.34
1665 392.989 995.224
1666 675.232 1321.55
1667 435.548 490.152
1668 1376.06 609.924
1669 769.845 761.628
1670 1399.98 855.231
1671 199.801 1279.95
1672 947.314 312.194
1673 713.725 563.756
1674 1496.21 364.238
1675 156.827 517.905
1676 887.496 299.844
1677 1013.6 1035.04
1678 996.501 741.298
1679 1180.23 39.809
1680 1153.99 636.802
1681 271.76 387.415
1682 485.368 1086.38
1683 1031.25 1215.99
1684 1039.57 1400.1
1685 1311.81 268.508
1686 582.904 997.693
1687 415.634 594.937
1688 1101.69 1290.68
1689 1069.91 863.515
1690 1507.73 899.556
1691 1436.39 1478.47
1692 322.19 606.638
1693 1019.87 71.4387
1694 422.063 251.572
1695 487.211 852.593
1696 513.142 1366.18
1697 514.824 902.179
1698 565.221 574.772
1699 378.537 1146.75
1700 821.608 1369.34
1701 0.378233 205.475
1702 98.0095 1245.43
1703 482.625 708.571
1704 323.956 1068.74
1705 697.745 1483.31
1706 332.088 8
1707 885.399 196.35
1708 1204.25 53.4726
1709 50.6096 965.732
1710 110.549 1315.46
1711 723.543 1469.8
1712 580.634 1468.39
1713 1085.19 575.68
1714 222.091 620.443
1715 1368.4 1003.64
1716 1338.05 517.385
1717 944.872 1350.54
1718 854.522 1295.03
1719 1279.99 270.73
1720 371.897 270.777
1721 340.126 1195.59
1722 974.185 629.852
1723 1409.25 962.801
1724 1311.9 1370.15
1725 139.899 346.518
1726 960.771 298.435
1727 1002.71 541.676
1728 1010.91 873.538
1729 854.865 329.251
1730 1397.85 478.474
1731 240.509 262.03
1732 1443.24 1027
1733 1031.46 209.456
1734 1030.88 1273.79
1735 1192.28 744.939
1736 915.459 969.278
1737 1391.05 1310.88
1738 448.537 74.5591
1739 62.5029 397.948
1740 947.769 637.606
1741 1202.35 206.468
1742 965.391 1296.68
1743 492.469 29.8429
1744 570.091 1415.3
1745 736.969 688.866
1746 196.456 466.03
1747 1295.96 879.485
1748 66.3798 352.702
1749 95.4092 1103.59
1750 688.253 580.55
1751 685.736 151.492
1752 1290.34 1126.75
1753 1239 1314.41
1754 755.323 169.874
1755 28.7457 1149.78
1756 490.372 524.429
1757 95.9292 1192.77
1758 350.406 1025.86
1759 54.8555 254.371
1760 520.968 875.571
1761 615.763 154.413
1762 639.168 915.522
1763 59.6189 290.766
1764 787.717 1314.12
1765 311.288 410.193
1766 1112.26 1373.32
1767 648.338 551.747
1768 1188.6 144.211
1769 229.892 1449.72
1770 556.049 1049.32
1771 1050.36 1079.19
1772 40.6048 1309.82
1773 1179.33 311.049
1774 330.096 1165.01
1775 1218.52 1532.2
1776 1413.27 404.024
1777 567.68 621.909
1778 1408.1 563.198
1779 914.803 1319.46
1780 873.812 116.968
1781 240.369 494.927
1782 1499.33 199.99
1783 683.496 153.052
1784 678.597 36.2256
1785 121.791 773.401
1786 224.917 1391.56
1787 563.606 1170.31
1788 877.759 881.282
1789 911.638 108.08
1790 770.792 523.971
1791 1495.01 1405.56
1792 299.354 493.556
1793 66.6162 900.251
1794 1336.91 432.311
1795 493.121 1469.48
1796 166.99 827.195
1797 1348.82 24.3586
1798 422.989 1056.5
1799 377.098 816.273
1800 1036.69 630.287
1801 833.712 61.5672
1802 1213.9 398.941
1803 1006.67 685.192
1804 66.7987 698.085
1805 1486.53 633.124
1806 345.846 713.026
1807 772.02 1132.01
1808 1268.97 22.5048
1809 22.3157 925.535
1810 1219.04 698.052
1811 1439.32 58.3049
1812 319.58 1336.11
1813 1339.89 94.2745
1814 1390.76 1417.24
1815 510.378 1146.62
1816 757.176 823.753
1817 631.979 1251.25
1818 250.154 579.415
1819 338.162 911.115
1820 969.93 1501.5
1821 570 1360.42
1822 519.692 332.703
1823 104.055 1471.66
1824 685.121 283.542
1825 418.231 671.883
1826 1171.48 394.128
1827 1404.14 1304.22
1828 835.752 282.256
1829 1490.85 396.823
1830 618.932 447.355
1831 1541.43 844.83
1832 1537.99 806.983
1833 995.745 92.5251
1834 1315.82 173.997
1835 52.1015 161.836
1836 981.377 173.477
1837 1204.91 1353.32
1838 1536.89 679.589
1839 1154.08 634.674
1840 779.49 29.3603
1841 565.67 224.765
1842 297.766 1312.14
1843 36.594 60.659
1844 312.798 39.4406
1845 471.561 471.95
1846 816.787 723.427
1847 258.569 1209.27
1848 1.1347 131.719
1849 430.429 1296.64
1850 1353.41 746.631
1851 1401.07 134.367
1852 548.059 45.7287
1853 1514.57 223.924
1854 1348.77 83.0693
1855 1142.42 1436.68
1856 336.485 947.425
1857 626.826 1226.05
1858 330.332 1114.84
1859 227.282 774.384
1860 863.269 983.026
1861 595.103 234.561
1862 522.528 428.159
1863 1468.68 1124.77
1864 566.792 67.2781
1865 460.64 206.42
1866 571.35 685.547
1867 1333.13 407.829
1868 1440.4 114.179
1869 1141.08 1074.19
1870 367.663 274.077
1871 885.821 862.559
1872 634.942 191.858
1873 1176.21 845.927
1874 1406.79 172.947
1875 1253.6 1336.39
1876 1390.05 719.918
1877 515.818 355.16
1878 677.294 732.731
1879 501.111 1106.14
1880 356.458 339.606
1881 893.046 87.9489
1882 1300.93 65.3397
1883 1498.61 1511.98
1884 58.0508 1335.02
1885 64.0159 850.844
1886 1357.23 571.945
1887 283.769 1524.89
1888 600.113 1111.82
1889 1217.53 261.652
1890 284.998 745.033
1891 537.489 1186.75
1892 1073.43 795.801
1893 853.435 138.868
1894 685.121 394.979
1895 244.577 295.92
1896 142.54 397.249
1897 858.115 1093.42
1898 1006.15 349.213
1899 394.402 1505.55
1900 314.406 897.924
1901 1313.75 980.095
1902 1458.56 1237.3
1903 1325.42 616.992
1904 1027.42 1547.08
1905 1147.51 1132.63
1906 946.432 1126.61
1907 605.503 357.156
1908 195.909 188.738
1909 1441.76 1526.64
1910 996.209 732.694
1911 6.24084 1264.08
1912 439.318 133.658
1913 1232.03 1219.75
1914 1082.6 224.647
1915 1139.61 440.509
1916 954.709 194.506
1917 1324.29 229.219
1918 381.961 732.41
1919 1307.33 467.59
1920 407.548 309.607
1921 594.723 608.907
1922 1531.99 658.574
1923 733.272 955.888
1924 190.594 1373.65
1925 502.624 1104.4
1926 619.755 1543.15
1927 1303.81 1157.77
1928 865.443 1458.73
1929 372.701 564.701
1930 164.72 145.052
1931 1544.98 883.788
1932 3.49865 996.605
1933 747.276 324.476
1934 68.179 924.079
1935 1372.32 646.163
1936 328.684 1251.06
1937 359.416 288.024
1938 267.363 465.321
1939 1140.73 420.075
1940 729.043 1060.72
1941 232.321 126.377
1942 146.423 634.769
1943 46.5226 986.393
1944 709.186 1159.8
1945 695.522 574.535
1946 686.114 801.106
1947 498.644 487.589
1948 962.129 1386.41
1949 409.06 446.75
1950 1451.28 1052.25
1951 497.095 291.958
1952 679.968 256.972
1953 1487.21 1198.44
1954 768.145 186.043
1955 10.5905 1296.72
1956 796.91 1248.89
1957 164.862 691.031
1958 336.154 630.277
1959 1399.89 735.804
1960 1326.37 1026.53
1961 339.18 1386.8
1962 666.02 1261.5
1963 68.3655 14.0044
1964 339.889 1276.64
1965 1493.21 544.797
1966 1500.4 1379.23
1967 1484.09 989.882
1968 198.998 230.306
1969 1284.97 1469.87
1970 435.962 1082.5
1971 782.894 1531
1972 1080.31 1231.48
1973 875.147 1506.26
1974 178.292 1413.36
1975 835.14 1313.06
1976 1336.01 203.499
1977 315.987 247.884
1978 791.83 593.315
1979 654.183 1066.71
1980 253.369 1177.91
1981 598.931 131.446
1982 283.016 1105.46
1983 868.989 919.493
1984 655.053 500.544
1985 944.494 226.23
1986 1066.78 1002.56
1987 559.787 579.452
1988 369.628 851.142
1989 890.04 782.421
1990 667.176 1348.98
1991 491.655 121.328
1992 838.687 1506.08
1993 453.787 1092.29
1994 1158.75 179.292
1995 119.647 1080.95
1996 76.9545 494.152
1997 1311.95 687.164
1998 1003.74 1436.3
1999 554.776 1275.92
2000 230.214 1180.23
2001 388.598 1459.42
2002 113.482 422.779
2003 355.775 471.571
2004 1480.59 81.7554
2005 1023.31 779.206
2006 821.617 1489.44
2007 1028.37 324.548
2008 1152.34 479.977
2009 189.703 234.041
2010 696.649 420.888
2011 226.393 173.231
2012 956.408 821.072
2013 682.426 48.6127
2014 1481.97 360.385
2015 1245 230.155
2016 1379.46 818.59
2017 474.135 454.872
2018 53.948 245.719
2019 1159.04 508.685
2020 1264.67 666.068
2021 527.162 288.79
2022 1108.08 926.953
2023 978.866 1104.34
2024 667.904 796.652
2025 199.281 957.08
2026 1392.94 1491.29
2027 68.9906 33.1052
2028 313.791 889.471
2029 879.875 1368.16
2030 589.536 1397.82
2031 828.671 1242.12
2032 431.185 642.712
2033 604.983 141.979
2034 225.174 27.9419
2035 193.533 328.117
2036 990.885 1192.9
2037 912.007 684.611
2038 1151.34 891.424
2039 243.092 1204.3
2040 108.649 1401.66
2041 1238.95 125.55
2042 1010.07 128.703
2043 209.21 1163.22
2044 688.478 833.766
2045 502.268 439.601
2046 536.176 1534.3
2047 1189.57 918.869
2048 831.546 675.334
2049 211.623 528.911
2050 1357.9 177.533
2051 125.244 82.8329
2052 788.582 225.001
2053 1194.43 866.068
2054 211.557 1470.8
2055 1398.99 607.168
2056 408.852 764.418
2057 148.941 158.338
2058 257.919 1248.32
2059 731.455 943.18
2060 1208.42 1207.23
2061 1237.91 826.651
2062 545.128 811.829
2063 1214.08 900.808
2064 555.671 1078.77
2065 18.5334 192.625
2066 5.95716 14.0892
2067 1139.28 667.354
2068 854.238 1225.76
2069 103.967 1147.04
2070 295.494 570.148
2071 586.166 1320.18
2072 513.594 374.838
2073 844.31 1187.52
2074 246.702 1422.46
2075 63.3184 169.874
2076 289.348 53.1417
2077 530 938.915
2078 1368.02 1314.36
2079 93.908 1035.33
2080 218.477 972.919
2081 60.6038 1439.08
2082 963.936 1280.56
2083 691.504 136.694
2084 1125.86 279.335
2085 907.947 322.822
2086 1547.28 530.859
2087 1380.55 1453.83
2088 748.664 336.306
2089 780.91 398.137
2090 590.137 1368.97
2091 85.6709 1307.93
2092 1471.7 1346.85
2093 143.114 1060.33
2094 732.731 1187.27
2095 954.564 118.481
2096 841.788 662.049
2097 748.333 704.846
2098 720.108 645.606
2099 864.309 1188.12
2100 1240.99 1187.85
2101 173.819 101.66
2102 765.779 1015.23
2103 579.757 1372.98
2104 525.953 1215.31
2105 358.434 324.628
2106 445.163 1348.5
2107 1199.14 1361.68
2108 1381.96 874.095
2109 670.323 1341.21
2110 1110.15 1092.91
2111 1437.8 1408.97
2112 812.606 464.952
2113 127.039 111.068
2114 513.292 1170.82
2115 234.469 913.763
2116 783.616 926.386
2117 604.699 594.156
2118 1026.57 1042.89
2119 1402.34 337.772
2120 410.382 68.5172
2121 1383.44 420.689
2122 1191.81 431.043
2123 13.0017 1429.82
2124 1098.06 1162.62
2125 857.642 466.702
2126 478.865 744.372
2127 1109.17 471.278
2128 637.464 1152.19
2129 1544.9 905.252
2130 1049.03 71.486
2131 594.818 1525.6
2132 1412.87 36.4994
2133 106.898 1290.67
2134 119.23 1266.43
2135 549.697 809.38
2136 1222.83 1443.52
2137 739.229 404.52
2138 45.908 1333.37
2139 1142.91 981.324
2140 1014.2 1145.24
2141 35.8861 971.49
2142 724.166 82.7384
2143 584.7 698.454
2144 114.322 1499.84
2145 107.607 1033.88
2146 1520.87 1181.55
2147 1195.76 204.104
2148 971.065 1212.53
2149 719.682 205.059
2150 886.955 1169.93
2151 622.76 838.944
2152 1548.49 1214.58
2153 938.088 521.961
2154 268.499 54.5128
2155 1485.65 832.594
2156 1300.7 594.062
2157 1072.24 867.713
2158 856.661 863.079
2159 937.639 846.201
2160 473.216 698.842
2161 551.841 274.36
2162 373.535 191.575
2163 1292.6 1190.64
2164 833.861 603.565
2165 36.594 236.452
2166 259.97 1034.29
2167 331.426 553.638
2168 1446.84 319.086
2169 287.646 444.849
2170 1357.43 1290.92
2171 48.9929 680.498
2172 311.429 195.272
2173 868.792 343.01
2174 771.946 1312.52
2175 605.03 1193.7
2176 646.021 731.937
2177 407.687 802.137
2178 583.002 252.47
2179 1168.41 485.036
2180 504.205 1258.43
2181 1109.83 1413.75
2182 567.869 207.366
2183 51.2623 561.344
2184 208.595 285.849
2185 158.621 3.02586
2186 1251.76 73.4342
2187 1270.25 1216.11
2188 405.846 376.72
2189 440.5 786.015
2190 819.717 1223.54
2191 1186.61 1107.51
2192 975.509 607.489
2193 1548.34 1111.34
2194 1468.1 197.542
2195 1238.33 1540.87
2196 1323.44 585.07
2197 1488.87 243.7
2198 204.532 736.041
2199 969.129 1003.36
2200 1520.97 1141.14
2201 92.0733 718.784
2202 1260.56 92.8561
2203 1172.1 1259.51
2204 1064.62 775.008
2205 703.796 1129.98
2206 1215.37 247.553
2207 1031.87 187.982
2208 111.77 841.781
2209 253.711 412.425
2210 640.773 173.808
2211 90.4947 528.874
2212 370.384 637.994
2213 671.268 1095.74
2214 1372.56 676.621
2215 1021.14 461.018
2216 245.286 313.957
2217 183.774 326.614
2218 636.896 1160.23
2219 1375.79 240.32
2220 431.091 1361.88
2221 1125.57 1291.15
2222 1188.03 512.789
2223 83.1166 1346.09
2224 1110.63 352.759
2225 733.866 1113.86
2226 462.468 153.421
2227 162.361 1004.92
2228 603.754 1083.36
2229 599.898 406.657
2230 397.901 1457.62
2231 1412.18 1260.42
2232 1475.02 1146.43
2233 600.728 1287.89
2234 254.267 1082.75
2235 1131.91 1018.16
2236 1547.2 730.131
2237 1321.4 333.814
2238 810.526 1.98572
2239 197.846 1146.94
2240 148.251 984.634
2241 869.823 982.374
2242 1415.2 788.946
2243 148.22 1362.83
2244 786.981 851.543
2245 499.392 1516.71
2246 1035.22 1194.42
2247 579.121 488.015
2248 622.24 211.064
2249 171.008 764.455
2250 204.246 700.865
2251 850.03 499.409
2252 517.28 509.82
2253 1393.13 916.741
2254 1406.65 863.647
2255 246.939 482.918
2256 1462.65 719.125
2257 1300.94 1247.47
2258 882.322 878.067
2259 881.093 1369.11
2260 54.43 1213.47
2261 751.011 1390.2
2262 1048.42 684.294
2263 1175.69 595.963
2264 203.728 663.052
2265 498.605 640.83
2266 631.223 947.01
2267 983.026 1339.2
2268 173.186 227.412
2269 602.962 855.572
2270 963.831 189.447
2271 1188.63 1151.35
2272 1547.73 444.102
2273 949.458 313.626
2274 674.01 306.596
2275 888.232 268.366
2276 1314.36 447.449
2277 976.239 69.3682
2278 926.842 1260.23
2279 905.3 546.215
2280 618.582 1163.17
2281 1547.45 594.308
2282 163.719 804.652
2283 176.682 1091.31
2284 195.427 1394.35
2285 6.3354 1138.11
2286 463.574 1331.29
2287 789.487 295.646
2288 1373.77 1425.9
2289 1197.44 1027.86
2290 1341.87 1378.85
2291 989.456 535.209
2292 1223.4 718.841
2293 1464.42 1071.31
2294 539.029 600.397
2295 616.682 886.199
2296 654.153 53.1417
2297 384.473 651.941
2298 911.865 1275.45
2299 575.055 1000.47
2300 797.22 993.059
2301 1163.77 171.528
2302 1162.07 964.881
2303 614.346 982.956
2304 807.857 641.577
2305 757.394 770.611
2306 41.3993 884.128
2307 159.133 842.286
2308 369.581 910.35
2309 387.736 861.661
2310 85.8509 820.055
2311 1283.04 1139.96
2312 664.121 41.1899
2313 1495.63 1477.39
2314 1164.34 118.964
2315 789.56 650.891
2316 1527.13 316.118
2317 847.356 362.914
2318 403.244 685.76
2319 474.135 1065.35
2320 820.907 827.809
2321 1281.04 1176.83
2322 6.61907 320.316
2323 1392.94 157.959
2324 1536.76 612.855
2325 1335.4 725.734
2326 442.591 86.8989
2327 512.375 1295.03
2328 982.622 717.706
2329 1047.56 707.257
2330 478.417 413.513
2331 278.145 161.657
2332 1365.47 486.833
2333 423.526 663.562
2334 1461.24 409.673
2335 230.58 1000.78
2336 274.881 649.955
2337 784.797 1449.59
2338 1467.22 1189.41
2339 74.9846 311.475
2340 447.328 975.424
2341 1148.96 203.073
2342 982.365 108.695
2343 1121.99 1474.5
2344 84.7241 583.991
2345 557.373 785.504
2346 507.872 85.5377
2347 55.8391 259.893
2348 48.3684 269.065
2349 632.889 332.608
2350 198.383 584.568
2351 69.2848 603.565
2352 172.609 422.637
2353 259.336 277.396
2354 1534.76 717.791
2355 1073.85 1256.63
2356 1546.3 1047.29
2357 450.732 851.165
2358 653.066 1214.51
2359 1063.16 1118.34
2360 319.512 1186.81
2361 518.569 873.633
2362 232.613 1540.22
2363 3.87688 1120.56
2364 586.686 1453.32
2365 71.2718 377.06
2366 933.431 1310.06
2367 1347.5 526.888
2368 800.104 88.8374
2369 661.009 620.453
2370 1434.83 1054.49
2371 15.0347 415.063
2372 537.792 174.791
2373 671.544 818.353
2374 471.858 582.015
2375 148.976 1404.94
2376 429.428 704.505
2377 927.379 1162.89
2378 83.024 110.671
2379 1083.4 1326
2380 1545.1 142.887
2381 6.95002 1063.93
2382 542.718 1351.09
2383 470.19 1296.96
2384 686.957 1457.43
2385 1151.15 517.999
2386 949.742 924.647
2387 919.105 962.423
2388 1473.1 133.715
2389 137.96 792.738
2390 837.974 584.322
2391 1441.68 9.64493
2392 90.5867 528.557
2393 52.527 627.677
2394 938.18 1349.12
2395 544.749 116.543
2396 602.052 534.963
2397 969.977 853.775
2398 449.201 1159.28
2399 1059.15 1037.08
2400 984.049 475.013
2401 1489.75 934.15
2402 17.2096 1176.27
2403 658.928 216.585
2404 1201.96 770.176
2405 915.559 148.22
2406 553.402 321.829
2407 1169.26 1414.45
2408 675.337 257.681
2409 175.313 1539.09
2410 1003.59 32.5521
2411 178.094 1506.23
2412 752.211 52.2907
2413 1259.51 614.581
2414 400.501 194.421
2415 1420.12 272.327
2416 340.977 1415.54
2417 1174.98 1465.2
2418 1191.46 1499.94
2419 774.471 966.914
2420 763.368 1539.94
2421 874.627 862.853
2422 1196.81 497.376
2423 442.864 1229.12
2424 693.112 688.393
2425 1547.88 213.9
2426 1245.66 773.212
2427 728.251 1309.91
2428 120.373 237.672
2429 632.748 1309.83
2430 976.927 1358.67
2431 1379.75 955.368
2432 839.393 57.4914
2433 1108.27 1405
2434 473.474 183.916
2435 638.22 932.022
2436 383.055 166.895
2437 187.982 275.41
2438 665.691 1102.9
2439 1422.39 778.805
2440 447.906 60.3852
2441 189.825 782.8
2442 1332.99 444.102
2443 549.668 1408.18
2444 969.175 1151.27
2445 1362.87 853.718
2446 1270.76 838.967
2447 841.473 409.872
2448 399.869 815.668
2449 1530.54 114.047
2450 175.03 397.428
2451 690.464 820.444
2452 894.473 236.064
2453 1026.52 895.466
2454 1407 832.49
2455 318.653 734.632
2456 1287.31 538.272
2457 1384.85 1387.51
2458 930.83 12.1133
2459 675.913 1116.84
2460 1447.32 384.095
2461 1316.34 104.818
2462 826.485 1167.42
2463 1394.12 186.327
2464 1212.99 1340.17
2465 215.132 1138.76
2466 1435.91 69.7839
2467 457.33 1205.76
2468 315.73 513.498
2469 672.687 1427.79
2470 563.897 955.993
2471 1026.85 482.067
2472 1113.08 1.27653
2473 472.736 1443.11
2474 138.463 1402.53
2475 238.57 543.625
2476 322.029 365.619
2477 1368.51 156.967
2478 48.3782 747.671
2479 1175.74 679.316
2480 703.988 989.835
2481 1312.75 963.605
2482 1499.32 458.134
2483 86.9462 958.688
2484 708.24 377.476
2485 1303.44 352.229
2486 161.337 147.71
2487 25.8617 854.154
2488 593.968 436.017
2489 1351.76 83.4003
2490 1417.08 1194.42
2491 803.745 205.191
2492 1019.62 286.606
2493 527.162 140.277
2494 1465.71 211.81
2495 508.014 22.363
2496 303.533 1446.03
2497 25.1052 784.643
2498 1359.32 1280.47
2499 587.152 556.286
2500 1487.21 1087.13
2501 712.023 711.266
2502 383.102 1440.26
2503 1268.31 104.676
2504 82.3601 933.866
2505 933.431 1189.16
2506 1289.21 313.801
2507 1474.86 801.286
2508 1129.64 261.122
2509 1531.57 181.845
2510 459.033 104.638
2511 900.82 421.729
2512 382.622 428.926
2513 946.681 707.683
2514 1530.67 161.752
2515 28.6051 293.66
2516 1202.14 544.854
2517 206.751 846.163
2518 1399.47 47.4209
2519 1382.35 700.024
2520 1504.8 34.6181
2521 224.717 656.281
2522 872.535 737.837
2523 874.616 1325.33
2524 1244.62 1321.32
2525 213.561 517.527
2526 1538.99 1348.16
2527 784.36 309.394
2528 426.315 1176.31
2529 789.894 1329.82
2530 1408.49 737.658
2531 1116.78 872.299
2532 1141.93 1210.2
2533 1519.28 1318.61
2534 286.854 432.225
2535 130.207 41.7001
2536 1113.71 518.935
2537 274.313 168.361
2538 1320.26 331.814
2539 1462.2 1202.16
2540 190.062 804.737
2541 1424.28 371.944
2542 528.194 689.15
2543 1502.1 240.178
2544 628.528 759.68
2545 524.609 114.283
2546 40.2818 976.134
2547 1352.89 314.028
2548 362.441 617.38
2549 1014.94 160.097
2550 1416.3 1464.42
2551 1444.66 360.739
2552 18.6752 1389.46
2553 1499.12 317.148
2554 126.944 1436.05
2555 768.495 1130.3
2556 1030.02 1165.22
2557 812.444 444.055
2558 728.677 485.14
2559 17.2096 886.246
2560 159.992 979.538
2561 1312.28 239.431
2562 158.054 211.479
2563 499.456 935.095
2564 713.708 283.627
2565 62.8367 1168.01
2566 76.8022 1430.57
2567 745.412 468.205
2568 548.08 512.363
2569 930.7 186.185
2570 1083.1 559.359
2571 1202.78 804.028
2572 843.159 1399.66
2573 486.628 254.182
2574 334.074 122.983
2575 572.219 85.9632
2576 161.931 1164.12
2577 195.784 1385.84
2578 343.967 819.11
2579 540.636 1262.54
2580 16.6422 529.384
2581 194.033 326.935
2582 515.153 288.922
2583 208.162 443.099
2584 697.396 696.62
2585 83.4003 707.447
2586 985.107 1101.38
2587 1341.83 673.547
2588 381.034 1118.43
2589 1231.57 718.983
2590 444.359 825.824
2591 1164.39 900.95
2592 665.358 1039.9
2593 282.351 1410.25
2594 1241.57 1029.45
2595 187.131 258.238
2596 1078.08 1217.81
2597 80.989 1225.33
2598 693.151 330.15
2599 1534.31 964.209
2600 10.7323 195.121
2601 928.892 1116.73
2602 1089.33 1458.52
2603 168.977 489.197
2604 534.265 1253.95
2605 447.263 691.646
2606 54.4392 842.239
2607 1547.16 340.703
2608 1193.99 1443.35
2609 698.028 1524.89
2610 272.28 1091.35
2611 351.331 1236.77
2612 1405.25 311.153
2613 1013.63 686.634
2614 1016.31 839.024
2615 435.536 1012.59
2616 614.533 372.37
2617 1184.34 1471.23
2618 1509.15 428.065
2619 84.4877 750.839
2620 22.0517 1015.65
2621 949.506 396.435
2622 1317.5 998.487
2623 1057.54 895.276
2624 1163.65 393.324
2625 633.256 1523.76
2626 681.717 1121.52
2627 382.346 872.535
2628 968.504 396.161
2629 1270.05 1312.24
2630 836.426 156.163
2631 1142.55 802.619
2632 926.528 1063.79
2633 179.755 632.074
2634 1499.38 584.19
2635 358.375 396.256
2636 1236.49 351.898
2637 1135.31 1254.09
2638 1020.06 1008.71
2639 553.685 1234.13
2640 1532.36 1429.29
2641 53.1245 123.54
2642 1151.15 835.762
2643 1433.88 1107.57
2644 621.105 673.774
2645 1371.58 293.329
2646 1041.27 111.636
2647 1307.83 1086.34
2648 1065.57 1340.28
2649 274.408 956.56
2650 1177.66 220.51
2651 1483.85 1290.2
2652 588.766 961.987
2653 40.132 1467.26
2654 1484.33 406.742
2655 921.091 214.042
2656 917.253 227.081
2657 1543.11 980.389
2658 929.603 1315.94
2659 455.581 734.301
2660 514.065 1158.63
2661 207.594 1240.79
2662 857.217 760.011
2663 680.915 922.486
2664 817.325 944.22
2665 211.877 79.2496
2666 778.686 800.86
2667 1534.02 562.158
2668 1545.64 625.37
2669 467.779 1402.53
2670 711.164 428.916
2671 347.407 510.104
2672 1241.93 1370.67
2673 515.058 1524.48
2674 1274.17 920.722
2675 898.134 1461.82
2676 938.7 92.9132
2677 1274.93 548.154
2678 1215.21 20.7555
2679 127.559 1266.57
2680 426.422 1371.15
2681 257.86 874.237
2682 637.511 653.349
2683 129.97 179.33
2684 1280.84 1486.6
2685 1180.27 1123.55
2686 1512.22 117.867
2687 321.356 273.283
2688 1355.94 1235.17
2689 723.06 632.604
2690 1319.82 573.59
2691 761.147 839.923
2692 1166.66 439.506
2693 972.2 1228.5
2694 640.206 971.869
2695 703.891 177.911
2696 751.737 122.226
2697 384.284 1379.65
2698 1311.92 1264.91
2699 1254.57 373.174
2700 106.094 644.65
2701 157.392 1305.95
2702 41.2274 506.973
2703 1434.37 1163.07
2704 858.541 339.615
2705 1506.07 1517.38
2706 11.9616 949.647
2707 1315.48 564.465
2708 854.002 446.882
2709 765.309 1020.45
2710 769.053 40.4334
2711 1277.53 1424.46
2712 340.885 1227.33
2713 536.156 836.225
2714 630.336 895.04
2715 901.32 1485.27
2716 1190.25 610.609
2717 617.391 234.882
2718 639.063 315.682
2719 761.666 1157.02
2720 1467.64 1352.43
2721 1268.83 870.975
2722 317.991 177.958
2723 1216.07 864.177
2724 278.306 855.373
2725 15.8385 1231.77
2726 1539.13 235.932
2727 1033.43 1533.7
2728 834.334 854.768
2729 495.211 991.357
2730 1051.65 52.9624
2731 618.469 838.22
2732 1215.44 1269.16
2733 1304.24 783.792
2734 119.05 33.1525
2735 896.033 1029.17
2736 419.641 1114.84
2737 785.116 1508.25
2738 686.786 543.237
2739 465.351 1020.33
2740 1539.62 796.284
2741 314.219 1209.3
2742 962.696 873.717
2743 1410.71 1502.58
2744 434.732 1040.09
2745 329.347 1048.41
2746 1363.25 775.103
2747 425.228 471.146
2748 497.189 1487.26
2749 1185.19 980.095
2750 583.946 450.711
2751 98.938 253.898
2752 1149.22 1229.26
2753 163.625 915.333
2754 297.643 679.883
2755 75.1737 373.845
2756 339.7 1547.74
2757 847.714 1422.16
2758 375.039 61.4155
2759 909.318 942.792
2760 1121.22 965.463
2761 349.581 17.1249
2762 181.883 1256.73
2763 1325.61 940.627
2764 850.789 513.072
2765 1435.77 531.748
2766 659.402 860.385
2767 1038.53 1102.13
2768 1307.27 1070.31
2769 890.588 55.1845
2770 1247.74 195.367
2771 4.11328 1005.4
2772 740.733 396.246
2773 906.434 351.378
2774 689.955 0.472791
2775 1291 488.214
2776 430.996 23.4977
2777 883.922 1252.09
2778 1299.93 350.527
2779 759.303 1398.48
2780 1425.98 438.655
2781 171.228 1126.67
2782 659.11 640.121
2783 872.073 1054.33
2784 526.965 96.7803
2785 534.726 1437.91
2786 331.757 778.602
2787 810.119 965.59
2788 1451.94 956.55
2789 1509.05 1239.9
2790 246.419 588.776
2791 1311.29 1049.93
2792 1232.49 563.435
2793 910.075 906.87
2794 889.208 1010.46
2795 61.4076 801.154
2796 1294.25 792.785
2797 1323.82 133.762
2798 507.637 279.727
2799 458.155 303.4
2800 573.64 501.23
2801 91.129 1100.52
2802 1160.09 857.099
2803 1403.23 977.92
2804 645.927 1176.63
2805 1191.95 644.887
2806 1005.9 504.572
2807 847.856 362.441
2808 517.896 781.807
2809 1094.98 549.052
2810 990.972 347.511
2811 763.842 282.044
2812 218.431 1427.8
2813 349.865 1212.39
2814 175.237 272.138
2815 573.667 1536.24
2816 958.935 677.661
2817 535.766 648.102
2818 919.683 847.062
2819 1513.5 1478.84
2820 1022.63 175.935
2821 259.704 797.267
2822 603.444 1490.71
2823 950.934 1099.62
2824 1444.23 1017.82
2825 174.082 1216.74
2826 682.722 884.034
2827 565.61 565.127
2828 719.23 770.895
2829 65.7652 1324.3
2830 1542.43 955.746
2831 1277.86 804.359
2832 665.311 1331.59
2833 295.636 132.429
2834 568.391 1324.62
2835 828.378 1540.82
2836 1509.01 1028.99
2837 503.711 520.637
2838 954.99 646.504
2839 1033.19 171.623
2840 745.613 1408.69
2841 304.477 1355.22
2842 81.7455 67.255
2843 271.713 1336.07
2844 1153.93 718.51
2845 246.847 117.725
2846 390.943 231.242
2847 53.6262 143.256
2848 593.825 769.372
2849 216.491 619.224
2850 189.636 871.117
2851 1500.73 196.634
2852 1083.21 153.893
2853 632.643 1040.47
2854 274.881 901.669
2855 1326.93 552.929
2856 151.058 522.623
2857 111.297 1213.76
2858 1127.36 1364.05
2859 1114.65 1176.59
2860 1422.82 562.763
2861 851.11 1288.98
2862 58.5997 298.946
2863 1134.56 1140.82
2864 1535.63 895.938
2865 161.978 142.509
2866 941.253 991.641
2867 801.38 1190.16
2868 1379.08 505.707
2869 1049.03 1355.16
2870 797.598 1140.38
2871 393.185 1509.95
2872 1234.57 1100.95
2873 1001.01 438.561
2874 1105.6 920.562
2875 766.252 433.36
2876 1504.85 452.187
2877 1231.53 919.413
2878 458.607 1203.36
2879 724.788 119.9
2880 765.448 1212.77
2881 936.457 870.408
2882 1113.56 862.181
2883 1241.74 943.738
2884 51.0731 168.134
2885 1173.7 756.617
2886 411.375 430.807
2887 1076.55 243.109
2888 1394.72 1032.96
2889 249.238 211.621
2890 629.362 464.81
2891 1108.93 468.451
2892 217.011 596.567
2893 291.901 28.7082
2894 325.185 723.521
2895 809.146 820.339
2896 745.402 1411
2897 566.545 54.2389
2898 276.234 1508.83
2899 1085.67 258.674
2900 1117.31 48.2719
2901 714.483 1015.18
2902 327.029 1330.67
2903 594.203 243.96
2904 970.773 822.514
2905 726.615 366.564
2906 557.231 1187.37
2907 592.312 1254.89
2908 1506.26 626.542
2909 550.992 1049.61
2910 817.597 185.911
2911 174.98 428.973
2912 1217.91 1060
2913 1203.67 1296.4
2914 1317.05 1027.19
2915 513.498 966.016
2916 1046.18 1049.78
2917 1025.93 229.162
2918 257.474 622.429
2919 1368.07 7.09186
2920 1113.73 1197.82
2921 416.198 1274.94
2922 664.774 1272.1
2923 309.017 400.265
2924 326.398 1486.42
2925 0.945581 526.131
2926 1199.96 1361.36
2927 639.26 817.89
2928 525.838 1525.13
2929 1163.59 1467.92
2930 1517.14 1306.98
2931 637.133 267.221
2932 1105.95 1185.66
2933 574.007 903.702
2934 87.7027 484.006
2935 1340.5 148.409
2936 391.423 897.745
2937 272.044 1156.22
2938 610.231 1203.16
2939 1513.59 1058.16
2940 1379.14 1299.38
2941 1429.29 46.2389
2942 743.842 42.8821
2943 472.802 1123.17
2944 634.392 564.016
2945 1386.37 715.38
2946 432.303 545.79
2947 1454.78 340.835
2948 1271.29 463.581
2949 229.965 1367.26
2950 1397.83 872.356
2951 269.019 1167.04
2952 78.956 570.469
2953 1364.95 1016.78
2954 958.113 728.523
2955 337.194 601.343
2956 682.683 456.3
2957 400.266 48.0454
2958 833.01 1487.54
2959 1263 701.763
2960 375.142 976.407
2961 576.19 597.607
2962 103.855 432.282
2963 931.303 1386.18
2964 536.901 939.057
2965 1466.6 89.5466
2966 1209.97 973.297
2967 841.047 1262.07
2968 335.729 1187.46
2969 632.168 190.828
2970 1.08742 948.759
2971 1419.98 1119.86
2972 791.302 172.342
2973 282.57 1522.01
2974 1489.24 853.624
2975 658.362 1014.19
2976 105.084 170.063
2977 1062.03 1437.01
2978 659.354 1436.77
2979 284.725 450.475
2980 1097.36 111.399
2981 692.78 592.653
2982 871.554 1386.52
2983 1016.74 686.587
2984 143.351 547.974
2985 224.161 187.036
2986 1490.56 437.483
2987 500.118 731.502
2988 465.473 1534.25
2989 581.627 1172.01
2990 1214.88 1381.55
2991 1072.48 1301.79
2992 1503.71 1495.91
2993 1421.87 232.14
2994 1100.66 303.153
2995 1024.68 548.4
2996 1006.57 722.519
2997 738.595 909.943
2998 1512.61 8.09456
2999 993.144 1298.71
3000 1305.65 1401.54
3001 723.937 781.358
3002 492.641 947.425
3003 594.252 653.964
3004 206.669 1188.26
3005 708.051 721.29
3006 1402.86 1493.03
3007 1149.73 1333.98
3008 1462.7 936.835
3009 1028.42 925.772
3010 881.265 255.212
3011 397.402 1311.43
3012 67.4409 377.287
3013 1161.81 406.563
3014 970.197 223.782
3015 1543.11 1159.05
3016 582.667 1222.88
3017 1150.84 926.538
3018 1499.98 578.706
3019 1112.19 171.812
3020 918.737 790.563
3021 32.8694 233.096
3022 548.106 181.94
3023 1073.07 604.888
3024 714.954 666.645
3025 825.343 860.016
3026 1409.06 1362.3
3027 511.391 718.264
3028 388.303 536.57
3029 29.4089 1355.59
3030 1546.58 1247.36
3031 186.185 1000.62
3032 478.069 175.311
3033 512.337 811.555
3034 373.195 113.196
3035 1324.43 1278.29
3036 1186.47 1340.32
3037 177.345 327.276
3038 9.12486 1289.45
3039 160.654 611.413
3040 1342.43 1192.34
3041 909.602 419.365
3042 1436.57 489.669
3043 365.893 794.204
3044 1127.09 292.137
3045 1348.87 1483.11
3046 1341.95 1210.07
3047 345.468 829.427
3048 201.172 99.617
3049 1541.51 1390.53
3050 42.4868 1066.57
3051 617.89 140.807
3052 1393.17 841.142
3053 724.788 1140.28
3054 1435.24 497.149
3055 547.35 1027.73
3056 0.945581 592.88
3057 178.338 629.673
3058 509.613 1451.61
3059 1207.44 328.316
3060 1476.1 164.342
3061 857.075 322.112
3062 443.43 1468.82
3063 904.78 992.057
3064 814.429 1180.23
3065 1290.1 896.222
3066 1344.01 999.338
3067 110.018 158.064
3068 233.569 1312.75
3069 695.931 1203.83
3070 1382.87 645.133
3071 1104.25 451.194
3072 204.152 1306.04
3073 34.0803 1459.61
3074 346.65 332.855
3075 120.183 16.4531
3076 1458.23 224.859
3077 1475 470.058
3078 1037.5 1143.44
3079 244.764 287.551
3080 860.952 929.28
3081 965.213 318.803
3082 825.824 280.658
