1 720.675 1164.91
2 1386.51 1096.83
3 1171.86 616.576
4 1257.48 1486.31
5 1291.19 247.175
6 51.0719 520.968
7 573.785 495.674
8 1366.94 306.368
9 806.14 666.314
10 1409.73 381.968
11 89.121 1391.85
12 1360.46 861.945
13 1495.11 785.693
14 1324.81 734.622
15 1202.92 1045.53
16 924.542 616.141
17 292.232 1160.04
18 851.118 670.474
19 813.815 58.3897
20 172.911 1394.36
21 1170.87 1243.63
22 179.85 1182.45
23 859.809 150.594
24 234.079 1412.33
25 605.647 705.829
26 1060.76 403.811
27 227.612 828.802
28 1153.85 1327.42
29 216.633 818.543
30 824.975 1088.42
31 528.155 829.474
32 493.738 906.529
33 137.582 1156.26
34 1226.71 1129.65
35 315.304 458.078
36 18.8643 752.125
37 764.03 19.3943
38 1365.33 802.43
39 1489.68 1289.31
40 46.428 1374.1
41 950.643 792.043
42 291.334 1304.71
43 1423.06 899.342
44 1194.69 1146.45
45 641.4 286.275
46 366.224 1105.43
47 1021.94 1146.75
48 604.652 351.756
49 1299.94 470.2
50 1064.72 705.083
51 125.762 454.882
52 21.6065 1480.4
53 1417.1 1227.52
54 1097.6 1073.72
55 352.986 1369.64
56 1143.02 1035.46
57 332.969 518.047
58 710.988 477.623
59 48.1038 704.326
60 1242.71 872.072
61 388.681 1305.71
62 1360.85 992.813
63 981.608 39.478
64 220.841 871.637
65 145.564 1437.39
66 342.064 880.951
67 347.277 379.424
68 1003.88 220.888
69 163.491 634.59
70 340.272 749.303
71 972.362 847.241
72 885.322 1037.22
73 1458.93 1144.92
74 879.081 1547.41
75 1005.53 881.235
76 1194.06 553.553
77 754.793 794.96
78 978.887 116.723
79 348.187 915.191
80 393.977 997.234
81 242.876 214.198
82 400.012 344.523
83 829.275 251.251
84 750.047 1342.17
85 224.577 700.118
86 1102.12 360.371
87 470.996 31.2756
88 510.33 1023.7
89 202.213 468.205
90 1355.44 545.799
91 1342.68 817.692
92 165.855 887.428
93 1380.83 493.735
94 1105.37 1043.4
95 886.766 731.738
96 1011.4 304.738
97 1374.45 249.36
98 796.797 1002.61
99 746.69 1476.96
100 1175.78 1276.25
101 185.375 313.886
102 1304.57 1109.55
103 488.546 1480.5
104 1470.47 1479.61
105 599.83 1293.42
106 708.95 233.899
107 121.017 1263.45
108 980.249 209.078
109 264.432 1400.23
110 847.146 44.7501
111 165.335 999.173
112 1504.8 1533.98
113 1322.19 1290.58
114 820.292 398.147
115 1355.65 267.326
116 1261.22 1430.66
117 1370.71 1458.7
118 1163.11 429.814
119 717.226 89.452
120 1128.74 1430.62
121 1215.26 1183.45
122 115.516 413.891
123 962.179 159.908
124 328.684 254.102
125 1356.81 289.632
126 1247.79 611.437
127 870.786 757.363
128 882.275 1225.44
129 1494.09 333.28
130 638.459 538.627
131 940.572 557.42
132 532.545 1162.55
133 261.501 297.811
134 723.323 1111.26
135 1128.19 610.146
136 800.956 532.788
137 65.3987 777.883
138 1185.14 659.08
139 602.43 644.83
140 710.815 1188.56
141 275.779 167.723
142 1252.28 1457.24
143 391.802 79.7224
144 327.124 185.996
145 653.964 960.342
146 1376.2 919.588
147 1191.43 787.362
148 652.357 417.579
149 1436.15 942.755
150 454.666 113.574
151 985.497 1005.02
152 977.215 1204.88
153 957.744 1300.85
154 1026.33 737.128
155 638.22 1097.54
156 989.835 789.883
157 1017.21 331.237
158 240.556 66.7679
159 127.464 1274.7
160 1007.23 707.011
161 649.283 327.691
162 1197.06 689.811
163 1259.87 715.295
164 330.831 560.503
165 572.685 61.6992
166 697.651 497.801
167 145.386 1437.52
168 1351.94 928.325
169 1122.97 158.621
170 1473.32 1361.79
171 39.7617 550.99
172 1104.77 1228.08
173 974.327 1504.23
174 1500.79 361.921
175 307.409 836.187
176 1403.3 1126.1
177 425.748 1462.25
178 221.502 1015.55
179 776.978 354.319
180 452.082 1051.86
181 720.438 414.968
182 238.57 784.795
183 1061.18 197.532
184 1474.25 95.1728
185 1399.51 1537.82
186 622.526 1311.77
187 1375.77 1434.69
188 68.791 1237.68
189 1181.65 1206.05
190 121.188 229.587
191 61.1436 150.206
192 379.208 1195.83
193 862.713 546.026
194 806.459 795.849
195 1528.12 900.099
196 1273.56 563.567
197 1023.69 1533.5
198 968.559 500.364
199 34.4664 603.281
200 141.945 847.676
201 1041.18 278.105
202 564.701 1233.8
203 514.551 467.127
204 666.777 3.02586
205 792.492 502.056
206 1389.44 987.008
207 752.117 866.011
208 919.011 944.944
209 765.354 369.969
210 1198.48 112.382
211 159.898 774.063
212 38.0124 440.698
213 510.236 925.97
214 1177.77 246.655
215 892.865 1166.95
216 561.631 681.963
217 1149.04 964.579
218 1090.09 363.775
219 160.846 282.776
220 915.607 637.237
221 409.014 865.973
222 938.446 1427.97
223 286.723 187.613
224 344.808 625.36
225 1114.98 1496.62
226 128.079 1053.12
227 1544.32 736.57
228 476.518 338.292
229 1159.61 933.194
230 623.236 1058.65
231 148.345 1489.01
232 647.487 1254.46
233 405.607 1192.4
234 1360.31 1054.65
235 139.521 49.8893
236 574.074 445.473
237 43.2604 1471.33
238 122.878 277.727
239 1293.13 22.198
240 520.353 553.732
241 897.357 1523.52
242 898.796 8.75647
243 39.7446 1065.77
244 553.591 1455.2
245 1426.41 1058.73
246 1441.16 1215.76
247 568.389 1373.65
248 1258.47 1179.66
249 386.743 585.788
250 990.452 802.893
251 713.961 263.344
252 824.169 1306.98
253 1298.09 621.247
254 509.574 54.0971
255 1229.02 35.8617
256 1167.93 74.6537
257 843.575 1390.52
258 701.763 1083.69
259 58.798 802.336
260 148.572 654.021
261 1241.93 1356.68
262 874.568 835.941
263 1335.78 578.564
264 234.362 756.796
265 1122.12 752.173
266 1249.54 715.994
267 1322.14 99.1915
268 1034.61 843.979
269 706.018 207.47
270 1168.14 258.096
271 725.119 584.275
272 165.666 551.416
273 49.2661 1117.72
274 152.638 731.644
275 485.84 1198.52
276 445.653 1423.67
277 1226.67 1513.73
278 118.009 445.804
279 792.947 689.234
280 1217.53 935.19
281 491.978 230.58
282 86.0479 135.37
283 1484.66 1265.43
284 1434.55 421.824
285 664.452 1220.38
286 124.155 730.708
287 1137.62 834.722
288 407.971 251.44
289 1355.16 1515.3
290 120.703 1413.93
291 934.944 715.957
292 1252.71 1277.72
293 361.024 37.8804
294 1390.86 520.221
295 166.661 424.765
296 369.755 986.478
297 1437.66 529.242
298 1099.37 1210.52
299 805.635 833.067
300 249.409 1215.55
301 354.472 293.66
302 1531.43 625.597
303 273.178 130.821
304 552.125 10.1748
305 544.939 176.587
306 743.475 479.079
307 1247.27 1341.74
308 920.854 613.612
309 1063.44 547.113
310 585.551 1408.73
311 349.109 744.929
312 1197.39 1332.99
313 932.06 1398.23
314 758.498 144.438
315 1316.04 582.441
316 101.035 82.4645
317 491.23 1119.19
318 990.774 432.982
319 1110.93 122.973
320 1057.12 1333.51
321 663.089 565.042
322 1432.59 463.382
323 1386.41 1039.96
324 572.219 160.465
325 207.744 547.681
326 45.4825 30.4004
327 690.654 619.805
328 427.734 611.318
329 1245.33 755.889
330 368.068 1330.25
331 1161.66 1070.92
332 796.759 1490
333 890.541 305.092
334 1054.79 120.193
335 389.438 827.336
336 236.236 1094
337 119.77 10.4112
338 631.688 1185.01
339 812.739 1475.06
340 408.586 56.6029
341 904.649 509.867
342 1528.18 863.363
343 804.926 1448.54
344 645.17 123.928
345 1471.84 8.8983
346 712.874 1229.4
347 1335.98 527.824
348 1335.02 669.046
349 856.896 694.019
350 344.144 409.153
351 1171.48 1266.1
352 293.17 947.813
353 1426.1 652.924
354 646.399 314.936
355 442.44 1280.98
356 354.829 656.149
357 839.014 995.565
358 294.787 723.63
359 1107.37 660.489
360 53.8036 923.455
361 323.94 1195.07
362 863.505 1377.52
363 937.355 1179.33
364 640.3 1322.49
365 1192.28 399.896
366 250.118 1084.92
367 349.592 1338.24
368 398.941 1379.89
369 911.399 1447.51
370 536.523 1069.59
371 345.282 624.141
372 784.73 1322.83
373 1067.2 526.547
374 837.042 1042.32
375 1480.69 1311.1
376 1334.22 1390.79
377 216.444 1290.92
378 600.255 1358.34
379 1434.45 1442.58
380 1186.75 1391.2
381 1317.19 851.317
382 231.482 77.453
383 973.145 264.621
384 1263.86 141.341
385 965.054 475.59
386 14.2783 15.6592
387 548.772 795.565
388 739.445 608.482
389 1047.56 626.826
390 953.004 1417.47
391 92.0524 596.246
392 150.144 694.87
393 481.492 381.92
394 529.1 701.835
395 908.044 1025.4
396 113.233 535.719
397 1104.24 1463.85
398 352.513 1267.98
399 19.3844 420.784
400 709.462 871.628
401 226.224 1133.05
402 601.295 675.231
403 1188.64 1163.44
404 973.807 827.336
405 891.071 866.021
406 13.2854 1112.49
407 979.622 1490.91
408 1386.74 258.238
409 1444.04 672.356
410 1239.89 1232.66
411 1507.87 690.747
412 1489.95 1100.63
413 644.366 347.076
414 895.714 518.756
415 669.188 1149.69
416 1291.71 1011.11
417 450.667 965.391
418 27.5637 661.397
419 304.903 483.05
420 39.2416 291.901
421 222.353 528.023
422 1371.34 328.458
423 1209.07 201.102
424 180.909 1101.27
425 846.978 928.703
426 112.053 164.673
427 210.271 1012.29
428 705.877 162.924
429 626.731 709.541
430 1136.64 8.80374
431 891.402 1084.63
432 651.269 407.035
433 406.836 1209.78
434 884.544 755.686
435 1364.14 630.088
436 683.041 26.6654
437 470.383 293.839
438 679.495 839.166
439 615.574 763.756
440 1270.1 1398.9
441 197.535 923.549
442 85.4726 1179.99
443 114.604 105.385
444 384.863 701.111
445 1253.7 877.263
446 142.499 792.549
447 462.058 56.9713
448 1236.3 783.036
449 963.973 1343.62
450 512.6 1274.6
451 316.696 974.091
452 1262.3 1050.74
453 65.7652 1283.73
454 256.536 1534.75
455 1320.93 136.353
456 1345.35 1537.94
457 378.726 387.688
458 1513.45 346.187
459 166.659 746.158
460 282.212 82.9748
461 962.46 502.907
462 173.99 354.546
463 1363.84 38.7216
464 279.136 0
465 839.062 1069.31
466 354.12 918.467
467 1422.82 669.623
468 187.698 1157.45
469 1027.94 341.828
470 778.923 1538.74
471 114.557 753.061
472 789.182 429.587
473 1413.12 1340.18
474 1403.35 96.402
475 849.321 813.105
476 414.081 595.385
477 880.767 271.902
478 431.043 558.801
479 992.624 322.453
480 166.848 488.781
481 237.816 1168.41
482 591.39 1041.62
483 455.439 642.627
484 456.81 1259.38
485 1319.31 879.816
486 1114.51 543.473
487 682.607 60.5743
488 1039.43 1491.76
489 1242.16 1098.93
490 754.905 116.364
491 132.76 1478.16
492 445.363 150.074
493 1212.04 179.424
494 176.256 1535.48
495 1096.69 93.518
496 1079.43 877.358
497 1077.21 638.788
498 954.369 579.5
499 1454.3 745.638
500 471.798 1229.31
501 1087.7 397.863
502 1056.83 1447.07
503 480.273 392.653
504 609.335 767.67
505 592.929 486.181
506 61.1318 627.876
507 1091.01 235.733
508 1175.43 591.755
509 609.25 1437.66
510 90.2085 877.925
511 408.607 1467.59
512 482.939 900.723
513 1319.42 407.64
514 1208.64 370.678
515 977.92 161.694
516 400.304 1127.43
517 338.378 47.6573
518 856.319 601.021
519 664.833 239.468
520 1117.11 1112.06
521 559.625 572.928
522 725.151 73.387
523 1158.16 319.758
524 1442.2 143.516
525 949.28 81.2826
526 754.709 1431.8
527 85.1969 196.218
528 1301.92 609.073
529 1514.65 280.091
530 751.123 1051.78
531 1264.95 1272.81
532 766.394 553.695
533 1384.99 181.94
534 1035.84 1066.33
535 1447.26 1124.44
536 1213.28 261.122
537 1000.05 981.301
538 571.457 190.204
539 260.082 1430.24
540 740.025 1417.72
541 156.884 478.984
542 1318.47 951.974
543 1318.52 812.359
544 780.814 1510.28
545 107.087 1013.44
546 1503.39 1164.12
547 856.319 1284.58
548 596 602.004
549 101.965 918.122
550 887.712 239.279
551 626.261 1209.83
552 1118.62 84.2611
553 30.3059 1133.95
554 596.331 803.933
555 481.256 326.013
556 1324.34 1454.35
557 735.757 126.954
558 1524.56 1008.23
559 1097.44 1284.38
560 728.762 752.551
561 529.063 609.059
562 109.167 1333.09
563 227.507 355.822
564 1509.42 948.465
565 312.184 959.349
566 32.5673 1146.57
567 1221.88 230.911
568 1390.71 1246.42
569 1053.19 900.629
570 249.702 1499.74
571 407.528 123.824
572 32.9062 945.392
573 64.2995 1450.05
574 128.518 1505.51
575 1451.8 365.288
576 1058.58 34.7742
577 1446.69 452.65
578 738.546 91.9346
579 1260.65 1287.5
580 490.804 872.724
581 938.633 1538.46
582 1483.03 549.865
583 428.821 809.796
584 1080.44 598.09
585 1289.16 125.772
586 301.501 50.494
587 156.138 457.661
588 28.2729 189.589
589 85.9061 1307.51
590 790.063 1347.37
591 804.124 623.564
592 350.69 470.521
593 236.323 1332.48
594 161.884 709.716
595 473.074 1299.18
596 637.096 887.712
597 167.993 832.5
598 1423.78 213.711
599 48.6042 75.3727
600 1175.3 1547.6
601 1048.26 1279.38
602 454.175 1450.57
603 1332.52 1136.28
604 1419.15 1152.47
605 809.276 967.401
606 552.503 720.297
607 1533.28 1463.48
608 1138.05 1166.45
609 212.945 264.3
610 519.219 881.376
611 771.027 401.068
612 419.093 946.348
613 1079.67 617.758
614 1027.42 731.337
615 1056.69 1027.86
616 1039.2 610.609
617 569.193 1173.29
618 915.876 1238.1
619 472.918 782.374
620 541.676 740.306
621 212.047 1299.76
622 1445.81 1493.12
623 692.821 777.268
624 677.408 269.17
625 949.316 1244.05
626 1140.23 32.0552
627 265.854 105.409
628 156.494 576.805
629 1331.33 1182.93
630 69.6421 325.715
631 755.399 501.395
632 743.125 1304.63
633 230.485 699.494
634 1138.62 1003.84
635 301.073 573.283
636 249.161 201.608
637 698.144 890.369
638 1540.51 39.8563
639 550.281 303.579
640 658.55 1462.35
641 1171.51 1193.66
642 732.92 859.212
643 867.612 653.643
644 1182.78 739.171
645 1364.24 996.596
646 1243.54 757.931
647 820.386 842.192
648 812.964 1189.17
649 518.084 633.776
650 364.994 771.169
651 725.707 597.844
652 1517.03 424.292
653 642.901 38.4004
654 342.454 1465.33
655 893.436 343.104
656 46.8063 130.443
657 825.506 20.0463
658 586.355 575.41
659 1482.01 913.999
660 440.142 87.2772
661 437.825 687.201
662 1355.07 131.871
663 1408.21 1410.62
664 1092.76 117.451
665 281.728 1037.36
666 1303.63 1168.08
667 443.62 730.414
668 767.313 967.056
669 86.7098 339.18
670 338.045 320.647
671 1523.61 1049.09
672 1428.63 1308.79
673 1334.69 990.223
674 873.765 1340.09
675 177.212 8.52007
676 442.438 1362.56
677 742.707 1091.25
678 262.967 164.872
679 261.264 1472.27
680 992.012 1085.81
681 1047.42 323.011
682 99.8559 1401.02
683 550.766 1230.01
684 1380.84 267.458
685 183.873 313.139
686 613.798 750.603
687 78.3414 1152.06
688 1037.11 1120.75
689 1449.81 172.001
690 1487.21 519.465
691 897.782 402.166
692 257.056 827.857
693 820.871 748.333
694 1511.89 403.385
695 1330.93 1442.34
696 1446.1 437.946
697 252.105 1270.67
698 58.9123 1168.88
699 205.477 177.013
700 1347.36 749.326
701 1397.09 1362.92
702 1404.7 1518.08
703 864.829 1409.65
704 426.224 1055.67
705 1148.31 71.1648
706 945.818 376.625
707 294.69 1118.81
708 505.413 33.4736
709 167.692 1083.98
710 592.69 944.315
711 239.563 1244.06
712 1018.23 1097.63
713 225.379 1262.3
714 592.806 1122.89
715 410.016 1009.42
716 547.485 535.445
717 194.181 258.38
718 1547.26 804.667
719 576.022 1292.09
720 1255.31 762.564
721 281.076 849.487
722 352.855 1254.32
723 362.205 712.732
724 564.542 243.402
725 124.202 1306.16
726 462.011 659.07
727 605.787 1122.17
728 1069.6 125.857
729 897.026 1007
730 1093.85 1440.07
731 212.472 1104.7
732 338.14 1404.76
733 0.614628 402.439
734 1365.42 217.436
735 904.78 138.348
736 1186.61 670.134
737 799.51 303.863
738 1059.99 672.687
739 890.17 1361.83
740 1122.35 683.986
741 1001.02 1301.98
742 1201.64 516.902
743 927.095 1120.22
744 694.293 252.386
745 303.443 1147.91
746 1118.59 947.577
747 1108.6 990.19
748 1357.63 154.234
749 376.341 339.757
750 1064.35 1384.47
751 837.922 182.355
752 94.9837 1337.38
753 45.4352 1355.08
754 370.81 842.986
755 835.377 264.409
756 1159.57 1476.03
757 970.121 491.726
758 93.3762 957.827
759 578.318 1003.84
760 572.381 1337.58
761 1020.15 926.339
762 533.718 846.163
763 979.622 445.936
764 343.388 1210.72
765 705.87 592.606
766 1465.94 765.779
767 140.466 390.44
768 717.744 1173.18
769 1343.19 1256.29
770 1361.4 1321.92
771 304.572 1348.31
772 1292.56 1481.78
773 804.217 460.981
774 1233.03 1241.75
775 829.7 1131.29
776 1128.66 1011.58
777 1327.61 1376.45
778 626.637 1393.74
779 1325.09 1422.26
780 874.426 432.642
781 833.156 1208.84
782 820.824 875.902
783 1042.96 792.208
784 21.4174 1045.07
785 1174.87 1415.4
786 185.952 1101.14
787 669.85 729.162
788 1353.37 688.383
789 650.465 178.205
790 1010.45 49.7849
791 752.919 1265.42
792 855.468 900.95
793 371.474 69.5716
794 402.439 226.146
795 519.41 988.899
796 1056.21 416.623
797 205.191 291.391
798 23.2613 900.619
799 729.764 1420.12
800 1258.03 966.384
801 662.431 452.565
802 24.5851 1087.18
803 771.925 1434.26
804 1478.37 376.672
805 294.314 499.102
806 724.41 395.736
807 1011.59 698.18
808 641.805 92.8187
809 1517.22 87.0506
810 326.228 273.297
811 675.003 1167.84
812 1083.99 517.328
813 1208.31 892.298
814 376.684 1290.43
815 1435.54 963.169
816 711.949 1220.27
817 53.3425 374.072
818 414.857 561.439
819 77.4168 478.133
820 925.393 41.8518
821 34.4769 633.88
822 624.084 820.055
823 1127.48 912.344
824 1246.75 153.704
825 789.844 51.9223
826 456.905 1410.91
827 937.166 182.497
828 1494.4 536.05
829 110.964 892.723
830 1111.58 1394.45
831 35.9794 979.566
832 521.48 788.247
833 1278.37 909.886
834 529.289 858.541
835 697.603 469.33
836 20.6137 875.845
837 688.499 932.968
838 1366.7 875.088
839 1090.97 1212.14
840 1163.49 706.028
841 386.317 538.046
842 720.914 850.196
843 1430.18 396.057
844 1265.34 1034.76
845 101.36 1013.96
846 1360.48 59.2978
847 339.464 130.642
848 462.153 524.76
849 918.804 1494.78
850 1538.01 191.007
851 1003.3 1235.88
852 1258.98 56.1301
853 349.811 156.314
854 135.124 526.452
855 1200.79 498.605
856 1451.04 82.9043
857 1143.12 177.675
858 1048.18 1165.45
859 1116.4 470.815
860 410.336 204.539
861 883.882 637.464
862 1353.41 1448.45
863 48.5083 1323.67
864 1138.01 988.237
865 508.611 1347.75
866 880.15 474.776
867 914.425 1353.69
868 272.49 488.214
869 5.10614 574.11
870 767.569 1392.94
871 814.669 903.749
872 1058.96 570.304
873 551.382 166.375
874 1443.47 728.013
875 362.489 434.788
876 1502.72 1515.06
877 1118.91 1239.48
878 540.224 1539.31
879 1376.31 1493.73
880 1202.79 1297.2
881 506.076 1243.25
882 1157.84 1209.73
883 541.272 328.448
884 377.874 729.658
885 1183.06 4.11328
886 1074.37 301.451
887 392.133 182.639
888 264.39 807.574
889 350.432 104.629
890 681.575 1274.5
891 339.494 1071.49
892 1292.89 375.453
893 1256.3 1407.26
894 548.106 1139.33
895 775.519 211.905
896 893.622 278.436
897 1546.04 888.762
898 252.659 1105.67
899 225.521 676.54
900 1048.66 546.679
901 297.669 576.994
902 245.904 904.638
903 450.475 1402.54
904 285.376 601.92
905 616.614 1543.62
906 925.961 645.974
907 204.955 1021.51
908 696.373 928.618
909 542.007 609.144
910 388.543 1532.79
911 55.6684 254.929
912 622.196 1382.3
913 55.2692 1503.91
914 561.013 222.552
915 1127.04 1340.94
916 439.982 1394.17
917 231.242 569.76
918 1236.35 1495.39
919 473.55 1009.53
920 129.181 495.39
921 845.444 173.136
922 737.395 1196.07
923 1152.71 1024.11
924 1547.49 209.635
925 1196.07 169.306
926 655.477 1391.95
927 193.513 1069.84
928 1195.54 583.103
929 78.7197 238.287
930 1346.13 480.271
931 148.551 611.366
932 1037.38 82.7384
933 122.834 100.052
934 60.1507 1537.03
935 1229.48 1418.52
936 160.317 1020.42
937 1305.21 1060.2
938 739.257 1013.57
939 260.417 1394.03
940 482.436 401.376
941 475.82 1141.32
942 283.107 1181.31
943 107.572 388.067
944 285.003 406.647
945 1357.62 1400.74
946 888.857 966.867
947 1535.53 665.808
948 1440.45 976.218
949 592.081 131.625
950 1315.49 1429.62
951 181.079 155.312
952 1130.11 1531.99
953 1273.37 589.901
954 352.938 473.642
955 1299.24 458.38
956 1319.13 909.139
957 1401.16 105.243
958 366.129 237.682
959 352.231 787.977
960 1185.84 141.27
961 1400.73 453.558
962 443.809 871.93
963 90.7758 1207.08
964 241.74 1359.2
965 1294.88 733.818
966 88.1282 947.577
967 309.728 803.565
968 591.805 809.654
969 426.78 669.529
970 1149.35 14.6565
971 1461.02 1498.23
972 715.334 546.476
973 1364.15 1228.12
974 981.277 193.702
975 1190.91 795.849
976 718.341 1485.74
977 40.0927 1288.73
978 255.073 151.492
979 1149.78 1084.53
980 627.66 965.07
981 61.1331 831.592
982 1332.75 1054.25
983 426.552 918.16
984 341.841 106.057
985 214.091 443.535
986 850.03 730.33
987 1494.12 689.045
988 379.19 18.6851
989 548.201 932.4
990 461.587 1322.12
991 618.363 383.67
992 255.307 1347.26
993 961.185 689.055
994 508.628 140.797
995 90.0698 597.537
996 1546.38 329.734
997 674.033 1094.19
998 941.846 512.931
999 586.119 89.6411
1000 313.056 1052.39
1001 851.961 1338.34
1002 1108.41 1169.59
1003 1153.58 408.265
1004 575.475 263.543
1005 1095.48 1307.74
1006 515.484 1291.77
1007 263.675 1449.6
1008 697.555 519.833
1009 846.346 619.144
1010 928.093 1155.94
1011 1460.36 1067.85
1012 1496.45 974.432
1013 853.721 312.467
1014 611.129 1255.6
1015 809.571 1420.03
1016 1196.63 1228.24
1017 531.606 1216.36
1018 873.653 783.84
1019 1331.24 176.351
1020 1263.21 1312.62
1021 985.157 1469.46
1022 636.627 465.094
1023 1539.72 1350.34
1024 618.224 1469.2
1025 1237.72 1108.6
1026 159.257 862.172
1027 1177.02 487.722
1028 246.56 924.968
1029 1311.18 954.423
1030 322.018 1509.81
1031 1518.39 258.059
1032 238.05 330.055
1033 1115.83 1280.28
1034 877.216 64.924
1035 1154.18 324.524
1036 1274.79 1411.57
1037 138.852 199.139
1038 224.292 1312.1
1039 818.637 978.062
1040 584.511 336.921
1041 1431 622.344
1042 1382.77 1276.77
1043 330.617 22.4201
1044 919.625 534.49
1045 798.969 222.968
1046 811.262 418.902
1047 926.339 289.169
1048 706.067 1375.11
1049 230.394 1446.05
1050 1422.65 194.27
1051 1501.63 123.304
1052 1084.58 234.599
1053 1195.54 1307.74
1054 1071.44 1481.4
1055 1413.46 87.3717
1056 822.23 1526.37
1057 595.472 1026.15
1058 580.64 951.349
1059 1423.67 554.205
1060 329.888 1492.51
1061 515.656 712.306
1062 197.061 492.317
1063 675.194 1527.66
1064 607.063 683.183
1065 1476.95 579.972
1066 1325.99 350.196
1067 1255.02 68.4699
1068 1307.6 232.235
1069 322.975 1321.4
1070 997.146 1040.42
1071 1241.28 1266.51
1072 1234.62 350.196
1073 1482.77 1412.33
1074 560.917 1177.33
1075 955.172 124.921
1076 1441.65 1234.83
1077 232.329 457.094
1078 1395.08 781.533
1079 593.979 520.552
1080 1190.68 381.826
1081 1119.99 489.291
1082 1379.73 486.738
1083 191.007 235.875
1084 484.509 304.525
1085 335.02 1433.18
1086 823.36 1022.6
1087 412.179 197.296
1088 802.42 495.684
1089 393.166 46.5797
1090 452.803 635.904
1091 1075.27 58.957
1092 1128.65 439.033
1093 1320.41 164.588
1094 996.088 1178.58
1095 268.179 537.715
1096 472.319 185.098
1097 1049.64 382.488
1098 1045.81 291.097
1099 1262.12 818.212
1100 622.622 1097.44
1101 621.2 1362.06
1102 628.105 981.065
1103 314.03 427.403
1104 1448.47 930.178
1105 735.656 1518.04
1106 880.546 116.647
1107 363.332 1447.07
1108 994.61 98.4823
1109 1315.14 450.201
1110 1008.97 1270.78
1111 1528.26 824.146
1112 233.287 643.515
1113 1383.42 709.139
1114 631.932 225.862
1115 577.372 120.586
1116 82.9313 775.103
1117 46.6381 684.233
1118 413.881 1089.18
1119 1549.19 992.161
1120 896.884 223.545
1121 584.842 50.0685
1122 1144.11 1390.69
1123 454.352 749.194
1124 33.5313 431.8
1125 801.806 582.677
1126 1188.61 902.567
1127 250.295 607.347
1128 726.868 772.635
1129 685.641 1003.65
1130 1441.03 49.7947
1131 709.328 949.458
1132 437.048 476.677
1133 429.058 1046.64
1134 552.645 383.433
1135 117.299 1313.7
1136 0.378233 1222.32
1137 671.082 775.623
1138 155.918 1003.27
1139 860.84 754.101
1140 1220.86 1003.41
1141 1325.4 1323.11
1142 1358.59 1328.45
1143 1346.41 848.565
1144 369.013 1347.45
1145 1410.36 1482.72
1146 1151.86 806.345
1147 692.071 814.676
1148 209.777 353.232
1149 1259.23 200.946
1150 1313.79 653.454
1151 231.904 37.6814
1152 599.499 378.81
1153 345.167 1040.24
1154 267.269 213.512
1155 362.914 1020.15
1156 1528.49 471.94
1157 657.888 1033.28
1158 525.935 1071.12
1159 684.27 1531.09
1160 1041.61 1251.05
1161 144.485 1411.67
1162 649.945 1358.9
1163 1274.27 827.299
1164 1478.22 1078.91
1165 1115.9 863.704
1166 129.261 515.011
1167 751.427 1358.72
1168 681.811 1074.11
1169 252.085 1455.31
1170 207.981 933.393
1171 516.808 87.0408
1172 724.696 367.099
1173 1450.76 932.448
1174 338.719 806.77
1175 1261.78 620.784
1176 630.656 620.065
1177 307.081 326.533
1178 1068.04 1053.19
1179 808.283 162.413
1180 593.116 915.512
1181 1286.96 335.965
1182 463.62 1436.91
1183 672.291 295.4
1184 394.934 816.094
1185 419.934 1500.98
1186 419.933 942.107
1187 486.93 1511.1
1188 1192.19 134.046
1189 773.533 1060.38
1190 1114.23 1362.56
1191 58.8152 636.234
1192 395.303 1070.08
1193 542.669 406.846
1194 310.077 882.18
1195 1229.3 1006.11
1196 1010.97 6.66635
1197 304.099 728.003
1198 639.632 857.274
1199 617.512 593.447
1200 1034.56 773.084
1201 659.307 972.2
1202 544.28 347.951
1203 1252.07 90.1139
1204 97.3476 551.179
1205 160.514 1181.39
1206 1042.36 801.569
1207 1373.32 620.548
1208 1104.99 1178.19
1209 4.91702 1231.19
1210 786.109 1221.08
1211 975.651 651.411
1212 38.2408 727.54
1213 538.084 662.862
1214 1237.72 148.882
1215 1258.96 366.555
1216 1352.61 785.447
1217 561.12 1411.8
1218 1277.43 896.705
1219 1509.1 1371.75
1220 563.188 647.298
1221 697.839 442.579
1222 1183.3 24.9875
1223 789.014 64.4985
1224 1052.41 145.761
1225 766.394 1299.13
1226 407.17 1412.79
1227 1400.88 1203.42
1228 1128.65 541.147
1229 412.786 1253.28
1230 260.425 956.163
1231 999.338 1432.7
1232 454.467 70.9757
1233 514.721 700.487
1234 1180.48 500.969
1235 1323.25 1290.01
1236 1081.57 1472.46
1237 592.522 1403.49
1238 414.401 10.1891
1239 1299.65 377.996
1240 933.856 323.436
1241 1240.22 254.891
1242 293.757 795.433
1243 878.54 648.385
1244 142.077 800.435
1245 1128.55 299.665
1246 813.011 955.96
1247 256.3 629.426
1248 1520.18 60.527
1249 277.805 1384.34
1250 1213.7 621.73
1251 304.43 1030.74
1252 443.95 1268.32
1253 1363.34 557.714
1254 22.694 29.6351
1255 327.077 359.416
1256 361.168 170.11
1257 319.476 1064.92
1258 836.556 1482.97
1259 1446.63 962.47
1260 1280.93 83.5047
1261 389.343 365.572
1262 224.528 508.723
1263 747.246 234.504
1264 1371.42 1297.43
1265 446.506 369.486
1266 1244.39 1477.47
1267 1515.95 30.6467
1268 683.524 280.27
1269 1463.68 13.0017
1270 833.551 1020.2
1271 805.571 106.435
1272 906.009 1413.93
1273 1103.97 1508.54
1274 133.469 571.661
1275 181.6 967.046
1276 213.891 1373.75
1277 1462.11 1497.68
1278 1434.92 790.8
1279 924.353 963.746
1280 1389.77 69.1934
1281 273.134 974.304
1282 1115.36 1032.1
1283 484.61 882.417
1284 627.867 1148.83
1285 603.754 192.511
1286 1509.38 109.603
1287 854.758 701.149
1288 978.204 259.808
1289 985.205 768.332
1290 285.851 145.903
1291 1005.16 868.186
1292 1312.13 1386.94
1293 1478.35 1023.17
1294 1226.09 832.443
1295 1399.18 1182.36
1296 1482.75 395.878
1297 1136.68 270.909
1298 685.586 658.891
1299 307.837 649.52
1300 539.845 227.564
1301 1389.19 1265.99
1302 1032.76 173.231
1303 215.784 668.63
1304 797.811 129.592
1305 1013.91 1018.21
1306 210.297 1521.12
1307 1187.76 913.725
1308 938.253 1382.12
1309 886.955 679.552
1310 862.325 434.967
1311 1410 1101.04
1312 851.402 608.576
1313 1319.89 519.361
1314 1349.49 1030.36
1315 1476.76 490.095
1316 1546.51 1510.38
1317 918.351 191.528
1318 1171.58 861.86
1319 228.454 453.028
1320 944.771 1330.82
1321 1375.82 1449.72
1322 1129.76 753.628
1323 1154.75 453.406
1324 1058.15 1102.89
1325 59.1014 175.808
1326 1269.25 597.05
1327 1081.78 165.382
1328 469.387 1369.06
1329 189.687 1351.8
1330 687.059 1243.2
1331 923.88 927.862
1332 453.454 591.438
1333 1280.71 1535.73
1334 532.788 1086.76
1335 514.626 1297.68
1336 685.972 259.278
1337 1042.65 1416.25
1338 357.488 1496.25
1339 145.383 1256.5
1340 534.862 549.09
1341 155.548 721.063
1342 155.95 1539.03
1343 922.465 1051.91
1344 1409.48 692.828
1345 6.28812 344.627
1346 550.045 85.4904
1347 859.489 208.321
1348 937.544 1215.93
1349 153.421 83.1166
1350 1053.61 1330.3
1351 42.8348 210.439
1352 1218.52 646.74
1353 826.722 1359.7
1354 729.055 1118.06
1355 1347.35 783.745
1356 686.634 656.801
1357 915.937 916.373
1358 640.967 15.7912
1359 1294.73 551.52
1360 109.634 1379.7
1361 650.848 411.233
1362 1114.89 1427.05
1363 885.821 414.567
1364 567.871 1258.59
1365 1262.51 298.01
1366 270.294 392.379
1367 653.822 1265.19
1368 1472.97 651.647
1369 654.815 1341.54
1370 67.3254 520.117
1371 1311.14 1086.43
1372 922.654 214.529
1373 769.183 1419.14
1374 257.884 1495.57
1375 711.693 37.8233
1376 1088.22 49.5485
1377 365.704 1243.54
1378 297.574 1388.22
1379 329.538 1233.63
1380 352.513 85.4333
1381 828.615 178.644
1382 1296.11 1159.21
1383 648.007 1508.97
1384 404.361 929.128
1385 1188.27 918.774
1386 1435.35 258.626
1387 389.052 141.942
1388 883.639 130.679
1389 728.901 1458.71
1390 510.567 322.609
1391 543.047 1534.55
1392 785.062 645.359
1393 430.429 1500.84
1394 640.395 739.265
1395 909.405 927.095
1396 1492.22 520.978
1397 1199.75 109.697
1398 683.373 1201.51
1399 477.377 117.488
1400 856.602 1265.83
1401 1370.4 173.902
1402 113.727 701.48
1403 66.7225 1157.07
1404 1012.95 1120.19
1405 66.4008 128.42
1406 889 1168.87
1407 1070.82 1409.25
1408 1438.61 1375.55
1409 750.32 1332.76
1410 105.775 995.177
1411 629.757 1468.02
1412 77.3486 153.137
1413 486.949 752.872
1414 78.5305 834.722
1415 54.2764 984.35
1416 578.046 363.529
1417 983.466 802.383
1418 375.029 526.642
1419 74.515 149.095
1420 1470.71 74.4271
1421 1241.6 1150.88
1422 123.02 1533.51
1423 606.354 794.204
1424 445.721 1403.67
1425 1536.71 521.252
1426 381.542 459.08
1427 1212.15 831.743
1428 317.19 444.102
1429 127.409 382.781
1430 260.756 896.175
1431 25.3889 1427.02
1432 154.831 512.799
1433 503.238 995.934
1434 232.332 722.519
1435 1297.15 401.173
1436 236.726 396.624
1437 628.643 1513.26
1438 1066.85 895.607
1439 480.86 288.015
1440 1461.68 1397.71
1441 1049.31 759.198
1442 1429.44 846.367
1443 736.185 1055.55
1444 1393.03 1339.94
1445 60.6708 852.725
1446 324.24 614.874
1447 1050.22 1501.07
1448 1172.84 1137.54
1449 1165.76 1009.88
1450 830.261 1102.31
1451 636.613 1313.47
1452 778.737 1283.06
1453 615.621 1451.48
1454 167.179 776.275
1455 104.141 1272.86
1456 1286.94 205.569
1457 1326.75 1506.17
1458 690.193 902.605
1459 42.362 108.789
1460 1041.94 63.3067
1461 486.608 160.38
1462 1156.26 109.971
1463 565.272 901.139
1464 1143.16 42.1355
1465 632.878 427.686
1466 904.921 367.548
1467 1239.81 219.375
1468 1063.07 470.9
1469 491.844 426.126
1470 1169.64 432.708
1471 478.228 644.508
1472 154.035 23.4745
1473 920.571 55.8366
1474 223.785 405.333
1475 709.233 298.119
1476 1035.33 401.22
1477 1213.04 957.07
1478 136.4 332.949
1479 1330.28 1210.39
1480 1281.4 859.486
1481 1362.54 122.415
1482 1287.98 333.176
1483 1103.59 1451.23
1484 358.754 548.295
1485 1096.07 714.018
1486 925.819 229.256
1487 1316.15 448.489
1488 1494.79 242.977
1489 884.639 1124.5
1490 976.36 1370.34
1491 1484.17 185.003
1492 146.132 1066.99
1493 1465.93 1453.83
1494 323.105 874.153
1495 244.811 724.646
1496 967.19 140.466
1497 1032.48 1005.01
1498 104.801 177.864
1499 273.604 969.278
1500 861.85 126.387
1501 83.9242 547.421
1502 432.145 1258.19
1503 765.545 171.15
1504 1191.2 900.477
1505 930.738 23.1766
1506 243.574 804.889
1507 1405.23 134.083
1508 603.281 554.773
1509 598.837 1065.2
1510 596.851 205.248
1511 918.815 488.393
1512 907.947 1131.96
1513 769.308 46.1542
1514 326.805 827.866
1515 103.072 362.252
1516 1163.77 214.089
1517 528.77 846.343
1518 191.945 1161.13
1519 589.695 1181.27
1520 1028.23 646.21
1521 1349.49 952.815
1522 662.947 1011.3
1523 1295.4 910.879
1524 1386.27 1503.95
1525 108.127 627.015
1526 544.998 281.547
1527 430.712 878.823
1528 835.007 600.066
1529 0.567349 813.389
1530 1479.88 121.375
1531 1546.26 1185.95
1532 73.993 724.174
1533 212.047 318.235
1534 1407.21 1265.28
1535 848.936 1282.44
1536 1177.06 1144.63
1537 10.2123 753.534
1538 1356.86 21.8055
1539 331.568 406.766
1540 202.877 1290.54
1541 1122.28 504.231
1542 325.937 507.314
1543 888.09 362.829
1544 1247.6 88.3271
1545 870.419 240.897
1546 923.077 1479.48
1547 584.465 1199.83
1548 531.145 971.784
1549 958.63 1111.63
1550 618.506 1360.03
1551 210.195 1205.82
1552 696.178 234.23
1553 545.648 1008.08
1554 176.304 268.923
1555 1210.96 631.554
1556 562.198 1500.59
1557 257.033 377.013
1558 824.169 377.996
1559 1499.94 1506.88
1560 662.344 1245.86
1561 891.44 76.4128
1562 343.648 71.6278
1563 221.644 1538.74
1564 934.755 1280.55
1565 391.823 1181.61
1566 1127.81 818.022
1567 707.862 759.444
1568 1023.94 982.601
1569 774.526 1348.73
1570 1262.69 1208.03
1571 1200.6 488.251
1572 975.965 341.686
1573 666.44 100.657
1574 59.1855 1523.91
1575 358.245 896.317
1576 279.136 471.703
1577 1161.69 460.744
1578 698.359 1509.63
1579 1011.68 1131.1
1580 893.531 340.764
1581 505.224 628.741
1582 562.538 1328.22
1583 259.026 165.808
1584 883.646 878.8
1585 1410.43 1545.67
1586 1510.86 232.765
1587 399.508 12.0562
1588 1146.2 366.507
1589 1019.66 579.5
1590 1492.93 1172.53
1591 1477 594.166
1592 865.727 936.74
1593 799.631 582.856
1594 1028.04 988.795
1595 901.255 632.585
1596 1463.05 1332.19
1597 1444.14 1193.95
1598 72.1215 1241.74
1599 626.251 839.308
1600 1095.43 137.015
1601 12.7181 927.909
1602 350.48 1381.64
1603 545.459 1354.73
1604 1225.9 45.3505
1605 1493.64 1309.26
1606 1132.24 924.968
1607 1473.84 295.305
1608 827.67 1069.5
1609 1219.94 1392.89
1610 647.12 216.17
1611 1306.75 266.758
1612 847.065 1538.19
1613 1522.34 1216.87
1614 1404.26 146.14
1615 582.525 1272.94
1616 1275.26 1358.49
1617 672.122 981.608
1618 76.403 509.81
1619 1410.65 462.494
1620 927.899 955.331
1621 208.04 986.677
1622 857.787 918.396
1623 834.468 719.455
1624 1295.35 432.793
1625 1132 600.643
1626 700.066 141.175
1627 1496.84 1383.48
1628 1460.12 1144.21
1629 795.99 1465.46
1630 658.93 1437.58
1631 1405.89 321.035
1632 981.041 662.569
1633 128.979 663.373
1634 806.486 527.351
1635 1543.73 1123.49
1636 1256.82 217.767
1637 1410.81 2.78947
1638 816.155 816.746
1639 490.143 680.639
1640 1442.46 858.125
1641 433.532 31.1667
1642 731.124 492.932
1643 1328.49 1145.53
1644 977.069 602.17
1645 640.962 1140
1646 574.529 1524.29
1647 659.346 281.415
1648 904.969 305.48
1649 762.065 528.391
1650 452.981 371.85
1651 158.73 1105.1
1652 1224.58 277.008
1653 1218.62 1058.44
1654 462.909 1220.76
1655 1457.76 731.559
1656 742.671 1146.05
1657 283.28 1427.22
1658 391.501 640.83
1659 756.796 1244.48
1660 982.743 1037.03
1661 215.122 110.113
1662 1278.37 662.38
1663 698.927 101.934
1664 190.96 1342.5
1665 715.401 23.6021
1666 460.899 515.484
1667 896.594 1101.56
1668 1362.16 838.66
1669 819.973 287.693
1670 1016.41 971.632
1671 13.6637 237.341
1672 245.57 1522.29
1673 67.2426 310.434
1674 684.045 709.659
1675 782.776 634.58
1676 884.347 360.881
1677 246.241 1113.47
1678 1068.17 1297.91
1679 148.409 185.996
1680 903.779 89.254
1681 15.8858 1447.79
1682 342.111 1498.42
1683 621.105 522.349
1684 870.739 549.298
1685 1379.49 1212
1686 320.875 1271.68
1687 811.682 984.729
1688 832.691 120.798
1689 1419.43 528.826
1690 1541.58 1233.75
1691 879.816 1493.51
1692 672.876 1055.33
1693 501.708 1320.17
1694 487.971 487.093
1695 132.949 1460.03
1696 926.2 439.884
1697 420.625 953.193
1698 386.223 1031.78
1699 478.559 1137.73
1700 201.503 1216.63
1701 25.6725 718.604
1702 1044.35 493.499
1703 752.257 29.4076
1704 1230.73 552.324
1705 1146.93 145.95
1706 1501.33 594.913
1707 808.141 463.24
1708 694.267 443.771
1709 1290.5 1080.76
1710 334.83 827.881
1711 639.78 375.018
1712 945.235 568.105
1713 897.216 99.3333
1714 247.868 600.917
1715 146.281 1240.09
1716 1454.21 1173.04
1717 123.918 63.2835
1718 822.088 844.924
1719 772.918 1002.88
1720 790.66 470.71
1721 153.61 1505.04
1722 1293.18 1040.76
1723 234.696 339.204
1724 1134.32 712.023
1725 1055.93 461.396
1726 1495.16 1110.35
1727 986.005 247.279
1728 499.77 48.6127
1729 1383.24 676.904
1730 1051.44 492.105
1731 1123.73 1120.29
1732 307.078 942.225
1733 198.572 776.143
1734 92.8561 779.122
1735 16.8313 1302.63
1736 1109.88 1059.57
1737 1103.17 317.763
1738 595.716 427.554
1739 1461.5 159.908
1740 783.225 433.171
1741 1480.31 437.152
1742 940.591 730.093
1743 1445.32 709.564
1744 122.547 159.955
1745 1323.51 510.992
1746 1428.58 292.573
1747 771.095 1508.2
1748 955.557 251.572
1749 185.733 846.92
1750 1092.38 342.183
1751 1366.13 583.991
1752 2.31667 961.903
1753 1169.07 622.902
1754 460.309 1465.79
1755 990.584 1224.68
1756 164.696 1036.65
1757 1064.71 635.336
1758 833.401 522.254
1759 512.073 10.8269
1760 882.18 1320.33
1761 704.364 331.531
1762 1091.64 860.81
1763 147.061 220.51
1764 1409.46 1230.31
1765 497.99 754.196
1766 241.788 303.603
1767 1473.94 912.874
1768 3.07314 1396.73
1769 1419.62 708.912
1770 393.374 273.178
1771 539.118 592.69
1772 1126.28 620.028
1773 0.330954 1200.85
1774 542.825 421.834
1775 360.873 936.325
1776 769.799 154.603
1777 873.292 286.842
1778 222.69 685.32
1779 1167.78 1405.1
1780 496.714 1399.94
1781 1377.81 558.98
1782 1054.67 1352.18
1783 866.562 878.209
1784 1172.45 344.391
1785 363.056 687.022
1786 1222.59 623.28
1787 549.254 1456.35
1788 571.32 1500.69
1789 929.971 311.569
1790 1455.27 1004.82
1791 1083.49 1194.37
1792 12.2926 86.5305
1793 45.7398 62.7019
1794 1310.15 702.53
1795 667.356 1032.02
1796 917.414 1175.7
1797 453.17 272.621
1798 1511.51 731.738
1799 1018.54 1527.92
1800 647.912 457.851
1801 1216.25 560.645
1802 817.204 708.912
1803 1275.64 1102.46
1804 1504.36 470.72
1805 933.62 309.82
1806 1224.01 1284.38
1807 755.047 883.457
1808 709.329 574.488
1809 1380.94 1011.16
1810 1357.2 1361.84
1811 532.741 205.569
1812 392.653 569.666
1813 834.712 1502.55
1814 1315.49 223.072
1815 334.263 1085.34
1816 1166.62 386.753
1817 826.336 75.94
1818 33.9464 457.071
1819 1265.96 480.214
1820 950.983 890.653
1821 1165.71 301.12
1822 1465.67 349.639
1823 352.324 1446.65
1824 1262.21 98.8374
1825 703.607 892.392
1826 1460.55 1545.7
1827 1294.41 1070.82
1828 1334.3 290.814
1829 1112.57 1510.38
1830 573.022 1330.53
1831 1129.05 577.372
1832 84.9605 1227.89
1833 375.823 306.156
1834 933.441 1099.47
1835 719.564 1116.13
1836 1466.79 1340.41
1837 66.8999 1058.11
1838 559.218 1161.14
1839 1184.68 55.941
1840 1330.73 11.1677
1841 612.02 223.914
1842 441.019 1100.81
1843 1113.97 1267.22
1844 738.546 939.256
1845 543.284 548.778
1846 968.845 83.4948
1847 1338.52 1068.84
1848 1348.02 330.954
1849 384.429 1143.54
1850 929.225 1181.46
1851 1403.51 762.044
1852 392.274 1333.13
1853 130.821 239.682
1854 821.098 1131.39
1855 455.439 579.509
1856 1252.03 1379.85
1857 1251.71 401.257
1858 844.898 1199.57
1859 966.236 964.399
1860 59.1461 742.684
1861 1142.64 424.463
1862 361.59 379.755
1863 522.871 26.9589
1864 1510.29 1216.75
1865 579.606 469.528
1866 1335.87 76.5921
1867 760.57 19.7725
1868 412.134 1480.12
1869 666.871 317.668
1870 1423.51 682.663
1871 324.015 1262.79
1872 1322.96 1311.91
1873 1493.78 1267.36
1874 782.159 571.604
1875 811.403 909.366
1876 751.805 404.142
1877 1063.12 887.485
1878 131.389 1514.31
1879 240.566 377.24
1880 125.951 1515.2
1881 838.639 812.217
1882 1168.03 658.574
1883 1464.49 1155.89
1884 383.244 388.266
1885 782.462 1186.47
1886 262.078 132.675
1887 1015.7 826.037
1888 1258.29 975.745
1889 323.909 1518.37
1890 74.1361 1046.05
1891 514.16 350.338
1892 712.59 561.685
1893 981.514 213.064
1894 391.246 517.905
1895 945.744 253.652
1896 480.45 1525.46
1897 1494.49 744.976
1898 1345.52 278.095
1899 858.864 84.4877
1900 201.497 128.552
1901 434.684 1305.86
1902 95.2883 1144.02
1903 563.192 1499.28
1904 433.05 1359.32
1905 1547.87 1434.09
1906 275.684 339.795
1907 761.469 1209.54
1908 1149.31 1091.72
1909 418.185 316.401
1910 93.6151 1067.61
1911 1401.92 37.3603
1912 452.928 259.42
1913 1047.85 1381.13
1914 838.733 1126.95
1915 393.364 443.677
1916 1391.71 182.46
1917 720.911 1149.73
1918 260.697 235.402
1919 600.113 488.44
1920 1327.64 428.5
1921 99.0522 336.59
1922 803.709 565.326
1923 527.741 1005.48
1924 1537.09 999.101
1925 1533.71 755.283
1926 1267.57 1442.34
1927 1548.82 235.213
1928 602.528 1430.31
1929 591.453 987.329
1930 739.56 625.549
1931 239.421 995.035
1932 1254.14 1541.92
1933 972.241 270.115
1934 765.685 1236.25
1935 163.349 857.784
1936 1055.22 108.269
1937 44.6708 309.262
1938 503.286 266.465
1939 682.426 934.518
1940 522.907 123.408
1941 814.287 976.795
1942 418.845 569.581
1943 960.422 1353.33
1944 1009.74 440.887
1945 1474.49 1442.91
1946 712.469 1313.65
1947 1434.35 1299.85
1948 1164.39 1350.91
1949 347.984 1117.12
1950 1370.81 194.884
1951 1324.27 477.802
1952 924.968 857.028
1953 794.206 717.99
1954 1117.58 776.521
1955 123.136 1477.99
1956 586.12 604.851
1957 1173.47 513.924
1958 908.562 1036.07
1959 798.119 378.337
1960 944.619 1084.83
1961 355.814 1003.79
1962 1374.83 275.732
1963 597.135 126.566
1964 371.33 983.415
1965 796.324 1370.24
1966 69.2756 503.9
1967 41.1629 1258.3
1968 782.121 846.163
1969 573.498 1346.46
1970 637.818 1263.72
1971 1540.48 576.484
1972 1468.16 160.985
1973 1415.58 894.213
1974 1168.27 1069.31
1975 933.281 1035.23
1976 1498.6 677.188
1977 373.977 1234.02
1978 774.242 1399.52
1979 34.3719 1413.79
1980 1406.55 510.482
1981 689.045 343.729
1982 961.278 555.303
1983 871.818 1125.96
1984 1520.19 480.355
1985 978.953 358.423
1986 1174.54 1196.02
1987 1077.4 82.7152
1988 1486.93 871.968
1989 428.967 508.936
1990 686.445 242.41
1991 1387.83 406.033
1992 974.185 841.709
1993 813.673 573.363
1994 1246.89 360.749
1995 180.89 225.616
1996 630.904 578.412
1997 163.396 1421.79
1998 441.87 356.636
1999 167.462 32.7742
2000 424.897 1119.76
2001 3.97144 851.52
2002 1279.61 1490.44
2003 139.163 151.303
2004 833.577 1169.54
2005 405.182 1318.19
2006 851.442 11.1204
2007 1495.15 1285.94
2008 407.073 32.7644
2009 477.125 1276.69
2010 270.342 261.085
2011 635.773 1294.03
2012 408.964 318.992
2013 293.792 915.843
2014 892.014 855.515
2015 787.199 1389.08
2016 635.859 947.709
2017 793.059 1100.95
2018 1150.77 842.608
2019 122.256 1056.98
2020 675.665 217.021
2021 1227.55 1098.1
2022 97.8978 43.875
2023 1165.33 322.69
2024 288.166 546.13
2025 876.067 742.934
2026 454.777 141.412
2027 1355.4 1257.06
2028 401.73 739.455
2029 460.643 1064.49
2030 1245.71 227.176
2031 1447.07 642.995
2032 768.098 1005.11
2033 118.292 1382.45
2034 1459.76 1163.25
2035 624.509 741.809
2036 1361.64 733.984
2037 15.0347 286.237
2038 867.524 1463.62
2039 892.156 171.113
2040 1426.74 804.132
2041 1469.15 1021.9
2042 607.536 551.567
2043 1001.85 742.528
2044 1007.83 724.646
2045 146.671 117.252
2046 1360.73 563.955
2047 639.544 794.241
2048 1086.18 431.658
2049 414.07 1129.97
2050 1219.99 938.395
2051 392.369 1427.59
2052 464.848 833.649
2053 1382.07 660.536
2054 409.815 489.338
2055 928.845 467.269
2056 977.495 565.576
2057 616.087 273.415
2058 36.7831 1313.93
2059 20.5664 388.539
2060 512.877 93.3387
2061 789.939 771.415
2062 1293.41 435.166
2063 131.247 1092.49
2064 579.937 295.258
2065 652.53 871.297
2066 302.163 244.338
2067 982.412 14.8456
2068 1496.57 155.856
2069 1164.48 287.372
2070 132.289 781.381
2071 1067.7 1165.53
2072 597.324 1194.94
2073 323.57 1097.92
2074 1148.37 843.232
2075 1041.94 24.1694
2076 585.599 79.6751
2077 551.135 165.926
2078 533.686 786.072
2079 284.904 1159.91
2080 245.047 1173.56
2081 569.713 1263.5
2082 242.337 934.14
2083 1112.48 117.914
2084 972.144 1262.27
2085 1257.39 770.885
2086 237.105 1160.49
2087 1461.3 1255.26
2088 1473.65 894.946
2089 525.98 975.793
2090 1483.76 317.111
2091 888.376 770.412
2092 305.423 411.281
2093 1140.05 1367.36
2094 791.965 1263.21
2095 1005.39 14.5861
2096 184.589 97.3003
2097 1165.24 348.683
2098 637.692 29.1712
2099 1520.16 1067.15
2100 1446.18 826.958
2101 730.786 690.663
2102 277.292 648.206
2103 119.143 1113.61
2104 833.577 163.349
2105 449.766 1286.19
2106 264.479 593.693
2107 1153.58 246.324
2108 792.513 903.929
2109 885.915 461.737
2110 189.819 408.113
2111 150.442 215.356
2112 258.617 1511.1
2113 339.314 1477.14
2114 1270.72 715.72
2115 1401.73 378.999
2116 639.118 257.161
2117 63.3067 397.759
2118 1052.58 1519.88
2119 119.569 599.782
2120 1343.43 1107.8
2121 1200.13 941.988
2122 199.255 32.8117
2123 1048.88 578.895
2124 1198.76 1184.44
2125 489.661 856.517
2126 671.913 1275.26
2127 873.765 1068.18
2128 1306.23 630.797
2129 648.953 1246.23
2130 562.905 272.337
2131 1062.83 1182.36
2132 197.997 1370.3
2133 518.616 247.705
2134 1281.22 1526.31
2135 588.104 1329.07
2136 827.998 1423.77
2137 364.023 790.506
2138 901.328 903.04
2139 1342.91 1380.01
2140 108.836 864.592
2141 1504.28 1421.98
2142 1183.45 1429.86
2143 536.57 1126
2144 81.4841 1160.61
2145 1052.09 1328.93
2146 71.914 476.11
2147 1436.15 130.264
2148 102.04 1125.72
2149 873.256 1324.25
2150 905.962 46.1444
2151 711.645 1032.2
2152 350.585 1132.1
2153 1008.47 1142.95
2154 1203.35 756.522
2155 43.8766 992.223
2156 1352.61 230.627
2157 274.739 339.474
2158 763.654 271.713
2159 857.72 296.392
2160 288.97 237.932
2161 947.945 597.428
2162 305.775 1313.22
2163 996.807 1019.05
2164 1280.15 997.816
2165 1179.75 729.431
2166 404.522 1040.01
2167 1329.95 801.437
2168 1405.32 1194.17
2169 1065.24 667.921
2170 1373.88 583.008
2171 1497.75 1381.97
2172 800.813 790.563
2173 508.138 1315.98
2174 746.347 72.6778
2175 731.975 1498.32
2176 955.153 508.78
2177 673.996 159.388
2178 126.379 1466.37
2179 36.7279 1463.2
2180 1316.01 109.404
2181 224.057 511.654
2182 725.291 650.806
2183 317.056 110.586
2184 812.113 1413.21
2185 963.122 1330.29
2186 1277.62 854.121
2187 206.279 1320.42
2188 1433.5 805.399
2189 1232.19 313.649
2190 425.133 1536.34
2191 58.0324 637.133
2192 1546.73 440.121
2193 1063.12 1080.99
2194 1002.84 624.131
2195 851.432 1220
2196 1499.46 872.677
2197 439.262 169.836
2198 844.262 66.7206
2199 295.683 1242.41
2200 1109.58 1248.56
2201 195.215 433.984
2202 569.658 102.265
2203 349.96 975.283
2204 1405.95 491.287
2205 1003.12 1549.08
2206 257.955 380.181
2207 351.189 665.037
2208 537.421 852.735
2209 65.1978 866.436
2210 545.553 293.282
2211 814.287 1068
2212 913.904 1506.55
2213 1280.09 700.449
2214 1060.61 1228.36
2215 32.7171 1207.9
2216 1237.29 681.774
2217 788.474 675.013
2218 221.266 272.044
2219 668.282 1165.48
2220 740.506 153.562
2221 291.334 205.191
2222 1073.19 1000.1
2223 4.49151 1075.88
2224 524.656 1474.19
2225 43.1395 46.2389
2226 647.877 1038.34
2227 441.116 722.377
2228 598.884 650.655
2229 1484.23 1369.21
2230 475.817 1021.75
2231 1258.05 324.996
2232 298.928 1212.8
2233 629.533 323.115
2234 897.748 899.305
2235 166.045 1211.48
2236 1038.06 1191.3
2237 63.2711 200.841
2238 92.0641 561.439
2239 708.915 691.267
2240 251.808 1069.22
2241 206.042 2.83674
2242 228.001 732.778
2243 1374.2 506.274
2244 1444.75 267.988
2245 1409.18 885.348
2246 18.0133 1340.47
2247 286.322 1303.16
2248 1057.4 210.345
2249 785.875 253.818
2250 1307.51 1366.8
2251 211.424 1011.26
2252 130.918 1294.23
2253 1030.73 304.288
2254 624.7 1399.79
2255 250.248 234.419
2256 1338.38 243.345
2257 1015.89 1360.55
2258 1023.01 999.584
2259 503.487 1419.66
2260 261.264 576.829
2261 677.757 1500.17
2262 885.595 691.135
2263 60.2335 63.1176
2264 760.089 376.588
2265 1079.81 1345.81
2266 1002.1 1390.68
2267 681.102 678.323
2268 784.503 955.898
2269 1310.76 764.55
2270 252.418 849.605
2271 820.597 945.213
2272 307.739 710.935
2273 653.113 184.152
2274 474.587 691.23
2275 966.384 866.352
2276 945.912 1147.79
2277 1328.65 565.505
2278 1153.36 85.386
2279 1513.31 804.879
2280 431.509 1104.97
2281 1396.79 367.595
2282 676.233 880.299
2283 116.448 792.35
2284 381.495 903.953
2285 1178.62 515.436
2286 1395.78 1310.01
2287 276.954 1459.03
2288 53.512 732.636
2289 202.149 958.593
2290 218.571 560.257
2291 1093.24 1282.87
2292 1024.56 945.392
2293 1063.34 1173.57
2294 330.528 426.703
2295 695.931 1292.8
2296 292.043 87.75
2297 1398.28 50.825
2298 1518.35 1034.48
2299 252.189 313.565
2300 1377.43 1190.26
2301 456.359 1159.95
2302 913.243 349.402
2303 982.547 765.269
2304 1446.69 861.009
2305 157.754 1198.09
2306 874.332 1216.37
2307 479.079 446.277
2308 1473.69 615.432
2309 1007.04 915.985
2310 97.8204 616.056
2311 743.333 1134.28
2312 589.365 381.599
2313 1542.51 157.213
2314 58.2964 621.871
2315 1178.95 498.899
2316 665.861 6.19356
2317 790.979 1059.91
2318 1047.04 47.3977
2319 467.933 104.544
2320 1177.49 678.266
2321 734.433 687.873
2322 400.028 398.241
2323 702.141 195.509
2324 1320.99 1421.26
2325 329.866 1223.02
2326 1366.55 28.462
2327 1216.69 1457.01
2328 15.8858 274.607
2329 1135.65 1011.56
2330 1.22926 662.002
2331 1017.62 1197.86
2332 1059.76 261.217
2333 836.509 214.694
2334 105.432 437.01
2335 1139.33 1306.68
2336 258.108 586.412
2337 941.563 1490.48
2338 1125.81 136.708
2339 1473.65 988.511
2340 874.571 800.492
2341 549.477 766.687
2342 572.646 940.712
2343 1252.91 578.98
2344 564.134 748.721
2345 1476.76 356.792
2346 1131.83 797.551
2347 310.813 691.041
2348 1051.2 155.028
2349 497.122 115.56
2350 1415.39 576.011
2351 32.9456 834.675
2352 195.404 1252.38
2353 628.918 67.0988
2354 1338.09 1085.54
2355 457.283 183.405
2356 1020.57 1233.38
2357 599.64 1075.22
2358 791.293 1326.89
2359 1208 401.872
2360 356.957 760.862
2361 677.89 998.77
2362 316.44 1168.98
2363 1432.89 198.619
2364 861.606 1306.57
2365 1174.81 797.513
2366 1313.91 1497.8
2367 182.414 242.873
2368 1011.72 381.542
2369 665.909 728.438
2370 1409.53 802.468
2371 1008.09 331.615
2372 269.207 425.711
2373 195.871 635.383
2374 1105.01 1320.29
2375 915.296 713.772
2376 1055.7 1405.54
2377 1158.1 279.608
2378 630.676 1221.13
2379 496.451 1521.5
2380 1185.62 1428.94
2381 932.518 24.2542
2382 1079.95 525.507
2383 353.697 1006.57
2384 418.656 437.767
2385 959.245 626.873
2386 1484.14 1339.75
2387 445.239 132.949
2388 1241.97 918.207
2389 443.102 1539.41
2390 1282.54 1329.54
2391 703.798 984.87
2392 1312.51 1171.73
2393 173.798 865.869
2394 224.72 913.053
2395 719.918 803.092
2396 819.488 634.958
2397 1000.95 954.044
2398 415.567 96.2129
2399 1088.03 817.952
2400 737.895 613.682
2401 1532.22 824.831
2402 765.023 1219.57
2403 622.051 1350.21
2404 687.317 543.01
2405 1499.93 1245.85
2406 1380.83 64.205
2407 394.118 180.379
2408 384.76 318.387
2409 1284.9 184.388
2410 989.031 1315.17
2411 1503.95 1308.07
2412 696.771 134.897
2413 1218.24 863.846
2414 2.9313 350.291
2415 578.223 428.49
2416 604.437 794.005
2417 461.113 402.345
2418 1225.62 46.4379
2419 376.013 1369.67
2420 559.926 664.47
2421 1200.75 1152.43
2422 945.723 1130.83
2423 361.782 854.924
2424 854.569 268.413
2425 1442.39 1037.63
2426 593.163 879.353
2427 888.374 995.045
2428 627.819 1148.28
2429 457.739 670.606
2430 1212.28 627.89
2431 1245.19 1080.8
2432 1517.51 403.206
2433 46.3544 1359.65
2434 851.356 564.867
2435 640.111 82.6537
2436 1053.52 1426.23
2437 914.956 321.592
2438 781.287 728.58
2439 657.285 1222.16
2440 1149.17 882.038
2441 763.131 512.42
2442 33.2004 100.336
2443 413.172 125.441
2444 979.729 1459.23
2445 1199.31 99.4752
2446 1099.17 1362.36
2447 103.033 355.312
2448 1150.44 29.7957
2449 1038.86 509.773
2450 1327.07 1021.89
2451 229.729 923.417
2452 697.851 960.853
2453 1548.48 768.19
2454 1324.62 806.345
2455 4.49151 1464.09
2456 1181.93 470.521
2457 849.371 191.811
2458 153.442 19.4317
2459 1249.68 408.217
2460 290.333 695.532
2461 136.119 478.001
2462 659.3 507.882
2463 1227.36 201.834
2464 1481.11 897.603
2465 1212.81 1439.55
2466 9.45581 1230.68
2467 152.373 168.172
2468 603.848 1490.86
2469 490.662 206.231
2470 755.341 1423.24
2471 1133.71 732.258
2472 355.019 1286.05
2473 1172.14 469.538
2474 1479.46 296.251
2475 1545.84 944.021
2476 1530.26 924.363
2477 1316.39 688.346
2478 459.857 1306.08
2479 354.498 293.14
2480 914.377 1388.92
2481 328.28 274.55
2482 1310.01 462.673
2483 872.583 1301.4
2484 159.379 655.95
2485 595.953 1156.92
2486 231.792 444.14
2487 8.32112 1273.7
2488 1493.21 1152.58
2489 1306.04 421.531
2490 1452.24 312.525
2491 340.516 1279.95
2492 545.962 1311.24
2493 147.369 1429.97
2494 1014.04 189.788
2495 176.115 757.127
2496 924.542 500.459
2497 1473.26 1402.23
2498 1108.32 1463.9
2499 717.981 1215.08
2500 718.918 1090.73
2501 1391.9 1471.28
2502 985.96 228.004
2503 1332.45 367.368
2504 922.698 104.024
2505 347.832 702.425
2506 1526.55 1172.99
2507 968.275 150.253
2508 331.22 865.217
2509 18.4861 1016.41
2510 472.176 699.315
2511 980.284 74.5217
2512 1072.27 927.568
2513 1102.43 470.342
2514 782.66 46.6172
2515 132.846 52.2532
2516 755.567 1129.18
2517 936.693 1100.18
2518 461.777 801.333
2519 1466.98 767.339
2520 1374.97 939.871
2521 794.43 1318.33
2522 108.243 686.029
2523 632.861 1509.49
2524 543.343 1045.67
2525 519.644 652.839
2526 628.528 838.22
2527 808.236 365.619
2528 1207.61 597.806
2529 1065.95 188.171
2530 1479.69 443.44
2531 884.48 743.842
2532 1161.31 710.945
2533 1253.52 1051.73
2534 656.044 524.75
2535 875.639 1042.13
2536 561.15 487.305
2537 1203.43 1176.3
2538 914.521 831.758
2539 1008.23 970.791
2540 400.69 634.495
2541 1383.94 12.1606
2542 1368.65 1472.75
2543 194.669 474.834
2544 1403.06 1537.89
2545 1396.23 105.054
2546 307.219 844.556
2547 202.213 660.404
2548 167.462 502.34
2549 538.624 1115.46
2550 646.817 1535.54
2551 1413.96 650.664
2552 128.713 906.245
2553 172.569 1037.93
2554 737.033 1458.8
2555 855.054 678.606
2556 513.026 297.054
2557 1370.34 190.828
2558 1075.17 401.541
2559 701.338 1477.42
2560 911.636 948.749
2561 353.647 1129.97
2562 809.988 967.472
2563 369.563 29.5593
2564 784.702 1401.59
2565 767.323 1448.07
2566 425.144 1302.31
2567 1335.82 396.435
2568 435.508 418.231
2569 1240.51 246.57
2570 1029.16 907.853
2571 1200.18 143.36
2572 207.093 348.069
2573 972.428 451.809
2574 781.287 322.585
2575 1111.09 28.6038
2576 1310.15 1273.6
2577 1097.49 1091.54
2578 558.538 448.773
2579 922.114 528.306
2580 384.426 291.296
2581 424.804 913.999
2582 923.549 72.725
2583 397.24 1446.88
2584 1002.22 1455.16
2585 868.339 1276.17
2586 105.424 1527.83
2587 1116.26 1247.99
2588 908.763 1292.62
2589 1275.4 175.652
2590 779.868 337.667
2591 1260.02 190.403
2592 1193.7 1504.15
2593 353.696 140.192
2594 872.347 1203.21
2595 535.334 506.784
2596 1018.35 645.762
2597 402.203 704.042
2598 464.328 779.561
2599 297.519 867.287
2600 775.331 804.595
2601 1528.34 612.463
2602 843.79 407.745
2603 258.75 986.866
2604 489.48 617.664
2605 637.7 1489.16
2606 1054.18 1499.94
2607 1093.07 911.834
2608 1149.54 1375.5
2609 322.727 1395.77
2610 636.521 338.234
2611 131.672 1335.49
2612 1229.32 1363.29
2613 954.689 981.712
2614 1367.93 1399.33
2615 275.422 456.631
2616 415.488 601.153
2617 1310.13 59.3924
2618 1545.51 289.594
2619 391.187 876.28
2620 285.093 130.075
2621 1337.81 753.827
2622 1267.71 1018.67
2623 830.846 1348.5
2624 1003.75 918.16
2625 872.015 237.398
2626 458.656 669.34
2627 220.625 547.312
2628 60.5667 467.803
2629 441.786 1350.54
2630 44.5946 1375.77
2631 423.337 534.358
2632 114.841 1243.87
2633 933.357 595.773
2634 1370.76 163.964
2635 471.308 1206.1
2636 61.5507 861.519
2637 90.8704 62.9856
2638 804.028 1254.08
2639 1342.54 1211.77
2640 773.392 450.343
2641 853.86 189.552
2642 861.53 1484.52
2643 83.0693 256.83
2644 384.589 578.554
2645 33.9857 1489.39
2646 244.622 1017.97
2647 535.908 969.42
2648 1084.55 800.35
2649 822.325 1376.73
2650 283.326 546.981
2651 859.581 252.376
2652 367.994 194.648
2653 183 195.357
2654 23.9232 889.177
2655 238.856 586.45
2656 1098.71 288.98
2657 386.459 802.478
2658 152.664 137.157
2659 1158.53 174.895
2660 1294.49 651.931
2661 606.732 1429.16
2662 842.742 670.569
2663 246.885 253.473
2664 1360.08 1136.88
2665 1543.4 1102.65
2666 964.824 137.545
2667 215.112 396.35
2668 1306.6 1117.87
2669 413.834 860.583
2670 117.961 748.958
2671 1411.89 1090.45
2672 1041.46 92.6768
2673 891.203 1192.85
2674 1337.62 878.36
2675 1056.22 579.547
2676 881.802 997.872
2677 278.191 627.829
2678 257.151 1078.53
2679 117.112 769.193
2680 1341.84 1524.85
2681 565.883 903.55
2682 415.772 1470.47
2683 65.0954 176.067
2684 131.199 496.724
2685 1042.74 852.3
2686 309.766 1127.56
2687 575.859 1538.32
2688 1223.93 842.05
2689 442.439 1513.02
2690 1511.09 1142.98
2691 1088.08 49.511
2692 783.813 1369.92
2693 901.917 1438.23
2694 478.653 1434.59
2695 471.026 216.737
2696 546.357 1363.1
2697 788.522 835.351
2698 915.173 1237.21
2699 357.829 1361.32
2700 987.423 1262.14
2701 339.133 59.3924
2702 784.513 225.379
2703 719.817 225.673
2704 335.89 1044.54
2705 1385.32 1246
2706 453.703 400.927
2707 1523.65 1196.87
2708 1283.99 142.641
2709 1159.8 150.537
2710 1105.48 669.708
2711 81.0954 663.94
2712 950.262 1438.38
2713 1465.46 17.0303
2714 657.381 840.338
2715 1288.04 21.8055
2716 321.877 1329.53
2717 851.886 598.988
2718 155.264 645.454
2719 442.646 965.165
2720 159.777 373.94
2721 1096.19 843.847
2722 1502.58 268.082
2723 1143.4 787.916
2724 1125.24 971.49
2725 185.884 1057.49
2726 387.16 620.774
2727 19.9518 114.851
2728 1132.52 766.985
2729 1149.78 952.626
2730 144.769 1258.33
2731 631.991 48.329
2732 255.071 686.266
2733 1304.77 1070.36
2734 466.503 1379.65
2735 693.397 1331.43
2736 1543.88 460.167
2737 1209.16 1410.2
2738 1077.21 445.038
2739 316.061 1289.5
2740 337.148 1435.49
2741 1219.8 210.865
2742 658.098 1373.46
2743 1078.88 398.951
2744 1485.89 605.125
2745 386.848 1343.26
2746 542.265 178.668
2747 367.878 225.767
2748 962.176 699.541
2749 904.165 1451.56
2750 44.1888 325.895
2751 1230.86 109.461
2752 978.972 1052.2
2753 1057.53 607.026
2754 1022.88 1519.32
2755 439.131 548.163
2756 592.029 705.319
2757 1342.06 348.977
2758 737.585 306.378
2759 615.254 903.087
2760 1483.85 121.186
2761 1443.89 491.618
2762 606.216 1239.47
2763 1354.96 548.211
2764 24.2542 1191.11
2765 908.243 140.088
2766 972.192 654.295
2767 1502.77 508.307
2768 1470.91 84.7714
2769 1526.59 556.853
2770 529.998 24.5851
2771 1479.65 1025.92
2772 12.3398 1515.35
2773 270.912 143.265
2774 664.963 1047.14
2775 16.4531 486.691
2776 1123.4 1523.76
2777 623.774 294.643
2778 298.209 895.938
2779 1423.35 1352.51
2780 226.23 123.03
2781 1372.67 619.129
2782 1129.97 1262.82
2783 1041.32 1004.97
2784 196.208 1400.64
2785 134.35 1130.06
2786 1355.75 1405.99
2787 148.515 993.721
2788 695.333 915.758
2789 793.485 248.934
2790 334.263 1100.42
2791 887.26 1529.2
2792 1020.94 1242.4
2793 265.71 1162.12
2794 411.564 1055.88
2795 638.693 366.659
2796 656.754 38.7688
2797 1448.25 525.838
2798 1408.96 729.516
2799 511.418 569.912
2800 1505.68 337.951
2801 1034.42 345.799
2802 783.331 1220.84
2803 735.93 1023.21
2804 1432.08 1004.74
2805 120.148 1169.45
2806 1232.95 1108.65
2807 193.939 967.897
2808 1541.32 1120.33
2809 1274.37 1296.58
2810 12.2453 944.471
2811 15.7912 812.832
2812 307.219 32.3487
2813 241.454 1249.68
2814 1531.66 132.476
2815 616.691 262.361
2816 1441.35 1482.7
2817 801.297 1527.74
2818 1378.47 322.254
2819 1000.99 804.359
2820 1136.44 276.592
2821 976.266 1362.11
2822 452.415 1412.6
2823 761.11 1547.97
2824 203.347 1250.27
2825 519.845 450.144
2826 152.995 340.987
2827 175.358 895.797
2828 921.31 1247.27
2829 98.0593 1104.64
2830 1215.17 192.237
2831 11.2997 694.539
2832 515.484 1481.06
2833 306.227 1213.23
2834 220.273 1204.92
2835 350.302 776.994
2836 1403.2 318.212
2837 1090.4 480.365
2838 1472.4 1429.29
2839 241.88 858.21
2840 177.297 419.507
2841 138.756 186.62
2842 1345.09 1183.92
2843 1288.51 301.971
2844 161.127 806.496
2845 363.324 518.273
2846 52.3379 1212.85
2847 1539.81 1080.09
2848 758.309 195.452
2849 1123.43 893.49
2850 266.749 1547.94
2851 753.564 1241.78
2852 996.974 1026.53
2853 631.648 1063.84
2854 378.613 466.702
2855 903.638 369.911
2856 985.532 1001.94
2857 197.893 120.183
2858 831.355 280.365
2859 1064.57 1103.78
2860 113.131 939.492
2861 460.545 362.583
2862 706.869 888.904
2863 251.687 637.19
2864 1452.53 387.698
2865 281.501 316.321
2866 1402.84 848.244
2867 531.239 1071.82
2868 215.451 424.954
2869 1480.23 627.062
2870 518.227 97.8677
2871 912.856 1396.68
2872 15.5075 1005.48
2873 768.569 782.232
2874 112.713 1447.69
2875 728.476 604.662
2876 1420.93 242.211
2877 541.15 1149.98
2878 1074.74 684.885
2879 1227.36 732.032
2880 749.025 142.31
2881 521.346 682.048
2882 1437.19 415.583
2883 466.03 1329.16
2884 999.188 39.1096
2885 124.344 10.0803
2886 970.072 1244.02
2887 1192 1391.23
2888 1440.36 709.044
2889 211.708 884.365
2890 551.361 708.95
2891 1039.3 381.363
2892 1128.03 853.009
2893 780.362 386.847
2894 574.11 1156.82
2895 509.679 309.867
2896 7.47009 1537.18
2897 254.74 857.983
2898 1327.14 1009.23
2899 629.636 737.942
2900 1483.48 641.918
2901 414.318 1501.16
2902 32.9548 448.206
2903 791.765 913.574
2904 171.246 215.319
2905 444.075 909.328
2906 506.028 778.176
2907 82.7777 52.2434
2908 62.7025 396.671
2909 1167.51 1175.79
2910 1280.51 920.098
2911 663.42 851.212
2912 130.397 1165.34
2913 976.948 160.181
2914 763.483 537.941
2915 406.743 1195.21
2916 1379.04 1286.37
2917 841.181 631.847
2918 11.867 128.694
2919 979.197 1440.97
2920 1539.97 577.845
2921 262.872 959.208
2922 1493.69 1434.83
2923 854.616 1003.65
2924 369.449 675.58
2925 6.3354 296.922
2926 1249.07 903.938
2927 1491.36 707.872
2928 84.4036 1228.93
2929 1337.52 1460.08
2930 963.547 30.9776
2931 29.38 1127.94
2932 1304.83 1228.31
2933 899.815 13.5789
2934 1001.48 1056.73
2935 1549.04 93.2343
2936 417.693 819.299
2937 290.531 768.001
2938 536.042 722.992
2939 697.319 1467.55
2940 244.811 1192.39
2941 100.421 335.739
2942 1232.57 1100.33
2943 965.959 55.9311
2944 833.853 695.39
2945 573.762 246.229
2946 577.892 1349.35
2947 33.379 822.75
2948 351.512 81.5564
2949 592.124 1078.58
2950 578.679 323.673
2951 1106.98 1060.67
2952 211.14 1374.88
2953 1207.73 270.541
2954 173.514 1270.26
2955 382.878 596.378
2956 962.49 1271.15
2957 1102.83 693.158
2958 639.97 488.322
2959 774.431 1158.49
2960 401.165 1192.77
2961 1210 373.41
2962 591.378 1058.96
2963 499.646 728.911
2964 830.771 1508.4
2965 336.722 546.05
2966 1421.9 341.497
2967 1529.96 707.636
2968 44.3687 35.743
2969 1180.43 639.591
2970 765.677 1111.39
