1 241.362 1144.82
2 430.624 627.251
3 182.734 1320.89
4 1396.29 753.875
5 970.119 637.18
6 946.385 1034.95
7 384.142 14.6191
8 1504.75 1260.89
9 533.497 705.971
10 1475.87 1284.27
11 66.5217 972.909
12 1363.38 299.192
13 555.873 959.822
14 5.38981 797.551
15 443.43 1226.37
16 1084.12 993.074
17 1251.1 473.462
18 1239.56 1210.57
19 1261.03 1404.2
20 690.7 149.307
21 1003.29 316.297
22 1401.26 964.966
23 132.24 426.079
24 967.711 808.756
25 1010.14 953.477
26 722.596 1207.74
27 89.3574 811.082
28 443.044 373.221
29 884.329 1237.44
30 1509.87 53.2934
31 94.7945 1392.27
32 823.318 532.23
33 40.9437 578.375
34 337.194 930.736
35 1092.54 1116.16
36 293.917 47.2791
37 522.528 1026.33
38 353.269 846.636
39 926.717 1093.01
40 863.544 61.0373
41 490.804 185.807
42 237.533 422.391
43 1072.48 1182.27
44 1533.94 374.403
45 1299.09 816.756
46 559.701 844.414
47 1455.51 1423.76
48 1082.6 39.9035
49 57.3993 317.442
50 728.381 1265.91
51 77.8147 1014.05
52 741.006 354.745
53 510.219 907.768
54 1217.35 1492.14
55 744.929 600.302
56 560.304 1300.75
57 205.392 1498.56
58 454.825 235.544
59 123.733 1185.57
60 262.257 649.142
61 1064.45 296.913
62 1336.63 767.718
63 1499.17 139.483
64 1043.51 1469.3
65 745.64 1282.59
66 392.085 393.372
67 1298.59 870.162
68 62.7117 831.024
69 656.895 629.237
70 934.187 729.847
71 379.748 574.583
72 1318.9 329.025
73 448.962 649.766
74 1102.51 1114.68
75 1114.65 1547.78
76 679.61 728.003
77 110.427 1465.46
78 1143.68 846.532
79 1151.01 1156.16
80 990.26 81.9445
81 819.291 228.925
82 1319.28 1465.68
83 838.169 306.818
84 1468.06 384.001
85 288.071 928.476
86 554.888 987.764
87 1088.32 788.048
88 164.058 521.441
89 305.727 1025.67
90 1371.6 791.972
91 1164.29 1350.39
92 179.66 1416.01
93 0.378233 1412
94 249.87 1524.04
95 643.131 1238.43
96 134.982 456.3
97 842.702 672.876
98 385.006 556.957
99 904.83 901.328
100 268.285 1325.8
101 1345.85 444.055
102 1178.87 307.881
103 584.511 946.991
104 212.803 721.006
105 223.774 1217.15
106 513.167 1145.29
107 76.9545 1161.47
108 1312.56 1254.13
109 645.002 1491.37
110 395.206 348.173
111 716.42 1169.93
112 820.765 1197.45
113 962.499 1364.66
114 460.782 441.785
115 849.937 937.875
116 1481.87 1293.18
117 583.471 66.4985
118 1097.49 514.585
119 973.807 1419.94
120 397.097 694.776
121 1460.99 1136.55
122 1387.4 1455.45
123 1137.6 401.068
124 1271.24 566.356
125 1343.39 679.457
126 995.603 257.34
127 198.518 943.795
128 42.8348 135.937
129 321.498 289.987
130 1040.96 5.72077
131 631.292 1008.5
132 649.236 246.891
133 245.873 1437.05
134 830.126 1076.4
135 435.204 299.334
136 423.29 968.38
137 1380.98 1446.65
138 1237.4 206.751
139 926.389 837.218
140 1036.54 499.267
141 961.29 220.141
142 692.497 374.663
143 1320.84 1343.72
144 266.902 528.477
145 647.659 816.982
146 354.546 492.28
147 870.787 900.582
148 1447.59 471.372
149 329.329 703.191
150 1148.75 1076.08
151 839.301 1318.83
152 1039.05 534.49
153 1078.15 1361.79
154 1232.42 348.788
155 859.817 1400.79
156 325.753 614.59
157 451.137 525.98
158 1340.39 845.492
159 1482.72 195.57
160 1067.75 959.255
161 866.436 776.928
162 22.4103 1224.25
163 678.644 378.043
164 669.134 1389.02
165 7.70649 404.766
166 1076.17 275.472
167 1151.58 732.457
168 1123.86 628.15
169 1437.85 306.331
170 222.384 671.704
171 383.244 1281.1
172 1417.06 24.2542
173 494.153 1379.84
174 1003.4 232.859
175 705.304 1328.02
176 1100.24 1049.94
177 1190.54 1292.92
178 1393.69 403.282
179 1496 511.749
180 953.822 488.072
181 547.257 1016.03
182 670.228 1461.07
183 1536.76 543.615
184 1282.26 719.172
185 1537.4 401.257
186 823.557 239.894
187 1151.01 1454.49
188 481.684 586.095
189 1410.24 716.43
190 833.01 10.7895
191 892.251 863.458
192 1249.63 522.481
193 323.909 91.9204
194 457.059 756.04
195 1005.2 87.088
196 1401.4 1475.31
197 76.1679 1247.79
198 1388.78 1166.24
199 1234.22 330.67
200 635.809 705.546
201 279.183 148.504
202 719.401 1357.17
203 619.217 85.3013
204 374.18 192.672
205 278.202 1241.74
206 1308.5 346.745
207 1174.98 1327.17
208 276.064 939.672
209 544.182 1421.27
210 1037.78 1214.5
211 462.383 588.766
212 75.7411 332.088
213 1403.15 919.351
214 774.954 536.155
215 934.852 801.059
216 1255.69 14.562
217 96.4125 1368.69
218 681.9 43.1185
219 875.75 184.115
220 68.6019 1136.88
221 1219.89 292.053
222 1121.56 770.696
223 895.383 1470.77
224 275.118 86.1425
225 1242.26 1073.58
226 1001.28 797.844
227 531.133 1124.39
228 1066.95 125.999
229 728.489 240.66
230 381.166 1232.64
231 497.671 512.657
232 658.174 580.833
233 224.717 123.91
234 355.444 1308.98
235 1052.43 463.288
236 814.146 1514.4
237 15.6967 262.22
238 107.317 368.03
239 1294.84 52.3005
240 579.125 1177.34
241 373.365 1524.66
242 360.503 1494.31
243 683.514 496.903
244 220.59 1200.46
245 1028.98 1025.53
246 409.673 1036.84
247 598.695 780.483
248 112.821 1513.07
249 342.69 258.626
250 984.967 247.625
251 1219.8 244.811
252 365.656 465.51
253 1476.67 1530.39
254 3.78233 214.978
255 518.699 365.524
256 971.313 516.061
257 209.257 176.587
258 1445.79 256.773
259 1249.87 635.667
260 749.799 1531.89
261 822.704 332.003
262 545.742 371.33
263 1415.6 680.734
264 486.23 1316.72
265 1052.53 32.3862
266 1366.39 653.879
267 61.7937 721.195
268 1023.73 879.921
269 528.309 562.725
270 1388.68 444.329
271 348.163 959.539
272 526.787 120.751
273 579.925 356.021
274 799.963 51.2978
275 751.832 1103.59
276 500.941 521.12
277 890.579 1334.64
278 313.177 149.979
279 890.455 54.1917
280 1011.72 1135.94
281 767.623 23.7814
282 58.1533 1300.22
283 1166.81 866.257
284 87.419 872.072
285 1194.46 943.1
286 444.045 1240.08
287 333.764 456.584
288 964.635 394.837
289 949.952 658.834
290 530.247 1212.05
291 767.339 1189.09
292 1209.35 1053.43
293 342.994 1325.43
294 158.985 254.834
295 1291.03 1283.1
296 194.979 1106.34
297 603.491 849.652
298 1477.28 960.673
299 1501.94 1135.37
300 596.425 963.321
301 1470.78 1146.67
302 724.457 1354.98
303 943.359 1363.11
304 132.895 117.309
305 926.959 955.936
306 1167.27 678.039
307 552.838 1110.14
308 139.667 1174.7
309 127.023 1327.98
310 980.986 1388.5
311 1212.19 1412.99
312 1487.12 188.37
313 1392.51 232.518
314 669.814 902.037
315 115.55 168.219
316 202.733 982.185
317 1084.27 577.004
318 1445.61 490.946
319 100.707 345.705
320 352.891 54.9383
321 413.077 1087.38
322 189.279 735.719
323 814.949 354.286
324 494.371 1020.57
325 288.092 688.052
326 613.871 1264.81
327 881.755 560.314
328 927.237 287.599
329 274.219 638.882
330 1539.52 1282.4
331 670.854 1519.41
332 981.98 28.6984
333 696.137 1410.33
334 554.962 888.667
335 953.718 1025.98
336 367.975 218.832
337 921.091 489.953
338 847.099 33.0954
339 1141.51 1101.99
340 586.166 1358.23
341 712.375 24.5004
342 1224.72 943.217
343 1056.97 818.08
344 502.201 1398.37
345 926.339 384.2
346 970.498 173.524
347 474.486 1353.65
348 951.728 902.794
349 711.786 1319.24
350 1463.34 11.4987
351 828.483 930.036
352 735.91 673.169
353 635.309 1041.98
354 1380.75 1422.12
355 1062.37 1265.05
356 187.798 628.16
357 264.432 999.243
358 77.2657 739.171
359 898.598 1472.7
360 983.36 1053.95
361 419.367 1120.42
362 899.449 530.991
363 786.724 1497.35
364 149.591 484.847
365 383.953 1291.44
366 631.979 505.234
367 373.316 807.432
368 1009.93 1008.47
369 442.579 183.963
370 88.8504 36.5566
371 1222.53 714.434
372 96.0841 992.114
373 955.578 19.4317
374 1445.56 79.0033
375 705.12 1358.8
376 1007.37 292.468
377 59.4298 1145.19
378 351.473 314.274
379 966.81 54.428
380 517.233 997.078
381 867.79 1057.69
382 331.994 539.795
383 1308.64 1214.14
384 490.189 1031.68
385 24.065 1030.31
386 1217.99 1126.01
387 1185.82 28.8875
388 1054.41 1293.57
389 288.84 709.574
390 1110.59 742.717
391 1344.24 174.507
392 1493.21 543.53
393 662.191 584.795
394 566.592 777.703
395 1439.01 1155.65
396 403.432 1137.11
397 1438.18 201.031
398 348.997 1261.31
399 1225.49 321.214
400 877.216 1370.53
401 380.975 866.872
402 1199.47 310.681
403 695.772 1319.46
404 115.125 298.672
405 264.337 350.291
406 8.132 1135.45
407 820.162 104.922
408 1178.95 890.785
409 131.199 185.949
410 878.495 991.3
411 771.263 356.059
412 746.125 1092.87
413 1448.02 1209.83
414 1106.74 699.173
415 588.729 982.091
416 547.607 474.077
417 257.435 1408.94
418 380.494 301.745
419 865.065 461.066
420 251.99 278.011
421 1226.18 1301.71
422 419.982 718.761
423 1175.97 1105.49
424 588.496 1394.35
425 88.5569 201.149
426 919.152 924.377
427 1109.31 76.3557
428 721.209 1534.49
429 842.043 521.829
430 807.471 354.603
431 129.679 56.7349
432 133.38 1448.16
433 388.729 231.857
434 1047.28 500.899
435 1147.42 1204.07
436 47.3736 884.932
437 1333.07 1377.15
438 1503.15 1030.02
439 496.982 1074.33
440 1213.55 50.3049
441 1078.87 1447.95
442 675.902 97.4894
443 1269.5 508.959
444 82.4074 418.099
445 722.471 652.64
446 327.874 977.164
447 427.545 317.243
448 470.805 199.943
449 1245.14 972.209
450 1016.16 1305.33
451 497.139 311.096
452 536.188 673.159
453 553.543 226.561
454 1320.41 828.897
455 1228.12 1032.72
456 1196.55 433.464
457 161.5 99.0122
458 176.824 982.412
459 1252.61 1354.89
460 735.615 999.527
461 1486.55 1104.58
462 810.261 697.792
463 628.244 552.361
464 927.156 955
465 111.342 1123.16
466 1224.62 817.418
467 240.32 317.678
468 94.8824 218.817
469 1388.73 921.28
470 955.493 1185.91
471 286.692 1142.04
472 868.233 1314.41
473 334.304 1369.83
474 91.7147 656.234
475 686.918 742.669
476 1506.01 1.65477
477 66.9472 853.009
478 212.525 19.0535
479 748.996 636.575
480 1135.2 664.517
481 316.535 901.731
482 1301.73 35.6484
483 165.244 1100.49
484 1041.75 1305.64
485 1332.47 615.904
486 538.53 1040.19
487 974.026 63.5056
488 718.237 748.475
489 997.542 665.406
490 1029.36 1331.77
491 395.047 20.0463
492 711.408 141.28
493 500.868 872.687
494 307.409 505.886
495 238.244 324.524
496 200.652 1373.33
497 708.953 1251.1
498 556.569 331.909
499 849.758 450.57
500 1346.07 337.809
501 380.457 1090.78
502 1046.43 204.766
503 867.429 435.876
504 959.852 457.141
505 1248.55 478.275
506 1013.33 1388.92
507 1284.01 1329.87
508 1101.89 595.764
509 57.6805 897.026
510 1386.66 686.776
511 1437.04 433.464
512 1224.34 4.3024
513 1359.72 258.815
514 620.632 36.462
515 1327.08 1052.03
516 65.8597 774.242
517 1221.69 1131.67
518 416.292 148.929
519 291.381 616.094
520 1324.62 582.677
521 435.763 1063.74
522 1004.87 449.019
523 779.726 1097.5
524 1167.32 616.661
525 600.712 96.5439
526 246.419 709.895
527 1371.98 618.136
528 77.5021 528.296
529 463.004 109.177
530 425.464 489.112
531 954 573.968
532 1483.66 797.277
533 922.141 85.7741
534 1286.37 1362.92
535 496.182 1156.87
536 776.845 1268.73
537 1199.28 553.27
538 167.557 363.954
539 310.296 380.88
540 434.27 243.818
541 402.534 269.704
542 557.562 1222.84
543 1320.54 280.507
544 354.829 899.731
545 1261.03 152.154
546 836.199 759.501
547 1356.77 1264.15
548 853.55 1169.07
549 666.02 1301.31
550 338.376 359.851
551 1337.15 1299.51
552 1155.14 255.979
553 533.536 1011.07
554 1330.1 419.507
555 619.102 189.873
556 427.16 1077.03
557 111.469 595.149
558 396.305 1005.01
559 285.634 1057.36
560 883.078 1157.23
561 1479.4 1052.62
562 1229.24 1257.59
563 1376.58 943.653
564 883.078 517.895
565 898.976 699.74
566 340.929 980.814
567 648.669 352.607
568 442.439 176.044
569 1200.84 908.619
570 1490.18 401.598
571 1013.09 161.09
572 856.652 1305.39
573 1436.86 1014.25
574 785.865 837.88
575 442.201 1277.77
576 1204.53 920.689
577 281.736 215.734
578 1363.81 257.907
579 501.915 619.838
580 494.681 1355.87
581 1473.27 606.128
582 1347.03 1205.01
583 1221.28 1457.57
584 1398.09 1371.85
585 276.252 1102.74
586 409.798 76.072
587 556.475 653.407
588 923.931 199.329
589 1354.24 932.117
590 666.94 1419.23
591 1381.64 365.704
592 50.7327 152.522
593 1230.34 1121
594 293.69 782.185
595 110.018 769.477
596 1152 789.182
597 1473.41 845.019
598 163.379 126.954
599 458.702 1532.41
600 899.562 506.416
601 227.729 1405.28
602 912.043 735.909
603 745.827 267.326
604 421.703 783.982
605 889.934 1437.45
606 1435.16 570.81
607 932.532 1254.22
608 180.949 836.367
609 817.504 445.142
610 519.891 1463.11
611 486.333 66.1907
612 263.297 516.108
613 1354.88 1483.33
614 949.175 846.022
615 1139.42 1242.5
616 1011.06 740.91
617 644.887 198.147
618 849.936 460.224
619 1453.01 409.153
620 1277.94 1417.47
621 148.411 1478.61
622 625.928 830.457
623 674.655 323.777
624 1269.54 381.126
625 1098.69 833.351
626 1459.88 486.643
627 1374.61 1536.95
628 680.44 478.285
629 780.199 815.328
630 889.556 1198.1
631 210.214 1457.66
632 699.305 884.733
633 740.118 56.792
634 1207.98 613.47
635 670.89 936.882
636 995.454 220.651
637 362.984 1346.19
638 328.069 393.135
639 1476.19 895.844
640 552.172 1091.63
641 623.185 464.139
642 1353.93 319.049
643 792.135 749.941
644 800.627 1203.25
645 859.981 1154.42
646 1295.79 500.874
647 838.163 1440.59
648 265.853 1085.74
649 636.565 682.152
650 965.393 1217.32
651 14.7983 1282.17
652 477.66 51.7331
653 1302.11 828.329
654 289.142 1436.87
655 248.482 170.829
656 138.88 1417.1
657 315.354 269.609
658 103.778 1502.73
659 638.977 1023.26
660 339.419 480.649
661 799.444 884.27
662 433.315 1248.69
663 982.79 654.021
664 1199.19 178.857
665 722.617 404.331
666 1113.33 625.512
667 652.028 717.744
668 289.511 1383.21
669 894.004 1223.26
670 583.208 788.767
671 940.097 1501.4
672 317.432 746.3
673 1133.25 1483.66
674 1150.57 606.685
675 1139.24 548.683
676 802.772 555.586
677 297.48 44.7974
678 203.681 250.887
679 400.643 118.812
680 1011.87 593.882
681 175.01 1188.74
682 121.365 779.642
683 1045.04 847.336
684 461.256 1299.18
685 825.493 790.232
686 917.634 925.734
687 451.944 1189.83
688 639.26 1043.17
689 257.428 502.198
690 542.321 754.101
691 1344.75 1483.34
692 505.65 1157.01
693 1239.18 1379.75
694 313.177 1536.71
695 449.117 443.251
696 1391.19 1063.65
697 430.017 826.07
698 1332.23 1391.57
699 1223.88 451.998
700 41.7001 925.488
701 564.37 1521.36
702 647.25 132.959
703 470.616 334.783
704 1190.25 798.695
705 879.772 580.729
706 143.351 711.465
707 772.485 114.378
708 607.831 900.345
709 850.834 1116.87
710 1498.92 68.7063
711 129.686 557.846
712 151.577 582.667
713 358.928 540.258
714 473.965 725.308
715 1222.49 132.817
716 1039.11 732.495
717 1037.83 610.146
718 100.566 1206.63
719 1091.67 1433.61
720 1046.93 1282.83
721 457.192 362.844
722 1291.77 704.468
723 768.41 714.018
724 138.344 578.98
725 168.647 1377.33
726 1201.74 1057.42
727 663.528 697.66
728 353.884 1517.2
729 238.582 220.378
730 167.541 369.959
731 1109.31 421.99
732 1428.02 820.765
733 1029.37 1541.64
734 823.838 384.568
735 1176.72 274.029
736 162.876 1303.07
737 1239.81 225.994
738 1171.11 164.886
739 504.468 234.551
740 1511.13 739.076
741 502.056 1237.82
742 700.96 1145
743 916.33 871.637
744 731.73 1024.44
745 1326.08 167.094
746 773.207 967.529
747 846.062 717.98
748 1541.84 434.552
749 1264.58 1006.64
750 777.554 702.151
751 708.066 1277.91
752 536.979 1305.09
753 145.197 530.056
754 1111.91 836.461
755 1205.05 368.597
756 629.525 1192.09
757 501.51 225.295
758 1095.79 880.597
759 667.999 1083.27
760 969.082 546.097
761 1525.38 155.643
762 1380.51 720.486
763 849.605 712.827
764 1442.39 575.906
765 546.691 1484.87
766 697.035 325.763
767 1436.96 857.359
768 772.115 1368.55
769 1004.12 1294.31
770 811.451 219.952
771 876.318 257.633
772 1008.99 715.663
773 1177.67 1513.79
774 156.505 494.586
775 1431.37 1410.11
776 920.003 562.479
777 191.48 788.341
778 1177.34 1225.95
779 583.707 554.04
780 324.254 198.761
781 1467.35 1147.56
782 1291.66 119.191
783 508.168 1325.23
784 934.802 1337.81
785 829.748 113.527
786 956.504 1502.91
787 749.752 190.214
788 451.988 1055.17
789 1279.85 66.593
790 399.656 735.119
791 305.281 557.657
792 1418.18 611.99
793 1157.48 1085.77
794 776.984 833.776
795 471.656 347.454
796 1457.53 488.97
797 695.664 57.3968
798 424.012 1180.79
799 1325.66 117.167
800 188.643 235.318
801 1058.08 421.966
802 444.754 456.537
803 315.741 820.245
804 1499.43 1358.81
805 600.258 403.432
806 555.056 268.451
807 1294.69 17.1249
808 550.671 1465.65
809 258.333 773.164
810 308.78 670.191
811 1348.82 558.177
812 445.842 408.491
813 100.279 18.3354
814 289.369 840.443
815 1282.02 987.234
816 1252.38 1008.27
817 950.691 1449.34
818 1174.01 1386
819 1207.84 372.89
820 102.737 654.352
821 1466.49 1174.36
822 1236.63 435.062
823 904.498 168.229
824 391.946 135.701
825 1353.89 1142.03
826 586.828 1155.49
827 239.858 646.778
828 1425.74 1291.48
829 802.751 1214.73
830 1275.92 453.974
831 130.142 607.82
832 842.702 634.627
833 988.277 713.607
834 1128.66 835.904
835 1326.93 732.211
836 1001.94 552.172
837 1078.1 962.035
838 226.041 559.889
839 136.211 613.267
840 1167.98 802.468
841 1392.56 1359.32
842 767.739 97.6313
843 604.266 736.523
844 551.607 1110.59
845 1380.6 835.516
846 323.497 1484.42
847 1533.17 149.364
848 3.87688 327.228
849 1398.85 622.108
850 857.885 1403.31
851 881.707 1172.29
852 1463 355.16
853 718.075 273.982
854 296.423 1455.11
855 174.793 282.739
856 544.986 452.281
857 1103.97 1096.7
858 189.967 900.572
859 142.472 317.772
860 1001.03 1335.17
861 26.2399 861.307
862 1172.1 748.995
863 749.233 865.624
864 910.5 817.171
865 1388.35 1126.04
866 418.479 482.02
867 1103.97 166.895
868 586.402 170.772
869 556.325 505.981
870 1137.91 13.6164
871 1383.91 1318.66
872 1099.75 677.698
873 741.62 78.6251
874 593.163 295.116
875 1058.06 113.621
876 1182.59 1452.56
877 48.7933 1479.09
878 944.778 929.601
879 1157.77 1154.9
880 817.03 813.777
881 244.188 844.735
882 9.83405 1061.71
883 1329.43 1127.94
884 1498.67 713.205
885 775.956 738.793
886 834.428 120.325
887 1081.82 1243.64
888 1349.73 968.38
889 124.769 55.1372
890 70.7295 238.202
891 265.001 750.485
892 1152.24 637.757
893 802.487 67.0417
894 187.482 801.674
895 654.883 982.837
896 1516.91 797.787
897 1172.47 144.816
898 213.693 630.419
899 1434.12 172.947
900 1322.35 602.014
901 596.768 10.7895
902 675.098 513.12
903 1023.59 617.89
904 281.728 366.98
905 977.495 1163.17
906 8.55751 1491.18
907 1405.12 985.532
908 241.599 39.5494
909 1411.33 220.912
910 1147.18 286.038
911 90.4449 1077.94
912 1149.45 174.942
913 873.15 15.1293
914 1206.28 1542.82
915 1380.97 1348.07
916 357.205 20.5664
917 667.344 426.315
918 1017.32 28.6137
919 713.347 461.302
920 807.29 1350.95
921 628.956 1123.83
922 301.546 1132.06
923 1275.78 110.785
924 379.778 74.6162
925 940.064 1523.62
926 1485.32 1497.29
927 974.564 280.469
928 529.519 936.277
929 1129.59 189.599
930 1314.17 878.644
931 689.904 346.594
932 1125.85 1194.23
933 5.2007 76.8383
934 1336.37 1063.88
935 381.826 1527.07
936 504.231 1384.67
937 1071.15 1483.95
938 1050.21 31.8287
939 467.394 1114.71
940 629.506 525.564
941 263.723 1295.69
942 136.885 1345.28
943 553.99 877.509
944 16.7841 682.767
945 234.41 499.182
946 1382.16 204.917
947 1299.7 1139.09
948 82.8355 553.922
949 1270.98 35.9794
950 88.5537 1027.9
951 996.505 479.751
952 859.155 1026.71
953 26.6181 966.82
954 679.602 1212.34
955 582.053 1054.05
956 144.423 1113.85
957 454.788 1525.84
958 666.117 973.854
959 1307.74 1152.05
960 1333.13 58.9196
961 533.564 893.527
962 556.996 1515.82
963 1249.25 911.068
964 1264.2 1510.28
965 316.202 1179.95
966 733.677 425.238
967 1485.04 1059.81
968 1051.85 776.19
969 593.116 39.2042
970 1072.53 89.8401
971 1341.97 277.727
972 317.195 320.056
973 1222.66 1524.19
974 1512.55 1388.12
975 94.7945 161.719
976 1449.77 1465.38
977 1123.4 1045.92
978 512.564 915.228
979 317.384 801.191
980 6.19356 708.061
981 1453.62 138.348
982 1462.6 383.49
983 305.689 672.403
984 776.61 688.819
985 965.478 651.752
986 581.194 619.697
987 118.529 957.473
988 811.481 666.172
989 168.692 154.792
990 201.503 1023.64
991 926.851 616.803
992 73.8518 465.462
993 636.376 1363.53
994 1208.45 1236.54
995 181.129 355.501
996 1321.26 88.5537
997 764.488 997.031
998 856.791 1312.52
999 416.247 993.097
1000 1485.61 662.285
1001 650.591 211.668
1002 1343.46 759.16
1003 584.456 1524.8
1004 1045.36 63.0328
1005 1543.06 1506.08
1006 945.82 1381.31
1007 582.809 597.655
1008 857.501 711.134
1009 1267.84 269.86
1010 1173.61 1074.42
1011 1236.81 1206.89
1012 519.173 88.3646
1013 1380.33 244.821
1014 1265.05 22.8358
1015 182.064 1531.09
1016 1442.88 1220.33
1017 1150.44 943.359
1018 880.856 1136.08
1019 950.404 887.372
1020 303.005 1266.37
1021 1294.08 1513.65
1022 1300.51 668.479
1023 929.79 1240.7
1024 141.358 1344.44
1025 1286.89 889.66
1026 1293.47 1486.23
1027 242.734 1163.77
1028 691.09 388.587
1029 344.241 1421.26
1030 430.981 1234.03
1031 1184.33 961.335
1032 900.49 276.11
1033 146.523 1529.95
1034 437.095 0.189116
1035 534.161 583.59
1036 702.646 1133.08
1037 861.33 939.303
1038 416.907 1147.7
1039 441.917 382.819
1040 942.934 778.119
1041 181.93 414.08
1042 1498.46 115.04
1043 781.05 1121.7
1044 1303.07 977.684
1045 761.404 804.511
1046 58.7139 449.246
1047 156.967 1142.41
1048 1434.54 1437.85
1049 1392.48 79.5707
1050 1024.4 618.467
1051 513.025 552.702
1052 1210.11 1334.59
1053 1069.18 1227.55
1054 250.957 1065.48
1055 1487.32 990.554
1056 158.196 998.298
1057 293.698 743.804
1058 1291 495.92
1059 717.755 487.41
1060 680.819 813.058
1061 1156.82 838.864
1062 1484.58 1020.1
1063 250.004 536.334
1064 1240.51 1169.6
1065 1316.86 417.782
1066 1272.02 1176.78
1067 1098.86 1534.59
1068 691.22 1023.37
1069 80.2916 1292.86
1070 215.12 103.835
1071 536.724 978.734
1072 1539.98 1137.44
1073 1103.49 1329.63
1074 1269.27 580.54
1075 764.315 1462.25
1076 1220.04 131.909
1077 719.914 1478.75
1078 1155.26 1213.56
1079 1147.09 1303.39
1080 896.328 1068.13
1081 296.96 1472.88
1082 1265.19 1522.43
1083 522.623 149.26
1084 1107.89 580.823
1085 1398.8 700.464
1086 440.077 415.63
1087 559.737 472.801
1088 1111.65 1023.32
1089 97.7258 142.178
1090 924.968 399.839
1091 1161.08 353.411
1092 441.161 719.786
1093 1495.11 769.325
1094 344.373 1007.2
1095 619.633 429.53
1096 1150.58 549.336
1097 1201.15 113.281
1098 879.438 1359.51
1099 1324.95 1182.02
1100 155.976 336.863
1101 126.427 1267.34
1102 336.58 414.033
1103 165.619 1045.2
1104 302.172 1546.27
1105 1044.18 1250.73
1106 1447.69 531.096
1107 927.946 358.754
1108 1217.26 1362.54
1109 714.529 620.042
1110 333.743 110.373
1111 626.211 919.058
1112 1510.05 1452.7
1113 287.374 859.155
1114 626.093 662.153
1115 261.264 629.474
1116 272.538 445.851
1117 1343.67 105.82
1118 91.7541 272.81
1119 1114.6 101.499
1120 761.335 1055.27
1121 764.644 1278.05
1122 1544.91 638.362
1123 673.589 790.459
1124 523.58 658.267
1125 1389.11 833.034
1126 1543.58 255.78
1127 521.408 1499.64
1128 1337.52 1107.38
1129 1293.22 1119.33
1130 1540.22 744.362
1131 986.177 196.634
1132 270.105 428.065
1133 492.601 804.217
1134 414.165 1479.13
1135 220.935 628.481
1136 824.878 633.266
1137 308.732 963.831
1138 367.578 1058.96
1139 756.087 1323.34
1140 1315.07 481.736
1141 783.325 781.901
1142 489.149 256.678
1143 786.96 1158.29
1144 1306.22 1301.83
1145 308.404 1505.55
1146 1054.09 647.085
1147 1165.29 657.321
1148 933.717 109.782
1149 899.363 303.863
1150 163.918 909.98
1151 720.156 425.347
1152 383.104 1038.12
1153 258.004 481.396
1154 788.57 773.699
1155 1050.16 1506.74
1156 958.009 688.771
1157 567.727 21.8055
1158 431.566 1435.13
1159 173.762 411.621
1160 857.359 1409.2
1161 795.95 957.378
1162 1455.72 768.437
1163 996.531 335.077
1164 247.931 232.046
1165 440.074 252.196
1166 817.4 481.074
1167 471.136 1424.14
1168 643.374 1155.78
1169 1036.37 254.797
1170 1336.06 42.561
1171 419.507 896.421
1172 1031.11 1054.32
1173 194.698 835.634
1174 887.665 981.051
1175 649.189 1424.52
1176 379.887 669.897
1177 1462.2 178.834
1178 1261.91 416.812
1179 955.746 128.363
1180 988.087 1066.47
1181 234.126 461.444
1182 920.145 847.95
1183 1172.66 3.8296
1184 832.821 1263.39
1185 367.779 603.054
1186 1176.68 1007.67
1187 850.6 1130.21
1188 757.414 46.2158
1189 103.352 1254.94
1190 511.989 1518.72
1191 495.972 738.688
1192 967.188 1227.52
1193 999.008 458.253
1194 189.447 1041.71
1195 779.821 907.295
1196 586.876 1388.93
1197 516.997 289.537
1198 573.684 960.663
1199 1413.79 689.717
1200 1384.31 1523.81
1201 503.467 12.4344
1202 1077.87 341.024
1203 1239.99 931.067
1204 362.424 912.297
1205 597.466 492.516
1206 346.86 75.221
1207 813.637 510.198
1208 1519.11 1236.4
1209 10.496 952.352
1210 1362.88 130.254
1211 295.211 784.857
1212 1065.42 1099.44
1213 1454.73 944.589
1214 663.042 180.332
1215 1050.98 1359.84
1216 804.879 685.462
1217 1179.14 478.559
1218 430.856 100.114
1219 881.802 1426.56
1220 290.484 1350.48
1221 1397.14 556.532
1222 811.954 1024.77
1223 109.877 887.806
1224 1130.22 371.708
1225 169.404 537.989
1226 1147.52 216.775
1227 1361.45 633.492
1228 757.13 894.756
1229 584.855 462.257
1230 1416.48 163.264
1231 17.9188 757.198
1232 711.03 592.558
1233 965.202 970.734
1234 666.115 1492.6
1235 1268.04 1474.45
1236 798.444 10.7323
1237 1047.09 1423.82
1238 317.52 421.503
1239 856.879 1409.34
1240 931.22 996.548
1241 877.078 610.477
1242 1307.27 558.99
1243 925.157 104.213
1244 325.121 1411
1245 1542.1 1402.73
1246 420.264 1037.78
1247 575.812 531.842
1248 179.125 307.087
1249 332.277 350.821
1250 482.126 1450.2
1251 909.366 1108.6
1252 1199.52 384.379
1253 1195.47 921.091
1254 1082.57 589.864
1255 1203.73 1431
1256 110.917 1134.18
1257 128.839 1090.47
1258 705.073 327.691
1259 582.99 26.6654
1260 109.616 686.445
1261 944.789 272.337
1262 996.265 1210.16
1263 681.575 580.928
1264 375.805 1242.87
1265 339.937 1359.13
1266 1226.29 260.697
1267 230.769 1023.44
1268 489.007 586.497
1269 795.045 422.779
1270 1345.49 464.338
1271 1521.7 1473.26
1272 355.938 1448.07
1273 174.98 751.264
1274 504.403 844.073
1275 34.6083 716.902
1276 913.493 1245.47
1277 1077.03 35.6011
1278 891.024 542.906
1279 160.323 575.254
1280 1473.18 725.356
1281 372.014 528.826
1282 126.239 1430
1283 1440.84 1340.04
1284 516.243 33.4031
1285 542.764 1317.16
1286 140.827 1036.37
1287 554 1249.44
1288 844.689 696.336
1289 840.672 854.972
1290 1068.16 1344.05
1291 679.61 159.283
1292 966.263 439.422
1293 176.304 84.403
1294 489.149 1443.91
1295 516.618 1411.29
1296 1314.31 1162.89
1297 361.165 1206.18
1298 1378.04 860.432
1299 1476.84 878.965
1300 476.904 85.0649
1301 1120.98 453.936
1302 1115.17 1499.08
1303 806.971 1446.22
1304 1543.31 418.146
1305 71.9115 844.782
1306 1469.1 315.692
1307 682.142 1041.9
1308 442.015 454.73
1309 1297.06 200.189
1310 492.858 789.145
1311 917.85 506.926
1312 340.835 1387.69
1313 692.13 563.803
1314 859.77 329.204
1315 534.821 1500.28
1316 217.041 814.817
1317 1339.19 1085.81
1318 1327.12 1025.1
1319 484.61 1097.12
1320 309.265 1226.71
1321 534.395 924.779
1322 24.6324 90.9649
1323 865.19 157.355
1324 1409.84 332.372
1325 526.275 624.226
1326 364.581 152.806
1327 779.785 477.708
1328 70.4379 292.62
1329 1164.48 771.358
1330 1221.39 1385.8
1331 1164.46 1412.9
1332 1421.59 273.604
1333 1203.3 113.659
1334 1406.97 1046.71
1335 101.177 1019.68
1336 1389.53 890.596
1337 1419.02 1445.76
1338 590.661 1062.93
1339 1221.6 343.02
1340 934.424 414.307
1341 546.877 903.739
1342 340.175 952.862
1343 1289.65 537.61
1344 1176.02 198.582
1345 1355.89 535.814
1346 1282.59 70.7393
1347 1268.8 1454.78
1348 242.542 1397.25
1349 1101.91 1146.2
1350 720.545 704.042
1351 1125.89 722.765
1352 1499.12 585.315
1353 512.416 1011.77
1354 1159.8 59.808
1355 241.171 154.14
1356 1229.69 864.687
1357 736.016 2.36395
1358 286.335 1239.19
1359 421.636 298.104
1360 1128.5 523.001
1361 643.329 562.479
1362 1151.91 1299.89
1363 672.734 906.529
1364 258.825 1456.86
1365 160.231 517.399
1366 1387.85 1172.85
1367 1489.11 341.78
1368 463.217 918.491
1369 527.067 397.863
1370 250.499 1342.3
1371 116.243 1000.53
1372 879.533 403.158
1373 172.238 1251.72
1374 595.764 1182.45
1375 450.618 973.051
1376 175.358 1118.07
1377 1296.16 684.317
1378 517.293 1202.07
1379 56.8504 975.982
1380 746.594 1127.28
1381 628.764 1225.53
1382 511.619 165.628
1383 636.037 688.771
1384 1078.68 1529.24
1385 780.152 1067.99
1386 98.2104 1243.35
1387 613.588 1060.67
1388 718.051 180.606
1389 1181.68 1475.45
1390 1145.3 456.716
1391 272.763 647.686
1392 35.4593 61.5672
1393 1151.37 697.66
1394 1217.53 67.42
1395 1210.86 402.392
1396 1349.77 656.895
1397 1030.07 387.547
1398 772.256 1267.18
1399 1068.23 306.558
1400 750.65 1047.81
1401 757.128 649.151
1402 286.322 753.969
1403 219.236 1275.54
1404 419.933 607.64
1405 1479.98 217.436
1406 161.884 106.898
1407 621.436 893.679
1408 1011.49 636.386
1409 380.343 241.974
1410 1418.47 555.066
1411 847.005 750.045
1412 327.691 763.604
1413 417.285 43.3647
1414 1383.34 1236.82
1415 1047.28 284.441
1416 969.363 1325.34
1417 170.008 1354.83
1418 1536.14 888.336
1419 233.228 755.992
1420 642.144 884.176
1421 316.176 603.234
1422 747.529 722.377
1423 527.824 1285.9
1424 974.565 868.715
1425 171.198 202.165
1426 741.809 71.2264
1427 924.705 1494.31
1428 238.287 967.33
1429 527.02 1048.98
1430 1294.17 1068.41
1431 241.147 1263.34
1432 1242.16 1253.56
1433 933.005 941.421
1434 1066.01 1388.45
1435 1218.17 595.054
1436 1392.54 505.981
1437 4.82247 1355.12
1438 391.187 270.484
1439 1485.13 329.677
1440 1037.49 294.038
1441 143.797 246.239
1442 406.697 223.157
1443 598.648 756.702
1444 1043.02 667.212
1445 510.283 1330.16
1446 321.01 885.925
1447 422.676 969.977
1448 124.344 36.594
1449 318.287 298.615
1450 1377.19 593.504
1451 945.25 258.711
1452 1004.3 1524.81
1453 694.533 860.857
1454 639.024 324.476
1455 1458.42 796.913
1456 733.603 1062.6
1457 962.586 1065.49
1458 1406.21 875.467
1459 824.473 1023.41
1460 1258.32 730.471
1461 558.178 795.045
1462 512.316 716.94
1463 1118.71 212.652
1464 338.282 688.677
1465 1467.73 1180.27
1466 712.401 230.59
1467 608.245 1350.01
1468 1040.71 731.076
1469 1531.15 1432
1470 1449.88 734.764
1471 1146.76 1058.25
1472 1128.93 1345.95
1473 837.123 235.639
1474 151.39 76.8856
1475 183.918 908.964
1476 1457.8 877.32
1477 1326.73 776.616
1478 1407.73 1082.61
1479 1288.73 910.453
1480 1473.45 36.1926
1481 585.031 748.012
1482 1104.52 484.148
1483 873.528 443.478
1484 1143.54 1323.89
1485 1162.04 817.039
1486 207.792 1303.58
1487 1087.32 906.269
1488 234.882 796.889
1489 647.479 100.515
1490 303.532 1357.44
1491 523.969 394.78
1492 1068.27 462.919
1493 443.62 1285.99
1494 158.621 398.918
1495 661.342 420.973
1496 318.094 164.531
1497 703.229 983.084
1498 897.559 990.317
1499 310.86 1222.03
1500 917.545 1093.47
1501 1460.4 1221.64
1502 425.653 835.006
1503 868.989 1498.7
1504 1501.39 1333.52
1505 873.682 825.644
1506 541.345 1328.35
1507 71.5069 188.748
1508 331.663 1383.05
1509 1308.45 1406.08
1510 631.5 132.76
1511 796.558 132.003
1512 292.988 1377.33
1513 1485.04 1162.17
1514 1229.63 434.505
1515 736.055 838.778
1516 1231.95 735.237
1517 1494.82 122.878
1518 1210.32 1350.67
1519 14.1837 1443.77
1520 939.388 607.938
1521 945.203 115.976
1522 1210.85 581.911
1523 743.187 282.398
1524 298.189 1038.44
1525 429.01 131.767
1526 1433.97 501.678
1527 544.088 1339.79
1528 496.099 1142.51
1529 109.593 392.558
1530 334.641 127.049
1531 334.641 53.2461
1532 1170.87 297.385
1533 251.811 829.758
1534 97.8702 432.282
1535 1535.01 1079.69
1536 1007.85 341.497
1537 242.494 1189.26
1538 888.61 825.351
1539 558.839 628.528
1540 239.424 690.946
1541 83.525 1487.46
1542 395.974 1050.83
1543 1442.11 1301.64
1544 1445.51 1527.97
1545 769.041 501.31
1546 99.5053 915.569
1547 1539.08 1050.02
1548 369.675 207.896
1549 490.058 705.461
1550 204.482 947.151
1551 79.5837 760.295
1552 558.035 323.304
1553 410.193 363.576
1554 931.681 312.761
1555 559.2 779.642
1556 1326.56 800.34
1557 834.969 204.965
1558 1392.37 981.287
1559 752.399 908.184
1560 1215.5 843.6
1561 4.3024 548.825
1562 94.8812 445.463
1563 1453.75 765.742
1564 1455.34 998.78
1565 1496.38 1541.02
1566 1472.37 1491.65
1567 644.508 144.698
1568 108.789 380.313
1569 112.193 794.535
1570 905.037 590.941
1571 831.686 659.023
1572 1474.73 95.3619
1573 746.726 941.431
1574 1164.66 395.972
1575 1130.07 1294.75
1576 1358.44 1319.37
1577 1000.36 1395.06
1578 443.537 406.326
1579 558.736 496.052
1580 266.418 1093.24
1581 1296.11 301.499
1582 818.82 1442.78
1583 1046.33 708.629
1584 675.382 317.725
1585 1274.6 1033.52
1586 990.922 1505.98
1587 579.53 1143.74
1588 185.854 195.367
1589 130.443 213.607
1590 717.406 1294.65
1591 1067.12 82.5965
1592 1071.96 430.334
1593 673.285 1133.42
1594 648.993 1448.73
1595 832.067 1462.11
1596 1406.27 1399.19
1597 169.212 131.814
1598 1495.35 1539.5
1599 365.136 1270.73
1600 796.742 165.099
1601 1323.65 907.957
1602 644.746 1166.85
1603 1497.04 932.296
1604 386.622 1327.46
1605 148.645 1252.8
1606 541.924 53.6145
1607 750.366 1235.07
1608 1368.73 947.945
1609 369.989 881.14
1610 621.436 1437.47
1611 1139.05 322.774
1612 555.86 1078.25
1613 144.721 874.484
1614 1256.11 23.7814
1615 322.396 1472.8
1616 1509.29 319.049
1617 448.158 985.769
1618 895.421 285.566
1619 21.3229 645.028
1620 1025.11 408.964
1621 659.015 662.9
1622 18.0606 527.786
1623 567.302 1471.85
1624 905.51 569.959
1625 83.7442 273.935
1626 701.196 1119.01
1627 255.307 322.68
1628 1471.51 706.785
1629 684.27 1524.49
1630 962.263 78.7108
1631 1069.12 946.206
1632 547.476 42.4192
1633 160.987 473.193
1634 341.744 266.087
1635 1002.72 1278.76
1636 943.312 773.354
1637 204.387 1055.51
1638 959.434 1480.79
1639 119.852 548.626
1640 1084.65 1405.71
1641 1403.15 1300.13
1642 4.34967 788.483
1643 53.3333 868.469
1644 410.193 1461.5
1645 526.878 861.33
1646 839.377 857.406
1647 911.777 1014.73
1648 141.601 1225.72
1649 281.606 56.2148
1650 235.511 968.805
1651 1156.12 1257.72
1652 1198.89 513.347
1653 1112.93 1263.16
1654 381.826 327.654
1655 1546.89 1416.49
1656 406.234 625.039
1657 425.559 1541.11
1658 787.197 571.614
1659 653.066 443.677
1660 655.69 586.355
1661 224.434 244.386
1662 910.122 896.232
1663 967.613 430.098
1664 211.006 887.192
1665 69.948 1374.79
1666 1433.12 220.888
1667 65.5288 1170.17
1668 807.054 384.294
1669 656.848 263.25
1670 1460.97 1344.67
1671 419.602 101.272
1672 1026.74 585.419
1673 1049.34 718.878
1674 1409.58 1250.96
1675 1430.71 146.754
1676 698.049 1472.14
1677 1104.57 850.135
1678 79.9607 519.654
1679 166.471 1238.76
1680 1017.59 867.061
1681 405.375 1088.39
1682 283.864 342.703
1683 1083.57 1506.08
1684 122.784 273.188
1685 296.534 715.153
1686 1504.71 695.296
1687 1246.44 1014.86
1688 1119.19 1204.53
1689 831.802 532.788
1690 24.1123 17.3987
1691 534.993 8.99286
1692 463.76 799.489
1693 170.888 990.175
1694 307.648 570.091
1695 1103.08 63.0703
1696 1375.81 1163.4
1697 679.836 1240.99
1698 794.383 1502.43
1699 773.675 1529.36
1700 261.843 738.698
1701 480.734 216.028
1702 789.764 1233.33
1703 1426.11 291.06
1704 130.218 671.126
1705 1488.16 647.534
1706 607.205 419.422
1707 101.899 78.7197
1708 120.042 1113.29
1709 428.682 707.839
1710 1258.33 1085.35
1711 1009.6 386.672
1712 1125.05 563.472
1713 1469.06 672.639
1714 23.1667 1268.41
1715 584.183 201.882
1716 308.638 1031.45
1717 710.703 122.368
1718 1099.19 315.787
1719 1496.95 1324.78
1720 274.691 1146.23
1721 679.081 767.339
1722 573.318 749.998
1723 1381.63 1434.87
1724 603.898 914.094
1725 498.693 468.488
1726 395.773 549.156
1727 302.929 401.21
1728 1295.07 235.521
1729 322.727 233.379
1730 1488.91 819.498
1731 1471.37 435.109
1732 1031.44 363.671
1733 93.6992 369.108
1734 509.243 1454.98
1735 1102.45 104.865
1736 292.225 1200.94
1737 122.609 443.535
1738 795.754 262.493
1739 670.627 1503.76
1740 1200.18 399.697
1741 951.349 533.318
1742 529.254 371.377
1743 981.703 1491.21
1744 780.577 591.319
1745 247.405 1437.01
1746 892.933 855.808
1747 1380.88 75.8927
1748 325.972 876.422
1749 430.904 339.001
1750 1453.22 1369.78
1751 594.109 1100.14
1752 898.917 1235.84
1753 576.426 252.353
1754 186.043 444.542
1755 1131.1 1268.45
1756 943.777 1227.23
1757 1025.87 1197.46
1758 1276.2 176.692
1759 701.101 256.725
1760 0.756465 911.068
1761 221.078 140.608
1762 1387.95 468.063
1763 1279.75 389.532
1764 745.727 457.529
1765 1430.76 466.749
1766 966.621 1177.49
1767 724.977 1384.12
1768 416.812 1096.45
1769 206.328 710.52
1770 1031.97 491.381
1771 806.817 834.948
1772 58.1533 490.237
1773 688.492 1010.5
1774 986.383 677.178
1775 1108.52 324.108
1776 1390.74 846.957
1777 83.0614 537.989
1778 1428.83 1538.19
1779 806.242 634.684
1780 1215.78 647.014
1781 921.327 1035.55
1782 932.695 344.428
1783 888.988 95.5136
1784 986.525 1147.95
1785 1275.73 976.795
1786 1358.87 626.211
1787 1285.85 286.677
1788 285.285 1464.99
1789 848.234 755.567
1790 564.228 367.241
1791 1064.45 152.097
1792 123.541 226.193
1793 523.93 1531.52
1794 741.856 426.883
1795 29.1817 551.038
1796 1176.4 1194.66
1797 1117.44 977.589
1798 1219.19 536.107
1799 554.253 119.768
1800 46.9954 1383.24
1801 236.692 1540.64
1802 1141.98 795.92
1803 30.5423 299.655
1804 9.12486 816.935
1805 624.7 663.325
1806 652.546 89.5564
1807 39.6671 1420.69
1808 1488.87 21.1909
1809 1264.62 752.305
1810 767.995 1128.32
1811 1080.37 926.386
1812 582.055 1240.46
1813 1104.78 511.995
1814 1050.26 1159.78
1815 1067.14 357.44
1816 136.791 1412.38
1817 696.754 647.795
1818 244.521 333.885
1819 629.144 1090.54
1820 168.816 1318.33
1821 238.996 1173.8
1822 1251.76 800.009
1823 450.06 308.553
1824 534.066 67.1836
1825 454.553 1465.13
1826 169.734 1170.7
1827 432.258 941.137
1828 252.984 293.424
1829 1439.62 514.869
1830 1199.99 1021.8
1831 1063.07 666.493
1832 1384.66 50.7876
1833 604.144 93.8588
1834 1192.05 1217.72
1835 386.885 554.394
1836 1300.46 878.644
1837 324.689 1505.33
1838 1127.56 475.023
1839 783.226 1416.43
1840 196.823 916.316
1841 339.369 1411.82
1842 815.706 50.0685
1843 950.546 1530.72
1844 94.8536 388.88
1845 250.106 662.474
1846 1210.58 1505.23
1847 578.932 815.527
1848 950.12 195.745
1849 121.176 1067.38
1850 908.186 376.351
1851 1499.22 1084.82
1852 198.952 719.361
1853 1260.05 236.064
1854 459.715 1362.58
1855 1235.52 434.778
1856 1041.56 1173.55
1857 164.957 105.3
1858 1493.55 602.392
1859 577.686 574.356
1860 224.01 323.682
1861 133.301 479.363
1862 1345.32 750.319
1863 370.198 1336.4
1864 734.956 598.128
1865 545.356 844.782
1866 616.094 1410.11
1867 940.806 970.507
1868 379.982 374.167
1869 506.692 853.576
1870 1019.72 123.02
1871 609.061 1254.79
1872 925.064 1292.75
1873 364.853 908.335
1874 574.157 504.856
1875 834.617 1106.57
1876 493.822 818.164
1877 115.731 178.573
1878 788.465 205.144
1879 588.078 419.885
1880 1063.04 808.671
1881 4.86974 1094.77
1882 398.394 1463.72
1883 1173.62 1028.19
1884 467.354 140.182
1885 905.158 148.513
1886 9.12486 233.096
1887 13.9 1097.11
1888 721.849 770.517
1889 762.422 409.508
1890 1297.24 626.211
1891 1014.59 177.155
1892 1464.23 109.924
1893 1184.97 179.708
1894 142.925 685.263
1895 826.45 2.55307
1896 1489.48 485.651
1897 692.828 1188.26
1898 776.606 1078.15
1899 246.797 33.2613
1900 278.757 1523.57
1901 593.356 818.921
1902 536.26 170.346
1903 1215.54 1403.86
1904 991.442 523.058
1905 1123.11 1135.36
1906 142.351 694.53
1907 39.3835 144.201
1908 1337.34 1128.6
1909 826.233 1475.3
1910 357.004 878.691
1911 951.775 1272.53
1912 720.722 202.402
1913 1036.95 1081.98
1914 990.319 13.8153
1915 187.057 1446.55
1916 254.598 15.1864
1917 245.567 1286.91
1918 1374.93 704.955
1919 857.56 253.558
1920 1119.8 645.548
1921 1280.19 886.682
1922 1020.71 1024.5
1923 1493.31 994.052
1924 1061.63 1425.04
1925 1472.74 245.946
1926 439.073 1204.95
1927 1378.04 1327.6
1928 340.856 944.825
1929 152.901 1011.49
1930 910.217 1473.62
1931 466.438 118.16
1932 283.894 37.445
1933 612.028 1315.17
1934 194.601 469.528
1935 140.553 737.232
1936 1391.05 1281.83
1937 193.621 923.029
1938 1370.95 465.898
1939 585.885 486.36
1940 217.649 600.029
1941 1055.58 142.31
1942 333.081 1481.59
1943 684.554 1083.22
1944 856.649 1531.75
1945 1380.95 1262.93
1946 532.28 536.192
1947 926.433 757.421
1948 381.731 513.782
1949 489.161 770.176
1950 545.329 405.796
1951 1482.51 324.25
1952 863.694 814.203
1953 773.081 1252.95
1954 727.504 1206.38
1955 346.851 796.426
1956 44.9164 1171.16
1957 153.262 1525.14
1958 1525.91 238.391
1959 354.605 1304.2
1960 914.285 129.214
1961 1410.62 937.507
1962 1395.96 1509.68
1963 97.0008 52.7733
1964 1189.16 712.222
1965 790.886 1298.39
1966 141.963 1546.04
1967 800.907 185.58
1968 1187.56 1072.16
1969 822.792 96.0809
1970 1506.78 765.637
1971 601.437 225.616
1972 993.05 711.323
1973 712.07 1049.93
1974 1295.13 1496.43
1975 1373.22 191.49
1976 377.668 851.591
1977 54.694 331.19
1978 949.225 1401.54
1979 301.746 518.273
1980 1192.45 522.16
1981 863.41 1048.85
1982 827.528 650.821
1983 1236.91 269.396
1984 696.216 79.1077
1985 1251.38 452.471
1986 928.088 749.256
1987 761.288 290.871
1988 554.122 225.2
1989 800.056 463.477
1990 495.629 1415.91
1991 402.487 207.366
1992 1492.98 1004.41
1993 439.128 1174.13
1994 1401.49 1317.72
1995 717.983 26.2399
1996 1408.02 654.541
1997 499.645 1344.77
1998 526.409 947.388
1999 1086.43 550.811
2000 44.1323 201.645
2001 1058.25 1547.93
2002 1176.61 689.339
2003 1148.26 550.139
2004 1367.97 534.206
2005 1097.87 1403.68
2006 664.366 540.457
2007 671.505 1265.24
2008 363.361 324.524
2009 253.321 937.743
2010 865.112 68.5172
2011 128.126 77.4431
2012 259.28 1121.03
2013 181.363 1386.36
2014 1363.79 1237.35
2015 148.173 1086.06
2016 1063.31 341.426
2017 265.188 998.733
2018 1254.31 680.181
2019 81.2464 14.9973
2020 216.446 1484.33
2021 1169.14 149.175
2022 5.81533 174.706
2023 380.266 1446.7
2024 1101.6 61.8981
2025 539.454 1535.25
2026 1466.65 1087.51
2027 187.509 692.497
2028 782.09 46.1542
2029 1118.25 647.25
2030 1118.18 949.988
2031 1319 737.932
2032 772.02 1343.44
2033 1437.32 268.46
2034 1350.33 1225.34
2035 1298.05 837.218
2036 53.5672 641.128
2037 1453.79 329.63
2038 558.271 1115.81
2039 663.206 314.794
2040 987.896 1118.01
2041 1.56021 1131.73
2042 649.567 65.6332
2043 1542.34 864.791
2044 584.427 174.791
2045 399.691 827.147
2046 1462.11 288.875
2047 157.25 774.999
2048 884.3 1378.94
2049 148.999 1276.44
2050 1239.66 1104.64
2051 873.765 1356.98
2052 1480.4 1386.71
2053 1141.88 1174.63
2054 1407.59 1419.28
2055 323.806 1197.64
2056 42.165 1258.34
2057 794.764 392.299
2058 2.17484 719.503
2059 751.123 581.013
2060 93.1515 790.79
2061 1295.73 1109.07
2062 138.386 981.287
2063 864.309 1521.92
2064 1397.81 784.606
2065 339.038 423.904
2066 885.915 1447.36
2067 1537.2 966.762
2068 139.58 1011.55
2069 202.413 68.0917
2070 1056.51 1320.94
2071 1514.98 1250.86
2072 1023.78 924.731
2073 799.037 119.332
2074 1173.32 1537.33
2075 47.9883 1501.77
2076 1092.14 1379.94
2077 37.8153 1177.2
2078 607.161 1443.22
2079 63.7322 1224.72
2080 154.862 202.307
2081 392.889 666.092
2082 123.203 1318.15
2083 1549.14 855.336
2084 1016.45 213.134
2085 755.189 1511.44
2086 1039.23 109.508
2087 402.581 655.771
2088 371 1022.99
2089 715.994 1161.37
2090 800.228 813.777
2091 1034.23 1192.06
2092 22.8358 99.948
2093 1163.18 1436.86
2094 1124.32 11.4415
2095 1408.25 93.8962
2096 159.565 1039.9
2097 638.693 1203.88
2098 1093.71 295.646
2099 1379.75 351.378
2100 412.321 490.284
2101 1312.89 279.429
2102 1375.16 349.686
2103 1457.85 1273.82
2104 674.531 1010.27
2105 752.855 836.708
2106 955.463 1432.33
2107 1438.71 910.335
2108 603.567 1267.03
2109 821.542 982.317
2110 1141.51 1194.88
2111 312.987 1242.65
2112 1304.15 329.913
2113 51.6589 626.306
2114 796.409 1392.14
2115 388.303 800.728
2116 745.716 1452.98
2117 536.192 1170.51
2118 1165.19 217.673
2119 1490.52 608.765
2120 1253.91 921.658
2121 53.4463 125.914
2122 567.065 847.345
2123 553.857 1087.57
2124 221.077 593.447
2125 1515.58 839.166
2126 488.062 333.516
2127 706.444 364.106
2128 145.714 473.547
2129 817.171 22.198
2130 132.287 194.081
2131 945.063 165.429
2132 1533.32 1506.97
2133 1019.15 882.086
2134 53.3781 1066.9
2135 319.086 383.301
2136 125.337 1155.94
2137 220.086 1510.9
2138 1056.64 912.344
2139 1144.3 761.004
2140 531.674 882.369
2141 392.605 1224.96
2142 175.53 1226.18
2143 79.3847 479.032
2144 1449.18 1078.67
2145 847.666 1185.96
2146 493.073 287.031
2147 1293.17 292.988
2148 922.938 411.233
2149 1357.86 949.137
2150 940.298 151.529
2151 1402.3 557.241
2152 491.289 178.583
2153 804.973 802.525
2154 425.751 981.939
2155 348.07 584.417
2156 182.035 142.215
2157 432.367 1268.32
2158 60.7565 849.534
2159 1541.96 665.652
2160 589.192 624.614
2161 882.135 99.3904
2162 1293.13 1294.15
2163 1409.15 118.255
2164 472.397 883.419
2165 1493.88 555.907
2166 1096.29 604.52
2167 1101.74 701.338
2168 899.58 477.954
2169 722.755 1302.64
2170 867.677 622.959
2171 584.164 51.024
2172 1280.52 320.326
2173 510.756 606.411
2174 821.742 367.5
2175 1081.53 241.464
2176 1422.35 1511.37
2177 9.64493 1529.25
2178 1467.4 78.9186
2179 1107.6 81.7554
2180 608.813 1296.96
2181 1158.01 985.816
2182 235.497 1254.12
2183 970.122 1313.52
2184 41.2293 244.055
2185 115.881 1306.85
2186 551.559 1098.13
2187 277.197 911.919
2188 323.2 716.372
2189 645.879 1143.82
2190 874.977 190.96
2191 1160.94 463.581
2192 808.095 625.243
2193 1507.3 1034.76
2194 309.867 471.477
2195 624.746 273.935
2196 1284.49 488.535
2197 1378.33 1023.74
2198 1506.55 499.882
2199 1373.27 1235.41
2200 1295.07 824.982
2201 1270.67 1445.14
2202 114.606 828.576
2203 557.278 554.158
2204 1232.99 791.31
2205 20.7082 1333.98
2206 848.235 481.405
2207 1544.33 1026.44
2208 441.475 1409.21
2209 1389.53 1281.23
2210 1097.42 1389.67
2211 1368.15 1071.96
2212 1536.12 1104.12
2213 567.541 22.5762
2214 363.057 451.998
2215 1284.43 1194.14
2216 1382.34 754.064
2217 1012.24 1063.08
2218 335.918 1133.14
2219 1383.81 630.665
2220 957.685 995.839
2221 1147.27 1134.23
2222 594.299 993.674
2223 849.416 322.831
2224 1102.16 418.619
2225 256.205 962.564
2226 1293.45 788.861
2227 1297.34 79.486
2228 285.707 360.219
2229 220.616 48.1399
2230 304.335 174.46
2231 506.359 770.47
2232 690.7 628.112
2233 297.472 489.632
2234 385.183 1335.4
2235 858.22 1021.81
2236 1374.73 19.5834
2237 870.409 447.743
2238 1133.89 1106.71
2239 413.911 172.569
2240 745.896 496.771
2241 1081.84 1283.21
2242 676.989 1250.82
2243 1294.64 135.171
2244 799.253 771.524
2245 1193.37 156.541
2246 1141.13 522.538
2247 692.969 1338.09
2248 855.148 972.956
2249 1390.6 1090.97
2250 12.3398 1215.89
2251 887.382 647.865
2252 400.022 110.491
2253 745.875 457.151
2254 716.751 1104.02
2255 1248.17 216.784
2256 238.128 681.112
2257 1326.95 1428.63
2258 1088.4 116.117
2259 1115.64 1019.44
2260 856.236 340.088
2261 1209.87 293.178
2262 602.288 1397.63
2263 201.551 608.151
2264 785.542 484.752
2265 912.25 1486.27
2266 1321.02 23.8287
2267 637.322 1060.8
2268 1148.79 130.311
2269 213.93 958.782
2270 33.0966 834.533
2271 1273.08 609.295
2272 872.157 363.822
2273 1217.23 540.646
2274 1300.31 1486.6
2275 128.741 417.758
2276 1392.56 164.295
2277 46.7799 1019.15
2278 634.657 1069.18
2279 1437.99 67.8553
2280 1452.03 1198.01
2281 206.592 1403.73
2282 147.983 816.651
2283 319.937 290.814
2284 331.805 505.281
2285 512.393 546.357
2286 554.442 869.273
2287 1199.23 378.469
2288 1497.66 624.415
2289 823.263 118.255
2290 676.705 1394.99
2291 1301.74 249.563
2292 1453.88 918.453
2293 600.163 1035.22
2294 419.841 1413.83
2295 657.891 8.04728
2296 1227.88 758.167
2297 382.113 405.064
2298 1188.6 205.853
2299 1150.65 1373.85
2300 1278.77 1325.99
2301 378.564 453.085
2302 1235.17 1371.52
2303 987.045 569.203
2304 148.314 378.091
2305 53.8509 415.782
2306 188.94 1294.18
2307 745.496 214.269
2308 662.758 860.063
2309 1448.6 1188.5
2310 257.576 163.066
2311 934.379 778.355
2312 239.799 140.665
2313 1256.44 1365.85
2314 182.97 1359.09
2315 1456.29 1219.43
2316 225.951 865.798
2317 740.91 1214.74
2318 376.483 494.927
2319 758.15 874.862
2320 868.859 1437.58
2321 12.0089 131.814
2322 818.96 1267.36
2323 1430.34 480.271
2324 1093.9 117.961
2325 1200.56 376.271
2326 1366.32 361.59
2327 186.232 344.901
2328 1331.17 1273.94
2329 809.654 422.959
2330 1498.42 1463.29
2331 1343.58 1375.45
2332 758.924 1192.28
2333 1308.35 1006.16
2334 1282.23 952.342
2335 696.941 401.504
2336 64.2548 233.369
2337 1377.71 1466.45
2338 1322.87 554.749
2339 624.509 380.228
2340 316.782 856.281
2341 1363.9 183.774
2342 958.725 654.437
2343 1147.41 1224.2
2344 646.581 641.151
2345 1.27653 623.621
2346 461.68 609.758
2347 327.22 1059.6
2348 779.682 546.381
2349 1389.01 244.669
2350 444.313 53.6243
2351 868.992 734.679
2352 1547.58 944.693
2353 430.807 814.014
2354 1486.83 787.726
2355 786.179 714.198
2356 924.448 702.435
2357 1396.86 815.399
2358 578.98 160.749
2359 521.725 1366.51
2360 998.526 1012.68
2361 913.432 1352.23
2362 569.004 253.085
2363 280.471 811.593
2364 264.716 281.878
2365 183.359 1183.88
2366 809.893 667.108
2367 248.786 1529.06
2368 745.165 1144.45
2369 684.908 1380.42
2370 195.688 260.129
2371 1116.35 1522.06
2372 1452.13 229.067
2373 621.2 910.5
2374 510.567 297.669
2375 323.268 248.65
2376 1459.07 287.268
2377 500.916 1398.05
2378 341.178 845.123
2379 444.896 57.5859
2380 419.176 218.571
2381 483.628 1002.99
2382 1372.68 592.842
2383 517.303 1123.82
2384 534.541 1201.48
2385 698.247 532.372
2386 224.199 458.371
2387 234.364 579.972
2388 694.229 617.947
2389 196.681 1094.24
2390 273.143 569.581
2391 1117.16 482.199
2392 388.256 505.177
2393 1419.08 1051.87
2394 118.928 842.097
2395 372.409 701.442
2396 1306.36 592.17
2397 972.531 1377.82
2398 1195.12 1245.91
2399 608.34 856.517
2400 444.329 790.837
2401 882.889 386.365
2402 158.669 654.626
2403 310.739 530.329
2404 775.965 567.737
2405 276.11 141.091
2406 440.407 858.125
2407 378.894 406.411
2408 936.409 343.303
2409 1194.79 1402.12
2410 1360.5 1397.86
2411 116.448 1371.76
2412 381.448 1299.66
2413 84.6794 885.963
2414 381.072 12.364
2415 527.918 946.3
2416 1095.5 542.537
2417 1547.99 58.2478
2418 44.416 1152.39
2419 1037.92 409.555
2420 202.78 833.294
2421 738.066 220.425
2422 53.0865 1403.35
2423 1541.11 1311.67
2424 210.007 1469.81
2425 1226.37 712.779
2426 1191.28 1184.26
2427 850.314 1287.74
2428 507.446 729.28
2429 233.816 802.761
2430 1395.91 85.8115
2431 540.069 685.225
2432 1150.08 9.1347
2433 99.0497 665.699
2434 499.503 1413.46
2435 142.567 575.065
2436 1138.65 1454.41
2437 509.236 1114.79
2438 605.334 1081.99
2439 1218.33 894.908
2440 667.25 653.16
2441 408.361 1317.11
2442 640.962 1337.38
2443 824.795 995.981
2444 849.889 1261.56
2445 1354.26 1318.68
2446 29.7385 1363.68
2447 1078.15 465.841
2448 842.655 220.888
2449 640.52 394.024
2450 266.796 1119.11
2451 1230.58 630.996
2452 1202.83 645.927
2453 294.975 188.738
2454 1263.05 87.9391
2455 995.272 1450.05
2456 496.147 699.456
2457 684.412 771.831
2458 427.828 1339.94
2459 493.671 1076.92
2460 218.666 1007.29
2461 878.114 610.004
2462 529.858 800.033
2463 1414.45 219.81
2464 1512.74 447.591
2465 111.221 307.938
2466 1363.81 654.248
2467 506.217 269.822
2468 1547.63 629.909
2469 47.4891 728.344
2470 1257.79 788.908
2471 1123.87 1395.59
2472 824.169 891.362
2473 1418.37 1481.63
2474 327.691 1271.85
2475 347.218 1145.15
2476 767.576 1113.61
2477 1080.37 385.655
2478 1503.33 829.511
2479 22.4103 935.653
2480 949.385 276.11
2481 326.076 934.613
2482 706.633 255.033
2483 565.1 286.805
2484 233.949 1153.8
2485 1266.42 1540.22
2486 1033.76 900.723
2487 1275.12 1263.35
2488 315.635 1283.48
2489 345.574 656.811
2490 1312.75 8.94558
2491 177.627 884.649
2492 1315.49 496.478
2493 1275.16 352.182
2494 533.794 234.467
2495 243.819 1064.63
2496 604.144 481.027
2497 1383.89 883.693
2498 348.778 659.487
2499 901.517 668.432
2500 844.16 314.122
2501 489.764 1267.85
2502 876.223 488.676
2503 594.676 1422.72
2504 1383.05 1073.2
2505 1337.81 560.541
2506 315.94 585.882
2507 831.215 1012.07
2508 263.895 628.065
2509 1398.47 393.703
2510 523.474 80.6581
2511 1449.44 957.236
2512 1339.07 142.036
2513 557.838 1464.48
2514 129.734 1308.83
2515 160.08 35.0909
2516 1042.93 95.5037
2517 1544.09 268.12
2518 1269.58 1456.55
2519 1495.77 754.527
2520 1258.33 734.443
2521 1199.47 984.989
2522 163.869 86.8989
2523 240.461 209.777
2524 1290.35 238.344
2525 1382.58 718.311
2526 488.545 1470.34
2527 1480.57 1300.47
2528 327.218 198.856
2529 368.325 1499.08
2530 1419.46 719.077
2531 104.782 107.05
2532 110.113 723.63
2533 295.211 1431.89
2534 1320.39 97.4894
2535 1285 329.498
2536 707.957 1336.93
2537 1401.4 584.71
2538 267.079 1161.22
2539 1094.32 724.694
2540 819.688 1111.82
2541 148.598 846.674
2542 421.351 1496.63
2543 764.172 307.078
2544 1375.44 221.502
2545 1186.56 826.212
2546 1139.76 1424.14
2547 1136.21 188.218
2548 146.376 1033.97
2549 426.695 148.324
2550 807.917 258.059
2551 1242.95 517.375
2552 605.361 234.173
2553 666.532 155.369
2554 424.377 788.01
2555 1037.2 688.762
2556 583.765 688.998
2557 381.873 961.893
2558 587.813 764.607
2559 476.62 427.507
2560 792.539 750.66
2561 207.566 498.095
2562 1216.53 344.664
2563 1096.02 1254.48
2564 1511.13 1041.65
2565 1405.28 126.623
2566 991.253 111.106
2567 588.435 445.794
2568 1027.42 1136.68
2569 284.433 1417.05
2570 702.283 1302.77
2571 205.997 126.59
2572 450.428 307.749
2573 556.758 1326.33
2574 474.918 640.263
2575 1052.62 44.1114
2576 617.419 461.822
2577 1076.28 960.569
2578 159.614 745.601
2579 1139.43 882.748
2580 664.141 505.744
2581 629.568 529.346
2582 1112.71 1122.36
2583 1336.34 67.808
2584 214.931 930.972
2585 360.172 573.552
2586 1234.88 1061.95
2587 82.2589 613.125
2588 384.958 462.068
2589 794.099 739.029
2590 949.931 354.461
2591 427.915 1331.1
2592 1085.78 718.652
2593 785.336 1496.77
2594 1013.47 949.553
2595 1224.06 745.355
2596 1027.8 1335.92
2597 1508.06 1282.36
2598 596.305 1482.02
2599 1298.43 1513.83
2600 579.831 1313.38
2601 1377.48 912.344
2602 1392.13 1433.38
2603 185.996 174.933
2604 262.807 222.968
2605 1282.87 957.506
2606 828.282 1067.52
2607 1062.08 523.332
2608 566.261 806.023
2609 830.173 653.265
2610 1498.37 1115.8
2611 1465.91 434.873
2612 1042.14 676.148
2613 5.48437 575.018
2614 105.577 500.118
2615 1517.09 1146.91
2616 1472.79 1381.16
2617 195.877 361.647
2618 1311.81 581.533
2619 77.3958 946.385
2620 223.961 84.1193
2621 990.792 374.933
2622 1241.81 1526.5
2623 1040.57 189.684
2624 153.893 310.954
2625 434.637 330.15
2626 539.834 646.315
2627 939.388 444.14
2628 981.324 1090.11
2629 254.657 1294.31
2630 33.1426 117.073
2631 929.365 47.2318
2632 173.904 1438.04
2633 923.863 1144.97
2634 471.014 1190.45
2635 1.56021 816.33
2636 371.33 1172.14
2637 469.576 360.55
2638 1368.63 526.169
2639 537.61 389.448
2640 1531.99 1127.7
2641 658.722 948.749
2642 872.945 1237.35
2643 1532.26 975.32
2644 1421.3 279.618
2645 1492.72 419.564
2646 1106.14 844.688
2647 980.106 237.398
2648 463.167 930.358
2649 1209.4 251.903
2650 388.277 260.697
2651 861.975 493.168
2652 1385.21 391.244
2653 841.615 85.8356
2654 839.582 1097.68
2655 461.863 194.884
2656 1150.35 1072.82
2657 106.852 1154.03
2658 192.946 1181.65
2659 786.13 1540.64
2660 564.276 132.155
2661 1425.51 679.032
2662 449.447 28.8973
2663 942.964 321.508
2664 60.7838 1309.3
2665 1102.41 1155.67
2666 999.385 543.426
2667 1288.66 1283.34
2668 176.824 764.455
2669 242.778 76.0346
2670 243.934 1386.04
2671 1504.42 1173.56
2672 92.1942 939.114
2673 5.72077 489.433
2674 1499.22 526.263
2675 824.074 409.428
2676 567.435 1203.49
2677 922.558 1206.89
2678 513.512 572.276
2679 645.17 370.016
2680 406.505 623.053
2681 956.846 597.003
2682 1027.86 542.206
2683 941.064 9.74933
2684 347.778 1317.3
2685 178.868 1435.17
2686 634.58 785.599
2687 338.208 1200.46
2688 2.41123 511.475
2689 317.195 441.218
2690 1191.5 1527.63
2691 296.772 177.911
2692 545.809 528.013
2693 1051.06 317.715
2694 1440.98 321.403
2695 1127.89 715.663
2696 565.6 707.399
2697 1469.12 31.6395
2698 843.364 303.731
2699 107.844 368.077
2700 1392.52 97.4993
2701 450.191 1256.59
2702 965.678 1511.51
2703 193.515 500.874
2704 1548.2 465.746
2705 1175.31 881.481
2706 1308.31 1493.98
2707 536.996 1008.14
2708 570.327 1501.3
2709 1165.48 1037.88
2710 39.2337 412.945
2711 604.049 636.944
2712 1074.61 807.395
2713 1296.93 179.66
2714 641.995 261.264
2715 646.713 1236.26
2716 1093.14 286.095
2717 1118.33 272.668
2718 1499.08 523.153
2719 695.144 1384.53
2720 845.105 1125.39
2721 988.182 1446.18
2722 926.623 1324.2
2723 1213.23 504.95
2724 1103.59 1234.99
2725 224.266 1197.73
2726 1396.99 299.523
2727 612.595 1158.67
2728 1452.22 1335.83
2729 172.521 544.301
2730 1035.13 1487.26
2731 1274.97 1173.42
2732 618.599 959.009
2733 805.666 1424.47
2734 386.601 153.421
2735 330.008 670.985
2736 1457.38 1446.55
2737 88.9792 746.877
2738 1199.69 605.456
2739 990.166 398.468
2740 419.963 1503.72
2741 1232.66 638.267
2742 104.81 322.548
2743 319.086 92.1469
2744 1543.52 729.242
2745 1005.48 358.196
2746 1313.61 667.448
2747 723.748 749.667
2748 634.127 1341.73
2749 682.426 728.108
2750 402.534 721.62
2751 1425.19 197.532
2752 354.594 998.828
2753 413.608 127.843
2754 1.37109 376.767
2755 401.25 1455.5
2756 938.445 193.334
2757 1393.92 1045.44
2758 976.703 1136.87
2759 556.617 1284.24
2760 702.767 1168.98
2761 1489.81 197.731
2762 431.699 647.118
2763 1544 1016.57
2764 220.415 1448.58
2765 896.931 239.374
2766 1441.82 1002.36
2767 1269.74 996.605
2768 1041.27 11.7493
2769 1440.88 246.05
2770 184.767 663.335
2771 1503.1 925.866
2772 1.22926 1330.68
2773 34.6003 1305.1
2774 76.0247 456.81
2775 1007.66 457.482
2776 1312.03 1029.75
2777 982.979 1045.78
2778 1107.61 64.3468
2779 1271.52 479.363
2780 61.1896 1460.83
2781 1110.5 568.304
2782 1289.73 111.437
2783 1433.46 1547.03
2784 683.477 1317.96
2785 543.662 575.292
2786 1085.1 1463.33
2787 1345.04 480.686
2788 1437.77 998.638
2789 1125.03 1286.62
2790 815.328 779.689
2791 873.881 168.644
2792 353.961 1463.86
2793 1195.72 37.0195
2794 1305.28 1245.44
2795 651.269 190.109
2796 695.969 212.378
2797 379.556 184.388
2798 921.385 927.568
2799 330.102 1109.32
2800 544.685 449.776
2801 1264.05 818.306
2802 973.618 1335.73
2803 467.034 74.7009
2804 1284.24 522.018
2805 1455.96 1401.69
2806 1320.08 709.044
2807 1408.77 397.05
2808 1428.77 506.075
2809 1080.42 442.154
2810 956.326 498.605
2811 874.57 793.154
2812 124.867 118.103
2813 900.291 147.048
2814 397.144 916.42
2815 703.013 550.007
2816 1053.94 817.039
2817 566.403 859.675
2818 855.252 704.127
2819 978.251 870.512
2820 7.65921 343.199
2821 1183.86 698.369
2822 833.956 999.385
2823 916.363 1073.58
2824 452.605 747.435
2825 1052.85 787.065
2826 1548.14 1191.29
2827 171.711 1515.92
2828 24.3487 1538.79
2829 1144.02 245.625
2830 1545.89 679.33
2831 1264.86 158.574
2832 287.269 1122.59
2833 1199.57 899.626
2834 103.571 1207.51
2835 524.639 131.341
2836 759.6 812.643
2837 753.297 1160.14
2838 1095.31 1303.07
2839 834.893 295.126
2840 1264.83 84.5921
2841 486.134 843.752
2842 924.071 104.78
2843 1044.98 650.381
2844 1503.76 400.038
2845 440.405 947.614
2846 87.6002 249.88
2847 1111.2 680.109
2848 1336.75 441.36
2849 1277.95 1466.6
2850 926.946 47.3736
2851 1005.22 209.494
2852 1332.79 1282.93
2853 1501.16 535.341
2854 162.262 671.836
2855 1173.51 1192.91
2856 1202.7 1091.4
2857 555.296 244.669
2858 1225.99 194.175
2859 511.039 1303.4
2860 980.19 1219.48
2861 1464.9 69.4057
2862 807.999 159.378
2863 1499.79 217.352
2864 301.073 828.566
2865 328.251 1188.23
2866 46.2691 363.113
2867 701.906 356.73
2868 613.068 619.687
2869 982.565 1082.61
2870 300.509 389.721
2871 1078.39 1515.91
2872 1025.48 1169.26
2873 1321.55 579.429
2874 81.0376 678.465
2875 730.652 196.974
2876 557.091 168.148
2877 1238.48 178.677
2878 749.044 1472.84
2879 779.898 1077.59
2880 252.992 990.175
2881 857.229 1451.09
2882 249.87 450.853
2883 3.02586 902.416
2884 730.178 1433.23
2885 229.114 1358.72
2886 527.447 1493.56
2887 878.75 1370.25
2888 739.059 426.93
2889 638.22 1119.11
2890 479.847 1054.24
2891 1266.27 350.291
2892 1516.19 685.783
2893 491.94 1371.72
2894 1058.34 1370.11
2895 819.433 1540.49
2896 973.712 816.945
2897 269.68 272.138
2898 1073.33 1388.74
2899 128.137 198.866
2900 1389.52 900.298
2901 1350.66 310.671
2902 1083.34 513.271
2903 807.243 549.666
2904 1335.97 205.485
2905 1072.05 1273.47
2906 175.973 172.531
2907 503.144 117.782
2908 46.2218 423.11
2909 964.777 694.35
2910 745.281 908.609
2911 494.068 764.181
2912 1456.57 1421.64
2913 1060.64 1415.69
2914 290.861 1252.42
2915 208.54 889.792
2916 291.428 1136.68
2917 229.114 45.5297
2918 1064.39 332.807
2919 1229.16 1112.68
2920 327.833 1076.89
2921 517.091 923.89
2922 738.5 1503
2923 1478.23 1538.71
2924 876.859 23.545
2925 1491.42 345.705
2926 391.613 891.882
2927 1475.42 898.501
2928 1290.67 1387.56
2929 1384.19 932.495
2930 281.972 971.122
2931 181.552 555.681
2932 1102.83 199.386
2933 1085.76 1007.43
2934 841.238 571.84
2935 457.33 1133.18
2936 982.139 799.641
2937 924.826 900.383
2938 914.644 1332.05
2939 1400.31 307.513
2940 258.002 1341.4
2941 836.084 1421.35
2942 1207.59 302.407
2943 1081.5 22.9875
2944 2.74219 1226.18
2945 1342.02 1358.75
2946 1404.42 574.829
2947 39.6027 1419.22
2948 343.199 279.807
2949 258.278 782.138
2950 85.1969 561.212
2951 333.528 685.547
2952 1062.78 628.16
2953 308.932 1446.69
2954 654.42 410.439
2955 10.8269 770.507
2956 1361.45 1137.68
2957 715.711 1234.5
2958 4.01872 1003.98
2959 1543.78 36.594
2960 1186.52 498.284
2961 1130.56 991.158
2962 339.18 1204.82
2963 526.728 1248.13
2964 319.276 817.512
2965 1164.05 375.349
2966 1371.8 594.062
2967 1255.36 145.147
2968 992.293 1080.57
2969 758.358 201.797
2970 773.864 279.713
2971 1440.69 898.822
2972 1233.44 1482.59
2973 244.794 85.7642
2974 280.743 1094.27
2975 1098.58 1242.78
2976 1101.79 818.164
2977 1526.17 1351.25
2978 219.982 627.167
2979 1087.75 1321.95
2980 38.3919 1193.52
2981 114.927 175.51
2982 999.15 854.626
2983 441.492 86.9935
2984 243.345 773.627
2985 1163.72 204.397
2986 495.437 699.494
2987 1159.83 666.729
2988 217.258 515.2
2989 1010.01 1126.14
2990 10.7796 290.672
2991 1091.48 761.95
2992 1070.35 726.831
2993 495.004 1306.13
2994 1136.92 179.198
2995 160.512 1076.65
2996 1161.66 454.551
2997 1328.35 861.955
2998 1066.05 141.175
2999 375.396 427.025
3000 272.611 560.172
3001 461.964 1440.46
3002 718.274 639.828
3003 1262.82 922.651
3004 1261.35 1131.63
3005 281.861 338.093
3006 219.698 58.2104
3007 270.428 584.133
