1 510.652 607.44
2 79.7994 387.315
3 839.442 386.334
4 817.957 725.913
5 829.615 846.065
6 887.122 171.762
7 460.738 244.518
8 736.894 837.798
9 764.248 725.12
10 670.492 612.11
11 108.128 918.17
12 332.347 857.513
13 309.214 705.867
14 65.7313 405.53
15 866.407 591.911
16 224.921 117.71
17 861.463 270.211
18 853.572 621.815
19 730.552 686.728
20 372.208 551.012
21 509.7 628.502
22 440.535 580.802
23 977.257 24.9031
24 393.179 751.335
25 952.378 874.207
26 648.824 749.046
27 618.922 310.648
28 675.008 407.147
29 794.543 541.276
30 877.852 162.759
31 894.988 520.066
32 775.951 922.381
33 748.985 181.345
34 267.403 489.09
35 26.7342 517.075
36 858.425 965.213
37 594.317 169.307
38 722.862 869.995
39 687.738 663.721
40 255.75 272.657
41 279.773 240.15
42 957.306 160.466
43 292.367 937.991
44 994.295 598.747
45 553.861 227.003
46 557.817 880.907
47 737.558 53.6862
48 915.647 281.843
49 653.938 182.352
50 536.258 921.781
51 955.843 456.893
52 45.5641 880.673
53 649.983 820.86
54 782.901 570.666
55 179.108 945.158
56 40.4065 763.974
57 628.62 153.925
58 822.169 565.508
59 853.483 627.404
60 812.379 722.495
61 134.098 248.512
62 241.558 518.418
63 111.27 177.892
64 270.76 20.2379
65 832.599 204.413
66 249.58 630.451
67 547.105 285.47
68 813.898 434.584
69 247.597 581.896
70 163.06 859.833
71 667.098 876.064
72 605.853 790.389
73 288.271 372.666
74 134.133 80.0095
75 676.742 834.899
76 592.181 377.575
77 806.604 683.035
78 602.527 397.839
79 485.519 393.435
80 219.52 160.44
81 924.064 426.409
82 838.933 640.221
83 920.316 581.687
84 822.538 781.919
85 512.003 899.72
86 893.46 116.672
87 421.308 106.143
88 196.821 986.938
89 391.798 804.533
90 605.412 638.905
91 58.7795 43.0658
92 132.093 983.707
93 146.123 461.623
94 868.679 399.518
95 392.499 566.546
96 347.226 211.314
97 872.114 813.994
98 207.496 741.162
99 224.651 628.58
100 702.994 198.435
101 65.5538 698.569
102 610.034 568.778
103 623.768 866.838
104 663.962 56.6729
105 136.662 40.0708
106 936.674 543.687
107 995.203 227.027
108 787.53 955.325
109 130.406 86.642
110 665.985 284.437
111 543.763 371.37
112 499.04 311.808
113 169.959 692.286
114 599.767 397.412
115 142.843 120.186
116 751.23 697.043
117 142.705 225.929
118 410.865 358.013
119 844.783 691.122
120 268.214 184.271
121 378.139 251.981
122 125.212 562.369
123 302.154 287.027
124 405.988 714.316
125 127.028 889.462
126 824.238 457.753
127 698.906 122.471
128 296.597 108.768
129 541.425 67.9078
130 193.152 582.08
131 933.927 445.143
132 524.951 659.993
133 61.9692 439.745
134 380.383 908.327
135 254.534 701.075
136 89.9075 782.83
137 292.032 421.522
138 176.366 924.013
139 831.7 866.364
140 708.298 593.402
141 373.363 200.1
142 651.082 37.7718
143 129.551 714.408
144 501.208 889.436
145 722.023 975.768
146 239.885 309.035
147 624.226 135.628
148 427.538 472.248
149 703.595 517.899
150 906.674 191.656
151 294.29 274.427
152 478.128 59.4542
153 62.0441 587.909
154 926.27 764.306
155 135.044 902.957
156 728.448 385.087
157 274.081 784.299
158 677.236 640.675
159 220.086 142.465
160 291.177 453.831
161 200.263 176.645
162 137.913 349.467
163 401.013 230.476
164 201.246 497.971
165 250.618 904.786
166 730.936 322.096
167 134.678 448.5
168 722.521 440.107
169 356.184 398.088
170 924.707 601.89
171 423.475 497.334
172 476.669 741.722
173 849.696 788.572
174 412.732 664.24
175 761.437 677.898
176 453.505 471.088
177 961.76 645.989
178 529.832 635.705
179 523.301 430.698
180 397.401 871.887
181 85.8791 477.523
182 524.735 174.78
183 731.437 99.0367
184 543.687 138.89
185 299.448 997.166
186 922.697 384.293
187 6.53096 130.345
188 580.035 263.07
189 925.077 917.604
190 652.075 932.585
191 995.402 364.544
192 722.221 67.4154
193 413.574 483.413
194 408.935 356.796
195 522.843 568.59
196 150.375 865.54
197 533.818 103.798
198 750.36 405.748
199 403.541 55.4563
200 108.707 315.84
201 17.1209 208.106
202 697.165 372.712
203 183.09 303.633
204 328.074 193.766
205 428.388 330.332
206 391.278 739.402
207 338.664 306.925
208 428.968 431.902
209 452.538 241.554
210 404.28 611.381
211 472.077 763.054
212 0.244148 51.088
213 382.178 522.599
214 87.8628 609.139
215 554.965 744.808
216 538.896 923.429
217 551.805 148.106
218 418.989 485.065
219 360.515 35.9203
220 203.057 28.8441
221 320.75 786.92
222 801.294 494.648
223 515.624 841.904
224 154.085 831.416
225 534.44 408.521
226 867.641 251.015
227 330.403 401.379
228 676.28 17.5076
229 274.331 731.071
230 745.506 606.067
231 592.407 533.555
232 139.057 177.333
233 849.21 235.115
234 780.389 813.705
235 645.772 798.395
236 303.842 154.031
237 923.154 238.472
238 611.621 237.648
239 542.344 621.178
240 79.2806 684.046
241 780.908 828.826
242 789.361 99.7345
243 17.365 571.734
244 258.187 528.001
245 380.308 205.206
246 821.295 659.784
247 43.6276 67.4154
248 22.309 237.831
249 76.0844 842.01
250 116.153 541.602
251 796.453 259.289
252 580.584 713.431
253 12.2684 814.942
254 164.251 437.792
255 632.13 13.2756
256 700.583 209.571
257 969.049 304.365
258 103 847.774
259 105.716 433.688
260 647.497 481.948
261 837.916 311.258
262 75.9301 49.1653
263 137.944 770.047
264 769.03 750.271
265 281.604 577.933
266 471.643 602.435
267 264.528 203.314
268 494.502 828.781
269 339.354 145.181
270 285.043 99.1852
271 485.824 687.094
272 933.378 527.421
273 258.583 164.739
274 664.388 62.7461
275 93.2646 212.718
276 891.598 94.3369
277 886.105 860.199
278 701.621 794.977
279 160.056 385.418
280 112.417 359.36
281 137.396 544.389
282 219.886 354.747
283 438.032 272.622
284 262.917 523.488
285 507.92 349.437
286 342.54 969.909
287 191.391 110.42
288 589.984 366.654
289 704.062 846.923
290 398.907 162.82
291 824.124 190.958
292 204.865 413.831
293 906.682 932.941
294 715.196 694.784
295 163.36 792.108
296 593.097 744.045
297 402.778 771.787
298 736.045 902.894
299 150.46 436.995
300 784.821 269.957
301 505.417 73.7022
302 342.998 240.401
303 687.246 942.843
304 326.108 619.251
305 574.358 805.414
306 624.348 649.713
307 625.629 884.762
308 388.897 683.283
309 601.032 330.943
310 0.305185 974.643
311 601.794 452.895
312 600.69 749.413
313 473.648 737.881
314 830.914 719.631
315 885.051 892.758
316 317.16 914.522
317 325.236 429.06
318 453.81 586.535
319 559.032 959.166
320 729.738 760.002
321 628.559 987.976
322 875.027 384.503
323 706.87 145.181
324 216.132 460.738
325 825.037 346.389
326 98.3917 252.449
327 860.134 730.648
328 77.3819 860.626
329 180.65 380.112
330 55.6065 363.449
331 227.18 79.6838
332 620.97 451.922
333 932.976 267.59
334 78.0969 748.44
335 586.566 905.393
336 677.783 678.447
337 731.376 272.744
338 263.972 819.758
339 962.449 100.284
340 776.5 45.5378
341 943.48 269.468
342 763.97 205.512
343 75.9911 287.932
344 117.659 726.341
345 501.785 721.091
346 774.468 295.206
347 223.273 421.43
348 688.79 229.347
349 216.987 867.031
350 440.755 372.295
351 985.376 906.16
352 565.86 488.239
353 323.483 228.584
354 558.764 906.827
355 694.418 298.898
356 117.191 800.745
357 311.802 66.9618
358 814.429 336.131
359 652.595 612.079
360 92.1158 637.064
361 270.119 475.723
362 876.121 335.464
363 556.362 59.3321
364 872.809 997.319
365 319.315 98.6969
366 436.893 394.696
367 482.24 507.039
368 849.156 889.924
369 628.62 310.194
370 643.861 48.4065
371 372.936 499.557
372 191.717 489.857
373 856.014 933.042
374 635.813 981.282
375 402.274 418.352
376 784.319 647.149
377 121.433 475.295
378 853.206 373.17
379 639.882 716.243
380 225.929 605.182
381 461.776 682.245
382 34.8521 937.956
383 389.325 81.7591
384 365.032 813.506
385 834.773 63.7837
386 346.294 669.184
387 443.406 702.628
388 254.036 811.66
389 565.386 683.645
390 83.8038 460.467
391 311.441 127.008
392 408.124 177.652
393 756.706 560.747
394 919.364 538.839
395 872.463 505.543
396 656.732 850.036
397 490.829 204.138
398 773.4 837.611
399 282.266 750.013
400 662.749 543.657
401 641.774 588.916
402 645.4 946.013
403 402.936 552.908
404 251.797 60.6139
405 511.887 296.091
406 789.819 709.881
407 342.862 574.816
408 239.618 880.215
409 110.313 95.9197
410 290.216 766.784
411 711.356 529.984
412 739.433 983.449
413 291.36 213.599
414 476.18 861.843
415 442.702 916.593
416 148.192 930.849
417 708.945 950.102
418 443.413 534.806
419 513.413 461.165
420 58.0767 791.589
421 349.223 275.582
422 120.853 828.063
423 72.3769 274.514
424 879.98 753.166
425 533.659 779.626
426 532.914 657.495
427 752.434 17.7049
428 260.872 679.621
429 780.633 753.872
430 994.348 55.7309
431 516.329 978.214
432 606.861 349.014
433 107.242 9.73956
434 561.785 426.989
435 640.645 247.169
436 469.863 35.5135
437 691.244 161.935
438 539.386 449.416
439 554.521 601.184
440 888.105 733.451
441 151.585 974.761
442 201.544 949.085
443 20.6 17.1514
444 234.718 223.064
445 573.778 254.372
446 751.305 445.713
447 347.331 340.159
448 287.165 957.793
449 179.174 689.952
450 374.022 669.546
451 164.037 451.857
452 327.738 318.491
453 880.001 336.99
454 902.052 28.1381
455 528.275 130.349
456 540.117 508.255
457 366.71 782.468
458 922.5 706.534
459 947.037 67.5721
460 385.266 940.082
461 91.0367 939.883
462 696.371 886.349
463 102.911 537.435
464 865.719 649.922
465 225.122 75.6554
466 644.429 116.036
467 974.69 409.284
468 290.9 986.165
469 277.078 441.485
470 196.783 389.874
471 944.786 798.46
472 785.151 791.715
473 740.257 876.827
474 748.955 941.527
475 165.441 558.367
476 694.479 589.713
477 986.139 841.033
478 151.747 658.716
479 142.338 568.285
480 679.8 554.251
481 156.691 615.864
482 879.452 672.14
483 73.1093 326.151
484 230.417 216.041
485 133.702 189.947
486 420.989 978.576
487 435.936 564.714
488 831.05 130.711
489 860.408 668.62
490 275.643 385.544
491 461.196 790.613
492 564.196 724.631
493 952.788 802.061
494 315.32 847.167
495 344.205 539.872
496 485.155 842.372
497 168.741 672.998
498 12.1464 343.52
499 481.185 382.753
500 744.682 794.061
501 935.331 339.966
502 965.653 690.97
503 836.527 516.923
504 522.965 184.301
505 978.109 614.175
506 981.263 305.979
507 247.683 815.52
508 477.731 981.785
509 698.569 933.063
510 803.186 908.933
511 27.9244 654.687
512 504.257 845.332
513 342.754 185.435
514 942.881 354.538
515 687.277 779.02
516 49.8838 307.657
517 123.386 336.928
518 585.457 364.32
519 706.687 525.747
520 297.651 712.428
521 422.376 731.254
522 999.857 565.482
523 67.6901 145.238
524 931.985 484.542
525 932.92 764.122
526 36.8053 123.132
527 85.141 289.346
528 265.908 714.194
529 964.432 494.679
530 500.091 256.02
531 374.99 703.761
532 545.122 704.093
533 817.988 109.806
534 310.465 310.099
535 869.9 547.258
536 883.45 19.1698
537 534.403 805.811
538 648.366 287.912
539 797.571 429.05
540 823.176 96.5037
541 789.935 754.479
542 211.159 248.394
543 236.702 796.523
544 312.283 502.945
545 911.466 759.64
546 635.586 583.534
547 502.633 191.626
548 243.263 324.813
549 918.349 469.802
550 252.421 42.7564
551 670.034 499.954
552 692.696 353.954
553 185.125 961.124
554 242.221 662.439
555 507.95 159.642
556 400.22 727.46
557 318.519 98.1375
558 772.057 955.504
559 787.713 75.6249
560 759.178 165.048
561 771.54 384.415
562 911.979 539.048
563 565.886 554.892
564 249.185 512.135
565 647.298 789.026
566 434.272 872.494
567 3.17392 95.4355
568 604.053 222.256
569 225.77 603.595
570 9.888 229.534
571 443.495 956.271
572 97.7203 516.347
573 377.3 266.823
574 794.702 399.579
575 572.614 478.565
576 312.815 750.206
577 139.561 213.446
578 75.8403 258.553
579 211.945 834.925
580 455.031 543.234
581 236.408 65.7979
582 650.863 769.127
583 221.636 448.107
584 800.593 462.508
585 175.115 538.749
586 366.232 22.9846
587 240.181 603.508
588 294.87 895.169
589 935.575 515.035
590 913.689 912.564
591 861.629 288.797
592 935.859 982.696
593 805.546 387.677
594 577.154 555.864
595 175.909 125.832
596 70.7256 618.753
597 159.978 167.781
598 251.228 652.337
599 791.453 47.4258
600 604.972 235.45
601 530.839 202.098
602 814.692 46.9111
603 146.813 162.607
604 761.559 26.1585
605 195.868 10.8993
606 352.638 37.9997
607 481.768 442.217
608 870.724 889.071
609 209.693 729.118
610 433.576 694.392
611 728.525 97.5982
612 434.839 587.237
613 432.203 984.527
614 503.769 831.603
615 115.94 371.323
616 247.782 975.62
617 150.151 145.695
618 798.944 512.837
619 182.775 925.962
620 635.008 628.407
621 978.885 177.74
622 289.515 549.394
623 300.221 263.226
624 310.617 481.983
625 678.671 322.184
626 51.6984 780.423
627 954.354 582.415
628 354.503 56.3066
629 700.308 426.649
630 561.846 668.813
631 306.955 583.88
632 511.917 253.121
633 55.2098 377.671
634 40.4981 907.488
635 131.199 30.549
636 716.88 962.828
637 570.018 138.406
638 877.316 225.566
639 523.301 85.3298
640 669.98 318.949
641 348.979 950.289
642 65.2486 991.886
643 10.0711 752.56
644 488.665 143.291
645 866.363 23.6824
646 749.26 599.906
647 183.777 399.365
648 567.023 15.0151
649 800.592 619.225
650 643.942 367.351
651 256.539 38.6364
652 701.163 272.077
653 545.061 895.718
654 820.772 641.682
655 340.739 838.272
656 240.638 74.9881
657 654.049 473.912
658 347.942 14.6551
659 192.724 541.612
660 147.864 961.211
661 224.494 999.363
662 510.645 320.109
663 694.107 88.0806
664 470.046 114.2
665 378.521 303.114
666 594.501 116.825
667 553.439 520.432
668 272.875 441.206
669 68.944 489.399
670 165.349 863.857
671 921.751 824.854
672 498.31 81.336
673 721.955 915.132
674 793.01 491.963
675 495.876 523.026
676 317.24 68.453
677 831.371 540.941
678 403.976 820.215
679 769.266 298.567
680 470.229 561.052
681 282.754 564.837
682 218.146 857.818
683 25.0252 792.932
684 601.353 299.966
685 513.504 350.143
686 77.061 506.943
687 590.1 389.08
688 246.04 308.363
689 867.153 52.848
690 32.2275 472.05
691 896.451 804.987
692 678.213 602.161
693 752.168 231.758
694 57.1935 194.525
695 98.1209 490.005
696 572.346 940.336
697 743.799 387.463
698 946.923 236.492
699 508.802 289.651
700 94.2272 401.2
701 790.714 134.53
702 826.96 867.183
703 162.267 786.283
704 714.563 724.819
705 396.588 454.634
706 419.599 771.081
707 33.9061 684.835
708 348.089 684.5
709 649.068 952.7
710 172.857 340.495
711 389.264 692.465
712 449.493 305.307
713 225.885 313.608
714 54.2314 77.6738
715 219.361 796.842
716 295.938 987.064
717 760.266 481.617
718 408.368 508.347
719 904.86 375.561
720 901.1 193.919
721 97.232 569.994
722 50.1132 344.493
723 610.677 915.25
724 583.666 103.641
725 769.427 724.788
726 906.76 81.2444
727 723.228 855.804
728 682.058 424.791
729 305.002 651.723
730 557.608 761.773
731 573.412 507.313
732 958.586 738.399
733 895.474 208.995
734 762.702 818.995
735 455.611 645.898
736 298.657 277.352
737 882.879 205.851
738 497.818 789.758
739 534.586 105.258
740 906.095 563.982
741 222.083 331.828
742 81.2207 861.141
743 475.954 444.868
744 796.655 268.628
745 340.127 347.758
746 238.227 182.078
747 800.562 148.904
748 420.294 200.964
749 736.627 637.902
750 53.4074 954.039
751 233.558 927.309
752 149.846 932.34
753 63.1603 920.072
754 594.236 335.219
755 936.186 397.019
756 542.314 857.204
757 316.874 168.706
758 996.275 985.199
759 857.983 55.7573
760 194.525 389.268
761 62.0616 844.111
762 363.567 575.64
763 497.607 40.315
764 265.361 741.966
765 738.548 214.393
766 493.257 900.235
767 105.703 945.982
768 887.234 142.033
769 914.06 443.56
770 784.906 610.055
771 813.733 699.702
772 987.346 842.433
773 317.454 539.205
774 555.62 62.1357
775 436.614 326.644
776 871.724 503.651
777 128.141 734.977
778 893.521 901.429
779 7.04978 717.551
780 957.305 700.705
781 2.472 463.092
782 895.835 8.824
783 320.627 98.64
784 739.969 3.35704
785 400.983 28.016
786 796.017 280.77
787 895.53 97.0489
788 779.018 352.794
789 371.603 629.967
790 973.802 321.329
791 361.248 111.732
792 447.768 698.752
793 342.357 508.927
794 759.392 225.074
795 702.149 189.066
796 696.48 541.175
797 526.051 130.41
798 9.67437 541.673
799 775.34 406.079
800 466.096 218.211
801 315.012 705.985
802 449.738 754.051
803 585.345 193.335
804 540.999 4.05896
805 660.512 340.068
806 342.448 67.5375
807 927.946 291.822
808 423.261 871.582
809 370.739 643.086
810 842.891 447.249
811 911.863 981.54
812 126.041 597.892
813 34.4554 12.7935
814 766.642 706.168
815 530.162 489.608
816 393.141 990.173
817 375.713 888.485
818 741.997 313.643
819 198.487 287.423
820 706.687 82.0032
821 80.4539 815.912
822 201.727 409.44
823 620.886 25.5135
824 602.01 840.209
825 300.699 364.116
826 639.027 88.1375
827 442.116 143.468
828 176.611 966.033
829 509.476 882.015
830 451.888 145.573
831 144.11 501.24
832 714.286 459.369
833 715.781 179.846
834 655.814 418.169
835 677.45 860.29
836 826.299 203.196
837 8.94192 778.069
838 59.7718 704.951
839 761.186 673.238
840 107.944 747.917
841 460.036 412.706
842 897.94 235.546
843 369.054 883.938
844 605.506 990.417
845 567.143 638.691
846 678.61 286.97
847 558.498 264.473
848 568.157 244.301
849 770.372 845.275
850 530.076 981.658
851 468.15 383.557
852 190.804 700.343
853 785.852 558.89
854 908.048 217.082
855 93.8749 340.434
856 213.992 905.789
857 228.242 671.316
858 76.5884 250.16
859 451.491 753.38
860 902.819 975.3
861 412.002 429.247
862 28.9315 567.984
863 595.906 957.553
864 93.112 876.496
865 266.213 472.766
866 132.147 320.505
867 809.381 368.118
868 945.199 639.245
869 423.675 962.924
870 205.049 638.39
871 470.553 188.548
872 711.966 565.329
873 198.706 363.842
874 444.382 630.146
875 810.146 481.678
876 354.717 612.14
877 453.792 13.0681
878 252.146 662.832
879 749.403 32.8584
880 929.014 494.827
881 814.905 244.453
882 564.867 9.12918
883 849.879 843.749
884 997.72 784.025
885 736.991 617.603
886 86.1167 316.996
887 837.689 383.225
888 736.97 485
889 75.5333 219.275
890 103.671 419.359
891 136.282 266.854
892 201.025 33.2347
893 656.425 427.87
894 978.967 932.402
895 454.665 480.88
896 421.198 847.625
897 861.014 129.891
898 889.92 823.898
899 54.4755 177.923
900 282.754 818.018
901 288.339 136.178
902 434.095 672.632
903 622.944 969.119
904 227.149 839.05
905 650.349 405.839
906 638.478 631.062
907 496.683 461.536
908 310.801 951.445
909 944.029 918.699
910 733.011 880.571
911 575.962 115.974
912 104.319 432.773
913 539.995 506.123
914 451.805 654.474
915 810.453 111.545
916 637.165 265.877
917 430.952 26.3111
918 106.54 877.407
919 936.125 71.9626
920 395.276 803.831
921 577.441 695.791
922 856.312 286.359
923 185.944 18.8036
924 618.559 59.8815
925 567.217 962.584
926 907.346 386.303
927 302.713 297.006
928 622.434 225.623
929 711.692 806.848
930 30.7627 480.182
931 846.533 536.245
932 566.332 483.963
933 106.466 91.2545
934 36.5852 159.372
935 800.836 223.583
936 415.174 348.003
937 248.451 460.651
938 50.8744 303.201
939 952.391 881.588
940 798.029 360.062
941 478.439 402.787
942 929.533 401.013
943 636.067 201.605
944 50.5997 663.568
945 527.787 446.842
946 41.8104 721.675
947 100.163 611.438
948 759.453 764.977
949 152.501 202.979
950 941.33 742.821
951 783.778 863.399
952 320.801 77.7306
953 417.518 440.112
954 158.029 703.818
955 742.395 14.6489
956 200.175 642.933
957 832.362 574.236
958 134.138 402.33
959 414.131 131.687
960 772.362 941.805
961 282.68 866.272
962 956.816 98.7315
963 618.872 884.304
964 160.1 286.024
965 578.326 89.9991
966 452.956 346.42
967 471.053 932.157
968 333.385 501.027
969 744.743 420.27
970 526.484 711.875
971 255.009 481.83
972 945.494 41.0515
973 996.844 654.535
974 415.456 328.257
975 913.114 176.798
976 215.155 904.268
977 61.3117 41.0068
978 694.565 903.718
979 199.54 509.72
980 956.297 445.941
981 369.854 473.891
982 114.383 683.375
983 848.598 537.679
984 177.49 581.5
985 83.9822 599.506
986 884.206 975.829
987 207.16 297.271
988 225.532 100.253
989 507.035 131.779
990 542.894 778.161
991 905.051 408.368
992 308.267 156.102
993 656.087 986.912
994 880.728 177.74
995 26.8258 414.167
996 531.053 324.172
997 6.71407 818.812
998 874.891 11.2308
999 78.3209 449.049
1000 827.443 319.96
1001 124.088 778.531
1002 648.565 517.14
1003 944.09 953.189
1004 821.558 970.096
1005 954.301 427.046
1006 338.582 719.779
1007 277.85 410.993
1008 21.5155 645.471
1009 937.498 861.222
1010 192.602 88.3206
1011 726.794 788.053
1012 947.172 116.646
1013 252.687 149.667
1014 532.609 814.57
1015 703.689 163.457
1016 407.638 174.997
1017 52.8293 977.294
1018 37.8901 447.802
1019 935.087 955.138
1020 849.727 866.76
1021 349.736 609.119
1022 992.945 127.628
1023 699.883 438.128
1024 438.673 356.822
1025 861.202 62.685
1026 666.274 727.47
1027 293.78 652.821
1028 481.057 917.299
1029 814.952 98.9757
1030 789.478 993.87
1031 43.917 594.871
1032 976.014 23.7781
1033 704.123 174.082
1034 91.2503 294.198
1035 770.196 503.193
1036 513.901 611.473
1037 770.793 146.367
1038 802.211 933.077
1039 609.973 796.838
1040 260.607 372.692
1041 964.263 90.0643
1042 994.989 348.796
1043 333.934 496.963
1044 365.057 262.402
1045 575.091 769.711
1046 51.1834 777.449
1047 644.307 927.37
1048 992.846 516.648
1049 222.419 200.389
1050 339.946 298.139
1051 265.369 14.2216
1052 536.051 45.3547
1053 230.775 260.083
1054 420.44 628.258
1055 866.468 561.911
1056 269.814 775.235
1057 90.4263 61.6779
1058 927.152 152.196
1059 395.428 997.563
1060 60.1215 372.224
1061 544.725 35.7413
1062 13.6723 194.071
1063 654.683 141.671
1064 811.792 471.236
1065 490.167 155.126
1066 606.769 81.9463
1067 360.364 194.037
1068 280.618 951.404
1069 190.033 549.394
1070 438.682 730.77
1071 233.369 177.913
1072 335.002 164.133
1073 127.806 715.384
1074 46.3668 141.545
1075 807.947 467.944
1076 922.819 689.784
1077 187.66 495.96
1078 387.686 370.586
1079 254.799 663.533
1080 545.03 462.508
1081 196.846 756.192
1082 702.897 460.921
1083 895.993 1.80059
1084 50.7867 387.921
1085 678.213 681.849
1086 80.1111 27.5624
1087 194.22 232.738
1088 667.128 757.866
1089 2.1363 918.062
1090 56.4379 997.746
1091 344.685 280.953
1092 278.063 692.103
1093 319.193 918.963
1094 448.042 421.953
1095 546.312 168.619
1096 697.439 249.737
1097 14.4963 726.554
1098 99.6669 926.577
1099 691.61 225.658
1100 444.411 235.393
1101 843.198 418.871
1102 908.637 273.904
1103 614.904 813.837
1104 410.108 93.8444
1105 883.969 152.196
1106 260.262 973.941
1107 578.753 558.34
1108 710.694 629.113
1109 356.761 178.198
1110 9.79644 965.518
1111 524.485 992.222
1112 549.595 870.174
1113 960.631 464.282
1114 585.864 349.223
1115 429.74 226.268
1116 520.707 304.758
1117 889.601 815.851
1118 319.254 327.677
1119 761.681 893.556
1120 712.302 758.572
1121 440.971 949.404
1122 11.3224 666.956
1123 583.577 99.5209
1124 777.642 34.5511
1125 511.002 753.685
1126 939.451 964.08
1127 421.4 903.928
1128 865.23 217.449
1129 828.73 641.255
1130 452.515 901.857
1131 353.404 549.978
1132 305.857 484.115
1133 285.775 783.872
1134 389.135 455.458
1135 914.9 832.58
1136 953.049 779.656
1137 920.226 682.424
1138 635.701 571.978
1139 600.391 600.269
1140 45.2589 744.926
1141 132.664 913.968
1142 698.311 494.251
1143 642.354 977.543
1144 405.646 100.624
1145 233.24 321.635
1146 249.214 929.991
1147 580.859 192.484
1148 162.694 305.307
1149 266.335 127.602
1150 545.732 206.488
1151 799.768 0.976592
1152 903.562 733.94
1153 943.876 470.046
1154 64.6714 743.435
1155 959.533 552.202
1156 871.822 245.129
1157 741.739 660.024
1158 201.941 651.788
1159 885.342 833.216
1160 681.388 906.339
1161 928.167 515.631
1162 973.266 455.707
1163 549.364 598.228
1164 456.064 964.599
1165 598.996 275.033
1166 369.701 14.8015
1167 993.005 543.539
1168 491.806 941.862
1169 999.658 386.674
1170 608.753 65.7369
1171 977.868 811.278
1172 922.605 226.879
1173 841.221 793.455
1174 407.971 419.847
1175 633.474 202.795
1176 325.573 873.867
1177 800.822 733.268
1178 234.138 715.781
1179 992.753 431.688
1180 892.056 296.884
1181 339.314 8.94607
1182 17.8228 947.569
1183 827.326 749.691
1184 750.908 137.7
1185 831.852 583.488
1186 640.455 490.005
1187 779.345 194.254
1188 604.877 755.73
1189 347.056 908.723
1190 164.129 815.882
1191 825.916 870.296
1192 65.8589 411.668
1193 997.682 877.106
1194 294.543 153.935
1195 625.624 823.786
1196 279.055 884.487
1197 701.407 124.886
1198 655.141 370.377
1199 314.188 929.445
1200 322.123 950.228
1201 925.26 720.455
1202 60.7929 585.563
1203 380.79 78.7988
1204 792.003 242.714
1205 464.278 655.114
1206 475.944 372.112
1207 153.479 650.232
1208 839.581 844.146
1209 161.75 128.548
1210 122.548 228.95
1211 337.833 411.634
1212 19.8981 75.6554
1213 348.019 59.4847
1214 335.704 410.203
1215 458.602 804.437
1216 302.866 115.913
1217 536.515 720.149
1218 776.85 99.3988
1219 458.406 554.094
1220 142.308 606.769
1221 23.1025 889.157
1222 927.185 999.638
1223 749.691 198.859
1224 320.597 428.392
1225 656.249 875.977
1226 508.316 705.378
1227 993.119 200.419
1228 723.533 162.851
1229 501.893 163.64
1230 789.356 583.85
1231 500.841 310.774
1232 659.339 386.395
1233 152.654 965.945
1234 196.814 778.314
1235 480.629 850.887
1236 519.549 330.241
1237 39.7822 503.834
1238 245.667 839.9
1239 459.456 106.082
1240 195.624 133.919
1241 567.302 800.47
1242 642.233 540.182
1243 865.261 306.837
1244 228.797 429.518
1245 897.238 431.135
1246 721.213 65.8936
1247 360.485 401.994
1248 381.665 932.284
1249 74.221 194.891
1250 111.638 816.98
1251 965.514 141.453
1252 514.33 190.226
1253 242.012 391.736
1254 431.519 691.889
1255 268.075 541.307
1256 164.098 179.968
1257 34.6856 293.405
1258 986.192 66.9923
